4200,'DI',620,,57252,4327,,,1,100,,57253,4327,,,1,100,,57254,4327,,,1,100,,57255,4327,,,1,100,,57256,4327,,,1,101,,57257,4327,,,1,100,,57258,4327,,,1,100,,57259,4327,,,1,100,,57260,4327,,,1,100,,57261,4327,,,1,100,,57262,4327,,,1,100,,57263,4327,,,1,100,,57264,4327,,,1,100,,57265,4327,,,1,99,,57266,4327,,,1,100,,57267,4327,,,1,100,,57268,4327,,,1,100,,57269,4327,,,1,100,,57270,4327,,,1,100,,57271,4327,,,1
4200,'F1',620,,57272,4327,,,1,100,,57273,4327,,,1,100,,57274,4327,,,1,100,,57275,4327,,,1,100,,57276,4327,,,1,101,,57277,4327,,,1,100,,57278,4327,,,1,100,,57279,4327,,,1,100,,57280,4327,,,1,100,,57281,4327,,,1,100,,57282,4327,,,1,100,,57283,4327,,,1,100,,57284,4327,,,1,100,,57285,4327,,,1,99,,57286,4327,,,1,100,,57287,4327,,,1,100,,57288,4327,,,1,100,,57289,4327,,,1,100,,57290,4327,,,1,100,,57291,4327,,,1
4200,'F2',620,,57292,4327,,,1,100,,57293,4327,,,1,100,,57294,4327,,,1,100,,57295,4327,,,1,100,,57296,4327,,,1,101,,57297,4327,,,1,100,,57298,4327,,,1,100,,57299,4327,,,1,100,,57300,4327,,,1,100,,57301,4327,,,1,100,,57302,4327,,,1,100,,57303,4327,,,1,100,,57304,4327,,,1,100,,57305,4327,,,1,99,,57306,4327,,,1,100,,57307,4327,,,1,100,,57308,4327,,,1,100,,57309,4327,,,1,100,,57310,4327,,,1,100,,57311,4327,,,1
4200,'SA',620,,57312,4327,,,1,100,,57313,4327,,,1,100,,57314,4327,,,1,100,,57315,4327,,,1,100,,57316,4327,,,1,101,,57317,4327,,,1,100,,57318,4327,,,1,100,,57319,4327,,,1,100,,57320,4327,,,1,100,,57321,4327,,,1,100,,57322,4327,,,1,100,,57323,4327,,,1,100,,57324,4327,,,1,100,,57325,4327,,,1,99,,57326,4327,,,1,100,,57327,4327,,,1,100,,57328,4327,,,1,100,,57329,4327,,,1,100,,57330,4327,,,1,100,,57331,4327,,,1
4200,'SE',602,,57363,4327,,,1,36,,57346,4327,,,1,70,,57360,4327,,,1,12,,57345,4327,,,1,6,,57340,4327,,,1,6,,57349,4327,,,1,6,,57347,4327,,,1,62,,57350,4327,,,1,21,,57373,4327,,,1,34,,57369,4327,,,1,70,,57374,4327,,,1,30,,57348,4327,,,1,70,,57342,4327,,,1,30,,57343,4327,,,1,70,,57339,4327,,,1,30,,57362,4327,,,1,70,,57335,4327,,,1,30,,57332,4327,,,1,70,,57370,4327,,,1,30,,57341,4327,,,1,70,,57338,4327,,,1,30,,57336,4327,,,1,72,,57351,4327,,,1,30,,57372,4327,,,1,67,,57333,4327,,,1,24,,57361,4327,,,1,55,,57337,4327,,,1,14,,57344,4327,,,1,14,,57371,4327,,,1,14,,57352,4327,,,1,55,,57334,4327,,,1,27,,57366,4327,,,1,30,,57353,4327,,,1,71,,57367,4327,,,1,74,,57354,4327,,,1,30,,57368,4327,,,1,69,,57355,4327,,,1,30,,57364,4327,,,1,70,,57356,4327,,,1,30,,57365,4327,,,1,91,,57357,4327,,,1,100,,57358,4327,,,1,100,,57359,4327,,,1
6000,'SE',631,,58258,4327,,,1,84,,58256,4327,,,1,37,,58259,4327,,,1,86,,58257,4327,,,1,101,,58251,4327,,,1,100,,58269,4327,,,1,100,,58254,4327,,,1,100,,58252,4327,,,1,100,,58255,4327,,,1,100,,58271,4327,,,1,98,,58260,4327,,,1,70,,58267,4327,,,1,25,,58253,4327,,,1,24,,58264,4327,,,1,68,,58262,4327,,,1,27,,58261,4327,,,1,65,,58265,4327,,,1,30,,58263,4327,,,1,68,,58250,4327,,,1,99,,58272,4327,,,1,99,,58273,4327,,,1,100,,58266,4327,,,1,90,,58268,4327,,,1,100,,58270,4327,,,1
16000,'DI',701,,62163,4327,0,19 20,1,100,,62168,4327,0,19 20,1,100,,62162,4327,0,19 20,1,100,,62156,4327,0,19 20,1,100,,62159,4327,0,19 20,1,100,,62165,4327,0,19 20,1,100,,62160,4327,0,19 20,1,100,,62169,4327,0,19 20,1,100,,62161,4327,0,19 20,1,100,,62164,4327,0,19 20,1,100,,62157,4327,0,19 20,1,100,,62166,4327,0,19 20,1,100,,62170,4327,0,19 20,1,102,,62158,4327,0,19 20,1,98,,62167,4327,0,19 20,1
16000,'F1',701,,62178,4327,0,19 20,1,100,,62183,4327,0,19 20,1,100,,62177,4327,0,19 20,1,100,,62171,4327,0,19 20,1,100,,62174,4327,0,19 20,1,100,,62180,4327,0,19 20,1,100,,62175,4327,0,19 20,1,100,,62184,4327,0,19 20,1,100,,62176,4327,0,19 20,1,100,,62179,4327,0,19 20,1,100,,62172,4327,0,19 20,1,100,,62181,4327,0,19 20,1,100,,62185,4327,0,19 20,1,102,,62173,4327,0,19 20,1,98,,62182,4327,0,19 20,1
16000,'F2',701,,62197,4327,0,19 20,1,99,,62186,4327,0,19 20,1,101,,62198,4327,0,19 20,1,100,,50222,4327,0,19 20,1,100,,62191,4327,0,19 20,1,99,,62194,4327,0,19 20,1,101,,62192,4327,0,19 20,1,100,,62189,4327,0,19 20,1,100,,62199,4327,0,19 20,1,100,,62190,4327,0,19 20,1,100,,62187,4327,0,19 20,1,100,,62195,4327,0,19 20,1,100,,62193,4327,0,19 20,1,101,,62188,4327,0,19 20,1,99,,62196,4327,0,19 20,1
16000,'SA',701,,62211,4327,0,19 20,1,99,,62200,4327,0,19 20,1,101,,62212,4327,0,19 20,1,100,,38455,4327,0,19 20,1,100,,62205,4327,0,19 20,1,99,,62208,4327,0,19 20,1,101,,62206,4327,0,19 20,1,100,,62203,4327,0,19 20,1,100,,62213,4327,0,19 20,1,100,,62204,4327,0,19 20,1,100,,62201,4327,0,19 20,1,100,,62209,4327,0,19 20,1,100,,62207,4327,0,19 20,1,101,,62202,4327,0,19 20,1,99,,62210,4327,0,19 20,1
16000,'SE',615,,62221,4327,0,19 20,1,95,,62214,4327,0,19 20,1,39,,62219,4327,0,19 20,1,94,,62215,4327,0,19 20,1,89,,62218,4327,0,19 20,1,86,,62230,4327,0,19 20,1,101,,62228,4327,0,19 20,1,100,,62222,4327,0,19 20,1,100,,62216,4327,0,19 20,1,100,,62231,4327,0,19 20,1,98,,62220,4327,0,19 20,1,30,,62229,4327,0,19 20,1,68,,62232,4327,0,19 20,1,24,,62237,4327,0,19 20,1,70,,62234,4327,0,19 20,1,28,,62233,4327,0,19 20,1,70,,62223,4327,0,19 20,1,30,,62236,4327,0,19 20,1,70,,62235,4327,0,19 20,1,47,,62217,4327,0,19 20,1,99,,62224,4327,0,19 20,1,100,,62226,4327,0,19 20,1,92,,62225,4327,0,19 20,1,100,,62227,4327,0,19 20,1
53201,'SE',917,,63438,8507,,,2,1,,63439,8507,,,2
54201,'SE',906,,63455,4413,,,2
