101,'DI',627,,20389,4099,,,1,100,,20390,4099,,,1,100,,20391,4099,,,1,100,,20392,4099,,,1,100,,20393,4099,,,1,100,,20394,4099,,,1,100,,20395,4099,,,1,100,,20396,4099,,,1,101,,20397,4099,,,1,100,,20398,4099,,,1,98,,20399,4099,,,1,100,,20400,4099,,,1,100,,20401,4099,,,1,100,,20402,4099,,,1,100,,20403,4099,,,1,100,,20404,4099,,,1,100,,20405,4099,,,1,100,,20406,4099,,,1,100,,20408,4099,,,1,100,,20407,4099,,,1
101,'F1',627,,43102,4099,,,1,100,,43103,4099,,,1,100,,43104,4099,,,1,100,,43105,4099,,,1,100,,43106,4099,,,1,100,,43107,4099,,,1,100,,43108,4099,,,1,100,,43109,4099,,,1,101,,43110,4099,,,1,100,,43111,4099,,,1,98,,43112,4099,,,1,100,,43113,4099,,,1,100,,43114,4099,,,1,100,,43115,4099,,,1,100,,43116,4099,,,1,100,,43117,4099,,,1,100,,43118,4099,,,1,100,,43119,4099,,,1,100,,43121,4099,,,1,100,,43120,4099,,,1
101,'F2',557,,43142,4099,,,1,70,,43132,4099,,,1,30,,43143,4099,,,1,70,,43133,4099,,,1,30,,43144,4099,,,1,70,,43134,4099,,,1,30,,43145,4099,,,1,70,,43135,4099,,,1,30,,43146,4099,,,1,70,,43136,4099,,,1,30,,43147,4099,,,1,70,,43137,4099,,,1,30,,43148,4099,,,1,70,,43138,4099,,,1,30,,43149,4099,,,1,70,,43139,4099,,,1,31,,43153,4099,,,1,70,,43140,4099,,,1,30,,43154,4099,,,1,70,,43141,4099,,,1,28,,43150,4099,,,1,70,,43122,4099,,,1,30,,43151,4099,,,1,70,,43123,4099,,,1,30,,43152,4099,,,1,70,,43124,4099,,,1,100,,43125,4099,,,1,100,,43126,4099,,,1,100,,43127,4099,,,1,100,,43128,4099,,,1,100,,43129,4099,,,1,100,,43130,4099,,,1,100,,43131,4099,,,1
101,'F8',557,,20528,4099,,,1,70,,20518,4099,,,1,30,,20529,4099,,,1,70,,20519,4099,,,1,30,,20530,4099,,,1,70,,20520,4099,,,1,30,,20531,4099,,,1,70,,20521,4099,,,1,30,,20532,4099,,,1,70,,20522,4099,,,1,30,,20533,4099,,,1,70,,20523,4099,,,1,30,,20534,4099,,,1,70,,20524,4099,,,1,30,,20535,4099,,,1,70,,20525,4099,,,1,31,,20539,4099,,,1,70,,20526,4099,,,1,30,,20540,4099,,,1,70,,20527,4099,,,1,28,,20536,4099,,,1,70,,20508,4099,,,1,30,,20537,4099,,,1,70,,20509,4099,,,1,30,,20538,4099,,,1,70,,20510,4099,,,1,100,,20511,4099,,,1,100,,20512,4099,,,1,100,,20513,4099,,,1,100,,20514,4099,,,1,100,,20515,4099,,,1,100,,20516,4099,,,1,100,,20517,4099,,,1
101,'F9',627,,20541,4099,,,1,100,,20542,4099,,,1,100,,20543,4099,,,1,100,,20544,4099,,,1,100,,20545,4099,,,1,100,,20546,4099,,,1,100,,20547,4099,,,1,100,,20548,4099,,,1,101,,20549,4099,,,1,100,,20550,4099,,,1,98,,20551,4099,,,1,100,,20552,4099,,,1,100,,20553,4099,,,1,100,,20554,4099,,,1,100,,20555,4099,,,1,100,,20556,4099,,,1,100,,20557,4099,,,1,100,,20558,4099,,,1,100,,20560,4099,,,1,100,,20559,4099,,,1
101,'SA',557,,20571,4099,,,1,70,,20561,4099,,,1,30,,20572,4099,,,1,70,,20562,4099,,,1,30,,20573,4099,,,1,70,,20563,4099,,,1,30,,20574,4099,,,1,70,,20564,4099,,,1,30,,20575,4099,,,1,70,,20565,4099,,,1,30,,20576,4099,,,1,70,,20566,4099,,,1,30,,20577,4099,,,1,70,,20567,4099,,,1,30,,20578,4099,,,1,70,,20568,4099,,,1,31,,20582,4099,,,1,70,,20569,4099,,,1,30,,20583,4099,,,1,70,,20570,4099,,,1,28,,20579,4099,,,1,70,,400,4099,,,1,30,,20580,4099,,,1,70,,401,4099,,,1,30,,20581,4099,,,1,70,,402,4099,,,1,100,,403,4099,,,1,100,,404,4099,,,1,100,,405,4099,,,1,100,,406,4099,,,1,100,,407,4099,,,1,100,,408,4099,,,1,100,,409,4099,,,1
101,'SE',509,,43167,4099,,,1,30,,43181,4099,,,1,20,,43176,4099,,,1,60,,43182,4099,,,1,20,,43173,4099,,,1,16,,43186,4099,,,1,62,,43179,4099,,,1,10,,43183,4099,,,1,20,,43169,4099,,,1,55,,43155,4099,,,1,15,,43195,4099,,,1,15,,43170,4099,,,1,14,,43197,4099,,,1,60,,43166,4099,,,1,20,,43171,4099,,,1,20,,43165,4099,,,1,70,,43168,4099,,,1,30,,43180,4099,,,1,70,,43163,4099,,,1,30,,43191,4099,,,1,70,,43156,4099,,,1,31,,43178,4099,,,1,70,,43174,4099,,,1,30,,43172,4099,,,1,70,,43190,4099,,,1,30,,43157,4099,,,1,71,,43192,4099,,,1,33,,43175,4099,,,1,57,,43184,4099,,,1,35,,43164,4099,,,1,71,,43194,4099,,,1,34,,20609,4099,,,1,65,,43196,4099,,,1,27,,43185,4099,,,1,75,,43189,4099,,,1,28,,43193,4099,,,1,70,,43188,4099,,,1,30,,43187,4099,,,1,68,,43158,4099,,,1,30,,43177,4099,,,1,70,,43159,4099,,,1,100,,43160,4099,,,1,99,,43161,4099,,,1,100,,43162,4099,,,1
601,'DI',613,,22527,4971,,,1,30,,22533,4971,,,1,70,,22545,4971,,,1,30,,22540,4971,,,1,70,,22536,4971,,,1,30,,22534,4971,,,1,70,,22519,4971,,,1,30,,22523,4971,,,1,73,,22537,4971,,,1,30,,22531,4971,,,1,70,,22520,4971,,,1,30,,2206,4971,,,1,70,,2212,4971,,,1,33,,22521,4971,,,1,70,,22524,4971,,,1,30,,22530,4971,,,1,70,,22522,4971,,,1,30,,22532,4971,,,1,70,,22528,4971,,,1,30,,22525,4971,,,1,70,,22538,4971,,,1,30,,22546,4971,,,1,70,,22541,4971,,,1,29,,22539,4971,,,1,70,,22547,4971,,,1,30,,22542,4971,,,1,100,,22529,4971,,,1,100,,22544,4971,,,1,100,,22535,4971,,,1,100,,22526,4971,,,1,100,,22518,4971,,,1,100,,22543,4971,,,1
601,'F1',613,,43951,4971,,,1,30,,43958,4971,,,1,70,,43970,4971,,,1,30,,43965,4971,,,1,70,,43961,4971,,,1,30,,43959,4971,,,1,70,,43942,4971,,,1,30,,43946,4971,,,1,73,,43962,4971,,,1,30,,43956,4971,,,1,70,,43943,4971,,,1,30,,43947,4971,,,1,70,,43952,4971,,,1,33,,43944,4971,,,1,70,,43948,4971,,,1,30,,43955,4971,,,1,70,,43945,4971,,,1,30,,43957,4971,,,1,70,,43953,4971,,,1,30,,43949,4971,,,1,70,,43963,4971,,,1,30,,43971,4971,,,1,70,,43966,4971,,,1,29,,43964,4971,,,1,70,,43972,4971,,,1,30,,43967,4971,,,1,100,,43954,4971,,,1,100,,43969,4971,,,1,100,,43960,4971,,,1,100,,43950,4971,,,1,100,,43941,4971,,,1,100,,43968,4971,,,1
601,'F2',613,,43988,4971,,,1,30,,43984,4971,,,1,70,,44004,4971,,,1,30,,43993,4971,,,1,70,,43989,4971,,,1,30,,43985,4971,,,1,74,,43990,4971,,,1,26,,43994,4971,,,1,75,,44003,4971,,,1,23,,43991,4971,,,1,75,,44000,4971,,,1,26,,43986,4971,,,1,70,,43979,4971,,,1,38,,43987,4971,,,1,70,,43980,4971,,,1,29,,43973,4971,,,1,70,,43995,4971,,,1,30,,43981,4971,,,1,70,,43974,4971,,,1,30,,43996,4971,,,1,70,,43982,4971,,,1,30,,43975,4971,,,1,70,,43997,4971,,,1,29,,43983,4971,,,1,70,,43976,4971,,,1,30,,43998,4971,,,1,100,,44001,4971,,,1,100,,43992,4971,,,1,100,,43977,4971,,,1,100,,43978,4971,,,1,100,,44002,4971,,,1,100,,43999,4971,,,1
601,'F8',613,,22662,4971,,,1,30,,22658,4971,,,1,70,,22678,4971,,,1,30,,22667,4971,,,1,70,,22663,4971,,,1,30,,22659,4971,,,1,74,,22664,4971,,,1,26,,22668,4971,,,1,75,,22677,4971,,,1,23,,22665,4971,,,1,75,,22674,4971,,,1,26,,22660,4971,,,1,70,,22653,4971,,,1,38,,22661,4971,,,1,70,,22654,4971,,,1,29,,22647,4971,,,1,70,,22669,4971,,,1,30,,22655,4971,,,1,70,,22648,4971,,,1,30,,22670,4971,,,1,70,,22656,4971,,,1,30,,22649,4971,,,1,70,,22671,4971,,,1,29,,22657,4971,,,1,70,,22650,4971,,,1,30,,22672,4971,,,1,100,,22675,4971,,,1,100,,22666,4971,,,1,100,,22651,4971,,,1,100,,22652,4971,,,1,100,,22676,4971,,,1,100,,22673,4971,,,1
601,'F9',613,,22689,4971,,,1,30,,22696,4971,,,1,70,,22708,4971,,,1,30,,22703,4971,,,1,70,,22699,4971,,,1,30,,22697,4971,,,1,70,,22680,4971,,,1,30,,22684,4971,,,1,73,,22700,4971,,,1,30,,22694,4971,,,1,70,,22681,4971,,,1,30,,22685,4971,,,1,70,,22690,4971,,,1,33,,22682,4971,,,1,70,,22686,4971,,,1,30,,22693,4971,,,1,70,,22683,4971,,,1,30,,22695,4971,,,1,70,,22691,4971,,,1,30,,22687,4971,,,1,70,,22701,4971,,,1,30,,22709,4971,,,1,70,,22704,4971,,,1,29,,22702,4971,,,1,70,,22710,4971,,,1,30,,22705,4971,,,1,100,,22692,4971,,,1,100,,22707,4971,,,1,100,,22698,4971,,,1,100,,22688,4971,,,1,100,,22679,4971,,,1,100,,22706,4971,,,1
601,'SA',613,,22726,4971,,,1,30,,22722,4971,,,1,70,,22742,4971,,,1,30,,22731,4971,,,1,70,,22727,4971,,,1,30,,22723,4971,,,1,74,,22728,4971,,,1,26,,22732,4971,,,1,75,,22741,4971,,,1,23,,22729,4971,,,1,75,,22738,4971,,,1,26,,22724,4971,,,1,70,,22717,4971,,,1,38,,22725,4971,,,1,70,,22718,4971,,,1,29,,22711,4971,,,1,70,,22733,4971,,,1,30,,22719,4971,,,1,70,,22712,4971,,,1,30,,22734,4971,,,1,70,,22720,4971,,,1,30,,22713,4971,,,1,70,,22735,4971,,,1,29,,22721,4971,,,1,70,,22714,4971,,,1,30,,22736,4971,,,1,100,,22739,4971,,,1,100,,22730,4971,,,1,100,,22715,4971,,,1,100,,22716,4971,,,1,100,,22740,4971,,,1,100,,22737,4971,,,1
601,'SE',527,,44024,4971,,,1,30,,44018,4971,,,1,71,,44010,4971,,,1,31,,44035,4971,,,1,65,,44015,4971,,,1,77,,44037,4971,,,1,29,,44014,4971,,,1,72,,44029,4971,,,1,28,,44033,4971,,,1,70,,44030,4971,,,1,30,,44022,4971,,,1,70,,44006,4971,,,1,30,,44040,4971,,,1,70,,44016,4971,,,1,30,,44031,4971,,,1,70,,44034,4971,,,1,30,,44017,4971,,,1,70,,44011,4971,,,1,30,,44023,4971,,,1,71,,44032,4971,,,1,30,,44005,4971,,,1,26,,44009,4971,,,1,78,,44012,4971,,,1,66,,44013,4971,,,1,32,,44025,4971,,,1,25,,44036,4971,,,1,71,,44039,4971,,,1,30,,44038,4971,,,1,69,,44041,4971,,,1,30,,44028,4971,,,1,70,,44020,4971,,,1,30,,44026,4971,,,1,70,,44007,4971,,,1,30,,44027,4971,,,1,98,,44021,4971,,,1,100,,44019,4971,,,1,100,,44008,4971,,,1
5501,'SE',627,,47701,3953,,,2,20,,47697,3953,,,2,55,,47703,3953,,,2,15,,47699,3953,,,2,15,,47702,3953,,,2,15,,47705,3953,,,2,55,,47698,3953,,,2,15,,47704,3953,,,2,20,,47700,3953,,,2
