501,'DI',607,,21945,5032,0,28 29,1,30,,21951,5032,0,28 29,1,70,,21946,5032,0,28 29,1,30,,21952,5032,0,28 29,1,70,,21947,5032,0,28 29,1,30,,21953,5032,0,28 29,1,70,,21973,5032,0,28 29,1,30,,21954,5032,0,28 29,1,70,,21958,5032,0,28 29,1,30,,21955,5032,0,28 29,1,70,,21970,5032,0,28 29,1,30,,21959,5032,0,28 29,1,70,,21948,5032,0,28 29,1,33,,21960,5032,0,28 29,1,70,,21949,5032,0,28 29,1,28,,21974,5032,0,28 29,1,72,,21971,5032,0,28 29,1,30,,21975,5032,0,28 29,1,70,,21961,5032,0,28 29,1,29,,21950,5032,0,28 29,1,71,,21965,5032,0,28 29,1,30,,21972,5032,0,28 29,1,70,,21956,5032,0,28 29,1,30,,21962,5032,0,28 29,1,70,,21976,5032,0,28 29,1,98,,21957,5032,0,28 29,1,100,,21964,5032,0,28 29,1,100,,21963,5032,0,28 29,1,100,,21966,5032,0,28 29,1,100,,21967,5032,0,28 29,1,100,,21968,5032,0,28 29,1
501,'F8',537,,22100,5032,0,28 29,1,70,,22108,5032,0,28 29,1,30,,22101,5032,0,28 29,1,70,,22109,5032,0,28 29,1,30,,22102,5032,0,28 29,1,70,,22110,5032,0,28 29,1,30,,22103,5032,0,28 29,1,70,,22111,5032,0,28 29,1,30,,22104,5032,0,28 29,1,70,,22113,5032,0,28 29,1,30,,22105,5032,0,28 29,1,70,,22114,5032,0,28 29,1,30,,22106,5032,0,28 29,1,70,,22115,5032,0,28 29,1,33,,22107,5032,0,28 29,1,70,,22116,5032,0,28 29,1,30,,22112,5032,0,28 29,1,70,,22132,5032,0,28 29,1,30,,22127,5032,0,28 29,1,70,,22117,5032,0,28 29,1,30,,22130,5032,0,28 29,1,70,,22126,5032,0,28 29,1,30,,22129,5032,0,28 29,1,70,,22133,5032,0,28 29,1,30,,22128,5032,0,28 29,1,70,,22131,5032,0,28 29,1,98,,22118,5032,0,28 29,1,100,,22119,5032,0,28 29,1,100,,22120,5032,0,28 29,1,100,,22121,5032,0,28 29,1,100,,22122,5032,0,28 29,1,100,,22123,5032,0,28 29,1,100,,22124,5032,0,28 29,1
501,'F9',607,,22134,5032,0,28 29,1,30,,22140,5032,0,28 29,1,70,,22135,5032,0,28 29,1,30,,22141,5032,0,28 29,1,70,,22136,5032,0,28 29,1,30,,22142,5032,0,28 29,1,70,,22162,5032,0,28 29,1,30,,22143,5032,0,28 29,1,70,,22147,5032,0,28 29,1,30,,22144,5032,0,28 29,1,70,,22159,5032,0,28 29,1,30,,22148,5032,0,28 29,1,70,,22137,5032,0,28 29,1,33,,22149,5032,0,28 29,1,70,,22138,5032,0,28 29,1,28,,22163,5032,0,28 29,1,72,,22160,5032,0,28 29,1,30,,22164,5032,0,28 29,1,70,,22150,5032,0,28 29,1,29,,22139,5032,0,28 29,1,71,,22154,5032,0,28 29,1,30,,22161,5032,0,28 29,1,70,,22145,5032,0,28 29,1,30,,22151,5032,0,28 29,1,70,,22165,5032,0,28 29,1,98,,22146,5032,0,28 29,1,100,,22153,5032,0,28 29,1,100,,22152,5032,0,28 29,1,100,,22155,5032,0,28 29,1,100,,22156,5032,0,28 29,1,100,,22157,5032,0,28 29,1
501,'SA',537,,22166,5032,0,28 29,1,70,,22174,5032,0,28 29,1,30,,22167,5032,0,28 29,1,70,,22175,5032,0,28 29,1,30,,22168,5032,0,28 29,1,70,,22176,5032,0,28 29,1,30,,22169,5032,0,28 29,1,70,,22177,5032,0,28 29,1,30,,22170,5032,0,28 29,1,70,,22179,5032,0,28 29,1,30,,22171,5032,0,28 29,1,70,,22180,5032,0,28 29,1,30,,22172,5032,0,28 29,1,70,,22181,5032,0,28 29,1,33,,22173,5032,0,28 29,1,70,,22182,5032,0,28 29,1,30,,22178,5032,0,28 29,1,70,,22198,5032,0,28 29,1,30,,22193,5032,0,28 29,1,70,,22183,5032,0,28 29,1,30,,22196,5032,0,28 29,1,70,,22192,5032,0,28 29,1,30,,22195,5032,0,28 29,1,70,,22199,5032,0,28 29,1,30,,22194,5032,0,28 29,1,70,,22197,5032,0,28 29,1,98,,22184,5032,0,28 29,1,100,,22185,5032,0,28 29,1,100,,22186,5032,0,28 29,1,100,,22187,5032,0,28 29,1,100,,22188,5032,0,28 29,1,100,,22189,5032,0,28 29,1,100,,22190,5032,0,28 29,1
501,'SE',449,,22200,5032,,,1,65,,1947,5032,0,28 29,1,20,,22202,5032,0,28 29,1,20,,22204,5032,0,28 29,1,55,,22240,5032,0,28 29,1,15,,22206,5032,0,28 29,1,15,,22203,5032,0,28 29,1,9,,22208,5032,0,28 29,1,9,,22246,5032,0,28 29,1,52,,22247,5032,0,28 29,1,10,,22234,5032,0,28 29,1,10,,22236,5032,0,28 29,1,10,,22210,5032,0,28 29,1,10,,22211,5032,0,28 29,1,10,,22201,5032,0,28 29,1,50,,22207,5032,0,28 29,1,10,,22251,5032,0,28 29,1,11,,22205,5032,0,28 29,1,9,,22209,5032,0,28 29,1,20,,22255,5032,0,28 29,1,60,,22239,5032,0,28 29,1,20,,22250,5032,0,28 29,1,70,,22237,5032,0,28 29,1,30,,22248,5032,0,28 29,1,70,,22245,5032,0,28 29,1,30,,22243,5032,0,28 29,1,70,,22235,5032,0,28 29,1,30,,22212,5032,0,28 29,1,71,,22217,5032,0,28 29,1,30,,22215,5032,0,28 29,1,70,,22216,5032,0,28 29,1,30,,22213,5032,0,28 29,1,70,,22221,5032,0,28 29,1,34,,22253,5032,0,28 29,1,68,,22218,5032,0,28 29,1,32,,22252,5032,0,28 29,1,73,,22225,5032,0,28 29,1,27,,22222,5032,0,28 29,1,69,,22214,5032,0,28 29,1,22,,22249,5032,0,28 29,1,77,,22226,5032,0,28 29,1,25,,22238,5032,0,28 29,1,70,,22223,5032,0,28 29,1,30,,22242,5032,0,28 29,1,70,,22254,5032,0,28 29,1,30,,22227,5032,0,28 29,1,70,,22224,5032,0,28 29,1,100,,22230,5032,0,28 29,1,100,,22231,5032,0,28 29,1,100,,22232,5032,0,28 29,1
901,'SE',619,,23464,5805,,,2,30,,23466,5805,,,2,71,,23465,5805,,,2,30,,23467,5805,,,2,70,,23468,5805,,,2
8801,'DI',623,,36910,7040,,,1,30,,36915,7040,,,1,70,,36921,7040,,,1,30,,36931,7040,,,1,69,,36911,7040,,,1,30,,36916,7040,,,1,70,,36922,7040,,,1,28,,36932,7040,,,1,69,,36912,7040,,,1,30,,36917,7040,,,1,69,,36923,7040,,,1,30,,36933,7040,,,1,70,,36913,7040,,,1,30,,36918,7040,,,1,70,,36924,7040,,,1,31,,36934,7040,,,1,70,,36914,7040,,,1,31,,36919,7040,,,1,71,,36925,7040,,,1,29,,15257,7040,,,1,70,,36926,7040,,,1,30,,36920,7040,,,1,70,,36935,7040,,,1,34,,15258,7040,,,1,62,,36927,7040,,,1,106,,36936,7040,,,1,101,,36928,7040,,,1,100,,36937,7040,,,1,100,,36929,7040,,,1,100,,36938,7040,,,1,99,,36930,7040,,,1
8801,'F8',621,,37048,7040,,,1,30,,37047,7040,,,1,70,,37069,7040,,,1,29,,37060,7040,,,1,70,,37049,7040,,,1,30,,37073,7040,,,1,70,,37070,7040,,,1,27,,37061,7040,,,1,70,,37053,7040,,,1,29,,37074,7040,,,1,70,,37071,7040,,,1,31,,37062,7040,,,1,70,,37054,7040,,,1,31,,37066,7040,,,1,68,,37050,7040,,,1,31,,37063,7040,,,1,70,,37055,7040,,,1,30,,37067,7040,,,1,70,,37051,7040,,,1,30,,37045,7040,,,1,70,,37056,7040,,,1,31,,37068,7040,,,1,68,,37052,7040,,,1,32,,37046,7040,,,1,62,,37075,7040,,,1,109,,37064,7040,,,1,100,,37057,7040,,,1,100,,37065,7040,,,1,100,,37058,7040,,,1,98,,37072,7040,,,1,100,,37059,7040,,,1
8801,'F9',623,,37078,7040,,,1,30,,37083,7040,,,1,70,,37089,7040,,,1,30,,37099,7040,,,1,69,,37079,7040,,,1,30,,37084,7040,,,1,70,,37090,7040,,,1,28,,37100,7040,,,1,69,,37080,7040,,,1,30,,37085,7040,,,1,69,,37091,7040,,,1,30,,37101,7040,,,1,70,,37081,7040,,,1,30,,37086,7040,,,1,70,,37092,7040,,,1,31,,37102,7040,,,1,70,,37082,7040,,,1,31,,37087,7040,,,1,71,,37093,7040,,,1,29,,37076,7040,,,1,70,,37094,7040,,,1,30,,37088,7040,,,1,70,,37103,7040,,,1,34,,37077,7040,,,1,62,,37095,7040,,,1,106,,37104,7040,,,1,101,,37096,7040,,,1,100,,37105,7040,,,1,100,,37097,7040,,,1,100,,37106,7040,,,1,99,,37098,7040,,,1
8801,'SA',621,,37110,7040,,,1,30,,37109,7040,,,1,70,,37131,7040,,,1,29,,37122,7040,,,1,70,,37111,7040,,,1,30,,37134,7040,,,1,70,,37132,7040,,,1,27,,37123,7040,,,1,70,,37115,7040,,,1,29,,37135,7040,,,1,70,,37133,7040,,,1,31,,37124,7040,,,1,70,,37116,7040,,,1,31,,37128,7040,,,1,68,,37112,7040,,,1,31,,37125,7040,,,1,70,,37117,7040,,,1,30,,37129,7040,,,1,70,,37113,7040,,,1,30,,37107,7040,,,1,70,,37118,7040,,,1,31,,37130,7040,,,1,68,,37114,7040,,,1,32,,37108,7040,,,1,62,,37136,7040,,,1,109,,37126,7040,,,1,100,,37119,7040,,,1,100,,37127,7040,,,1,100,,37120,7040,,,1,98,,15458,7040,,,1,100,,37121,7040,,,1
8801,'SE',619,,37137,7040,,,1,20,,37149,7040,,,1,15,,37139,7040,,,1,52,,15479,7040,,,1,7,,37141,7040,,,1,17,,37151,7040,,,1,9,,37146,7040,,,1,12,,37153,7040,,,1,52,,37143,7040,,,1,10,,37148,7040,,,1,20,,37178,7040,,,1,18,,37179,7040,,,1,70,,37180,7040,,,1,30,,37152,7040,,,1,70,,37167,7040,,,1,30,,37150,7040,,,1,70,,37147,7040,,,1,30,,37165,7040,,,1,70,,37168,7040,,,1,30,,37142,7040,,,1,70,,37140,7040,,,1,30,,37169,7040,,,1,72,,37144,7040,,,1,29,,37166,7040,,,1,49,,15486,7040,,,1,2,,15491,7040,,,1,2,,37159,7040,,,1,7,,37138,7040,,,1,17,,37160,7040,,,1,18,,37172,7040,,,1,12,,37170,7040,,,1,55,,37173,7040,,,1,16,,37175,7040,,,1,15,,37145,7040,,,1,55,,37154,7040,,,1,14,,37181,7040,,,1,16,,37158,7040,,,1,17,,37161,7040,,,1,57,,37162,7040,,,1,20,,37155,7040,,,1,27,,37176,7040,,,1,72,,37174,7040,,,1,30,,15492,7040,,,1,69,,37156,7040,,,1,30,,37177,7040,,,1,70,,37171,7040,,,1,102,,37157,7040,,,1,98,,37164,7040,,,1,100,,37163,7040,,,1
53801,'SE',905,,40681,406,,,2
