801,'DI',542,,23101,10269,,,1,70,,2745,10269,,,1,30,,2752,10269,,,1,70,,23108,10269,,,1,30,,23102,10269,,,1,71,,2746,10269,,,1,30,,2753,10269,,,1,70,,23109,10269,,,1,28,,23103,10269,,,1,70,,2747,10269,,,1,30,,2754,10269,,,1,68,,23110,10269,,,1,30,,23104,10269,,,1,70,,2748,10269,,,1,30,,2755,10269,,,1,70,,23111,10269,,,1,31,,2741,10269,,,1,70,,2749,10269,,,1,31,,2756,10269,,,1,70,,23112,10269,,,1,30,,23106,10269,,,1,70,,2750,10269,,,1,30,,23115,10269,,,1,70,,23113,10269,,,1,19,,23105,10269,,,1,15,,23107,10269,,,1,70,,2751,10269,,,1,28,,23116,10269,,,1,70,,23114,10269,,,1,45,,2742,10269,,,1,101,,23117,10269,,,1,100,,2743,10269,,,1,99,,23118,10269,,,1,100,,2744,10269,,,1,99,,23119,10269,,,1
801,'F8',542,,23268,10269,,,1,70,,23280,10269,,,1,30,,23283,10269,,,1,70,,23286,10269,,,1,30,,23269,10269,,,1,71,,23281,10269,,,1,30,,23284,10269,,,1,70,,23287,10269,,,1,27,,23270,10269,,,1,68,,23282,10269,,,1,30,,23285,10269,,,1,70,,23288,10269,,,1,31,,23271,10269,,,1,70,,23276,10269,,,1,31,,23293,10269,,,1,70,,23289,10269,,,1,31,,23272,10269,,,1,70,,23277,10269,,,1,30,,23294,10269,,,1,70,,23290,10269,,,1,30,,23297,10269,,,1,70,,23278,10269,,,1,30,,23295,10269,,,1,70,,23291,10269,,,1,25,,23264,10269,,,1,10,,23298,10269,,,1,61,,23279,10269,,,1,30,,23296,10269,,,1,70,,23292,10269,,,1,50,,23265,10269,,,1,100,,23273,10269,,,1,100,,23266,10269,,,1,99,,23274,10269,,,1,100,,23267,10269,,,1,101,,23275,10269,,,1
801,'F9',542,,23299,10269,,,1,70,,23307,10269,,,1,30,,23314,10269,,,1,70,,23322,10269,,,1,30,,23300,10269,,,1,71,,23308,10269,,,1,30,,23315,10269,,,1,70,,23323,10269,,,1,28,,23301,10269,,,1,70,,23309,10269,,,1,30,,23316,10269,,,1,68,,23324,10269,,,1,30,,23302,10269,,,1,70,,23310,10269,,,1,30,,23317,10269,,,1,70,,23325,10269,,,1,31,,23303,10269,,,1,70,,23311,10269,,,1,31,,23318,10269,,,1,70,,23326,10269,,,1,30,,23320,10269,,,1,70,,23312,10269,,,1,30,,23329,10269,,,1,70,,23327,10269,,,1,19,,23319,10269,,,1,15,,23321,10269,,,1,70,,23313,10269,,,1,28,,23330,10269,,,1,70,,23328,10269,,,1,45,,23304,10269,,,1,101,,23331,10269,,,1,100,,23305,10269,,,1,99,,23332,10269,,,1,100,,23306,10269,,,1,99,,23333,10269,,,1
801,'SA',542,,23338,10269,,,1,70,,23350,10269,,,1,30,,23353,10269,,,1,70,,23356,10269,,,1,30,,23339,10269,,,1,71,,23351,10269,,,1,30,,23354,10269,,,1,70,,23357,10269,,,1,27,,23340,10269,,,1,68,,23352,10269,,,1,30,,23355,10269,,,1,70,,23358,10269,,,1,31,,23341,10269,,,1,70,,23346,10269,,,1,31,,23363,10269,,,1,70,,23359,10269,,,1,31,,23342,10269,,,1,70,,23347,10269,,,1,30,,23364,10269,,,1,70,,23360,10269,,,1,30,,2977,10269,,,1,70,,23348,10269,,,1,30,,23365,10269,,,1,70,,23361,10269,,,1,25,,23334,10269,,,1,10,,2978,10269,,,1,61,,23349,10269,,,1,30,,23366,10269,,,1,70,,23362,10269,,,1,50,,23335,10269,,,1,100,,23343,10269,,,1,100,,23336,10269,,,1,99,,23344,10269,,,1,100,,23337,10269,,,1,101,,23345,10269,,,1
801,'SE',508,,23393,10269,,,1,33,,23367,10269,,,1,67,,23401,10269,,,1,21,,23403,10269,,,1,25,,23410,10269,,,1,51,,23413,10269,,,1,9,,23372,10269,,,1,8,,23376,10269,,,1,12,,23383,10269,,,1,9,,23368,10269,,,1,11,,23395,10269,,,1,60,,23402,10269,,,1,18,,23404,10269,,,1,18,,23394,10269,,,1,53,,23371,10269,,,1,15,,23373,10269,,,1,15,,23377,10269,,,1,15,,23369,10269,,,1,57,,23386,10269,,,1,15,,23382,10269,,,1,14,,23405,10269,,,1,15,,23379,10269,,,1,56,,23430,10269,,,1,15,,23374,10269,,,1,15,,23378,10269,,,1,15,,23370,10269,,,1,55,,23384,10269,,,1,15,,23387,10269,,,1,16,,23414,10269,,,1,15,,23406,10269,,,1,55,,23416,10269,,,1,15,,23389,10269,,,1,15,,23433,10269,,,1,15,,23439,10269,,,1,55,,23431,10269,,,1,15,,23421,10269,,,1,18,,23419,10269,,,1,15,,23396,10269,,,1,53,,23438,10269,,,1,20,,23380,10269,,,1,11,,23417,10269,,,1,10,,23375,10269,,,1,54,,23432,10269,,,1,16,,23420,10269,,,1,17,,23429,10269,,,1,15,,23388,10269,,,1,52,,23424,10269,,,1,16,,23423,10269,,,1,15,,23407,10269,,,1,15,,23381,10269,,,1,55,,23418,10269,,,1,21,,23422,10269,,,1,23,,23399,10269,,,1,67,,23425,10269,,,1,28,,23411,10269,,,1,71,,23397,10269,,,1,29,,23426,10269,,,1,73,,23408,10269,,,1,27,,23412,10269,,,1,12,,23390,10269,,,1,60,,23398,10269,,,1,29,,23427,10269,,,1,60,,23409,10269,,,1,52,,23391,10269,,,1,100,,23392,10269,,,1
2801,'DI',930,,27810,3945,,,1,100,,27815,3945,,,1,100,,27813,3945,,,1,101,,27811,3945,,,1,100,,27812,3945,,,1,100,,27816,3945,,,1,98,,27819,3945,,,1,99,,27818,3945,,,1,96,,27817,3945,,,1,105,,27814,3945,,,1
2801,'F8',930,,27885,3945,,,1,100,,27880,3945,,,1,100,,27878,3945,,,1,101,,27882,3945,,,1,100,,27881,3945,,,1,100,,27883,3945,,,1,98,,27879,3945,,,1,96,,27887,3945,,,1,99,,27886,3945,,,1,105,,27884,3945,,,1
2801,'F9',930,,27888,3945,,,1,100,,27893,3945,,,1,100,,27891,3945,,,1,101,,27889,3945,,,1,100,,27890,3945,,,1,100,,27894,3945,,,1,98,,27897,3945,,,1,99,,27896,3945,,,1,96,,27895,3945,,,1,105,,27892,3945,,,1
2801,'SA',930,,27904,3945,,,1,100,,27900,3945,,,1,100,,27898,3945,,,1,101,,27901,3945,,,1,100,,7052,3945,,,1,100,,27902,3945,,,1,98,,27899,3945,,,1,96,,27906,3945,,,1,99,,27905,3945,,,1,105,,27903,3945,,,1
2801,'SE',639,,27922,3945,,,1,63,,27940,5655,,,1,18,,27929,3945,,,1,21,,27938,5655,,,1,67,,27941,5655,,,1,21,,27920,3945,,,1,20,,27939,5655,,,1,64,,27911,3945,,,1,29,,27923,3945,,,1,70,,27907,3945,,,1,30,,27921,3945,,,1,70,,27924,3945,,,1,30,,27908,3945,,,1,70,,27930,3945,,,1,30,,27925,3945,,,1,70,,27909,3945,,,1,30,,27931,3945,,,1,71,,27926,3945,,,1,30,,27910,3945,,,1,61,,27932,3945,,,1,12,,27912,3945,,,1,17,,27914,3945,,,1,10,,27942,5655,,,1,57,,27936,3945,,,1,13,,27934,3945,,,1,15,,27917,3945,,,1,18,,27944,5655,,,1,13,,27913,3945,,,1,56,,27915,3945,,,1,13,,27943,5655,,,1,18,,27935,3945,,,1,54,,27927,3945,,,1,22,,27933,3945,,,1,21,,27937,3945,,,1,63,,27919,3945,,,1,100,,27916,3945,,,1,100,,27928,3945,,,1,100,,27918,3945,,,1
8801,'DI',629,,36910,9541,,,1,30,,36915,9541,,,1,70,,36921,9541,,,1,30,,36931,9541,,,1,69,,36911,9541,,,1,30,,36916,9541,,,1,70,,36922,9541,,,1,28,,36932,9541,,,1,69,,36912,9541,,,1,30,,36917,9541,,,1,69,,36923,9541,,,1,30,,36933,9541,,,1,70,,36913,9541,,,1,30,,36918,9541,,,1,70,,36924,9541,,,1,31,,36934,9541,,,1,70,,36914,9541,,,1,31,,36919,9541,,,1,71,,36925,9541,,,1,29,,15257,9541,,,1,70,,36926,9541,,,1,30,,36920,9541,,,1,70,,36935,9541,,,1,74,,15258,9541,,,1,22,,36927,9541,,,1,106,,36936,9541,,,1,101,,36928,9541,,,1,100,,36937,9541,,,1,100,,36929,9541,,,1,100,,36938,9541,,,1,99,,36930,9541,,,1
8801,'F8',627,,37048,9541,,,1,30,,37047,9541,,,1,70,,37069,9541,,,1,28,,37060,9541,,,1,70,,37049,9541,,,1,30,,37073,9541,,,1,71,,37070,9541,,,1,27,,37061,9541,,,1,70,,37053,9541,,,1,29,,37074,9541,,,1,70,,37071,9541,,,1,31,,37062,9541,,,1,70,,37054,9541,,,1,31,,37066,9541,,,1,68,,37050,9541,,,1,31,,37063,9541,,,1,70,,37055,9541,,,1,30,,37067,9541,,,1,70,,37051,9541,,,1,30,,37045,9541,,,1,70,,37056,9541,,,1,31,,37068,9541,,,1,68,,37052,9541,,,1,32,,37046,9541,,,1,62,,37075,9541,,,1,109,,37064,9541,,,1,100,,37057,9541,,,1,100,,37065,9541,,,1,100,,37058,9541,,,1,98,,37072,9541,,,1,100,,37059,9541,,,1
8801,'F9',629,,37078,9541,,,1,30,,37083,9541,,,1,70,,37089,9541,,,1,30,,37099,9541,,,1,69,,37079,9541,,,1,30,,37084,9541,,,1,70,,37090,9541,,,1,28,,37100,9541,,,1,69,,37080,9541,,,1,30,,37085,9541,,,1,69,,37091,9541,,,1,30,,37101,9541,,,1,70,,37081,9541,,,1,30,,37086,9541,,,1,70,,37092,9541,,,1,31,,37102,9541,,,1,70,,37082,9541,,,1,31,,37087,9541,,,1,71,,37093,9541,,,1,29,,37076,9541,,,1,70,,37094,9541,,,1,30,,37088,9541,,,1,70,,37103,9541,,,1,74,,37077,9541,,,1,22,,37095,9541,,,1,106,,37104,9541,,,1,101,,37096,9541,,,1,100,,37105,9541,,,1,100,,37097,9541,,,1,100,,37106,9541,,,1,99,,37098,9541,,,1
8801,'SA',627,,37110,9541,,,1,30,,37109,9541,,,1,70,,37131,9541,,,1,28,,37122,9541,,,1,70,,37111,9541,,,1,30,,37134,9541,,,1,71,,37132,9541,,,1,27,,37123,9541,,,1,70,,37115,9541,,,1,29,,37135,9541,,,1,70,,37133,9541,,,1,31,,37124,9541,,,1,70,,37116,9541,,,1,31,,37128,9541,,,1,68,,37112,9541,,,1,31,,37125,9541,,,1,70,,37117,9541,,,1,30,,37129,9541,,,1,70,,37113,9541,,,1,30,,37107,9541,,,1,70,,37118,9541,,,1,31,,37130,9541,,,1,68,,37114,9541,,,1,32,,37108,9541,,,1,62,,37136,9541,,,1,109,,37126,9541,,,1,100,,37119,9541,,,1,100,,37127,9541,,,1,100,,37120,9541,,,1,98,,15458,9541,,,1,100,,37121,9541,,,1
8801,'SE',625,,37137,9541,,,1,20,,37149,9541,,,1,55,,37139,9541,,,1,12,,15479,9541,,,1,7,,37141,9541,,,1,19,,37151,9541,,,1,9,,37146,9541,,,1,12,,37153,9541,,,1,51,,37143,9541,,,1,10,,37148,9541,,,1,19,,37178,9541,,,1,18,,37179,9541,,,1,70,,37180,9541,,,1,30,,37152,9541,,,1,70,,37167,9541,,,1,30,,37150,9541,,,1,70,,37147,9541,,,1,30,,37165,9541,,,1,70,,37168,9541,,,1,30,,37142,9541,,,1,70,,37140,9541,,,1,30,,37169,9541,,,1,73,,37144,9541,,,1,29,,37166,9541,,,1,49,,15486,9541,,,1,2,,15491,9541,,,1,2,,37159,9541,,,1,7,,37138,9541,,,1,18,,37160,9541,,,1,18,,37172,9541,,,1,52,,37170,9541,,,1,15,,37173,9541,,,1,19,,37175,9541,,,1,12,,37145,9541,,,1,55,,37154,9541,,,1,14,,37181,9541,,,1,16,,37158,9541,,,1,15,,37161,9541,,,1,57,,37162,9541,,,1,19,,37155,9541,,,1,27,,37176,9541,,,1,72,,37174,9541,,,1,30,,15492,9541,,,1,69,,37156,9541,,,1,30,,37177,9541,,,1,70,,37171,9541,,,1,102,,37157,9541,,,1,98,,37164,9541,,,1,100,,37163,9541,,,1
60801,'SE',1505,,40763,5136,,,2,2,,40764,5136,,,2
