1600,'DI',614,,24754,1830,0,8,2,30,,24745,1830,0,8,2,70,,24755,1830,0,8,2,30,,24746,1830,0,8,2,70,,24756,1830,0,8,2,30,,24747,1830,0,8,2,70,,24757,1830,0,8,2,30,,24748,1830,0,8,2,70,,24758,1830,0,8,2,30,,24749,1830,0,8,2,70,,24759,1830,0,8,2,28,,24750,1830,0,8,2,72,,24760,1830,0,8,2,33,,24751,1830,0,8,2,67,,24761,1830,0,8,2,30,,24752,1830,0,8,2,70,,24762,1830,0,8,2,30,,24764,1830,0,8,2,70,,24763,1830,0,8,2,30,,24765,1830,0,8,2,70,,24768,1830,0,8,2,30,,24766,1830,0,8,2,70,,24769,1830,0,8,2,31,,24767,1830,0,8,2,69,,24770,1830,0,8,2,100,,24771,1830,0,8,2,100,,24772,1830,0,8,2,100,,24773,1830,0,8,2,100,,24774,1830,0,8,2,100,,24775,1830,0,8,2,100,,24776,1830,0,8,2,100,,24777,1830,0,8,2
1600,'F8',614,,24912,1830,0,8,2,28,,24915,1830,0,8,2,72,,24913,1830,0,8,2,30,,24916,1830,0,8,2,70,,24914,1830,0,8,2,30,,24917,1830,0,8,2,70,,24935,1830,0,8,2,30,,24918,1830,0,8,2,70,,24936,1830,0,8,2,30,,24919,1830,0,8,2,70,,24937,1830,0,8,2,30,,24920,1830,0,8,2,70,,24938,1830,0,8,2,30,,24926,1830,0,8,2,70,,24906,1830,0,8,2,30,,24927,1830,0,8,2,70,,24907,1830,0,8,2,30,,24928,1830,0,8,2,70,,24908,1830,0,8,2,30,,24929,1830,0,8,2,70,,24909,1830,0,8,2,27,,24930,1830,0,8,2,73,,24910,1830,0,8,2,35,,24934,1830,0,8,2,65,,24921,1830,0,8,2,100,,24922,1830,0,8,2,100,,24923,1830,0,8,2,100,,24924,1830,0,8,2,100,,24925,1830,0,8,2,100,,24931,1830,0,8,2,100,,24932,1830,0,8,2,100,,24933,1830,0,8,2
1600,'F9',614,,24948,1830,0,8,2,30,,24939,1830,0,8,2,70,,24949,1830,0,8,2,30,,24940,1830,0,8,2,70,,24950,1830,0,8,2,30,,24941,1830,0,8,2,70,,24951,1830,0,8,2,30,,24942,1830,0,8,2,70,,24952,1830,0,8,2,30,,24943,1830,0,8,2,70,,24953,1830,0,8,2,28,,24944,1830,0,8,2,72,,24954,1830,0,8,2,33,,24945,1830,0,8,2,67,,24955,1830,0,8,2,30,,24946,1830,0,8,2,70,,24956,1830,0,8,2,30,,24958,1830,0,8,2,70,,24957,1830,0,8,2,30,,24959,1830,0,8,2,70,,24962,1830,0,8,2,30,,24960,1830,0,8,2,70,,24963,1830,0,8,2,31,,24961,1830,0,8,2,69,,24964,1830,0,8,2,100,,24965,1830,0,8,2,100,,24966,1830,0,8,2,100,,24967,1830,0,8,2,100,,24968,1830,0,8,2,100,,24969,1830,0,8,2,100,,24970,1830,0,8,2,100,,24971,1830,0,8,2
1600,'SA',614,,24978,1830,0,8,2,28,,24981,1830,0,8,2,72,,24979,1830,0,8,2,30,,24982,1830,0,8,2,70,,24980,1830,0,8,2,30,,24983,1830,0,8,2,70,,25001,1830,0,8,2,30,,24984,1830,0,8,2,70,,25002,1830,0,8,2,30,,24985,1830,0,8,2,70,,25003,1830,0,8,2,30,,24986,1830,0,8,2,70,,25004,1830,0,8,2,30,,24992,1830,0,8,2,70,,24972,1830,0,8,2,30,,24993,1830,0,8,2,70,,24973,1830,0,8,2,30,,24994,1830,0,8,2,70,,24974,1830,0,8,2,30,,24995,1830,0,8,2,70,,24975,1830,0,8,2,27,,24996,1830,0,8,2,73,,24976,1830,0,8,2,35,,25000,1830,0,8,2,65,,24987,1830,0,8,2,100,,24988,1830,0,8,2,100,,24989,1830,0,8,2,100,,24990,1830,0,8,2,100,,24991,1830,0,8,2,100,,24997,1830,0,8,2,100,,24998,1830,0,8,2,100,,24999,1830,0,8,2
1600,'SE',546,,25006,1830,0,8,2,68,,25050,1830,0,8,2,12,,25010,1830,0,8,2,13,,25061,1830,0,8,2,19,,25007,1830,0,8,2,51,,25009,1830,0,8,2,11,,25008,1830,0,8,2,10,,25011,1830,0,8,2,7,,25030,1830,0,8,2,9,,25062,1830,0,8,2,55,,25032,1830,0,8,2,15,,25016,1830,0,8,2,29,,25005,1830,0,8,2,70,,25045,1830,0,8,2,30,,25020,1830,0,8,2,70,,25018,1830,0,8,2,30,,25057,1830,0,8,2,70,,25051,1830,0,8,2,30,,25046,1830,0,8,2,70,,25019,1830,0,8,2,30,,25013,1830,0,8,2,70,,25047,1830,0,8,2,30,,25021,1830,0,8,2,70,,25063,1830,0,8,2,19,,25033,1830,0,8,2,16,,25022,1830,0,8,2,55,,25048,1830,0,8,2,15,,25064,1830,0,8,2,15,,25058,1830,0,8,2,15,,25014,1830,0,8,2,52,,25065,1830,0,8,2,12,,25038,1830,0,8,2,12,,25043,1830,0,8,2,12,,25053,1830,0,8,2,12,,25012,1830,0,8,2,52,,25037,1830,0,8,2,12,,25035,1830,0,8,2,12,,25039,1830,0,8,2,12,,25056,1830,0,8,2,13,,25059,1830,0,8,2,54,,25034,1830,0,8,2,20,,25036,1830,0,8,2,20,,25052,1830,0,8,2,70,,25023,1830,0,8,2,30,,25040,1830,0,8,2,69,,25024,1830,0,8,2,30,,25041,1830,0,8,2,70,,25025,1830,0,8,2,30,,25042,1830,0,8,2,70,,25026,1830,0,8,2,100,,25027,1830,0,8,2,100,,25028,1830,0,8,2,100,,25029,1830,0,8,2
7100,'DI',604,,32973,1772,,,2,30,,32953,1772,,,2,70,,32976,1772,,,2,30,,32968,1772,,,2,70,,32978,1772,,,2,30,,32967,1772,,,2,71,,32950,1772,,,2,29,,32948,1772,,,2,70,,32949,1772,,,2,30,,32956,1772,,,2,70,,32969,1772,,,2,30,,32979,1772,,,2,70,,32974,1772,,,2,35,,32954,1772,,,2,65,,32975,1772,,,2,30,,32955,1772,,,2,70,,32977,1772,,,2,30,,32972,1772,,,2,70,,32963,1772,,,2,30,,32959,1772,,,2,70,,32966,1772,,,2,30,,32960,1772,,,2,68,,32957,1772,,,2,32,,32961,1772,,,2,70,,32958,1772,,,2,30,,32962,1772,,,2,100,,32964,1772,,,2,100,,32965,1772,,,2,100,,32971,1772,,,2,100,,32951,1772,,,2,100,,32952,1772,,,2,100,,32970,1772,,,2
7100,'F8',604,,33115,1772,,,2,30,,33092,1772,,,2,70,,33087,1772,,,2,30,,33095,1772,,,2,71,,33116,1772,,,2,29,,33093,1772,,,2,70,,33084,1772,,,2,30,,33098,1772,,,2,70,,33111,1772,,,2,30,,33099,1772,,,2,70,,33112,1772,,,2,30,,33100,1772,,,2,70,,33113,1772,,,2,30,,33101,1772,,,2,70,,33114,1772,,,2,30,,33102,1772,,,2,70,,33105,1772,,,2,30,,33103,1772,,,2,70,,33106,1772,,,2,30,,33104,1772,,,2,70,,33107,1772,,,2,28,,33090,1772,,,2,70,,33108,1772,,,2,36,,33094,1772,,,2,66,,33109,1772,,,2,32,,33091,1772,,,2,98,,33096,1772,,,2,100,,33089,1772,,,2,100,,33088,1772,,,2,100,,33086,1772,,,2,100,,33085,1772,,,2,100,,33110,1772,,,2,100,,33097,1772,,,2
7100,'F9',604,,33142,1772,,,2,30,,33122,1772,,,2,70,,33145,1772,,,2,30,,33137,1772,,,2,70,,33147,1772,,,2,30,,33136,1772,,,2,71,,33119,1772,,,2,29,,33117,1772,,,2,70,,33118,1772,,,2,30,,33125,1772,,,2,70,,33138,1772,,,2,30,,33148,1772,,,2,70,,33143,1772,,,2,35,,33123,1772,,,2,65,,33144,1772,,,2,30,,33124,1772,,,2,70,,33146,1772,,,2,30,,33141,1772,,,2,70,,33132,1772,,,2,30,,33128,1772,,,2,70,,33135,1772,,,2,30,,33129,1772,,,2,68,,33126,1772,,,2,32,,33130,1772,,,2,70,,33127,1772,,,2,30,,33131,1772,,,2,100,,33133,1772,,,2,100,,33134,1772,,,2,100,,33140,1772,,,2,100,,33120,1772,,,2,100,,33121,1772,,,2,100,,33139,1772,,,2
7100,'SA',604,,33178,1772,,,2,30,,33157,1772,,,2,70,,33152,1772,,,2,30,,33160,1772,,,2,71,,33179,1772,,,2,29,,33158,1772,,,2,70,,33149,1772,,,2,30,,33161,1772,,,2,70,,33174,1772,,,2,30,,33162,1772,,,2,70,,33175,1772,,,2,30,,33163,1772,,,2,70,,33176,1772,,,2,30,,33164,1772,,,2,70,,33177,1772,,,2,30,,33165,1772,,,2,70,,33168,1772,,,2,30,,33166,1772,,,2,70,,33169,1772,,,2,30,,33167,1772,,,2,70,,33170,1772,,,2,28,,33155,1772,,,2,70,,33171,1772,,,2,36,,33159,1772,,,2,66,,33172,1772,,,2,32,,33156,1772,,,2,98,,11820,1772,,,2,100,,33154,1772,,,2,100,,33153,1772,,,2,100,,33151,1772,,,2,100,,33150,1772,,,2,100,,33173,1772,,,2,100,,11821,1772,,,2
7100,'SE',527,,33191,1772,,,2,100,,33182,1772,,,2,78,,33183,1772,,,2,42,,33212,1772,,,2,86,,33197,1772,,,2,71,,33188,1772,,,2,29,,33209,1772,,,2,70,,33184,1772,,,2,30,,33210,1772,,,2,70,,33185,1772,,,2,30,,33190,1772,,,2,70,,33186,1772,,,2,30,,33198,1772,,,2,70,,33196,1772,,,2,30,,33199,1772,,,2,70,,33187,1772,,,2,31,,33192,1772,,,2,70,,33213,1772,,,2,31,,33211,1772,,,2,20,,33194,1772,,,2,60,,33200,1772,,,2,26,,33208,1772,,,2,17,,33195,1772,,,2,58,,33201,1772,,,2,19,,33202,1772,,,2,72,,33193,1772,,,2,28,,33203,1772,,,2,70,,33215,1772,,,2,30,,33189,1772,,,2,69,,33216,1772,,,2,30,,33181,1772,,,2,70,,33217,1772,,,2,30,,33204,1772,,,2,70,,33218,1772,,,2,30,,33205,1772,,,2,70,,33180,1772,,,2,30,,33206,1772,,,2,69,,33214,1772,,,2,30,,33207,1772,,,2,70,,33219,1772,,,2
