600,'DI',645,,53007,7487,,,1,70,,53012,7487,,,1,30,,53004,7487,,,1,71,,53019,7487,,,1,30,,53025,7487,,,1,70,,52999,7487,,,1,31,,53013,7487,,,1,70,,53029,7487,,,1,30,,53008,7487,,,1,69,,53005,7487,,,1,31,,53000,7487,,,1,70,,53026,7487,,,1,30,,53021,7487,,,1,74,,53020,7487,,,1,29,,52998,7487,,,1,70,,53016,7487,,,1,27,,53027,7487,,,1,73,,53001,7487,,,1,30,,53010,7487,,,1,69,,53014,7487,,,1,31,,53017,7487,,,1,67,,53011,7487,,,1,30,,53015,7487,,,1,70,,53023,7487,,,1,27,,53006,7487,,,1,71,,53018,7487,,,1,104,,53009,7487,,,1,100,,53022,7487,,,1,99,,53002,7487,,,1,100,,53028,7487,,,1,100,,53024,7487,,,1,100,,53003,7487,,,1
600,'F1',645,,53039,7487,,,1,70,,53044,7487,,,1,30,,53036,7487,,,1,71,,53051,7487,,,1,30,,53057,7487,,,1,70,,53031,7487,,,1,31,,53045,7487,,,1,70,,53061,7487,,,1,30,,53040,7487,,,1,69,,53037,7487,,,1,31,,53032,7487,,,1,70,,53058,7487,,,1,30,,53053,7487,,,1,74,,53052,7487,,,1,29,,53030,7487,,,1,70,,53048,7487,,,1,27,,53059,7487,,,1,73,,53033,7487,,,1,30,,53042,7487,,,1,69,,53046,7487,,,1,31,,53049,7487,,,1,67,,53043,7487,,,1,30,,53047,7487,,,1,70,,53055,7487,,,1,27,,53038,7487,,,1,71,,53050,7487,,,1,104,,53041,7487,,,1,100,,53054,7487,,,1,99,,53034,7487,,,1,100,,53060,7487,,,1,100,,53056,7487,,,1,100,,53035,7487,,,1
600,'F2',645,,53087,7487,,,1,71,,53070,7487,,,1,29,,53081,7487,,,1,70,,53066,7487,,,1,34,,53082,7487,,,1,66,,53071,7487,,,1,35,,53063,7487,,,1,63,,53064,7487,,,1,32,,53089,7487,,,1,69,,53072,7487,,,1,30,,53077,7487,,,1,78,,53073,7487,,,1,30,,53078,7487,,,1,67,,53085,7487,,,1,31,,53074,7487,,,1,67,,53090,7487,,,1,30,,53086,7487,,,1,70,,53075,7487,,,1,30,,53083,7487,,,1,70,,53079,7487,,,1,30,,53076,7487,,,1,70,,53069,7487,,,1,30,,53080,7487,,,1,70,,53084,7487,,,1,30,,53065,7487,,,1,70,,43901,7487,,,1,105,,53062,7487,,,1,100,,53067,7487,,,1,99,,53088,7487,,,1,100,,53091,7487,,,1,100,,43899,7487,,,1,100,,53068,7487,,,1
600,'SA',645,,53117,7487,,,1,71,,53100,7487,,,1,29,,53111,7487,,,1,70,,53096,7487,,,1,34,,53112,7487,,,1,66,,53101,7487,,,1,35,,53093,7487,,,1,63,,53094,7487,,,1,32,,53119,7487,,,1,69,,53102,7487,,,1,30,,53107,7487,,,1,78,,53103,7487,,,1,30,,53108,7487,,,1,67,,53115,7487,,,1,31,,53104,7487,,,1,67,,53120,7487,,,1,30,,53116,7487,,,1,70,,53105,7487,,,1,30,,53113,7487,,,1,70,,53109,7487,,,1,30,,53106,7487,,,1,70,,53099,7487,,,1,30,,53110,7487,,,1,70,,53114,7487,,,1,30,,53095,7487,,,1,70,,22478,7487,,,1,105,,53092,7487,,,1,100,,53097,7487,,,1,99,,53118,7487,,,1,100,,53121,7487,,,1,100,,22476,7487,,,1,100,,53098,7487,,,1
600,'SE',556,,53147,7487,,,1,70,,53153,7487,,,1,30,,53134,7487,,,1,72,,53122,7487,,,1,73,,53130,7487,,,1,27,,53146,7487,,,1,73,,53139,7487,,,1,28,,53148,7487,,,1,30,,53129,7487,,,1,70,,53144,7487,,,1,30,,53127,7487,,,1,70,,53136,7487,,,1,71,,53150,7487,,,1,30,,53155,7487,,,1,70,,53156,7487,,,1,30,,53152,7487,,,1,70,,53151,7487,,,1,31,,53123,7487,,,1,70,,53142,7487,,,1,32,,53128,7487,,,1,70,,53140,7487,,,1,29,,53145,7487,,,1,78,,53133,7487,,,1,25,,53149,7487,,,1,68,,53132,7487,,,1,28,,53137,7487,,,1,69,,53157,7487,,,1,30,,53131,7487,,,1,28,,53141,7487,,,1,70,,53154,7487,,,1,29,,53126,7487,,,1,70,,53138,7487,,,1,100,,53135,7487,,,1,100,,53124,7487,,,1,100,,53143,7487,,,1,100,,53125,7487,,,1
1500,'DI',744,,54267,9582,,,1,101,,54279,9582,,,1,100,,54276,9582,,,1,100,,54282,9582,,,1,100,,54275,9582,,,1,100,,54268,9582,,,1,100,,54278,9582,,,1,100,,54280,9582,,,1,100,,54270,9582,,,1,100,,54283,9582,,,1,100,,54273,9582,,,1,100,,54277,9582,,,1,98,,54271,9582,,,1,100,,54285,9582,,,1,100,,54284,9582,,,1,100,,54274,9582,,,1,100,,54269,9582,,,1,100,,54281,9582,,,1,100,,54272,9582,,,1
1500,'F1',744,,54286,9582,,,1,101,,54298,9582,,,1,100,,54295,9582,,,1,100,,54301,9582,,,1,100,,54294,9582,,,1,100,,54287,9582,,,1,100,,54297,9582,,,1,100,,54299,9582,,,1,100,,54289,9582,,,1,100,,54302,9582,,,1,100,,54292,9582,,,1,100,,54296,9582,,,1,98,,54290,9582,,,1,100,,54304,9582,,,1,100,,54303,9582,,,1,100,,54293,9582,,,1,100,,54288,9582,,,1,100,,54300,9582,,,1,100,,54291,9582,,,1
1500,'F2',745,,54317,9582,,,1,100,,54315,9582,,,1,100,,54310,9582,,,1,100,,54308,9582,,,1,107,,54320,9582,,,1,95,,44689,9582,,,1,100,,54313,9582,,,1,100,,54318,9582,,,1,100,,54305,9582,,,1,100,,54309,9582,,,1,100,,54321,9582,,,1,100,,54311,9582,,,1,100,,54314,9582,,,1,99,,54307,9582,,,1,100,,54316,9582,,,1,100,,54312,9582,,,1,100,,54306,9582,,,1,100,,44707,9582,,,1,100,,54319,9582,,,1
1500,'SA',745,,54334,9582,,,1,100,,54332,9582,,,1,100,,54327,9582,,,1,100,,54325,9582,,,1,107,,54337,9582,,,1,95,,24497,9582,,,1,100,,54330,9582,,,1,100,,54335,9582,,,1,100,,54322,9582,,,1,100,,54326,9582,,,1,100,,54338,9582,,,1,100,,54328,9582,,,1,100,,54331,9582,,,1,99,,54324,9582,,,1,100,,54333,9582,,,1,100,,54329,9582,,,1,100,,54323,9582,,,1,100,,24515,9582,,,1,100,,54336,9582,,,1
1500,'SE',607,,54343,9582,,,1,30,,54348,9582,,,1,72,,54342,9582,,,1,28,,54375,9582,,,1,74,,54363,9582,,,1,26,,54344,9582,,,1,74,,54367,9582,,,1,30,,54357,9582,,,1,68,,54353,9582,,,1,30,,54359,9582,,,1,70,,54371,9582,,,1,30,,54370,9582,,,1,70,,54360,9582,,,1,30,,54349,9582,,,1,70,,54339,9582,,,1,30,,54361,9582,,,1,70,,54350,9582,,,1,30,,54354,9582,,,1,72,,54352,9582,,,1,30,,54358,9582,,,1,66,,54351,9582,,,1,34,,54373,9582,,,1,82,,54347,9582,,,1,18,,54355,9582,,,1,70,,54374,9582,,,1,30,,54340,9582,,,1,69,,54372,9582,,,1,27,,54369,9582,,,1,70,,54368,9582,,,1,30,,54366,9582,,,1,70,,54364,9582,,,1,30,,54365,9582,,,1,70,,54356,9582,,,1,30,,54345,9582,,,1,100,,54362,9582,,,1,98,,54341,9582,,,1,100,,54346,9582,,,1
3701,'SE',646,,57033,6024,,,2,70,,57034,6024,,,2,30,,57036,6024,,,2,70,,57035,6024,,,2,30,,57037,6024,,,2,780,,57038,1284,,,2,76,,57039,1284,,,2
60600,'SE',1718,,63486,7083,,,2
65001,'SE',850,,63516,9878,,,2
