3301,'DI',632,,56888,1048,,,2,100,,56889,1048,,,2,100,,56890,1048,,,2,100,,56891,1048,,,2,100,,56892,1048,,,2,100,,56893,1048,,,2,100,,56894,1048,,,2,100,,56895,1048,,,2,100,,56896,1048,,,2,100,,56897,1048,,,2,100,,56898,1048,,,2,100,,56899,1048,,,2,100,,56900,1048,,,2,100,,56901,1048,,,2,100,,56902,1048,,,2,100,,56903,1048,,,2,100,,56904,1048,,,2,100,,56905,1048,,,2,100,,56906,1048,,,2
3301,'F1',632,,56907,1048,,,2,100,,56908,1048,,,2,100,,56909,1048,,,2,100,,56910,1048,,,2,100,,56911,1048,,,2,100,,56912,1048,,,2,100,,56913,1048,,,2,100,,56914,1048,,,2,100,,56915,1048,,,2,100,,56916,1048,,,2,100,,56917,1048,,,2,100,,56918,1048,,,2,100,,56919,1048,,,2,100,,56920,1048,,,2,100,,56921,1048,,,2,100,,56922,1048,,,2,100,,56923,1048,,,2,100,,56924,1048,,,2,100,,56925,1048,,,2
3301,'F2',632,,56926,1048,,,2,100,,56927,1048,,,2,100,,56928,1048,,,2,100,,56929,1048,,,2,100,,56930,1048,,,2,100,,56931,1048,,,2,100,,56932,1048,,,2,100,,56933,1048,,,2,100,,56934,1048,,,2,100,,56935,1048,,,2,100,,56936,1048,,,2,100,,56937,1048,,,2,100,,56938,1048,,,2,100,,56939,1048,,,2,100,,56940,1048,,,2,100,,56941,1048,,,2,100,,56942,1048,,,2,100,,56943,1048,,,2,100,,56944,1048,,,2
3301,'SA',632,,56945,1048,,,2,100,,56946,1048,,,2,100,,56947,1048,,,2,100,,56948,1048,,,2,100,,56949,1048,,,2,100,,56950,1048,,,2,100,,56951,1048,,,2,100,,56952,1048,,,2,100,,56953,1048,,,2,100,,56954,1048,,,2,100,,56955,1048,,,2,100,,56956,1048,,,2,100,,56957,1048,,,2,100,,56958,1048,,,2,100,,56959,1048,,,2,100,,56960,1048,,,2,100,,56961,1048,,,2,100,,56962,1048,,,2,100,,56963,1048,,,2
3301,'SE',532,,56967,1048,,,2,70,,56984,1048,,,2,30,,56964,1048,,,2,15,,57000,1048,,,2,55,,56968,1048,,,2,13,,56998,1048,,,2,17,,56973,1048,,,2,15,,57003,1048,,,2,55,,56969,1048,,,2,15,,56991,1048,,,2,15,,56974,1048,,,2,70,,56975,1048,,,2,30,,56970,1048,,,2,70,,57002,1048,,,2,30,,56971,1048,,,2,70,,56976,1048,,,2,30,,56972,1048,,,2,70,,56977,1048,,,2,30,,56986,1048,,,2,70,,56993,1048,,,2,30,,56992,1048,,,2,70,,57004,1048,,,2,30,,56999,1048,,,2,70,,56994,1048,,,2,30,,56965,1048,,,2,69,,56985,1048,,,2,31,,56966,1048,,,2,70,,56978,1048,,,2,30,,56979,1048,,,2,70,,57001,1048,,,2,30,,56990,1048,,,2,81,,56980,1048,,,2,30,,56996,1048,,,2,70,,56981,1048,,,2,27,,56997,1048,,,2,70,,56982,1048,,,2,30,,56995,1048,,,2,70,,56983,1048,,,2,100,,56987,1048,,,2,100,,56988,1048,,,2,100,,56989,1048,,,2
7700,'DI',739,,59947,15272,,,1,100,,59949,15272,,,1,100,,59948,15272,,,1,100,,59950,15272,,,1,100,,59951,15272,,,1,100,,59953,15272,,,1,100,,59952,15272,,,1,101,,59954,15272,,,1,100,,59945,15272,,,1,100,,59955,15272,,,1,100,,59946,15272,,,1,100,,59956,15272,,,1,98,,59957,15272,,,1,100,,59959,15272,,,1,100,,59958,15272,,,1
7700,'F1',739,,59962,15272,,,1,100,,59964,15272,,,1,100,,59963,15272,,,1,100,,59965,15272,,,1,100,,59966,15272,,,1,100,,59968,15272,,,1,100,,59967,15272,,,1,101,,59969,15272,,,1,100,,59960,15272,,,1,100,,59970,15272,,,1,100,,59961,15272,,,1,100,,59971,15272,,,1,98,,59972,15272,,,1,100,,59974,15272,,,1,100,,59973,15272,,,1
7700,'F2',739,,59975,15272,,,1,100,,59977,15272,,,1,100,,59976,15272,,,1,100,,59978,15272,,,1,100,,59980,15272,,,1,100,,59979,15272,,,1,100,,59981,15272,,,1,98,,59982,15272,,,1,103,,59983,15272,,,1,99,,59985,15272,,,1,101,,59984,15272,,,1,100,,59986,15272,,,1,98,,59987,15272,,,1,100,,59989,15272,,,1,100,,59988,15272,,,1
7700,'SA',739,,59990,15272,,,1,100,,59992,15272,,,1,100,,59991,15272,,,1,100,,59993,15272,,,1,100,,59995,15272,,,1,100,,59994,15272,,,1,100,,59996,15272,,,1,98,,59997,15272,,,1,103,,59998,15272,,,1,99,,60000,15272,,,1,101,,59999,15272,,,1,100,,60001,15272,,,1,98,,60002,15272,,,1,100,,60004,15272,,,1,100,,60003,15272,,,1
7700,'SE',625,,60026,15272,,,1,77,,60025,15272,,,1,37,,60027,15272,,,1,69,,60005,15272,,,1,31,,60007,15272,,,1,71,,60009,15272,,,1,30,,60028,15272,,,1,70,,60006,15272,,,1,30,,60008,15272,,,1,70,,60010,15272,,,1,32,,60029,15272,,,1,69,,60030,15272,,,1,31,,60031,15272,,,1,73,,60011,15272,,,1,30,,60032,15272,,,1,70,,60014,15272,,,1,28,,60020,15272,,,1,73,,60012,15272,,,1,20,,60036,15272,,,1,20,,60033,15272,,,1,45,,60042,15272,,,1,15,,60015,15272,,,1,19,,60023,15272,,,1,18,,60021,15272,,,1,58,,60039,15272,,,1,19,,60013,15272,,,1,16,,60017,15272,,,1,60,,60037,15272,,,1,20,,60016,15272,,,1,18,,60024,15272,,,1,2,,60034,15272,,,1,56,,60022,15272,,,1,15,,60040,15272,,,1,30,,60018,15272,,,1,72,,60038,15272,,,1,31,,60035,15272,,,1,66,,60041,15272,,,1,30,,60019,15272,,,1
