501,'DI',558,,52825,1476,0,28 29,1,70,,52832,1476,0,28 29,1,30,,52826,1476,0,28 29,1,70,,52833,1476,0,28 29,1,30,,52827,1476,0,28 29,1,70,,52834,1476,0,28 29,1,30,,52828,1476,0,28 29,1,70,,52835,1476,0,28 29,1,30,,52840,1476,0,28 29,1,70,,52836,1476,0,28 29,1,30,,52851,1476,0,28 29,1,70,,52837,1476,0,28 29,1,30,,52849,1476,0,28 29,1,72,,52838,1476,0,28 29,1,70,,52855,1476,0,28 29,1,28,,52846,1476,0,28 29,1,72,,52843,1476,0,28 29,1,30,,52839,1476,0,28 29,1,70,,52848,1476,0,28 29,1,29,,52850,1476,0,28 29,1,71,,52829,1476,0,28 29,1,30,,52847,1476,0,28 29,1,70,,52852,1476,0,28 29,1,30,,52856,1476,0,28 29,1,70,,52841,1476,0,28 29,1,59,,52830,1476,0,28 29,1,100,,52853,1476,0,28 29,1,100,,52844,1476,0,28 29,1,100,,52831,1476,0,28 29,1,100,,52854,1476,0,28 29,1,100,,52842,1476,0,28 29,1,100,,52845,1476,0,28 29,1
501,'F1',558,,52857,1476,0,28 29,1,70,,52864,1476,0,28 29,1,30,,52858,1476,0,28 29,1,70,,52865,1476,0,28 29,1,30,,52859,1476,0,28 29,1,70,,52866,1476,0,28 29,1,30,,52860,1476,0,28 29,1,70,,52867,1476,0,28 29,1,30,,52872,1476,0,28 29,1,70,,52868,1476,0,28 29,1,30,,52883,1476,0,28 29,1,70,,52869,1476,0,28 29,1,30,,52881,1476,0,28 29,1,72,,52870,1476,0,28 29,1,70,,52887,1476,0,28 29,1,28,,52878,1476,0,28 29,1,72,,52875,1476,0,28 29,1,30,,52871,1476,0,28 29,1,70,,52880,1476,0,28 29,1,29,,52882,1476,0,28 29,1,71,,52861,1476,0,28 29,1,30,,52879,1476,0,28 29,1,70,,52884,1476,0,28 29,1,30,,52888,1476,0,28 29,1,70,,52873,1476,0,28 29,1,59,,52862,1476,0,28 29,1,100,,52885,1476,0,28 29,1,100,,52876,1476,0,28 29,1,100,,52863,1476,0,28 29,1,100,,52886,1476,0,28 29,1,100,,52874,1476,0,28 29,1,100,,52877,1476,0,28 29,1
501,'F2',528,,52889,1476,0,28 29,1,30,,43758,1476,0,28 29,1,70,,52890,1476,0,28 29,1,30,,43759,1476,0,28 29,1,70,,52891,1476,0,28 29,1,30,,52901,1476,0,28 29,1,70,,43753,1476,0,28 29,1,30,,52898,1476,0,28 29,1,70,,43754,1476,0,28 29,1,30,,52904,1476,0,28 29,1,70,,43755,1476,0,28 29,1,30,,52909,1476,0,28 29,1,70,,43756,1476,0,28 29,1,30,,52906,1476,0,28 29,1,72,,52899,1476,0,28 29,1,70,,52902,1476,0,28 29,1,30,,43762,1476,0,28 29,1,70,,52914,1476,0,28 29,1,30,,43777,1476,0,28 29,1,70,,52900,1476,0,28 29,1,30,,52893,1476,0,28 29,1,70,,52895,1476,0,28 29,1,30,,52892,1476,0,28 29,1,70,,52910,1476,0,28 29,1,30,,52894,1476,0,28 29,1,70,,52905,1476,0,28 29,1,59,,52896,1476,0,28 29,1,100,,52911,1476,0,28 29,1,100,,52903,1476,0,28 29,1,100,,52897,1476,0,28 29,1,100,,52912,1476,0,28 29,1,100,,52913,1476,0,28 29,1,100,,52907,1476,0,28 29,1,100,,52908,1476,0,28 29,1
501,'SA',528,,52915,1476,0,28 29,1,30,,22174,1476,0,28 29,1,70,,52916,1476,0,28 29,1,30,,22175,1476,0,28 29,1,70,,52917,1476,0,28 29,1,30,,52927,1476,0,28 29,1,70,,22169,1476,0,28 29,1,30,,52924,1476,0,28 29,1,70,,22170,1476,0,28 29,1,30,,52930,1476,0,28 29,1,70,,22171,1476,0,28 29,1,30,,52935,1476,0,28 29,1,70,,22172,1476,0,28 29,1,30,,52932,1476,0,28 29,1,72,,52925,1476,0,28 29,1,70,,52928,1476,0,28 29,1,30,,22178,1476,0,28 29,1,70,,52940,1476,0,28 29,1,30,,22193,1476,0,28 29,1,70,,52926,1476,0,28 29,1,30,,52919,1476,0,28 29,1,70,,52921,1476,0,28 29,1,30,,52918,1476,0,28 29,1,70,,52936,1476,0,28 29,1,30,,52920,1476,0,28 29,1,70,,52931,1476,0,28 29,1,59,,52922,1476,0,28 29,1,100,,52937,1476,0,28 29,1,100,,52929,1476,0,28 29,1,100,,52923,1476,0,28 29,1,100,,52938,1476,0,28 29,1,100,,52939,1476,0,28 29,1,100,,52933,1476,0,28 29,1,100,,52934,1476,0,28 29,1
501,'SE',439,,52941,1476,,,1,65,,52968,1476,0,28 29,1,20,,52979,1476,0,28 29,1,20,,52942,1476,0,28 29,1,15,,52975,1476,0,28 29,1,55,,52985,1476,0,28 29,1,15,,52980,1476,0,28 29,1,9,,52972,1476,0,28 29,1,9,,52946,1476,0,28 29,1,12,,52976,1476,0,28 29,1,50,,52949,1476,0,28 29,1,10,,52950,1476,0,28 29,1,10,,52945,1476,0,28 29,1,10,,52982,1476,0,28 29,1,10,,52997,1476,0,28 29,1,10,,52947,1476,0,28 29,1,50,,52984,1476,0,28 29,1,11,,52994,1476,0,28 29,1,9,,52951,1476,0,28 29,1,20,,52943,1476,0,28 29,1,60,,52948,1476,0,28 29,1,20,,52995,1476,0,28 29,1,30,,52944,1476,0,28 29,1,70,,52966,1476,0,28 29,1,30,,52981,1476,0,28 29,1,70,,52973,1476,0,28 29,1,30,,52952,1476,0,28 29,1,70,,52954,1476,0,28 29,1,71,,52970,1476,0,28 29,1,30,,52959,1476,0,28 29,1,70,,52956,1476,0,28 29,1,30,,52977,1476,0,28 29,1,70,,52990,1476,0,28 29,1,34,,52955,1476,0,28 29,1,13,,52989,1476,0,28 29,1,55,,52960,1476,0,28 29,1,17,,52961,1476,0,28 29,1,15,,52986,1476,0,28 29,1,17,,52969,1476,0,28 29,1,56,,52971,1476,0,28 29,1,12,,52962,1476,0,28 29,1,15,,52953,1476,0,28 29,1,15,,52987,1476,0,28 29,1,55,,52974,1476,0,28 29,1,22,,52992,1476,0,28 29,1,16,,52978,1476,0,28 29,1,61,,52957,1476,0,28 29,1,25,,52993,1476,0,28 29,1,30,,52983,1476,0,28 29,1,70,,52988,1476,0,28 29,1,30,,52996,1476,0,28 29,1,70,,52967,1476,0,28 29,1,30,,52958,1476,0,28 29,1,100,,52991,1476,0,28 29,1,100,,52963,1476,0,28 29,1,100,,52964,1476,0,28 29,1,100,,52965,1476,0,28 29,1
8801,'DI',620,,61085,5661,,,1,30,,61081,5661,,,1,70,,61091,5661,,,1,30,,61099,5661,,,1,69,,61086,5661,,,1,30,,61082,5661,,,1,70,,61092,5661,,,1,28,,61100,5661,,,1,69,,61087,5661,,,1,30,,61083,5661,,,1,69,,61093,5661,,,1,30,,61101,5661,,,1,70,,61089,5661,,,1,30,,61084,5661,,,1,70,,61094,5661,,,1,31,,61098,5661,,,1,70,,61102,5661,,,1,31,,61080,5661,,,1,71,,61095,5661,,,1,29,,61078,5661,,,1,70,,61103,5661,,,1,30,,61090,5661,,,1,70,,61096,5661,,,1,34,,61079,5661,,,1,62,,61104,5661,,,1,106,,61097,5661,,,1,101,,61106,5661,,,1,100,,61105,5661,,,1,100,,61107,5661,,,1,100,,61088,5661,,,1,99,,61108,5661,,,1
8801,'F1',620,,61116,5661,,,1,30,,61112,5661,,,1,70,,61122,5661,,,1,30,,61130,5661,,,1,69,,61117,5661,,,1,30,,61113,5661,,,1,70,,61123,5661,,,1,28,,61131,5661,,,1,69,,61118,5661,,,1,30,,61114,5661,,,1,69,,61124,5661,,,1,30,,61132,5661,,,1,70,,61120,5661,,,1,30,,61115,5661,,,1,70,,61125,5661,,,1,31,,61129,5661,,,1,70,,61133,5661,,,1,31,,61111,5661,,,1,71,,61126,5661,,,1,29,,61109,5661,,,1,70,,61134,5661,,,1,30,,61121,5661,,,1,70,,61127,5661,,,1,34,,61110,5661,,,1,62,,61135,5661,,,1,106,,61128,5661,,,1,101,,61137,5661,,,1,100,,61136,5661,,,1,100,,61138,5661,,,1,100,,61119,5661,,,1,99,,61139,5661,,,1
8801,'F2',618,,61143,5661,,,1,30,,61149,5661,,,1,70,,61157,5661,,,1,29,,61160,5661,,,1,70,,61144,5661,,,1,30,,61150,5661,,,1,70,,61158,5661,,,1,27,,61161,5661,,,1,70,,61145,5661,,,1,29,,61151,5661,,,1,70,,61159,5661,,,1,31,,61162,5661,,,1,70,,61146,5661,,,1,31,,61152,5661,,,1,68,,61166,5661,,,1,31,,61163,5661,,,1,70,,61147,5661,,,1,30,,61153,5661,,,1,70,,61169,5661,,,1,30,,61140,5661,,,1,70,,61148,5661,,,1,31,,61142,5661,,,1,68,,61170,5661,,,1,32,,61141,5661,,,1,62,,61165,5661,,,1,109,,61167,5661,,,1,100,,61154,5661,,,1,100,,61168,5661,,,1,100,,61155,5661,,,1,98,,61164,5661,,,1,100,,61156,5661,,,1
8801,'SA',618,,61174,5661,,,1,30,,61180,5661,,,1,70,,61188,5661,,,1,29,,61191,5661,,,1,70,,61175,5661,,,1,30,,61181,5661,,,1,70,,61189,5661,,,1,27,,61192,5661,,,1,70,,61176,5661,,,1,29,,61182,5661,,,1,70,,61190,5661,,,1,31,,61193,5661,,,1,70,,61177,5661,,,1,31,,61183,5661,,,1,68,,61197,5661,,,1,31,,61194,5661,,,1,70,,61178,5661,,,1,30,,61184,5661,,,1,70,,61200,5661,,,1,30,,61171,5661,,,1,70,,61179,5661,,,1,31,,61173,5661,,,1,68,,61201,5661,,,1,32,,61172,5661,,,1,62,,61196,5661,,,1,109,,61198,5661,,,1,100,,61185,5661,,,1,100,,61199,5661,,,1,100,,61186,5661,,,1,98,,61195,5661,,,1,100,,61187,5661,,,1
8801,'SE',615,,61216,5661,,,1,20,,61203,5661,,,1,15,,61231,5661,,,1,52,,61217,5661,,,1,7,,61218,5661,,,1,17,,61220,5661,,,1,9,,61208,5661,,,1,12,,61221,5661,,,1,12,,61202,5661,,,1,50,,61244,5661,,,1,20,,61243,5661,,,1,18,,61214,5661,,,1,70,,61219,5661,,,1,30,,61209,5661,,,1,70,,61205,5661,,,1,30,,61232,5661,,,1,70,,61242,5661,,,1,30,,61207,5661,,,1,70,,61239,5661,,,1,30,,61240,5661,,,1,70,,61204,5661,,,1,30,,61235,5661,,,1,72,,61241,5661,,,1,29,,61206,5661,,,1,9,,61222,5661,,,1,2,,61212,5661,,,1,42,,61233,5661,,,1,7,,61213,5661,,,1,17,,61237,5661,,,1,18,,61246,5661,,,1,12,,61236,5661,,,1,55,,61215,5661,,,1,16,,61248,5661,,,1,15,,61210,5661,,,1,15,,61245,5661,,,1,54,,61223,5661,,,1,16,,61234,5661,,,1,17,,61238,5661,,,1,57,,61247,5661,,,1,20,,61227,5661,,,1,27,,61249,5661,,,1,72,,61224,5661,,,1,30,,61250,5661,,,1,70,,61228,5661,,,1,30,,61211,5661,,,1,70,,61225,5661,,,1,102,,61229,5661,,,1,98,,61226,5661,,,1,100,,61230,5661,,,1
50501,'SE',913,,63424,6330,,,2
