3200,'DI',624,,56554,11974,4,,1,101,,56555,11974,4,,1,99,,56556,11974,4,,1,102,,56562,11974,4,,1,100,,56561,11974,4,,1,101,,56557,11974,4,,1,101,,56558,11974,4,,1,103,,56565,11974,4,,1,98,,56563,11974,4,,1,104,,56559,11974,4,,1,96,,56566,11974,4,,1,100,,56564,11974,4,,1,100,,56567,11974,4,,1,99,,56570,11974,4,,1,100,,56568,11974,4,,1,100,,56572,11974,4,,1,100,,56571,11974,4,,1,100,,56569,11974,4,,1,100,,56573,11974,4,,1,99,,56560,11974,4,,1
3200,'F1',624,,56574,11974,4,,1,101,,56575,11974,4,,1,99,,56576,11974,4,,1,102,,56582,11974,4,,1,100,,56581,11974,4,,1,101,,56577,11974,4,,1,101,,56578,11974,4,,1,103,,56585,11974,4,,1,98,,56583,11974,4,,1,104,,56579,11974,4,,1,96,,56586,11974,4,,1,100,,56584,11974,4,,1,100,,56587,11974,4,,1,99,,56590,11974,4,,1,100,,56588,11974,4,,1,100,,56592,11974,4,,1,100,,56591,11974,4,,1,100,,56589,11974,4,,1,100,,56593,11974,4,,1,99,,56580,11974,4,,1
3200,'F2',624,,56595,11974,4,,1,101,,56596,11974,4,,1,96,,56601,11974,4,,1,103,,56603,11974,4,,1,101,,56594,11974,4,,1,102,,56602,11974,4,,1,99,,56604,11974,4,,1,106,,56605,11974,4,,1,102,,56607,11974,4,,1,97,,56597,11974,4,,1,98,,56606,11974,4,,1,100,,56608,11974,4,,1,100,,56598,11974,4,,1,99,,56609,11974,4,,1,100,,56613,11974,4,,1,100,,56611,11974,4,,1,100,,56610,11974,4,,1,100,,56599,11974,4,,1,100,,56612,11974,4,,1,99,,56600,11974,4,,1
3200,'SA',624,,56615,11974,4,,1,101,,56616,11974,4,,1,96,,56621,11974,4,,1,103,,56623,11974,4,,1,101,,56614,11974,4,,1,102,,56622,11974,4,,1,99,,56624,11974,4,,1,106,,56625,11974,4,,1,102,,56627,11974,4,,1,97,,56617,11974,4,,1,98,,56626,11974,4,,1,100,,56628,11974,4,,1,100,,56618,11974,4,,1,99,,56629,11974,4,,1,100,,56633,11974,4,,1,100,,56631,11974,4,,1,100,,56630,11974,4,,1,100,,56619,11974,4,,1,100,,56632,11974,4,,1,99,,56620,11974,4,,1
3200,'SE',900,,56634,11974,4,,1,56,,56641,11974,4,,1,101,,56636,11974,4,,1,100,,56647,11974,4,,1,100,,56640,11974,4,,1,100,,56642,11974,4,,1,143,,56644,11974,4,,1,433,,56645,11974,4,,1,70,,56639,11974,4,,1,100,,56643,11974,4,,1,98,,56646,11974,4,,1,100,,56635,11974,4,,1,58,,56637,11974,4,,1,141,,56638,11974,4,,1
8801,'DI',612,,61085,1777,,,1,30,,61081,1777,,,1,70,,61091,1777,,,1,30,,61099,1777,,,1,69,,61086,1777,,,1,30,,61082,1777,,,1,70,,61092,1777,,,1,28,,61100,1777,,,1,69,,61087,1777,,,1,30,,61083,1777,,,1,69,,61093,1777,,,1,30,,61101,1777,,,1,70,,61089,1777,,,1,30,,61084,1777,,,1,70,,61094,1777,,,1,31,,61098,1777,,,1,70,,61102,1777,,,1,31,,61080,1777,,,1,71,,61095,1777,,,1,29,,61078,1777,,,1,70,,61103,1777,,,1,30,,61090,1777,,,1,70,,61096,1777,,,1,34,,61079,1777,,,1,62,,61104,1777,,,1,106,,61097,1777,,,1,101,,61106,1777,,,1,100,,61105,1777,,,1,100,,61107,1777,,,1,100,,61088,1777,,,1,99,,61108,1777,,,1
8801,'F1',612,,61116,1777,,,1,30,,61112,1777,,,1,70,,61122,1777,,,1,30,,61130,1777,,,1,69,,61117,1777,,,1,30,,61113,1777,,,1,70,,61123,1777,,,1,28,,61131,1777,,,1,69,,61118,1777,,,1,30,,61114,1777,,,1,69,,61124,1777,,,1,30,,61132,1777,,,1,70,,61120,1777,,,1,30,,61115,1777,,,1,70,,61125,1777,,,1,31,,61129,1777,,,1,70,,61133,1777,,,1,31,,61111,1777,,,1,71,,61126,1777,,,1,29,,61109,1777,,,1,70,,61134,1777,,,1,30,,61121,1777,,,1,70,,61127,1777,,,1,34,,61110,1777,,,1,62,,61135,1777,,,1,106,,61128,1777,,,1,101,,61137,1777,,,1,100,,61136,1777,,,1,100,,61138,1777,,,1,100,,61119,1777,,,1,99,,61139,1777,,,1
8801,'F2',610,,61143,1777,,,1,30,,61149,1777,,,1,70,,61157,1777,,,1,28,,61160,1777,,,1,70,,61144,1777,,,1,30,,61150,1777,,,1,70,,61158,1777,,,1,27,,61161,1777,,,1,70,,61145,1777,,,1,29,,61151,1777,,,1,70,,61159,1777,,,1,31,,61162,1777,,,1,70,,61146,1777,,,1,31,,61152,1777,,,1,68,,61166,1777,,,1,31,,61163,1777,,,1,70,,61147,1777,,,1,30,,61153,1777,,,1,70,,61169,1777,,,1,30,,61140,1777,,,1,71,,61148,1777,,,1,31,,61142,1777,,,1,68,,61170,1777,,,1,32,,61141,1777,,,1,22,,61165,1777,,,1,149,,61167,1777,,,1,100,,61154,1777,,,1,100,,61168,1777,,,1,100,,61155,1777,,,1,98,,61164,1777,,,1,100,,61156,1777,,,1
8801,'SA',610,,61174,1777,,,1,30,,61180,1777,,,1,70,,61188,1777,,,1,28,,61191,1777,,,1,70,,61175,1777,,,1,30,,61181,1777,,,1,70,,61189,1777,,,1,27,,61192,1777,,,1,70,,61176,1777,,,1,29,,61182,1777,,,1,70,,61190,1777,,,1,31,,61193,1777,,,1,70,,61177,1777,,,1,31,,61183,1777,,,1,68,,61197,1777,,,1,31,,61194,1777,,,1,70,,61178,1777,,,1,30,,61184,1777,,,1,70,,61200,1777,,,1,30,,61171,1777,,,1,71,,61179,1777,,,1,31,,61173,1777,,,1,68,,61201,1777,,,1,32,,61172,1777,,,1,22,,61196,1777,,,1,149,,61198,1777,,,1,100,,61185,1777,,,1,100,,61199,1777,,,1,100,,61186,1777,,,1,98,,61195,1777,,,1,100,,61187,1777,,,1
8801,'SE',606,,61216,1777,,,1,20,,61203,1777,,,1,15,,61231,1777,,,1,12,,61217,1777,,,1,47,,61218,1777,,,1,16,,61220,1777,,,1,9,,61208,1777,,,1,12,,61221,1777,,,1,12,,61202,1777,,,1,10,,61244,1777,,,1,61,,61243,1777,,,1,18,,61214,1777,,,1,70,,61219,1777,,,1,30,,61209,1777,,,1,70,,61205,1777,,,1,30,,61232,1777,,,1,70,,61242,1777,,,1,30,,61207,1777,,,1,70,,61239,1777,,,1,30,,61240,1777,,,1,70,,61204,1777,,,1,30,,61235,1777,,,1,72,,61241,1777,,,1,29,,61206,1777,,,1,9,,61222,1777,,,1,2,,61212,1777,,,1,2,,61233,1777,,,1,7,,61213,1777,,,1,57,,61237,1777,,,1,18,,61246,1777,,,1,12,,61236,1777,,,1,55,,61215,1777,,,1,15,,61248,1777,,,1,16,,61210,1777,,,1,15,,61245,1777,,,1,54,,61223,1777,,,1,16,,61234,1777,,,1,17,,61238,1777,,,1,17,,61247,1777,,,1,61,,61227,1777,,,1,27,,61249,1777,,,1,72,,61224,1777,,,1,30,,61250,1777,,,1,70,,61228,1777,,,1,30,,61211,1777,,,1,70,,61225,1777,,,1,102,,61229,1777,,,1,98,,61226,1777,,,1,100,,61230,1777,,,1
50501,'SE',905,,63424,2446,,,2
