101,'DI',638,,51926,7812,,,1,100,,51927,7812,,,1,100,,51928,7812,,,1,100,,51921,7812,,,1,100,,51922,7812,,,1,100,,51923,7812,,,1,100,,51924,7812,,,1,100,,51925,7812,,,1,101,,51930,7812,,,1,100,,51929,7812,,,1,98,,51911,7812,,,1,100,,51912,7812,,,1,100,,51913,7812,,,1,100,,51914,7812,,,1,100,,51915,7812,,,1,100,,51916,7812,,,1,100,,51917,7812,,,1,100,,51918,7812,,,1,100,,51919,7812,,,1,100,,51920,7812,,,1
101,'F1',638,,51946,7812,,,1,100,,51947,7812,,,1,100,,51948,7812,,,1,100,,51941,7812,,,1,100,,51942,7812,,,1,100,,51943,7812,,,1,100,,51944,7812,,,1,100,,51945,7812,,,1,101,,51950,7812,,,1,100,,51949,7812,,,1,98,,51931,7812,,,1,100,,51932,7812,,,1,100,,51933,7812,,,1,100,,51934,7812,,,1,100,,51935,7812,,,1,100,,51936,7812,,,1,100,,51937,7812,,,1,100,,51938,7812,,,1,100,,51939,7812,,,1,100,,51940,7812,,,1
101,'F2',608,,51951,7812,,,1,30,,43132,7812,,,1,70,,51952,7812,,,1,30,,43133,7812,,,1,70,,51953,7812,,,1,30,,43134,7812,,,1,70,,51954,7812,,,1,30,,43135,7812,,,1,70,,51963,7812,,,1,30,,43136,7812,,,1,70,,51964,7812,,,1,30,,43137,7812,,,1,70,,51955,7812,,,1,30,,51965,7812,,,1,70,,51969,7812,,,1,30,,51975,7812,,,1,71,,51970,7812,,,1,30,,51976,7812,,,1,70,,51971,7812,,,1,30,,51977,7812,,,1,68,,51966,7812,,,1,30,,51972,7812,,,1,70,,51967,7812,,,1,30,,51973,7812,,,1,70,,51968,7812,,,1,30,,51974,7812,,,1,100,,51956,7812,,,1,100,,51957,7812,,,1,100,,51958,7812,,,1,100,,51959,7812,,,1,100,,51960,7812,,,1,100,,51961,7812,,,1,100,,51962,7812,,,1
101,'SA',608,,51978,7812,,,1,30,,20561,7812,,,1,70,,51979,7812,,,1,30,,20562,7812,,,1,70,,51980,7812,,,1,30,,20563,7812,,,1,70,,51981,7812,,,1,30,,20564,7812,,,1,70,,51990,7812,,,1,30,,20565,7812,,,1,70,,51991,7812,,,1,30,,20566,7812,,,1,70,,51982,7812,,,1,30,,51992,7812,,,1,70,,51996,7812,,,1,30,,52002,7812,,,1,71,,51997,7812,,,1,30,,52003,7812,,,1,70,,51998,7812,,,1,30,,52004,7812,,,1,68,,51993,7812,,,1,30,,51999,7812,,,1,70,,51994,7812,,,1,30,,52000,7812,,,1,70,,51995,7812,,,1,30,,52001,7812,,,1,100,,51983,7812,,,1,100,,51984,7812,,,1,100,,51985,7812,,,1,100,,51986,7812,,,1,100,,51987,7812,,,1,100,,51988,7812,,,1,100,,51989,7812,,,1
101,'SE',520,,52025,7812,,,1,30,,52026,7812,,,1,62,,52024,7812,,,1,20,,52005,7812,,,1,20,,52020,7812,,,1,56,,52044,7812,,,1,22,,52007,7812,,,1,10,,52006,7812,,,1,61,,52023,7812,,,1,15,,52041,7812,,,1,15,,52038,7812,,,1,15,,52008,7812,,,1,13,,52039,7812,,,1,60,,52047,7812,,,1,20,,52009,7812,,,1,20,,52017,7812,,,1,70,,52042,7812,,,1,30,,52030,7812,,,1,70,,52028,7812,,,1,30,,52048,7812,,,1,70,,52037,7812,,,1,71,,52045,7812,,,1,30,,52022,7812,,,1,70,,52018,7812,,,1,30,,52031,7812,,,1,70,,52029,7812,,,1,32,,52019,7812,,,1,73,,52033,7812,,,1,17,,52035,7812,,,1,34,,52015,7812,,,1,71,,52021,7812,,,1,74,,52016,7812,,,1,24,,52043,7812,,,1,27,,52046,7812,,,1,75,,52034,7812,,,1,28,,52027,7812,,,1,70,,52040,7812,,,1,30,,52032,7812,,,1,68,,52010,7812,,,1,30,,52036,7812,,,1,70,,52011,7812,,,1,100,,52012,7812,,,1,99,,52013,7812,,,1,100,,52014,7812,,,1
7101,'DI',541,,58887,7492,,,2,70,,58900,7492,,,2,32,,58884,7492,,,2,70,,58881,7492,,,2,30,,58877,7492,,,2,70,,58888,7492,,,2,31,,58885,7492,,,2,69,,58894,7492,,,2,30,,58889,7492,,,2,70,,58890,7492,,,2,31,,58878,7492,,,2,70,,58891,7492,,,2,30,,58879,7492,,,2,70,,58892,7492,,,2,30,,58895,7492,,,2,70,,58893,7492,,,2,30,,58902,7492,,,2,70,,58896,7492,,,2,30,,58903,7492,,,2,70,,58897,7492,,,2,30,,58904,7492,,,2,70,,58898,7492,,,2,30,,58882,7492,,,2,70,,58899,7492,,,2,28,,58883,7492,,,2,76,,58873,7492,,,2,26,,58901,7492,,,2,72,,58874,7492,,,2,98,,58875,7492,,,2,100,,58876,7492,,,2,100,,58880,7492,,,2,100,,58871,7492,,,2,100,,58872,7492,,,2
7101,'F1',541,,58921,7492,,,2,70,,58934,7492,,,2,32,,58918,7492,,,2,70,,58915,7492,,,2,30,,58911,7492,,,2,70,,58922,7492,,,2,31,,58919,7492,,,2,69,,58928,7492,,,2,30,,58923,7492,,,2,70,,58924,7492,,,2,31,,58912,7492,,,2,70,,58925,7492,,,2,30,,58913,7492,,,2,70,,58926,7492,,,2,30,,58929,7492,,,2,70,,58927,7492,,,2,30,,58936,7492,,,2,70,,58930,7492,,,2,30,,58937,7492,,,2,70,,58931,7492,,,2,30,,58938,7492,,,2,70,,58932,7492,,,2,30,,58916,7492,,,2,70,,58933,7492,,,2,28,,58917,7492,,,2,76,,58907,7492,,,2,26,,58935,7492,,,2,72,,58908,7492,,,2,98,,58909,7492,,,2,100,,58910,7492,,,2,100,,58914,7492,,,2,100,,58905,7492,,,2,100,,58906,7492,,,2
7101,'F2',541,,58960,7492,,,2,70,,58959,7492,,,2,32,,58958,7492,,,2,70,,58954,7492,,,2,30,,58940,7492,,,2,70,,58961,7492,,,2,31,,58950,7492,,,2,69,,58962,7492,,,2,30,,58948,7492,,,2,70,,58963,7492,,,2,31,,58957,7492,,,2,70,,58964,7492,,,2,30,,58949,7492,,,2,70,,58965,7492,,,2,30,,58953,7492,,,2,70,,58943,7492,,,2,30,,58966,7492,,,2,70,,58944,7492,,,2,30,,58967,7492,,,2,70,,58945,7492,,,2,30,,58968,7492,,,2,70,,58946,7492,,,2,30,,58969,7492,,,2,68,,58947,7492,,,2,30,,58970,7492,,,2,76,,58955,7492,,,2,26,,58971,7492,,,2,72,,58956,7492,,,2,98,,58951,7492,,,2,100,,58952,7492,,,2,100,,58939,7492,,,2,100,,58941,7492,,,2,100,,58942,7492,,,2,100,,58972,7492,,,2
7101,'SA',541,,58995,7492,,,2,70,,58994,7492,,,2,32,,58993,7492,,,2,70,,58989,7492,,,2,30,,58975,7492,,,2,70,,58996,7492,,,2,31,,58985,7492,,,2,69,,58997,7492,,,2,30,,58983,7492,,,2,70,,58998,7492,,,2,31,,58992,7492,,,2,70,,58999,7492,,,2,30,,58984,7492,,,2,70,,59000,7492,,,2,30,,58988,7492,,,2,70,,58978,7492,,,2,30,,59001,7492,,,2,70,,58979,7492,,,2,30,,59002,7492,,,2,70,,58980,7492,,,2,30,,59003,7492,,,2,70,,58981,7492,,,2,30,,59004,7492,,,2,68,,58982,7492,,,2,30,,59005,7492,,,2,76,,58990,7492,,,2,26,,59006,7492,,,2,72,,58991,7492,,,2,98,,58986,7492,,,2,100,,58987,7492,,,2,100,,58974,7492,,,2,100,,58976,7492,,,2,100,,58977,7492,,,2,100,,59007,7492,,,2
7101,'SE',504,,59016,7492,,,2,30,,59010,7492,,,2,70,,59017,7492,,,2,33,,59049,7492,,,2,70,,59018,7492,,,2,15,,59014,7492,,,2,25,,59027,7492,,,2,60,,59050,7492,,,2,20,,59012,7492,,,2,20,,59028,7492,,,2,70,,59013,7492,,,2,28,,59035,7492,,,2,69,,59029,7492,,,2,30,,59036,7492,,,2,70,,59030,7492,,,2,30,,59037,7492,,,2,70,,59031,7492,,,2,30,,59038,7492,,,2,69,,59032,7492,,,2,30,,59039,7492,,,2,70,,59033,7492,,,2,33,,59040,7492,,,2,70,,59034,7492,,,2,32,,59054,7492,,,2,71,,59019,7492,,,2,30,,59011,7492,,,2,63,,59041,7492,,,2,25,,59042,7492,,,2,76,,59015,7492,,,2,37,,59009,7492,,,2,66,,59020,7492,,,2,29,,59043,7492,,,2,70,,59021,7492,,,2,30,,59044,7492,,,2,70,,59022,7492,,,2,30,,59045,7492,,,2,70,,59023,7492,,,2,30,,59046,7492,,,2,70,,59024,7492,,,2,28,,59047,7492,,,2,70,,59025,7492,,,2,27,,59052,7492,,,2
44201,'SE',738,,63040,17907,,,2,100,,63039,17907,,,2
50101,'SE',800,,63419,8100,,,2,100,,63420,8100,,,2
55401,'SE',1649,,63469,976,,,2
58000,'SE',1552,,63478,1219,,,2
61300,'SE',1647,,63495,349,,,2
