2901,'DI',657,,56439,328,,,1,100,,56440,328,,,1,100,,56441,328,,,1,100,,56442,328,,,1,100,,56443,328,,,1,100,,56444,328,,,1,100,,56445,328,,,1,100,,56446,328,,,1,100,,56447,328,,,1,100,,56448,328,,,1,100,,56449,328,,,1,100,,56450,328,,,1,100,,56451,328,,,1,100,,56452,328,,,1,100,,56453,328,,,1,100,,56454,328,,,1,100,,56455,328,,,1,160,,56456,328,,,1,100,,56457,328,,,1
2901,'F1',657,,56458,328,,,1,100,,56459,328,,,1,100,,56460,328,,,1,100,,56461,328,,,1,100,,56462,328,,,1,100,,56463,328,,,1,100,,56464,328,,,1,100,,56465,328,,,1,100,,56466,328,,,1,100,,56467,328,,,1,100,,56468,328,,,1,100,,56469,328,,,1,100,,56470,328,,,1,100,,56471,328,,,1,100,,56472,328,,,1,100,,56473,328,,,1,100,,56474,328,,,1,160,,56475,328,,,1,100,,56476,328,,,1
2901,'F2',657,,56485,328,,,1,100,,56486,328,,,1,100,,56487,328,,,1,100,,56488,328,,,1,100,,56489,328,,,1,100,,56490,328,,,1,100,,56491,328,,,1,100,,56492,328,,,1,99,,56493,328,,,1,99,,56494,328,,,1,99,,56495,328,,,1,148,,56477,328,,,1,99,,56478,328,,,1,57,,56479,328,,,1,99,,56480,328,,,1,100,,56481,328,,,1,100,,56482,328,,,1,160,,56483,328,,,1,100,,56484,328,,,1
2901,'SA',657,,56504,328,,,1,100,,56505,328,,,1,100,,56506,328,,,1,100,,56507,328,,,1,100,,56508,328,,,1,100,,56509,328,,,1,100,,56510,328,,,1,100,,56511,328,,,1,99,,56512,328,,,1,99,,56513,328,,,1,99,,56514,328,,,1,148,,56496,328,,,1,99,,56497,328,,,1,57,,56498,328,,,1,99,,56499,328,,,1,100,,56500,328,,,1,100,,56501,328,,,1,160,,56502,328,,,1,100,,56503,328,,,1
2901,'SE',627,,56526,328,,,1,26,,56535,328,,,1,72,,56538,328,,,1,5,,56517,328,,,1,27,,56541,328,,,1,70,,56530,328,,,1,30,,56539,328,,,1,143,,56516,328,,,1,100,,56537,328,,,1,101,,56542,328,,,1,100,,56534,328,,,1,100,,56524,328,,,1,99,,56536,328,,,1,35,,56540,328,,,1,66,,56515,328,,,1,34,,56533,328,,,1,20,,56518,328,,,1,69,,56519,328,,,1,14,,56529,328,,,1,68,,56527,328,,,1,28,,56520,328,,,1,67,,56525,328,,,1,99,,56528,328,,,1,59,,56521,328,,,1,99,,56522,328,,,1,98,,56523,328,,,1,161,,56531,328,,,1,96,,56532,328,,,1
12301,'DI',512,,37798,328,,,1,100,,37808,328,,,1,100,,37799,328,,,1,100,,37809,328,,,1,100,,37800,328,,,1,100,,37810,328,,,1,100,,37801,328,,,1,100,,61842,328,,,1,100,,37802,328,,,1,100,,61843,328,,,1,100,,37803,328,,,1,100,,61844,328,,,1,100,,61838,328,,,1,100,,61845,328,,,1,100,,61839,328,,,1,100,,61846,328,,,1,100,,61840,328,,,1,100,,61847,328,,,1,100,,61841,328,,,1,100,,61848,328,,,1
12301,'F1',512,,49985,328,,,1,100,,49995,328,,,1,100,,49986,328,,,1,100,,49996,328,,,1,100,,49987,328,,,1,100,,49997,328,,,1,100,,49988,328,,,1,100,,61853,328,,,1,100,,49989,328,,,1,100,,61854,328,,,1,100,,49990,328,,,1,100,,61855,328,,,1,100,,61849,328,,,1,100,,61856,328,,,1,100,,61850,328,,,1,100,,61857,328,,,1,100,,61851,328,,,1,100,,61858,328,,,1,100,,61852,328,,,1,100,,61859,328,,,1
12301,'F2',512,,61861,328,,,1,100,,61860,328,,,1,100,,61862,328,,,1,100,,61868,328,,,1,100,,61872,328,,,1,100,,61863,328,,,1,100,,61873,328,,,1,100,,61864,328,,,1,100,,61874,328,,,1,100,,61865,328,,,1,100,,61875,328,,,1,100,,61866,328,,,1,100,,61876,328,,,1,100,,61867,328,,,1,100,,61877,328,,,1,100,,61869,328,,,1,100,,61878,328,,,1,100,,61870,328,,,1,100,,61879,328,,,1,100,,61871,328,,,1
12301,'SA',512,,61881,328,,,1,100,,61880,328,,,1,100,,61882,328,,,1,100,,61888,328,,,1,100,,61892,328,,,1,100,,61883,328,,,1,100,,61893,328,,,1,100,,61884,328,,,1,100,,61894,328,,,1,100,,61885,328,,,1,100,,61895,328,,,1,100,,61886,328,,,1,100,,61896,328,,,1,100,,61887,328,,,1,100,,61897,328,,,1,100,,61889,328,,,1,100,,61898,328,,,1,100,,61890,328,,,1,100,,61899,328,,,1,100,,61891,328,,,1
12301,'SE',457,,61913,328,,,1,70,,61916,328,,,1,20,,50029,328,,,1,60,,61904,328,,,1,15,,61902,328,,,1,25,,61901,328,,,1,70,,61900,328,,,1,30,,61903,328,,,1,70,,61905,328,,,1,30,,61910,328,,,1,70,,61912,328,,,1,96,,61909,328,,,1,100,,61932,328,,,1,100,,61908,328,,,1,100,,61918,328,,,1,100,,61922,328,,,1,11,,61921,328,,,1,23,,50049,328,,,1,60,,50053,328,,,1,15,,61927,328,,,1,19,,61928,328,,,1,6,,61924,328,,,1,55,,61929,328,,,1,10,,61931,328,,,1,6,,61919,328,,,1,24,,61926,328,,,1,70,,50050,328,,,1,31,,61911,328,,,1,71,,61917,328,,,1,26,,61920,328,,,1,74,,61907,328,,,1,28,,61906,328,,,1,70,,61925,328,,,1,98,,61930,328,,,1,100,,61914,328,,,1,100,,61923,328,,,1,120,,61915,328,,,1
