100,'DI',648,,20128,0,0,14,1,100,,20129,0,0,14,1,100,,20130,0,0,14,1,100,,20131,0,0,14,1,100,,20132,0,0,14,1,100,,20133,0,0,14,1,100,,20134,0,0,14,1,100,,20135,0,0,14,1,100,,20136,0,0,14,1,98,,20138,0,0,14,1,100,,20139,0,0,14,1,100,,20140,0,0,14,1,100,,20141,0,0,14,1,100,,20142,0,0,14,1,100,,20143,0,0,14,1,100,,20144,0,0,14,1,100,,20145,0,0,14,1,100,,20148,0,0,14,1,100,,20146,0,0,14,1,100,,20147,0,0,14,1
100,'F1',648,,42996,0,0,14,1,100,,42997,0,0,14,1,100,,42998,0,0,14,1,100,,42999,0,0,14,1,100,,43000,0,0,14,1,100,,43001,0,0,14,1,100,,43002,0,0,14,1,100,,43003,0,0,14,1,100,,43004,0,0,14,1,98,,43006,0,0,14,1,100,,43007,0,0,14,1,100,,43008,0,0,14,1,100,,43009,0,0,14,1,100,,43010,0,0,14,1,100,,43011,0,0,14,1,100,,43012,0,0,14,1,100,,43013,0,0,14,1,100,,43016,0,0,14,1,100,,43014,0,0,14,1,100,,43015,0,0,14,1
100,'F2',618,,43039,0,0,14,1,30,,43028,0,0,14,1,70,,43040,0,0,14,1,30,,43029,0,0,14,1,70,,43041,0,0,14,1,30,,43030,0,0,14,1,70,,43043,0,0,14,1,30,,43031,0,0,14,1,70,,43044,0,0,14,1,30,,43032,0,0,14,1,70,,43045,0,0,14,1,30,,43033,0,0,14,1,70,,43046,0,0,14,1,30,,43034,0,0,14,1,70,,43050,0,0,14,1,30,,43035,0,0,14,1,70,,43051,0,0,14,1,30,,43036,0,0,14,1,68,,43047,0,0,14,1,30,,43017,0,0,14,1,70,,43048,0,0,14,1,30,,43018,0,0,14,1,70,,43049,0,0,14,1,30,,43019,0,0,14,1,70,,43038,0,0,14,1,30,,43020,0,0,14,1,100,,43021,0,0,14,1,100,,43022,0,0,14,1,100,,43023,0,0,14,1,100,,43024,0,0,14,1,100,,43025,0,0,14,1,100,,43026,0,0,14,1,100,,43027,0,0,14,1
100,'F8',618,,20280,0,0,14,1,30,,20269,0,0,14,1,70,,20281,0,0,14,1,30,,20270,0,0,14,1,70,,20282,0,0,14,1,30,,20271,0,0,14,1,70,,20284,0,0,14,1,30,,20272,0,0,14,1,70,,20285,0,0,14,1,30,,20273,0,0,14,1,70,,20286,0,0,14,1,30,,20274,0,0,14,1,70,,20287,0,0,14,1,30,,20275,0,0,14,1,70,,20291,0,0,14,1,30,,20276,0,0,14,1,70,,20292,0,0,14,1,30,,20277,0,0,14,1,68,,20288,0,0,14,1,30,,20258,0,0,14,1,70,,20289,0,0,14,1,30,,20259,0,0,14,1,70,,20290,0,0,14,1,30,,20260,0,0,14,1,70,,20279,0,0,14,1,30,,20261,0,0,14,1,100,,20262,0,0,14,1,100,,20263,0,0,14,1,100,,20264,0,0,14,1,100,,20265,0,0,14,1,100,,20266,0,0,14,1,100,,20267,0,0,14,1,100,,20268,0,0,14,1
100,'F9',648,,20293,0,0,14,1,100,,20294,0,0,14,1,100,,20295,0,0,14,1,100,,20296,0,0,14,1,100,,20297,0,0,14,1,100,,20298,0,0,14,1,100,,20299,0,0,14,1,100,,20300,0,0,14,1,100,,20301,0,0,14,1,98,,20303,0,0,14,1,100,,20304,0,0,14,1,100,,20305,0,0,14,1,100,,20306,0,0,14,1,100,,20307,0,0,14,1,100,,20308,0,0,14,1,100,,20309,0,0,14,1,100,,20310,0,0,14,1,100,,20313,0,0,14,1,100,,20311,0,0,14,1,100,,20312,0,0,14,1
100,'SA',618,,20325,0,0,14,1,30,,20314,0,0,14,1,70,,20326,0,0,14,1,30,,20315,0,0,14,1,70,,20327,0,0,14,1,30,,20316,0,0,14,1,70,,20329,0,0,14,1,30,,20317,0,0,14,1,70,,20330,0,0,14,1,30,,20318,0,0,14,1,70,,20331,0,0,14,1,30,,20319,0,0,14,1,70,,20332,0,0,14,1,30,,20320,0,0,14,1,70,,20336,0,0,14,1,30,,20321,0,0,14,1,70,,20337,0,0,14,1,30,,20322,0,0,14,1,68,,20333,0,0,14,1,30,,164,0,0,14,1,70,,20334,0,0,14,1,30,,165,0,0,14,1,70,,20335,0,0,14,1,30,,166,0,0,14,1,70,,20324,0,0,14,1,30,,167,0,0,14,1,100,,168,0,0,14,1,100,,169,0,0,14,1,100,,170,0,0,14,1,100,,171,0,0,14,1,100,,172,0,0,14,1,100,,173,0,0,14,1,100,,174,0,0,14,1
100,'SE',541,,43086,0,0,14,1,76,,43090,0,0,14,1,29,,43087,0,0,14,1,75,,43052,0,0,14,1,26,,43072,0,0,14,1,75,,43065,0,0,14,1,80,,43064,0,0,14,1,31,,43067,0,0,14,1,70,,43082,0,0,14,1,30,,43061,0,0,14,1,70,,43095,0,0,14,1,30,,43053,0,0,14,1,70,,43080,0,0,14,1,30,,43075,0,0,14,1,70,,43074,0,0,14,1,30,,43094,0,0,14,1,70,,43054,0,0,14,1,30,,43096,0,0,14,1,70,,43076,0,0,14,1,18,,43088,0,0,14,1,21,,43083,0,0,14,1,15,,43062,0,0,14,1,59,,43069,0,0,14,1,12,,43098,0,0,14,1,17,,43084,0,0,14,1,12,,20368,0,0,14,1,55,,43063,0,0,14,1,15,,43100,0,0,14,1,15,,43070,0,0,14,1,15,,43089,0,0,14,1,55,,43066,0,0,14,1,20,,43093,0,0,14,1,70,,43097,0,0,14,1,30,,43092,0,0,14,1,70,,43091,0,0,14,1,30,,43055,0,0,14,1,70,,43079,0,0,14,1,30,,43056,0,0,14,1,100,,43057,0,0,14,1,100,,43058,0,0,14,1,100,,43059,0,0,14,1,100,,43060,0,0,14,1
101,'DI',642,,20389,8891,4,,1,100,,20390,8891,4,,1,100,,20391,8891,4,,1,100,,20392,8891,4,,1,100,,20393,8891,4,,1,100,,20394,8891,4,,1,100,,20395,8891,4,,1,100,,20396,8891,4,,1,101,,20397,8891,4,,1,100,,20398,8891,4,,1,98,,20399,8891,4,,1,100,,20400,8891,4,,1,100,,20401,8891,4,,1,100,,20402,8891,4,,1,100,,20403,8891,4,,1,100,,20404,8891,4,,1,100,,20405,8891,4,,1,100,,20406,8891,4,,1,100,,20408,8891,4,,1,100,,20407,8891,4,,1
101,'F1',642,,43102,8891,4,,1,100,,43103,8891,4,,1,100,,43104,8891,4,,1,100,,43105,8891,4,,1,100,,43106,8891,4,,1,100,,43107,8891,4,,1,100,,43108,8891,4,,1,100,,43109,8891,4,,1,101,,43110,8891,4,,1,100,,43111,8891,4,,1,98,,43112,8891,4,,1,100,,43113,8891,4,,1,100,,43114,8891,4,,1,100,,43115,8891,4,,1,100,,43116,8891,4,,1,100,,43117,8891,4,,1,100,,43118,8891,4,,1,100,,43119,8891,4,,1,100,,43121,8891,4,,1,100,,43120,8891,4,,1
101,'F2',612,,43142,8891,4,,1,30,,43132,8891,4,,1,70,,43143,8891,4,,1,30,,43133,8891,4,,1,70,,43144,8891,4,,1,30,,43134,8891,4,,1,70,,43145,8891,4,,1,30,,43135,8891,4,,1,70,,43146,8891,4,,1,30,,43136,8891,4,,1,70,,43147,8891,4,,1,30,,43137,8891,4,,1,70,,43148,8891,4,,1,30,,43138,8891,4,,1,70,,43149,8891,4,,1,30,,43139,8891,4,,1,71,,43153,8891,4,,1,30,,43140,8891,4,,1,70,,43154,8891,4,,1,30,,43141,8891,4,,1,68,,43150,8891,4,,1,30,,43122,8891,4,,1,70,,43151,8891,4,,1,30,,43123,8891,4,,1,70,,43152,8891,4,,1,30,,43124,8891,4,,1,100,,43125,8891,4,,1,100,,43126,8891,4,,1,100,,43127,8891,4,,1,100,,43128,8891,4,,1,100,,43129,8891,4,,1,100,,43130,8891,4,,1,100,,43131,8891,4,,1
101,'F8',612,,20528,8891,4,,1,30,,20518,8891,4,,1,70,,20529,8891,4,,1,30,,20519,8891,4,,1,70,,20530,8891,4,,1,30,,20520,8891,4,,1,70,,20531,8891,4,,1,30,,20521,8891,4,,1,70,,20532,8891,4,,1,30,,20522,8891,4,,1,70,,20533,8891,4,,1,30,,20523,8891,4,,1,70,,20534,8891,4,,1,30,,20524,8891,4,,1,70,,20535,8891,4,,1,30,,20525,8891,4,,1,71,,20539,8891,4,,1,30,,20526,8891,4,,1,70,,20540,8891,4,,1,30,,20527,8891,4,,1,68,,20536,8891,4,,1,30,,20508,8891,4,,1,70,,20537,8891,4,,1,30,,20509,8891,4,,1,70,,20538,8891,4,,1,30,,20510,8891,4,,1,100,,20511,8891,4,,1,100,,20512,8891,4,,1,100,,20513,8891,4,,1,100,,20514,8891,4,,1,100,,20515,8891,4,,1,100,,20516,8891,4,,1,100,,20517,8891,4,,1
101,'F9',642,,20541,8891,4,,1,100,,20542,8891,4,,1,100,,20543,8891,4,,1,100,,20544,8891,4,,1,100,,20545,8891,4,,1,100,,20546,8891,4,,1,100,,20547,8891,4,,1,100,,20548,8891,4,,1,101,,20549,8891,4,,1,100,,20550,8891,4,,1,98,,20551,8891,4,,1,100,,20552,8891,4,,1,100,,20553,8891,4,,1,100,,20554,8891,4,,1,100,,20555,8891,4,,1,100,,20556,8891,4,,1,100,,20557,8891,4,,1,100,,20558,8891,4,,1,100,,20560,8891,4,,1,100,,20559,8891,4,,1
101,'SA',612,,20571,8891,4,,1,30,,20561,8891,4,,1,70,,20572,8891,4,,1,30,,20562,8891,4,,1,70,,20573,8891,4,,1,30,,20563,8891,4,,1,70,,20574,8891,4,,1,30,,20564,8891,4,,1,70,,20575,8891,4,,1,30,,20565,8891,4,,1,70,,20576,8891,4,,1,30,,20566,8891,4,,1,70,,20577,8891,4,,1,30,,20567,8891,4,,1,70,,20578,8891,4,,1,30,,20568,8891,4,,1,71,,20582,8891,4,,1,30,,20569,8891,4,,1,70,,20583,8891,4,,1,30,,20570,8891,4,,1,68,,20579,8891,4,,1,30,,400,8891,4,,1,70,,20580,8891,4,,1,30,,401,8891,4,,1,70,,20581,8891,4,,1,30,,402,8891,4,,1,100,,403,8891,4,,1,100,,404,8891,4,,1,100,,405,8891,4,,1,100,,406,8891,4,,1,100,,407,8891,4,,1,100,,408,8891,4,,1,100,,409,8891,4,,1
101,'SE',524,,43167,8891,4,,1,30,,43181,8891,4,,1,62,,43176,8891,4,,1,20,,43182,8891,4,,1,20,,43173,8891,4,,1,56,,43186,8891,4,,1,23,,43179,8891,4,,1,10,,43183,8891,4,,1,61,,43169,8891,4,,1,15,,43155,8891,4,,1,16,,43195,8891,4,,1,15,,43170,8891,4,,1,52,,43197,8891,4,,1,20,,43166,8891,4,,1,19,,43171,8891,4,,1,60,,43165,8891,4,,1,30,,43168,8891,4,,1,70,,43180,8891,4,,1,30,,43163,8891,4,,1,70,,43191,8891,4,,1,30,,43156,8891,4,,1,71,,43178,8891,4,,1,30,,43174,8891,4,,1,70,,43172,8891,4,,1,30,,43190,8891,4,,1,70,,43157,8891,4,,1,33,,43192,8891,4,,1,73,,43175,8891,4,,1,17,,43184,8891,4,,1,74,,43164,8891,4,,1,31,,43194,8891,4,,1,74,,20609,8891,4,,1,23,,43196,8891,4,,1,27,,43185,8891,4,,1,75,,43189,8891,4,,1,28,,43193,8891,4,,1,70,,43188,8891,4,,1,30,,43187,8891,4,,1,68,,43158,8891,4,,1,30,,43177,8891,4,,1,70,,43159,8891,4,,1,100,,43160,8891,4,,1,99,,43161,8891,4,,1,100,,43162,8891,4,,1
1400,'SE',624,,44625,0,,,1,17,,44622,0,,,1,65,,44620,0,,,1,13,,44623,0,,,1,17,,44619,0,,,1,18,,44626,0,,,1,69,,44624,0,,,1,20,,44621,0,,,1,92,,44631,0,,,1,100,,44636,0,,,1,100,,44635,0,,,1,100,,44630,0,,,1,100,,44627,0,,,1,100,,44632,0,,,1,108,,44634,0,,,1,13,,44638,0,,,1,58,,44633,0,,,1,15,,44641,0,,,1,17,,44629,0,,,1,61,,44637,0,,,1,21,,44639,0,,,1,20,,44640,0,,,1,69,,44628,0,,,1
1401,'SE',624,,44650,18974,4,,1,32,,44645,18974,4,,1,61,,44648,18974,4,,1,17,,44651,18974,4,,1,16,,44649,18974,4,,1,55,,44642,18974,4,,1,14,,44647,18974,4,,1,14,,44646,18974,4,,1,14,,44652,18974,4,,1,56,,44644,18974,4,,1,16,,44643,18974,4,,1,19,,44653,18974,4,,1,64,,44664,16841,4,,1,100,,44658,16841,4,,1,100,,44663,16841,4,,1,100,,44662,16841,4,,1,100,,44656,16841,4,,1,100,,44655,16841,4,,1,100,,44659,16841,4,,1,45,,44661,16841,4,,1,54,,44657,16841,4,,1,19,,44665,16841,4,,1,24,,44660,16841,4,,1,58,,44669,16841,4,,1,19,,44654,16841,4,,1,20,,44668,16841,4,,1,18,,44666,16841,4,,1,68,,44667,16841,4,,1
1500,'DI',722,,24371,0,,,1,100,,24368,0,,,1,100,,24365,0,,,1,100,,24378,0,,,1,100,,24383,0,,,1,100,,24376,0,,,1,100,,24372,0,,,1,100,,24366,0,,,1,100,,24380,0,,,1,100,,24367,0,,,1,100,,24375,0,,,1,100,,24373,0,,,1,100,,24377,0,,,1,100,,24381,0,,,1,100,,24379,0,,,1,100,,24374,0,,,1,100,,24369,0,,,1,100,,24382,0,,,1,100,,24370,0,,,1
1500,'F1',722,,44676,0,,,1,100,,44673,0,,,1,100,,44670,0,,,1,100,,44683,0,,,1,100,,44688,0,,,1,100,,44681,0,,,1,100,,44677,0,,,1,100,,44671,0,,,1,100,,44685,0,,,1,100,,44672,0,,,1,100,,44680,0,,,1,100,,44678,0,,,1,100,,44682,0,,,1,100,,44686,0,,,1,100,,44684,0,,,1,100,,44679,0,,,1,100,,44674,0,,,1,100,,44687,0,,,1,100,,44675,0,,,1
1500,'F2',722,,44704,0,,,1,100,,44697,0,,,1,100,,44691,0,,,1,100,,44705,0,,,1,105,,44699,0,,,1,95,,44689,0,,,1,100,,44701,0,,,1,100,,44695,0,,,1,100,,44700,0,,,1,100,,44696,0,,,1,100,,44692,0,,,1,100,,44698,0,,,1,100,,44702,0,,,1,100,,44703,0,,,1,100,,44690,0,,,1,100,,44706,0,,,1,100,,44693,0,,,1,100,,44707,0,,,1,100,,44694,0,,,1
1500,'F8',722,,24474,0,,,1,100,,24467,0,,,1,100,,24461,0,,,1,100,,24475,0,,,1,105,,24469,0,,,1,95,,24459,0,,,1,100,,24471,0,,,1,100,,24465,0,,,1,100,,24470,0,,,1,100,,24466,0,,,1,100,,24462,0,,,1,100,,24468,0,,,1,100,,24472,0,,,1,100,,24473,0,,,1,100,,24460,0,,,1,100,,24476,0,,,1,100,,24463,0,,,1,100,,24477,0,,,1,100,,24464,0,,,1
1500,'F9',722,,24484,0,,,1,100,,24481,0,,,1,100,,24478,0,,,1,100,,24491,0,,,1,100,,24496,0,,,1,100,,24489,0,,,1,100,,24485,0,,,1,100,,24479,0,,,1,100,,24493,0,,,1,100,,24480,0,,,1,100,,24488,0,,,1,100,,24486,0,,,1,100,,24490,0,,,1,100,,24494,0,,,1,100,,24492,0,,,1,100,,24487,0,,,1,100,,24482,0,,,1,100,,24495,0,,,1,100,,24483,0,,,1
1500,'SA',722,,24512,0,,,1,100,,24505,0,,,1,100,,24499,0,,,1,100,,24513,0,,,1,105,,24507,0,,,1,95,,24497,0,,,1,100,,24509,0,,,1,100,,24503,0,,,1,100,,24508,0,,,1,100,,24504,0,,,1,100,,24500,0,,,1,100,,24506,0,,,1,100,,24510,0,,,1,100,,24511,0,,,1,100,,24498,0,,,1,100,,24514,0,,,1,100,,24501,0,,,1,100,,24515,0,,,1,100,,24502,0,,,1
1500,'SE',545,,44722,0,,,1,70,,44712,0,,,1,30,,44727,0,,,1,68,,44719,0,,,1,32,,44738,0,,,1,66,,44723,0,,,1,34,,44731,0,,,1,70,,44716,0,,,1,30,,44742,0,,,1,70,,44708,0,,,1,30,,44717,0,,,1,70,,44726,0,,,1,30,,44710,0,,,1,70,,44718,0,,,1,30,,44732,0,,,1,70,,44711,0,,,1,30,,44715,0,,,1,70,,44733,0,,,1,30,,44741,0,,,1,70,,44709,0,,,1,24,,44728,0,,,1,74,,44729,0,,,1,35,,44739,0,,,1,67,,44735,0,,,1,30,,44744,0,,,1,70,,44730,0,,,1,30,,44725,0,,,1,70,,44740,0,,,1,30,,44743,0,,,1,70,,44720,0,,,1,30,,44734,0,,,1,70,,44737,0,,,1,30,,44736,0,,,1,70,,44714,0,,,1,100,,44721,0,,,1,100,,44724,0,,,1,100,,44713,0,,,1
1501,'DI',713,,24559,11374,4,,1,100,,24556,11374,4,,1,100,,24553,11374,4,,1,100,,24566,11374,4,,1,102,,24571,11374,4,,1,100,,24564,11374,4,,1,100,,24560,11374,4,,1,100,,24554,11374,4,,1,100,,24568,11374,4,,1,100,,24555,11374,4,,1,100,,24563,11374,4,,1,100,,24561,11374,4,,1,100,,24565,11374,4,,1,96,,24569,11374,4,,1,100,,24567,11374,4,,1,100,,24562,11374,4,,1,100,,24557,11374,4,,1,100,,24570,11374,4,,1,100,,24558,11374,4,,1
1501,'F1',713,,44751,11374,4,,1,100,,44748,11374,4,,1,100,,44745,11374,4,,1,100,,44758,11374,4,,1,102,,44763,11374,4,,1,100,,44756,11374,4,,1,100,,44752,11374,4,,1,100,,44746,11374,4,,1,100,,44760,11374,4,,1,100,,44747,11374,4,,1,100,,44755,11374,4,,1,100,,44753,11374,4,,1,100,,44757,11374,4,,1,96,,44761,11374,4,,1,100,,44759,11374,4,,1,100,,44754,11374,4,,1,100,,44749,11374,4,,1,100,,44762,11374,4,,1,100,,44750,11374,4,,1
1501,'F2',713,,44779,11374,4,,1,100,,44773,11374,4,,1,100,,44767,11374,4,,1,100,,44780,11374,4,,1,100,,44765,11374,4,,1,100,,44764,11374,4,,1,100,,44776,11374,4,,1,101,,44771,11374,4,,1,100,,44775,11374,4,,1,102,,44772,11374,4,,1,98,,44768,11374,4,,1,100,,44774,11374,4,,1,100,,44777,11374,4,,1,99,,44778,11374,4,,1,100,,44766,11374,4,,1,100,,44781,11374,4,,1,100,,44769,11374,4,,1,100,,44782,11374,4,,1,100,,44770,11374,4,,1
1501,'F8',713,,24664,11374,4,,1,100,,24658,11374,4,,1,100,,24652,11374,4,,1,100,,24665,11374,4,,1,100,,24650,11374,4,,1,100,,24649,11374,4,,1,100,,24661,11374,4,,1,101,,24656,11374,4,,1,100,,24660,11374,4,,1,102,,24657,11374,4,,1,98,,24653,11374,4,,1,100,,24659,11374,4,,1,100,,24662,11374,4,,1,99,,24663,11374,4,,1,100,,24651,11374,4,,1,100,,24666,11374,4,,1,100,,24654,11374,4,,1,100,,24667,11374,4,,1,100,,24655,11374,4,,1
1501,'F9',713,,24674,11374,4,,1,100,,24671,11374,4,,1,100,,24668,11374,4,,1,100,,24681,11374,4,,1,102,,24686,11374,4,,1,100,,24679,11374,4,,1,100,,24675,11374,4,,1,100,,24669,11374,4,,1,100,,24683,11374,4,,1,100,,24670,11374,4,,1,100,,24678,11374,4,,1,100,,24676,11374,4,,1,100,,24680,11374,4,,1,96,,24684,11374,4,,1,100,,24682,11374,4,,1,100,,24677,11374,4,,1,100,,24672,11374,4,,1,100,,24685,11374,4,,1,100,,24673,11374,4,,1
1501,'SA',713,,24702,11374,4,,1,100,,24696,11374,4,,1,100,,24690,11374,4,,1,100,,24703,11374,4,,1,100,,24688,11374,4,,1,100,,24687,11374,4,,1,100,,24699,11374,4,,1,101,,24694,11374,4,,1,100,,24698,11374,4,,1,102,,24695,11374,4,,1,98,,24691,11374,4,,1,100,,24697,11374,4,,1,100,,24700,11374,4,,1,99,,24701,11374,4,,1,100,,24689,11374,4,,1,100,,24704,11374,4,,1,100,,24692,11374,4,,1,100,,24705,11374,4,,1,100,,24693,11374,4,,1
1501,'SE',538,,44799,11374,4,,1,86,,44796,11374,4,,1,31,,44810,11374,4,,1,74,,44786,11374,4,,1,22,,44787,11374,4,,1,60,,44795,11374,4,,1,20,,44811,11374,4,,1,70,,44802,11374,4,,1,33,,44821,11374,4,,1,66,,44806,11374,4,,1,28,,44791,11374,4,,1,30,,44816,11374,4,,1,70,,44783,11374,4,,1,30,,44792,11374,4,,1,71,,44788,11374,4,,1,30,,44784,11374,4,,1,70,,44789,11374,4,,1,30,,44807,11374,4,,1,70,,44785,11374,4,,1,30,,44819,11374,4,,1,73,,44804,11374,4,,1,71,,44803,11374,4,,1,23,,44798,11374,4,,1,79,,44794,11374,4,,1,27,,44793,11374,4,,1,70,,44790,11374,4,,1,29,,44812,11374,4,,1,26,,44817,11374,4,,1,70,,44801,11374,4,,1,30,,44805,11374,4,,1,68,,44815,11374,4,,1,30,,44820,11374,4,,1,70,,44797,11374,4,,1,30,,44808,11374,4,,1,70,,44814,11374,4,,1,30,,44813,11374,4,,1,98,,44818,11374,4,,1,100,,44809,11374,4,,1,99,,44800,11374,4,,1
7500,'DI',621,,34505,0,0,34,2,100,,34509,0,0,34,2,100,,34503,0,0,34,2,100,,34506,0,0,34,2,100,,34510,0,0,34,2,100,,34507,0,0,34,2,100,,34508,0,0,34,2,100,,34511,0,0,34,2,100,,34517,0,0,34,2,100,,34518,0,0,34,2,100,,34512,0,0,34,2,100,,34513,0,0,34,2,100,,34514,0,0,34,2,100,,34504,0,0,34,2,100,,34519,0,0,34,2,100,,34515,0,0,34,2,100,,34520,0,0,34,2,100,,34516,0,0,34,2,100,,34521,0,0,34,2
7500,'F1',621,,48642,0,0,34,2,100,,48646,0,0,34,2,100,,48640,0,0,34,2,100,,48643,0,0,34,2,100,,48647,0,0,34,2,100,,48644,0,0,34,2,100,,48645,0,0,34,2,100,,48648,0,0,34,2,100,,48654,0,0,34,2,100,,48655,0,0,34,2,100,,48649,0,0,34,2,100,,48650,0,0,34,2,100,,48651,0,0,34,2,100,,48641,0,0,34,2,100,,48656,0,0,34,2,100,,48652,0,0,34,2,100,,48657,0,0,34,2,100,,48653,0,0,34,2,100,,48658,0,0,34,2
7500,'F2',621,,48662,0,0,34,2,100,,48672,0,0,34,2,100,,48677,0,0,34,2,100,,48663,0,0,34,2,100,,48661,0,0,34,2,100,,48673,0,0,34,2,100,,48664,0,0,34,2,100,,48667,0,0,34,2,100,,48674,0,0,34,2,100,,48665,0,0,34,2,100,,48666,0,0,34,2,105,,48675,0,0,34,2,95,,48676,0,0,34,2,100,,48668,0,0,34,2,100,,48669,0,0,34,2,100,,48671,0,0,34,2,100,,48670,0,0,34,2,100,,48660,0,0,34,2,100,,48659,0,0,34,2,100,,48678,0,0,34,2
7500,'F8',621,,34585,0,0,34,2,100,,34595,0,0,34,2,100,,34600,0,0,34,2,100,,34586,0,0,34,2,100,,34584,0,0,34,2,100,,34596,0,0,34,2,100,,34587,0,0,34,2,100,,34590,0,0,34,2,100,,34597,0,0,34,2,100,,34588,0,0,34,2,100,,34589,0,0,34,2,105,,34598,0,0,34,2,95,,34599,0,0,34,2,100,,34591,0,0,34,2,100,,34592,0,0,34,2,100,,34594,0,0,34,2,100,,34593,0,0,34,2,100,,34583,0,0,34,2,100,,34582,0,0,34,2,100,,34601,0,0,34,2
7500,'F9',621,,34604,0,0,34,2,100,,34608,0,0,34,2,100,,34602,0,0,34,2,100,,34605,0,0,34,2,100,,34609,0,0,34,2,100,,34606,0,0,34,2,100,,34607,0,0,34,2,100,,34610,0,0,34,2,100,,34616,0,0,34,2,100,,34617,0,0,34,2,100,,34611,0,0,34,2,100,,34612,0,0,34,2,100,,34613,0,0,34,2,100,,34603,0,0,34,2,100,,34618,0,0,34,2,100,,34614,0,0,34,2,100,,34619,0,0,34,2,100,,34615,0,0,34,2,100,,34620,0,0,34,2
7500,'SA',621,,34624,0,0,34,2,100,,34633,0,0,34,2,100,,34638,0,0,34,2,100,,34625,0,0,34,2,100,,34623,0,0,34,2,100,,34634,0,0,34,2,100,,34626,0,0,34,2,100,,34629,0,0,34,2,100,,34635,0,0,34,2,100,,34627,0,0,34,2,100,,34628,0,0,34,2,105,,34636,0,0,34,2,95,,34637,0,0,34,2,100,,34630,0,0,34,2,100,,34631,0,0,34,2,100,,13140,0,0,34,2,100,,34632,0,0,34,2,100,,34622,0,0,34,2,100,,34621,0,0,34,2,100,,34639,0,0,34,2
7500,'SE',611,,48694,0,0,34,2,110,,48679,0,0,34,2,100,,48685,0,0,34,2,100,,48687,0,0,34,2,100,,48680,0,0,34,2,100,,48691,0,0,34,2,100,,48681,0,0,34,2,100,,48692,0,0,34,2,100,,48682,0,0,34,2,101,,48693,0,0,34,2,99,,48690,0,0,34,2,100,,48695,0,0,34,2,100,,48697,0,0,34,2,100,,48684,0,0,34,2,100,,48686,0,0,34,2,100,,48696,0,0,34,2,100,,48683,0,0,34,2,100,,48688,0,0,34,2,100,,48689,0,0,34,2,100,,48698,0,0,34,2
7501,'DI',557,,34674,6198,4,,2,100,,34662,6198,4,,2,100,,34666,6198,4,,2,100,,34660,6198,4,,2,101,,34663,6198,4,,2,100,,34667,6198,4,,2,100,,34664,6198,4,,2,100,,34665,6198,4,,2,100,,34668,6198,4,,2,100,,34675,6198,4,,2,100,,34676,6198,4,,2,100,,34669,6198,4,,2,100,,34670,6198,4,,2,100,,34671,6198,4,,2,100,,34661,6198,4,,2,98,,34677,6198,4,,2,100,,34672,6198,4,,2,100,,34678,6198,4,,2,100,,34673,6198,4,,2
7501,'F1',557,,48713,6198,4,,2,100,,48701,6198,4,,2,100,,48705,6198,4,,2,100,,48699,6198,4,,2,101,,48702,6198,4,,2,100,,48706,6198,4,,2,100,,48703,6198,4,,2,100,,48704,6198,4,,2,100,,48707,6198,4,,2,100,,48714,6198,4,,2,100,,48715,6198,4,,2,100,,48708,6198,4,,2,100,,48709,6198,4,,2,100,,48710,6198,4,,2,100,,48700,6198,4,,2,98,,48716,6198,4,,2,100,,48711,6198,4,,2,100,,48717,6198,4,,2,100,,48712,6198,4,,2
7501,'F2',557,,48729,6198,4,,2,100,,48721,6198,4,,2,100,,48732,6198,4,,2,100,,48737,6198,4,,2,101,,48722,6198,4,,2,100,,48720,6198,4,,2,100,,48733,6198,4,,2,100,,48723,6198,4,,2,100,,48726,6198,4,,2,100,,48734,6198,4,,2,100,,48724,6198,4,,2,100,,48725,6198,4,,2,145,,48735,6198,4,,2,55,,48736,6198,4,,2,100,,48727,6198,4,,2,98,,48728,6198,4,,2,100,,48731,6198,4,,2,100,,48730,6198,4,,2,100,,48719,6198,4,,2,100,,48718,6198,4,,2
7501,'F8',557,,34751,6198,4,,2,100,,34743,6198,4,,2,100,,34754,6198,4,,2,100,,34759,6198,4,,2,101,,34744,6198,4,,2,100,,34742,6198,4,,2,100,,34755,6198,4,,2,100,,34745,6198,4,,2,100,,34748,6198,4,,2,100,,34756,6198,4,,2,100,,34746,6198,4,,2,100,,34747,6198,4,,2,145,,34757,6198,4,,2,55,,34758,6198,4,,2,100,,34749,6198,4,,2,98,,34750,6198,4,,2,100,,34753,6198,4,,2,100,,34752,6198,4,,2,100,,34741,6198,4,,2,100,,34740,6198,4,,2
7501,'F9',557,,34774,6198,4,,2,100,,34762,6198,4,,2,100,,34766,6198,4,,2,100,,34760,6198,4,,2,101,,34763,6198,4,,2,100,,34767,6198,4,,2,100,,34764,6198,4,,2,100,,34765,6198,4,,2,100,,34768,6198,4,,2,100,,34775,6198,4,,2,100,,34776,6198,4,,2,100,,34769,6198,4,,2,100,,34770,6198,4,,2,100,,34771,6198,4,,2,100,,34761,6198,4,,2,98,,34777,6198,4,,2,100,,34772,6198,4,,2,100,,34778,6198,4,,2,100,,34773,6198,4,,2
7501,'SA',557,,34790,6198,4,,2,100,,34782,6198,4,,2,100,,34792,6198,4,,2,100,,34797,6198,4,,2,101,,34783,6198,4,,2,100,,34781,6198,4,,2,100,,34793,6198,4,,2,100,,34784,6198,4,,2,100,,34787,6198,4,,2,100,,34794,6198,4,,2,100,,34785,6198,4,,2,100,,34786,6198,4,,2,145,,34795,6198,4,,2,55,,34796,6198,4,,2,100,,34788,6198,4,,2,98,,34789,6198,4,,2,100,,13279,6198,4,,2,100,,34791,6198,4,,2,100,,34780,6198,4,,2,100,,34779,6198,4,,2
7501,'SE',559,,48753,6198,4,,2,90,,48754,6198,4,,2,72,,48756,6198,4,,2,20,,48755,6198,4,,2,60,,48738,6198,4,,2,57,,48744,6198,4,,2,100,,48746,6198,4,,2,100,,48739,6198,4,,2,100,,48750,6198,4,,2,100,,48740,6198,4,,2,100,,48751,6198,4,,2,100,,48741,6198,4,,2,101,,48752,6198,4,,2,141,,48749,6198,4,,2,59,,48757,6198,4,,2,98,,48759,6198,4,,2,100,,48743,6198,4,,2,100,,48745,6198,4,,2,100,,48758,6198,4,,2,100,,48742,6198,4,,2,100,,48747,6198,4,,2,100,,48748,6198,4,,2
7800,'SE',650,,48991,0,0,54 55,2,73,,48989,0,0,54 55,2,26,,48988,0,0,54 55,2,68,,48990,0,0,54 55,2,719,,48998,0,0,54 55,2,72,,48993,0,0,54 55,2,29,,48995,0,0,54 55,2,74,,48997,0,0,54 55,2,26,,48996,0,0,54 55,2,72,,48994,0,0,54 55,2,28,,48992,0,0,54 55,2
7801,'SE',608,,49001,10112,4,,2,30,,35381,10112,4,,2,72,,49009,10112,4,,2,30,,49008,10112,4,,2,73,,49000,10112,4,,2,24,,48999,10112,4,,2,68,,49002,10112,4,,2,715,,49007,10112,4,,2,32,,49003,10112,4,,2,72,,49004,10112,4,,2,31,,49006,10112,4,,2,64,,49005,10112,4,,2
72400,'F2',551,,51212,0,,,2,55,,51221,0,,,2,15,,51204,0,,,2,15,,51213,0,,,2,15,,51222,0,,,2,55,,51205,0,,,2,15,,51214,0,,,2,15,,51223,0,,,2,15,,51206,0,,,2,55,,51215,0,,,2,15,,51224,0,,,2,15,,51207,0,,,2,15,,51216,0,,,2,55,,51225,0,,,2,15,,51208,0,,,2,15,,51217,0,,,2,15,,51226,0,,,2,55,,51209,0,,,2,15,,51218,0,,,2,10,,51229,0,,,2,10,,51227,0,,,2,10,,51210,0,,,2,50,,51237,0,,,2,10,,51219,0,,,2,10,,51230,0,,,2,10,,51228,0,,,2,10,,51211,0,,,2,10,,51238,0,,,2,50,,51220,0,,,2,10,,51231,0,,,2,10,,51245,0,,,2,10,,51251,0,,,2,10,,51239,0,,,2,10,,51254,0,,,2,50,,51232,0,,,2,10,,51246,0,,,2,10,,51252,0,,,2,10,,51240,0,,,2,10,,51255,0,,,2,10,,51233,0,,,2,50,,51247,0,,,2,10,,51253,0,,,2,10,,51241,0,,,2,10,,51256,0,,,2,10,,51234,0,,,2,10,,51248,0,,,2,50,,51261,0,,,2,10,,51242,0,,,2,10,,51257,0,,,2,10,,51235,0,,,2,10,,51249,0,,,2,10,,51262,0,,,2,50,,51243,0,,,2,10,,51258,0,,,2,10,,51236,0,,,2,10,,51250,0,,,2,10,,51263,0,,,2,10,,51244,0,,,2,50,,51259,0,,,2,10,,51268,0,,,2,10,,51273,0,,,2,10,,51264,0,,,2,10,,51280,0,,,2,10,,51260,0,,,2,50,,51269,0,,,2,10,,51274,0,,,2,10,,51265,0,,,2,10,,51281,0,,,2,10,,51285,0,,,2,10,,51270,0,,,2,50,,51275,0,,,2,10,,51266,0,,,2,10,,51282,0,,,2,10,,51286,0,,,2,10,,51271,0,,,2,10,,51276,0,,,2,50,,51267,0,,,2,10,,51283,0,,,2,10,,51287,0,,,2,10,,51272,0,,,2,10,,51277,0,,,2,10,,51291,0,,,2,50,,51284,0,,,2,10,,51288,0,,,2,10,,51298,0,,,2,10,,51278,0,,,2,10,,51292,0,,,2,10,,51304,0,,,2,50,,51289,0,,,2,10,,51299,0,,,2,10,,51279,0,,,2,10,,51293,0,,,2,10,,51305,0,,,2,10,,51290,0,,,2,50,,51300,0,,,2,15,,51294,0,,,2,15,,51306,0,,,2,15,,51301,0,,,2,55,,51295,0,,,2,15,,51307,0,,,2,15,,51302,0,,,2,15,,51296,0,,,2,55,,51308,0,,,2,15,,51303,0,,,2,15,,51297,0,,,2,15,,51309,0,,,2
72400,'F8',551,,42244,0,,,2,55,,42253,0,,,2,15,,42236,0,,,2,15,,42245,0,,,2,15,,42254,0,,,2,55,,42237,0,,,2,15,,42246,0,,,2,15,,42255,0,,,2,15,,42238,0,,,2,55,,42247,0,,,2,15,,42256,0,,,2,15,,42239,0,,,2,15,,42248,0,,,2,55,,42257,0,,,2,15,,42240,0,,,2,15,,42249,0,,,2,15,,42258,0,,,2,55,,42241,0,,,2,15,,42250,0,,,2,10,,42261,0,,,2,10,,42259,0,,,2,10,,42242,0,,,2,50,,42269,0,,,2,10,,42251,0,,,2,10,,42262,0,,,2,10,,42260,0,,,2,10,,42243,0,,,2,10,,42270,0,,,2,50,,42252,0,,,2,10,,42263,0,,,2,10,,42277,0,,,2,10,,42283,0,,,2,10,,42271,0,,,2,10,,42286,0,,,2,50,,42264,0,,,2,10,,42278,0,,,2,10,,42284,0,,,2,10,,42272,0,,,2,10,,42287,0,,,2,10,,42265,0,,,2,50,,42279,0,,,2,10,,42285,0,,,2,10,,42273,0,,,2,10,,42288,0,,,2,10,,42266,0,,,2,10,,42280,0,,,2,50,,42293,0,,,2,10,,42274,0,,,2,10,,42289,0,,,2,10,,42267,0,,,2,10,,42281,0,,,2,10,,42294,0,,,2,50,,42275,0,,,2,10,,42290,0,,,2,10,,42268,0,,,2,10,,42282,0,,,2,10,,42295,0,,,2,10,,42276,0,,,2,50,,42291,0,,,2,10,,42300,0,,,2,10,,42305,0,,,2,10,,42296,0,,,2,10,,42312,0,,,2,10,,42292,0,,,2,50,,42301,0,,,2,10,,42306,0,,,2,10,,42297,0,,,2,10,,42313,0,,,2,10,,42317,0,,,2,10,,42302,0,,,2,50,,42307,0,,,2,10,,42298,0,,,2,10,,42314,0,,,2,10,,42318,0,,,2,10,,42303,0,,,2,10,,42308,0,,,2,50,,42299,0,,,2,10,,42315,0,,,2,10,,42319,0,,,2,10,,42304,0,,,2,10,,42309,0,,,2,10,,42323,0,,,2,50,,42316,0,,,2,10,,42320,0,,,2,10,,42330,0,,,2,10,,42310,0,,,2,10,,42324,0,,,2,10,,42336,0,,,2,50,,42321,0,,,2,10,,42331,0,,,2,10,,42311,0,,,2,10,,42325,0,,,2,10,,42337,0,,,2,10,,42322,0,,,2,50,,42332,0,,,2,15,,42326,0,,,2,15,,42338,0,,,2,15,,42333,0,,,2,55,,42327,0,,,2,15,,42339,0,,,2,15,,42334,0,,,2,15,,42328,0,,,2,55,,42340,0,,,2,15,,42335,0,,,2,15,,42329,0,,,2,15,,42341,0,,,2
72400,'F9',551,,42349,0,,,2,55,,42357,0,,,2,15,,42342,0,,,2,15,,42350,0,,,2,15,,42358,0,,,2,55,,42343,0,,,2,15,,42351,0,,,2,15,,42359,0,,,2,15,,42344,0,,,2,55,,42352,0,,,2,15,,42360,0,,,2,15,,42345,0,,,2,15,,42353,0,,,2,55,,42361,0,,,2,15,,42346,0,,,2,15,,42354,0,,,2,15,,42362,0,,,2,55,,42347,0,,,2,15,,42355,0,,,2,10,,42365,0,,,2,10,,42363,0,,,2,10,,42348,0,,,2,50,,42368,0,,,2,10,,42356,0,,,2,10,,42366,0,,,2,10,,42364,0,,,2,10,,42376,0,,,2,10,,42369,0,,,2,50,,42380,0,,,2,10,,42367,0,,,2,10,,42388,0,,,2,10,,42377,0,,,2,10,,42370,0,,,2,10,,42381,0,,,2,50,,42395,0,,,2,10,,42389,0,,,2,10,,42378,0,,,2,10,,42371,0,,,2,10,,42382,0,,,2,10,,42396,0,,,2,50,,42390,0,,,2,10,,42379,0,,,2,10,,42372,0,,,2,10,,42383,0,,,2,10,,42397,0,,,2,10,,42391,0,,,2,50,,42403,0,,,2,10,,42373,0,,,2,10,,42384,0,,,2,10,,42398,0,,,2,10,,42392,0,,,2,10,,42404,0,,,2,50,,42374,0,,,2,10,,42385,0,,,2,10,,42399,0,,,2,10,,42393,0,,,2,10,,42405,0,,,2,10,,42375,0,,,2,50,,42386,0,,,2,10,,42400,0,,,2,10,,42394,0,,,2,10,,42406,0,,,2,10,,42410,0,,,2,10,,42387,0,,,2,50,,42401,0,,,2,15,,42407,0,,,2,15,,42411,0,,,2,15,,42402,0,,,2,55,,42408,0,,,2,15,,42412,0,,,2,15,,42417,0,,,2,16,,42409,0,,,2,54,,42413,0,,,2,15,,42418,0,,,2,15,,42425,0,,,2,15,,42414,0,,,2,55,,42419,0,,,2,15,,42426,0,,,2,15,,42415,0,,,2,15,,42420,0,,,2,55,,42427,0,,,2,15,,42416,0,,,2,15,,42421,0,,,2,15,,42428,0,,,2,55,,42432,0,,,2,15,,42422,0,,,2,15,,42429,0,,,2,15,,42433,0,,,2,55,,42423,0,,,2,15,,42430,0,,,2,15,,42434,0,,,2,15,,42424,0,,,2,55,,42431,0,,,2,15,,42435,0,,,2
72401,'F2',546,,51318,10126,4,,2,55,,51327,10126,4,,2,15,,51310,10126,4,,2,15,,51319,10126,4,,2,15,,51328,10126,4,,2,55,,51311,10126,4,,2,15,,51320,10126,4,,2,15,,51329,10126,4,,2,15,,51312,10126,4,,2,55,,51321,10126,4,,2,15,,51330,10126,4,,2,15,,51313,10126,4,,2,15,,51322,10126,4,,2,55,,51331,10126,4,,2,15,,51314,10126,4,,2,15,,51323,10126,4,,2,15,,51332,10126,4,,2,55,,51315,10126,4,,2,15,,51324,10126,4,,2,10,,51335,10126,4,,2,10,,51333,10126,4,,2,10,,51316,10126,4,,2,10,,51343,10126,4,,2,50,,51325,10126,4,,2,10,,51336,10126,4,,2,10,,51334,10126,4,,2,10,,51317,10126,4,,2,10,,51344,10126,4,,2,10,,51326,10126,4,,2,50,,51337,10126,4,,2,10,,51351,10126,4,,2,10,,51357,10126,4,,2,10,,51345,10126,4,,2,10,,51360,10126,4,,2,10,,51338,10126,4,,2,50,,51352,10126,4,,2,10,,51358,10126,4,,2,10,,51346,10126,4,,2,10,,51361,10126,4,,2,10,,51339,10126,4,,2,10,,51353,10126,4,,2,50,,51359,10126,4,,2,10,,51347,10126,4,,2,10,,51362,10126,4,,2,10,,51340,10126,4,,2,10,,51354,10126,4,,2,10,,51367,10126,4,,2,50,,51348,10126,4,,2,10,,51363,10126,4,,2,10,,51341,10126,4,,2,10,,51355,10126,4,,2,10,,51368,10126,4,,2,10,,51349,10126,4,,2,50,,51364,10126,4,,2,10,,51342,10126,4,,2,10,,51356,10126,4,,2,10,,51369,10126,4,,2,10,,51350,10126,4,,2,10,,51365,10126,4,,2,50,,51374,10126,4,,2,10,,51379,10126,4,,2,10,,51370,10126,4,,2,10,,51386,10126,4,,2,10,,51366,10126,4,,2,10,,51375,10126,4,,2,50,,51380,10126,4,,2,10,,51371,10126,4,,2,10,,51387,10126,4,,2,10,,51391,10126,4,,2,10,,51376,10126,4,,2,10,,51381,10126,4,,2,50,,51372,10126,4,,2,10,,51388,10126,4,,2,10,,51392,10126,4,,2,10,,51377,10126,4,,2,10,,51382,10126,4,,2,10,,51373,10126,4,,2,50,,51389,10126,4,,2,10,,51393,10126,4,,2,10,,51378,10126,4,,2,10,,51383,10126,4,,2,10,,51397,10126,4,,2,10,,51390,10126,4,,2,50,,51394,10126,4,,2,10,,51404,10126,4,,2,10,,51384,10126,4,,2,10,,51398,10126,4,,2,10,,51410,10126,4,,2,10,,51395,10126,4,,2,50,,51405,10126,4,,2,10,,51385,10126,4,,2,10,,51399,10126,4,,2,10,,51411,10126,4,,2,10,,51396,10126,4,,2,10,,51406,10126,4,,2,55,,51400,10126,4,,2,15,,51412,10126,4,,2,15,,51407,10126,4,,2,15,,51401,10126,4,,2,55,,51413,10126,4,,2,15,,51408,10126,4,,2,15,,51402,10126,4,,2,15,,51414,10126,4,,2,55,,51409,10126,4,,2,15,,51403,10126,4,,2
72401,'F8',546,,42444,10126,4,,2,55,,42453,10126,4,,2,15,,42436,10126,4,,2,15,,42445,10126,4,,2,15,,42454,10126,4,,2,55,,42437,10126,4,,2,15,,42446,10126,4,,2,15,,42455,10126,4,,2,15,,42438,10126,4,,2,55,,42447,10126,4,,2,15,,42456,10126,4,,2,15,,42439,10126,4,,2,15,,42448,10126,4,,2,55,,42457,10126,4,,2,15,,42440,10126,4,,2,15,,42449,10126,4,,2,15,,42458,10126,4,,2,55,,42441,10126,4,,2,15,,42450,10126,4,,2,10,,42461,10126,4,,2,10,,42459,10126,4,,2,10,,42442,10126,4,,2,10,,42469,10126,4,,2,50,,42451,10126,4,,2,10,,42462,10126,4,,2,10,,42460,10126,4,,2,10,,42443,10126,4,,2,10,,42470,10126,4,,2,10,,42452,10126,4,,2,50,,42463,10126,4,,2,10,,42477,10126,4,,2,10,,42483,10126,4,,2,10,,42471,10126,4,,2,10,,42486,10126,4,,2,10,,42464,10126,4,,2,50,,42478,10126,4,,2,10,,42484,10126,4,,2,10,,42472,10126,4,,2,10,,42487,10126,4,,2,10,,42465,10126,4,,2,10,,42479,10126,4,,2,50,,42485,10126,4,,2,10,,42473,10126,4,,2,10,,42488,10126,4,,2,10,,42466,10126,4,,2,10,,42480,10126,4,,2,10,,42493,10126,4,,2,50,,42474,10126,4,,2,10,,42489,10126,4,,2,10,,42467,10126,4,,2,10,,42481,10126,4,,2,10,,42494,10126,4,,2,10,,42475,10126,4,,2,50,,42490,10126,4,,2,10,,42468,10126,4,,2,10,,42482,10126,4,,2,10,,42495,10126,4,,2,10,,42476,10126,4,,2,10,,42491,10126,4,,2,50,,42500,10126,4,,2,10,,42505,10126,4,,2,10,,42496,10126,4,,2,10,,42512,10126,4,,2,10,,42492,10126,4,,2,10,,42501,10126,4,,2,50,,42506,10126,4,,2,10,,42497,10126,4,,2,10,,42513,10126,4,,2,10,,42517,10126,4,,2,10,,42502,10126,4,,2,10,,42507,10126,4,,2,50,,42498,10126,4,,2,10,,42514,10126,4,,2,10,,42518,10126,4,,2,10,,42503,10126,4,,2,10,,42508,10126,4,,2,10,,42499,10126,4,,2,50,,42515,10126,4,,2,10,,42519,10126,4,,2,10,,42504,10126,4,,2,10,,42509,10126,4,,2,10,,42523,10126,4,,2,10,,42516,10126,4,,2,50,,42520,10126,4,,2,10,,42530,10126,4,,2,10,,42510,10126,4,,2,10,,42524,10126,4,,2,10,,42536,10126,4,,2,10,,42521,10126,4,,2,50,,42531,10126,4,,2,10,,42511,10126,4,,2,10,,42525,10126,4,,2,10,,42537,10126,4,,2,10,,42522,10126,4,,2,10,,42532,10126,4,,2,55,,42526,10126,4,,2,15,,42538,10126,4,,2,15,,42533,10126,4,,2,15,,42527,10126,4,,2,55,,42539,10126,4,,2,15,,42534,10126,4,,2,15,,42528,10126,4,,2,15,,42540,10126,4,,2,55,,42535,10126,4,,2,15,,42529,10126,4,,2
72401,'F9',546,,42548,10126,4,,2,55,,42556,10126,4,,2,15,,42541,10126,4,,2,15,,42549,10126,4,,2,15,,42557,10126,4,,2,55,,42542,10126,4,,2,15,,42550,10126,4,,2,15,,42558,10126,4,,2,15,,42543,10126,4,,2,55,,42551,10126,4,,2,15,,42559,10126,4,,2,15,,42544,10126,4,,2,15,,42552,10126,4,,2,55,,42560,10126,4,,2,15,,42545,10126,4,,2,15,,42553,10126,4,,2,15,,42561,10126,4,,2,55,,42546,10126,4,,2,15,,42554,10126,4,,2,10,,42564,10126,4,,2,10,,42562,10126,4,,2,10,,42547,10126,4,,2,10,,42567,10126,4,,2,50,,42555,10126,4,,2,10,,42565,10126,4,,2,10,,42563,10126,4,,2,10,,42575,10126,4,,2,10,,42568,10126,4,,2,10,,42579,10126,4,,2,50,,42566,10126,4,,2,10,,42587,10126,4,,2,10,,42576,10126,4,,2,10,,42569,10126,4,,2,10,,42580,10126,4,,2,10,,42594,10126,4,,2,50,,42588,10126,4,,2,10,,42577,10126,4,,2,10,,42570,10126,4,,2,10,,42581,10126,4,,2,10,,42595,10126,4,,2,10,,42589,10126,4,,2,50,,42578,10126,4,,2,10,,42571,10126,4,,2,10,,42582,10126,4,,2,10,,42596,10126,4,,2,10,,42590,10126,4,,2,10,,42602,10126,4,,2,50,,42572,10126,4,,2,10,,42583,10126,4,,2,10,,42597,10126,4,,2,10,,42591,10126,4,,2,10,,42603,10126,4,,2,10,,42573,10126,4,,2,50,,42584,10126,4,,2,10,,42598,10126,4,,2,10,,42592,10126,4,,2,10,,42604,10126,4,,2,10,,42574,10126,4,,2,10,,42585,10126,4,,2,50,,42599,10126,4,,2,10,,42593,10126,4,,2,10,,42605,10126,4,,2,10,,42609,10126,4,,2,10,,42586,10126,4,,2,10,,42600,10126,4,,2,55,,42606,10126,4,,2,15,,42610,10126,4,,2,15,,42601,10126,4,,2,15,,42607,10126,4,,2,55,,42611,10126,4,,2,15,,42616,10126,4,,2,15,,42608,10126,4,,2,15,,42612,10126,4,,2,55,,42617,10126,4,,2,15,,42624,10126,4,,2,15,,42613,10126,4,,2,15,,42618,10126,4,,2,55,,42625,10126,4,,2,15,,42614,10126,4,,2,15,,42619,10126,4,,2,15,,42626,10126,4,,2,55,,42615,10126,4,,2,15,,42620,10126,4,,2,15,,42627,10126,4,,2,15,,42631,10126,4,,2,55,,42621,10126,4,,2,15,,42628,10126,4,,2,15,,42632,10126,4,,2,15,,42622,10126,4,,2,55,,42629,10126,4,,2,15,,42633,10126,4,,2,15,,42623,10126,4,,2,15,,42630,10126,4,,2
72500,'F2',543,,51421,0,,,2,60,,51416,0,,,2,22,,51426,0,,,2,18,,51431,0,,,2,60,,51422,0,,,2,22,,51417,0,,,2,18,,51427,0,,,2,60,,51432,0,,,2,22,,51423,0,,,2,18,,51418,0,,,2,60,,51428,0,,,2,22,,51433,0,,,2,18,,51424,0,,,2,60,,51419,0,,,2,10,,51436,0,,,2,12,,51429,0,,,2,10,,51434,0,,,2,10,,51442,0,,,2,10,,51425,0,,,2,50,,51447,0,,,2,10,,51420,0,,,2,10,,51437,0,,,2,10,,51430,0,,,2,10,,51435,0,,,2,10,,51443,0,,,2,50,,51452,0,,,2,10,,51448,0,,,2,10,,51455,0,,,2,10,,51438,0,,,2,10,,51460,0,,,2,10,,51465,0,,,2,50,,51444,0,,,2,10,,51453,0,,,2,10,,51449,0,,,2,10,,51456,0,,,2,10,,51439,0,,,2,10,,51461,0,,,2,50,,51466,0,,,2,10,,51445,0,,,2,10,,51454,0,,,2,10,,51450,0,,,2,10,,51457,0,,,2,10,,51440,0,,,2,50,,51462,0,,,2,10,,51467,0,,,2,10,,51446,0,,,2,10,,51468,0,,,2,10,,51451,0,,,2,10,,51458,0,,,2,50,,51441,0,,,2,10,,51463,0,,,2,10,,51472,0,,,2,10,,51476,0,,,2,10,,51469,0,,,2,10,,51481,0,,,2,50,,51459,0,,,2,10,,51486,0,,,2,10,,51464,0,,,2,10,,51473,0,,,2,10,,51477,0,,,2,10,,51470,0,,,2,50,,51482,0,,,2,10,,51494,0,,,2,10,,51487,0,,,2,10,,51490,0,,,2,10,,51474,0,,,2,10,,51478,0,,,2,50,,51471,0,,,2,10,,51483,0,,,2,10,,51495,0,,,2,10,,51488,0,,,2,10,,51491,0,,,2,10,,51475,0,,,2,50,,51479,0,,,2,10,,51498,0,,,2,10,,51484,0,,,2,10,,51496,0,,,2,10,,51489,0,,,2,10,,51492,0,,,2,50,,51503,0,,,2,10,,51480,0,,,2,10,,51499,0,,,2,10,,51485,0,,,2,10,,51497,0,,,2,10,,51507,0,,,2,50,,51493,0,,,2,10,,51504,0,,,2,10,,51415,0,,,2,10,,51500,0,,,2,10,,51511,0,,,2,60,,51508,0,,,2,18,,51505,0,,,2,20,,51501,0,,,2,62,,51512,0,,,2,18,,51509,0,,,2,20,,51506,0,,,2,62,,51502,0,,,2,18,,51513,0,,,2,20,,51510,0,,,2
72500,'F8',543,,42640,0,,,2,60,,42635,0,,,2,22,,42645,0,,,2,18,,42650,0,,,2,60,,42641,0,,,2,22,,42636,0,,,2,18,,42646,0,,,2,60,,42651,0,,,2,22,,42642,0,,,2,18,,42637,0,,,2,60,,42647,0,,,2,22,,42652,0,,,2,18,,42643,0,,,2,60,,42638,0,,,2,10,,42655,0,,,2,12,,42648,0,,,2,10,,42653,0,,,2,10,,42661,0,,,2,10,,42644,0,,,2,50,,42666,0,,,2,10,,42639,0,,,2,10,,42656,0,,,2,10,,42649,0,,,2,10,,42654,0,,,2,10,,42662,0,,,2,50,,42671,0,,,2,10,,42667,0,,,2,10,,42674,0,,,2,10,,42657,0,,,2,10,,42679,0,,,2,10,,42684,0,,,2,50,,42663,0,,,2,10,,42672,0,,,2,10,,42668,0,,,2,10,,42675,0,,,2,10,,42658,0,,,2,10,,42680,0,,,2,50,,42685,0,,,2,10,,42664,0,,,2,10,,42673,0,,,2,10,,42669,0,,,2,10,,42676,0,,,2,10,,42659,0,,,2,50,,42681,0,,,2,10,,42686,0,,,2,10,,42665,0,,,2,10,,42687,0,,,2,10,,42670,0,,,2,10,,42677,0,,,2,50,,42660,0,,,2,10,,42682,0,,,2,10,,42691,0,,,2,10,,42695,0,,,2,10,,42688,0,,,2,10,,42700,0,,,2,50,,42678,0,,,2,10,,42705,0,,,2,10,,42683,0,,,2,10,,42692,0,,,2,10,,42696,0,,,2,10,,42689,0,,,2,50,,42701,0,,,2,10,,42713,0,,,2,10,,42706,0,,,2,10,,42709,0,,,2,10,,42693,0,,,2,10,,42697,0,,,2,50,,42690,0,,,2,10,,42702,0,,,2,10,,42714,0,,,2,10,,42707,0,,,2,10,,42710,0,,,2,10,,42694,0,,,2,50,,42698,0,,,2,10,,42717,0,,,2,10,,42703,0,,,2,10,,42715,0,,,2,10,,42708,0,,,2,10,,42711,0,,,2,50,,42722,0,,,2,10,,42699,0,,,2,10,,42718,0,,,2,10,,42704,0,,,2,10,,42716,0,,,2,10,,42726,0,,,2,50,,42712,0,,,2,10,,42723,0,,,2,10,,42634,0,,,2,10,,42719,0,,,2,10,,42730,0,,,2,60,,42727,0,,,2,18,,42724,0,,,2,20,,42720,0,,,2,62,,42731,0,,,2,18,,42728,0,,,2,20,,42725,0,,,2,62,,42721,0,,,2,18,,42732,0,,,2,20,,42729,0,,,2
72500,'F9',543,,42738,0,,,2,60,,42733,0,,,2,22,,42743,0,,,2,18,,42748,0,,,2,60,,42739,0,,,2,22,,42734,0,,,2,18,,42744,0,,,2,60,,42749,0,,,2,22,,42740,0,,,2,18,,42735,0,,,2,60,,42745,0,,,2,22,,42750,0,,,2,18,,42741,0,,,2,60,,42736,0,,,2,10,,42752,0,,,2,12,,42746,0,,,2,11,,42751,0,,,2,9,,42757,0,,,2,10,,42742,0,,,2,50,,42761,0,,,2,10,,42737,0,,,2,10,,42753,0,,,2,10,,42747,0,,,2,10,,42765,0,,,2,10,,42758,0,,,2,50,,42774,0,,,2,10,,42762,0,,,2,10,,42769,0,,,2,10,,42754,0,,,2,10,,42779,0,,,2,10,,42766,0,,,2,50,,42759,0,,,2,10,,42775,0,,,2,10,,42763,0,,,2,10,,42770,0,,,2,10,,42755,0,,,2,10,,42780,0,,,2,50,,42767,0,,,2,10,,42760,0,,,2,10,,42776,0,,,2,10,,42764,0,,,2,10,,42771,0,,,2,10,,42756,0,,,2,50,,42781,0,,,2,10,,42768,0,,,2,10,,42784,0,,,2,10,,42777,0,,,2,10,,42788,0,,,2,10,,42772,0,,,2,50,,42792,0,,,2,10,,42782,0,,,2,10,,42796,0,,,2,10,,42785,0,,,2,10,,42778,0,,,2,10,,42789,0,,,2,50,,42773,0,,,2,10,,42793,0,,,2,10,,42783,0,,,2,10,,42797,0,,,2,10,,42786,0,,,2,60,,42790,0,,,2,18,,42794,0,,,2,20,,42798,0,,,2,62,,42787,0,,,2,18,,42791,0,,,2,20,,42795,0,,,2,62,,42799,0,,,2,18,,42800,0,,,2,20,,42805,0,,,2,62,,42809,0,,,2,18,,42813,0,,,2,20,,42801,0,,,2,62,,42806,0,,,2,18,,42810,0,,,2,20,,42814,0,,,2,62,,42802,0,,,2,18,,42807,0,,,2,20,,42811,0,,,2,62,,42815,0,,,2,18,,42803,0,,,2,20,,42808,0,,,2,62,,42812,0,,,2,18,,42804,0,,,2
72501,'F2',558,,51515,16777,4,,2,60,,51524,16777,4,,2,20,,51529,16777,4,,2,20,,51520,16777,4,,2,60,,51516,16777,4,,2,20,,51525,16777,4,,2,20,,51530,16777,4,,2,60,,51521,16777,4,,2,20,,51517,16777,4,,2,20,,51526,16777,4,,2,60,,51531,16777,4,,2,20,,51522,16777,4,,2,20,,51518,16777,4,,2,60,,51527,16777,4,,2,10,,51532,16777,4,,2,10,,51539,16777,4,,2,10,,51523,16777,4,,2,10,,51544,16777,4,,2,50,,51519,16777,4,,2,10,,51534,16777,4,,2,10,,51528,16777,4,,2,10,,51533,16777,4,,2,10,,51540,16777,4,,2,10,,51549,16777,4,,2,50,,51545,16777,4,,2,10,,51552,16777,4,,2,10,,51535,16777,4,,2,10,,51558,16777,4,,2,10,,51563,16777,4,,2,10,,51541,16777,4,,2,50,,51550,16777,4,,2,10,,51546,16777,4,,2,10,,51553,16777,4,,2,10,,51536,16777,4,,2,10,,51559,16777,4,,2,10,,51564,16777,4,,2,50,,51542,16777,4,,2,10,,51551,16777,4,,2,10,,51547,16777,4,,2,10,,51554,16777,4,,2,10,,51537,16777,4,,2,10,,51560,16777,4,,2,50,,51565,16777,4,,2,10,,51543,16777,4,,2,10,,51566,16777,4,,2,10,,51548,16777,4,,2,10,,51555,16777,4,,2,10,,51538,16777,4,,2,50,,51561,16777,4,,2,10,,51570,16777,4,,2,10,,51574,16777,4,,2,10,,51567,16777,4,,2,10,,51579,16777,4,,2,10,,51556,16777,4,,2,50,,51584,16777,4,,2,10,,51562,16777,4,,2,10,,51571,16777,4,,2,10,,51575,16777,4,,2,10,,51568,16777,4,,2,10,,51580,16777,4,,2,50,,51557,16777,4,,2,10,,51585,16777,4,,2,10,,51588,16777,4,,2,10,,51572,16777,4,,2,10,,51576,16777,4,,2,10,,51569,16777,4,,2,50,,51581,16777,4,,2,10,,51593,16777,4,,2,10,,51586,16777,4,,2,10,,51589,16777,4,,2,10,,51573,16777,4,,2,10,,51577,16777,4,,2,50,,51597,16777,4,,2,10,,51582,16777,4,,2,10,,51594,16777,4,,2,10,,51587,16777,4,,2,10,,51590,16777,4,,2,10,,51602,16777,4,,2,50,,51578,16777,4,,2,10,,51598,16777,4,,2,10,,51583,16777,4,,2,10,,51595,16777,4,,2,10,,51606,16777,4,,2,10,,51591,16777,4,,2,50,,51603,16777,4,,2,10,,51514,16777,4,,2,10,,51599,16777,4,,2,10,,51609,16777,4,,2,10,,51596,16777,4,,2,10,,51607,16777,4,,2,50,,51592,16777,4,,2,10,,51604,16777,4,,2,20,,51600,16777,4,,2,20,,51610,16777,4,,2,60,,51608,16777,4,,2,20,,51605,16777,4,,2,20,,51601,16777,4,,2,60,,51611,16777,4,,2
72501,'F8',558,,42817,16777,4,,2,60,,42826,16777,4,,2,20,,42831,16777,4,,2,20,,42822,16777,4,,2,60,,42818,16777,4,,2,20,,42827,16777,4,,2,20,,42832,16777,4,,2,60,,42823,16777,4,,2,20,,42819,16777,4,,2,20,,42828,16777,4,,2,60,,42833,16777,4,,2,20,,42824,16777,4,,2,20,,42820,16777,4,,2,60,,42829,16777,4,,2,10,,42834,16777,4,,2,10,,42841,16777,4,,2,10,,42825,16777,4,,2,10,,42846,16777,4,,2,50,,42821,16777,4,,2,10,,42836,16777,4,,2,10,,42830,16777,4,,2,10,,42835,16777,4,,2,10,,42842,16777,4,,2,10,,42851,16777,4,,2,50,,42847,16777,4,,2,10,,42854,16777,4,,2,10,,42837,16777,4,,2,10,,42860,16777,4,,2,10,,42865,16777,4,,2,10,,42843,16777,4,,2,50,,42852,16777,4,,2,10,,42848,16777,4,,2,10,,42855,16777,4,,2,10,,42838,16777,4,,2,10,,42861,16777,4,,2,10,,42866,16777,4,,2,50,,42844,16777,4,,2,10,,42853,16777,4,,2,10,,42849,16777,4,,2,10,,42856,16777,4,,2,10,,42839,16777,4,,2,10,,42862,16777,4,,2,50,,42867,16777,4,,2,10,,42845,16777,4,,2,10,,42868,16777,4,,2,10,,42850,16777,4,,2,10,,42857,16777,4,,2,10,,42840,16777,4,,2,50,,42863,16777,4,,2,10,,42872,16777,4,,2,10,,42876,16777,4,,2,10,,42869,16777,4,,2,10,,42881,16777,4,,2,10,,42858,16777,4,,2,50,,42886,16777,4,,2,10,,42864,16777,4,,2,10,,42873,16777,4,,2,10,,42877,16777,4,,2,10,,42870,16777,4,,2,10,,42882,16777,4,,2,50,,42859,16777,4,,2,10,,42887,16777,4,,2,10,,42890,16777,4,,2,10,,42874,16777,4,,2,10,,42878,16777,4,,2,10,,42871,16777,4,,2,50,,42883,16777,4,,2,10,,42895,16777,4,,2,10,,42888,16777,4,,2,10,,42891,16777,4,,2,10,,42875,16777,4,,2,10,,42879,16777,4,,2,50,,42899,16777,4,,2,10,,42884,16777,4,,2,10,,42896,16777,4,,2,10,,42889,16777,4,,2,10,,42892,16777,4,,2,10,,42904,16777,4,,2,50,,42880,16777,4,,2,10,,42900,16777,4,,2,10,,42885,16777,4,,2,10,,42897,16777,4,,2,10,,42908,16777,4,,2,10,,42893,16777,4,,2,50,,42905,16777,4,,2,10,,42816,16777,4,,2,10,,42901,16777,4,,2,10,,42911,16777,4,,2,10,,42898,16777,4,,2,10,,42909,16777,4,,2,50,,42894,16777,4,,2,10,,42906,16777,4,,2,20,,42902,16777,4,,2,20,,42912,16777,4,,2,60,,42910,16777,4,,2,20,,42907,16777,4,,2,20,,42903,16777,4,,2,60,,42913,16777,4,,2
72501,'F9',558,,42914,16777,4,,2,60,,42924,16777,4,,2,20,,42929,16777,4,,2,20,,42919,16777,4,,2,60,,42915,16777,4,,2,20,,42925,16777,4,,2,20,,42930,16777,4,,2,60,,42920,16777,4,,2,20,,42916,16777,4,,2,20,,42926,16777,4,,2,60,,42931,16777,4,,2,20,,42921,16777,4,,2,20,,42917,16777,4,,2,60,,42927,16777,4,,2,10,,42932,16777,4,,2,10,,42937,16777,4,,2,10,,42922,16777,4,,2,10,,42941,16777,4,,2,50,,42918,16777,4,,2,10,,42933,16777,4,,2,10,,42928,16777,4,,2,10,,42945,16777,4,,2,10,,42938,16777,4,,2,10,,42923,16777,4,,2,50,,42942,16777,4,,2,10,,42949,16777,4,,2,10,,42934,16777,4,,2,10,,42960,16777,4,,2,10,,42946,16777,4,,2,10,,42939,16777,4,,2,50,,42955,16777,4,,2,10,,42943,16777,4,,2,10,,42950,16777,4,,2,10,,42935,16777,4,,2,10,,42961,16777,4,,2,10,,42947,16777,4,,2,50,,42940,16777,4,,2,10,,42956,16777,4,,2,10,,42944,16777,4,,2,10,,42951,16777,4,,2,10,,42936,16777,4,,2,10,,42962,16777,4,,2,50,,42948,16777,4,,2,10,,42965,16777,4,,2,10,,42957,16777,4,,2,10,,42969,16777,4,,2,10,,42952,16777,4,,2,10,,42973,16777,4,,2,50,,42963,16777,4,,2,10,,42977,16777,4,,2,10,,42966,16777,4,,2,10,,42958,16777,4,,2,10,,42970,16777,4,,2,10,,42953,16777,4,,2,50,,42974,16777,4,,2,10,,42964,16777,4,,2,10,,42978,16777,4,,2,10,,42967,16777,4,,2,10,,42959,16777,4,,2,10,,42971,16777,4,,2,50,,42954,16777,4,,2,10,,42975,16777,4,,2,20,,42979,16777,4,,2,20,,42968,16777,4,,2,60,,42972,16777,4,,2,20,,42976,16777,4,,2,20,,42980,16777,4,,2,60,,42981,16777,4,,2,20,,42985,16777,4,,2,20,,42989,16777,4,,2,60,,42993,16777,4,,2,20,,42982,16777,4,,2,20,,42986,16777,4,,2,60,,42990,16777,4,,2,20,,42994,16777,4,,2,20,,42983,16777,4,,2,60,,42987,16777,4,,2,20,,42991,16777,4,,2,20,,42995,16777,4,,2,60,,42984,16777,4,,2,20,,42988,16777,4,,2,15,,42992,16777,4,,2
