3100,'SE',633,,46184,4711,4,,1,70,,46210,4711,4,,1,30,,46188,4711,4,,1,71,,46185,4711,4,,1,29,,46180,4711,4,,1,69,,46178,4711,4,,1,30,,46179,4711,4,,1,70,,46200,4711,4,,1,30,,46181,4711,4,,1,70,,46197,4711,4,,1,31,,46189,4711,4,,1,70,,46203,4711,4,,1,30,,46186,4711,4,,1,70,,46202,4711,4,,1,30,,46182,4711,4,,1,70,,46207,4711,4,,1,31,,46190,4711,4,,1,70,,46195,4711,4,,1,30,,46187,4711,4,,1,70,,46192,4711,4,,1,30,,46194,4711,4,,1,70,,46191,4711,4,,1,30,,46193,4711,4,,1,70,,46183,4711,4,,1,30,,46204,4711,4,,1,71,,46196,4711,4,,1,30,,46206,4711,4,,1,70,,46198,4711,4,,1,29,,46205,4711,4,,1,70,,46209,4711,4,,1,29,,46201,4711,4,,1,100,,46199,4711,4,,1,99,,46208,4711,4,,1
3101,'SE',535,,46244,0,,,1,70,,46241,0,,,1,30,,46217,0,,,1,70,,46245,0,,,1,30,,46221,0,,,1,71,,46218,0,,,1,29,,46213,0,,,1,69,,46211,0,,,1,30,,46212,0,,,1,70,,46233,0,,,1,30,,46214,0,,,1,70,,46230,0,,,1,31,,46222,0,,,1,70,,46236,0,,,1,30,,46219,0,,,1,70,,46235,0,,,1,30,,46215,0,,,1,70,,46240,0,,,1,31,,46223,0,,,1,70,,46228,0,,,1,30,,46220,0,,,1,70,,46225,0,,,1,30,,46227,0,,,1,70,,46224,0,,,1,30,,46226,0,,,1,70,,46216,0,,,1,30,,46237,0,,,1,71,,46229,0,,,1,30,,46239,0,,,1,70,,46231,0,,,1,29,,46238,0,,,1,70,,46243,0,,,1,29,,46234,0,,,1,100,,46232,0,,,1,99,,46242,0,,,1
21400,'DI',922,,39011,7943,4,,1,100,,39012,7943,4,,1,100,,39013,7943,4,,1,100,,39014,7943,4,,1,100,,39015,7943,4,,1,100,,39016,7943,4,,1,100,,39017,7943,4,,1,100,,39018,7943,4,,1,100,,39019,7943,4,,1,100,,39020,7943,4,,1
21400,'F1',922,,50482,7943,4,,1,100,,50483,7943,4,,1,100,,50484,7943,4,,1,100,,50485,7943,4,,1,100,,50486,7943,4,,1,100,,50487,7943,4,,1,100,,50488,7943,4,,1,100,,50489,7943,4,,1,100,,50490,7943,4,,1,100,,50491,7943,4,,1
21400,'F2',922,,50492,7943,4,,1,100,,50493,7943,4,,1,100,,50494,7943,4,,1,100,,50495,7943,4,,1,100,,50496,7943,4,,1,100,,50497,7943,4,,1,100,,50498,7943,4,,1,100,,50499,7943,4,,1,100,,50500,7943,4,,1,100,,50501,7943,4,,1
21400,'F8',922,,39034,7943,4,,1,100,,39035,7943,4,,1,100,,39036,7943,4,,1,100,,39037,7943,4,,1,100,,39038,7943,4,,1,100,,39039,7943,4,,1,100,,39040,7943,4,,1,100,,39041,7943,4,,1,100,,39042,7943,4,,1,100,,39043,7943,4,,1
21400,'F9',922,,39044,7943,4,,1,100,,39045,7943,4,,1,100,,39046,7943,4,,1,100,,39047,7943,4,,1,100,,39048,7943,4,,1,100,,39049,7943,4,,1,100,,39050,7943,4,,1,100,,39051,7943,4,,1,100,,39052,7943,4,,1,100,,39053,7943,4,,1
21400,'SA',922,,39054,7943,4,,1,100,,39055,7943,4,,1,100,,39056,7943,4,,1,100,,39057,7943,4,,1,100,,39058,7943,4,,1,100,,39059,7943,4,,1,100,,39060,7943,4,,1,100,,39061,7943,4,,1,100,,39062,7943,4,,1,100,,39063,7943,4,,1
21401,'DI',825,,39064,0,,,1,100,,39065,0,,,1,100,,39066,0,,,1,100,,39067,0,,,1,100,,39068,0,,,1,100,,39069,0,,,1,100,,39070,0,,,1,100,,39071,0,,,1,100,,39072,0,,,1,100,,39073,0,,,1
21401,'F1',825,,50502,0,,,1,100,,50503,0,,,1,100,,50504,0,,,1,100,,50505,0,,,1,100,,50506,0,,,1,100,,50507,0,,,1,100,,50508,0,,,1,100,,50509,0,,,1,100,,50510,0,,,1,100,,50511,0,,,1
21401,'F2',825,,50512,0,,,1,100,,50513,0,,,1,100,,50514,0,,,1,100,,50515,0,,,1,100,,50516,0,,,1,100,,50517,0,,,1,100,,50518,0,,,1,100,,50519,0,,,1,100,,50520,0,,,1,100,,50521,0,,,1
21401,'F8',825,,39088,0,,,1,100,,39089,0,,,1,100,,39090,0,,,1,100,,39091,0,,,1,100,,39092,0,,,1,100,,39093,0,,,1,100,,39094,0,,,1,100,,39095,0,,,1,100,,39096,0,,,1,100,,39097,0,,,1
21401,'F9',825,,39098,0,,,1,100,,39099,0,,,1,100,,39100,0,,,1,100,,39101,0,,,1,100,,39102,0,,,1,100,,39103,0,,,1,100,,39104,0,,,1,100,,39105,0,,,1,100,,39106,0,,,1,100,,39107,0,,,1
21401,'SA',825,,39108,0,,,1,100,,39109,0,,,1,100,,39110,0,,,1,100,,39111,0,,,1,100,,39112,0,,,1,100,,39113,0,,,1,100,,39114,0,,,1,100,,39115,0,,,1,100,,39116,0,,,1,100,,39117,0,,,1
84801,'DI',642,,19943,1095,,,2,70,,19944,1095,,,2,30,,19945,1095,,,2,70,,19946,1095,,,2,30,,19947,1095,,,2,70,,19948,1095,,,2,30,,19949,1095,,,2,70,,19950,1095,,,2,30,,19951,1095,,,2,70,,19952,1095,,,2,30,,19953,1095,,,2,70,,19954,1095,,,2,30,,19955,1095,,,2,70,,19956,1095,,,2,30,,19957,1095,,,2,70,,19958,1095,,,2,30,,19959,1095,,,2,70,,19960,1095,,,2,30,,19961,1095,,,2,70,,19962,1095,,,2,30,,19963,1095,,,2,70,,19964,1095,,,2,30,,19965,1095,,,2,70,,19966,1095,,,2,30,,19967,1095,,,2,70,,19968,1095,,,2,30,,19969,1095,,,2,70,,19970,1095,,,2,30,,19971,1095,,,2,70,,19972,1095,,,2,30,,19973,1095,,,2,70,,19974,1095,,,2,30,,19975,1095,,,2,70,,19976,1095,,,2,30,,19977,1095,,,2,70,,19978,1095,,,2,30,,19979,1095,,,2
84801,'F1',642,,51686,1095,,,2,70,,51687,1095,,,2,30,,51688,1095,,,2,70,,51689,1095,,,2,30,,51690,1095,,,2,70,,51691,1095,,,2,30,,51692,1095,,,2,70,,51693,1095,,,2,30,,51694,1095,,,2,70,,51695,1095,,,2,30,,51696,1095,,,2,70,,51697,1095,,,2,30,,51698,1095,,,2,70,,51699,1095,,,2,30,,51700,1095,,,2,70,,51701,1095,,,2,30,,51702,1095,,,2,70,,51703,1095,,,2,30,,51704,1095,,,2,70,,51705,1095,,,2,30,,51706,1095,,,2,70,,51707,1095,,,2,30,,51708,1095,,,2,70,,51709,1095,,,2,30,,51710,1095,,,2,70,,51711,1095,,,2,30,,51712,1095,,,2,70,,51713,1095,,,2,30,,51714,1095,,,2,70,,51715,1095,,,2,30,,51716,1095,,,2,70,,51717,1095,,,2,30,,51718,1095,,,2,70,,51719,1095,,,2,30,,51720,1095,,,2,70,,51721,1095,,,2,30,,51722,1095,,,2
84801,'F2',642,,51723,1095,,,2,70,,51724,1095,,,2,30,,51725,1095,,,2,70,,51726,1095,,,2,30,,51727,1095,,,2,70,,51728,1095,,,2,30,,51729,1095,,,2,70,,51730,1095,,,2,30,,51731,1095,,,2,70,,51732,1095,,,2,30,,51733,1095,,,2,70,,51734,1095,,,2,30,,51735,1095,,,2,70,,51736,1095,,,2,30,,51737,1095,,,2,70,,51738,1095,,,2,30,,51739,1095,,,2,70,,51740,1095,,,2,30,,51741,1095,,,2,70,,51742,1095,,,2,30,,51743,1095,,,2,70,,51744,1095,,,2,30,,51745,1095,,,2,70,,51746,1095,,,2,30,,51747,1095,,,2,70,,51748,1095,,,2,30,,51749,1095,,,2,70,,51750,1095,,,2,30,,51751,1095,,,2,70,,51752,1095,,,2,30,,51753,1095,,,2,70,,51754,1095,,,2,30,,51755,1095,,,2,70,,51756,1095,,,2,30,,51757,1095,,,2,70,,51758,1095,,,2,30,,51759,1095,,,2
84801,'F8',642,,42162,1095,,,2,70,,42163,1095,,,2,30,,42164,1095,,,2,70,,42165,1095,,,2,30,,42166,1095,,,2,70,,42167,1095,,,2,30,,42168,1095,,,2,70,,42169,1095,,,2,30,,42170,1095,,,2,70,,42171,1095,,,2,30,,42172,1095,,,2,70,,42173,1095,,,2,30,,42174,1095,,,2,70,,42175,1095,,,2,30,,42176,1095,,,2,70,,42177,1095,,,2,30,,42178,1095,,,2,70,,42179,1095,,,2,30,,42180,1095,,,2,70,,42181,1095,,,2,30,,42182,1095,,,2,70,,42183,1095,,,2,30,,42184,1095,,,2,70,,42185,1095,,,2,30,,42186,1095,,,2,70,,42187,1095,,,2,30,,42188,1095,,,2,70,,42189,1095,,,2,30,,42190,1095,,,2,70,,42191,1095,,,2,30,,42192,1095,,,2,70,,42193,1095,,,2,30,,42194,1095,,,2,70,,42195,1095,,,2,30,,42196,1095,,,2,70,,42197,1095,,,2,30,,42198,1095,,,2
84801,'F9',642,,42199,1095,,,2,70,,42200,1095,,,2,30,,42201,1095,,,2,70,,42202,1095,,,2,30,,42203,1095,,,2,70,,42204,1095,,,2,30,,42205,1095,,,2,70,,42206,1095,,,2,30,,42207,1095,,,2,70,,42208,1095,,,2,30,,42209,1095,,,2,70,,42210,1095,,,2,30,,42211,1095,,,2,70,,42212,1095,,,2,30,,42213,1095,,,2,70,,42214,1095,,,2,30,,42215,1095,,,2,70,,42216,1095,,,2,30,,42217,1095,,,2,70,,42218,1095,,,2,30,,42219,1095,,,2,70,,42220,1095,,,2,30,,42221,1095,,,2,70,,42222,1095,,,2,30,,42223,1095,,,2,70,,42224,1095,,,2,30,,42225,1095,,,2,70,,42226,1095,,,2,30,,42227,1095,,,2,70,,42228,1095,,,2,30,,42229,1095,,,2,70,,42230,1095,,,2,30,,42231,1095,,,2,70,,42232,1095,,,2,30,,42233,1095,,,2,70,,42234,1095,,,2,30,,42235,1095,,,2
84801,'SA',642,,20091,1095,,,2,70,,20092,1095,,,2,30,,20093,1095,,,2,70,,20094,1095,,,2,30,,20095,1095,,,2,70,,20096,1095,,,2,30,,20097,1095,,,2,70,,20098,1095,,,2,30,,20099,1095,,,2,70,,20100,1095,,,2,30,,20101,1095,,,2,70,,20102,1095,,,2,30,,20103,1095,,,2,70,,20104,1095,,,2,30,,20105,1095,,,2,70,,20106,1095,,,2,30,,20107,1095,,,2,70,,20108,1095,,,2,30,,20109,1095,,,2,70,,20110,1095,,,2,30,,20111,1095,,,2,70,,20112,1095,,,2,30,,20113,1095,,,2,70,,20114,1095,,,2,30,,20115,1095,,,2,70,,20116,1095,,,2,30,,20117,1095,,,2,70,,20118,1095,,,2,30,,20119,1095,,,2,70,,20120,1095,,,2,30,,20121,1095,,,2,70,,20122,1095,,,2,30,,20123,1095,,,2,70,,20124,1095,,,2,30,,20125,1095,,,2,70,,20126,1095,,,2,30,,20127,1095,,,2
