7500,'DI',640,,34505,6383,4,,2,100,,34509,6383,4,,2,100,,34503,6383,4,,2,100,,34506,6383,4,,2,100,,34510,6383,4,,2,100,,34507,6383,4,,2,100,,34508,6383,4,,2,100,,34511,6383,4,,2,100,,34517,6383,4,,2,100,,34518,6383,4,,2,100,,34512,6383,4,,2,100,,34513,6383,4,,2,100,,34514,6383,4,,2,100,,34504,6383,4,,2,100,,34519,6383,4,,2,100,,34515,6383,4,,2,100,,34520,6383,4,,2,100,,34516,6383,4,,2,100,,34521,6383,4,,2
7500,'F8',640,,34585,6383,4,,2,100,,34595,6383,4,,2,100,,34600,6383,4,,2,100,,34586,6383,4,,2,100,,34584,6383,4,,2,100,,34596,6383,4,,2,100,,34587,6383,4,,2,100,,34590,6383,4,,2,100,,34597,6383,4,,2,100,,34588,6383,4,,2,100,,34589,6383,4,,2,105,,34598,6383,4,,2,95,,34599,6383,4,,2,100,,34591,6383,4,,2,100,,34592,6383,4,,2,100,,34594,6383,4,,2,100,,34593,6383,4,,2,100,,34583,6383,4,,2,100,,34582,6383,4,,2,100,,34601,6383,4,,2
7500,'F9',640,,34604,6383,4,,2,100,,34608,6383,4,,2,100,,34602,6383,4,,2,100,,34605,6383,4,,2,100,,34609,6383,4,,2,100,,34606,6383,4,,2,100,,34607,6383,4,,2,100,,34610,6383,4,,2,100,,34616,6383,4,,2,100,,34617,6383,4,,2,100,,34611,6383,4,,2,100,,34612,6383,4,,2,100,,34613,6383,4,,2,100,,34603,6383,4,,2,100,,34618,6383,4,,2,100,,34614,6383,4,,2,100,,34619,6383,4,,2,100,,34615,6383,4,,2,100,,34620,6383,4,,2
7500,'SA',640,,34624,6383,4,,2,100,,34633,6383,4,,2,100,,34638,6383,4,,2,100,,34625,6383,4,,2,100,,34623,6383,4,,2,100,,34634,6383,4,,2,100,,34626,6383,4,,2,100,,34629,6383,4,,2,100,,34635,6383,4,,2,100,,34627,6383,4,,2,100,,34628,6383,4,,2,105,,34636,6383,4,,2,95,,34637,6383,4,,2,100,,34630,6383,4,,2,100,,34631,6383,4,,2,100,,13140,6383,4,,2,100,,34632,6383,4,,2,100,,34622,6383,4,,2,100,,34621,6383,4,,2,100,,34639,6383,4,,2
7500,'SE',630,,34642,6383,4,,2,110,,34650,6383,4,,2,100,,34651,6383,4,,2,100,,34640,6383,4,,2,100,,34647,6383,4,,2,100,,34641,6383,4,,2,100,,34653,6383,4,,2,100,,34652,6383,4,,2,100,,34648,6383,4,,2,101,,34643,6383,4,,2,101,,34654,6383,4,,2,100,,34655,6383,4,,2,98,,34656,6383,4,,2,100,,34644,6383,4,,2,100,,34649,6383,4,,2,100,,34645,6383,4,,2,100,,34657,6383,4,,2,100,,34646,6383,4,,2,100,,34658,6383,4,,2,100,,34659,6383,4,,2
7501,'DI',540,,34674,0,,,2,100,,34662,0,,,2,100,,34666,0,,,2,100,,34660,0,,,2,100,,34663,0,,,2,100,,34667,0,,,2,100,,34664,0,,,2,100,,34665,0,,,2,100,,34668,0,,,2,100,,34675,0,,,2,100,,34676,0,,,2,100,,34669,0,,,2,100,,34670,0,,,2,100,,34671,0,,,2,100,,34661,0,,,2,100,,34677,0,,,2,100,,34672,0,,,2,100,,34678,0,,,2,100,,34673,0,,,2
7501,'F8',540,,34751,0,,,2,100,,34743,0,,,2,100,,34754,0,,,2,100,,34759,0,,,2,100,,34744,0,,,2,100,,34742,0,,,2,100,,34755,0,,,2,100,,34745,0,,,2,100,,34748,0,,,2,100,,34756,0,,,2,100,,34746,0,,,2,100,,34747,0,,,2,105,,34757,0,,,2,95,,34758,0,,,2,100,,34749,0,,,2,100,,34750,0,,,2,100,,34753,0,,,2,100,,34752,0,,,2,100,,34741,0,,,2,100,,34740,0,,,2
7501,'F9',540,,34774,0,,,2,100,,34762,0,,,2,100,,34766,0,,,2,100,,34760,0,,,2,100,,34763,0,,,2,100,,34767,0,,,2,100,,34764,0,,,2,100,,34765,0,,,2,100,,34768,0,,,2,100,,34775,0,,,2,100,,34776,0,,,2,100,,34769,0,,,2,100,,34770,0,,,2,100,,34771,0,,,2,100,,34761,0,,,2,100,,34777,0,,,2,100,,34772,0,,,2,100,,34778,0,,,2,100,,34773,0,,,2
7501,'SA',540,,34790,0,,,2,100,,34782,0,,,2,100,,34792,0,,,2,100,,34797,0,,,2,100,,34783,0,,,2,100,,34781,0,,,2,100,,34793,0,,,2,100,,34784,0,,,2,100,,34787,0,,,2,100,,34794,0,,,2,100,,34785,0,,,2,100,,34786,0,,,2,105,,34795,0,,,2,95,,34796,0,,,2,100,,34788,0,,,2,100,,34789,0,,,2,100,,13279,0,,,2,100,,34791,0,,,2,100,,34780,0,,,2,100,,34779,0,,,2
7501,'SE',540,,34800,0,,,2,90,,34801,0,,,2,70,,34819,0,,,2,20,,34812,0,,,2,20,,34809,0,,,2,100,,34810,0,,,2,100,,34798,0,,,2,100,,34806,0,,,2,100,,34799,0,,,2,100,,34813,0,,,2,100,,34811,0,,,2,100,,34807,0,,,2,101,,34802,0,,,2,101,,34814,0,,,2,100,,34815,0,,,2,98,,34816,0,,,2,100,,34803,0,,,2,100,,34808,0,,,2,100,,34804,0,,,2,100,,34817,0,,,2,100,,34805,0,,,2,100,,34818,0,,,2
17001,'SE',511,,38933,597,0,48 49,2,30,,38934,597,0,48 49,2,62,,38917,597,0,48 49,2,30,,38921,597,0,48 49,2,70,,38918,597,0,48 49,2,30,,38922,597,0,48 49,2,70,,38919,597,0,48 49,2,35,,38923,597,0,48 49,2,70,,38920,597,0,48 49,2,616,,38929,597,0,48 49,2,30,,38924,597,0,48 49,2,70,,38930,597,0,48 49,2,30,,38925,597,0,48 49,2,70,,38931,597,0,48 49,2,30,,38926,597,0,48 49,2,70,,38932,597,0,48 49,2,30,,38927,597,0,48 49,2
