46100,'DI',643,,40004,13591,4,,2,75,,40007,13591,4,,2,108,,40008,13591,4,,2,97,,40009,13591,4,,2,30,,40005,13591,4,,2,69,,40010,13591,4,,2,30,,40012,13591,4,,2,70,,40017,13591,4,,2,30,,40013,13591,4,,2,70,,40018,13591,4,,2,30,,40014,13591,4,,2,70,,40019,13591,4,,2,30,,40015,13591,4,,2,70,,40034,13591,4,,2,30,,40021,13591,4,,2,100,,40022,13591,4,,2,96,,40023,13591,4,,2,100,,40024,13591,4,,2,74,,40026,13591,4,,2,30,,40025,13591,4,,2,70,,40027,13591,4,,2,100,,40029,13591,4,,2,100,,40030,13591,4,,2,100,,40031,13591,4,,2,100,,40032,13591,4,,2,100,,40033,13591,4,,2
46100,'F8',643,,40149,13591,4,,2,75,,40152,13591,4,,2,108,,40153,13591,4,,2,97,,40154,13591,4,,2,30,,40150,13591,4,,2,69,,40155,13591,4,,2,30,,40157,13591,4,,2,70,,40162,13591,4,,2,30,,40158,13591,4,,2,70,,40163,13591,4,,2,30,,40159,13591,4,,2,70,,40164,13591,4,,2,30,,40160,13591,4,,2,70,,40174,13591,4,,2,30,,40166,13591,4,,2,100,,40167,13591,4,,2,96,,40168,13591,4,,2,100,,40169,13591,4,,2,74,,40171,13591,4,,2,30,,40170,13591,4,,2,70,,40172,13591,4,,2,100,,40145,13591,4,,2,100,,40143,13591,4,,2,100,,40146,13591,4,,2,100,,40148,13591,4,,2,100,,40147,13591,4,,2
46100,'F9',643,,40175,13591,4,,2,75,,40178,13591,4,,2,108,,40179,13591,4,,2,97,,40180,13591,4,,2,30,,40176,13591,4,,2,69,,40181,13591,4,,2,30,,40183,13591,4,,2,70,,40188,13591,4,,2,30,,40184,13591,4,,2,70,,40189,13591,4,,2,30,,40185,13591,4,,2,70,,40190,13591,4,,2,30,,40186,13591,4,,2,70,,40205,13591,4,,2,30,,40192,13591,4,,2,100,,40193,13591,4,,2,96,,40194,13591,4,,2,100,,40195,13591,4,,2,74,,40197,13591,4,,2,30,,40196,13591,4,,2,70,,40198,13591,4,,2,100,,40200,13591,4,,2,100,,40201,13591,4,,2,100,,40202,13591,4,,2,100,,40203,13591,4,,2,100,,40204,13591,4,,2
46100,'SA',643,,40212,13591,4,,2,75,,40215,13591,4,,2,108,,40216,13591,4,,2,97,,40217,13591,4,,2,30,,40213,13591,4,,2,69,,40218,13591,4,,2,30,,40220,13591,4,,2,70,,40225,13591,4,,2,30,,40221,13591,4,,2,70,,40226,13591,4,,2,30,,40222,13591,4,,2,70,,40227,13591,4,,2,30,,40223,13591,4,,2,70,,40237,13591,4,,2,30,,40229,13591,4,,2,100,,40230,13591,4,,2,96,,40231,13591,4,,2,100,,40232,13591,4,,2,74,,40234,13591,4,,2,30,,40233,13591,4,,2,70,,40235,13591,4,,2,100,,40208,13591,4,,2,100,,40206,13591,4,,2,100,,40209,13591,4,,2,100,,40211,13591,4,,2,100,,40210,13591,4,,2
46100,'SE',527,,40239,13591,4,,2,19,,40238,13591,4,,2,56,,40280,13591,4,,2,18,,40279,13591,4,,2,24,,40275,13591,4,,2,71,,40272,13591,4,,2,33,,40281,13591,4,,2,84,,40273,13591,4,,2,68,,40242,13591,4,,2,116,,40243,13591,4,,2,30,,40245,13591,4,,2,70,,40240,13591,4,,2,30,,40247,13591,4,,2,70,,40249,13591,4,,2,30,,40254,13591,4,,2,70,,40244,13591,4,,2,30,,40246,13591,4,,2,70,,40251,13591,4,,2,22,,40248,13591,4,,2,75,,40256,13591,4,,2,36,,40255,13591,4,,2,70,,40277,13591,4,,2,26,,40257,13591,4,,2,14,,40250,13591,4,,2,67,,40252,13591,4,,2,21,,40278,13591,4,,2,55,,40258,13591,4,,2,21,,40259,13591,4,,2,86,,40262,13591,4,,2,30,,40264,13591,4,,2,70,,40267,13591,4,,2,30,,40261,13591,4,,2,70,,40269,13591,4,,2,30,,40268,13591,4,,2,70,,40263,13591,4,,2,31,,40265,13591,4,,2,69,,40270,13591,4,,2,30,,40266,13591,4,,2,69,,40271,13591,4,,2
46101,'DI',552,,40282,0,0,35 36,2,80,,40285,0,0,35 36,2,103,,40286,0,0,35 36,2,97,,40287,0,0,35 36,2,70,,40283,0,0,35 36,2,30,,40288,0,0,35 36,2,70,,40284,0,0,35 36,2,30,,40289,0,0,35 36,2,70,,40290,0,0,35 36,2,30,,40294,0,0,35 36,2,70,,40291,0,0,35 36,2,30,,40295,0,0,35 36,2,70,,40292,0,0,35 36,2,30,,40296,0,0,35 36,2,70,,40293,0,0,35 36,2,100,,40297,0,0,35 36,2,100,,40298,0,0,35 36,2,51,,40299,0,0,35 36,2,79,,40301,0,0,35 36,2,74,,40300,0,0,35 36,2,26,,40302,0,0,35 36,2,95,,40303,0,0,35 36,2,105,,40304,0,0,35 36,2,100,,40305,0,0,35 36,2,100,,40306,0,0,35 36,2,100,,40307,0,0,35 36,2
46101,'F8',552,,40398,0,0,35 36,2,80,,40401,0,0,35 36,2,103,,40402,0,0,35 36,2,97,,40403,0,0,35 36,2,70,,40399,0,0,35 36,2,30,,40404,0,0,35 36,2,70,,40400,0,0,35 36,2,30,,40405,0,0,35 36,2,70,,40406,0,0,35 36,2,30,,40410,0,0,35 36,2,70,,40407,0,0,35 36,2,30,,40411,0,0,35 36,2,70,,40408,0,0,35 36,2,30,,40412,0,0,35 36,2,70,,40409,0,0,35 36,2,100,,40413,0,0,35 36,2,100,,40414,0,0,35 36,2,51,,40415,0,0,35 36,2,79,,40417,0,0,35 36,2,74,,40416,0,0,35 36,2,26,,40418,0,0,35 36,2,95,,40419,0,0,35 36,2,105,,40395,0,0,35 36,2,100,,40394,0,0,35 36,2,100,,40396,0,0,35 36,2,100,,40397,0,0,35 36,2
46101,'F9',552,,40420,0,0,35 36,2,80,,40423,0,0,35 36,2,103,,40424,0,0,35 36,2,97,,40425,0,0,35 36,2,70,,40421,0,0,35 36,2,30,,40426,0,0,35 36,2,70,,40422,0,0,35 36,2,30,,40427,0,0,35 36,2,70,,40428,0,0,35 36,2,30,,40432,0,0,35 36,2,70,,40429,0,0,35 36,2,30,,40433,0,0,35 36,2,70,,40430,0,0,35 36,2,30,,40434,0,0,35 36,2,70,,40431,0,0,35 36,2,100,,40435,0,0,35 36,2,100,,40436,0,0,35 36,2,51,,40437,0,0,35 36,2,79,,40439,0,0,35 36,2,74,,40438,0,0,35 36,2,26,,40440,0,0,35 36,2,95,,40441,0,0,35 36,2,105,,40442,0,0,35 36,2,100,,40443,0,0,35 36,2,100,,40444,0,0,35 36,2,100,,40445,0,0,35 36,2
46101,'SA',552,,40450,0,0,35 36,2,80,,40453,0,0,35 36,2,103,,40454,0,0,35 36,2,97,,40455,0,0,35 36,2,70,,40451,0,0,35 36,2,30,,40456,0,0,35 36,2,70,,40452,0,0,35 36,2,30,,40457,0,0,35 36,2,70,,40458,0,0,35 36,2,30,,40462,0,0,35 36,2,70,,40459,0,0,35 36,2,30,,40463,0,0,35 36,2,70,,40460,0,0,35 36,2,30,,40464,0,0,35 36,2,70,,40461,0,0,35 36,2,100,,40465,0,0,35 36,2,100,,40466,0,0,35 36,2,51,,40467,0,0,35 36,2,79,,40469,0,0,35 36,2,74,,40468,0,0,35 36,2,26,,40470,0,0,35 36,2,95,,40471,0,0,35 36,2,105,,40447,0,0,35 36,2,100,,40446,0,0,35 36,2,100,,40448,0,0,35 36,2,100,,40449,0,0,35 36,2
46101,'SE',440,,40472,0,0,35 36,2,68,,40504,0,0,35 36,2,24,,40474,0,0,35 36,2,20,,40473,0,0,35 36,2,100,,40502,0,0,35 36,2,77,,40500,0,0,35 36,2,108,,40501,0,0,35 36,2,68,,40476,0,0,35 36,2,39,,40505,0,0,35 36,2,77,,40477,0,0,35 36,2,30,,40478,0,0,35 36,2,70,,40475,0,0,35 36,2,30,,40479,0,0,35 36,2,70,,40480,0,0,35 36,2,30,,40483,0,0,35 36,2,70,,40485,0,0,35 36,2,30,,40486,0,0,35 36,2,70,,40481,0,0,35 36,2,97,,40487,0,0,35 36,2,84,,40484,0,0,35 36,2,24,,40503,0,0,35 36,2,27,,40488,0,0,35 36,2,78,,40482,0,0,35 36,2,69,,40497,0,0,35 36,2,36,,40489,0,0,35 36,2,80,,40491,0,0,35 36,2,30,,40493,0,0,35 36,2,70,,40495,0,0,35 36,2,29,,40490,0,0,35 36,2,70,,40498,0,0,35 36,2,30,,40496,0,0,35 36,2,70,,40492,0,0,35 36,2,30,,40494,0,0,35 36,2,69,,40499,0,0,35 36,2
46200,'DI',736,,40508,18924,4,,2,104,,40506,18924,4,,2,100,,40509,18924,4,,2,666,,40510,18924,4,,2,100,,40507,18924,4,,2,100,,40511,18924,4,,2
46200,'F8',736,,40535,18924,4,,2,104,,40533,18924,4,,2,100,,40536,18924,4,,2,666,,40537,18924,4,,2,100,,40534,18924,4,,2,100,,40538,18924,4,,2
46200,'F9',736,,40541,18924,4,,2,104,,40539,18924,4,,2,100,,40542,18924,4,,2,666,,40543,18924,4,,2,100,,40540,18924,4,,2,100,,40544,18924,4,,2
46200,'SA',736,,40547,18924,4,,2,104,,40545,18924,4,,2,100,,40548,18924,4,,2,666,,40549,18924,4,,2,100,,40546,18924,4,,2,100,,40550,18924,4,,2
46200,'SE',744,,40552,18924,4,,2,80,,40551,18924,4,,2,34,,40555,18924,4,,2,69,,40553,18924,4,,2,23,,40554,18924,4,,2,663,,40556,18924,4,,2,102,,40558,18924,4,,2,38,,40559,18924,4,,2,56,,40557,18924,4,,2
46201,'DI',622,,40562,0,0,28 57,2,93,,40560,0,0,28 57,2,102,,40563,0,0,28 57,2,626,,40564,0,0,28 57,2,99,,40561,0,0,28 57,2,100,,40565,0,0,28 57,2
46201,'F8',622,,40589,0,0,28 57,2,93,,40587,0,0,28 57,2,102,,40590,0,0,28 57,2,626,,40591,0,0,28 57,2,99,,40588,0,0,28 57,2,100,,40592,0,0,28 57,2
46201,'F9',622,,40595,0,0,28 57,2,93,,40593,0,0,28 57,2,102,,40596,0,0,28 57,2,626,,40597,0,0,28 57,2,99,,40594,0,0,28 57,2,100,,40598,0,0,28 57,2
46201,'SA',622,,40601,0,0,28 57,2,93,,40599,0,0,28 57,2,102,,40602,0,0,28 57,2,626,,40603,0,0,28 57,2,99,,40600,0,0,28 57,2,100,,40604,0,0,28 57,2
46201,'SE',612,,40606,0,0,28 57,2,33,,40605,0,0,28 57,2,70,,40609,0,0,28 57,2,36,,40607,0,0,28 57,2,66,,40608,0,0,28 57,2,619,,40610,0,0,28 57,2,96,,40612,0,0,28 57,2,84,,40613,0,0,28 57,2,16,,40611,0,0,28 57,2
