2300,'F2',701,,56060,8575,,,1,100,,56062,8575,,,1,100,,56068,8575,,,1,102,,56069,8575,,,1,99,,56059,8575,,,1,103,,56065,8575,,,1,97,,56058,8575,,,1,100,,56061,8575,,,1,100,,56063,8575,,,1,100,,56064,8575,,,1,100,,56066,8575,,,1,101,,56067,8575,,,1
2300,'SA',701,,56072,8575,,,1,100,,56074,8575,,,1,100,,56080,8575,,,1,102,,56081,8575,,,1,99,,56071,8575,,,1,103,,56077,8575,,,1,97,,56070,8575,,,1,100,,56073,8575,,,1,100,,56075,8575,,,1,100,,56076,8575,,,1,100,,56078,8575,,,1,101,,56079,8575,,,1
2300,'SE',1004,,56085,8575,,,1,100,,56082,8575,,,1,100,,56084,8575,,,1,100,,56086,8575,,,1,100,,56083,8575,,,1
12300,'DI',631,,37610,8575,0,42 43,1,100,,37620,8575,0,42 43,1,100,,37611,8575,0,42 43,1,100,,37621,8575,0,42 43,1,100,,37612,8575,0,42 43,1,100,,61748,8575,0,42 43,1,105,,37613,8575,0,42 43,1,95,,61749,8575,0,42 43,1,100,,37614,8575,0,42 43,1,100,,61750,8575,0,42 43,1,100,,61743,8575,0,42 43,1,100,,61751,8575,0,42 43,1,100,,61744,8575,0,42 43,1,100,,61752,8575,0,42 43,1,100,,61745,8575,0,42 43,1,100,,61753,8575,0,42 43,1,100,,61746,8575,0,42 43,1,100,,61754,8575,0,42 43,1,100,,61747,8575,0,42 43,1
12300,'F1',631,,49910,8575,0,42 43,1,100,,49920,8575,0,42 43,1,100,,49911,8575,0,42 43,1,100,,49921,8575,0,42 43,1,100,,49912,8575,0,42 43,1,100,,61760,8575,0,42 43,1,105,,49913,8575,0,42 43,1,95,,61761,8575,0,42 43,1,100,,49914,8575,0,42 43,1,100,,61762,8575,0,42 43,1,100,,61755,8575,0,42 43,1,100,,61763,8575,0,42 43,1,100,,61756,8575,0,42 43,1,100,,61764,8575,0,42 43,1,100,,61757,8575,0,42 43,1,100,,61765,8575,0,42 43,1,100,,61758,8575,0,42 43,1,100,,61766,8575,0,42 43,1,100,,61759,8575,0,42 43,1
12300,'F2',631,,61767,8575,0,42 43,1,100,,61773,8575,0,42 43,1,100,,61777,8575,0,42 43,1,105,,61768,8575,0,42 43,1,99,,61778,8575,0,42 43,1,100,,61769,8575,0,42 43,1,100,,61779,8575,0,42 43,1,96,,61770,8575,0,42 43,1,100,,61780,8575,0,42 43,1,100,,61771,8575,0,42 43,1,104,,61781,8575,0,42 43,1,101,,61772,8575,0,42 43,1,99,,61782,8575,0,42 43,1,96,,61774,8575,0,42 43,1,100,,61783,8575,0,42 43,1,100,,61775,8575,0,42 43,1,100,,61784,8575,0,42 43,1,100,,61776,8575,0,42 43,1,100,,61785,8575,0,42 43,1
12300,'SA',631,,61786,8575,0,42 43,1,100,,61792,8575,0,42 43,1,100,,61796,8575,0,42 43,1,105,,61787,8575,0,42 43,1,99,,61797,8575,0,42 43,1,100,,61788,8575,0,42 43,1,100,,61798,8575,0,42 43,1,96,,61789,8575,0,42 43,1,100,,61799,8575,0,42 43,1,100,,61790,8575,0,42 43,1,104,,61800,8575,0,42 43,1,101,,61791,8575,0,42 43,1,99,,61801,8575,0,42 43,1,96,,61793,8575,0,42 43,1,100,,61802,8575,0,42 43,1,100,,61794,8575,0,42 43,1,100,,61803,8575,0,42 43,1,100,,61795,8575,0,42 43,1,100,,61804,8575,0,42 43,1
12300,'SE',524,,61821,8575,0,42 43,1,33,,61815,8575,0,42 43,1,55,,61808,8575,0,42 43,1,10,,61809,8575,0,42 43,1,10,,61810,8575,0,42 43,1,10,,61829,8575,0,42 43,1,12,,61812,8575,0,42 43,1,48,,61820,8575,0,42 43,1,12,,49968,8575,0,42 43,1,10,,61827,8575,0,42 43,1,21,,61828,8575,0,42 43,1,57,,61813,8575,0,42 43,1,31,,61817,8575,0,42 43,1,26,,49971,8575,0,42 43,1,69,,61811,8575,0,42 43,1,102,,61837,8575,0,42 43,1,100,,61807,8575,0,42 43,1,99,,61824,8575,0,42 43,1,103,,61816,8575,0,42 43,1,5,,61830,8575,0,42 43,1,93,,61822,8575,0,42 43,1,70,,61833,8575,0,42 43,1,33,,61825,8575,0,42 43,1,26,,49980,8575,0,42 43,1,71,,49975,8575,0,42 43,1,71,,61814,8575,0,42 43,1,31,,61823,8575,0,42 43,1,68,,61826,8575,0,42 43,1,35,,61806,8575,0,42 43,1,68,,61805,8575,0,42 43,1,30,,61834,8575,0,42 43,1,69,,61835,8575,0,42 43,1,30,,61836,8575,0,42 43,1,100,,61818,8575,0,42 43,1,100,,61831,8575,0,42 43,1,97,,61819,8575,0,42 43,1,100,,61832,8575,0,42 43,1
16100,'DI',612,,38650,8698,,,2,30,,62330,8698,0,35 36,2,70,,38648,8698,0,35 36,2,30,,62335,8698,0,35 36,2,70,,62334,8698,0,35 36,2,30,,62331,8698,0,35 36,2,702,,62336,8698,0,35 36,2,68,,62338,8698,0,35 36,2,32,,62337,8698,0,35 36,2,70,,62329,8698,0,35 36,2,30,,62339,8698,,,2,72,,62332,8698,0,35 36,2,30,,62333,8698,0,35 36,2
16100,'F1',612,,50332,8698,,,2,30,,62341,8698,0,35 36,2,70,,50330,8698,0,35 36,2,30,,62346,8698,0,35 36,2,70,,62345,8698,0,35 36,2,30,,62342,8698,0,35 36,2,702,,62347,8698,0,35 36,2,68,,62349,8698,0,35 36,2,32,,62348,8698,0,35 36,2,70,,62340,8698,0,35 36,2,30,,62350,8698,,,2,72,,62343,8698,0,35 36,2,30,,62344,8698,0,35 36,2
16100,'F2',612,,62363,8698,,,2,30,,62352,8698,0,35 36,2,70,,62355,8698,0,35 36,2,30,,62361,8698,0,35 36,2,70,,62357,8698,0,35 36,2,30,,62358,8698,0,35 36,2,700,,62359,8698,0,35 36,2,71,,62354,8698,0,35 36,2,31,,62360,8698,0,35 36,2,70,,62362,8698,,,2,31,,62351,8698,0,35 36,2,71,,62353,8698,0,35 36,2,29,,62356,8698,0,35 36,2
16100,'SA',612,,62376,8698,,,2,30,,62365,8698,0,35 36,2,70,,62368,8698,0,35 36,2,30,,62374,8698,0,35 36,2,70,,62370,8698,0,35 36,2,30,,62371,8698,0,35 36,2,700,,62372,8698,0,35 36,2,71,,62367,8698,0,35 36,2,31,,62373,8698,0,35 36,2,70,,62375,8698,,,2,31,,62364,8698,0,35 36,2,71,,62366,8698,0,35 36,2,29,,62369,8698,0,35 36,2
16100,'SE',651,,62391,8587,,,2,64,,62390,8587,,,2,25,,62389,8587,,,2,61,,62378,8587,0,35 36,2,21,,62377,8587,0,35 36,2,18,,62379,8587,0,35 36,2,362,,62392,8698,,,2,298,,62381,8698,0,35 36,2,30,,62386,8698,0,35 36,2,21,,62393,8698,,,2,60,,62382,8698,0,35 36,2,20,,62394,8698,,,2,20,,62388,8698,0,35 36,2,60,,62396,8698,,,2,20,,62387,8698,0,35 36,2,20,,62383,8698,0,35 36,2,60,,62395,8698,,,2,20,,62385,8698,0,35 36,2,20,,62380,8698,0,35 36,2,60,,62384,8698,0,35 36,2
