4200,'DI',620,,29423,4074,,,1,100,,29424,4074,,,1,100,,29425,4074,,,1,100,,29426,4074,,,1,100,,29427,4074,,,1,100,,29428,4074,,,1,100,,29429,4074,,,1,100,,29430,4074,,,1,100,,29431,4074,,,1,100,,29432,4074,,,1,100,,29433,4074,,,1,100,,29434,4074,,,1,100,,29435,4074,,,1,100,,29436,4074,,,1,100,,29437,4074,,,1,100,,29438,4074,,,1,100,,29439,4074,,,1,100,,29440,4074,,,1,100,,29441,4074,,,1,100,,29442,4074,,,1
4200,'F8',620,,29543,4074,,,1,100,,29544,4074,,,1,100,,29545,4074,,,1,100,,29526,4074,,,1,100,,29527,4074,,,1,100,,29528,4074,,,1,100,,29529,4074,,,1,100,,29530,4074,,,1,100,,29531,4074,,,1,100,,29532,4074,,,1,100,,29533,4074,,,1,100,,29534,4074,,,1,100,,29535,4074,,,1,100,,29536,4074,,,1,100,,29537,4074,,,1,100,,29538,4074,,,1,100,,29539,4074,,,1,100,,29540,4074,,,1,100,,29541,4074,,,1,100,,29542,4074,,,1
4200,'F9',620,,29546,4074,,,1,100,,29547,4074,,,1,100,,29548,4074,,,1,100,,29549,4074,,,1,100,,29550,4074,,,1,100,,29551,4074,,,1,100,,29552,4074,,,1,100,,29553,4074,,,1,100,,29554,4074,,,1,100,,29555,4074,,,1,100,,29556,4074,,,1,100,,29557,4074,,,1,100,,29558,4074,,,1,100,,29559,4074,,,1,100,,29560,4074,,,1,100,,29561,4074,,,1,100,,29562,4074,,,1,100,,29563,4074,,,1,100,,29564,4074,,,1,100,,29565,4074,,,1
4200,'SA',620,,29583,4074,,,1,100,,29584,4074,,,1,100,,29585,4074,,,1,100,,29566,4074,,,1,100,,29567,4074,,,1,100,,29568,4074,,,1,100,,29569,4074,,,1,100,,29570,4074,,,1,100,,29571,4074,,,1,100,,29572,4074,,,1,100,,29573,4074,,,1,100,,29574,4074,,,1,100,,29575,4074,,,1,100,,29576,4074,,,1,100,,29577,4074,,,1,100,,29578,4074,,,1,100,,29579,4074,,,1,100,,29580,4074,,,1,100,,29581,4074,,,1,100,,29582,4074,,,1
4200,'SE',602,,29614,4074,,,1,36,,29596,4074,,,1,69,,29599,4074,,,1,12,,29595,4074,,,1,6,,29597,4074,,,1,6,,29592,4074,,,1,6,,29593,4074,,,1,22,,29591,4074,,,1,61,,29600,4074,,,1,34,,29627,4074,,,1,70,,29628,4074,,,1,30,,29594,4074,,,1,70,,29618,4074,,,1,30,,29598,4074,,,1,70,,29623,4074,,,1,30,,29601,4074,,,1,70,,29624,4074,,,1,30,,29587,4074,,,1,70,,29604,4074,,,1,30,,29602,4074,,,1,70,,29616,4074,,,1,30,,29626,4074,,,1,72,,29605,4074,,,1,30,,29621,4074,,,1,67,,29619,4074,,,1,24,,29625,4074,,,1,55,,29622,4074,,,1,14,,29586,4074,,,1,14,,29620,4074,,,1,14,,29615,4074,,,1,15,,29617,4074,,,1,67,,29603,4074,,,1,30,,29606,4074,,,1,72,,29610,4074,,,1,74,,29607,4074,,,1,30,,29611,4074,,,1,69,,29608,4074,,,1,30,,29612,4074,,,1,70,,29609,4074,,,1,30,,29613,4074,,,1,91,,29588,4074,,,1,100,,29589,4074,,,1,100,,29590,4074,,,1
6000,'SE',631,,32223,4074,,,1,84,,32224,4074,,,1,37,,32232,4074,,,1,86,,32225,4074,,,1,101,,32231,4074,,,1,100,,32221,4074,,,1,100,,32226,4074,,,1,100,,32222,4074,,,1,100,,32239,4074,,,1,100,,32234,4074,,,1,97,,32235,4074,,,1,70,,32230,4074,,,1,25,,32227,4074,,,1,24,,32228,4074,,,1,68,,32219,4074,,,1,28,,32236,4074,,,1,65,,32229,4074,,,1,30,,32233,4074,,,1,68,,32237,4074,,,1,99,,32218,4074,,,1,99,,32238,4074,,,1,100,,32216,4074,,,1,90,,32220,4074,,,1,100,,32217,4074,,,1
16000,'DI',701,,38365,4074,0,19 20,1,100,,38368,4074,0,19 20,1,100,,38371,4074,0,19 20,1,100,,38366,4074,0,19 20,1,100,,38372,4074,0,19 20,1,100,,38364,4074,0,19 20,1,100,,38373,4074,0,19 20,1,100,,38362,4074,0,19 20,1,100,,38360,4074,0,19 20,1,100,,38369,4074,0,19 20,1,100,,38367,4074,0,19 20,1,100,,38374,4074,0,19 20,1,100,,38370,4074,0,19 20,1,102,,38363,4074,0,19 20,1,98,,38361,4074,0,19 20,1
16000,'F8',701,,38429,4074,0,19 20,1,99,,38432,4074,0,19 20,1,101,,38428,4074,0,19 20,1,100,,38425,4074,0,19 20,1,100,,38431,4074,0,19 20,1,99,,38436,4074,0,19 20,1,101,,38426,4074,0,19 20,1,100,,38430,4074,0,19 20,1,100,,38437,4074,0,19 20,1,100,,38433,4074,0,19 20,1,100,,38427,4074,0,19 20,1,100,,38438,4074,0,19 20,1,100,,38434,4074,0,19 20,1,101,,38439,4074,0,19 20,1,99,,38435,4074,0,19 20,1
16000,'F9',701,,38445,4074,0,19 20,1,100,,38448,4074,0,19 20,1,100,,38451,4074,0,19 20,1,100,,38446,4074,0,19 20,1,100,,38452,4074,0,19 20,1,100,,38444,4074,0,19 20,1,100,,38453,4074,0,19 20,1,100,,38442,4074,0,19 20,1,100,,38440,4074,0,19 20,1,100,,38449,4074,0,19 20,1,100,,38447,4074,0,19 20,1,100,,38454,4074,0,19 20,1,100,,38450,4074,0,19 20,1,102,,38443,4074,0,19 20,1,98,,38441,4074,0,19 20,1
16000,'SA',701,,38459,4074,0,19 20,1,99,,16667,4074,0,19 20,1,101,,38458,4074,0,19 20,1,100,,38455,4074,0,19 20,1,100,,38461,4074,0,19 20,1,99,,38464,4074,0,19 20,1,101,,38456,4074,0,19 20,1,100,,38460,4074,0,19 20,1,100,,38465,4074,0,19 20,1,100,,16668,4074,0,19 20,1,100,,38457,4074,0,19 20,1,100,,38466,4074,0,19 20,1,100,,38462,4074,0,19 20,1,101,,38467,4074,0,19 20,1,99,,38463,4074,0,19 20,1
16000,'SE',615,,38474,4074,0,19 20,1,95,,38488,4074,0,19 20,1,38,,38473,4074,0,19 20,1,95,,38489,4074,0,19 20,1,89,,38485,4074,0,19 20,1,86,,38472,4074,0,19 20,1,100,,38475,4074,0,19 20,1,100,,38476,4074,0,19 20,1,100,,38471,4074,0,19 20,1,100,,38490,4074,0,19 20,1,98,,38469,4074,0,19 20,1,30,,38484,4074,0,19 20,1,68,,38477,4074,0,19 20,1,24,,38468,4074,0,19 20,1,70,,38478,4074,0,19 20,1,28,,38491,4074,0,19 20,1,70,,38470,4074,0,19 20,1,30,,38483,4074,0,19 20,1,70,,38479,4074,0,19 20,1,47,,38482,4074,0,19 20,1,100,,38480,4074,0,19 20,1,100,,38486,4074,0,19 20,1,92,,38481,4074,0,19 20,1,100,,38487,4074,0,19 20,1
53201,'SE',917,,40660,8255,,,2,1,,40661,8255,,,2
54201,'SE',906,,40693,4161,,,2
