2500,'DI',703,,56116,5611,,,2
2500,'F1',703,,56117,5611,,,2
2500,'F2',703,,56118,5611,,,2
2500,'SA',703,,56119,5611,,,2
2500,'SE',525,,56125,5611,,,2,30,,56127,5611,,,2,69,,56142,5611,,,2,19,,56140,5611,,,2,61,,56136,5611,,,2,19,,56128,5611,,,2,29,,56129,5611,,,2,68,,56131,5611,,,2,36,,56138,5611,,,2,70,,56126,5611,,,2,430,,56130,5611,,,2,70,,56137,5611,,,2,29,,56145,5611,,,2,53,,56144,5611,,,2,18,,56143,5611,,,2,31,,56132,5611,,,2,72,,56120,5611,,,2,29,,56133,5611,,,2,69,,56123,5611,,,2,31,,56121,5611,,,2,68,,56134,5611,,,2,30,,56122,5611,,,2,375,,56139,5611,,,2,83,,56141,5611,,,2,15,,56124,5611,,,2,85,,56135,5611,,,2
8100,'DI',700,,60369,5411,,,1,100,,60378,5411,,,1,103,,60364,5411,,,1,100,,60381,5411,,,1,100,,60379,5411,,,1,100,,60366,5411,,,1,100,,60365,5411,,,1,100,,60373,5411,,,1,100,,60375,5411,,,1,100,,60382,5411,,,1,56,,60367,5411,,,1,148,,60377,5411,,,1,96,,60371,5411,,,1,100,,60370,5411,,,1,100,,60376,5411,,,1,100,,60372,5411,,,1,100,,60374,5411,,,1,100,,60368,5411,,,1,100,,60380,5411,,,1
8100,'F1',700,,60388,5411,,,1,100,,60397,5411,,,1,103,,60383,5411,,,1,100,,60400,5411,,,1,100,,60398,5411,,,1,100,,60385,5411,,,1,100,,60384,5411,,,1,100,,60392,5411,,,1,100,,60394,5411,,,1,100,,60401,5411,,,1,56,,60386,5411,,,1,148,,60396,5411,,,1,96,,60390,5411,,,1,100,,60389,5411,,,1,100,,60395,5411,,,1,100,,60391,5411,,,1,100,,60393,5411,,,1,100,,60387,5411,,,1,100,,60399,5411,,,1
8100,'F2',700,,60405,5411,,,1,100,,60403,5411,,,1,103,,60420,5411,,,1,100,,60406,5411,,,1,100,,60409,5411,,,1,100,,60410,5411,,,1,100,,60413,5411,,,1,100,,60411,5411,,,1,100,,60404,5411,,,1,100,,60402,5411,,,1,100,,60412,5411,,,1,104,,60414,5411,,,1,96,,60407,5411,,,1,100,,60408,5411,,,1,100,,60415,5411,,,1,100,,60417,5411,,,1,100,,60421,5411,,,1,100,,60416,5411,,,1,100,,60418,5411,,,1,100,,60419,5411,,,1
8100,'SA',700,,60425,5411,,,1,100,,60423,5411,,,1,103,,60440,5411,,,1,100,,60426,5411,,,1,100,,60429,5411,,,1,100,,60430,5411,,,1,100,,60433,5411,,,1,100,,60431,5411,,,1,100,,60424,5411,,,1,100,,60422,5411,,,1,100,,60432,5411,,,1,104,,60434,5411,,,1,96,,60427,5411,,,1,100,,60428,5411,,,1,100,,60435,5411,,,1,100,,60437,5411,,,1,100,,60441,5411,,,1,100,,60436,5411,,,1,100,,60438,5411,,,1,100,,60439,5411,,,1
8100,'SE',621,,60444,5411,,,1,38,,60453,5411,,,1,70,,60443,5411,,,1,71,,60459,5411,,,1,29,,60450,5411,,,1,76,,60464,5411,,,1,98,,60445,5411,,,1,100,,60449,5411,,,1,100,,60451,5411,,,1,100,,60465,5411,,,1,100,,60466,5411,,,1,100,,60446,5411,,,1,30,,60448,5411,,,1,72,,60460,5411,,,1,30,,60467,5411,,,1,70,,60463,5411,,,1,30,,60442,5411,,,1,70,,60455,5411,,,1,30,,60457,5411,,,1,67,,60454,5411,,,1,100,,60447,5411,,,1,100,,60452,5411,,,1,100,,60461,5411,,,1,100,,60456,5411,,,1,100,,60468,5411,,,1,100,,60462,5411,,,1,100,,60458,5411,,,1
57001,'SE',814,,63473,150,,,2
