1000,'DI',638,,23472,4946,,,1,70,,23499,4946,,,1,30,,23497,4946,,,1,70,,23490,4946,,,1,38,,23473,4946,,,1,70,,23491,4946,,,1,30,,23474,4946,,,1,70,,23492,4946,,,1,30,,23475,4946,,,1,70,,23493,4946,,,1,30,,23476,4946,,,1,70,,23494,4946,,,1,30,,23477,4946,,,1,70,,23495,4946,,,1,30,,23478,4946,,,1,70,,23496,4946,,,1,30,,23479,4946,,,1,70,,23500,4946,,,1,30,,23480,4946,,,1,70,,23501,4946,,,1,30,,23481,4946,,,1,70,,23502,4946,,,1,30,,23482,4946,,,1,70,,23503,4946,,,1,41,,23483,4946,,,1,100,,23484,4946,,,1,100,,23485,4946,,,1,100,,23486,4946,,,1,100,,23487,4946,,,1,100,,23488,4946,,,1,100,,23489,4946,,,1
1000,'F1',638,,44325,4946,,,1,70,,44352,4946,,,1,30,,44350,4946,,,1,70,,44343,4946,,,1,38,,44326,4946,,,1,70,,44344,4946,,,1,30,,44327,4946,,,1,70,,44345,4946,,,1,30,,44328,4946,,,1,70,,44346,4946,,,1,30,,44329,4946,,,1,70,,44347,4946,,,1,30,,44330,4946,,,1,70,,44348,4946,,,1,30,,44331,4946,,,1,70,,44349,4946,,,1,30,,44332,4946,,,1,70,,44353,4946,,,1,30,,44333,4946,,,1,70,,44354,4946,,,1,30,,44334,4946,,,1,70,,44355,4946,,,1,30,,44335,4946,,,1,70,,44356,4946,,,1,41,,44336,4946,,,1,100,,44337,4946,,,1,100,,44338,4946,,,1,100,,44339,4946,,,1,100,,44340,4946,,,1,100,,44341,4946,,,1,100,,44342,4946,,,1
1000,'F2',607,,44368,4946,,,1,30,,44363,4946,,,1,70,,44357,4946,,,1,30,,44370,4946,,,1,70,,44369,4946,,,1,38,,44379,4946,,,1,70,,44378,4946,,,1,30,,44380,4946,,,1,70,,44386,4946,,,1,30,,44381,4946,,,1,70,,44387,4946,,,1,30,,44371,4946,,,1,71,,44388,4946,,,1,30,,44372,4946,,,1,70,,44389,4946,,,1,30,,44373,4946,,,1,70,,44358,4946,,,1,30,,44374,4946,,,1,70,,44359,4946,,,1,30,,44375,4946,,,1,70,,44360,4946,,,1,29,,44376,4946,,,1,71,,44361,4946,,,1,30,,44377,4946,,,1,70,,44362,4946,,,1,41,,44382,4946,,,1,100,,44383,4946,,,1,100,,44384,4946,,,1,100,,44385,4946,,,1,100,,44364,4946,,,1,100,,44365,4946,,,1,100,,44366,4946,,,1
1000,'F8',607,,23581,4946,,,1,30,,23576,4946,,,1,70,,23570,4946,,,1,30,,23583,4946,,,1,70,,23582,4946,,,1,38,,23592,4946,,,1,70,,23591,4946,,,1,30,,23593,4946,,,1,70,,23599,4946,,,1,30,,23594,4946,,,1,70,,23600,4946,,,1,30,,23584,4946,,,1,71,,23601,4946,,,1,30,,23585,4946,,,1,70,,23602,4946,,,1,30,,23586,4946,,,1,70,,23571,4946,,,1,30,,23587,4946,,,1,70,,23572,4946,,,1,30,,23588,4946,,,1,70,,23573,4946,,,1,29,,23589,4946,,,1,71,,23574,4946,,,1,30,,23590,4946,,,1,70,,23575,4946,,,1,41,,23595,4946,,,1,100,,23596,4946,,,1,100,,23597,4946,,,1,100,,23598,4946,,,1,100,,23577,4946,,,1,100,,23578,4946,,,1,100,,23579,4946,,,1
1000,'F9',638,,23603,4946,,,1,70,,23630,4946,,,1,30,,23628,4946,,,1,70,,23621,4946,,,1,38,,23604,4946,,,1,70,,23622,4946,,,1,30,,23605,4946,,,1,70,,23623,4946,,,1,30,,23606,4946,,,1,70,,23624,4946,,,1,30,,23607,4946,,,1,70,,23625,4946,,,1,30,,23608,4946,,,1,70,,23626,4946,,,1,30,,23609,4946,,,1,70,,23627,4946,,,1,30,,23610,4946,,,1,70,,23631,4946,,,1,30,,23611,4946,,,1,70,,23632,4946,,,1,30,,23612,4946,,,1,70,,23633,4946,,,1,30,,23613,4946,,,1,70,,23634,4946,,,1,41,,23614,4946,,,1,100,,23615,4946,,,1,100,,23616,4946,,,1,100,,23617,4946,,,1,100,,23618,4946,,,1,100,,23619,4946,,,1,100,,23620,4946,,,1
1000,'SA',607,,23646,4946,,,1,30,,23641,4946,,,1,70,,23635,4946,,,1,30,,23648,4946,,,1,70,,23647,4946,,,1,38,,23657,4946,,,1,70,,23656,4946,,,1,30,,23658,4946,,,1,70,,23664,4946,,,1,30,,23659,4946,,,1,70,,23665,4946,,,1,30,,23649,4946,,,1,71,,23666,4946,,,1,30,,23650,4946,,,1,70,,23667,4946,,,1,30,,23651,4946,,,1,70,,23636,4946,,,1,30,,23652,4946,,,1,70,,23637,4946,,,1,30,,23653,4946,,,1,70,,23638,4946,,,1,29,,23654,4946,,,1,71,,23639,4946,,,1,30,,23655,4946,,,1,70,,23640,4946,,,1,41,,23660,4946,,,1,100,,23661,4946,,,1,100,,23662,4946,,,1,100,,23663,4946,,,1,100,,23642,4946,,,1,100,,23643,4946,,,1,100,,23644,4946,,,1
1700,'DI',630,,25381,4835,,,1,100,,25366,4835,,,1,70,,25372,4835,,,1,30,,25379,4835,,,1,70,,25392,4835,,,1,30,,25382,4835,,,1,70,,25387,4835,,,1,30,,25367,4835,,,1,70,,25389,4835,,,1,30,,25377,4835,,,1,70,,25385,4835,,,1,30,,25393,4835,,,1,70,,25373,4835,,,1,30,,25388,4835,,,1,70,,25378,4835,,,1,30,,25376,4835,,,1,70,,25391,4835,,,1,29,,25383,4835,,,1,30,,25368,4835,,,1,71,,25375,4835,,,1,70,,25369,4835,,,1,30,,25364,4835,,,1,71,,25370,4835,,,1,30,,25363,4835,,,1,99,,25390,4835,,,1,100,,25384,4835,,,1,100,,25371,4835,,,1,100,,25386,4835,,,1,100,,25374,4835,,,1,100,,25365,4835,,,1,100,,25380,4835,,,1
1700,'F1',630,,45060,4835,,,1,100,,45045,4835,,,1,70,,45051,4835,,,1,30,,45058,4835,,,1,70,,45071,4835,,,1,30,,45061,4835,,,1,70,,45066,4835,,,1,30,,45046,4835,,,1,70,,45068,4835,,,1,30,,45056,4835,,,1,70,,45064,4835,,,1,30,,45072,4835,,,1,70,,45052,4835,,,1,30,,45067,4835,,,1,70,,45057,4835,,,1,30,,45055,4835,,,1,70,,45070,4835,,,1,29,,45062,4835,,,1,30,,45047,4835,,,1,71,,45054,4835,,,1,70,,45048,4835,,,1,30,,45043,4835,,,1,71,,45049,4835,,,1,30,,45042,4835,,,1,99,,45069,4835,,,1,100,,45063,4835,,,1,100,,45050,4835,,,1,100,,45065,4835,,,1,100,,45053,4835,,,1,100,,45044,4835,,,1,100,,45059,4835,,,1
1700,'F2',629,,45093,4835,,,1,100,,45102,4835,,,1,30,,45076,4835,,,1,70,,45088,4835,,,1,30,,45099,4835,,,1,70,,45086,4835,,,1,30,,45075,4835,,,1,70,,45094,4835,,,1,30,,45077,4835,,,1,70,,45081,4835,,,1,30,,45073,4835,,,1,70,,45083,4835,,,1,30,,45089,4835,,,1,70,,45095,4835,,,1,30,,45100,4835,,,1,70,,45082,4835,,,1,30,,45101,4835,,,1,70,,45090,4835,,,1,30,,45097,4835,,,1,69,,45096,4835,,,1,30,,45078,4835,,,1,71,,45080,4835,,,1,30,,45079,4835,,,1,71,,45084,4835,,,1,99,,45098,4835,,,1,100,,45091,4835,,,1,100,,45087,4835,,,1,100,,45085,4835,,,1,100,,45074,4835,,,1,100,,45103,4835,,,1,100,,45092,4835,,,1
1700,'F8',629,,25476,4835,,,1,100,,25485,4835,,,1,30,,25459,4835,,,1,70,,25471,4835,,,1,30,,25482,4835,,,1,70,,25469,4835,,,1,30,,25458,4835,,,1,70,,25477,4835,,,1,30,,25460,4835,,,1,70,,25464,4835,,,1,30,,25456,4835,,,1,70,,25466,4835,,,1,30,,25472,4835,,,1,70,,25478,4835,,,1,30,,25483,4835,,,1,70,,25465,4835,,,1,30,,25484,4835,,,1,70,,25473,4835,,,1,30,,25480,4835,,,1,69,,25479,4835,,,1,30,,25461,4835,,,1,71,,25463,4835,,,1,30,,25462,4835,,,1,71,,25467,4835,,,1,99,,25481,4835,,,1,100,,25474,4835,,,1,100,,25470,4835,,,1,100,,25468,4835,,,1,100,,25457,4835,,,1,100,,25486,4835,,,1,100,,25475,4835,,,1
1700,'F9',630,,25505,4835,,,1,100,,25490,4835,,,1,70,,25496,4835,,,1,30,,25503,4835,,,1,70,,25516,4835,,,1,30,,25506,4835,,,1,70,,25511,4835,,,1,30,,25491,4835,,,1,70,,25513,4835,,,1,30,,25501,4835,,,1,70,,25509,4835,,,1,30,,25517,4835,,,1,70,,25497,4835,,,1,30,,25512,4835,,,1,70,,25502,4835,,,1,30,,25500,4835,,,1,70,,25515,4835,,,1,29,,25507,4835,,,1,30,,25492,4835,,,1,71,,25499,4835,,,1,70,,25493,4835,,,1,30,,25488,4835,,,1,71,,25494,4835,,,1,30,,25487,4835,,,1,99,,25514,4835,,,1,100,,25508,4835,,,1,100,,25495,4835,,,1,100,,25510,4835,,,1,100,,25498,4835,,,1,100,,25489,4835,,,1,100,,25504,4835,,,1
1700,'SA',629,,25536,4835,,,1,100,,25545,4835,,,1,30,,25521,4835,,,1,70,,4923,4835,,,1,30,,25542,4835,,,1,70,,25531,4835,,,1,30,,25520,4835,,,1,70,,25537,4835,,,1,30,,25522,4835,,,1,70,,25526,4835,,,1,30,,25518,4835,,,1,70,,25528,4835,,,1,30,,25533,4835,,,1,70,,25538,4835,,,1,30,,25543,4835,,,1,70,,25527,4835,,,1,30,,25544,4835,,,1,70,,25534,4835,,,1,30,,25540,4835,,,1,69,,25539,4835,,,1,30,,25523,4835,,,1,71,,25525,4835,,,1,30,,25524,4835,,,1,71,,25529,4835,,,1,99,,25541,4835,,,1,100,,4934,4835,,,1,100,,25532,4835,,,1,100,,25530,4835,,,1,100,,25519,4835,,,1,100,,25546,4835,,,1,100,,25535,4835,,,1
2901,'DI',705,,28112,4506,,,1,100,,28113,4506,,,1,100,,28114,4506,,,1,100,,28115,4506,,,1,100,,28116,4506,,,1,100,,28117,4506,,,1,100,,28118,4506,,,1,100,,28119,4506,,,1,100,,28120,4506,,,1,100,,28121,4506,,,1,100,,28122,4506,,,1,100,,28123,4506,,,1,99,,28124,4506,,,1,100,,28125,4506,,,1,100,,28126,4506,,,1,100,,28127,4506,,,1,100,,28128,4506,,,1,120,,28129,4506,,,1,100,,28130,4506,4,,1
2901,'F1',705,,46101,4506,,,1,100,,46102,4506,,,1,100,,46103,4506,,,1,100,,46104,4506,,,1,100,,46105,4506,,,1,100,,46106,4506,,,1,100,,46107,4506,,,1,100,,46108,4506,,,1,100,,46109,4506,,,1,100,,46110,4506,,,1,100,,46111,4506,,,1,100,,46112,4506,,,1,99,,46113,4506,,,1,100,,46114,4506,,,1,100,,46115,4506,,,1,100,,46116,4506,,,1,100,,46117,4506,,,1,120,,46118,4506,,,1,100,,46119,4506,4,,1
2901,'F2',705,,46133,4506,,,1,100,,46134,4506,,,1,100,,46135,4506,,,1,100,,46136,4506,,,1,100,,46137,4506,,,1,100,,46138,4506,,,1,100,,46120,4506,,,1,100,,46121,4506,,,1,99,,46122,4506,,,1,99,,46123,4506,,,1,99,,46124,4506,,,1,108,,46125,4506,,,1,98,,46126,4506,,,1,97,,46127,4506,,,1,99,,46128,4506,,,1,100,,46129,4506,,,1,100,,46130,4506,,,1,120,,46131,4506,,,1,100,,46132,4506,4,,1
2901,'F8',705,,28210,4506,,,1,100,,28211,4506,,,1,100,,28212,4506,,,1,100,,28213,4506,,,1,100,,28214,4506,,,1,100,,28215,4506,,,1,100,,28197,4506,,,1,100,,28198,4506,,,1,99,,28199,4506,,,1,99,,28200,4506,,,1,99,,28201,4506,,,1,108,,28202,4506,,,1,98,,28203,4506,,,1,97,,28204,4506,,,1,99,,28205,4506,,,1,100,,28206,4506,,,1,100,,28207,4506,,,1,120,,28208,4506,,,1,100,,28209,4506,4,,1
2901,'F9',705,,28216,4506,,,1,100,,28217,4506,,,1,100,,28218,4506,,,1,100,,28219,4506,,,1,100,,28220,4506,,,1,100,,28221,4506,,,1,100,,28222,4506,,,1,100,,28223,4506,,,1,100,,28224,4506,,,1,100,,28225,4506,,,1,100,,28226,4506,,,1,100,,28227,4506,,,1,99,,28228,4506,,,1,100,,28229,4506,,,1,100,,28230,4506,,,1,100,,28231,4506,,,1,100,,28232,4506,,,1,120,,28233,4506,,,1,100,,28234,4506,4,,1
2901,'SA',705,,28248,4506,,,1,100,,28249,4506,,,1,100,,28250,4506,,,1,100,,28251,4506,,,1,100,,28252,4506,,,1,100,,28253,4506,,,1,100,,28235,4506,,,1,100,,28236,4506,,,1,99,,28237,4506,,,1,99,,28238,4506,,,1,99,,28239,4506,,,1,108,,28240,4506,,,1,98,,28241,4506,,,1,97,,28242,4506,,,1,99,,28243,4506,,,1,100,,28244,4506,,,1,100,,28245,4506,,,1,120,,28246,4506,,,1,100,,28247,4506,4,,1
2901,'SE',636,,46151,4506,,,1,66,,46152,4506,,,1,33,,46147,4506,,,1,5,,46140,4506,,,1,67,,46155,4506,,,1,30,,46153,4506,,,1,69,,46143,4506,,,1,103,,46149,4506,,,1,100,,46148,4506,,,1,101,,46146,4506,,,1,100,,46139,4506,,,1,100,,46144,4506,,,1,100,,46156,4506,,,1,35,,46157,4506,,,1,66,,46165,4506,,,1,34,,46142,4506,,,1,60,,46161,4506,,,1,29,,46166,4506,,,1,13,,46141,4506,,,1,68,,46154,4506,,,1,28,,46150,4506,,,1,67,,46145,4506,,,1,98,,46162,4506,,,1,99,,46158,4506,,,1,99,,46159,4506,,,1,98,,46160,4506,,,1,121,,46163,4506,,,1,96,,46164,4506,4,,1
7600,'SE',607,,48783,5301,,,1,21,,48784,5301,,,1,20,,48780,5301,,,1,68,,48764,5301,,,1,13,,48767,5301,,,1,20,,48770,5301,,,1,63,,48800,5301,,,1,27,,48768,5301,,,1,71,,48771,5301,,,1,30,,48762,5301,,,1,70,,48781,5301,,,1,30,,48773,5301,,,1,70,,48769,5301,,,1,30,,48765,5301,,,1,70,,48763,5301,,,1,30,,48802,5301,,,1,70,,48760,5301,,,1,30,,48782,5301,,,1,71,,48766,5301,,,1,34,,48772,5301,,,1,66,,48785,5301,,,1,32,,48787,5301,,,1,71,,48777,5301,,,1,24,,48797,5301,,,1,18,,48801,5301,,,1,60,,48803,5301,,,1,21,,48774,5301,,,1,18,,48798,5301,,,1,60,,48806,5301,,,1,27,,48786,5301,,,1,70,,48776,5301,,,1,30,,48761,5301,,,1,70,,48788,5301,,,1,30,,48804,5301,,,1,70,,48789,5301,,,1,30,,48805,5301,,,1,69,,48790,5301,,,1,30,,48794,5301,,,1,70,,48791,5301,,,1,30,,48795,5301,,,1,70,,48792,5301,,,1,30,,48796,5301,,,1,70,,48793,5301,,,1
16100,'DI',603,,38650,4946,,,2,30,,38638,4946,0,35 36,2,70,,38648,4946,0,35 36,2,30,,38641,4946,0,35 36,2,70,,38642,4946,0,35 36,2,30,,38644,4946,0,35 36,2,702,,38639,4946,0,35 36,2,68,,38643,4946,0,35 36,2,32,,38640,4946,0,35 36,2,70,,38646,4946,0,35 36,2,30,,38649,4946,,,2,72,,38645,4946,0,35 36,2,30,,38647,4946,0,35 36,2
16100,'F1',603,,50332,4946,,,2,30,,50320,4946,0,35 36,2,70,,50330,4946,0,35 36,2,30,,50323,4946,0,35 36,2,70,,50324,4946,0,35 36,2,30,,50326,4946,0,35 36,2,702,,50321,4946,0,35 36,2,68,,50325,4946,0,35 36,2,32,,50322,4946,0,35 36,2,70,,50328,4946,0,35 36,2,30,,50331,4946,,,2,72,,50327,4946,0,35 36,2,30,,50329,4946,0,35 36,2
16100,'F2',603,,50344,4946,,,2,30,,50337,4946,0,35 36,2,70,,50338,4946,0,35 36,2,30,,50335,4946,0,35 36,2,70,,50341,4946,0,35 36,2,30,,50339,4946,0,35 36,2,700,,50336,4946,0,35 36,2,71,,50333,4946,0,35 36,2,31,,50342,4946,0,35 36,2,70,,50345,4946,,,2,31,,50334,4946,0,35 36,2,71,,50343,4946,0,35 36,2,29,,50340,4946,0,35 36,2
16100,'F8',603,,38707,4946,,,2,30,,38700,4946,0,35 36,2,70,,38701,4946,0,35 36,2,30,,38698,4946,0,35 36,2,70,,38704,4946,0,35 36,2,30,,38702,4946,0,35 36,2,700,,38699,4946,0,35 36,2,71,,38696,4946,0,35 36,2,31,,38705,4946,0,35 36,2,70,,38708,4946,,,2,31,,38697,4946,0,35 36,2,71,,38706,4946,0,35 36,2,29,,38703,4946,0,35 36,2
16100,'F9',603,,38721,4946,,,2,30,,38709,4946,0,35 36,2,70,,38719,4946,0,35 36,2,30,,38712,4946,0,35 36,2,70,,38713,4946,0,35 36,2,30,,38715,4946,0,35 36,2,702,,38710,4946,0,35 36,2,68,,38714,4946,0,35 36,2,32,,38711,4946,0,35 36,2,70,,38717,4946,0,35 36,2,30,,38720,4946,,,2,72,,38716,4946,0,35 36,2,30,,38718,4946,0,35 36,2
16100,'SA',603,,38733,4946,,,2,30,,38726,4946,0,35 36,2,70,,38727,4946,0,35 36,2,30,,38724,4946,0,35 36,2,70,,38730,4946,0,35 36,2,30,,38728,4946,0,35 36,2,700,,38725,4946,0,35 36,2,71,,38722,4946,0,35 36,2,31,,38731,4946,0,35 36,2,70,,38734,4946,,,2,31,,38723,4946,0,35 36,2,71,,38732,4946,0,35 36,2,29,,38729,4946,0,35 36,2
16100,'SE',643,,50359,4835,,,2,64,,50360,4835,,,2,25,,50358,4835,,,2,20,,50348,4835,0,35 36,2,61,,50347,4835,0,35 36,2,19,,50346,4835,0,35 36,2,321,,50363,4946,,,2,297,,50350,4946,0,35 36,2,70,,50349,4946,0,35 36,2,21,,50361,4946,,,2,60,,50351,4946,0,35 36,2,20,,50365,4946,,,2,20,,50354,4946,0,35 36,2,60,,50362,4946,,,2,20,,50352,4946,0,35 36,2,20,,50355,4946,0,35 36,2,60,,50364,4946,,,2,20,,50357,4946,0,35 36,2,20,,50353,4946,0,35 36,2,60,,50356,4946,0,35 36,2
41000,'SE',551,,50536,4835,,,2,60,,50529,4835,,,2,23,,50543,4835,,,2,6,,50532,4835,,,2,67,,50535,4835,,,2,12,,50534,4835,,,2,23,,50539,4835,,,2,11,,50544,4835,,,2,54,,50540,4835,,,2,18,,50546,4835,,,2,18,,50538,4835,,,2,70,,50541,4835,,,2,29,,50571,4946,,,2,70,,50570,4946,,,2,30,,50572,4946,,,2,70,,50549,4946,,,2,30,,50547,4946,,,2,70,,50553,4946,,,2,30,,50573,4946,,,2,70,,50550,4946,,,2,30,,50548,4946,,,2,71,,50554,4946,,,2,30,,50560,4946,,,2,66,,50555,4946,,,2,30,,50561,4946,,,2,20,,50551,4946,,,2,52,,50562,4946,,,2,15,,50579,4946,,,2,18,,50574,4946,,,2,12,,50578,4946,,,2,62,,50563,4946,,,2,32,,50575,4946,,,2,65,,50568,4946,,,2,30,,50576,4946,,,2,69,,50569,4946,,,2,30,,50577,4946,,,2,70,,50552,4946,,,2,30,,50564,4946,,,2,70,,50556,4946,,,2,30,,50567,4946,,,2,70,,50557,4946,,,2,30,,50565,4946,,,2,70,,50558,4946,,,2,101,,50559,4946,,,2,100,,50566,4946,,,2
41700,'SE',603,,50639,4835,,,2,18,,50637,4835,,,2,24,,50632,4835,,,2,12,,50634,4835,,,2,52,,50636,4835,,,2,8,,50638,4835,,,2,10,,50641,4835,,,2,12,,50635,4835,,,2,11,,50633,4835,,,2,55,,50642,4835,,,2,24,,50631,4835,,,2,71,,50640,4835,,,2,28,,50644,4946,,,2,30,,50664,4946,,,2,70,,50657,4946,,,2,30,,50665,4946,,,2,70,,50658,4946,,,2,30,,50666,4946,,,2,70,,50659,4946,,,2,30,,50667,4946,,,2,70,,50660,4946,,,2,30,,50668,4946,,,2,70,,50643,4946,,,2,26,,50649,4946,,,2,70,,50672,4946,,,2,25,,50654,4946,,,2,68,,50645,4946,,,2,18,,50674,4946,,,2,15,,50655,4946,,,2,52,,50646,4946,,,2,10,,50661,4946,,,2,15,,50673,4946,,,2,14,,50647,4946,,,2,15,,50656,4946,,,2,75,,50675,4946,,,2,70,,50662,4946,,,2,29,,50676,4946,,,2,70,,50663,4946,,,2,30,,50677,4946,,,2,70,,50648,4946,,,2,30,,50678,4946,,,2,70,,50669,4946,,,2,30,,50650,4946,,,2,70,,50670,4946,,,2,30,,50651,4946,,,2,70,,50671,4946,,,2,30,,50679,4946,,,2,70,,50653,4946,,,2,32,,50652,4946,,,2
