4201,'DI',540,,29629,192,,,1,100,,29630,192,,,1,100,,29631,192,,,1,100,,29632,192,,,1,100,,29633,192,,,1,100,,29634,192,,,1,100,,29635,192,,,1,100,,29636,192,,,1,100,,29637,192,,,1,100,,29638,192,,,1,100,,29639,192,,,1,100,,29640,192,,,1,100,,29641,192,,,1,100,,29642,192,,,1,100,,29643,192,,,1,100,,29644,192,,,1,100,,29645,192,,,1,100,,29646,192,,,1,100,,29647,192,,,1,100,,29648,192,,,1
4201,'F1',540,,46724,192,,,1,100,,46725,192,,,1,100,,46726,192,,,1,100,,46727,192,,,1,100,,46728,192,,,1,100,,46729,192,,,1,100,,46730,192,,,1,100,,46731,192,,,1,100,,46732,192,,,1,100,,46733,192,,,1,100,,46734,192,,,1,100,,46735,192,,,1,100,,46736,192,,,1,100,,46737,192,,,1,100,,46738,192,,,1,100,,46739,192,,,1,100,,46740,192,,,1,100,,46741,192,,,1,100,,46742,192,,,1,100,,46743,192,,,1
4201,'F2',540,,46760,192,,,1,100,,46761,192,,,1,100,,46762,192,,,1,100,,46763,192,,,1,100,,46744,192,,,1,100,,46745,192,,,1,100,,46746,192,,,1,100,,46747,192,,,1,100,,46748,192,,,1,100,,46749,192,,,1,100,,46750,192,,,1,100,,46751,192,,,1,100,,46752,192,,,1,100,,46753,192,,,1,100,,46754,192,,,1,100,,46755,192,,,1,100,,46756,192,,,1,100,,46757,192,,,1,100,,46758,192,,,1,100,,46759,192,,,1
4201,'F8',540,,29751,192,,,1,100,,29752,192,,,1,100,,29753,192,,,1,100,,29754,192,,,1,100,,29735,192,,,1,100,,29736,192,,,1,100,,29737,192,,,1,100,,29738,192,,,1,100,,29739,192,,,1,100,,29740,192,,,1,100,,29741,192,,,1,100,,29742,192,,,1,100,,29743,192,,,1,100,,29744,192,,,1,100,,29745,192,,,1,100,,29746,192,,,1,100,,29747,192,,,1,100,,29748,192,,,1,100,,29749,192,,,1,100,,29750,192,,,1
4201,'F9',540,,29755,192,,,1,100,,29756,192,,,1,100,,29757,192,,,1,100,,29758,192,,,1,100,,29759,192,,,1,100,,29760,192,,,1,100,,29761,192,,,1,100,,29762,192,,,1,100,,29763,192,,,1,100,,29764,192,,,1,100,,29765,192,,,1,100,,29766,192,,,1,100,,29767,192,,,1,100,,29768,192,,,1,100,,29769,192,,,1,100,,29770,192,,,1,100,,29771,192,,,1,100,,29772,192,,,1,100,,29773,192,,,1,100,,29774,192,,,1
4201,'SA',540,,29791,192,,,1,100,,29792,192,,,1,100,,29793,192,,,1,100,,29794,192,,,1,100,,29775,192,,,1,100,,29776,192,,,1,100,,29777,192,,,1,100,,29778,192,,,1,100,,29779,192,,,1,100,,29780,192,,,1,100,,29781,192,,,1,100,,29782,192,,,1,100,,29783,192,,,1,100,,29784,192,,,1,100,,29785,192,,,1,100,,29786,192,,,1,100,,29787,192,,,1,100,,29788,192,,,1,100,,29789,192,,,1,100,,29790,192,,,1
4201,'SE',507,,46775,192,,,1,20,,46769,192,,,1,30,,46766,192,,,1,61,,46809,192,,,1,14,,46797,192,,,1,13,,46781,192,,,1,14,,46767,192,,,1,54,,46784,192,,,1,14,,46803,192,,,1,14,,46777,192,,,1,63,,46778,192,,,1,34,,46782,192,,,1,79,,46776,192,,,1,30,,46783,192,,,1,70,,46779,192,,,1,30,,46785,192,,,1,70,,46801,192,,,1,30,,46765,192,,,1,70,,46800,192,,,1,30,,46768,192,,,1,70,,46802,192,,,1,30,,46786,192,,,1,70,,46780,192,,,1,29,,46774,192,,,1,4,,46772,192,,,1,2,,46771,192,,,1,2,,46798,192,,,1,62,,46788,192,,,1,30,,46791,192,,,1,70,,46787,192,,,1,28,,46804,192,,,1,64,,46799,192,,,1,17,,46770,192,,,1,27,,46805,192,,,1,69,,46764,192,,,1,28,,46792,192,,,1,75,,46806,192,,,1,30,,46793,192,,,1,70,,46807,192,,,1,30,,46794,192,,,1,69,,46808,192,,,1,31,,46795,192,,,1,70,,46773,192,,,1,30,,46796,192,,,1,90,,46789,192,,,1,100,,46790,192,,,1
13201,'DI',710,,38200,4639,,,1,100,,38198,4639,,,1,100,,38199,4639,,,1,100,,38204,4639,,,1,100,,38201,4639,,,1,100,,38202,4639,,,1,100,,38205,4639,,,1,100,,38208,4639,,,1,100,,38206,4639,,,1,105,,38210,4639,,,1,95,,38209,4639,,,1,100,,38207,4639,,,1,101,,38211,4639,,,1,98,,38212,4639,,,1,100,,38203,4639,,,1,100,,38197,4639,,,1,100,,38213,4639,,,1,100,,38214,4639,,,1
13201,'F1',710,,50148,4639,,,1,100,,50146,4639,,,1,100,,50147,4639,,,1,100,,50152,4639,,,1,100,,50149,4639,,,1,100,,50150,4639,,,1,100,,50153,4639,,,1,100,,50156,4639,,,1,100,,50154,4639,,,1,105,,50158,4639,,,1,95,,50157,4639,,,1,100,,50155,4639,,,1,101,,50159,4639,,,1,98,,50160,4639,,,1,100,,50151,4639,,,1,100,,50145,4639,,,1,100,,50161,4639,,,1,100,,50162,4639,,,1
13201,'F2',710,,50164,4639,,,1,100,,50180,4639,,,1,100,,50168,4639,,,1,100,,50163,4639,,,1,103,,50165,4639,,,1,97,,50169,4639,,,1,104,,50166,4639,,,1,96,,50179,4639,,,1,104,,50170,4639,,,1,96,,50172,4639,,,1,100,,50167,4639,,,1,100,,50171,4639,,,1,101,,50173,4639,,,1,98,,50175,4639,,,1,100,,50174,4639,,,1,100,,50177,4639,,,1,100,,50176,4639,,,1,100,,50178,4639,,,1
13201,'F8',710,,38280,4639,,,1,100,,38296,4639,,,1,100,,38284,4639,,,1,100,,38279,4639,,,1,103,,38281,4639,,,1,97,,38285,4639,,,1,104,,38282,4639,,,1,96,,38295,4639,,,1,104,,38286,4639,,,1,96,,38288,4639,,,1,100,,38283,4639,,,1,100,,38287,4639,,,1,101,,38289,4639,,,1,98,,38291,4639,,,1,100,,38290,4639,,,1,100,,38293,4639,,,1,100,,38292,4639,,,1,100,,38294,4639,,,1
13201,'F9',710,,38300,4639,,,1,100,,38298,4639,,,1,100,,38299,4639,,,1,100,,38304,4639,,,1,100,,38301,4639,,,1,100,,38302,4639,,,1,100,,38305,4639,,,1,100,,38308,4639,,,1,100,,38306,4639,,,1,105,,38310,4639,,,1,95,,38309,4639,,,1,100,,38307,4639,,,1,101,,38311,4639,,,1,98,,38312,4639,,,1,100,,38303,4639,,,1,100,,38297,4639,,,1,100,,38313,4639,,,1,100,,38314,4639,,,1
13201,'SA',710,,38316,4639,,,1,100,,38332,4639,,,1,100,,38320,4639,,,1,100,,38315,4639,,,1,103,,38317,4639,,,1,97,,38321,4639,,,1,104,,38318,4639,,,1,96,,38331,4639,,,1,104,,38322,4639,,,1,96,,38324,4639,,,1,100,,38319,4639,,,1,100,,38323,4639,,,1,101,,38325,4639,,,1,98,,38327,4639,,,1,100,,38326,4639,,,1,100,,38329,4639,,,1,100,,38328,4639,,,1,100,,38330,4639,,,1
13201,'SE',544,,50185,4639,,,1,70,,50190,4639,,,1,32,,50195,4639,,,1,60,,50198,4639,,,1,21,,50181,4639,,,1,22,,50196,4639,,,1,60,,50194,4639,,,1,18,,50192,4639,,,1,19,,50182,4639,,,1,60,,50197,4639,,,1,17,,50189,4639,,,1,22,,50193,4639,,,1,96,,50187,4639,,,1,99,,50203,4639,,,1,96,,50186,4639,,,1,100,,50204,4639,,,1,110,,50206,4639,,,1,97,,50183,4639,,,1,64,,50199,4639,,,1,20,,50201,4639,,,1,19,,50191,4639,,,1,63,,50184,4639,,,1,19,,50200,4639,,,1,19,,50205,4639,,,1,59,,50188,4639,,,1,40,,50202,4639,,,1
