401,'DI',710,,21399,6081,,,1,30,,21385,6081,,,1,70,,21392,6081,,,1,32,,21405,6081,,,1,70,,21407,6081,,,1,30,,21386,6081,,,1,70,,21393,6081,,,1,30,,21406,6081,,,1,70,,21408,6081,,,1,30,,21387,6081,,,1,70,,21413,6081,,,1,30,,21414,6081,,,1,70,,21409,6081,,,1,31,,21388,6081,,,1,69,,21394,6081,,,1,30,,21416,6081,,,1,70,,21397,6081,,,1,32,,21389,6081,,,1,69,,21395,6081,,,1,30,,21417,6081,,,1,74,,21398,6081,,,1,25,,21410,6081,,,1,70,,21415,6081,,,1,30,,21412,6081,,,1,70,,21390,6081,,,1,31,,21411,6081,,,1,69,,21400,6081,,,1,30,,21383,6081,,,1,70,,21396,6081,,,1,100,,21402,6081,,,1,100,,21404,6081,,,1,100,,21401,6081,,,1
401,'F1',710,,43513,6081,,,1,30,,43499,6081,,,1,70,,43506,6081,,,1,32,,43519,6081,,,1,70,,43521,6081,,,1,30,,43500,6081,,,1,70,,43507,6081,,,1,30,,43520,6081,,,1,70,,43522,6081,,,1,30,,43501,6081,,,1,70,,43527,6081,,,1,30,,43528,6081,,,1,70,,43523,6081,,,1,31,,43502,6081,,,1,69,,43508,6081,,,1,30,,43530,6081,,,1,70,,43511,6081,,,1,32,,43503,6081,,,1,69,,43509,6081,,,1,30,,43531,6081,,,1,74,,43512,6081,,,1,25,,43524,6081,,,1,70,,43529,6081,,,1,30,,43526,6081,,,1,70,,43504,6081,,,1,31,,43525,6081,,,1,69,,43514,6081,,,1,30,,43497,6081,,,1,70,,43510,6081,,,1,100,,43516,6081,,,1,100,,43518,6081,,,1,100,,43515,6081,,,1
401,'F2',710,,43537,6081,,,1,30,,43534,6081,,,1,70,,43541,6081,,,1,32,,43543,6081,,,1,70,,43538,6081,,,1,30,,43535,6081,,,1,70,,43561,6081,,,1,30,,43544,6081,,,1,70,,43555,6081,,,1,30,,43565,6081,,,1,71,,43553,6081,,,1,30,,43564,6081,,,1,70,,43548,6081,,,1,30,,43532,6081,,,1,70,,43545,6081,,,1,30,,43556,6081,,,1,70,,43566,6081,,,1,30,,43563,6081,,,1,70,,43552,6081,,,1,30,,43558,6081,,,1,70,,43551,6081,,,1,30,,43539,6081,,,1,69,,43557,6081,,,1,30,,43547,6081,,,1,70,,43536,6081,,,1,30,,43560,6081,,,1,70,,43546,6081,,,1,30,,43559,6081,,,1,70,,43562,6081,,,1,100,,43554,6081,,,1,100,,43550,6081,,,1,100,,43549,6081,,,1
401,'F8',710,,21531,6081,,,1,30,,21528,6081,,,1,70,,21535,6081,,,1,32,,21537,6081,,,1,70,,21532,6081,,,1,30,,21529,6081,,,1,70,,21555,6081,,,1,30,,21538,6081,,,1,70,,21549,6081,,,1,30,,21559,6081,,,1,71,,21547,6081,,,1,30,,21558,6081,,,1,70,,21542,6081,,,1,30,,21526,6081,,,1,70,,21539,6081,,,1,30,,21550,6081,,,1,70,,21560,6081,,,1,30,,21557,6081,,,1,70,,21546,6081,,,1,30,,21552,6081,,,1,70,,21545,6081,,,1,30,,21533,6081,,,1,69,,21551,6081,,,1,30,,21541,6081,,,1,70,,21530,6081,,,1,30,,21554,6081,,,1,70,,21540,6081,,,1,30,,21553,6081,,,1,70,,21556,6081,,,1,100,,21548,6081,,,1,100,,21544,6081,,,1,100,,21543,6081,,,1
401,'F9',710,,21577,6081,,,1,30,,21563,6081,,,1,70,,21570,6081,,,1,32,,21583,6081,,,1,70,,21585,6081,,,1,30,,21564,6081,,,1,70,,21571,6081,,,1,30,,21584,6081,,,1,70,,21586,6081,,,1,30,,21565,6081,,,1,70,,21591,6081,,,1,30,,21592,6081,,,1,70,,21587,6081,,,1,31,,21566,6081,,,1,69,,21572,6081,,,1,30,,21594,6081,,,1,70,,21575,6081,,,1,32,,21567,6081,,,1,69,,21573,6081,,,1,30,,21595,6081,,,1,74,,21576,6081,,,1,25,,21588,6081,,,1,70,,21593,6081,,,1,30,,21590,6081,,,1,70,,21568,6081,,,1,31,,21589,6081,,,1,69,,21578,6081,,,1,30,,21561,6081,,,1,70,,21574,6081,,,1,100,,21580,6081,,,1,100,,21582,6081,,,1,100,,21579,6081,,,1
401,'SA',710,,1358,6081,,,1,30,,21597,6081,,,1,70,,1361,6081,,,1,32,,1363,6081,,,1,70,,1359,6081,,,1,30,,21598,6081,,,1,70,,21616,6081,,,1,30,,1364,6081,,,1,70,,21610,6081,,,1,30,,21620,6081,,,1,71,,21608,6081,,,1,30,,21619,6081,,,1,70,,21603,6081,,,1,30,,1356,6081,,,1,70,,1365,6081,,,1,30,,21611,6081,,,1,70,,21621,6081,,,1,30,,21618,6081,,,1,70,,21607,6081,,,1,30,,21613,6081,,,1,70,,21606,6081,,,1,30,,21600,6081,,,1,69,,21612,6081,,,1,30,,21602,6081,,,1,70,,21599,6081,,,1,30,,21615,6081,,,1,70,,21601,6081,,,1,30,,21614,6081,,,1,70,,21617,6081,,,1,100,,21609,6081,,,1,100,,21605,6081,,,1,100,,21604,6081,,,1
401,'SE',625,,43571,6081,,,1,21,,43584,6081,,,1,71,,43600,6081,,,1,34,,43574,6081,,,1,73,,43593,6081,,,1,30,,43575,6081,,,1,72,,43570,6081,,,1,30,,43592,6081,,,1,70,,43568,6081,,,1,30,,43572,6081,,,1,70,,43602,6081,,,1,30,,43594,6081,,,1,71,,43576,6081,,,1,32,,43606,6081,,,1,70,,43585,6081,,,1,30,,43567,6081,,,1,66,,43581,6081,,,1,34,,43586,6081,,,1,55,,43579,6081,,,1,23,,43582,6081,,,1,21,,43605,6081,,,1,59,,43577,6081,,,1,20,,43569,6081,,,1,63,,43595,6081,,,1,17,,43573,6081,,,1,20,,43596,6081,,,1,64,,43603,6081,,,1,16,,43578,6081,,,1,27,,43599,6081,,,1,70,,43591,6081,,,1,27,,43589,6081,,,1,69,,43604,6081,,,1,30,,43590,6081,,,1,70,,43601,6081,,,1,30,,43598,6081,,,1,100,,43597,6081,,,1,98,,43588,6081,,,1,100,,43583,6081,,,1
5400,'DI',704,,31627,6188,,,1,100,,31620,6188,,,1,101,,31614,6188,,,1,102,,31621,6188,,,1,100,,31615,6188,,,1,100,,31602,6188,,,1,30,,31624,6188,,,1,70,,31625,6188,,,1,30,,31603,6188,,,1,70,,31616,6188,,,1,30,,31607,6188,,,1,70,,31626,6188,,,1,30,,31622,6188,,,1,70,,31613,6188,,,1,30,,31617,6188,,,1,70,,31618,6188,,,1,30,,31608,6188,,,1,73,,31623,6188,,,1,34,,31619,6188,,,1,63,,31604,6188,,,1,100,,31605,6188,,,1,100,,31606,6188,,,1,100,,31609,6188,,,1,100,,31610,6188,,,1,99,,31611,6188,,,1,100,,31612,6188,,,1
5400,'F1',704,,47522,6188,,,1,100,,47515,6188,,,1,101,,47509,6188,,,1,102,,47516,6188,,,1,100,,47510,6188,,,1,100,,47497,6188,,,1,30,,47519,6188,,,1,70,,47520,6188,,,1,30,,47498,6188,,,1,70,,47511,6188,,,1,30,,47502,6188,,,1,70,,47521,6188,,,1,30,,47517,6188,,,1,70,,47508,6188,,,1,30,,47512,6188,,,1,70,,47513,6188,,,1,30,,47503,6188,,,1,73,,47518,6188,,,1,34,,47514,6188,,,1,63,,47499,6188,,,1,100,,47500,6188,,,1,100,,47501,6188,,,1,100,,47504,6188,,,1,100,,47505,6188,,,1,99,,47506,6188,,,1,100,,47507,6188,,,1
5400,'F2',704,,47536,6188,,,1,30,,47544,6188,,,1,70,,47539,6188,,,1,31,,47538,6188,,,1,70,,47537,6188,,,1,32,,47528,6188,,,1,70,,47526,6188,,,1,30,,47545,6188,,,1,70,,47534,6188,,,1,30,,47527,6188,,,1,70,,47529,6188,,,1,30,,47535,6188,,,1,70,,47546,6188,,,1,30,,47530,6188,,,1,70,,47540,6188,,,1,30,,47547,6188,,,1,70,,47523,6188,,,1,30,,47541,6188,,,1,70,,47531,6188,,,1,30,,47524,6188,,,1,70,,47542,6188,,,1,30,,47532,6188,,,1,73,,47525,6188,,,1,30,,47543,6188,,,1,67,,47533,6188,,,1,100,,47548,6188,,,1,100,,47549,6188,,,1,100,,47550,6188,,,1,100,,47551,6188,,,1,99,,47552,6188,,,1,100,,47553,6188,,,1
5400,'F8',704,,31737,6188,,,1,30,,31745,6188,,,1,70,,31740,6188,,,1,31,,31739,6188,,,1,70,,31738,6188,,,1,32,,31729,6188,,,1,70,,31727,6188,,,1,30,,31746,6188,,,1,70,,31735,6188,,,1,30,,31728,6188,,,1,70,,31730,6188,,,1,30,,31736,6188,,,1,70,,31747,6188,,,1,30,,31731,6188,,,1,70,,31741,6188,,,1,30,,31748,6188,,,1,70,,31724,6188,,,1,30,,31742,6188,,,1,70,,31732,6188,,,1,30,,31725,6188,,,1,70,,31743,6188,,,1,30,,31733,6188,,,1,73,,31726,6188,,,1,30,,31744,6188,,,1,67,,31734,6188,,,1,100,,31749,6188,,,1,100,,31750,6188,,,1,100,,31751,6188,,,1,100,,31752,6188,,,1,99,,31753,6188,,,1,100,,31754,6188,,,1
5400,'F9',704,,31780,6188,,,1,100,,31773,6188,,,1,101,,31767,6188,,,1,102,,31774,6188,,,1,100,,31768,6188,,,1,100,,31755,6188,,,1,30,,31777,6188,,,1,70,,31778,6188,,,1,30,,31756,6188,,,1,70,,31769,6188,,,1,30,,31760,6188,,,1,70,,31779,6188,,,1,30,,31775,6188,,,1,70,,31766,6188,,,1,30,,31770,6188,,,1,70,,31771,6188,,,1,30,,31761,6188,,,1,73,,31776,6188,,,1,34,,31772,6188,,,1,63,,31757,6188,,,1,100,,31758,6188,,,1,100,,31759,6188,,,1,100,,31762,6188,,,1,100,,31763,6188,,,1,99,,31764,6188,,,1,100,,31765,6188,,,1
5400,'SA',704,,31794,6188,,,1,30,,31802,6188,,,1,70,,31797,6188,,,1,31,,31796,6188,,,1,70,,31795,6188,,,1,32,,31786,6188,,,1,70,,31784,6188,,,1,30,,10589,6188,,,1,70,,31792,6188,,,1,30,,31785,6188,,,1,70,,31787,6188,,,1,30,,31793,6188,,,1,70,,31803,6188,,,1,30,,31788,6188,,,1,70,,31798,6188,,,1,30,,10591,6188,,,1,70,,31781,6188,,,1,30,,31799,6188,,,1,70,,31789,6188,,,1,30,,31782,6188,,,1,70,,31800,6188,,,1,30,,31790,6188,,,1,73,,31783,6188,,,1,30,,31801,6188,,,1,67,,31791,6188,,,1,100,,31804,6188,,,1,100,,31805,6188,,,1,100,,31806,6188,,,1,100,,31807,6188,,,1,99,,31808,6188,,,1,100,,31809,6188,,,1
5400,'SE',658,,47583,6188,,,1,76,,47576,6188,,,1,71,,47566,6188,,,1,34,,47578,6188,,,1,72,,47579,6188,,,1,30,,47560,6188,,,1,70,,47585,6188,,,1,30,,47572,6188,,,1,70,,47565,6188,,,1,30,,47554,6188,,,1,70,,47562,6188,,,1,30,,47557,6188,,,1,71,,47577,6188,,,1,30,,47567,6188,,,1,70,,47561,6188,,,1,30,,47556,6188,,,1,66,,47584,6188,,,1,27,,47582,6188,,,1,70,,47570,6188,,,1,30,,47587,6188,,,1,74,,47564,6188,,,1,23,,47558,6188,,,1,75,,47571,6188,,,1,28,,47563,6188,,,1,75,,47581,6188,,,1,29,,47568,6188,,,1,68,,47580,6188,,,1,30,,47575,6188,,,1,70,,47573,6188,,,1,30,,47586,6188,,,1,68,,47555,6188,,,1,100,,47569,6188,,,1,99,,47559,6188,,,1,100,,47574,6188,,,1
7700,'DI',719,,35010,7740,0,21 22 23,1,100,,35013,7740,0,21 22 23,1,100,,35011,7740,0,21 22 23,1,100,,35014,7740,0,21 22 23,1,100,,35012,7740,0,21 22 23,1,100,,35009,7740,0,21 22 23,1,100,,35015,7740,0,21 22 23,1,100,,35018,7740,0,21 22 23,1,100,,35008,7740,0,21 22 23,1,100,,35019,7740,0,21 22 23,1,100,,35020,7740,0,21 22 23,1,100,,35021,7740,0,21 22 23,1,99,,35016,7740,0,21 22 23,1,100,,35022,7740,0,21 22 23,1,100,,35017,7740,0,21 22 23,1
7700,'F1',719,,48854,7740,0,21 22 23,1,100,,48857,7740,0,21 22 23,1,100,,48855,7740,0,21 22 23,1,100,,48858,7740,0,21 22 23,1,100,,48856,7740,0,21 22 23,1,100,,48853,7740,0,21 22 23,1,100,,48859,7740,0,21 22 23,1,100,,48862,7740,0,21 22 23,1,100,,48852,7740,0,21 22 23,1,100,,48863,7740,0,21 22 23,1,100,,48864,7740,0,21 22 23,1,100,,48865,7740,0,21 22 23,1,99,,48860,7740,0,21 22 23,1,100,,48866,7740,0,21 22 23,1,100,,48861,7740,0,21 22 23,1
7700,'F2',719,,48881,7740,0,21 22 23,1,100,,48872,7740,0,21 22 23,1,100,,48868,7740,0,21 22 23,1,100,,48873,7740,0,21 22 23,1,100,,48869,7740,0,21 22 23,1,100,,48871,7740,0,21 22 23,1,100,,48874,7740,0,21 22 23,1,97,,48867,7740,0,21 22 23,1,103,,48875,7740,0,21 22 23,1,99,,48877,7740,0,21 22 23,1,101,,48876,7740,0,21 22 23,1,100,,48878,7740,0,21 22 23,1,99,,48879,7740,0,21 22 23,1,100,,48870,7740,0,21 22 23,1,100,,48880,7740,0,21 22 23,1
7700,'F8',719,,35108,7740,0,21 22 23,1,100,,35099,7740,0,21 22 23,1,100,,35095,7740,0,21 22 23,1,100,,35100,7740,0,21 22 23,1,100,,35096,7740,0,21 22 23,1,100,,35098,7740,0,21 22 23,1,100,,35101,7740,0,21 22 23,1,97,,35094,7740,0,21 22 23,1,103,,35102,7740,0,21 22 23,1,99,,35104,7740,0,21 22 23,1,101,,35103,7740,0,21 22 23,1,100,,35105,7740,0,21 22 23,1,99,,35106,7740,0,21 22 23,1,100,,35097,7740,0,21 22 23,1,100,,35107,7740,0,21 22 23,1
7700,'F9',719,,35111,7740,0,21 22 23,1,100,,35114,7740,0,21 22 23,1,100,,35112,7740,0,21 22 23,1,100,,35115,7740,0,21 22 23,1,100,,35113,7740,0,21 22 23,1,100,,35110,7740,0,21 22 23,1,100,,35116,7740,0,21 22 23,1,100,,35119,7740,0,21 22 23,1,100,,35109,7740,0,21 22 23,1,100,,35120,7740,0,21 22 23,1,100,,35121,7740,0,21 22 23,1,100,,35122,7740,0,21 22 23,1,99,,35117,7740,0,21 22 23,1,100,,35123,7740,0,21 22 23,1,100,,35118,7740,0,21 22 23,1
7700,'SA',719,,35137,7740,0,21 22 23,1,100,,35128,7740,0,21 22 23,1,100,,35125,7740,0,21 22 23,1,100,,35129,7740,0,21 22 23,1,100,,13602,7740,0,21 22 23,1,100,,35127,7740,0,21 22 23,1,100,,35130,7740,0,21 22 23,1,97,,35124,7740,0,21 22 23,1,103,,35131,7740,0,21 22 23,1,99,,35133,7740,0,21 22 23,1,101,,35132,7740,0,21 22 23,1,100,,35134,7740,0,21 22 23,1,99,,35135,7740,0,21 22 23,1,100,,35126,7740,0,21 22 23,1,100,,35136,7740,0,21 22 23,1
7700,'SE',609,,48883,7740,0,21 22 23,1,15,,48884,7740,0,21 22 23,1,20,,48885,7740,0,21 22 23,1,58,,48889,7740,0,21 22 23,1,29,,48892,7740,0,21 22 23,1,23,,48888,7740,0,21 22 23,1,62,,48891,7740,0,21 22 23,1,15,,48886,7740,0,21 22 23,1,71,,48890,7740,0,21 22 23,1,30,,48893,7740,0,21 22 23,1,70,,48894,7740,0,21 22 23,1,30,,48887,7740,0,21 22 23,1,70,,48896,7740,0,21 22 23,1,30,,48897,7740,0,21 22 23,1,70,,48895,7740,0,21 22 23,1,31,,48899,7740,0,21 22 23,1,73,,48901,7740,0,21 22 23,1,30,,48898,7740,0,21 22 23,1,70,,48902,7740,0,21 22 23,1,27,,48900,7740,0,21 22 23,1,20,,48904,7740,0,21 22 23,1,60,,48907,7740,0,21 22 23,1,20,,48909,7740,0,21 22 23,1,20,,48903,7740,0,21 22 23,1,58,,48915,7740,0,21 22 23,1,18,,48917,7740,0,21 22 23,1,18,,48905,7740,0,21 22 23,1,58,,48908,7740,0,21 22 23,1,18,,48919,7740,0,21 22 23,1,18,,48910,7740,0,21 22 23,1,60,,48916,7740,0,21 22 23,1,20,,48918,7740,0,21 22 23,1,19,,48906,7740,0,21 22 23,1,16,,48913,7740,0,21 22 23,1,70,,48911,7740,0,21 22 23,1,32,,48882,7740,0,21 22 23,1,71,,48920,7740,0,21 22 23,1,27,,48914,7740,0,21 22 23,1,70,,48912,7740,0,21 22 23,1
42100,'SE',645,,50738,6081,0,12 13,1,71,,50737,6081,0,12 13,1,17,,50742,6081,0,12 13,1,723,,50740,6081,0,12 13,1,62,,50743,6081,0,12 13,1,30,,50741,6081,0,12 13,1,70,,50744,6081,0,12 13,1,32,,50732,6081,0,12 13,1,69,,50739,6081,0,12 13,1
