501,'DI',600,,21945,2383,0,28 29,1,30,,21951,2383,0,28 29,1,70,,21946,2383,0,28 29,1,30,,21952,2383,0,28 29,1,70,,21947,2383,0,28 29,1,30,,21953,2383,0,28 29,1,70,,21973,2383,0,28 29,1,30,,21954,2383,0,28 29,1,70,,21958,2383,0,28 29,1,30,,21955,2383,0,28 29,1,70,,21970,2383,0,28 29,1,30,,21959,2383,0,28 29,1,70,,21948,2383,0,28 29,1,33,,21960,2383,0,28 29,1,70,,21949,2383,0,28 29,1,28,,21974,2383,0,28 29,1,72,,21971,2383,0,28 29,1,30,,21975,2383,0,28 29,1,70,,21961,2383,0,28 29,1,29,,21950,2383,0,28 29,1,71,,21965,2383,0,28 29,1,30,,21972,2383,0,28 29,1,70,,21956,2383,0,28 29,1,30,,21962,2383,0,28 29,1,70,,21976,2383,0,28 29,1,98,,21957,2383,0,28 29,1,100,,21964,2383,0,28 29,1,100,,21963,2383,0,28 29,1,100,,21966,2383,0,28 29,1,100,,21967,2383,0,28 29,1,100,,21968,2383,0,28 29,1,100,,21969,2383,0,28 29,1
501,'F1',600,,43718,2383,0,28 29,1,30,,43724,2383,0,28 29,1,70,,43719,2383,0,28 29,1,30,,43725,2383,0,28 29,1,70,,43720,2383,0,28 29,1,30,,43726,2383,0,28 29,1,70,,43746,2383,0,28 29,1,30,,43727,2383,0,28 29,1,70,,43731,2383,0,28 29,1,30,,43728,2383,0,28 29,1,70,,43743,2383,0,28 29,1,30,,43732,2383,0,28 29,1,70,,43721,2383,0,28 29,1,33,,43733,2383,0,28 29,1,70,,43722,2383,0,28 29,1,28,,43747,2383,0,28 29,1,72,,43744,2383,0,28 29,1,30,,43748,2383,0,28 29,1,70,,43734,2383,0,28 29,1,29,,43723,2383,0,28 29,1,71,,43738,2383,0,28 29,1,30,,43745,2383,0,28 29,1,70,,43729,2383,0,28 29,1,30,,43735,2383,0,28 29,1,70,,43749,2383,0,28 29,1,98,,43730,2383,0,28 29,1,100,,43737,2383,0,28 29,1,100,,43736,2383,0,28 29,1,100,,43739,2383,0,28 29,1,100,,43740,2383,0,28 29,1,100,,43741,2383,0,28 29,1,100,,43742,2383,0,28 29,1
501,'F2',530,,43750,2383,0,28 29,1,70,,43758,2383,0,28 29,1,30,,43751,2383,0,28 29,1,70,,43759,2383,0,28 29,1,30,,43752,2383,0,28 29,1,70,,43760,2383,0,28 29,1,30,,43753,2383,0,28 29,1,70,,43761,2383,0,28 29,1,30,,43754,2383,0,28 29,1,70,,43763,2383,0,28 29,1,30,,43755,2383,0,28 29,1,70,,43764,2383,0,28 29,1,30,,43756,2383,0,28 29,1,70,,43765,2383,0,28 29,1,33,,43757,2383,0,28 29,1,70,,43766,2383,0,28 29,1,30,,43762,2383,0,28 29,1,70,,43782,2383,0,28 29,1,30,,43777,2383,0,28 29,1,70,,43767,2383,0,28 29,1,30,,43780,2383,0,28 29,1,70,,43776,2383,0,28 29,1,30,,43779,2383,0,28 29,1,70,,43783,2383,0,28 29,1,30,,43778,2383,0,28 29,1,70,,43781,2383,0,28 29,1,98,,43768,2383,0,28 29,1,100,,43769,2383,0,28 29,1,100,,43770,2383,0,28 29,1,100,,43771,2383,0,28 29,1,100,,43772,2383,0,28 29,1,100,,43773,2383,0,28 29,1,100,,43774,2383,0,28 29,1,100,,43775,2383,0,28 29,1
501,'F8',530,,22100,2383,0,28 29,1,70,,22108,2383,0,28 29,1,30,,22101,2383,0,28 29,1,70,,22109,2383,0,28 29,1,30,,22102,2383,0,28 29,1,70,,22110,2383,0,28 29,1,30,,22103,2383,0,28 29,1,70,,22111,2383,0,28 29,1,30,,22104,2383,0,28 29,1,70,,22113,2383,0,28 29,1,30,,22105,2383,0,28 29,1,70,,22114,2383,0,28 29,1,30,,22106,2383,0,28 29,1,70,,22115,2383,0,28 29,1,33,,22107,2383,0,28 29,1,70,,22116,2383,0,28 29,1,30,,22112,2383,0,28 29,1,70,,22132,2383,0,28 29,1,30,,22127,2383,0,28 29,1,70,,22117,2383,0,28 29,1,30,,22130,2383,0,28 29,1,70,,22126,2383,0,28 29,1,30,,22129,2383,0,28 29,1,70,,22133,2383,0,28 29,1,30,,22128,2383,0,28 29,1,70,,22131,2383,0,28 29,1,98,,22118,2383,0,28 29,1,100,,22119,2383,0,28 29,1,100,,22120,2383,0,28 29,1,100,,22121,2383,0,28 29,1,100,,22122,2383,0,28 29,1,100,,22123,2383,0,28 29,1,100,,22124,2383,0,28 29,1,100,,22125,2383,0,28 29,1
501,'F9',600,,22134,2383,0,28 29,1,30,,22140,2383,0,28 29,1,70,,22135,2383,0,28 29,1,30,,22141,2383,0,28 29,1,70,,22136,2383,0,28 29,1,30,,22142,2383,0,28 29,1,70,,22162,2383,0,28 29,1,30,,22143,2383,0,28 29,1,70,,22147,2383,0,28 29,1,30,,22144,2383,0,28 29,1,70,,22159,2383,0,28 29,1,30,,22148,2383,0,28 29,1,70,,22137,2383,0,28 29,1,33,,22149,2383,0,28 29,1,70,,22138,2383,0,28 29,1,28,,22163,2383,0,28 29,1,72,,22160,2383,0,28 29,1,30,,22164,2383,0,28 29,1,70,,22150,2383,0,28 29,1,29,,22139,2383,0,28 29,1,71,,22154,2383,0,28 29,1,30,,22161,2383,0,28 29,1,70,,22145,2383,0,28 29,1,30,,22151,2383,0,28 29,1,70,,22165,2383,0,28 29,1,98,,22146,2383,0,28 29,1,100,,22153,2383,0,28 29,1,100,,22152,2383,0,28 29,1,100,,22155,2383,0,28 29,1,100,,22156,2383,0,28 29,1,100,,22157,2383,0,28 29,1,100,,22158,2383,0,28 29,1
501,'SA',530,,22166,2383,0,28 29,1,70,,22174,2383,0,28 29,1,30,,22167,2383,0,28 29,1,70,,22175,2383,0,28 29,1,30,,22168,2383,0,28 29,1,70,,22176,2383,0,28 29,1,30,,22169,2383,0,28 29,1,70,,22177,2383,0,28 29,1,30,,22170,2383,0,28 29,1,70,,22179,2383,0,28 29,1,30,,22171,2383,0,28 29,1,70,,22180,2383,0,28 29,1,30,,22172,2383,0,28 29,1,70,,22181,2383,0,28 29,1,33,,22173,2383,0,28 29,1,70,,22182,2383,0,28 29,1,30,,22178,2383,0,28 29,1,70,,22198,2383,0,28 29,1,30,,22193,2383,0,28 29,1,70,,22183,2383,0,28 29,1,30,,22196,2383,0,28 29,1,70,,22192,2383,0,28 29,1,30,,22195,2383,0,28 29,1,70,,22199,2383,0,28 29,1,30,,22194,2383,0,28 29,1,70,,22197,2383,0,28 29,1,98,,22184,2383,0,28 29,1,100,,22185,2383,0,28 29,1,100,,22186,2383,0,28 29,1,100,,22187,2383,0,28 29,1,100,,22188,2383,0,28 29,1,100,,22189,2383,0,28 29,1,100,,22190,2383,0,28 29,1,100,,22191,2383,0,28 29,1
501,'SE',442,,43784,2383,,,1,65,,43812,2383,0,28 29,1,20,,43821,2383,0,28 29,1,20,,43813,2383,0,28 29,1,55,,43829,2383,0,28 29,1,15,,43787,2383,0,28 29,1,15,,43822,2383,0,28 29,1,9,,43823,2383,0,28 29,1,9,,43828,2383,0,28 29,1,52,,43830,2383,0,28 29,1,10,,43794,2383,0,28 29,1,10,,43795,2383,0,28 29,1,10,,43818,2383,0,28 29,1,10,,43797,2383,0,28 29,1,10,,43827,2383,0,28 29,1,50,,43785,2383,0,28 29,1,10,,43833,2383,0,28 29,1,11,,43788,2383,0,28 29,1,9,,43796,2383,0,28 29,1,20,,43835,2383,0,28 29,1,60,,43786,2383,0,28 29,1,20,,43789,2383,0,28 29,1,70,,43836,2383,0,28 29,1,30,,43798,2383,0,28 29,1,70,,43792,2383,0,28 29,1,30,,43815,2383,0,28 29,1,70,,43834,2383,0,28 29,1,30,,43816,2383,0,28 29,1,71,,43840,2383,0,28 29,1,30,,43826,2383,0,28 29,1,70,,43793,2383,0,28 29,1,30,,43800,2383,0,28 29,1,70,,43808,2383,0,28 29,1,34,,43837,2383,0,28 29,1,13,,43801,2383,0,28 29,1,55,,43799,2383,0,28 29,1,17,,43809,2383,0,28 29,1,15,,43790,2383,0,28 29,1,17,,43825,2383,0,28 29,1,56,,43814,2383,0,28 29,1,12,,43817,2383,0,28 29,1,15,,43839,2383,0,28 29,1,15,,43791,2383,0,28 29,1,55,,43810,2383,0,28 29,1,22,,43831,2383,0,28 29,1,16,,43819,2383,0,28 29,1,61,,43806,2383,0,28 29,1,25,,43832,2383,0,28 29,1,70,,43820,2383,0,28 29,1,30,,43811,2383,0,28 29,1,70,,43807,2383,0,28 29,1,30,,43824,2383,0,28 29,1,70,,43838,2383,0,28 29,1,100,,43802,2383,0,28 29,1,100,,43803,2383,0,28 29,1,100,,43804,2383,0,28 29,1,100,,43805,2383,0,28 29,1
900,'SE',1633,,44316,12009,0,28 30,2,74,,44315,12009,0,28 30,2,26,,44314,12009,0,28 30,2,67,,44313,12009,0,28 30,2,28,,44312,12009,0,28 30,2
6000,'SE',639,,47742,8496,,,1,85,,47745,8496,,,1,77,,47731,8496,,,1,47,,47748,8496,,,1,101,,47743,8496,,,1,100,,47736,8496,,,1,100,,47749,8496,,,1,100,,47740,8496,,,1,100,,47738,8496,,,1,100,,47753,8496,,,1,99,,47746,8496,,,1,70,,47737,8496,,,1,25,,47750,8496,,,1,64,,47732,8496,,,1,27,,47744,8496,,,1,67,,47747,8496,,,1,25,,47733,8496,,,1,30,,47741,8496,,,1,67,,47751,8496,,,1,99,,47730,8496,,,1,99,,47734,8496,,,1,100,,47739,8496,,,1,90,,47735,8496,,,1,100,,47752,8496,,,1
16000,'DI',710,,38365,8496,0,19 20,1,100,,38368,8496,0,19 20,1,100,,38371,8496,0,19 20,1,100,,38366,8496,0,19 20,1,100,,38372,8496,0,19 20,1,100,,38364,8496,0,19 20,1,100,,38373,8496,0,19 20,1,100,,38362,8496,0,19 20,1,100,,38360,8496,0,19 20,1,100,,38369,8496,0,19 20,1,100,,38367,8496,0,19 20,1,100,,38374,8496,0,19 20,1,100,,38370,8496,0,19 20,1,102,,38363,8496,0,19 20,1,98,,38361,8496,0,19 20,1
16000,'F1',710,,50212,8496,0,19 20,1,100,,50215,8496,0,19 20,1,100,,50218,8496,0,19 20,1,100,,50213,8496,0,19 20,1,100,,50219,8496,0,19 20,1,100,,50211,8496,0,19 20,1,100,,50220,8496,0,19 20,1,100,,50209,8496,0,19 20,1,100,,50207,8496,0,19 20,1,100,,50216,8496,0,19 20,1,100,,50214,8496,0,19 20,1,100,,50221,8496,0,19 20,1,100,,50217,8496,0,19 20,1,102,,50210,8496,0,19 20,1,98,,50208,8496,0,19 20,1
16000,'F2',710,,50226,8496,0,19 20,1,99,,50229,8496,0,19 20,1,101,,50225,8496,0,19 20,1,100,,50222,8496,0,19 20,1,100,,50228,8496,0,19 20,1,99,,50233,8496,0,19 20,1,101,,50223,8496,0,19 20,1,100,,50227,8496,0,19 20,1,100,,50234,8496,0,19 20,1,100,,50230,8496,0,19 20,1,100,,50224,8496,0,19 20,1,100,,50235,8496,0,19 20,1,100,,50231,8496,0,19 20,1,101,,50236,8496,0,19 20,1,99,,50232,8496,0,19 20,1
16000,'F8',710,,38429,8496,0,19 20,1,99,,38432,8496,0,19 20,1,101,,38428,8496,0,19 20,1,100,,38425,8496,0,19 20,1,100,,38431,8496,0,19 20,1,99,,38436,8496,0,19 20,1,101,,38426,8496,0,19 20,1,100,,38430,8496,0,19 20,1,100,,38437,8496,0,19 20,1,100,,38433,8496,0,19 20,1,100,,38427,8496,0,19 20,1,100,,38438,8496,0,19 20,1,100,,38434,8496,0,19 20,1,101,,38439,8496,0,19 20,1,99,,38435,8496,0,19 20,1
16000,'F9',710,,38445,8496,0,19 20,1,100,,38448,8496,0,19 20,1,100,,38451,8496,0,19 20,1,100,,38446,8496,0,19 20,1,100,,38452,8496,0,19 20,1,100,,38444,8496,0,19 20,1,100,,38453,8496,0,19 20,1,100,,38442,8496,0,19 20,1,100,,38440,8496,0,19 20,1,100,,38449,8496,0,19 20,1,100,,38447,8496,0,19 20,1,100,,38454,8496,0,19 20,1,100,,38450,8496,0,19 20,1,102,,38443,8496,0,19 20,1,98,,38441,8496,0,19 20,1
16000,'SA',710,,38459,8496,0,19 20,1,99,,16667,8496,0,19 20,1,101,,38458,8496,0,19 20,1,100,,38455,8496,0,19 20,1,100,,38461,8496,0,19 20,1,99,,38464,8496,0,19 20,1,101,,38456,8496,0,19 20,1,100,,38460,8496,0,19 20,1,100,,38465,8496,0,19 20,1,100,,16668,8496,0,19 20,1,100,,38457,8496,0,19 20,1,100,,38466,8496,0,19 20,1,100,,38462,8496,0,19 20,1,101,,38467,8496,0,19 20,1,99,,38463,8496,0,19 20,1
16000,'SE',623,,50239,8496,0,19 20,1,95,,50249,8496,0,19 20,1,41,,50247,8496,0,19 20,1,93,,50250,8496,0,19 20,1,89,,50248,8496,0,19 20,1,86,,50240,8496,0,19 20,1,101,,50241,8496,0,19 20,1,100,,50242,8496,0,19 20,1,100,,50251,8496,0,19 20,1,100,,50246,8496,0,19 20,1,100,,50253,8496,0,19 20,1,30,,50259,8496,0,19 20,1,68,,50237,8496,0,19 20,1,24,,50252,8496,0,19 20,1,72,,50254,8496,0,19 20,1,26,,50255,8496,0,19 20,1,68,,50245,8496,0,19 20,1,30,,50260,8496,0,19 20,1,70,,50243,8496,0,19 20,1,87,,50238,8496,0,19 20,1,99,,50244,8496,0,19 20,1,98,,50257,8496,0,19 20,1,52,,50256,8496,0,19 20,1,100,,50258,8496,0,19 20,1
