1001,'DI',644,,23694,7538,,,1,67,,23668,7538,,,1,30,,23695,7538,,,1,70,,23693,7538,,,1,30,,23686,7538,,,1,78,,23669,7538,,,1,30,,23687,7538,,,1,70,,23670,7538,,,1,30,,23688,7538,,,1,70,,23671,7538,,,1,30,,23689,7538,,,1,70,,23672,7538,,,1,30,,23690,7538,,,1,70,,23673,7538,,,1,30,,23691,7538,,,1,70,,23674,7538,,,1,30,,23692,7538,,,1,70,,23675,7538,,,1,30,,23696,7538,,,1,70,,23676,7538,,,1,30,,23697,7538,,,1,70,,23677,7538,,,1,30,,23698,7538,,,1,70,,23678,7538,,,1,30,,23699,7538,,,1,81,,23679,7538,,,1,100,,23680,7538,,,1,100,,23681,7538,,,1,100,,23682,7538,,,1,100,,23683,7538,,,1,100,,23684,7538,,,1
1001,'F1',644,,44416,7538,,,1,67,,44390,7538,,,1,30,,44417,7538,,,1,70,,44415,7538,,,1,30,,44408,7538,,,1,78,,44391,7538,,,1,30,,44409,7538,,,1,70,,44392,7538,,,1,30,,44410,7538,,,1,70,,44393,7538,,,1,30,,44411,7538,,,1,70,,44394,7538,,,1,30,,44412,7538,,,1,70,,44395,7538,,,1,30,,44413,7538,,,1,70,,44396,7538,,,1,30,,44414,7538,,,1,70,,44397,7538,,,1,30,,44418,7538,,,1,70,,44398,7538,,,1,30,,44419,7538,,,1,70,,44399,7538,,,1,30,,44420,7538,,,1,70,,44400,7538,,,1,30,,44421,7538,,,1,81,,44401,7538,,,1,100,,44402,7538,,,1,100,,44403,7538,,,1,100,,44404,7538,,,1,100,,44405,7538,,,1,100,,44406,7538,,,1
1001,'F2',542,,44432,7538,,,1,96,,44433,7538,,,1,70,,44428,7538,,,1,30,,44422,7538,,,1,70,,44435,7538,,,1,30,,44434,7538,,,1,78,,44444,7538,,,1,32,,44443,7538,,,1,70,,44445,7538,,,1,30,,44451,7538,,,1,70,,44446,7538,,,1,30,,44452,7538,,,1,70,,44436,7538,,,1,32,,44453,7538,,,1,70,,44437,7538,,,1,29,,44454,7538,,,1,70,,44438,7538,,,1,30,,44423,7538,,,1,70,,44439,7538,,,1,30,,44424,7538,,,1,70,,44440,7538,,,1,30,,44425,7538,,,1,69,,44441,7538,,,1,31,,44426,7538,,,1,70,,44442,7538,,,1,30,,44427,7538,,,1,81,,44447,7538,,,1,100,,44448,7538,,,1,100,,44449,7538,,,1,100,,44450,7538,,,1,100,,44429,7538,,,1,100,,44430,7538,,,1
1001,'F8',542,,23776,7538,,,1,96,,23777,7538,,,1,70,,23772,7538,,,1,30,,23766,7538,,,1,70,,23779,7538,,,1,30,,23778,7538,,,1,78,,23788,7538,,,1,32,,23787,7538,,,1,70,,23789,7538,,,1,30,,23795,7538,,,1,70,,23790,7538,,,1,30,,23796,7538,,,1,70,,23780,7538,,,1,32,,23797,7538,,,1,70,,23781,7538,,,1,29,,23798,7538,,,1,70,,23782,7538,,,1,30,,23767,7538,,,1,70,,23783,7538,,,1,30,,23768,7538,,,1,70,,23784,7538,,,1,30,,23769,7538,,,1,69,,23785,7538,,,1,31,,23770,7538,,,1,70,,23786,7538,,,1,30,,23771,7538,,,1,81,,23791,7538,,,1,100,,23792,7538,,,1,100,,23793,7538,,,1,100,,23794,7538,,,1,100,,23773,7538,,,1,100,,23774,7538,,,1
1001,'F9',644,,23825,7538,,,1,67,,23799,7538,,,1,30,,23826,7538,,,1,70,,23824,7538,,,1,30,,23817,7538,,,1,78,,23800,7538,,,1,30,,23818,7538,,,1,70,,23801,7538,,,1,30,,23819,7538,,,1,70,,23802,7538,,,1,30,,23820,7538,,,1,70,,23803,7538,,,1,30,,23821,7538,,,1,70,,23804,7538,,,1,30,,23822,7538,,,1,70,,23805,7538,,,1,30,,23823,7538,,,1,70,,23806,7538,,,1,30,,23827,7538,,,1,70,,23807,7538,,,1,30,,23828,7538,,,1,70,,23808,7538,,,1,30,,23829,7538,,,1,70,,23809,7538,,,1,30,,23830,7538,,,1,81,,23810,7538,,,1,100,,23811,7538,,,1,100,,23812,7538,,,1,100,,23813,7538,,,1,100,,23814,7538,,,1,100,,23815,7538,,,1
1001,'SA',542,,23841,7538,,,1,96,,23842,7538,,,1,70,,23837,7538,,,1,30,,23831,7538,,,1,70,,23844,7538,,,1,30,,23843,7538,,,1,78,,23853,7538,,,1,32,,23852,7538,,,1,70,,23854,7538,,,1,30,,23860,7538,,,1,70,,23855,7538,,,1,30,,23861,7538,,,1,70,,23845,7538,,,1,32,,23862,7538,,,1,70,,23846,7538,,,1,29,,23863,7538,,,1,70,,23847,7538,,,1,30,,23832,7538,,,1,70,,23848,7538,,,1,30,,23833,7538,,,1,70,,23849,7538,,,1,30,,23834,7538,,,1,69,,23850,7538,,,1,31,,23835,7538,,,1,70,,23851,7538,,,1,30,,23836,7538,,,1,81,,23856,7538,,,1,100,,23857,7538,,,1,100,,23858,7538,,,1,100,,23859,7538,,,1,100,,23838,7538,,,1,100,,23839,7538,,,1
1701,'DI',601,,25564,7673,,,1,100,,25567,7673,,,1,30,,25560,7673,,,1,70,,25550,7673,,,1,30,,25556,7673,,,1,70,,25565,7673,,,1,30,,25578,7673,,,1,70,,25568,7673,,,1,30,,25573,7673,,,1,70,,25551,7673,,,1,30,,25575,7673,,,1,70,,25562,7673,,,1,30,,25571,7673,,,1,70,,25579,7673,,,1,30,,25557,7673,,,1,70,,25574,7673,,,1,30,,25563,7673,,,1,70,,25561,7673,,,1,30,,25577,7673,,,1,69,,25569,7673,,,1,30,,25552,7673,,,1,71,,25559,7673,,,1,30,,25553,7673,,,1,70,,25548,7673,,,1,31,,25554,7673,,,1,70,,25547,7673,,,1,99,,25576,7673,,,1,100,,25570,7673,,,1,100,,25555,7673,,,1,100,,25572,7673,,,1,100,,25558,7673,,,1,100,,25549,7673,,,1
1701,'F1',601,,45121,7673,,,1,100,,45124,7673,,,1,30,,45117,7673,,,1,70,,45107,7673,,,1,30,,45113,7673,,,1,70,,45122,7673,,,1,30,,45135,7673,,,1,70,,45125,7673,,,1,30,,45130,7673,,,1,70,,45108,7673,,,1,30,,45132,7673,,,1,70,,45119,7673,,,1,30,,45128,7673,,,1,70,,45136,7673,,,1,30,,45114,7673,,,1,70,,45131,7673,,,1,30,,45120,7673,,,1,70,,45118,7673,,,1,30,,45134,7673,,,1,69,,45126,7673,,,1,30,,45109,7673,,,1,71,,45116,7673,,,1,30,,45110,7673,,,1,70,,45105,7673,,,1,31,,45111,7673,,,1,70,,45104,7673,,,1,99,,45133,7673,,,1,100,,45127,7673,,,1,100,,45112,7673,,,1,100,,45129,7673,,,1,100,,45115,7673,,,1,100,,45106,7673,,,1
1701,'F2',602,,45164,7673,,,1,100,,45158,7673,,,1,30,,45153,7673,,,1,70,,45168,7673,,,1,30,,45140,7673,,,1,70,,45152,7673,,,1,30,,45165,7673,,,1,70,,45150,7673,,,1,30,,45139,7673,,,1,70,,45159,7673,,,1,30,,45141,7673,,,1,70,,45145,7673,,,1,30,,45137,7673,,,1,70,,45147,7673,,,1,30,,45154,7673,,,1,70,,45160,7673,,,1,30,,45166,7673,,,1,70,,45146,7673,,,1,30,,45167,7673,,,1,70,,45155,7673,,,1,30,,45162,7673,,,1,69,,45161,7673,,,1,30,,45142,7673,,,1,71,,45144,7673,,,1,30,,45143,7673,,,1,71,,45148,7673,,,1,99,,45163,7673,,,1,100,,45156,7673,,,1,100,,45151,7673,,,1,100,,45149,7673,,,1,100,,45138,7673,,,1,100,,45169,7673,,,1
1701,'F8',602,,25673,7673,,,1,100,,25667,7673,,,1,30,,25662,7673,,,1,70,,25677,7673,,,1,30,,25649,7673,,,1,70,,25661,7673,,,1,30,,25674,7673,,,1,70,,25659,7673,,,1,30,,25648,7673,,,1,70,,25668,7673,,,1,30,,25650,7673,,,1,70,,25654,7673,,,1,30,,25646,7673,,,1,70,,25656,7673,,,1,30,,25663,7673,,,1,70,,25669,7673,,,1,30,,25675,7673,,,1,70,,25655,7673,,,1,30,,25676,7673,,,1,70,,25664,7673,,,1,30,,25671,7673,,,1,69,,25670,7673,,,1,30,,25651,7673,,,1,71,,25653,7673,,,1,30,,25652,7673,,,1,71,,25657,7673,,,1,99,,25672,7673,,,1,100,,25665,7673,,,1,100,,25660,7673,,,1,100,,25658,7673,,,1,100,,25647,7673,,,1,100,,25678,7673,,,1
1701,'F9',601,,25696,7673,,,1,100,,25699,7673,,,1,30,,25692,7673,,,1,70,,25682,7673,,,1,30,,25688,7673,,,1,70,,25697,7673,,,1,30,,25710,7673,,,1,70,,25700,7673,,,1,30,,25705,7673,,,1,70,,25683,7673,,,1,30,,25707,7673,,,1,70,,25694,7673,,,1,30,,25703,7673,,,1,70,,25711,7673,,,1,30,,25689,7673,,,1,70,,25706,7673,,,1,30,,25695,7673,,,1,70,,25693,7673,,,1,30,,25709,7673,,,1,69,,25701,7673,,,1,30,,25684,7673,,,1,71,,25691,7673,,,1,30,,25685,7673,,,1,70,,25680,7673,,,1,31,,25686,7673,,,1,70,,25679,7673,,,1,99,,25708,7673,,,1,100,,25702,7673,,,1,100,,25687,7673,,,1,100,,25704,7673,,,1,100,,25690,7673,,,1,100,,25681,7673,,,1
1701,'SA',602,,25737,7673,,,1,100,,25731,7673,,,1,30,,25727,7673,,,1,70,,25741,7673,,,1,30,,25715,7673,,,1,70,,5087,7673,,,1,30,,25738,7673,,,1,70,,25725,7673,,,1,30,,25714,7673,,,1,70,,25732,7673,,,1,30,,25716,7673,,,1,70,,25720,7673,,,1,30,,25712,7673,,,1,70,,25722,7673,,,1,30,,25728,7673,,,1,70,,25733,7673,,,1,30,,25739,7673,,,1,70,,25721,7673,,,1,30,,25740,7673,,,1,70,,25729,7673,,,1,30,,25735,7673,,,1,69,,25734,7673,,,1,30,,25717,7673,,,1,71,,25719,7673,,,1,30,,25718,7673,,,1,71,,25723,7673,,,1,99,,25736,7673,,,1,100,,5098,7673,,,1,100,,25726,7673,,,1,100,,25724,7673,,,1,100,,25713,7673,,,1,100,,25742,7673,,,1
7601,'SE',514,,48822,4791,,,1,30,,48825,4791,,,1,70,,48826,4791,,,1,25,,48830,4791,,,1,61,,48831,4791,,,1,20,,48827,4791,,,1,20,,48844,4791,,,1,13,,48811,4791,,,1,51,,48814,4791,,,1,21,,48817,4791,,,1,23,,48845,4791,,,1,66,,48815,4791,,,1,30,,48818,4791,,,1,70,,48809,4791,,,1,30,,48828,4791,,,1,70,,48820,4791,,,1,30,,48816,4791,,,1,70,,48812,4791,,,1,30,,48810,4791,,,1,70,,48847,4791,,,1,30,,48807,4791,,,1,70,,48829,4791,,,1,32,,48813,4791,,,1,75,,48819,4791,,,1,26,,48832,4791,,,1,72,,48834,4791,,,1,33,,48824,4791,,,1,64,,48842,4791,,,1,16,,48846,4791,,,1,20,,48848,4791,,,1,61,,48821,4791,,,1,17,,48843,4791,,,1,18,,48851,4791,,,1,66,,48833,4791,,,1,30,,48823,4791,,,1,70,,48808,4791,,,1,30,,48835,4791,,,1,70,,48849,4791,,,1,30,,48836,4791,,,1,70,,48850,4791,,,1,29,,48837,4791,,,1,70,,48840,4791,,,1,30,,48838,4791,,,1,70,,48841,4791,,,1,30,,48839,4791,,,1
16101,'DI',621,,38767,13446,,,2,30,,38758,8724,,,2,70,,38755,8724,,,2,30,,38765,8724,,,2,70,,38759,8724,,,2,30,,38760,8724,,,2,70,,38762,8724,,,2,702,,38756,8724,,,2,28,,38761,8724,,,2,72,,38757,8724,,,2,30,,38766,13446,,,2,70,,38764,8724,,,2,32,,38763,8724,,,2
16101,'F1',621,,50378,13446,,,2,30,,50369,8724,,,2,70,,50366,8724,,,2,30,,50376,8724,,,2,70,,50370,8724,,,2,30,,50371,8724,,,2,70,,50373,8724,,,2,702,,50367,8724,,,2,28,,50372,8724,,,2,72,,50368,8724,,,2,30,,50377,13446,,,2,70,,50375,8724,,,2,32,,50374,8724,,,2
16101,'F2',621,,50390,13446,,,2,30,,50386,8724,,,2,70,,50383,8724,,,2,30,,50384,8724,,,2,70,,50381,8724,,,2,30,,50387,8724,,,2,70,,50385,8724,,,2,700,,50382,8724,,,2,31,,50379,8724,,,2,71,,50388,8724,,,2,30,,50391,13446,,,2,71,,50380,8724,,,2,31,,50389,8724,,,2
16101,'F8',621,,38824,13446,,,2,30,,38820,8724,,,2,70,,38817,8724,,,2,30,,38818,8724,,,2,70,,38815,8724,,,2,30,,38821,8724,,,2,70,,38819,8724,,,2,700,,38816,8724,,,2,31,,38813,8724,,,2,71,,38822,8724,,,2,30,,38825,13446,,,2,71,,38814,8724,,,2,31,,38823,8724,,,2
16101,'F9',621,,38838,13446,,,2,30,,38829,8724,,,2,70,,38826,8724,,,2,30,,38836,8724,,,2,70,,38830,8724,,,2,30,,38831,8724,,,2,70,,38833,8724,,,2,702,,38827,8724,,,2,28,,38832,8724,,,2,72,,38828,8724,,,2,30,,38837,13446,,,2,70,,38835,8724,,,2,32,,38834,8724,,,2
16101,'SA',621,,38849,13446,,,2,30,,17011,8724,,,2,70,,38843,8724,,,2,30,,38844,8724,,,2,70,,38841,8724,,,2,30,,38846,8724,,,2,70,,38845,8724,,,2,700,,38842,8724,,,2,31,,38839,8724,,,2,71,,38847,8724,,,2,30,,38850,13446,,,2,71,,38840,8724,,,2,31,,38848,8724,,,2
16101,'SE',614,,50396,8724,,,2,20,,50398,8724,,,2,66,,50408,13446,,,2,20,,50397,8724,,,2,13,,50406,13446,,,2,17,,50392,8724,,,2,56,,50409,13446,,,2,16,,50393,8724,,,2,23,,50401,8724,,,2,59,,50400,8724,,,2,17,,50399,8724,,,2,20,,50402,8724,,,2,367,,50407,13446,,,2,332,,50410,13446,,,2,15,,50394,8724,,,2,61,,50405,13446,,,2,20,,50403,8724,,,2,18,,50411,13446,,,2,60,,50395,8724,,,2,19,,50404,8724,,,2
41001,'SE',509,,50596,7538,,,2,30,,50605,7538,,,2,20,,50598,7538,,,2,62,,50608,7538,,,2,20,,50586,7538,,,2,13,,50611,7538,,,2,50,,50617,7538,,,2,8,,50599,7538,,,2,18,,50625,7538,,,2,12,,50607,7538,,,2,12,,50606,7538,,,2,50,,50618,7538,,,2,14,,50613,7538,,,2,10,,50619,7538,,,2,14,,50614,7538,,,2,16,,50629,7538,,,2,58,,50612,7538,,,2,30,,50615,7538,,,2,70,,50620,7538,,,2,30,,50616,7538,,,2,70,,50621,7538,,,2,30,,50582,7538,,,2,70,,50580,7538,,,2,30,,50587,7538,,,2,70,,50622,7538,,,2,30,,50583,7538,,,2,70,,50581,7538,,,2,31,,50588,7538,,,2,74,,50594,7538,,,2,23,,50589,7538,,,2,70,,50595,7538,,,2,20,,50584,7538,,,2,12,,50597,7538,,,2,55,,50630,7538,,,2,18,,50623,7538,,,2,12,,50628,7538,,,2,22,,50600,7538,,,2,70,,50624,7538,,,2,25,,50609,7538,,,2,69,,50626,7538,,,2,27,,50610,7538,,,2,70,,50627,7538,,,2,30,,50585,7538,,,2,70,,50601,7538,,,2,30,,50590,7538,,,2,70,,50604,7538,,,2,30,,50591,7538,,,2,70,,50602,7538,,,2,30,,50592,7538,,,2,100,,50593,7538,,,2
41701,'SE',529,,50700,7673,,,2,20,,50709,7673,,,2,60,,50686,7673,,,2,22,,50712,7673,,,2,18,,50710,7673,,,2,66,,50688,7673,,,2,14,,50695,7673,,,2,12,,50701,7673,,,2,8,,50711,7673,,,2,10,,50722,7673,,,2,52,,50698,7673,,,2,11,,50689,7673,,,2,15,,50723,7673,,,2,63,,50684,7673,,,2,31,,50713,7673,,,2,69,,50681,7673,,,2,30,,50714,7673,,,2,70,,50702,7673,,,2,30,,50715,7673,,,2,70,,50703,7673,,,2,30,,50716,7673,,,2,71,,50704,7673,,,2,30,,50717,7673,,,2,70,,50705,7673,,,2,30,,50718,7673,,,2,70,,50680,7673,,,2,30,,50690,7673,,,2,27,,50724,7673,,,2,65,,50696,7673,,,2,28,,50682,7673,,,2,58,,50726,7673,,,2,13,,50697,7673,,,2,12,,50683,7673,,,2,10,,50706,7673,,,2,15,,50725,7673,,,2,53,,50685,7673,,,2,15,,50699,7673,,,2,75,,50727,7673,,,2,29,,50707,7673,,,2,28,,50728,7673,,,2,70,,50708,7673,,,2,30,,50729,7673,,,2,70,,50687,7673,,,2,30,,50730,7673,,,2,69,,50719,7673,,,2,30,,50691,7673,,,2,69,,50720,7673,,,2,30,,50692,7673,,,2,69,,50721,7673,,,2,30,,50731,7673,,,2
