2100,'DI',525,,55630,12719,,,1,30,,55629,12719,,,1,70,,55641,12719,,,1,29,,55638,12719,,,1,70,,55648,12719,,,1,30,,55637,12719,,,1,71,,55645,12719,,,1,30,,55662,12719,,,1,70,,55635,12719,,,1,27,,55639,12719,,,1,73,,55642,12719,,,1,30,,55650,12719,,,1,72,,55640,12719,,,1,28,,55658,12719,,,1,71,,55631,12719,,,1,30,,55656,12719,,,1,70,,55649,12719,,,1,30,,55646,12719,,,1,70,,55654,12719,,,1,30,,55657,12719,,,1,70,,55643,12719,,,1,30,,55655,12719,,,1,70,,55632,12719,,,1,30,,55647,12719,,,1,70,,55661,12719,,,1,30,,55653,12719,,,1,70,,55651,12719,,,1,29,,55625,12719,,,1,70,,55644,12719,,,1,30,,55660,12719,,,1,70,,55633,12719,,,1,30,,55659,12719,,,1,70,,55622,12719,,,1,30,,55624,12719,,,1,70,,55652,12719,,,1,30,,55634,12719,,,1,70,,55627,12719,,,1,30,,55626,12719,,,1,70,,55628,12719,,,1,30,,55623,12719,,,1,70,,55636,12719,,,1
2100,'F1',525,,55671,12719,,,1,30,,55670,12719,,,1,70,,55682,12719,,,1,29,,55679,12719,,,1,70,,55689,12719,,,1,30,,55678,12719,,,1,71,,55686,12719,,,1,30,,55703,12719,,,1,70,,55676,12719,,,1,27,,55680,12719,,,1,73,,55683,12719,,,1,30,,55691,12719,,,1,72,,55681,12719,,,1,28,,55699,12719,,,1,71,,55672,12719,,,1,30,,55697,12719,,,1,70,,55690,12719,,,1,30,,55687,12719,,,1,70,,55695,12719,,,1,30,,55698,12719,,,1,70,,55684,12719,,,1,30,,55696,12719,,,1,70,,55673,12719,,,1,30,,55688,12719,,,1,70,,55702,12719,,,1,30,,55694,12719,,,1,70,,55692,12719,,,1,29,,55666,12719,,,1,70,,55685,12719,,,1,30,,55701,12719,,,1,70,,55674,12719,,,1,30,,55700,12719,,,1,70,,55663,12719,,,1,30,,55665,12719,,,1,70,,55693,12719,,,1,30,,55675,12719,,,1,70,,55668,12719,,,1,30,,55667,12719,,,1,70,,55669,12719,,,1,30,,55664,12719,,,1,70,,55677,12719,,,1
2100,'F2',525,,55706,12719,,,1,30,,55708,12719,,,1,70,,55738,12719,,,1,30,,55707,12719,,,1,70,,55728,12719,,,1,30,,55719,12719,,,1,70,,55709,12719,,,1,30,,55739,12719,,,1,70,,55734,12719,,,1,25,,55731,12719,,,1,71,,55723,12719,,,1,34,,55726,12719,,,1,73,,55732,12719,,,1,24,,55740,12719,,,1,74,,55716,12719,,,1,30,,55743,12719,,,1,70,,55735,12719,,,1,30,,55727,12719,,,1,70,,55710,12719,,,1,30,,55744,12719,,,1,70,,55736,12719,,,1,30,,55722,12719,,,1,70,,55711,12719,,,1,30,,55729,12719,,,1,70,,55737,12719,,,1,30,,55715,12719,,,1,70,,55712,12719,,,1,29,,55730,12719,,,1,70,,55741,12719,,,1,30,,55733,12719,,,1,70,,55704,12719,,,1,30,,55724,12719,,,1,70,,55713,12719,,,1,30,,55717,12719,,,1,70,,55720,12719,,,1,30,,55705,12719,,,1,70,,55742,12719,,,1,30,,55725,12719,,,1,70,,55721,12719,,,1,30,,55714,12719,,,1,69,,55718,12719,,,1
2100,'SA',525,,55747,12719,,,1,30,,55749,12719,,,1,70,,55779,12719,,,1,30,,55748,12719,,,1,70,,55769,12719,,,1,30,,55760,12719,,,1,70,,55750,12719,,,1,30,,55780,12719,,,1,70,,55775,12719,,,1,25,,55772,12719,,,1,71,,55764,12719,,,1,34,,55767,12719,,,1,73,,55773,12719,,,1,24,,55781,12719,,,1,74,,55757,12719,,,1,30,,55784,12719,,,1,70,,55776,12719,,,1,30,,55768,12719,,,1,70,,55751,12719,,,1,30,,55785,12719,,,1,70,,55777,12719,,,1,30,,55763,12719,,,1,70,,55752,12719,,,1,30,,55770,12719,,,1,70,,55778,12719,,,1,30,,55756,12719,,,1,70,,55753,12719,,,1,29,,55771,12719,,,1,70,,55782,12719,,,1,30,,55774,12719,,,1,70,,55745,12719,,,1,30,,55765,12719,,,1,70,,55754,12719,,,1,30,,55758,12719,,,1,70,,55761,12719,,,1,30,,55746,12719,,,1,70,,55783,12719,,,1,30,,55766,12719,,,1,70,,55762,12719,,,1,30,,55755,12719,,,1,69,,55759,12719,,,1
2100,'SE',538,,55800,12719,,,1,15,,45637,12719,,,1,55,,55787,12719,,,1,12,,45634,12719,,,1,10,,55812,12719,,,1,20,,55788,12719,,,1,56,,55813,12719,,,1,10,,55793,12719,,,1,14,,45638,12719,,,1,17,,55803,12719,,,1,57,,55814,12719,,,1,23,,55816,12719,,,1,18,,55817,12719,,,1,60,,55811,12719,,,1,21,,55792,12719,,,1,27,,55789,12719,,,1,72,,55791,12719,,,1,30,,55786,12719,,,1,70,,55790,12719,,,1,30,,55804,12719,,,1,73,,55818,12719,,,1,30,,55805,12719,,,1,70,,55822,12719,,,1,30,,55794,12719,,,1,68,,55819,12719,,,1,81,,55833,12719,,,1,7,,55806,12719,,,1,17,,55831,12719,,,1,15,,55815,12719,,,1,55,,55795,12719,,,1,15,,55824,12719,,,1,15,,55820,12719,,,1,16,,55807,12719,,,1,59,,55828,12719,,,1,17,,55832,12719,,,1,10,,55799,12719,,,1,11,,55827,12719,,,1,15,,55796,12719,,,1,53,,55825,12719,,,1,15,,55821,12719,,,1,15,,55808,12719,,,1,60,,55829,12719,,,1,20,,55801,12719,,,1,17,,55823,12719,,,1,70,,55826,12719,,,1,30,,55809,12719,,,1,70,,55810,12719,,,1,30,,55797,12719,,,1,100,,55834,12719,,,1,100,,55830,12719,,,1,96,,55798,12719,,,1,100,,55802,12719,,,1
13201,'DI',725,,62059,10280,,,1,100,,62060,10280,,,1,100,,62057,10280,,,1,100,,62055,10280,,,1,100,,62061,10280,,,1,100,,62058,10280,,,1,100,,62062,10280,,,1,100,,62056,10280,,,1,100,,62064,10280,,,1,105,,62063,10280,,,1,95,,62066,10280,,,1,100,,62065,10280,,,1,101,,62067,10280,,,1,97,,62071,10280,,,1,100,,62069,10280,,,1,100,,62068,10280,,,1,100,,62072,10280,,,1,100,,62070,10280,,,1
13201,'F1',725,,62077,10280,,,1,100,,62078,10280,,,1,100,,62075,10280,,,1,100,,62073,10280,,,1,100,,62079,10280,,,1,100,,62076,10280,,,1,100,,62080,10280,,,1,100,,62074,10280,,,1,100,,62082,10280,,,1,105,,62081,10280,,,1,95,,62084,10280,,,1,100,,62083,10280,,,1,101,,62085,10280,,,1,97,,62089,10280,,,1,100,,62087,10280,,,1,100,,62086,10280,,,1,100,,62090,10280,,,1,100,,62088,10280,,,1
13201,'F2',725,,62094,10280,,,1,100,,62097,10280,,,1,100,,62092,10280,,,1,100,,62095,10280,,,1,103,,62098,10280,,,1,97,,62091,10280,,,1,104,,62096,10280,,,1,96,,62099,10280,,,1,104,,62100,10280,,,1,96,,62102,10280,,,1,100,,62093,10280,,,1,100,,62101,10280,,,1,101,,62103,10280,,,1,97,,62106,10280,,,1,100,,62104,10280,,,1,100,,62108,10280,,,1,100,,62107,10280,,,1,100,,62105,10280,,,1
13201,'SA',725,,62112,10280,,,1,100,,62115,10280,,,1,100,,62110,10280,,,1,100,,62113,10280,,,1,103,,62116,10280,,,1,97,,62109,10280,,,1,104,,62114,10280,,,1,96,,62117,10280,,,1,104,,62118,10280,,,1,96,,62120,10280,,,1,100,,62111,10280,,,1,100,,62119,10280,,,1,101,,62121,10280,,,1,97,,62124,10280,,,1,100,,62122,10280,,,1,100,,62126,10280,,,1,100,,62125,10280,,,1,100,,62123,10280,,,1
13201,'SE',557,,62151,10280,,,1,70,,62132,10280,,,1,74,,62140,10280,,,1,20,,62129,10280,,,1,24,,62138,10280,,,1,10,,62130,10280,,,1,50,,62142,10280,,,1,22,,62141,10280,,,1,17,,62136,10280,,,1,56,,62139,10280,,,1,20,,62143,10280,,,1,20,,62131,10280,,,1,19,,62137,10280,,,1,97,,62144,10280,,,1,99,,62135,10280,,,1,96,,62146,10280,,,1,100,,62127,10280,,,1,150,,62153,10280,,,1,11,,62134,10280,,,1,3,,62149,10280,,,1,43,,62147,10280,,,1,65,,62154,10280,,,1,20,,62150,10280,,,1,58,,62133,10280,,,1,23,,62148,10280,,,1,19,,62152,10280,,,1,58,,62145,10280,,,1,19,,62128,10280,,,1,80,,62155,10280,,,1
53201,'SE',859,,63438,693,,,2,41,,63439,693,,,2
64000,'SE',1625,,63503,6509,,,2,1,,63504,6509,,,2,1,,63505,6509,,,2
64001,'SE',836,,63508,2215,,,2,1,,63507,2215,,,2,1,,63506,2215,,,2
69700,'SE',1638,,63595,9294,,,2,1,,63596,9294,,,2
69701,'SE',835,,63598,2940,,,2,1,,63597,2940,,,2
