1000,'DI',639,,53753,5811,,,1,70,,53765,5811,,,1,30,,53742,5811,,,1,70,,53766,5811,,,1,38,,53754,5811,,,1,70,,53744,5811,,,1,30,,53755,5811,,,1,70,,53745,5811,,,1,30,,53756,5811,,,1,70,,53746,5811,,,1,30,,53757,5811,,,1,70,,53747,5811,,,1,30,,53758,5811,,,1,70,,53748,5811,,,1,30,,53759,5811,,,1,70,,53749,5811,,,1,30,,53760,5811,,,1,70,,53750,5811,,,1,30,,53761,5811,,,1,70,,53751,5811,,,1,30,,53762,5811,,,1,70,,53752,5811,,,1,30,,53763,5811,,,1,70,,53743,5811,,,1,41,,53738,5811,,,1,100,,53739,5811,,,1,100,,53740,5811,,,1,100,,53741,5811,,,1,100,,53767,5811,,,1,100,,53768,5811,,,1,100,,53769,5811,,,1
1000,'F1',639,,53785,5811,,,1,70,,53797,5811,,,1,30,,53774,5811,,,1,70,,53798,5811,,,1,38,,53786,5811,,,1,70,,53776,5811,,,1,30,,53787,5811,,,1,70,,53777,5811,,,1,30,,53788,5811,,,1,70,,53778,5811,,,1,30,,53789,5811,,,1,70,,53779,5811,,,1,30,,53790,5811,,,1,70,,53780,5811,,,1,30,,53791,5811,,,1,70,,53781,5811,,,1,30,,53792,5811,,,1,70,,53782,5811,,,1,30,,53793,5811,,,1,70,,53783,5811,,,1,30,,53794,5811,,,1,70,,53784,5811,,,1,30,,53795,5811,,,1,70,,53775,5811,,,1,41,,53770,5811,,,1,100,,53771,5811,,,1,100,,53772,5811,,,1,100,,53773,5811,,,1,100,,53799,5811,,,1,100,,53800,5811,,,1,100,,53801,5811,,,1
1000,'F2',609,,53806,5811,,,1,30,,53809,5811,,,1,70,,53804,5811,,,1,30,,53816,5811,,,1,70,,53807,5811,,,1,38,,53812,5811,,,1,70,,53832,5811,,,1,30,,53817,5811,,,1,70,,53833,5811,,,1,30,,53818,5811,,,1,70,,53834,5811,,,1,30,,53819,5811,,,1,71,,53802,5811,,,1,30,,53820,5811,,,1,70,,53810,5811,,,1,30,,53821,5811,,,1,70,,53811,5811,,,1,30,,53822,5811,,,1,70,,53813,5811,,,1,30,,53823,5811,,,1,70,,53814,5811,,,1,29,,53824,5811,,,1,71,,53815,5811,,,1,30,,53808,5811,,,1,70,,53803,5811,,,1,41,,53825,5811,,,1,100,,53826,5811,,,1,100,,53827,5811,,,1,100,,53828,5811,,,1,100,,53829,5811,,,1,100,,53830,5811,,,1,100,,53831,5811,,,1
1000,'SA',609,,53839,5811,,,1,30,,53842,5811,,,1,70,,53837,5811,,,1,30,,53849,5811,,,1,70,,53840,5811,,,1,38,,53845,5811,,,1,70,,53865,5811,,,1,30,,53850,5811,,,1,70,,53866,5811,,,1,30,,53851,5811,,,1,70,,53867,5811,,,1,30,,53852,5811,,,1,71,,53835,5811,,,1,30,,53853,5811,,,1,70,,53843,5811,,,1,30,,53854,5811,,,1,70,,53844,5811,,,1,30,,53855,5811,,,1,70,,53846,5811,,,1,30,,53856,5811,,,1,70,,53847,5811,,,1,29,,53857,5811,,,1,71,,53848,5811,,,1,30,,53841,5811,,,1,70,,53836,5811,,,1,41,,53858,5811,,,1,100,,53859,5811,,,1,100,,53860,5811,,,1,100,,53861,5811,,,1,100,,53862,5811,,,1,100,,53863,5811,,,1,100,,53864,5811,,,1
1700,'DI',631,,54830,5700,,,1,100,,54845,5700,,,1,70,,54825,5700,,,1,30,,54831,5700,,,1,70,,25392,5700,,,1,30,,54827,5700,,,1,70,,54826,5700,,,1,30,,54843,5700,,,1,70,,54835,5700,,,1,30,,54832,5700,,,1,70,,54842,5700,,,1,30,,54822,5700,,,1,70,,54836,5700,,,1,30,,54834,5700,,,1,70,,54820,5700,,,1,30,,54833,5700,,,1,70,,54840,5700,,,1,29,,54828,5700,,,1,70,,54817,5700,,,1,31,,54829,5700,,,1,70,,54818,5700,,,1,30,,54821,5700,,,1,71,,54819,5700,,,1,30,,54824,5700,,,1,99,,54844,5700,,,1,100,,54841,5700,,,1,100,,54837,5700,,,1,100,,54823,5700,,,1,100,,54838,5700,,,1,100,,25365,5700,,,1,100,,54839,5700,,,1
1700,'F1',631,,54859,5700,,,1,100,,54874,5700,,,1,70,,54854,5700,,,1,30,,54860,5700,,,1,70,,45071,5700,,,1,30,,54856,5700,,,1,70,,54855,5700,,,1,30,,54872,5700,,,1,70,,54864,5700,,,1,30,,54861,5700,,,1,70,,54871,5700,,,1,30,,54851,5700,,,1,70,,54865,5700,,,1,30,,54863,5700,,,1,70,,54849,5700,,,1,30,,54862,5700,,,1,70,,54869,5700,,,1,29,,54857,5700,,,1,70,,54846,5700,,,1,31,,54858,5700,,,1,70,,54847,5700,,,1,30,,54850,5700,,,1,71,,54848,5700,,,1,30,,54853,5700,,,1,99,,54873,5700,,,1,100,,54870,5700,,,1,100,,54866,5700,,,1,100,,54852,5700,,,1,100,,54867,5700,,,1,100,,45044,5700,,,1,100,,54868,5700,,,1
1700,'F2',631,,54883,5700,,,1,100,,54886,5700,,,1,70,,54900,5700,,,1,30,,54877,5700,,,1,70,,54892,5700,,,1,30,,54887,5700,,,1,70,,54901,5700,,,1,30,,54878,5700,,,1,70,,54893,5700,,,1,30,,54882,5700,,,1,70,,54875,5700,,,1,30,,54881,5700,,,1,70,,54903,5700,,,1,30,,54879,5700,,,1,70,,54888,5700,,,1,30,,54894,5700,,,1,70,,54876,5700,,,1,30,,54884,5700,,,1,70,,54902,5700,,,1,29,,54897,5700,,,1,70,,54889,5700,,,1,31,,54898,5700,,,1,70,,54890,5700,,,1,31,,54899,5700,,,1,99,,54904,5700,,,1,100,,54895,5700,,,1,100,,54880,5700,,,1,100,,54891,5700,,,1,100,,54885,5700,,,1,100,,54896,5700,,,1,100,,54905,5700,,,1
1700,'SA',631,,54914,5700,,,1,100,,54917,5700,,,1,70,,54931,5700,,,1,30,,54908,5700,,,1,70,,54923,5700,,,1,30,,54918,5700,,,1,70,,54932,5700,,,1,30,,54909,5700,,,1,70,,54924,5700,,,1,30,,54913,5700,,,1,70,,54906,5700,,,1,30,,54912,5700,,,1,70,,54934,5700,,,1,30,,54910,5700,,,1,70,,54919,5700,,,1,30,,54925,5700,,,1,70,,54907,5700,,,1,30,,54915,5700,,,1,70,,54933,5700,,,1,29,,54928,5700,,,1,70,,54920,5700,,,1,31,,54929,5700,,,1,70,,54921,5700,,,1,31,,54930,5700,,,1,99,,54935,5700,,,1,100,,54926,5700,,,1,100,,54911,5700,,,1,100,,54922,5700,,,1,100,,54916,5700,,,1,100,,54927,5700,,,1,100,,54936,5700,,,1
7600,'SE',609,,59895,6166,,,1,21,,59876,6166,,,1,20,,59878,6166,,,1,64,,59858,6166,,,1,17,,59879,6166,,,1,21,,59853,6166,,,1,63,,59897,6166,,,1,27,,59880,6166,,,1,70,,59874,6166,,,1,30,,59855,6166,,,1,70,,59862,6166,,,1,30,,59867,6166,,,1,70,,59896,6166,,,1,30,,59872,6166,,,1,70,,59894,6166,,,1,30,,59859,6166,,,1,70,,59856,6166,,,1,30,,59863,6166,,,1,71,,59860,6166,,,1,34,,59864,6166,,,1,66,,59871,6166,,,1,32,,59869,6166,,,1,71,,59868,6166,,,1,24,,59886,6166,,,1,18,,59893,6166,,,1,60,,59854,6166,,,1,21,,59861,6166,,,1,18,,59887,6166,,,1,60,,59857,6166,,,1,27,,59865,6166,,,1,70,,59870,6166,,,1,30,,59851,6166,,,1,70,,59881,6166,,,1,30,,59888,6166,,,1,70,,59882,6166,,,1,30,,59889,6166,,,1,69,,59875,6166,,,1,30,,59890,6166,,,1,70,,59883,6166,,,1,30,,59891,6166,,,1,70,,59884,6166,,,1,30,,59892,6166,,,1,70,,59885,6166,,,1
56501,'SE',831,,63471,1551,,,2
