1301,'DI',635,,24063,6589,,,1,100,,3602,6589,,,1,100,,24064,6589,,,1,100,,3603,6589,,,1,100,,24065,6589,,,1,100,,3604,6589,,,1,100,,24066,6589,,,1,100,,3605,6589,,,1,100,,24068,6589,,,1,100,,24075,6589,,,1,100,,24060,6589,,,1,100,,24067,6589,,,1,100,,24062,6589,,,1,100,,24069,6589,,,1,100,,24073,6589,,,1,100,,24071,6589,,,1,100,,24070,6589,,,1,100,,24061,6589,,,1,100,,24074,6589,,,1,100,,24072,6589,,,1
1301,'F1',635,,44542,6589,,,1,100,,44537,6589,,,1,100,,44543,6589,,,1,100,,44538,6589,,,1,100,,44544,6589,,,1,100,,44539,6589,,,1,100,,44545,6589,,,1,100,,44540,6589,,,1,100,,44547,6589,,,1,100,,44554,6589,,,1,100,,44535,6589,,,1,100,,44546,6589,,,1,100,,44541,6589,,,1,100,,44548,6589,,,1,100,,44552,6589,,,1,100,,44550,6589,,,1,100,,44549,6589,,,1,100,,44536,6589,,,1,100,,44553,6589,,,1,100,,44551,6589,,,1
1301,'F2',635,,44563,6589,,,1,100,,44556,6589,,,1,100,,44564,6589,,,1,100,,44557,6589,,,1,100,,44558,6589,,,1,100,,44565,6589,,,1,100,,44567,6589,,,1,100,,44559,6589,,,1,100,,44568,6589,,,1,100,,44560,6589,,,1,100,,44555,6589,,,1,100,,44570,6589,,,1,100,,44573,6589,,,1,100,,44561,6589,,,1,100,,44569,6589,,,1,100,,44566,6589,,,1,100,,44574,6589,,,1,100,,44571,6589,,,1,100,,44562,6589,,,1,100,,44572,6589,,,1
1301,'F8',635,,24168,6589,,,1,100,,24161,6589,,,1,100,,24169,6589,,,1,100,,24162,6589,,,1,100,,24163,6589,,,1,100,,24170,6589,,,1,100,,24172,6589,,,1,100,,24164,6589,,,1,100,,24173,6589,,,1,100,,24165,6589,,,1,100,,24160,6589,,,1,100,,24175,6589,,,1,100,,24178,6589,,,1,100,,24166,6589,,,1,100,,24174,6589,,,1,100,,24171,6589,,,1,100,,24179,6589,,,1,100,,24176,6589,,,1,100,,24167,6589,,,1,100,,24177,6589,,,1
1301,'F9',635,,24187,6589,,,1,100,,24182,6589,,,1,100,,24188,6589,,,1,100,,24183,6589,,,1,100,,24189,6589,,,1,100,,24184,6589,,,1,100,,24190,6589,,,1,100,,24185,6589,,,1,100,,24192,6589,,,1,100,,24199,6589,,,1,100,,24180,6589,,,1,100,,24191,6589,,,1,100,,24186,6589,,,1,100,,24193,6589,,,1,100,,24197,6589,,,1,100,,24195,6589,,,1,100,,24194,6589,,,1,100,,24181,6589,,,1,100,,24198,6589,,,1,100,,24196,6589,,,1
1301,'SA',635,,24208,6589,,,1,100,,24201,6589,,,1,100,,24209,6589,,,1,100,,24202,6589,,,1,100,,24203,6589,,,1,100,,24210,6589,,,1,100,,24212,6589,,,1,100,,24204,6589,,,1,100,,24213,6589,,,1,100,,24205,6589,,,1,100,,24200,6589,,,1,100,,24215,6589,,,1,100,,24218,6589,,,1,100,,24206,6589,,,1,100,,24214,6589,,,1,100,,24211,6589,,,1,100,,24219,6589,,,1,100,,24216,6589,,,1,100,,24207,6589,,,1,100,,24217,6589,,,1
1301,'SE',541,,44590,6589,,,1,72,,44577,6589,,,1,31,,44609,6589,,,1,57,,44614,6589,,,1,14,,44597,6589,,,1,13,,44595,6589,,,1,14,,44616,6589,,,1,60,,44605,6589,,,1,14,,44607,6589,,,1,13,,44598,6589,,,1,15,,44596,6589,,,1,15,,44599,6589,,,1,60,,44604,6589,,,1,29,,44588,6589,,,1,70,,44615,6589,,,1,30,,44586,6589,,,1,70,,44575,6589,,,1,30,,44592,6589,,,1,70,,44601,6589,,,1,31,,44591,6589,,,1,70,,44582,6589,,,1,30,,44589,6589,,,1,70,,44594,6589,,,1,30,,44581,6589,,,1,69,,44576,6589,,,1,34,,44580,6589,,,1,69,,44600,6589,,,1,27,,44587,6589,,,1,55,,44612,6589,,,1,20,,44617,6589,,,1,22,,44610,6589,,,1,58,,44613,6589,,,1,20,,44585,6589,,,1,29,,44578,6589,,,1,68,,44608,6589,,,1,30,,44593,6589,,,1,70,,44584,6589,,,1,30,,44618,6589,,,1,70,,44606,6589,,,1,29,,44583,6589,,,1,100,,44611,6589,,,1,100,,44579,6589,,,1,100,,44603,6589,,,1,98,,44602,6589,,,1
1501,'DI',704,,24559,7630,,,1,100,,24556,7630,,,1,100,,24553,7630,,,1,100,,24566,7630,,,1,101,,24571,7630,,,1,100,,24564,7630,,,1,100,,24560,7630,,,1,100,,24554,7630,,,1,100,,24568,7630,,,1,100,,24555,7630,,,1,100,,24563,7630,,,1,100,,24561,7630,,,1,100,,24565,7630,,,1,97,,24569,7630,,,1,100,,24567,7630,,,1,100,,24562,7630,,,1,100,,24557,7630,,,1,100,,24570,7630,,,1,100,,24558,7630,,,1
1501,'F1',704,,44751,7630,,,1,100,,44748,7630,,,1,100,,44745,7630,,,1,100,,44758,7630,,,1,101,,44763,7630,,,1,100,,44756,7630,,,1,100,,44752,7630,,,1,100,,44746,7630,,,1,100,,44760,7630,,,1,100,,44747,7630,,,1,100,,44755,7630,,,1,100,,44753,7630,,,1,100,,44757,7630,,,1,97,,44761,7630,,,1,100,,44759,7630,,,1,100,,44754,7630,,,1,100,,44749,7630,,,1,100,,44762,7630,,,1,100,,44750,7630,,,1
1501,'F2',703,,44779,7630,,,1,100,,44773,7630,,,1,100,,44767,7630,,,1,100,,44780,7630,,,1,100,,44765,7630,,,1,100,,44764,7630,,,1,100,,44776,7630,,,1,101,,44771,7630,,,1,100,,44775,7630,,,1,102,,44772,7630,,,1,98,,44768,7630,,,1,100,,44774,7630,,,1,100,,44777,7630,,,1,99,,44778,7630,,,1,100,,44766,7630,,,1,100,,44781,7630,,,1,100,,44769,7630,,,1,100,,44782,7630,,,1,100,,44770,7630,,,1
1501,'F8',703,,24664,7630,,,1,100,,24658,7630,,,1,100,,24652,7630,,,1,100,,24665,7630,,,1,100,,24650,7630,,,1,100,,24649,7630,,,1,100,,24661,7630,,,1,101,,24656,7630,,,1,100,,24660,7630,,,1,102,,24657,7630,,,1,98,,24653,7630,,,1,100,,24659,7630,,,1,100,,24662,7630,,,1,99,,24663,7630,,,1,100,,24651,7630,,,1,100,,24666,7630,,,1,100,,24654,7630,,,1,100,,24667,7630,,,1,100,,24655,7630,,,1
1501,'F9',704,,24674,7630,,,1,100,,24671,7630,,,1,100,,24668,7630,,,1,100,,24681,7630,,,1,101,,24686,7630,,,1,100,,24679,7630,,,1,100,,24675,7630,,,1,100,,24669,7630,,,1,100,,24683,7630,,,1,100,,24670,7630,,,1,100,,24678,7630,,,1,100,,24676,7630,,,1,100,,24680,7630,,,1,97,,24684,7630,,,1,100,,24682,7630,,,1,100,,24677,7630,,,1,100,,24672,7630,,,1,100,,24685,7630,,,1,100,,24673,7630,,,1
1501,'SA',703,,24702,7630,,,1,100,,24696,7630,,,1,100,,24690,7630,,,1,100,,24703,7630,,,1,100,,24688,7630,,,1,100,,24687,7630,,,1,100,,24699,7630,,,1,101,,24694,7630,,,1,100,,24698,7630,,,1,102,,24695,7630,,,1,98,,24691,7630,,,1,100,,24697,7630,,,1,100,,24700,7630,,,1,99,,24701,7630,,,1,100,,24689,7630,,,1,100,,24704,7630,,,1,100,,24692,7630,,,1,100,,24705,7630,,,1,100,,24693,7630,,,1
1501,'SE',527,,44799,7630,,,1,86,,44796,7630,,,1,30,,44810,7630,,,1,73,,44786,7630,,,1,20,,44787,7630,,,1,20,,44795,7630,,,1,60,,44811,7630,,,1,30,,44802,7630,,,1,71,,44821,7630,,,1,29,,44806,7630,,,1,69,,44791,7630,,,1,30,,44816,7630,,,1,70,,44783,7630,,,1,30,,44792,7630,,,1,71,,44788,7630,,,1,30,,44784,7630,,,1,70,,44789,7630,,,1,30,,44807,7630,,,1,70,,44785,7630,,,1,30,,44819,7630,,,1,72,,44804,7630,,,1,31,,44803,7630,,,1,63,,44798,7630,,,1,39,,44794,7630,,,1,67,,44793,7630,,,1,30,,44790,7630,,,1,70,,44812,7630,,,1,27,,44817,7630,,,1,70,,44801,7630,,,1,30,,44805,7630,,,1,68,,44815,7630,,,1,30,,44820,7630,,,1,70,,44797,7630,,,1,30,,44808,7630,,,1,70,,44814,7630,,,1,30,,44813,7630,,,1,99,,44818,7630,,,1,100,,44809,7630,,,1,99,,44800,7630,,,1
5501,'SE',620,,47701,726,,,2,20,,47697,726,,,2,15,,47703,726,,,2,55,,47699,726,,,2,15,,47702,726,,,2,15,,47705,726,,,2,15,,47698,726,,,2,55,,47704,726,,,2,20,,47700,726,,,2
