101,'DI',620,,20389,1926,,,1,100,,20390,1926,,,1,100,,20391,1926,,,1,100,,20392,1926,,,1,100,,20393,1926,,,1,100,,20394,1926,,,1,100,,20395,1926,,,1,100,,20396,1926,,,1,101,,20397,1926,,,1,100,,20398,1926,,,1,98,,20399,1926,,,1,100,,20400,1926,,,1,100,,20401,1926,,,1,100,,20402,1926,,,1,100,,20403,1926,,,1,100,,20404,1926,,,1,100,,20405,1926,,,1,100,,20406,1926,,,1,100,,20408,1926,,,1,100,,20407,1926,,,1
101,'F1',620,,43102,1926,,,1,100,,43103,1926,,,1,100,,43104,1926,,,1,100,,43105,1926,,,1,100,,43106,1926,,,1,100,,43107,1926,,,1,100,,43108,1926,,,1,100,,43109,1926,,,1,101,,43110,1926,,,1,100,,43111,1926,,,1,98,,43112,1926,,,1,100,,43113,1926,,,1,100,,43114,1926,,,1,100,,43115,1926,,,1,100,,43116,1926,,,1,100,,43117,1926,,,1,100,,43118,1926,,,1,100,,43119,1926,,,1,100,,43121,1926,,,1,100,,43120,1926,,,1
101,'F2',550,,43142,1926,,,1,70,,43132,1926,,,1,30,,43143,1926,,,1,70,,43133,1926,,,1,30,,43144,1926,,,1,70,,43134,1926,,,1,30,,43145,1926,,,1,70,,43135,1926,,,1,30,,43146,1926,,,1,70,,43136,1926,,,1,30,,43147,1926,,,1,70,,43137,1926,,,1,30,,43148,1926,,,1,70,,43138,1926,,,1,30,,43149,1926,,,1,70,,43139,1926,,,1,31,,43153,1926,,,1,70,,43140,1926,,,1,30,,43154,1926,,,1,70,,43141,1926,,,1,28,,43150,1926,,,1,70,,43122,1926,,,1,30,,43151,1926,,,1,70,,43123,1926,,,1,30,,43152,1926,,,1,70,,43124,1926,,,1,100,,43125,1926,,,1,100,,43126,1926,,,1,100,,43127,1926,,,1,100,,43128,1926,,,1,100,,43129,1926,,,1,100,,43130,1926,,,1,100,,43131,1926,,,1
101,'F8',550,,20528,1926,,,1,70,,20518,1926,,,1,30,,20529,1926,,,1,70,,20519,1926,,,1,30,,20530,1926,,,1,70,,20520,1926,,,1,30,,20531,1926,,,1,70,,20521,1926,,,1,30,,20532,1926,,,1,70,,20522,1926,,,1,30,,20533,1926,,,1,70,,20523,1926,,,1,30,,20534,1926,,,1,70,,20524,1926,,,1,30,,20535,1926,,,1,70,,20525,1926,,,1,31,,20539,1926,,,1,70,,20526,1926,,,1,30,,20540,1926,,,1,70,,20527,1926,,,1,28,,20536,1926,,,1,70,,20508,1926,,,1,30,,20537,1926,,,1,70,,20509,1926,,,1,30,,20538,1926,,,1,70,,20510,1926,,,1,100,,20511,1926,,,1,100,,20512,1926,,,1,100,,20513,1926,,,1,100,,20514,1926,,,1,100,,20515,1926,,,1,100,,20516,1926,,,1,100,,20517,1926,,,1
101,'F9',620,,20541,1926,,,1,100,,20542,1926,,,1,100,,20543,1926,,,1,100,,20544,1926,,,1,100,,20545,1926,,,1,100,,20546,1926,,,1,100,,20547,1926,,,1,100,,20548,1926,,,1,101,,20549,1926,,,1,100,,20550,1926,,,1,98,,20551,1926,,,1,100,,20552,1926,,,1,100,,20553,1926,,,1,100,,20554,1926,,,1,100,,20555,1926,,,1,100,,20556,1926,,,1,100,,20557,1926,,,1,100,,20558,1926,,,1,100,,20560,1926,,,1,100,,20559,1926,,,1
101,'SA',550,,20571,1926,,,1,70,,20561,1926,,,1,30,,20572,1926,,,1,70,,20562,1926,,,1,30,,20573,1926,,,1,70,,20563,1926,,,1,30,,20574,1926,,,1,70,,20564,1926,,,1,30,,20575,1926,,,1,70,,20565,1926,,,1,30,,20576,1926,,,1,70,,20566,1926,,,1,30,,20577,1926,,,1,70,,20567,1926,,,1,30,,20578,1926,,,1,70,,20568,1926,,,1,31,,20582,1926,,,1,70,,20569,1926,,,1,30,,20583,1926,,,1,70,,20570,1926,,,1,28,,20579,1926,,,1,70,,400,1926,,,1,30,,20580,1926,,,1,70,,401,1926,,,1,30,,20581,1926,,,1,70,,402,1926,,,1,100,,403,1926,,,1,100,,404,1926,,,1,100,,405,1926,,,1,100,,406,1926,,,1,100,,407,1926,,,1,100,,408,1926,,,1,100,,409,1926,,,1
101,'SE',503,,43167,1926,,,1,30,,43181,1926,,,1,20,,43176,1926,,,1,60,,43182,1926,,,1,20,,43173,1926,,,1,16,,43186,1926,,,1,60,,43179,1926,,,1,10,,43183,1926,,,1,20,,43169,1926,,,1,15,,43155,1926,,,1,55,,43195,1926,,,1,15,,43170,1926,,,1,14,,43197,1926,,,1,20,,43166,1926,,,1,60,,43171,1926,,,1,20,,43165,1926,,,1,70,,43168,1926,,,1,30,,43180,1926,,,1,70,,43163,1926,,,1,30,,43191,1926,,,1,70,,43156,1926,,,1,31,,43178,1926,,,1,70,,43174,1926,,,1,30,,43172,1926,,,1,70,,43190,1926,,,1,30,,43157,1926,,,1,71,,43192,1926,,,1,33,,43175,1926,,,1,57,,43184,1926,,,1,36,,43164,1926,,,1,71,,43194,1926,,,1,34,,20609,1926,,,1,66,,43196,1926,,,1,27,,43185,1926,,,1,75,,43189,1926,,,1,28,,43193,1926,,,1,70,,43188,1926,,,1,30,,43187,1926,,,1,68,,43158,1926,,,1,30,,43177,1926,,,1,70,,43159,1926,,,1,100,,43160,1926,,,1,99,,43161,1926,,,1,100,,43162,1926,,,1
2101,'DI',611,,27057,11301,,,1,30,,27051,11301,,,1,70,,27073,11301,,,1,29,,27075,11301,,,1,70,,27077,11301,,,1,30,,27068,11301,,,1,71,,27069,11301,,,1,30,,27074,11301,,,1,70,,27058,11301,,,1,27,,27071,11301,,,1,73,,27084,11301,,,1,30,,27082,11301,,,1,72,,27072,11301,,,1,30,,27059,11301,,,1,71,,27078,11301,,,1,34,,27070,11301,,,1,70,,27076,11301,,,1,30,,27085,11301,,,1,70,,27083,11301,,,1,30,,27060,11301,,,1,70,,27062,11301,,,1,30,,27052,11301,,,1,70,,27065,11301,,,1,30,,27061,11301,,,1,70,,27046,11301,,,1,30,,27053,11301,,,1,66,,27066,11301,,,1,27,,27050,11301,,,1,70,,27047,11301,,,1,30,,27049,11301,,,1,70,,27080,11301,,,1,30,,27063,11301,,,1,70,,27054,11301,,,1,30,,27067,11301,,,1,70,,27055,11301,,,1,30,,27056,11301,,,1,70,,27079,11301,,,1,30,,27081,11301,,,1
2101,'F1',611,,45688,11301,,,1,30,,45682,11301,,,1,70,,45704,11301,,,1,29,,45706,11301,,,1,70,,45708,11301,,,1,30,,45699,11301,,,1,71,,45700,11301,,,1,30,,45705,11301,,,1,70,,45689,11301,,,1,27,,45702,11301,,,1,73,,45715,11301,,,1,30,,45713,11301,,,1,72,,45703,11301,,,1,30,,45690,11301,,,1,71,,45709,11301,,,1,34,,45701,11301,,,1,70,,45707,11301,,,1,30,,45716,11301,,,1,70,,45714,11301,,,1,30,,45691,11301,,,1,70,,45693,11301,,,1,30,,45683,11301,,,1,70,,45696,11301,,,1,30,,45692,11301,,,1,70,,45677,11301,,,1,30,,45684,11301,,,1,66,,45697,11301,,,1,27,,45681,11301,,,1,70,,45678,11301,,,1,30,,45680,11301,,,1,70,,45711,11301,,,1,30,,45694,11301,,,1,70,,45685,11301,,,1,30,,45698,11301,,,1,70,,45686,11301,,,1,30,,45687,11301,,,1,70,,45710,11301,,,1,30,,45712,11301,,,1
2101,'F2',611,,45733,11301,,,1,30,,45724,11301,,,1,70,,45737,11301,,,1,30,,45746,11301,,,1,72,,45747,11301,,,1,30,,45735,11301,,,1,70,,45750,11301,,,1,30,,45738,11301,,,1,70,,45725,11301,,,1,25,,45720,11301,,,1,71,,45734,11301,,,1,34,,45739,11301,,,1,73,,45721,11301,,,1,26,,45726,11301,,,1,74,,45730,11301,,,1,32,,45743,11301,,,1,70,,45748,11301,,,1,30,,45740,11301,,,1,70,,45751,11301,,,1,30,,45744,11301,,,1,70,,45749,11301,,,1,30,,45741,11301,,,1,70,,45753,11301,,,1,30,,45727,11301,,,1,70,,45752,11301,,,1,30,,45742,11301,,,1,66,,45754,11301,,,1,27,,45717,11301,,,1,70,,45731,11301,,,1,30,,45745,11301,,,1,70,,45728,11301,,,1,30,,45736,11301,,,1,70,,45722,11301,,,1,30,,45732,11301,,,1,70,,45718,11301,,,1,30,,45729,11301,,,1,70,,45756,11301,,,1,30,,45723,11301,,,1,70,,45755,11301,,,1
2101,'F8',611,,27226,11301,,,1,30,,27217,11301,,,1,70,,27230,11301,,,1,30,,27239,11301,,,1,72,,27240,11301,,,1,30,,27228,11301,,,1,70,,27243,11301,,,1,30,,27231,11301,,,1,70,,27218,11301,,,1,25,,27213,11301,,,1,71,,27227,11301,,,1,34,,27232,11301,,,1,73,,27214,11301,,,1,26,,27219,11301,,,1,74,,27223,11301,,,1,32,,27236,11301,,,1,70,,27241,11301,,,1,30,,27233,11301,,,1,70,,27244,11301,,,1,30,,27237,11301,,,1,70,,27242,11301,,,1,30,,27234,11301,,,1,70,,27246,11301,,,1,30,,27220,11301,,,1,70,,27245,11301,,,1,30,,27235,11301,,,1,66,,27247,11301,,,1,27,,27210,11301,,,1,70,,27224,11301,,,1,30,,27238,11301,,,1,70,,27221,11301,,,1,30,,27229,11301,,,1,70,,27215,11301,,,1,30,,27225,11301,,,1,70,,27211,11301,,,1,30,,27222,11301,,,1,70,,27249,11301,,,1,30,,27216,11301,,,1,70,,27248,11301,,,1
2101,'F9',611,,27261,11301,,,1,30,,27255,11301,,,1,70,,27277,11301,,,1,29,,27279,11301,,,1,70,,27281,11301,,,1,30,,27272,11301,,,1,71,,27273,11301,,,1,30,,27278,11301,,,1,70,,27262,11301,,,1,27,,27275,11301,,,1,73,,27288,11301,,,1,30,,27286,11301,,,1,72,,27276,11301,,,1,30,,27263,11301,,,1,71,,27282,11301,,,1,34,,27274,11301,,,1,70,,27280,11301,,,1,30,,27289,11301,,,1,70,,27287,11301,,,1,30,,27264,11301,,,1,70,,27266,11301,,,1,30,,27256,11301,,,1,70,,27269,11301,,,1,30,,27265,11301,,,1,70,,27250,11301,,,1,30,,27257,11301,,,1,66,,27270,11301,,,1,27,,27254,11301,,,1,70,,27251,11301,,,1,30,,27253,11301,,,1,70,,27284,11301,,,1,30,,27267,11301,,,1,70,,27258,11301,,,1,30,,27271,11301,,,1,70,,27259,11301,,,1,30,,27260,11301,,,1,70,,27283,11301,,,1,30,,27285,11301,,,1
2101,'SA',611,,27306,11301,,,1,30,,27297,11301,,,1,70,,27310,11301,,,1,30,,27319,11301,,,1,72,,27320,11301,,,1,30,,27308,11301,,,1,70,,27321,11301,,,1,30,,27311,11301,,,1,70,,27298,11301,,,1,25,,27293,11301,,,1,71,,27307,11301,,,1,34,,27312,11301,,,1,73,,27294,11301,,,1,26,,27299,11301,,,1,74,,27303,11301,,,1,32,,27316,11301,,,1,70,,6523,11301,,,1,30,,27313,11301,,,1,70,,27322,11301,,,1,30,,27317,11301,,,1,70,,6524,11301,,,1,30,,27314,11301,,,1,70,,27324,11301,,,1,30,,27300,11301,,,1,70,,27323,11301,,,1,30,,27315,11301,,,1,66,,27325,11301,,,1,27,,27290,11301,,,1,70,,27304,11301,,,1,30,,27318,11301,,,1,70,,27301,11301,,,1,30,,27309,11301,,,1,70,,27295,11301,,,1,30,,27305,11301,,,1,70,,27291,11301,,,1,30,,27302,11301,,,1,70,,27326,11301,,,1,30,,27296,11301,,,1,70,,6535,11301,,,1
2101,'SE',508,,45761,11301,,,1,46,,45759,11301,,,1,67,,45794,11301,,,1,15,,45788,11301,,,1,15,,45785,11301,,,1,55,,45786,11301,,,1,12,,45798,11301,,,1,12,,45799,11301,,,1,15,,45795,11301,,,1,55,,45797,11301,,,1,22,,45789,11301,,,1,18,,45790,11301,,,1,17,,45801,11301,,,1,63,,45793,11301,,,1,13,,45802,11301,,,1,20,,45757,11301,,,1,61,,45763,11301,,,1,27,,45765,11301,,,1,74,,45768,11301,,,1,30,,45781,11301,,,1,70,,45764,11301,,,1,32,,45770,11301,,,1,73,,45758,11301,,,1,30,,45760,11301,,,1,70,,45769,11301,,,1,39,,45773,11301,,,1,64,,45783,11301,,,1,30,,45784,11301,,,1,73,,45796,11301,,,1,15,,45791,11301,,,1,15,,45800,11301,,,1,54,,45803,11301,,,1,15,,45804,11301,,,1,18,,45792,11301,,,1,59,,45787,11301,,,1,16,,45782,11301,,,1,20,,45778,11301,,,1,66,,45780,11301,,,1,27,,45766,11301,,,1,25,,45762,11301,,,1,70,,45772,11301,,,1,30,,45777,11301,,,1,69,,45775,11301,,,1,30,,45776,11301,,,1,70,,45779,11301,,,1,98,,45767,11301,,,1,97,,45774,11301,,,1
