2901,'DI',658,,56439,780,,,1,100,,56440,780,,,1,100,,56441,780,,,1,100,,56442,780,,,1,100,,56443,780,,,1,100,,56444,780,,,1,100,,56445,780,,,1,100,,56446,780,,,1,100,,56447,780,,,1,100,,56448,780,,,1,100,,56449,780,,,1,100,,56450,780,,,1,100,,56451,780,,,1,100,,56452,780,,,1,100,,56453,780,,,1,100,,56454,780,,,1,100,,56455,780,,,1,160,,56456,780,,,1,100,,56457,780,,,1
2901,'F1',658,,56458,780,,,1,100,,56459,780,,,1,100,,56460,780,,,1,100,,56461,780,,,1,100,,56462,780,,,1,100,,56463,780,,,1,100,,56464,780,,,1,100,,56465,780,,,1,100,,56466,780,,,1,100,,56467,780,,,1,100,,56468,780,,,1,100,,56469,780,,,1,100,,56470,780,,,1,100,,56471,780,,,1,100,,56472,780,,,1,100,,56473,780,,,1,100,,56474,780,,,1,160,,56475,780,,,1,100,,56476,780,,,1
2901,'F2',658,,56485,780,,,1,100,,56486,780,,,1,100,,56487,780,,,1,100,,56488,780,,,1,100,,56489,780,,,1,100,,56490,780,,,1,100,,56491,780,,,1,100,,56492,780,,,1,99,,56493,780,,,1,99,,56494,780,,,1,99,,56495,780,,,1,148,,56477,780,,,1,99,,56478,780,,,1,57,,56479,780,,,1,99,,56480,780,,,1,100,,56481,780,,,1,100,,56482,780,,,1,160,,56483,780,,,1,100,,56484,780,,,1
2901,'SA',658,,56504,780,,,1,100,,56505,780,,,1,100,,56506,780,,,1,100,,56507,780,,,1,100,,56508,780,,,1,100,,56509,780,,,1,100,,56510,780,,,1,100,,56511,780,,,1,99,,56512,780,,,1,99,,56513,780,,,1,99,,56514,780,,,1,148,,56496,780,,,1,99,,56497,780,,,1,57,,56498,780,,,1,99,,56499,780,,,1,100,,56500,780,,,1,100,,56501,780,,,1,160,,56502,780,,,1,100,,56503,780,,,1
2901,'SE',628,,56526,780,,,1,26,,56535,780,,,1,72,,56538,780,,,1,5,,56517,780,,,1,27,,56541,780,,,1,70,,56530,780,,,1,30,,56539,780,,,1,143,,56516,780,,,1,100,,56537,780,,,1,101,,56542,780,,,1,100,,56534,780,,,1,100,,56524,780,,,1,99,,56536,780,,,1,35,,56540,780,,,1,66,,56515,780,,,1,34,,56533,780,,,1,20,,56518,780,,,1,69,,56519,780,,,1,14,,56529,780,,,1,68,,56527,780,,,1,28,,56520,780,,,1,67,,56525,780,,,1,99,,56528,780,,,1,99,,56521,780,,,1,59,,56522,780,,,1,98,,56523,780,,,1,161,,56531,780,,,1,96,,56532,780,,,1
12301,'DI',513,,37798,780,,,1,100,,37808,780,,,1,100,,37799,780,,,1,100,,37809,780,,,1,100,,37800,780,,,1,100,,37810,780,,,1,100,,37801,780,,,1,100,,61842,780,,,1,100,,37802,780,,,1,100,,61843,780,,,1,100,,37803,780,,,1,100,,61844,780,,,1,100,,61838,780,,,1,100,,61845,780,,,1,100,,61839,780,,,1,100,,61846,780,,,1,100,,61840,780,,,1,100,,61847,780,,,1,100,,61841,780,,,1,100,,61848,780,,,1
12301,'F1',513,,49985,780,,,1,100,,49995,780,,,1,100,,49986,780,,,1,100,,49996,780,,,1,100,,49987,780,,,1,100,,49997,780,,,1,100,,49988,780,,,1,100,,61853,780,,,1,100,,49989,780,,,1,100,,61854,780,,,1,100,,49990,780,,,1,100,,61855,780,,,1,100,,61849,780,,,1,100,,61856,780,,,1,100,,61850,780,,,1,100,,61857,780,,,1,100,,61851,780,,,1,100,,61858,780,,,1,100,,61852,780,,,1,100,,61859,780,,,1
12301,'F2',513,,61861,780,,,1,100,,61860,780,,,1,100,,61862,780,,,1,100,,61868,780,,,1,100,,61872,780,,,1,100,,61863,780,,,1,100,,61873,780,,,1,100,,61864,780,,,1,100,,61874,780,,,1,100,,61865,780,,,1,100,,61875,780,,,1,100,,61866,780,,,1,100,,61876,780,,,1,100,,61867,780,,,1,100,,61877,780,,,1,100,,61869,780,,,1,100,,61878,780,,,1,100,,61870,780,,,1,100,,61879,780,,,1,100,,61871,780,,,1
12301,'SA',513,,61881,780,,,1,100,,61880,780,,,1,100,,61882,780,,,1,100,,61888,780,,,1,100,,61892,780,,,1,100,,61883,780,,,1,100,,61893,780,,,1,100,,61884,780,,,1,100,,61894,780,,,1,100,,61885,780,,,1,100,,61895,780,,,1,100,,61886,780,,,1,100,,61896,780,,,1,100,,61887,780,,,1,100,,61897,780,,,1,100,,61889,780,,,1,100,,61898,780,,,1,100,,61890,780,,,1,100,,61899,780,,,1,100,,61891,780,,,1
12301,'SE',458,,61913,780,,,1,70,,61916,780,,,1,20,,50029,780,,,1,60,,61904,780,,,1,15,,61902,780,,,1,25,,61901,780,,,1,70,,61900,780,,,1,30,,61903,780,,,1,70,,61905,780,,,1,30,,61910,780,,,1,70,,61912,780,,,1,96,,61909,780,,,1,100,,61932,780,,,1,100,,61908,780,,,1,100,,61918,780,,,1,100,,61922,780,,,1,11,,61921,780,,,1,23,,50049,780,,,1,60,,50053,780,,,1,15,,61927,780,,,1,19,,61928,780,,,1,6,,61924,780,,,1,55,,61929,780,,,1,10,,61931,780,,,1,6,,61919,780,,,1,24,,61926,780,,,1,70,,50050,780,,,1,31,,61911,780,,,1,71,,61917,780,,,1,26,,61920,780,,,1,74,,61907,780,,,1,28,,61906,780,,,1,70,,61925,780,,,1,98,,61930,780,,,1,100,,61914,780,,,1,100,,61923,780,,,1,120,,61915,780,,,1
