6101,'DI',720,,32655,10343,,,2,30,,32652,10343,,,2,72,,32658,10343,,,2,17,,32656,10343,,,2,70,,32653,10343,,,2,30,,32659,10343,,,2,70,,32657,10343,,,2,30,,32654,10343,,,2,70,,32660,10343,,,2,30,,32661,10343,,,2,70,,32665,10343,,,2,30,,32669,10343,,,2,70,,32662,10343,,,2,30,,32666,10343,,,2,70,,32670,10343,,,2,30,,32663,10343,,,2,70,,32667,10343,,,2,30,,32671,10343,,,2,70,,32664,10343,,,2,34,,32668,10343,,,2,61,,32672,10343,,,2,35,,32674,10343,,,2,20,,32677,10343,,,2,80,,32673,10343,,,2,65,,32675,10343,,,2,30,,32678,10343,,,2,85,,32676,10343,,,2,100,,32679,10343,,,2,100,,32680,10343,,,2,100,,32681,10343,,,2
6101,'F1',720,,47923,10343,,,2,30,,47920,10343,,,2,72,,47926,10343,,,2,17,,47924,10343,,,2,70,,47921,10343,,,2,30,,47927,10343,,,2,70,,47925,10343,,,2,30,,47922,10343,,,2,70,,47928,10343,,,2,30,,47929,10343,,,2,70,,47933,10343,,,2,30,,47937,10343,,,2,70,,47930,10343,,,2,30,,47934,10343,,,2,70,,47938,10343,,,2,30,,47931,10343,,,2,70,,47935,10343,,,2,30,,47939,10343,,,2,70,,47932,10343,,,2,34,,47936,10343,,,2,61,,47940,10343,,,2,35,,47942,10343,,,2,20,,47945,10343,,,2,80,,47941,10343,,,2,65,,47943,10343,,,2,30,,47946,10343,,,2,85,,47944,10343,,,2,100,,47947,10343,,,2,100,,47948,10343,,,2,100,,47949,10343,,,2
6101,'F2',720,,47955,10343,,,2,30,,47952,10343,,,2,72,,47958,10343,,,2,17,,47956,10343,,,2,70,,47953,10343,,,2,30,,47959,10343,,,2,70,,47957,10343,,,2,30,,47954,10343,,,2,70,,47960,10343,,,2,30,,47961,10343,,,2,70,,47965,10343,,,2,30,,47967,10343,,,2,70,,47962,10343,,,2,30,,47966,10343,,,2,70,,47968,10343,,,2,30,,47963,10343,,,2,70,,47969,10343,,,2,30,,47973,10343,,,2,70,,47964,10343,,,2,34,,47970,10343,,,2,61,,47974,10343,,,2,35,,47976,10343,,,2,20,,47971,10343,,,2,80,,47975,10343,,,2,65,,47977,10343,,,2,30,,47972,10343,,,2,85,,47978,10343,,,2,100,,47980,10343,,,2,100,,47979,10343,,,2,100,,47982,10343,,,2
6101,'F8',720,,32803,10343,,,2,30,,32800,10343,,,2,72,,32806,10343,,,2,17,,32804,10343,,,2,70,,32801,10343,,,2,30,,32807,10343,,,2,70,,32805,10343,,,2,30,,32802,10343,,,2,70,,32808,10343,,,2,30,,32809,10343,,,2,70,,32813,10343,,,2,30,,32815,10343,,,2,70,,32810,10343,,,2,30,,32814,10343,,,2,70,,32816,10343,,,2,30,,32811,10343,,,2,70,,32817,10343,,,2,30,,32821,10343,,,2,70,,32812,10343,,,2,34,,32818,10343,,,2,61,,32822,10343,,,2,35,,32824,10343,,,2,20,,32819,10343,,,2,80,,32823,10343,,,2,65,,32825,10343,,,2,30,,32820,10343,,,2,85,,32826,10343,,,2,100,,32828,10343,,,2,100,,32827,10343,,,2,100,,32830,10343,,,2
6101,'F9',720,,32835,10343,,,2,30,,32832,10343,,,2,72,,32838,10343,,,2,17,,32836,10343,,,2,70,,32833,10343,,,2,30,,32839,10343,,,2,70,,32837,10343,,,2,30,,32834,10343,,,2,70,,32840,10343,,,2,30,,32841,10343,,,2,70,,32845,10343,,,2,30,,32849,10343,,,2,70,,32842,10343,,,2,30,,32846,10343,,,2,70,,32850,10343,,,2,30,,32843,10343,,,2,70,,32847,10343,,,2,30,,32851,10343,,,2,70,,32844,10343,,,2,34,,32848,10343,,,2,61,,32852,10343,,,2,35,,32854,10343,,,2,20,,32857,10343,,,2,80,,32853,10343,,,2,65,,32855,10343,,,2,30,,32858,10343,,,2,85,,32856,10343,,,2,100,,32859,10343,,,2,100,,32860,10343,,,2,100,,32861,10343,,,2
6101,'SA',720,,32867,10343,,,2,30,,32864,10343,,,2,72,,32870,10343,,,2,17,,32868,10343,,,2,70,,32865,10343,,,2,30,,32871,10343,,,2,70,,32869,10343,,,2,30,,32866,10343,,,2,70,,32872,10343,,,2,30,,32873,10343,,,2,70,,32877,10343,,,2,30,,32879,10343,,,2,70,,32874,10343,,,2,30,,32878,10343,,,2,70,,32880,10343,,,2,30,,32875,10343,,,2,70,,32881,10343,,,2,30,,32885,10343,,,2,70,,32876,10343,,,2,34,,32882,10343,,,2,61,,32886,10343,,,2,35,,32888,10343,,,2,20,,32883,10343,,,2,80,,32887,10343,,,2,65,,32889,10343,,,2,30,,32884,10343,,,2,85,,32890,10343,,,2,100,,32892,10343,,,2,100,,32891,10343,,,2,100,,32894,10343,,,2
6101,'SE',559,,48033,10343,,,2,70,,48035,10343,,,2,10,,47988,10343,,,2,16,,47991,10343,,,2,49,,47985,10343,,,2,14,,47994,10343,,,2,15,,47984,10343,,,2,7,,47998,10343,,,2,16,,47992,10343,,,2,49,,47997,10343,,,2,19,,47989,10343,,,2,24,,47986,10343,,,2,62,,47995,10343,,,2,15,,47999,10343,,,2,76,,47990,10343,,,2,30,,47987,10343,,,2,70,,47996,10343,,,2,32,,48034,10343,,,2,70,,47993,10343,,,2,30,,48000,10343,,,2,72,,48004,10343,,,2,30,,48001,10343,,,2,70,,48002,10343,,,2,33,,48006,10343,,,2,21,,48008,10343,,,2,67,,48011,10343,,,2,23,,48003,10343,,,2,60,,48005,10343,,,2,24,,48013,10343,,,2,4,,48015,10343,,,2,65,,48009,10343,,,2,7,,48010,10343,,,2,14,,48016,10343,,,2,13,,48017,10343,,,2,14,,48007,10343,,,2,54,,48020,10343,,,2,6,,48023,10343,,,2,15,,48014,10343,,,2,14,,48012,10343,,,2,64,,48025,10343,,,2,24,,48018,10343,,,2,28,,48028,10343,,,2,68,,48031,10343,,,2,30,,48021,10343,,,2,69,,48024,10343,,,2,29,,48032,10343,,,2,70,,48019,10343,,,2,29,,48029,10343,,,2,70,,48026,10343,,,2
16101,'DI',554,,38767,1809,0,35 36,2,1172,,38766,1809,0,35 36,2
16101,'F1',554,,50378,1809,0,35 36,2,1172,,50377,1809,0,35 36,2
16101,'F2',554,,50390,1809,0,35 36,2,1172,,50391,1809,0,35 36,2
16101,'F8',554,,38824,1809,0,35 36,2,1172,,38825,1809,0,35 36,2
16101,'F9',554,,38838,1809,0,35 36,2,1172,,38837,1809,0,35 36,2
16101,'SA',554,,38849,1809,0,35 36,2,1172,,38850,1809,0,35 36,2
16101,'SE',630,,50408,1809,0,35 36,2,73,,50406,1809,0,35 36,2,32,,50409,1809,0,35 36,2,502,,50407,1809,0,35 36,2,372,,50410,1809,0,35 36,2,36,,50405,1809,0,35 36,2,78,,50411,1809,0,35 36,2
