90100,'DI',733,,63623,24138,4,,1,72,,63616,24138,4,,1,32,,63607,24138,4,,1,71,,63612,24138,4,,1,30,,63610,24138,4,,1,67,,63626,24138,4,,1,31,,63624,24138,4,,1,70,,63622,24138,4,,1,31,,63613,24138,4,,1,71,,63629,24138,4,,1,28,,63619,24138,4,,1,70,,63627,24138,4,,1,29,,63601,24138,4,,1,65,,63614,24138,4,,1,35,,63608,24138,4,,1,70,,63599,24138,4,,1,31,,63628,24138,4,,1,70,,63604,24138,4,,1,30,,63618,24138,4,,1,68,,63611,24138,4,,1,32,,63600,24138,4,,1,70,,63625,24138,4,,1,35,,63609,24138,4,,1,70,,63617,24138,4,,1,35,,63606,24138,4,,1,97,,63620,24138,4,,1,100,,63602,24138,4,,1,100,,63605,24138,4,,1,100,,63615,24138,4,,1,100,,63621,24138,4,,1,100,,63603,24138,4,,1
90100,'F1',733,,63654,24138,4,,1,72,,63647,24138,4,,1,32,,63638,24138,4,,1,71,,63643,24138,4,,1,30,,63641,24138,4,,1,67,,63657,24138,4,,1,31,,63655,24138,4,,1,70,,63653,24138,4,,1,31,,63644,24138,4,,1,71,,63660,24138,4,,1,28,,63650,24138,4,,1,70,,63658,24138,4,,1,29,,63632,24138,4,,1,65,,63645,24138,4,,1,35,,63639,24138,4,,1,70,,63630,24138,4,,1,31,,63659,24138,4,,1,70,,63635,24138,4,,1,30,,63649,24138,4,,1,68,,63642,24138,4,,1,32,,63631,24138,4,,1,70,,63656,24138,4,,1,35,,63640,24138,4,,1,70,,63648,24138,4,,1,35,,63637,24138,4,,1,97,,63651,24138,4,,1,100,,63633,24138,4,,1,100,,63636,24138,4,,1,100,,63646,24138,4,,1,100,,63652,24138,4,,1,100,,63634,24138,4,,1
90100,'F2',733,,63686,24138,4,,1,72,,63680,24138,4,,1,32,,63678,24138,4,,1,71,,63683,24138,4,,1,30,,63688,24138,4,,1,67,,63666,24138,4,,1,31,,63679,24138,4,,1,70,,63687,24138,4,,1,31,,63681,24138,4,,1,71,,63689,24138,4,,1,28,,63671,24138,4,,1,70,,63668,24138,4,,1,29,,63661,24138,4,,1,65,,63675,24138,4,,1,35,,63690,24138,4,,1,70,,63672,24138,4,,1,31,,63669,24138,4,,1,70,,63662,24138,4,,1,30,,63664,24138,4,,1,68,,63684,24138,4,,1,32,,63673,24138,4,,1,70,,63667,24138,4,,1,35,,63676,24138,4,,1,70,,63663,24138,4,,1,35,,63691,24138,4,,1,97,,63670,24138,4,,1,100,,63682,24138,4,,1,100,,63674,24138,4,,1,100,,63665,24138,4,,1,100,,63685,24138,4,,1,100,,63677,24138,4,,1
90100,'SA',733,,63717,24138,4,,1,72,,63711,24138,4,,1,32,,63709,24138,4,,1,71,,63714,24138,4,,1,30,,63719,24138,4,,1,67,,63697,24138,4,,1,31,,63710,24138,4,,1,70,,63718,24138,4,,1,31,,63712,24138,4,,1,71,,63720,24138,4,,1,28,,63702,24138,4,,1,70,,63699,24138,4,,1,29,,63692,24138,4,,1,65,,63706,24138,4,,1,35,,63721,24138,4,,1,70,,63703,24138,4,,1,31,,63700,24138,4,,1,70,,63693,24138,4,,1,30,,63695,24138,4,,1,68,,63715,24138,4,,1,32,,63704,24138,4,,1,70,,63698,24138,4,,1,35,,63707,24138,4,,1,70,,63694,24138,4,,1,35,,63722,24138,4,,1,97,,63701,24138,4,,1,100,,63713,24138,4,,1,100,,63705,24138,4,,1,100,,63696,24138,4,,1,100,,63716,24138,4,,1,100,,63708,24138,4,,1
90100,'SE',623,,63749,24138,4,,1,80,,63758,24138,4,,1,30,,63755,24138,4,,1,80,,63756,24138,4,,1,37,,63752,24138,4,,1,75,,63731,24138,4,,1,20,,63759,24138,4,,1,60,,63733,24138,4,,1,20,,63728,24138,4,,1,20,,63757,24138,4,,1,60,,63764,24138,4,,1,20,,63723,24138,4,,1,20,,63727,24138,4,,1,60,,63732,24138,4,,1,20,,63730,24138,4,,1,20,,63734,24138,4,,1,60,,63729,24138,4,,1,20,,63767,24138,4,,1,20,,63765,24138,4,,1,60,,63735,24138,4,,1,20,,63750,24138,4,,1,20,,63762,24138,4,,1,60,,63766,24138,4,,1,20,,63736,24138,4,,1,20,,63760,24138,4,,1,67,,63768,24138,4,,1,15,,63748,24138,4,,1,15,,63771,24138,4,,1,15,,63751,24138,4,,1,58,,63774,24138,4,,1,10,,63738,24138,4,,1,10,,63776,24138,4,,1,10,,63742,24138,4,,1,10,,63724,24138,4,,1,49,,63737,24138,4,,1,4,,63754,24138,4,,1,9,,63761,24138,4,,1,10,,63763,24138,4,,1,10,,63753,24138,4,,1,10,,63769,24138,4,,1,55,,63744,24138,4,,1,15,,63772,24138,4,,1,15,,63726,24138,4,,1,15,,63739,24138,4,,1,55,,63773,24138,4,,1,20,,63770,24138,4,,1,22,,63777,24138,4,,1,70,,63741,24138,4,,1,30,,63745,24138,4,,1,70,,63746,24138,4,,1,30,,63725,24138,4,,1,70,,63778,24138,4,,1,30,,63740,24138,4,,1,70,,63743,24138,4,,1,98,,63747,24138,4,,1,100,,63775,24138,4,,1
90101,'DI',535,,63792,0,,,1,70,,63797,0,,,1,30,,63791,0,,,1,70,,63807,0,,,1,33,,63804,0,,,1,72,,63798,0,,,1,32,,63786,0,,,1,71,,63793,0,,,1,30,,63789,0,,,1,67,,63808,0,,,1,31,,63805,0,,,1,70,,63803,0,,,1,31,,63794,0,,,1,71,,63811,0,,,1,28,,63800,0,,,1,70,,63809,0,,,1,29,,63781,0,,,1,65,,63795,0,,,1,35,,63787,0,,,1,70,,63779,0,,,1,31,,63810,0,,,1,70,,63783,0,,,1,30,,63799,0,,,1,68,,63790,0,,,1,32,,63780,0,,,1,70,,63806,0,,,1,35,,63788,0,,,1,105,,63785,0,,,1,97,,63801,0,,,1,100,,63782,0,,,1,100,,63784,0,,,1,100,,63796,0,,,1,100,,63802,0,,,1
90101,'F1',535,,63825,0,,,1,70,,63830,0,,,1,30,,63824,0,,,1,70,,63840,0,,,1,33,,63837,0,,,1,72,,63831,0,,,1,32,,63819,0,,,1,71,,63826,0,,,1,30,,63822,0,,,1,67,,63841,0,,,1,31,,63838,0,,,1,70,,63836,0,,,1,31,,63827,0,,,1,71,,63844,0,,,1,28,,63833,0,,,1,70,,63842,0,,,1,29,,63814,0,,,1,65,,63828,0,,,1,35,,63820,0,,,1,70,,63812,0,,,1,31,,63843,0,,,1,70,,63816,0,,,1,30,,63832,0,,,1,68,,63823,0,,,1,32,,63813,0,,,1,70,,63839,0,,,1,35,,63821,0,,,1,105,,63818,0,,,1,97,,63834,0,,,1,100,,63815,0,,,1,100,,63817,0,,,1,100,,63829,0,,,1,100,,63835,0,,,1
90101,'F2',535,,63860,0,,,1,70,,63869,0,,,1,30,,63864,0,,,1,70,,63866,0,,,1,33,,63872,0,,,1,72,,63863,0,,,1,32,,63861,0,,,1,71,,63868,0,,,1,30,,63874,0,,,1,67,,63849,0,,,1,31,,63862,0,,,1,70,,63873,0,,,1,31,,63865,0,,,1,71,,63875,0,,,1,28,,63854,0,,,1,70,,63851,0,,,1,29,,63845,0,,,1,65,,63858,0,,,1,35,,63876,0,,,1,70,,63855,0,,,1,31,,63852,0,,,1,70,,63846,0,,,1,30,,63847,0,,,1,68,,63870,0,,,1,32,,63856,0,,,1,70,,63850,0,,,1,35,,63859,0,,,1,105,,63877,0,,,1,97,,63853,0,,,1,100,,63867,0,,,1,100,,63857,0,,,1,100,,63848,0,,,1,100,,63871,0,,,1
90101,'SA',535,,63893,0,,,1,70,,63902,0,,,1,30,,63897,0,,,1,70,,63899,0,,,1,33,,63905,0,,,1,72,,63896,0,,,1,32,,63894,0,,,1,71,,63901,0,,,1,30,,63907,0,,,1,67,,63882,0,,,1,31,,63895,0,,,1,70,,63906,0,,,1,31,,63898,0,,,1,71,,63908,0,,,1,28,,63887,0,,,1,70,,63884,0,,,1,29,,63878,0,,,1,65,,63891,0,,,1,35,,63909,0,,,1,70,,63888,0,,,1,31,,63885,0,,,1,70,,63879,0,,,1,30,,63880,0,,,1,68,,63903,0,,,1,32,,63889,0,,,1,70,,63883,0,,,1,35,,63892,0,,,1,105,,63910,0,,,1,97,,63886,0,,,1,100,,63900,0,,,1,100,,63890,0,,,1,100,,63881,0,,,1,100,,63904,0,,,1
90101,'SE',512,,63942,0,,,1,30,,63945,0,,,1,16,,63949,0,,,1,55,,63917,0,,,1,15,,63939,0,,,1,15,,63919,0,,,1,15,,63924,0,,,1,50,,63948,0,,,1,10,,63922,0,,,1,10,,63927,0,,,1,10,,63943,0,,,1,12,,63914,0,,,1,8,,63918,0,,,1,50,,63944,0,,,1,10,,63946,0,,,1,10,,63920,0,,,1,12,,63954,0,,,1,15,,63941,0,,,1,55,,63923,0,,,1,20,,63925,0,,,1,20,,63950,0,,,1,60,,63928,0,,,1,20,,63915,0,,,1,20,,63947,0,,,1,60,,63955,0,,,1,20,,63911,0,,,1,20,,63913,0,,,1,60,,63926,0,,,1,20,,63921,0,,,1,20,,63929,0,,,1,60,,63916,0,,,1,20,,63958,0,,,1,20,,63956,0,,,1,60,,63930,0,,,1,20,,63940,0,,,1,20,,63953,0,,,1,60,,63957,0,,,1,20,,63931,0,,,1,20,,63951,0,,,1,67,,63959,0,,,1,30,,63961,0,,,1,73,,63963,0,,,1,30,,63933,0,,,1,72,,63952,0,,,1,30,,63960,0,,,1,63,,63935,0,,,1,30,,63912,0,,,1,70,,63962,0,,,1,34,,63964,0,,,1,70,,63932,0,,,1,30,,63936,0,,,1,70,,63937,0,,,1,100,,63965,0,,,1,100,,63934,0,,,1,100,,63938,0,,,1
