2500,'DI',707,,56116,7639,,,2
2500,'F1',707,,56117,7639,,,2
2500,'F2',707,,56118,7639,,,2
2500,'SA',707,,56119,7639,,,2
2500,'SE',529,,56125,7639,,,2,30,,56127,7639,,,2,69,,56142,7639,,,2,19,,56140,7639,,,2,61,,56136,7639,,,2,19,,56128,7639,,,2,29,,56129,7639,,,2,68,,56131,7639,,,2,77,,56138,7639,,,2,30,,56126,7639,,,2,470,,56130,7639,,,2,30,,56137,7639,,,2,69,,56145,7639,,,2,13,,56144,7639,,,2,18,,56143,7639,,,2,71,,56132,7639,,,2,32,,56120,7639,,,2,69,,56133,7639,,,2,29,,56123,7639,,,2,71,,56121,7639,,,2,28,,56134,7639,,,2,70,,56122,7639,,,2,335,,56139,7639,,,2,83,,56141,7639,,,2,15,,56124,7639,,,2,85,,56135,7639,,,2
12301,'DI',515,,37798,1661,,,1,100,,37808,1661,,,1,100,,37799,1661,,,1,100,,37809,1661,,,1,100,,37800,1661,,,1,100,,37810,1661,,,1,100,,37801,1661,,,1,100,,61842,1661,,,1,100,,37802,1661,,,1,100,,61843,1661,,,1,100,,37803,1661,,,1,100,,61844,1661,,,1,100,,61838,1661,,,1,100,,61845,1661,,,1,100,,61839,1661,,,1,100,,61846,1661,,,1,100,,61840,1661,,,1,100,,61847,1661,,,1,100,,61841,1661,,,1,100,,61848,1661,,,1
12301,'F1',515,,49985,1661,,,1,100,,49995,1661,,,1,100,,49986,1661,,,1,100,,49996,1661,,,1,100,,49987,1661,,,1,100,,49997,1661,,,1,100,,49988,1661,,,1,100,,61853,1661,,,1,100,,49989,1661,,,1,100,,61854,1661,,,1,100,,49990,1661,,,1,100,,61855,1661,,,1,100,,61849,1661,,,1,100,,61856,1661,,,1,100,,61850,1661,,,1,100,,61857,1661,,,1,100,,61851,1661,,,1,100,,61858,1661,,,1,100,,61852,1661,,,1,100,,61859,1661,,,1
12301,'F2',515,,61861,1661,,,1,100,,61860,1661,,,1,100,,61862,1661,,,1,100,,61868,1661,,,1,100,,61872,1661,,,1,100,,61863,1661,,,1,100,,61873,1661,,,1,100,,61864,1661,,,1,100,,61874,1661,,,1,100,,61865,1661,,,1,100,,61875,1661,,,1,100,,61866,1661,,,1,100,,61876,1661,,,1,100,,61867,1661,,,1,100,,61877,1661,,,1,100,,61869,1661,,,1,100,,61878,1661,,,1,100,,61870,1661,,,1,100,,61879,1661,,,1,100,,61871,1661,,,1
12301,'SA',515,,61881,1661,,,1,100,,61880,1661,,,1,100,,61882,1661,,,1,100,,61888,1661,,,1,100,,61892,1661,,,1,100,,61883,1661,,,1,100,,61893,1661,,,1,100,,61884,1661,,,1,100,,61894,1661,,,1,100,,61885,1661,,,1,100,,61895,1661,,,1,100,,61886,1661,,,1,100,,61896,1661,,,1,100,,61887,1661,,,1,100,,61897,1661,,,1,100,,61889,1661,,,1,100,,61898,1661,,,1,100,,61890,1661,,,1,100,,61899,1661,,,1,100,,61891,1661,,,1
12301,'SE',500,,61913,1661,,,1,30,,61916,1661,,,1,20,,50029,1661,,,1,60,,61904,1661,,,1,15,,61902,1661,,,1,25,,61901,1661,,,1,70,,61900,1661,,,1,30,,61903,1661,,,1,70,,61905,1661,,,1,30,,61910,1661,,,1,70,,61912,1661,,,1,96,,61909,1661,,,1,100,,61932,1661,,,1,100,,61908,1661,,,1,100,,61918,1661,,,1,100,,61922,1661,,,1,11,,61921,1661,,,1,23,,50049,1661,,,1,60,,50053,1661,,,1,15,,61927,1661,,,1,19,,61928,1661,,,1,6,,61924,1661,,,1,55,,61929,1661,,,1,10,,61931,1661,,,1,6,,61919,1661,,,1,24,,61926,1661,,,1,70,,50050,1661,,,1,31,,61911,1661,,,1,71,,61917,1661,,,1,26,,61920,1661,,,1,74,,61907,1661,,,1,28,,61906,1661,,,1,70,,61925,1661,,,1,98,,61930,1661,,,1,100,,61914,1661,,,1,100,,61923,1661,,,1,120,,61915,1661,,,1
