6100,'DI',722,,58301,13847,,,2,89,,58305,13847,,,2,30,,58302,13847,,,2,70,,58308,13847,,,2,30,,58306,13847,,,2,70,,58303,13847,,,2,30,,58309,13847,,,2,70,,58311,13847,,,2,30,,58316,13847,,,2,70,,58321,13847,,,2,30,,58312,13847,,,2,70,,58317,13847,,,2,30,,58322,13847,,,2,70,,58313,13847,,,2,30,,58318,13847,,,2,70,,58324,13847,,,2,30,,58314,13847,,,2,74,,58319,13847,,,2,21,,58325,13847,,,2,75,,58328,13847,,,2,20,,58332,13847,,,2,80,,58326,13847,,,2,25,,58329,13847,,,2,70,,58333,13847,,,2,45,,58330,13847,,,2,100,,58334,13847,,,2,100,,58336,13847,,,2,100,,58338,13847,,,2,100,,58340,13847,,,2,100,,58341,13847,,,2
6100,'F1',722,,58342,13847,,,2,89,,58346,13847,,,2,30,,58343,13847,,,2,70,,58349,13847,,,2,30,,58347,13847,,,2,70,,58344,13847,,,2,30,,58350,13847,,,2,70,,58352,13847,,,2,30,,58357,13847,,,2,70,,58362,13847,,,2,30,,58353,13847,,,2,70,,58358,13847,,,2,30,,58363,13847,,,2,70,,58354,13847,,,2,30,,58359,13847,,,2,70,,58365,13847,,,2,30,,58355,13847,,,2,74,,58360,13847,,,2,21,,58366,13847,,,2,75,,58369,13847,,,2,20,,58373,13847,,,2,80,,58367,13847,,,2,25,,58370,13847,,,2,70,,58374,13847,,,2,45,,58371,13847,,,2,100,,58375,13847,,,2,100,,58377,13847,,,2,100,,58379,13847,,,2,100,,58381,13847,,,2,100,,58382,13847,,,2
6100,'F2',722,,58383,13847,,,2,89,,58387,13847,,,2,30,,58384,13847,,,2,70,,58390,13847,,,2,30,,58388,13847,,,2,70,,58385,13847,,,2,30,,58391,13847,,,2,70,,58393,13847,,,2,30,,58398,13847,,,2,70,,58401,13847,,,2,30,,58394,13847,,,2,70,,58399,13847,,,2,30,,58402,13847,,,2,70,,58395,13847,,,2,30,,58404,13847,,,2,70,,58409,13847,,,2,30,,58396,13847,,,2,74,,58405,13847,,,2,21,,58410,13847,,,2,75,,58413,13847,,,2,20,,58406,13847,,,2,80,,58411,13847,,,2,25,,58414,13847,,,2,70,,58407,13847,,,2,45,,58416,13847,,,2,100,,58419,13847,,,2,100,,58417,13847,,,2,100,,58421,13847,,,2,100,,58420,13847,,,2,100,,58422,13847,,,2
6100,'SA',722,,58423,13847,,,2,89,,58427,13847,,,2,30,,58424,13847,,,2,70,,58430,13847,,,2,30,,58428,13847,,,2,70,,58425,13847,,,2,30,,58431,13847,,,2,70,,58433,13847,,,2,30,,58438,13847,,,2,70,,58441,13847,,,2,30,,58434,13847,,,2,70,,58439,13847,,,2,30,,58442,13847,,,2,70,,58435,13847,,,2,30,,58444,13847,,,2,70,,58449,13847,,,2,30,,58436,13847,,,2,74,,58445,13847,,,2,21,,58450,13847,,,2,75,,58453,13847,,,2,20,,58446,13847,,,2,80,,58451,13847,,,2,25,,58454,13847,,,2,70,,58447,13847,,,2,45,,58456,13847,,,2,100,,58459,13847,,,2,100,,58457,13847,,,2,100,,58461,13847,,,2,100,,58460,13847,,,2,100,,58462,13847,,,2
6100,'SE',632,,58465,13847,,,2,68,,58463,13847,,,2,26,,58472,13847,,,2,9,,58477,13847,,,2,19,,58469,13847,,,2,65,,58466,13847,,,2,22,,58474,13847,,,2,15,,58479,13847,,,2,76,,58470,13847,,,2,70,,58467,13847,,,2,30,,58475,13847,,,2,72,,58519,13847,,,2,30,,58473,13847,,,2,70,,58480,13847,,,2,30,,58484,13847,,,2,70,,58481,13847,,,2,30,,58482,13847,,,2,73,,58486,13847,,,2,21,,58489,13847,,,2,27,,58494,13847,,,2,63,,58483,13847,,,2,20,,58485,13847,,,2,64,,58497,13847,,,2,4,,58500,13847,,,2,25,,58490,13847,,,2,7,,58492,13847,,,2,14,,58501,13847,,,2,53,,58502,13847,,,2,14,,58487,13847,,,2,15,,58506,13847,,,2,6,,58509,13847,,,2,17,,58498,13847,,,2,54,,58495,13847,,,2,24,,58511,13847,,,2,24,,58503,13847,,,2,68,,58514,13847,,,2,29,,58517,13847,,,2,70,,58507,13847,,,2,29,,58510,13847,,,2,70,,58518,13847,,,2,30,,58504,13847,,,2,68,,58515,13847,,,2,30,,58512,13847,,,2,69,,58508,13847,,,2,30,,58516,13847,,,2,70,,58513,13847,,,2
8001,'DI',653,,60263,4084,,,1,100,,60264,4084,,,1,100,,60265,4084,,,1,100,,60266,4084,,,1,100,,60267,4084,,,1,100,,60268,4084,,,1,100,,60269,4084,,,1,100,,60270,4084,,,1,100,,60271,4084,,,1,100,,60272,4084,,,1,100,,60273,4084,,,1,102,,60274,4084,,,1,99,,60275,4084,,,1,100,,60276,4084,,,1,100,,60277,4084,,,1,100,,60278,4084,,,1,100,,60279,4084,,,1,100,,60280,4084,,,1
8001,'F1',653,,60282,4084,,,1,100,,60283,4084,,,1,100,,60284,4084,,,1,100,,60285,4084,,,1,100,,60286,4084,,,1,100,,60287,4084,,,1,100,,60288,4084,,,1,100,,60289,4084,,,1,100,,60290,4084,,,1,100,,60291,4084,,,1,100,,60292,4084,,,1,102,,60293,4084,,,1,99,,60294,4084,,,1,100,,60295,4084,,,1,100,,60296,4084,,,1,100,,60297,4084,,,1,100,,60298,4084,,,1,100,,60299,4084,,,1
8001,'F2',654,,60301,4084,,,1,100,,60302,4084,,,1,100,,60303,4084,,,1,100,,60304,4084,,,1,100,,60305,4084,,,1,101,,60306,4084,,,1,100,,60307,4084,,,1,100,,60308,4084,,,1,100,,60309,4084,,,1,100,,60310,4084,,,1,100,,60311,4084,,,1,100,,60312,4084,,,1,98,,60313,4084,,,1,100,,60314,4084,,,1,100,,60315,4084,,,1,100,,60316,4084,,,1,100,,60317,4084,,,1,100,,60318,4084,,,1
8001,'SA',654,,60320,4084,,,1,100,,60321,4084,,,1,100,,60322,4084,,,1,100,,60323,4084,,,1,100,,60324,4084,,,1,101,,60325,4084,,,1,100,,60326,4084,,,1,100,,60327,4084,,,1,100,,60328,4084,,,1,100,,60329,4084,,,1,100,,60330,4084,,,1,100,,60331,4084,,,1,98,,60332,4084,,,1,100,,60333,4084,,,1,100,,60334,4084,,,1,100,,60335,4084,,,1,100,,60336,4084,,,1,100,,60337,4084,,,1
8001,'SE',550,,60363,4084,,,1,70,,60339,4084,,,1,36,,60359,4084,,,1,71,,60342,4084,,,1,30,,60351,4084,,,1,70,,60344,4084,,,1,31,,60341,4084,,,1,97,,60352,4084,,,1,100,,60353,4084,,,1,100,,60354,4084,,,1,100,,60355,4084,,,1,100,,60356,4084,,,1,100,,60357,4084,,,1,102,,60358,4084,,,1,65,,60360,4084,,,1,35,,60340,4084,,,1,70,,60361,4084,,,1,24,,60347,4084,,,1,89,,60362,4084,,,1,91,,60345,4084,,,1,100,,60346,4084,,,1,99,,60348,4084,,,1,100,,60350,4084,,,1,100,,60349,4084,,,1
8301,'DI',726,,60720,7794,,,1,100,,60721,7794,,,1,108,,60722,7794,,,1,100,,60723,7794,,,1,100,,60724,7794,,,1,100,,60725,7794,,,1,100,,60726,7794,,,1,100,,60727,7794,,,1,100,,60728,7794,,,1,100,,60729,7794,,,1,100,,60730,7794,,,1,100,,60731,7794,,,1,100,,60732,7794,,,1,100,,60733,7794,,,1,100,,60734,7794,,,1,100,,60735,7794,,,1,100,,60736,7794,,,1,100,,60737,7794,,,1
8301,'F1',726,,60738,7794,,,1,100,,60739,7794,,,1,108,,60740,7794,,,1,100,,60741,7794,,,1,100,,60742,7794,,,1,100,,60743,7794,,,1,100,,60744,7794,,,1,100,,60745,7794,,,1,100,,60746,7794,,,1,100,,60747,7794,,,1,100,,60748,7794,,,1,100,,60749,7794,,,1,100,,60750,7794,,,1,100,,60751,7794,,,1,100,,60752,7794,,,1,100,,60753,7794,,,1,100,,60754,7794,,,1,100,,60755,7794,,,1
8301,'F2',626,,60756,7794,,,1,100,,60757,7794,,,1,100,,60758,7794,,,1,108,,60759,7794,,,1,100,,60760,7794,,,1,100,,60761,7794,,,1,100,,60762,7794,,,1,100,,60763,7794,,,1,100,,60764,7794,,,1,100,,60765,7794,,,1,100,,60766,7794,,,1,100,,60767,7794,,,1,100,,60768,7794,,,1,100,,60769,7794,,,1,100,,60770,7794,,,1,100,,60771,7794,,,1,100,,60772,7794,,,1,100,,60773,7794,,,1,100,,60774,7794,,,1,100,,60775,7794,,,1
8301,'SA',626,,60776,7794,,,1,100,,60777,7794,,,1,100,,60778,7794,,,1,108,,60779,7794,,,1,100,,60780,7794,,,1,100,,60781,7794,,,1,100,,60782,7794,,,1,100,,60783,7794,,,1,100,,60784,7794,,,1,100,,60785,7794,,,1,100,,60786,7794,,,1,100,,60787,7794,,,1,100,,60788,7794,,,1,100,,60789,7794,,,1,100,,60790,7794,,,1,100,,60791,7794,,,1,100,,60792,7794,,,1,100,,60793,7794,,,1,100,,60794,7794,,,1,100,,60795,7794,,,1
8301,'SE',550,,60828,7794,,,1,70,,60803,7794,,,1,20,,60830,7794,,,1,16,,60829,7794,,,1,65,,60813,7794,,,1,20,,60799,7794,,,1,62,,60808,7794,,,1,18,,60814,7794,,,1,20,,60804,7794,,,1,63,,60825,7794,,,1,31,,60815,7794,,,1,20,,60826,7794,,,1,80,,60824,7794,,,1,100,,60806,7794,,,1,100,,60807,7794,,,1,100,,60800,7794,,,1,100,,60801,7794,,,1,101,,60802,7794,,,1,15,,60796,7794,,,1,65,,60811,7794,,,1,21,,60805,7794,,,1,22,,60798,7794,,,1,60,,60809,7794,,,1,18,,60810,7794,,,1,20,,60827,7794,,,1,58,,60812,7794,,,1,20,,60816,7794,,,1,20,,60797,7794,,,1,80,,60817,7794,,,1,100,,60818,7794,,,1,100,,60819,7794,,,1,100,,60820,7794,,,1,100,,60821,7794,,,1,100,,60822,7794,,,1,100,,60823,7794,,,1
16100,'DI',632,,38650,16993,,,2,1172,,62339,16993,,,2
16100,'F1',632,,50332,16993,,,2,1172,,62350,16993,,,2
16100,'F2',632,,62363,16993,,,2,1102,,62362,16993,,,2
16100,'SA',632,,62376,16993,,,2,1102,,62375,16993,,,2
16100,'SE',711,,62391,16882,,,2,25,,62390,16882,,,2,65,,62389,16882,,,2,421,,62392,16993,,,2,391,,62393,16993,,,2,41,,62394,16993,,,2,80,,62396,16993,,,2,100,,62395,16993,,,2
18001,'SE',638,,62510,4904,,,2,64,,62509,4904,,,2,13,,62512,4904,,,2,18,,62507,4904,,,2,12,,62513,4904,,,2,58,,62511,4904,,,2,18,,62508,4904,,,2,815,,62506,4904,,,2,71,,62516,4904,,,2,30,,62515,4904,,,2,64,,62514,4904,,,2
28401,'SE',859,,62537,2421,0,52,2,100,,62538,2421,0,52,2,100,,62539,2421,0,52,2,100,,62540,2421,0,52,2,100,,62541,2421,0,52,2,100,,62542,2421,0,52,2,100,,62543,2421,0,52,2
68301,'SE',719,,63560,5713,,,2
