46200,'DI',655,,40508,0,0,35 36,2,100,,40506,0,0,35 36,2,100,,40509,0,0,35 36,2,664,,40510,0,0,35 36,2,100,,40507,0,0,35 36,2,100,,40511,0,0,35 36,2
46200,'F1',655,,51094,0,0,35 36,2,100,,51092,0,0,35 36,2,100,,51095,0,0,35 36,2,664,,51096,0,0,35 36,2,100,,51093,0,0,35 36,2,100,,51097,0,0,35 36,2
46200,'F2',655,,51100,0,0,35 36,2,100,,51098,0,0,35 36,2,100,,51101,0,0,35 36,2,664,,51102,0,0,35 36,2,100,,51099,0,0,35 36,2,100,,51103,0,0,35 36,2
46200,'F8',655,,40535,0,0,35 36,2,100,,40533,0,0,35 36,2,100,,40536,0,0,35 36,2,664,,40537,0,0,35 36,2,100,,40534,0,0,35 36,2,100,,40538,0,0,35 36,2
46200,'F9',655,,40541,0,0,35 36,2,100,,40539,0,0,35 36,2,100,,40542,0,0,35 36,2,664,,40543,0,0,35 36,2,100,,40540,0,0,35 36,2,100,,40544,0,0,35 36,2
46200,'SA',655,,40547,0,0,35 36,2,100,,40545,0,0,35 36,2,100,,40548,0,0,35 36,2,664,,40549,0,0,35 36,2,100,,40546,0,0,35 36,2,100,,40550,0,0,35 36,2
46200,'SE',658,,51105,0,0,35 36,2,73,,51104,0,0,35 36,2,75,,51108,0,0,35 36,2,36,,51106,0,0,35 36,2,64,,51107,0,0,35 36,2,619,,51109,0,0,35 36,2,102,,51111,0,0,35 36,2,82,,51112,0,0,35 36,2,16,,51110,0,0,35 36,2
46201,'DI',653,,40562,18395,4,,2,100,,40560,18395,4,,2,100,,40563,18395,4,,2,664,,40564,18395,4,,2,100,,40561,18395,4,,2,100,,40565,18395,4,,2
46201,'F1',653,,51115,18395,4,,2,100,,51113,18395,4,,2,100,,51116,18395,4,,2,664,,51117,18395,4,,2,100,,51114,18395,4,,2,100,,51118,18395,4,,2
46201,'F2',653,,51121,18395,4,,2,100,,51119,18395,4,,2,100,,51122,18395,4,,2,664,,51123,18395,4,,2,100,,51120,18395,4,,2,100,,51124,18395,4,,2
46201,'F8',653,,40589,18395,4,,2,100,,40587,18395,4,,2,100,,40590,18395,4,,2,664,,40591,18395,4,,2,100,,40588,18395,4,,2,100,,40592,18395,4,,2
46201,'F9',653,,40595,18395,4,,2,100,,40593,18395,4,,2,100,,40596,18395,4,,2,664,,40597,18395,4,,2,100,,40594,18395,4,,2,100,,40598,18395,4,,2
46201,'SA',653,,40601,18395,4,,2,100,,40599,18395,4,,2,100,,40602,18395,4,,2,664,,40603,18395,4,,2,100,,40600,18395,4,,2,100,,40604,18395,4,,2
46201,'SE',656,,51126,18395,4,,2,73,,51125,18395,4,,2,75,,51129,18395,4,,2,36,,51127,18395,4,,2,64,,51128,18395,4,,2,619,,51130,18395,4,,2,102,,51132,18395,4,,2,82,,51133,18395,4,,2,16,,51131,18395,4,,2
