7100,'DI',618,,32973,5900,4,,2,30,,32953,5900,4,,2,70,,32976,5900,4,,2,30,,32968,5900,4,,2,70,,32978,5900,4,,2,30,,32967,5900,4,,2,71,,32950,5900,4,,2,29,,32948,5900,4,,2,71,,32949,5900,4,,2,30,,32956,5900,4,,2,70,,32969,5900,4,,2,30,,32979,5900,4,,2,70,,32974,5900,4,,2,35,,32954,5900,4,,2,65,,32975,5900,4,,2,30,,32955,5900,4,,2,70,,32977,5900,4,,2,30,,32972,5900,4,,2,70,,32963,5900,4,,2,30,,32959,5900,4,,2,70,,32966,5900,4,,2,30,,32960,5900,4,,2,68,,32957,5900,4,,2,32,,32961,5900,4,,2,70,,32958,5900,4,,2,30,,32962,5900,4,,2,100,,32964,5900,4,,2,99,,32965,5900,4,,2,100,,32971,5900,4,,2,100,,32951,5900,4,,2,100,,32952,5900,4,,2,100,,32970,5900,4,,2
7100,'F8',618,,33115,5900,4,,2,30,,33092,5900,4,,2,70,,33087,5900,4,,2,30,,33095,5900,4,,2,71,,33116,5900,4,,2,29,,33093,5900,4,,2,70,,33084,5900,4,,2,30,,33098,5900,4,,2,71,,33111,5900,4,,2,30,,33099,5900,4,,2,70,,33112,5900,4,,2,30,,33100,5900,4,,2,70,,33113,5900,4,,2,30,,33101,5900,4,,2,70,,33114,5900,4,,2,30,,33102,5900,4,,2,70,,33105,5900,4,,2,30,,33103,5900,4,,2,70,,33106,5900,4,,2,30,,33104,5900,4,,2,70,,33107,5900,4,,2,28,,33090,5900,4,,2,70,,33108,5900,4,,2,36,,33094,5900,4,,2,66,,33109,5900,4,,2,32,,33091,5900,4,,2,98,,33096,5900,4,,2,100,,33089,5900,4,,2,100,,33088,5900,4,,2,100,,33086,5900,4,,2,100,,33085,5900,4,,2,100,,33110,5900,4,,2,100,,33097,5900,4,,2
7100,'F9',618,,33142,5900,4,,2,30,,33122,5900,4,,2,70,,33145,5900,4,,2,30,,33137,5900,4,,2,70,,33147,5900,4,,2,30,,33136,5900,4,,2,71,,33119,5900,4,,2,29,,33117,5900,4,,2,71,,33118,5900,4,,2,30,,33125,5900,4,,2,70,,33138,5900,4,,2,30,,33148,5900,4,,2,70,,33143,5900,4,,2,35,,33123,5900,4,,2,65,,33144,5900,4,,2,30,,33124,5900,4,,2,70,,33146,5900,4,,2,30,,33141,5900,4,,2,70,,33132,5900,4,,2,30,,33128,5900,4,,2,70,,33135,5900,4,,2,30,,33129,5900,4,,2,68,,33126,5900,4,,2,32,,33130,5900,4,,2,70,,33127,5900,4,,2,30,,33131,5900,4,,2,100,,33133,5900,4,,2,99,,33134,5900,4,,2,100,,33140,5900,4,,2,100,,33120,5900,4,,2,100,,33121,5900,4,,2,100,,33139,5900,4,,2
7100,'SA',618,,33178,5900,4,,2,30,,33157,5900,4,,2,70,,33152,5900,4,,2,30,,33160,5900,4,,2,71,,33179,5900,4,,2,29,,33158,5900,4,,2,70,,33149,5900,4,,2,30,,33161,5900,4,,2,71,,33174,5900,4,,2,30,,33162,5900,4,,2,70,,33175,5900,4,,2,30,,33163,5900,4,,2,70,,33176,5900,4,,2,30,,33164,5900,4,,2,70,,33177,5900,4,,2,30,,33165,5900,4,,2,70,,33168,5900,4,,2,30,,33166,5900,4,,2,70,,33169,5900,4,,2,30,,33167,5900,4,,2,70,,33170,5900,4,,2,28,,33155,5900,4,,2,70,,33171,5900,4,,2,36,,33159,5900,4,,2,66,,33172,5900,4,,2,32,,33156,5900,4,,2,98,,11820,5900,4,,2,100,,33154,5900,4,,2,100,,33153,5900,4,,2,100,,33151,5900,4,,2,100,,33150,5900,4,,2,100,,33173,5900,4,,2,100,,11821,5900,4,,2
7100,'SE',541,,33191,5900,4,,2,100,,33182,5900,4,,2,80,,33183,5900,4,,2,82,,33212,5900,4,,2,46,,33197,5900,4,,2,71,,33188,5900,4,,2,29,,33209,5900,4,,2,70,,33184,5900,4,,2,30,,33210,5900,4,,2,70,,33185,5900,4,,2,30,,33190,5900,4,,2,70,,33186,5900,4,,2,30,,33198,5900,4,,2,70,,33196,5900,4,,2,30,,33199,5900,4,,2,70,,33187,5900,4,,2,31,,33192,5900,4,,2,71,,33213,5900,4,,2,31,,33211,5900,4,,2,60,,33194,5900,4,,2,21,,33200,5900,4,,2,25,,33208,5900,4,,2,57,,33195,5900,4,,2,18,,33201,5900,4,,2,19,,33202,5900,4,,2,72,,33193,5900,4,,2,26,,33203,5900,4,,2,70,,33215,5900,4,,2,30,,33189,5900,4,,2,69,,33216,5900,4,,2,30,,33181,5900,4,,2,70,,33217,5900,4,,2,30,,33204,5900,4,,2,70,,33218,5900,4,,2,30,,33205,5900,4,,2,70,,33180,5900,4,,2,30,,33206,5900,4,,2,68,,33214,5900,4,,2,30,,33207,5900,4,,2,70,,33219,5900,4,,2
7101,'DI',519,,33239,0,,,2,30,,33251,0,,,2,69,,33246,0,,,2,30,,33225,0,,,2,70,,33249,0,,,2,30,,33241,0,,,2,70,,33252,0,,,2,30,,33240,0,,,2,71,,33222,0,,,2,29,,33220,0,,,2,71,,33221,0,,,2,30,,33228,0,,,2,70,,33242,0,,,2,30,,33253,0,,,2,70,,33247,0,,,2,35,,33226,0,,,2,65,,33248,0,,,2,30,,33227,0,,,2,70,,33250,0,,,2,30,,33245,0,,,2,70,,33235,0,,,2,30,,33231,0,,,2,70,,33238,0,,,2,30,,33232,0,,,2,68,,33229,0,,,2,32,,33233,0,,,2,70,,33230,0,,,2,30,,33234,0,,,2,100,,33236,0,,,2,99,,33237,0,,,2,100,,33244,0,,,2,100,,33223,0,,,2,100,,33224,0,,,2,100,,33243,0,,,2
7101,'F8',519,,33380,0,,,2,30,,33377,0,,,2,69,,33401,0,,,2,30,,33376,0,,,2,70,,33371,0,,,2,30,,33381,0,,,2,71,,33402,0,,,2,29,,33378,0,,,2,70,,33368,0,,,2,30,,33384,0,,,2,71,,33397,0,,,2,30,,33385,0,,,2,70,,33398,0,,,2,30,,33386,0,,,2,70,,33399,0,,,2,30,,33387,0,,,2,70,,33400,0,,,2,30,,33388,0,,,2,70,,33391,0,,,2,30,,33389,0,,,2,70,,33392,0,,,2,30,,33390,0,,,2,70,,33393,0,,,2,28,,33374,0,,,2,70,,33394,0,,,2,36,,33379,0,,,2,66,,33395,0,,,2,32,,33375,0,,,2,98,,33382,0,,,2,100,,33373,0,,,2,100,,33372,0,,,2,100,,33370,0,,,2,100,,33369,0,,,2,100,,33396,0,,,2,100,,33383,0,,,2
7101,'F9',519,,33422,0,,,2,30,,33434,0,,,2,69,,33429,0,,,2,30,,33408,0,,,2,70,,33432,0,,,2,30,,33424,0,,,2,70,,33435,0,,,2,30,,33423,0,,,2,71,,33405,0,,,2,29,,33403,0,,,2,71,,33404,0,,,2,30,,33411,0,,,2,70,,33425,0,,,2,30,,33436,0,,,2,70,,33430,0,,,2,35,,33409,0,,,2,65,,33431,0,,,2,30,,33410,0,,,2,70,,33433,0,,,2,30,,33428,0,,,2,70,,33418,0,,,2,30,,33414,0,,,2,70,,33421,0,,,2,30,,33415,0,,,2,68,,33412,0,,,2,32,,33416,0,,,2,70,,33413,0,,,2,30,,33417,0,,,2,100,,33419,0,,,2,99,,33420,0,,,2,100,,33427,0,,,2,100,,33406,0,,,2,100,,33407,0,,,2,100,,33426,0,,,2
7101,'SA',519,,33449,0,,,2,30,,33446,0,,,2,69,,33468,0,,,2,30,,33445,0,,,2,70,,33440,0,,,2,30,,33450,0,,,2,71,,33469,0,,,2,29,,33447,0,,,2,70,,33437,0,,,2,30,,33451,0,,,2,71,,33464,0,,,2,30,,33452,0,,,2,70,,33465,0,,,2,30,,33453,0,,,2,70,,33466,0,,,2,30,,33454,0,,,2,70,,33467,0,,,2,30,,33455,0,,,2,70,,33458,0,,,2,30,,33456,0,,,2,70,,33459,0,,,2,30,,33457,0,,,2,70,,33460,0,,,2,28,,33443,0,,,2,70,,33461,0,,,2,36,,33448,0,,,2,66,,33462,0,,,2,32,,33444,0,,,2,98,,12078,0,,,2,100,,33442,0,,,2,100,,33441,0,,,2,100,,33439,0,,,2,100,,33438,0,,,2,100,,33463,0,,,2,100,,12079,0,,,2
7101,'SE',441,,33481,0,,,2,70,,33487,0,,,2,30,,33482,0,,,2,70,,33505,0,,,2,30,,33472,0,,,2,15,,33494,0,,,2,65,,33473,0,,,2,20,,33495,0,,,2,62,,33507,0,,,2,18,,33508,0,,,2,28,,33489,0,,,2,71,,33478,0,,,2,29,,33503,0,,,2,70,,33474,0,,,2,30,,33504,0,,,2,70,,33475,0,,,2,30,,33480,0,,,2,70,,33476,0,,,2,30,,33490,0,,,2,70,,33488,0,,,2,30,,33491,0,,,2,70,,33477,0,,,2,31,,33483,0,,,2,71,,33509,0,,,2,31,,33506,0,,,2,60,,33485,0,,,2,21,,33492,0,,,2,25,,33502,0,,,2,57,,33486,0,,,2,18,,33493,0,,,2,19,,33496,0,,,2,72,,33484,0,,,2,26,,33497,0,,,2,70,,33511,0,,,2,30,,33479,0,,,2,69,,33512,0,,,2,30,,33471,0,,,2,70,,33513,0,,,2,30,,33498,0,,,2,70,,33514,0,,,2,30,,33499,0,,,2,70,,33470,0,,,2,30,,33500,0,,,2,68,,33510,0,,,2,30,,33501,0,,,2,70,,33515,0,,,2
56500,'SE',1613,,40722,7733,,,2
