4200,'DI',617,,57252,2641,,,1,100,,57253,2641,,,1,100,,57254,2641,,,1,100,,57255,2641,,,1,100,,57256,2641,,,1,100,,57257,2641,,,1,100,,57258,2641,,,1,100,,57259,2641,,,1,100,,57260,2641,,,1,100,,57261,2641,,,1,100,,57262,2641,,,1,100,,57263,2641,,,1,100,,57264,2641,,,1,100,,57265,2641,,,1,100,,57266,2641,,,1,100,,57267,2641,,,1,100,,57268,2641,,,1,100,,57269,2641,,,1,100,,57270,2641,,,1,100,,57271,2641,,,1
4200,'F1',617,,57272,2641,,,1,100,,57273,2641,,,1,100,,57274,2641,,,1,100,,57275,2641,,,1,100,,57276,2641,,,1,100,,57277,2641,,,1,100,,57278,2641,,,1,100,,57279,2641,,,1,100,,57280,2641,,,1,100,,57281,2641,,,1,100,,57282,2641,,,1,100,,57283,2641,,,1,100,,57284,2641,,,1,100,,57285,2641,,,1,100,,57286,2641,,,1,100,,57287,2641,,,1,100,,57288,2641,,,1,100,,57289,2641,,,1,100,,57290,2641,,,1,100,,57291,2641,,,1
4200,'F2',617,,57292,2641,,,1,100,,57293,2641,,,1,100,,57294,2641,,,1,100,,57295,2641,,,1,100,,57296,2641,,,1,100,,57297,2641,,,1,100,,57298,2641,,,1,100,,57299,2641,,,1,100,,57300,2641,,,1,100,,57301,2641,,,1,100,,57302,2641,,,1,100,,57303,2641,,,1,100,,57304,2641,,,1,100,,57305,2641,,,1,100,,57306,2641,,,1,100,,57307,2641,,,1,100,,57308,2641,,,1,100,,57309,2641,,,1,100,,57310,2641,,,1,100,,57311,2641,,,1
4200,'SA',617,,57312,2641,,,1,100,,57313,2641,,,1,100,,57314,2641,,,1,100,,57315,2641,,,1,100,,57316,2641,,,1,100,,57317,2641,,,1,100,,57318,2641,,,1,100,,57319,2641,,,1,100,,57320,2641,,,1,100,,57321,2641,,,1,100,,57322,2641,,,1,100,,57323,2641,,,1,100,,57324,2641,,,1,100,,57325,2641,,,1,100,,57326,2641,,,1,100,,57327,2641,,,1,100,,57328,2641,,,1,100,,57329,2641,,,1,100,,57330,2641,,,1,100,,57331,2641,,,1
4200,'SE',558,,57363,2641,,,1,76,,57346,2641,,,1,69,,57360,2641,,,1,12,,57345,2641,,,1,6,,57340,2641,,,1,6,,57349,2641,,,1,6,,57347,2641,,,1,22,,57350,2641,,,1,62,,57373,2641,,,1,34,,57369,2641,,,1,70,,57374,2641,,,1,30,,57348,2641,,,1,70,,57342,2641,,,1,30,,57343,2641,,,1,70,,57339,2641,,,1,30,,57362,2641,,,1,70,,57335,2641,,,1,30,,57332,2641,,,1,70,,57370,2641,,,1,30,,57341,2641,,,1,70,,57338,2641,,,1,30,,57336,2641,,,1,71,,57351,2641,,,1,30,,57372,2641,,,1,67,,57333,2641,,,1,24,,57361,2641,,,1,15,,57337,2641,,,1,54,,57344,2641,,,1,14,,57371,2641,,,1,14,,57352,2641,,,1,15,,57334,2641,,,1,67,,57366,2641,,,1,30,,57353,2641,,,1,73,,57367,2641,,,1,34,,57354,2641,,,1,70,,57368,2641,,,1,29,,57355,2641,,,1,70,,57364,2641,,,1,30,,57356,2641,,,1,70,,57365,2641,,,1,91,,57357,2641,,,1,100,,57358,2641,,,1,100,,57359,2641,,,1
5000,'DI',720,,58000,2662,,,2,100,,58001,2662,,,2,100,,58007,2662,,,2,103,,58008,2662,,,2,94,,58002,2662,,,2,103,,58003,2662,,,2,103,,58004,2662,,,2,97,,57992,2662,,,2,96,,57994,2662,,,2,103,,57995,2662,,,2,106,,57996,2662,,,2,95,,58009,2662,,,2,100,,58005,2662,,,2,100,,57999,2662,,,2,100,,57997,2662,,,2,100,,58011,2662,,,2,100,,57998,2662,,,2,100,,57993,2662,,,2,100,,58010,2662,,,2
5000,'F1',720,,58020,2662,,,2,100,,58021,2662,,,2,100,,58027,2662,,,2,103,,58028,2662,,,2,94,,58022,2662,,,2,103,,58023,2662,,,2,103,,58024,2662,,,2,97,,58012,2662,,,2,96,,58014,2662,,,2,103,,58015,2662,,,2,106,,58016,2662,,,2,95,,58029,2662,,,2,100,,58025,2662,,,2,100,,58019,2662,,,2,100,,58017,2662,,,2,100,,58031,2662,,,2,100,,58018,2662,,,2,100,,58013,2662,,,2,100,,58030,2662,,,2
5000,'F2',620,,58032,2662,,,2,98,,58036,2662,,,2,102,,58038,2662,,,2,97,,58046,2662,,,2,103,,58043,2662,,,2,96,,58047,2662,,,2,102,,58033,2662,,,2,98,,58037,2662,,,2,99,,47381,2662,,,2,103,,58048,2662,,,2,103,,58049,2662,,,2,103,,58050,2662,,,2,96,,58034,2662,,,2,100,,58040,2662,,,2,100,,58039,2662,,,2,100,,58041,2662,,,2,97,,58044,2662,,,2,103,,58045,2662,,,2,101,,58035,2662,,,2,99,,58042,2662,,,2
5000,'SA',620,,58051,2662,,,2,98,,58055,2662,,,2,102,,58057,2662,,,2,97,,58065,2662,,,2,103,,58062,2662,,,2,96,,58066,2662,,,2,102,,58052,2662,,,2,98,,58056,2662,,,2,99,,31377,2662,,,2,103,,58067,2662,,,2,103,,58068,2662,,,2,103,,58069,2662,,,2,96,,58053,2662,,,2,100,,58059,2662,,,2,100,,58058,2662,,,2,100,,58060,2662,,,2,97,,58063,2662,,,2,103,,58064,2662,,,2,101,,58054,2662,,,2,99,,58061,2662,,,2
5000,'SE',710,,58082,2662,,,2,30,,58075,2662,,,2,70,,58081,2662,,,2,33,,58076,2662,,,2,67,,58073,2662,,,2,100,,58095,2662,,,2,100,,58088,2662,,,2,100,,58071,2662,,,2,100,,58078,2662,,,2,99,,58085,2662,,,2,102,,58079,2662,,,2,28,,58083,2662,,,2,70,,47419,2662,,,2,34,,58084,2662,,,2,66,,58086,2662,,,2,30,,58074,2662,,,2,70,,58091,2662,,,2,31,,58093,2662,,,2,70,,58087,2662,,,2,100,,58090,2662,,,2,100,,58092,2662,,,2,100,,58080,2662,,,2,100,,58070,2662,,,2,100,,58096,2662,,,2,100,,58094,2662,,,2
6000,'SE',627,,58258,2641,,,1,84,,58256,2641,,,1,37,,58259,2641,,,1,87,,58257,2641,,,1,101,,58251,2641,,,1,100,,58269,2641,,,1,100,,58254,2641,,,1,100,,58252,2641,,,1,100,,58255,2641,,,1,100,,58271,2641,,,1,96,,58260,2641,,,1,70,,58267,2641,,,1,25,,58253,2641,,,1,24,,58264,2641,,,1,68,,58262,2641,,,1,28,,58261,2641,,,1,65,,58265,2641,,,1,30,,58263,2641,,,1,69,,58250,2641,,,1,99,,58272,2641,,,1,99,,58273,2641,,,1,100,,58266,2641,,,1,50,,58268,2641,,,1,100,,58270,2641,,,1
16000,'DI',658,,62163,2641,0,19 20,1,100,,62168,2641,0,19 20,1,100,,62162,2641,0,19 20,1,100,,62156,2641,0,19 20,1,100,,62159,2641,0,19 20,1,100,,62165,2641,0,19 20,1,100,,62160,2641,0,19 20,1,100,,62169,2641,0,19 20,1,100,,62161,2641,0,19 20,1,100,,62164,2641,0,19 20,1,100,,62157,2641,0,19 20,1,100,,62166,2641,0,19 20,1,100,,62170,2641,0,19 20,1,142,,62158,2641,0,19 20,1,58,,62167,2641,0,19 20,1
16000,'F1',658,,62178,2641,0,19 20,1,100,,62183,2641,0,19 20,1,100,,62177,2641,0,19 20,1,100,,62171,2641,0,19 20,1,100,,62174,2641,0,19 20,1,100,,62180,2641,0,19 20,1,100,,62175,2641,0,19 20,1,100,,62184,2641,0,19 20,1,100,,62176,2641,0,19 20,1,100,,62179,2641,0,19 20,1,100,,62172,2641,0,19 20,1,100,,62181,2641,0,19 20,1,100,,62185,2641,0,19 20,1,142,,62173,2641,0,19 20,1,58,,62182,2641,0,19 20,1
16000,'F2',658,,62197,2641,0,19 20,1,99,,62186,2641,0,19 20,1,101,,62198,2641,0,19 20,1,100,,50222,2641,0,19 20,1,100,,62191,2641,0,19 20,1,99,,62194,2641,0,19 20,1,101,,62192,2641,0,19 20,1,100,,62189,2641,0,19 20,1,100,,62199,2641,0,19 20,1,100,,62190,2641,0,19 20,1,100,,62187,2641,0,19 20,1,100,,62195,2641,0,19 20,1,100,,62193,2641,0,19 20,1,101,,62188,2641,0,19 20,1,99,,62196,2641,0,19 20,1
16000,'SA',658,,62211,2641,0,19 20,1,99,,62200,2641,0,19 20,1,101,,62212,2641,0,19 20,1,100,,38455,2641,0,19 20,1,100,,62205,2641,0,19 20,1,99,,62208,2641,0,19 20,1,101,,62206,2641,0,19 20,1,100,,62203,2641,0,19 20,1,100,,62213,2641,0,19 20,1,100,,62204,2641,0,19 20,1,100,,62201,2641,0,19 20,1,100,,62209,2641,0,19 20,1,100,,62207,2641,0,19 20,1,101,,62202,2641,0,19 20,1,99,,62210,2641,0,19 20,1
16000,'SE',612,,62221,2641,0,19 20,1,95,,62214,2641,0,19 20,1,38,,62219,2641,0,19 20,1,95,,62215,2641,0,19 20,1,89,,62218,2641,0,19 20,1,86,,62230,2641,0,19 20,1,100,,62228,2641,0,19 20,1,100,,62222,2641,0,19 20,1,100,,62216,2641,0,19 20,1,100,,62231,2641,0,19 20,1,98,,62220,2641,0,19 20,1,30,,62229,2641,0,19 20,1,68,,62232,2641,0,19 20,1,24,,62237,2641,0,19 20,1,70,,62234,2641,0,19 20,1,28,,62233,2641,0,19 20,1,70,,62223,2641,0,19 20,1,30,,62236,2641,0,19 20,1,70,,62235,2641,0,19 20,1,47,,62217,2641,0,19 20,1,100,,62224,2641,0,19 20,1,100,,62226,2641,0,19 20,1,92,,62225,2641,0,19 20,1,100,,62227,2641,0,19 20,1
54201,'SE',902,,63455,2727,,,2
66500,'SE',1612,,63535,2184,,,2
67000,'SE',1611,,63538,2184,,,2,1,,63539,2184,,,2,1,,63537,2184,,,2
69601,'SE',831,,63594,193,,,2,1,,63593,193,,,2
