400,'DI',641,,52309,17296,,,1,69,,52302,17296,,,1,30,,52320,17296,,,1,70,,52312,17296,,,1,30,,52310,17296,,,1,72,,52303,17296,,,1,30,,52321,17296,,,1,72,,52313,17296,,,1,30,,52323,17296,,,1,70,,52304,17296,,,1,32,,52322,17296,,,1,70,,52314,17296,,,1,27,,52324,17296,,,1,71,,52305,17296,,,1,32,,52329,17296,,,1,70,,52327,17296,,,1,28,,52317,17296,,,1,71,,52306,17296,,,1,29,,52325,17296,,,1,70,,52330,17296,,,1,32,,52315,17296,,,1,70,,52307,17296,,,1,30,,52326,17296,,,1,70,,52331,17296,,,1,30,,52316,17296,,,1,68,,52318,17296,,,1,30,,52332,17296,,,1,70,,52328,17296,,,1,30,,52333,17296,,,1,70,,52319,17296,,,1,30,,52311,17296,,,1,70,,52334,17296,,,1,30,,52336,17296,,,1,100,,52335,17296,,,1,100,,52308,17296,,,1
400,'F2',641,,52373,17296,,,1,69,,52391,17296,,,1,30,,52375,17296,,,1,70,,52380,17296,,,1,30,,52374,17296,,,1,72,,52392,17296,,,1,30,,52376,17296,,,1,72,,52381,17296,,,1,31,,52383,17296,,,1,70,,52393,17296,,,1,31,,52377,17296,,,1,70,,52382,17296,,,1,30,,52399,17296,,,1,70,,52397,17296,,,1,30,,52372,17296,,,1,70,,52384,17296,,,1,30,,52390,17296,,,1,70,,52385,17296,,,1,30,,52395,17296,,,1,70,,52378,17296,,,1,30,,52398,17296,,,1,70,,52394,17296,,,1,30,,52379,17296,,,1,70,,52387,17296,,,1,28,,52389,17296,,,1,70,,52401,17296,,,1,30,,52386,17296,,,1,70,,52404,17296,,,1,30,,52402,17296,,,1,70,,52403,17296,,,1,30,,52396,17296,,,1,70,,52405,17296,,,1,30,,52406,17296,,,1,100,,52400,17296,,,1,100,,52388,17296,,,1
400,'SA',641,,52408,17296,,,1,69,,52426,17296,,,1,30,,52410,17296,,,1,70,,52415,17296,,,1,30,,52409,17296,,,1,72,,52427,17296,,,1,30,,52411,17296,,,1,72,,52416,17296,,,1,31,,52418,17296,,,1,70,,52428,17296,,,1,31,,52412,17296,,,1,70,,52417,17296,,,1,30,,52434,17296,,,1,70,,52432,17296,,,1,30,,52407,17296,,,1,70,,52419,17296,,,1,30,,52425,17296,,,1,70,,52420,17296,,,1,30,,52430,17296,,,1,70,,52413,17296,,,1,30,,52433,17296,,,1,70,,52429,17296,,,1,30,,52414,17296,,,1,70,,52422,17296,,,1,28,,52424,17296,,,1,70,,52436,17296,,,1,30,,52421,17296,,,1,70,,52439,17296,,,1,30,,52437,17296,,,1,70,,52438,17296,,,1,30,,52431,17296,,,1,70,,52440,17296,,,1,30,,52441,17296,,,1,100,,52435,17296,,,1,100,,52423,17296,,,1
400,'SE',544,,52473,17296,,,1,65,,52469,17296,,,1,28,,52468,17296,,,1,20,,52475,17296,,,1,55,,52476,17296,,,1,20,,52467,17296,,,1,26,,52478,17296,,,1,60,,52470,17296,,,1,24,,52479,17296,,,1,9,,52483,17296,,,1,72,,52474,17296,,,1,13,,52453,17296,,,1,23,,52442,17296,,,1,70,,52455,17296,,,1,30,,52447,17296,,,1,70,,52448,17296,,,1,30,,52449,17296,,,1,70,,52451,17296,,,1,30,,52460,17296,,,1,70,,52461,17296,,,1,30,,52450,17296,,,1,69,,52446,17296,,,1,29,,52443,17296,,,1,73,,52477,17296,,,1,26,,52482,17296,,,1,77,,52480,17296,,,1,69,,52471,17296,,,1,30,,52472,17296,,,1,69,,52481,17296,,,1,24,,52459,17296,,,1,20,,52454,17296,,,1,71,,52464,17296,,,1,34,,52457,17296,,,1,70,,52444,17296,,,1,30,,52463,17296,,,1,68,,52465,17296,,,1,30,,52462,17296,,,1,70,,52452,17296,,,1,27,,52458,17296,,,1,70,,52466,17296,,,1,100,,52456,17296,,,1
7701,'DI',826,,60045,11626,,,1,100,,60047,11626,,,1,100,,60046,11626,,,1,100,,60048,11626,,,1,100,,60049,11626,,,1,100,,60051,11626,,,1,100,,60050,11626,,,1,102,,60052,11626,,,1,100,,60043,11626,,,1,100,,60053,11626,,,1,100,,60044,11626,,,1,97,,60054,11626,,,1,98,,60055,11626,,,1,100,,60057,11626,,,1,100,,60056,11626,,,1
7701,'F2',826,,60073,11626,,,1,100,,60075,11626,,,1,100,,60074,11626,,,1,100,,60076,11626,,,1,100,,60078,11626,,,1,100,,60077,11626,,,1,100,,60079,11626,,,1,102,,60080,11626,,,1,100,,60081,11626,,,1,100,,60083,11626,,,1,100,,60082,11626,,,1,97,,60084,11626,,,1,98,,60085,11626,,,1,100,,60087,11626,,,1,100,,60086,11626,,,1
7701,'SA',826,,60088,11626,,,1,100,,60090,11626,,,1,100,,60089,11626,,,1,100,,60091,11626,,,1,100,,60093,11626,,,1,100,,60092,11626,,,1,100,,60094,11626,,,1,102,,60095,11626,,,1,100,,60096,11626,,,1,100,,60098,11626,,,1,100,,60097,11626,,,1,97,,60099,11626,,,1,98,,60100,11626,,,1,100,,60102,11626,,,1,100,,60101,11626,,,1
7701,'SE',647,,60103,11626,,,1,11,,60106,11626,,,1,47,,60124,11626,,,1,7,,60107,11626,,,1,10,,60108,11626,,,1,5,,60111,11626,,,1,6,,60112,11626,,,1,18,,60113,11626,,,1,72,,60126,11626,,,1,30,,60104,11626,,,1,67,,60125,11626,,,1,4,,60109,11626,,,1,32,,60114,11626,,,1,70,,60127,11626,,,1,30,,60105,11626,,,1,70,,60110,11626,,,1,30,,60115,11626,,,1,72,,60128,11626,,,1,29,,60129,11626,,,1,71,,60130,11626,,,1,73,,60116,11626,,,1,30,,60131,11626,,,1,70,,60118,11626,,,1,29,,60122,11626,,,1,73,,60117,11626,,,1,30,,60134,11626,,,1,71,,60119,11626,,,1,25,,60123,11626,,,1,30,,60137,11626,,,1,74,,60120,11626,,,1,70,,60135,11626,,,1,28,,60132,11626,,,1,69,,60138,11626,,,1,30,,60121,11626,,,1,72,,60136,11626,,,1,27,,60133,11626,,,1,26,,60139,11626,,,1
42101,'SE',609,,62811,7908,,,1,38,,62809,7908,,,1,65,,62808,7908,,,1,22,,62819,7908,,,1,17,,62812,7908,,,1,72,,62817,7908,,,1,722,,62813,7908,,,1,75,,62820,7908,,,1,20,,62818,7908,,,1,70,,62816,7908,,,1,29,,62814,7908,,,1,69,,62815,7908,,,1,534,,62807,7908,,,1
53500,'SE',1631,,63444,5180,,,2
90101,'DI',543,,63968,19618,,,1,80,,63792,19618,,,1,30,,63797,19618,,,1,70,,63791,19618,,,1,30,,63807,19618,,,1,73,,63804,19618,,,1,32,,63798,19618,,,1,72,,63786,19618,,,1,71,,63793,19618,,,1,30,,63789,19618,,,1,70,,63808,19618,,,1,31,,63805,19618,,,1,70,,63803,19618,,,1,31,,63794,19618,,,1,73,,63811,19618,,,1,28,,63800,19618,,,1,70,,63809,19618,,,1,29,,63781,19618,,,1,25,,63795,19618,,,1,75,,63787,19618,,,1,70,,63779,19618,,,1,31,,63810,19618,,,1,70,,63783,19618,,,1,30,,63799,19618,,,1,68,,63790,19618,,,1,30,,63780,19618,,,1,27,,63806,19618,,,1,75,,63788,19618,,,1,104,,63785,19618,,,1,97,,63801,19618,,,1,100,,63782,19618,,,1,100,,63784,19618,,,1,100,,63796,19618,,,1,100,,63802,19618,,,1
90101,'F2',623,,63860,19618,,,1,30,,63869,19618,,,1,70,,63864,19618,,,1,30,,63866,19618,,,1,73,,63872,19618,,,1,32,,63863,19618,,,1,72,,63861,19618,,,1,71,,63868,19618,,,1,30,,63874,19618,,,1,70,,63849,19618,,,1,31,,63862,19618,,,1,70,,63873,19618,,,1,31,,63865,19618,,,1,73,,63875,19618,,,1,28,,63854,19618,,,1,70,,63851,19618,,,1,29,,63845,19618,,,1,25,,63858,19618,,,1,75,,63876,19618,,,1,70,,63855,19618,,,1,31,,63852,19618,,,1,70,,63846,19618,,,1,30,,63847,19618,,,1,68,,63870,19618,,,1,30,,63856,19618,,,1,27,,63850,19618,,,1,75,,63859,19618,,,1,104,,63877,19618,,,1,97,,63853,19618,,,1,100,,63867,19618,,,1,100,,63857,19618,,,1,100,,63848,19618,,,1,100,,63871,19618,,,1
90101,'SA',543,,63969,19618,,,1,80,,63893,19618,,,1,30,,63902,19618,,,1,70,,63897,19618,,,1,30,,63899,19618,,,1,73,,63905,19618,,,1,32,,63896,19618,,,1,72,,63894,19618,,,1,71,,63901,19618,,,1,30,,63907,19618,,,1,70,,63882,19618,,,1,31,,63895,19618,,,1,70,,63906,19618,,,1,31,,63898,19618,,,1,73,,63908,19618,,,1,28,,63887,19618,,,1,70,,63884,19618,,,1,29,,63878,19618,,,1,25,,63891,19618,,,1,75,,63909,19618,,,1,70,,63888,19618,,,1,31,,63885,19618,,,1,70,,63879,19618,,,1,30,,63880,19618,,,1,68,,63903,19618,,,1,30,,63889,19618,,,1,27,,63883,19618,,,1,75,,63892,19618,,,1,104,,63910,19618,,,1,97,,63886,19618,,,1,100,,63900,19618,,,1,100,,63890,19618,,,1,100,,63881,19618,,,1,100,,63904,19618,,,1
90101,'SE',538,,63970,19618,,,1,67,,63942,19618,,,1,30,,63945,19618,,,1,16,,63949,19618,,,1,55,,63917,19618,,,1,15,,63939,19618,,,1,15,,63919,19618,,,1,15,,63924,19618,,,1,50,,63948,19618,,,1,16,,63922,19618,,,1,10,,63927,19618,,,1,10,,63943,19618,,,1,12,,63914,19618,,,1,8,,63918,19618,,,1,45,,63944,19618,,,1,10,,63946,19618,,,1,10,,63920,19618,,,1,12,,63954,19618,,,1,15,,63941,19618,,,1,52,,63923,19618,,,1,20,,63925,19618,,,1,20,,63950,19618,,,1,60,,63928,19618,,,1,20,,63915,19618,,,1,20,,63947,19618,,,1,60,,63955,19618,,,1,20,,63911,19618,,,1,20,,63913,19618,,,1,60,,63926,19618,,,1,20,,63921,19618,,,1,20,,63929,19618,,,1,60,,63916,19618,,,1,20,,63958,19618,,,1,20,,63956,19618,,,1,60,,63930,19618,,,1,20,,63940,19618,,,1,23,,63953,19618,,,1,60,,63957,19618,,,1,20,,63931,19618,,,1,20,,63951,19618,,,1,70,,63959,19618,,,1,29,,63961,19618,,,1,73,,63963,19618,,,1,27,,63933,19618,,,1,72,,63952,19618,,,1,30,,63960,19618,,,1,63,,63935,19618,,,1,30,,63912,19618,,,1,70,,63962,19618,,,1,31,,63964,19618,,,1,70,,63932,19618,,,1,30,,63936,19618,,,1,70,,63937,19618,,,1,100,,63965,19618,,,1,100,,63934,19618,,,1,100,,63938,19618,,,1
