6101,'DI',717,,32655,9089,,,2,30,,32652,9089,,,2,72,,32658,9089,,,2,17,,32656,9089,,,2,70,,32653,9089,,,2,30,,32659,9089,,,2,70,,32657,9089,,,2,30,,32654,9089,,,2,70,,32660,9089,,,2,30,,32661,9089,,,2,70,,32665,9089,,,2,30,,32669,9089,,,2,70,,32662,9089,,,2,30,,32666,9089,,,2,70,,32670,9089,,,2,30,,32663,9089,,,2,70,,32667,9089,,,2,30,,32671,9089,,,2,70,,32664,9089,,,2,34,,32668,9089,,,2,61,,32672,9089,,,2,35,,32674,9089,,,2,20,,32677,9089,,,2,80,,32673,9089,,,2,65,,32675,9089,,,2,30,,32678,9089,,,2,85,,32676,9089,,,2,100,,32679,9089,,,2,100,,32680,9089,,,2,100,,32681,9089,,,2
6101,'F1',717,,47923,9089,,,2,30,,47920,9089,,,2,72,,47926,9089,,,2,17,,47924,9089,,,2,70,,47921,9089,,,2,30,,47927,9089,,,2,70,,47925,9089,,,2,30,,47922,9089,,,2,70,,47928,9089,,,2,30,,47929,9089,,,2,70,,47933,9089,,,2,30,,47937,9089,,,2,70,,47930,9089,,,2,30,,47934,9089,,,2,70,,47938,9089,,,2,30,,47931,9089,,,2,70,,47935,9089,,,2,30,,47939,9089,,,2,70,,47932,9089,,,2,34,,47936,9089,,,2,61,,47940,9089,,,2,35,,47942,9089,,,2,20,,47945,9089,,,2,80,,47941,9089,,,2,65,,47943,9089,,,2,30,,47946,9089,,,2,85,,47944,9089,,,2,100,,47947,9089,,,2,100,,47948,9089,,,2,100,,47949,9089,,,2
6101,'F2',717,,47955,9089,,,2,30,,47952,9089,,,2,72,,47958,9089,,,2,17,,47956,9089,,,2,70,,47953,9089,,,2,30,,47959,9089,,,2,70,,47957,9089,,,2,30,,47954,9089,,,2,70,,47960,9089,,,2,30,,47961,9089,,,2,70,,47965,9089,,,2,30,,47967,9089,,,2,70,,47962,9089,,,2,30,,47966,9089,,,2,70,,47968,9089,,,2,30,,47963,9089,,,2,70,,47969,9089,,,2,30,,47973,9089,,,2,70,,47964,9089,,,2,34,,47970,9089,,,2,61,,47974,9089,,,2,35,,47976,9089,,,2,20,,47971,9089,,,2,80,,47975,9089,,,2,65,,47977,9089,,,2,30,,47972,9089,,,2,85,,47978,9089,,,2,100,,47980,9089,,,2,100,,47979,9089,,,2,100,,47982,9089,,,2
6101,'F8',717,,32803,9089,,,2,30,,32800,9089,,,2,72,,32806,9089,,,2,17,,32804,9089,,,2,70,,32801,9089,,,2,30,,32807,9089,,,2,70,,32805,9089,,,2,30,,32802,9089,,,2,70,,32808,9089,,,2,30,,32809,9089,,,2,70,,32813,9089,,,2,30,,32815,9089,,,2,70,,32810,9089,,,2,30,,32814,9089,,,2,70,,32816,9089,,,2,30,,32811,9089,,,2,70,,32817,9089,,,2,30,,32821,9089,,,2,70,,32812,9089,,,2,34,,32818,9089,,,2,61,,32822,9089,,,2,35,,32824,9089,,,2,20,,32819,9089,,,2,80,,32823,9089,,,2,65,,32825,9089,,,2,30,,32820,9089,,,2,85,,32826,9089,,,2,100,,32828,9089,,,2,100,,32827,9089,,,2,100,,32830,9089,,,2
6101,'F9',717,,32835,9089,,,2,30,,32832,9089,,,2,72,,32838,9089,,,2,17,,32836,9089,,,2,70,,32833,9089,,,2,30,,32839,9089,,,2,70,,32837,9089,,,2,30,,32834,9089,,,2,70,,32840,9089,,,2,30,,32841,9089,,,2,70,,32845,9089,,,2,30,,32849,9089,,,2,70,,32842,9089,,,2,30,,32846,9089,,,2,70,,32850,9089,,,2,30,,32843,9089,,,2,70,,32847,9089,,,2,30,,32851,9089,,,2,70,,32844,9089,,,2,34,,32848,9089,,,2,61,,32852,9089,,,2,35,,32854,9089,,,2,20,,32857,9089,,,2,80,,32853,9089,,,2,65,,32855,9089,,,2,30,,32858,9089,,,2,85,,32856,9089,,,2,100,,32859,9089,,,2,100,,32860,9089,,,2,100,,32861,9089,,,2
6101,'SA',717,,32867,9089,,,2,30,,32864,9089,,,2,72,,32870,9089,,,2,17,,32868,9089,,,2,70,,32865,9089,,,2,30,,32871,9089,,,2,70,,32869,9089,,,2,30,,32866,9089,,,2,70,,32872,9089,,,2,30,,32873,9089,,,2,70,,32877,9089,,,2,30,,32879,9089,,,2,70,,32874,9089,,,2,30,,32878,9089,,,2,70,,32880,9089,,,2,30,,32875,9089,,,2,70,,32881,9089,,,2,30,,32885,9089,,,2,70,,32876,9089,,,2,34,,32882,9089,,,2,61,,32886,9089,,,2,35,,32888,9089,,,2,20,,32883,9089,,,2,80,,32887,9089,,,2,65,,32889,9089,,,2,30,,32884,9089,,,2,85,,32890,9089,,,2,100,,32892,9089,,,2,100,,32891,9089,,,2,100,,32894,9089,,,2
6101,'SE',555,,48033,9089,,,2,70,,48035,9089,,,2,10,,47988,9089,,,2,15,,47991,9089,,,2,9,,47985,9089,,,2,54,,47994,9089,,,2,15,,47984,9089,,,2,7,,47998,9089,,,2,17,,47992,9089,,,2,49,,47997,9089,,,2,19,,47989,9089,,,2,24,,47986,9089,,,2,62,,47995,9089,,,2,15,,47999,9089,,,2,36,,47990,9089,,,2,70,,47987,9089,,,2,30,,47996,9089,,,2,72,,48034,9089,,,2,30,,47993,9089,,,2,70,,48000,9089,,,2,71,,48004,9089,,,2,30,,48001,9089,,,2,70,,48002,9089,,,2,33,,48006,9089,,,2,21,,48008,9089,,,2,67,,48011,9089,,,2,23,,48003,9089,,,2,60,,48005,9089,,,2,24,,48013,9089,,,2,4,,48015,9089,,,2,25,,48009,9089,,,2,47,,48010,9089,,,2,14,,48016,9089,,,2,13,,48017,9089,,,2,14,,48007,9089,,,2,55,,48020,9089,,,2,6,,48023,9089,,,2,15,,48014,9089,,,2,14,,48012,9089,,,2,24,,48025,9089,,,2,64,,48018,9089,,,2,28,,48028,9089,,,2,69,,48031,9089,,,2,30,,48021,9089,,,2,69,,48024,9089,,,2,29,,48032,9089,,,2,70,,48019,9089,,,2,29,,48029,9089,,,2,70,,48026,9089,,,2
8000,'DI',630,,35390,11777,0,50,1,100,,35391,11777,0,50,1,100,,35392,11777,0,50,1,100,,35393,11777,0,50,1,100,,35394,11777,0,50,1,100,,35395,11777,0,50,1,100,,35396,11777,0,50,1,100,,35397,11777,0,50,1,100,,35398,11777,0,50,1,100,,35399,11777,0,50,1,100,,35400,11777,0,50,1,101,,35401,11777,0,50,1,100,,35402,11777,0,50,1,100,,35403,11777,0,50,1,100,,35404,11777,0,50,1,100,,35405,11777,0,50,1,100,,35406,11777,0,50,1,100,,35407,11777,0,50,1,100,,35408,11777,0,50,1
8000,'F1',630,,49010,11777,0,50,1,100,,49011,11777,0,50,1,100,,49012,11777,0,50,1,100,,49013,11777,0,50,1,100,,49014,11777,0,50,1,100,,49015,11777,0,50,1,100,,49016,11777,0,50,1,100,,49017,11777,0,50,1,100,,49018,11777,0,50,1,100,,49019,11777,0,50,1,100,,49020,11777,0,50,1,101,,49021,11777,0,50,1,100,,49022,11777,0,50,1,100,,49023,11777,0,50,1,100,,49024,11777,0,50,1,100,,49025,11777,0,50,1,100,,49026,11777,0,50,1,100,,49027,11777,0,50,1,100,,49028,11777,0,50,1
8000,'F2',631,,49029,11777,0,50,1,100,,49030,11777,0,50,1,100,,49031,11777,0,50,1,100,,49032,11777,0,50,1,100,,49033,11777,0,50,1,100,,49034,11777,0,50,1,100,,49035,11777,0,50,1,100,,49036,11777,0,50,1,100,,49037,11777,0,50,1,100,,49038,11777,0,50,1,100,,49039,11777,0,50,1,100,,49040,11777,0,50,1,100,,49041,11777,0,50,1,100,,49042,11777,0,50,1,100,,49043,11777,0,50,1,100,,49044,11777,0,50,1,100,,49045,11777,0,50,1,100,,49046,11777,0,50,1,100,,49047,11777,0,50,1
8000,'F8',631,,35470,11777,0,50,1,100,,35471,11777,0,50,1,100,,35472,11777,0,50,1,100,,35473,11777,0,50,1,100,,35474,11777,0,50,1,100,,35475,11777,0,50,1,100,,35476,11777,0,50,1,100,,35477,11777,0,50,1,100,,35478,11777,0,50,1,100,,35479,11777,0,50,1,100,,35480,11777,0,50,1,100,,35481,11777,0,50,1,100,,35482,11777,0,50,1,100,,35483,11777,0,50,1,100,,35484,11777,0,50,1,100,,35485,11777,0,50,1,100,,35486,11777,0,50,1,100,,35487,11777,0,50,1,100,,35488,11777,0,50,1
8000,'F9',630,,35489,11777,0,50,1,100,,35490,11777,0,50,1,100,,35491,11777,0,50,1,100,,35492,11777,0,50,1,100,,35493,11777,0,50,1,100,,35494,11777,0,50,1,100,,35495,11777,0,50,1,100,,35496,11777,0,50,1,100,,35497,11777,0,50,1,100,,35498,11777,0,50,1,100,,35499,11777,0,50,1,101,,35500,11777,0,50,1,100,,35501,11777,0,50,1,100,,35502,11777,0,50,1,100,,35503,11777,0,50,1,100,,35504,11777,0,50,1,100,,35505,11777,0,50,1,100,,35506,11777,0,50,1,100,,35507,11777,0,50,1
8000,'SA',631,,35508,11777,0,50,1,100,,35509,11777,0,50,1,100,,35510,11777,0,50,1,100,,35511,11777,0,50,1,100,,35512,11777,0,50,1,100,,35513,11777,0,50,1,100,,35514,11777,0,50,1,100,,35515,11777,0,50,1,100,,35516,11777,0,50,1,100,,35517,11777,0,50,1,100,,35518,11777,0,50,1,100,,35519,11777,0,50,1,100,,35520,11777,0,50,1,100,,35521,11777,0,50,1,100,,35522,11777,0,50,1,100,,35523,11777,0,50,1,100,,35524,11777,0,50,1,100,,35525,11777,0,50,1,100,,35526,11777,0,50,1
8000,'SE',552,,49052,11777,0,50,1,80,,49061,11777,0,50,1,69,,49055,11777,0,50,1,29,,49062,11777,0,50,1,70,,49063,11777,0,50,1,33,,49049,11777,0,50,1,97,,49050,11777,0,50,1,101,,49051,11777,0,50,1,100,,49056,11777,0,50,1,100,,49057,11777,0,50,1,100,,49058,11777,0,50,1,100,,49059,11777,0,50,1,100,,49060,11777,0,50,1,25,,49064,11777,0,50,1,75,,49053,11777,0,50,1,70,,49065,11777,0,50,1,24,,49048,11777,0,50,1,86,,49066,11777,0,50,1,100,,49054,11777,0,50,1,100,,49067,11777,0,50,1,99,,49068,11777,0,50,1,100,,49069,11777,0,50,1,100,,49070,11777,0,50,1,100,,49071,11777,0,50,1
16101,'DI',551,,38767,556,0,35 36,2,1172,,38766,556,0,35 36,2
16101,'F1',551,,50378,556,0,35 36,2,1172,,50377,556,0,35 36,2
16101,'F2',551,,50390,556,0,35 36,2,1172,,50391,556,0,35 36,2
16101,'F8',551,,38824,556,0,35 36,2,1172,,38825,556,0,35 36,2
16101,'F9',551,,38838,556,0,35 36,2,1172,,38837,556,0,35 36,2
16101,'SA',551,,38849,556,0,35 36,2,1172,,38850,556,0,35 36,2
16101,'SE',626,,50408,556,0,35 36,2,33,,50406,556,0,35 36,2,72,,50409,556,0,35 36,2,502,,50407,556,0,35 36,2,372,,50410,556,0,35 36,2,36,,50405,556,0,35 36,2,78,,50411,556,0,35 36,2
18000,'SE',1606,,50448,11777,0,50,2,31,,50444,11777,0,50,2,18,,50447,11777,0,50,2,64,,50449,11777,0,50,2,32,,50445,11777,0,50,2,70,,50446,11777,0,50,2,20,,50450,11777,0,50,2
