400,'DI',638,,21106,5074,,,1,70,,21112,5074,,,1,30,,21124,5074,,,1,70,,21121,5074,,,1,32,,21107,5074,,,1,70,,21113,5074,,,1,32,,21127,5074,,,1,70,,21129,5074,,,1,30,,21108,5074,,,1,71,,21114,5074,,,1,30,,21128,5074,,,1,67,,21130,5074,,,1,31,,21109,5074,,,1,72,,21135,5074,,,1,30,,21136,5074,,,1,68,,21131,5074,,,1,31,,21110,5074,,,1,69,,21115,5074,,,1,30,,21138,5074,,,1,72,,21118,5074,,,1,30,,21111,5074,,,1,70,,21116,5074,,,1,30,,21139,5074,,,1,72,,21119,5074,,,1,28,,21132,5074,,,1,70,,21137,5074,,,1,30,,21134,5074,,,1,70,,21126,5074,,,1,30,,21133,5074,,,1,70,,21122,5074,,,1,30,,21105,5074,,,1,70,,21117,5074,,,1,100,,21123,5074,,,1,100,,21125,5074,,,1
400,'F1',638,,43386,5074,,,1,70,,43392,5074,,,1,30,,43404,5074,,,1,70,,43401,5074,,,1,32,,43387,5074,,,1,70,,43393,5074,,,1,32,,43407,5074,,,1,70,,43409,5074,,,1,30,,43388,5074,,,1,71,,43394,5074,,,1,30,,43408,5074,,,1,67,,43410,5074,,,1,31,,43389,5074,,,1,72,,43415,5074,,,1,30,,43416,5074,,,1,68,,43411,5074,,,1,31,,43390,5074,,,1,69,,43395,5074,,,1,30,,43418,5074,,,1,72,,43398,5074,,,1,30,,43391,5074,,,1,70,,43396,5074,,,1,30,,43419,5074,,,1,72,,43399,5074,,,1,28,,43412,5074,,,1,70,,43417,5074,,,1,30,,43414,5074,,,1,70,,43406,5074,,,1,30,,43413,5074,,,1,70,,43402,5074,,,1,30,,43385,5074,,,1,70,,43397,5074,,,1,100,,43403,5074,,,1,100,,43405,5074,,,1
400,'F2',638,,43421,5074,,,1,70,,43429,5074,,,1,30,,43430,5074,,,1,70,,43426,5074,,,1,32,,43422,5074,,,1,70,,43448,5074,,,1,32,,43431,5074,,,1,71,,43427,5074,,,1,30,,43423,5074,,,1,70,,43449,5074,,,1,30,,43432,5074,,,1,70,,43442,5074,,,1,30,,43453,5074,,,1,70,,43440,5074,,,1,30,,43452,5074,,,1,70,,43436,5074,,,1,30,,43420,5074,,,1,70,,43433,5074,,,1,30,,43443,5074,,,1,70,,43454,5074,,,1,30,,43451,5074,,,1,70,,43439,5074,,,1,30,,43445,5074,,,1,70,,43438,5074,,,1,30,,43428,5074,,,1,70,,43444,5074,,,1,30,,43435,5074,,,1,70,,43424,5074,,,1,30,,43447,5074,,,1,70,,43434,5074,,,1,30,,43446,5074,,,1,70,,43450,5074,,,1,100,,43441,5074,,,1,100,,43437,5074,,,1
400,'F8',638,,21250,5074,,,1,70,,21258,5074,,,1,30,,21259,5074,,,1,70,,21255,5074,,,1,32,,21251,5074,,,1,70,,21277,5074,,,1,32,,21260,5074,,,1,71,,21256,5074,,,1,30,,21252,5074,,,1,70,,21278,5074,,,1,30,,21261,5074,,,1,70,,21271,5074,,,1,30,,21282,5074,,,1,70,,21269,5074,,,1,30,,21281,5074,,,1,70,,21265,5074,,,1,30,,21249,5074,,,1,70,,21262,5074,,,1,30,,21272,5074,,,1,70,,21283,5074,,,1,30,,21280,5074,,,1,70,,21268,5074,,,1,30,,21274,5074,,,1,70,,21267,5074,,,1,30,,21257,5074,,,1,70,,21273,5074,,,1,30,,21264,5074,,,1,70,,21253,5074,,,1,30,,21276,5074,,,1,70,,21263,5074,,,1,30,,21275,5074,,,1,70,,21279,5074,,,1,100,,21270,5074,,,1,100,,21266,5074,,,1
400,'F9',638,,21285,5074,,,1,70,,21291,5074,,,1,30,,21303,5074,,,1,70,,21300,5074,,,1,32,,21286,5074,,,1,70,,21292,5074,,,1,32,,21306,5074,,,1,70,,21308,5074,,,1,30,,21287,5074,,,1,71,,21293,5074,,,1,30,,21307,5074,,,1,67,,21309,5074,,,1,31,,21288,5074,,,1,72,,21314,5074,,,1,30,,21315,5074,,,1,68,,21310,5074,,,1,31,,21289,5074,,,1,69,,21294,5074,,,1,30,,21317,5074,,,1,72,,21297,5074,,,1,30,,21290,5074,,,1,70,,21295,5074,,,1,30,,21318,5074,,,1,72,,21298,5074,,,1,28,,21311,5074,,,1,70,,21316,5074,,,1,30,,21313,5074,,,1,70,,21305,5074,,,1,30,,21312,5074,,,1,70,,21301,5074,,,1,30,,21284,5074,,,1,70,,21296,5074,,,1,100,,21302,5074,,,1,100,,21304,5074,,,1
400,'SA',638,,21319,5074,,,1,70,,1103,5074,,,1,30,,1104,5074,,,1,70,,1102,5074,,,1,32,,21320,5074,,,1,70,,21339,5074,,,1,32,,1105,5074,,,1,71,,21323,5074,,,1,30,,21321,5074,,,1,70,,21340,5074,,,1,30,,1106,5074,,,1,70,,21333,5074,,,1,30,,21344,5074,,,1,70,,21331,5074,,,1,30,,21343,5074,,,1,70,,21327,5074,,,1,30,,1099,5074,,,1,70,,1107,5074,,,1,30,,21334,5074,,,1,70,,21345,5074,,,1,30,,21342,5074,,,1,70,,21330,5074,,,1,30,,21336,5074,,,1,70,,21329,5074,,,1,30,,21324,5074,,,1,70,,21335,5074,,,1,30,,21326,5074,,,1,70,,21322,5074,,,1,30,,21338,5074,,,1,70,,21325,5074,,,1,30,,21337,5074,,,1,70,,21341,5074,,,1,100,,21332,5074,,,1,100,,21328,5074,,,1
400,'SE',605,,43492,5074,,,1,20,,43481,5074,,,1,15,,43485,5074,,,1,60,,43488,5074,,,1,26,,43483,5074,,,1,18,,43490,5074,,,1,64,,43493,5074,,,1,11,,43491,5074,,,1,32,,43496,5074,,,1,53,,43461,5074,,,1,23,,43455,5074,,,1,30,,43476,5074,,,1,70,,43465,5074,,,1,30,,43462,5074,,,1,70,,43459,5074,,,1,30,,43463,5074,,,1,70,,43469,5074,,,1,30,,43456,5074,,,1,70,,43458,5074,,,1,29,,43478,5074,,,1,69,,43470,5074,,,1,32,,43486,5074,,,1,66,,43480,5074,,,1,34,,43484,5074,,,1,71,,43487,5074,,,1,30,,43494,5074,,,1,70,,43495,5074,,,1,25,,43457,5074,,,1,60,,43471,5074,,,1,33,,43472,5074,,,1,74,,43460,5074,,,1,30,,43475,5074,,,1,70,,43467,5074,,,1,29,,43468,5074,,,1,70,,43479,5074,,,1,30,,43466,5074,,,1,69,,43477,5074,,,1,30,,43474,5074,,,1,100,,43473,5074,,,1,100,,43464,5074,,,1
3200,'DI',609,,28441,5074,0,44,1,101,,28442,5074,0,44,1,99,,28443,5074,0,44,1,102,,28444,5074,0,44,1,100,,28447,5074,0,44,1,100,,28449,5074,0,44,1,101,,28445,5074,0,44,1,101,,28451,5074,0,44,1,98,,28450,5074,0,44,1,104,,28453,5074,0,44,1,96,,28452,5074,0,44,1,100,,28455,5074,0,44,1,100,,28454,5074,0,44,1,100,,28448,5074,0,44,1,100,,28439,5074,0,44,1,100,,28456,5074,0,44,1,100,,28458,5074,0,44,1,100,,28446,5074,0,44,1,100,,28457,5074,0,44,1,99,,28440,5074,0,44,1
3200,'F1',609,,46248,5074,0,44,1,101,,46249,5074,0,44,1,99,,46250,5074,0,44,1,102,,46251,5074,0,44,1,100,,46254,5074,0,44,1,100,,46256,5074,0,44,1,101,,46252,5074,0,44,1,101,,46258,5074,0,44,1,98,,46257,5074,0,44,1,104,,46260,5074,0,44,1,96,,46259,5074,0,44,1,100,,46262,5074,0,44,1,100,,46261,5074,0,44,1,100,,46255,5074,0,44,1,100,,46246,5074,0,44,1,100,,46263,5074,0,44,1,100,,46265,5074,0,44,1,100,,46253,5074,0,44,1,100,,46264,5074,0,44,1,99,,46247,5074,0,44,1
3200,'F2',609,,46267,5074,0,44,1,101,,46268,5074,0,44,1,96,,46269,5074,0,44,1,103,,46270,5074,0,44,1,101,,46276,5074,0,44,1,101,,46271,5074,0,44,1,99,,46285,5074,0,44,1,104,,46277,5074,0,44,1,102,,46272,5074,0,44,1,97,,46273,5074,0,44,1,98,,46278,5074,0,44,1,100,,46279,5074,0,44,1,100,,46274,5074,0,44,1,100,,46281,5074,0,44,1,100,,46280,5074,0,44,1,100,,46282,5074,0,44,1,100,,46284,5074,0,44,1,100,,46283,5074,0,44,1,100,,46275,5074,0,44,1,99,,46266,5074,0,44,1
3200,'F8',609,,28526,5074,0,44,1,101,,28527,5074,0,44,1,96,,28528,5074,0,44,1,103,,28529,5074,0,44,1,101,,28535,5074,0,44,1,101,,28530,5074,0,44,1,99,,28544,5074,0,44,1,104,,28536,5074,0,44,1,102,,28531,5074,0,44,1,97,,28532,5074,0,44,1,98,,28537,5074,0,44,1,100,,28538,5074,0,44,1,100,,28533,5074,0,44,1,100,,28540,5074,0,44,1,100,,28539,5074,0,44,1,100,,28541,5074,0,44,1,100,,28543,5074,0,44,1,100,,28542,5074,0,44,1,100,,28534,5074,0,44,1,99,,28525,5074,0,44,1
3200,'F9',609,,28547,5074,0,44,1,101,,28548,5074,0,44,1,99,,28549,5074,0,44,1,102,,28550,5074,0,44,1,100,,28553,5074,0,44,1,100,,28555,5074,0,44,1,101,,28551,5074,0,44,1,101,,28557,5074,0,44,1,98,,28556,5074,0,44,1,104,,28559,5074,0,44,1,96,,28558,5074,0,44,1,100,,28561,5074,0,44,1,100,,28560,5074,0,44,1,100,,28554,5074,0,44,1,100,,28545,5074,0,44,1,100,,28562,5074,0,44,1,100,,28564,5074,0,44,1,100,,28552,5074,0,44,1,100,,28563,5074,0,44,1,99,,28546,5074,0,44,1
3200,'SA',609,,28566,5074,0,44,1,101,,28567,5074,0,44,1,96,,28568,5074,0,44,1,103,,28569,5074,0,44,1,101,,28575,5074,0,44,1,101,,28570,5074,0,44,1,99,,28584,5074,0,44,1,104,,28576,5074,0,44,1,102,,28571,5074,0,44,1,97,,28572,5074,0,44,1,98,,28577,5074,0,44,1,100,,28578,5074,0,44,1,100,,28573,5074,0,44,1,100,,28580,5074,0,44,1,100,,28579,5074,0,44,1,100,,28581,5074,0,44,1,100,,28583,5074,0,44,1,100,,28582,5074,0,44,1,100,,28574,5074,0,44,1,99,,28565,5074,0,44,1
3200,'SE',621,,46301,5074,,,1,32,,46302,5074,,,1,64,,46311,5074,,,1,32,,46304,5074,,,1,76,,46310,5074,,,1,19,,46288,5074,0,44,1,96,,46290,5074,0,44,1,100,,46292,5074,0,44,1,100,,46286,5074,0,44,1,100,,46299,5074,0,44,1,100,,46287,5074,0,44,1,104,,46291,5074,0,44,1,105,,46309,5074,,,1,68,,46306,5074,,,1,30,,46300,5074,,,1,71,,46308,5074,,,1,25,,46305,5074,,,1,74,,46307,5074,,,1,25,,46303,5074,,,1,73,,46293,5074,0,44,1,30,,46297,5074,0,44,1,100,,46296,5074,0,44,1,99,,46298,5074,0,44,1,100,,46289,5074,0,44,1,99,,46294,5074,0,44,1,101,,46295,5074,0,44,1
3800,'DI',655,,28912,5111,,,1,100,,28918,5111,,,1,100,,28916,5111,,,1,101,,28910,5111,,,1,96,,28919,5111,,,1,100,,28907,5111,,,1,103,,28923,5111,,,1,100,,28911,5111,,,1,100,,28917,5111,,,1,101,,28920,5111,,,1,144,,28908,5111,,,1,101,,28913,5111,,,1,57,,28914,5111,,,1,100,,28909,5111,,,1,99,,28921,5111,,,1,101,,28915,5111,,,1,100,,28922,5111,,,1,100,,28924,5111,,,1
3800,'F1',655,,46445,5111,,,1,100,,46451,5111,,,1,100,,46449,5111,,,1,101,,46443,5111,,,1,96,,46452,5111,,,1,100,,46440,5111,,,1,103,,46456,5111,,,1,100,,46444,5111,,,1,100,,46450,5111,,,1,101,,46453,5111,,,1,144,,46441,5111,,,1,101,,46446,5111,,,1,57,,46447,5111,,,1,100,,46442,5111,,,1,99,,46454,5111,,,1,101,,46448,5111,,,1,100,,46455,5111,,,1,100,,46457,5111,,,1
3800,'F2',555,,46463,5111,,,1,100,,46460,5111,,,1,100,,46470,5111,,,1,100,,46464,5111,,,1,100,,46471,5111,,,1,100,,46465,5111,,,1,100,,46472,5111,,,1,104,,46466,5111,,,1,100,,46473,5111,,,1,100,,46467,5111,,,1,142,,46461,5111,,,1,100,,46468,5111,,,1,100,,46462,5111,,,1,57,,46469,5111,,,1,100,,46458,5111,,,1,99,,46474,5111,,,1,100,,46459,5111,,,1,101,,46475,5111,,,1,99,,46476,5111,,,1
3800,'F8',555,,28998,5111,,,1,100,,28995,5111,,,1,100,,29005,5111,,,1,100,,28999,5111,,,1,100,,29006,5111,,,1,100,,29000,5111,,,1,100,,29007,5111,,,1,104,,29001,5111,,,1,100,,29008,5111,,,1,100,,29002,5111,,,1,142,,28996,5111,,,1,100,,29003,5111,,,1,100,,28997,5111,,,1,57,,29004,5111,,,1,100,,28993,5111,,,1,99,,29009,5111,,,1,100,,28994,5111,,,1,101,,29010,5111,,,1,99,,29011,5111,,,1
3800,'F9',655,,29017,5111,,,1,100,,29023,5111,,,1,100,,29021,5111,,,1,101,,29015,5111,,,1,96,,29024,5111,,,1,100,,29012,5111,,,1,103,,29028,5111,,,1,100,,29016,5111,,,1,100,,29022,5111,,,1,101,,29025,5111,,,1,144,,29013,5111,,,1,101,,29018,5111,,,1,57,,29019,5111,,,1,100,,29014,5111,,,1,99,,29026,5111,,,1,101,,29020,5111,,,1,100,,29027,5111,,,1,100,,29029,5111,,,1
3800,'SA',555,,29035,5111,,,1,100,,29032,5111,,,1,100,,29042,5111,,,1,100,,29036,5111,,,1,100,,29043,5111,,,1,100,,29037,5111,,,1,100,,29044,5111,,,1,104,,29038,5111,,,1,100,,29045,5111,,,1,100,,29039,5111,,,1,142,,29033,5111,,,1,100,,29040,5111,,,1,100,,29034,5111,,,1,57,,29041,5111,,,1,100,,29030,5111,,,1,99,,29046,5111,,,1,100,,29031,5111,,,1,101,,29047,5111,,,1,99,,29048,5111,,,1
3800,'SE',610,,46497,5111,,,1,21,,46489,5111,,,1,18,,46493,5111,,,1,58,,46494,5111,,,1,24,,46499,5111,,,1,12,,46481,5111,,,1,60,,46485,5111,,,1,24,,46486,5111,,,1,29,,46477,5111,,,1,58,,46504,5111,,,1,17,,46502,5111,,,1,70,,46479,5111,,,1,44,,46478,5111,,,1,100,,46482,5111,,,1,100,,46496,5111,,,1,101,,46490,5111,,,1,94,,46483,5111,,,1,67,,46480,5111,,,1,33,,46495,5111,,,1,70,,46487,5111,,,1,30,,46506,5111,,,1,72,,46488,5111,,,1,26,,46492,5111,,,1,66,,46491,5111,,,1,54,,46503,5111,,,1,100,,46501,5111,,,1,100,,46500,5111,,,1,99,,46498,5111,,,1,100,,46505,5111,,,1,100,,46484,5111,,,1
