800,'DI',605,,22786,9034,,,1,34,,22781,9034,,,1,70,,2441,9034,,,1,30,,2447,9034,,,1,70,,22787,9034,,,1,30,,22782,9034,,,1,72,,2442,9034,,,1,30,,2448,9034,,,1,70,,22788,9034,,,1,30,,22783,9034,,,1,70,,2443,9034,,,1,30,,2449,9034,,,1,72,,22789,9034,,,1,30,,2436,9034,,,1,70,,2444,9034,,,1,30,,2450,9034,,,1,70,,22790,9034,,,1,30,,22784,9034,,,1,70,,2445,9034,,,1,29,,22793,9034,,,1,70,,22791,9034,,,1,30,,22785,9034,,,1,69,,2446,9034,,,1,30,,22794,9034,,,1,72,,22792,9034,,,1,43,,2437,9034,,,1,99,,22795,9034,,,1,100,,2438,9034,,,1,99,,22796,9034,,,1,100,,2439,9034,,,1,100,,22797,9034,,,1,100,,2440,9034,,,1,100,,22780,9034,,,1
800,'F1',605,,44063,9034,,,1,34,,44043,9034,,,1,70,,44051,9034,,,1,30,,44057,9034,,,1,70,,44064,9034,,,1,30,,44044,9034,,,1,72,,44052,9034,,,1,30,,44058,9034,,,1,70,,44065,9034,,,1,30,,44045,9034,,,1,70,,44053,9034,,,1,30,,44059,9034,,,1,72,,44066,9034,,,1,30,,44046,9034,,,1,70,,44054,9034,,,1,30,,44060,9034,,,1,70,,44067,9034,,,1,30,,44061,9034,,,1,70,,44055,9034,,,1,29,,44070,9034,,,1,70,,44068,9034,,,1,30,,44062,9034,,,1,69,,44056,9034,,,1,30,,44071,9034,,,1,72,,44069,9034,,,1,43,,44047,9034,,,1,99,,44072,9034,,,1,100,,44048,9034,,,1,99,,44073,9034,,,1,100,,44049,9034,,,1,100,,44074,9034,,,1,100,,44050,9034,,,1,100,,44042,9034,,,1
800,'F2',606,,44096,9034,,,1,30,,44079,9034,,,1,72,,44092,9034,,,1,30,,44094,9034,,,1,71,,44097,9034,,,1,30,,44080,9034,,,1,70,,44093,9034,,,1,31,,44095,9034,,,1,70,,44098,9034,,,1,31,,44081,9034,,,1,70,,44087,9034,,,1,30,,44103,9034,,,1,68,,44099,9034,,,1,32,,44082,9034,,,1,70,,44088,9034,,,1,30,,44104,9034,,,1,70,,44100,9034,,,1,30,,44107,9034,,,1,70,,44089,9034,,,1,30,,44105,9034,,,1,70,,44101,9034,,,1,30,,44108,9034,,,1,70,,44090,9034,,,1,30,,44106,9034,,,1,72,,44102,9034,,,1,28,,44075,9034,,,1,70,,44091,9034,,,1,46,,44083,9034,,,1,98,,44076,9034,,,1,100,,44084,9034,,,1,100,,44077,9034,,,1,100,,44085,9034,,,1,100,,44078,9034,,,1,100,,44086,9034,,,1
800,'F8',606,,22955,9034,,,1,30,,22938,9034,,,1,72,,22951,9034,,,1,30,,22953,9034,,,1,71,,22956,9034,,,1,30,,22939,9034,,,1,70,,22952,9034,,,1,31,,22954,9034,,,1,70,,22957,9034,,,1,31,,22940,9034,,,1,70,,22946,9034,,,1,30,,22962,9034,,,1,68,,22958,9034,,,1,32,,22941,9034,,,1,70,,22947,9034,,,1,30,,22963,9034,,,1,70,,22959,9034,,,1,30,,22966,9034,,,1,70,,22948,9034,,,1,30,,22964,9034,,,1,70,,22960,9034,,,1,30,,22967,9034,,,1,70,,22949,9034,,,1,30,,22965,9034,,,1,72,,22961,9034,,,1,28,,22934,9034,,,1,70,,22950,9034,,,1,46,,22942,9034,,,1,98,,22935,9034,,,1,100,,22943,9034,,,1,100,,22936,9034,,,1,100,,22944,9034,,,1,100,,22937,9034,,,1,100,,22945,9034,,,1
800,'F9',605,,22989,9034,,,1,34,,22969,9034,,,1,70,,22977,9034,,,1,30,,22983,9034,,,1,70,,22990,9034,,,1,30,,22970,9034,,,1,72,,22978,9034,,,1,30,,22984,9034,,,1,70,,22991,9034,,,1,30,,22971,9034,,,1,70,,22979,9034,,,1,30,,22985,9034,,,1,72,,22992,9034,,,1,30,,22972,9034,,,1,70,,22980,9034,,,1,30,,22986,9034,,,1,70,,22993,9034,,,1,30,,22987,9034,,,1,70,,22981,9034,,,1,29,,22996,9034,,,1,70,,22994,9034,,,1,30,,22988,9034,,,1,69,,22982,9034,,,1,30,,22997,9034,,,1,72,,22995,9034,,,1,43,,22973,9034,,,1,99,,22998,9034,,,1,100,,22974,9034,,,1,99,,22999,9034,,,1,100,,22975,9034,,,1,100,,23000,9034,,,1,100,,22976,9034,,,1,100,,22968,9034,,,1
800,'SA',606,,23022,9034,,,1,30,,23005,9034,,,1,72,,23018,9034,,,1,30,,23020,9034,,,1,71,,23023,9034,,,1,30,,23006,9034,,,1,70,,23019,9034,,,1,31,,23021,9034,,,1,70,,23024,9034,,,1,31,,23007,9034,,,1,70,,23013,9034,,,1,30,,23029,9034,,,1,68,,23025,9034,,,1,32,,23008,9034,,,1,70,,23014,9034,,,1,30,,23030,9034,,,1,70,,23026,9034,,,1,30,,2660,9034,,,1,70,,23015,9034,,,1,30,,23031,9034,,,1,70,,23027,9034,,,1,30,,2661,9034,,,1,70,,23016,9034,,,1,30,,23032,9034,,,1,72,,23028,9034,,,1,28,,23001,9034,,,1,70,,23017,9034,,,1,46,,23009,9034,,,1,98,,23002,9034,,,1,100,,23010,9034,,,1,100,,23003,9034,,,1,100,,23011,9034,,,1,100,,23004,9034,,,1,100,,23012,9034,,,1
800,'SE',512,,44153,9034,,,1,28,,44155,9034,,,1,62,,44156,9034,,,1,41,,44112,9034,,,1,70,,44154,9034,,,1,21,,44126,9034,,,1,19,,44157,9034,,,1,53,,44150,9034,,,1,15,,44115,9034,,,1,15,,44134,9034,,,1,15,,44113,9034,,,1,57,,44137,9034,,,1,15,,44124,9034,,,1,15,,44127,9034,,,1,15,,44130,9034,,,1,55,,44171,9034,,,1,15,,44116,9034,,,1,15,,44135,9034,,,1,15,,44114,9034,,,1,55,,44138,9034,,,1,15,,44140,9034,,,1,17,,44118,9034,,,1,15,,44128,9034,,,1,55,,44158,9034,,,1,15,,44172,9034,,,1,15,,44169,9034,,,1,15,,44136,9034,,,1,55,,44109,9034,,,1,15,,44139,9034,,,1,15,,44125,9034,,,1,15,,44119,9034,,,1,55,,44131,9034,,,1,15,,44159,9034,,,1,18,,44117,9034,,,1,15,,44162,9034,,,1,55,,44161,9034,,,1,15,,44110,9034,,,1,15,,44141,9034,,,1,15,,44146,9034,,,1,55,,44129,9034,,,1,15,,44165,9034,,,1,15,,44132,9034,,,1,12,,44160,9034,,,1,52,,44145,9034,,,1,12,,44163,9034,,,1,12,,44151,9034,,,1,12,,44164,9034,,,1,12,,44111,9034,,,1,51,,44142,9034,,,1,12,,44147,9034,,,1,12,,44166,9034,,,1,8,,44148,9034,,,1,10,,44167,9034,,,1,10,,44133,9034,,,1,60,,44152,9034,,,1,27,,44120,9034,,,1,68,,44173,9034,,,1,30,,44168,9034,,,1,68,,44149,9034,,,1,30,,44121,9034,,,1,70,,44170,9034,,,1,45,,44143,9034,,,1,100,,44122,9034,,,1,96,,44144,9034,,,1,100,,44123,9034,,,1
2800,'DI',902,,27669,8663,0,32 33,1,101,,27674,8663,0,32 33,1,101,,27672,8663,0,32 33,1,100,,27670,8663,0,32 33,1,100,,27671,8663,0,32 33,1,100,,27675,8663,0,32 33,1,100,,27678,8663,0,32 33,1,101,,27677,8663,0,32 33,1,99,,27676,8663,0,32 33,1,100,,27673,8663,0,32 33,1
2800,'F1',902,,45917,8663,0,32 33,1,101,,45922,8663,0,32 33,1,101,,45920,8663,0,32 33,1,100,,45918,8663,0,32 33,1,100,,45919,8663,0,32 33,1,100,,45923,8663,0,32 33,1,100,,45926,8663,0,32 33,1,101,,45925,8663,0,32 33,1,99,,45924,8663,0,32 33,1,100,,45921,8663,0,32 33,1
2800,'F2',904,,45934,8663,0,32 33,1,99,,45929,8663,0,32 33,1,104,,45927,8663,0,32 33,1,97,,45931,8663,0,32 33,1,101,,45930,8663,0,32 33,1,100,,45932,8663,0,32 33,1,99,,45928,8663,0,32 33,1,103,,45936,8663,0,32 33,1,99,,45935,8663,0,32 33,1,98,,45933,8663,0,32 33,1
2800,'F8',904,,27747,8663,0,32 33,1,99,,27742,8663,0,32 33,1,104,,27740,8663,0,32 33,1,97,,27744,8663,0,32 33,1,101,,27743,8663,0,32 33,1,100,,27745,8663,0,32 33,1,99,,27741,8663,0,32 33,1,103,,27749,8663,0,32 33,1,99,,27748,8663,0,32 33,1,98,,27746,8663,0,32 33,1
2800,'F9',902,,27750,8663,0,32 33,1,101,,27755,8663,0,32 33,1,101,,27753,8663,0,32 33,1,100,,27751,8663,0,32 33,1,100,,27752,8663,0,32 33,1,100,,27756,8663,0,32 33,1,100,,27759,8663,0,32 33,1,101,,27758,8663,0,32 33,1,99,,27757,8663,0,32 33,1,100,,27754,8663,0,32 33,1
2800,'SA',904,,27766,8663,0,32 33,1,99,,27762,8663,0,32 33,1,104,,27760,8663,0,32 33,1,97,,27763,8663,0,32 33,1,101,,6923,8663,0,32 33,1,100,,27764,8663,0,32 33,1,99,,27761,8663,0,32 33,1,103,,27768,8663,0,32 33,1,99,,27767,8663,0,32 33,1,98,,27765,8663,0,32 33,1
2800,'SE',631,,45971,8663,0,32 33,1,85,,45972,8663,0,32 33,1,23,,45976,8663,0,32 33,1,3,,45977,8663,0,32 33,1,16,,45950,8663,0,32 33,1,53,,45962,8663,0,32 33,1,12,,45970,8663,0,32 33,1,18,,45961,8663,0,32 33,1,14,,45966,8663,0,32 33,1,58,,45951,8663,0,32 33,1,30,,45942,8663,0,32 33,1,70,,45946,8663,0,32 33,1,30,,45952,8663,0,32 33,1,70,,45943,8663,0,32 33,1,32,,45947,8663,0,32 33,1,70,,45953,8663,0,32 33,1,30,,45944,8663,0,32 33,1,70,,45948,8663,0,32 33,1,30,,45954,8663,0,32 33,1,70,,45945,8663,0,32 33,1,33,,45949,8663,0,32 33,1,70,,45973,8663,0,32 33,1,15,,45939,8663,0,32 33,1,15,,45959,8663,0,32 33,1,55,,45964,8663,0,32 33,1,15,,45975,8663,0,32 33,1,15,,45956,8663,0,32 33,1,14,,45958,8663,0,32 33,1,12,,45974,8663,0,32 33,1,52,,45940,8663,0,32 33,1,12,,45960,8663,0,32 33,1,12,,45963,8663,0,32 33,1,12,,45967,8663,0,32 33,1,12,,45955,8663,0,32 33,1,51,,45957,8663,0,32 33,1,12,,45937,8663,0,32 33,1,10,,45938,8663,0,32 33,1,13,,45965,8663,0,32 33,1,95,,45941,8663,0,32 33,1,98,,45968,8663,0,32 33,1,98,,45969,8663,0,32 33,1
8800,'DI',724,,36639,9034,,,1,30,,36644,9034,,,1,70,,36650,9034,,,1,30,,36659,9034,,,1,70,,36640,9034,,,1,30,,36645,9034,,,1,72,,36651,9034,,,1,30,,36660,9034,,,1,70,,36641,9034,,,1,30,,36646,9034,,,1,70,,36652,9034,,,1,30,,36661,9034,,,1,70,,36642,9034,,,1,30,,36647,9034,,,1,70,,36653,9034,,,1,30,,15002,9034,,,1,70,,36654,9034,,,1,30,,36648,9034,,,1,70,,36662,9034,,,1,30,,15003,9034,,,1,70,,36655,9034,,,1,29,,36649,9034,,,1,70,,36663,9034,,,1,100,,36656,9034,,,1,100,,36664,9034,,,1,100,,36657,9034,,,1,100,,36665,9034,,,1,97,,36658,9034,,,1,100,,36638,9034,,,1,100,,36643,9034,,,1
8800,'F1',724,,49524,9034,,,1,30,,49529,9034,,,1,70,,49535,9034,,,1,30,,49544,9034,,,1,70,,49525,9034,,,1,30,,49530,9034,,,1,72,,49536,9034,,,1,30,,49545,9034,,,1,70,,49526,9034,,,1,30,,49531,9034,,,1,70,,49537,9034,,,1,30,,49546,9034,,,1,70,,49527,9034,,,1,30,,49532,9034,,,1,70,,49538,9034,,,1,30,,49521,9034,,,1,70,,49539,9034,,,1,30,,49533,9034,,,1,70,,49547,9034,,,1,30,,49522,9034,,,1,70,,49540,9034,,,1,29,,49534,9034,,,1,70,,49548,9034,,,1,100,,49541,9034,,,1,100,,49549,9034,,,1,100,,49542,9034,,,1,100,,49550,9034,,,1,97,,49543,9034,,,1,100,,49523,9034,,,1,100,,49528,9034,,,1
8800,'F2',723,,49554,9034,,,1,30,,49579,9034,,,1,71,,49575,9034,,,1,30,,49566,9034,,,1,71,,49559,9034,,,1,30,,49580,9034,,,1,71,,49576,9034,,,1,30,,49567,9034,,,1,70,,49560,9034,,,1,30,,49571,9034,,,1,70,,49556,9034,,,1,30,,49568,9034,,,1,70,,49561,9034,,,1,30,,49572,9034,,,1,70,,49557,9034,,,1,30,,49551,9034,,,1,70,,49562,9034,,,1,30,,49573,9034,,,1,70,,49558,9034,,,1,30,,49552,9034,,,1,71,,49581,9034,,,1,29,,49574,9034,,,1,71,,49569,9034,,,1,29,,49553,9034,,,1,70,,49563,9034,,,1,100,,49570,9034,,,1,99,,49564,9034,,,1,98,,49578,9034,,,1,100,,49565,9034,,,1,100,,49577,9034,,,1,100,,49555,9034,,,1
8800,'F8',723,,36775,9034,,,1,30,,36800,9034,,,1,71,,36796,9034,,,1,30,,36787,9034,,,1,71,,36780,9034,,,1,30,,36801,9034,,,1,71,,36797,9034,,,1,30,,36788,9034,,,1,70,,36781,9034,,,1,30,,36792,9034,,,1,70,,36777,9034,,,1,30,,36789,9034,,,1,70,,36782,9034,,,1,30,,36793,9034,,,1,70,,36778,9034,,,1,30,,36772,9034,,,1,70,,36783,9034,,,1,30,,36794,9034,,,1,70,,36779,9034,,,1,30,,36773,9034,,,1,71,,36802,9034,,,1,29,,36795,9034,,,1,71,,36790,9034,,,1,29,,36774,9034,,,1,70,,36784,9034,,,1,100,,36791,9034,,,1,99,,36785,9034,,,1,98,,36799,9034,,,1,100,,36786,9034,,,1,100,,36798,9034,,,1,100,,36776,9034,,,1
8800,'F9',724,,36806,9034,,,1,30,,36811,9034,,,1,70,,36817,9034,,,1,30,,36826,9034,,,1,70,,36807,9034,,,1,30,,36812,9034,,,1,72,,36818,9034,,,1,30,,36827,9034,,,1,70,,36808,9034,,,1,30,,36813,9034,,,1,70,,36819,9034,,,1,30,,36828,9034,,,1,70,,36809,9034,,,1,30,,36814,9034,,,1,70,,36820,9034,,,1,30,,36803,9034,,,1,70,,36821,9034,,,1,30,,36815,9034,,,1,70,,36829,9034,,,1,30,,36804,9034,,,1,70,,36822,9034,,,1,29,,36816,9034,,,1,70,,36830,9034,,,1,100,,36823,9034,,,1,100,,36831,9034,,,1,100,,36824,9034,,,1,100,,36832,9034,,,1,97,,36825,9034,,,1,100,,36805,9034,,,1,100,,36810,9034,,,1
8800,'SA',723,,36836,9034,,,1,30,,36860,9034,,,1,71,,36857,9034,,,1,30,,36848,9034,,,1,71,,36841,9034,,,1,30,,36861,9034,,,1,71,,36858,9034,,,1,30,,36849,9034,,,1,70,,36842,9034,,,1,30,,36853,9034,,,1,70,,36838,9034,,,1,30,,36850,9034,,,1,70,,36843,9034,,,1,30,,36854,9034,,,1,70,,36839,9034,,,1,30,,36833,9034,,,1,70,,36844,9034,,,1,30,,36855,9034,,,1,70,,36840,9034,,,1,30,,36834,9034,,,1,71,,36862,9034,,,1,29,,36856,9034,,,1,71,,36851,9034,,,1,29,,36835,9034,,,1,70,,36845,9034,,,1,100,,36852,9034,,,1,99,,36846,9034,,,1,98,,15203,9034,,,1,100,,36847,9034,,,1,100,,36859,9034,,,1,100,,36837,9034,,,1
8800,'SE',726,,49597,9034,,,1,21,,49625,9034,,,1,55,,49606,9034,,,1,14,,49611,9034,,,1,15,,49627,9034,,,1,15,,49600,9034,,,1,55,,49626,9034,,,1,29,,49586,9034,,,1,70,,49620,9034,,,1,30,,49621,9034,,,1,70,,49582,9034,,,1,32,,49588,9034,,,1,70,,49590,9034,,,1,30,,49584,9034,,,1,70,,49583,9034,,,1,30,,49593,9034,,,1,70,,49589,9034,,,1,33,,49623,9034,,,1,70,,49591,9034,,,1,18,,49601,9034,,,1,15,,49607,9034,,,1,15,,49598,9034,,,1,55,,49587,9034,,,1,15,,49629,9034,,,1,15,,49628,9034,,,1,13,,49624,9034,,,1,52,,49585,9034,,,1,12,,49614,9034,,,1,12,,49592,9034,,,1,12,,49602,9034,,,1,12,,49613,9034,,,1,51,,49608,9034,,,1,12,,49599,9034,,,1,12,,49604,9034,,,1,8,,49603,9034,,,1,19,,49605,9034,,,1,55,,49594,9034,,,1,22,,49622,9034,,,1,28,,49609,9034,,,1,70,,49596,9034,,,1,28,,49595,9034,,,1,70,,49615,9034,,,1,30,,49610,9034,,,1,70,,49618,9034,,,1,100,,49616,9034,,,1,99,,49619,9034,,,1,97,,49617,9034,,,1
