800,'DI',603,,22786,7626,,,1,33,,22781,7626,,,1,70,,2441,7626,,,1,30,,2447,7626,,,1,70,,22787,7626,,,1,30,,22782,7626,,,1,72,,2442,7626,,,1,30,,2448,7626,,,1,70,,22788,7626,,,1,30,,22783,7626,,,1,70,,2443,7626,,,1,30,,2449,7626,,,1,72,,22789,7626,,,1,30,,2436,7626,,,1,70,,2444,7626,,,1,30,,2450,7626,,,1,70,,22790,7626,,,1,30,,22784,7626,,,1,70,,2445,7626,,,1,29,,22793,7626,,,1,70,,22791,7626,,,1,30,,22785,7626,,,1,69,,2446,7626,,,1,30,,22794,7626,,,1,72,,22792,7626,,,1,43,,2437,7626,,,1,100,,22795,7626,,,1,100,,2438,7626,,,1,99,,22796,7626,,,1,100,,2439,7626,,,1,100,,22797,7626,,,1,100,,2440,7626,,,1,100,,22780,7626,,,1
800,'F8',604,,22955,7626,,,1,30,,22938,7626,,,1,72,,22951,7626,,,1,30,,22953,7626,,,1,71,,22956,7626,,,1,30,,22939,7626,,,1,70,,22952,7626,,,1,31,,22954,7626,,,1,70,,22957,7626,,,1,30,,22940,7626,,,1,70,,22946,7626,,,1,30,,22962,7626,,,1,68,,22958,7626,,,1,32,,22941,7626,,,1,70,,22947,7626,,,1,30,,22963,7626,,,1,70,,22959,7626,,,1,30,,22966,7626,,,1,70,,22948,7626,,,1,30,,22964,7626,,,1,70,,22960,7626,,,1,30,,22967,7626,,,1,70,,22949,7626,,,1,30,,22965,7626,,,1,72,,22961,7626,,,1,28,,22934,7626,,,1,70,,22950,7626,,,1,46,,22942,7626,,,1,98,,22935,7626,,,1,100,,22943,7626,,,1,100,,22936,7626,,,1,100,,22944,7626,,,1,100,,22937,7626,,,1,100,,22945,7626,,,1
800,'F9',603,,22989,7626,,,1,33,,22969,7626,,,1,70,,22977,7626,,,1,30,,22983,7626,,,1,70,,22990,7626,,,1,30,,22970,7626,,,1,72,,22978,7626,,,1,30,,22984,7626,,,1,70,,22991,7626,,,1,30,,22971,7626,,,1,70,,22979,7626,,,1,30,,22985,7626,,,1,72,,22992,7626,,,1,30,,22972,7626,,,1,70,,22980,7626,,,1,30,,22986,7626,,,1,70,,22993,7626,,,1,30,,22987,7626,,,1,70,,22981,7626,,,1,29,,22996,7626,,,1,70,,22994,7626,,,1,30,,22988,7626,,,1,69,,22982,7626,,,1,30,,22997,7626,,,1,72,,22995,7626,,,1,43,,22973,7626,,,1,100,,22998,7626,,,1,100,,22974,7626,,,1,99,,22999,7626,,,1,100,,22975,7626,,,1,100,,23000,7626,,,1,100,,22976,7626,,,1,100,,22968,7626,,,1
800,'SA',604,,23022,7626,,,1,30,,23005,7626,,,1,72,,23018,7626,,,1,30,,23020,7626,,,1,71,,23023,7626,,,1,30,,23006,7626,,,1,70,,23019,7626,,,1,31,,23021,7626,,,1,70,,23024,7626,,,1,30,,23007,7626,,,1,70,,23013,7626,,,1,30,,23029,7626,,,1,68,,23025,7626,,,1,32,,23008,7626,,,1,70,,23014,7626,,,1,30,,23030,7626,,,1,70,,23026,7626,,,1,30,,2660,7626,,,1,70,,23015,7626,,,1,30,,23031,7626,,,1,70,,23027,7626,,,1,30,,2661,7626,,,1,70,,23016,7626,,,1,30,,23032,7626,,,1,72,,23028,7626,,,1,28,,23001,7626,,,1,70,,23017,7626,,,1,46,,23009,7626,,,1,98,,23002,7626,,,1,100,,23010,7626,,,1,100,,23003,7626,,,1,100,,23011,7626,,,1,100,,23004,7626,,,1,100,,23012,7626,,,1
800,'SE',509,,23067,7626,,,1,28,,23069,7626,,,1,22,,23076,7626,,,1,81,,23033,7626,,,1,70,,23068,7626,,,1,21,,23070,7626,,,1,19,,23061,7626,,,1,53,,23036,7626,,,1,15,,23037,7626,,,1,15,,23040,7626,,,1,15,,23034,7626,,,1,57,,23050,7626,,,1,15,,23046,7626,,,1,15,,23071,7626,,,1,15,,23042,7626,,,1,55,,23095,7626,,,1,15,,23038,7626,,,1,15,,23041,7626,,,1,15,,23035,7626,,,1,55,,23047,7626,,,1,15,,23051,7626,,,1,17,,23079,7626,,,1,15,,23072,7626,,,1,55,,23080,7626,,,1,15,,23054,7626,,,1,15,,23098,7626,,,1,15,,23099,7626,,,1,55,,23096,7626,,,1,15,,23085,7626,,,1,15,,23083,7626,,,1,15,,23062,7626,,,1,55,,23043,7626,,,1,15,,23081,7626,,,1,17,,23039,7626,,,1,15,,23097,7626,,,1,54,,23084,7626,,,1,14,,23093,7626,,,1,4,,23055,7626,,,1,13,,23052,7626,,,1,15,,23088,7626,,,1,55,,23087,7626,,,1,15,,23073,7626,,,1,15,,23044,7626,,,1,12,,23082,7626,,,1,52,,23100,7626,,,1,13,,23086,7626,,,1,11,,23066,7626,,,1,12,,23065,7626,,,1,12,,23094,7626,,,1,51,,23053,7626,,,1,12,,23089,7626,,,1,12,,23059,7626,,,1,9,,23060,7626,,,1,10,,23077,7626,,,1,10,,23045,7626,,,1,60,,23063,7626,,,1,27,,23090,7626,,,1,68,,23074,7626,,,1,30,,23078,7626,,,1,68,,23064,7626,,,1,30,,23091,7626,,,1,70,,23075,7626,,,1,45,,23056,7626,,,1,100,,23092,7626,,,1,97,,23057,7626,,,1,100,,23058,7626,,,1
2800,'DI',900,,27669,7626,0,32 33,1,101,,27674,7626,0,32 33,1,100,,27672,7626,0,32 33,1,100,,27670,7626,0,32 33,1,100,,27671,7626,0,32 33,1,100,,27675,7626,0,32 33,1,100,,27678,7626,0,32 33,1,101,,27677,7626,0,32 33,1,99,,27676,7626,0,32 33,1,100,,27673,7626,0,32 33,1
2800,'F8',902,,27747,7626,0,32 33,1,99,,27742,7626,0,32 33,1,103,,27740,7626,0,32 33,1,97,,27744,7626,0,32 33,1,101,,27743,7626,0,32 33,1,100,,27745,7626,0,32 33,1,99,,27741,7626,0,32 33,1,103,,27749,7626,0,32 33,1,99,,27748,7626,0,32 33,1,98,,27746,7626,0,32 33,1
2800,'F9',900,,27750,7626,0,32 33,1,101,,27755,7626,0,32 33,1,100,,27753,7626,0,32 33,1,100,,27751,7626,0,32 33,1,100,,27752,7626,0,32 33,1,100,,27756,7626,0,32 33,1,100,,27759,7626,0,32 33,1,101,,27758,7626,0,32 33,1,99,,27757,7626,0,32 33,1,100,,27754,7626,0,32 33,1
2800,'SA',902,,27766,7626,0,32 33,1,99,,27762,7626,0,32 33,1,103,,27760,7626,0,32 33,1,97,,27763,7626,0,32 33,1,101,,6923,7626,0,32 33,1,100,,27764,7626,0,32 33,1,99,,27761,7626,0,32 33,1,103,,27768,7626,0,32 33,1,99,,27767,7626,0,32 33,1,98,,27765,7626,0,32 33,1
2800,'SE',628,,27804,7626,0,32 33,1,86,,27802,7626,0,32 33,1,22,,27805,7626,0,32 33,1,3,,27806,7626,0,32 33,1,16,,27770,7626,0,32 33,1,53,,27785,7626,0,32 33,1,15,,27803,7626,0,32 33,1,15,,27769,7626,0,32 33,1,14,,27775,7626,0,32 33,1,58,,27787,7626,0,32 33,1,30,,27771,7626,0,32 33,1,70,,27786,7626,0,32 33,1,30,,27788,7626,0,32 33,1,70,,27772,7626,0,32 33,1,32,,27793,7626,0,32 33,1,70,,27789,7626,0,32 33,1,30,,27773,7626,0,32 33,1,70,,27794,7626,0,32 33,1,30,,27790,7626,0,32 33,1,70,,27774,7626,0,32 33,1,31,,27795,7626,0,32 33,1,71,,27807,7626,0,32 33,1,16,,27799,7626,0,32 33,1,14,,27797,7626,0,32 33,1,15,,27781,7626,0,32 33,1,55,,27809,7626,0,32 33,1,15,,27776,7626,0,32 33,1,14,,27778,7626,0,32 33,1,12,,27808,7626,0,32 33,1,52,,27800,7626,0,32 33,1,12,,27798,7626,0,32 33,1,12,,27791,7626,0,32 33,1,12,,27782,7626,0,32 33,1,12,,27796,7626,0,32 33,1,51,,27777,7626,0,32 33,1,12,,27801,7626,0,32 33,1,11,,27780,7626,0,32 33,1,13,,27784,7626,0,32 33,1,95,,27779,7626,0,32 33,1,98,,27792,7626,0,32 33,1,98,,27783,7626,0,32 33,1
8800,'DI',721,,36639,7626,,,1,30,,36644,7626,,,1,70,,36650,7626,,,1,30,,36659,7626,,,1,70,,36640,7626,,,1,30,,36645,7626,,,1,72,,36651,7626,,,1,30,,36660,7626,,,1,70,,36641,7626,,,1,30,,36646,7626,,,1,70,,36652,7626,,,1,30,,36661,7626,,,1,70,,36642,7626,,,1,30,,36647,7626,,,1,70,,36653,7626,,,1,30,,15002,7626,,,1,70,,36654,7626,,,1,30,,36648,7626,,,1,70,,36662,7626,,,1,30,,15003,7626,,,1,70,,36655,7626,,,1,30,,36649,7626,,,1,70,,36663,7626,,,1,100,,36656,7626,,,1,100,,36664,7626,,,1,100,,36657,7626,,,1,100,,36665,7626,,,1,97,,36658,7626,,,1,100,,36638,7626,,,1,100,,36643,7626,,,1
8800,'F8',721,,36775,7626,,,1,30,,36800,7626,,,1,71,,36796,7626,,,1,30,,36787,7626,,,1,71,,36780,7626,,,1,30,,36801,7626,,,1,70,,36797,7626,,,1,30,,36788,7626,,,1,70,,36781,7626,,,1,30,,36792,7626,,,1,70,,36777,7626,,,1,30,,36789,7626,,,1,70,,36782,7626,,,1,30,,36793,7626,,,1,70,,36778,7626,,,1,30,,36772,7626,,,1,70,,36783,7626,,,1,30,,36794,7626,,,1,70,,36779,7626,,,1,30,,36773,7626,,,1,71,,36802,7626,,,1,29,,36795,7626,,,1,71,,36790,7626,,,1,29,,36774,7626,,,1,70,,36784,7626,,,1,100,,36791,7626,,,1,99,,36785,7626,,,1,99,,36799,7626,,,1,100,,36786,7626,,,1,100,,36798,7626,,,1,100,,36776,7626,,,1
8800,'F9',721,,36806,7626,,,1,30,,36811,7626,,,1,70,,36817,7626,,,1,30,,36826,7626,,,1,70,,36807,7626,,,1,30,,36812,7626,,,1,72,,36818,7626,,,1,30,,36827,7626,,,1,70,,36808,7626,,,1,30,,36813,7626,,,1,70,,36819,7626,,,1,30,,36828,7626,,,1,70,,36809,7626,,,1,30,,36814,7626,,,1,70,,36820,7626,,,1,30,,36803,7626,,,1,70,,36821,7626,,,1,30,,36815,7626,,,1,70,,36829,7626,,,1,30,,36804,7626,,,1,70,,36822,7626,,,1,30,,36816,7626,,,1,70,,36830,7626,,,1,100,,36823,7626,,,1,100,,36831,7626,,,1,100,,36824,7626,,,1,100,,36832,7626,,,1,97,,36825,7626,,,1,100,,36805,7626,,,1,100,,36810,7626,,,1
8800,'SA',721,,36836,7626,,,1,30,,36860,7626,,,1,71,,36857,7626,,,1,30,,36848,7626,,,1,71,,36841,7626,,,1,30,,36861,7626,,,1,70,,36858,7626,,,1,30,,36849,7626,,,1,70,,36842,7626,,,1,30,,36853,7626,,,1,70,,36838,7626,,,1,30,,36850,7626,,,1,70,,36843,7626,,,1,30,,36854,7626,,,1,70,,36839,7626,,,1,30,,36833,7626,,,1,70,,36844,7626,,,1,30,,36855,7626,,,1,70,,36840,7626,,,1,30,,36834,7626,,,1,71,,36862,7626,,,1,29,,36856,7626,,,1,71,,36851,7626,,,1,29,,36835,7626,,,1,70,,36845,7626,,,1,100,,36852,7626,,,1,99,,36846,7626,,,1,99,,15203,7626,,,1,100,,36847,7626,,,1,100,,36859,7626,,,1,100,,36837,7626,,,1
8800,'SE',723,,36873,7626,,,1,21,,36905,7626,,,1,15,,36906,7626,,,1,54,,15219,7626,,,1,15,,36907,7626,,,1,15,,36875,7626,,,1,15,,36876,7626,,,1,69,,36895,7626,,,1,30,,36874,7626,,,1,70,,36872,7626,,,1,30,,36893,7626,,,1,72,,36896,7626,,,1,30,,36865,7626,,,1,70,,36863,7626,,,1,30,,36897,7626,,,1,70,,36866,7626,,,1,30,,36894,7626,,,1,72,,36909,7626,,,1,70,,36898,7626,,,1,17,,36900,7626,,,1,16,,36902,7626,,,1,15,,36867,7626,,,1,55,,36878,7626,,,1,15,,36908,7626,,,1,15,,36883,7626,,,1,13,,36887,7626,,,1,12,,36864,7626,,,1,52,,36888,7626,,,1,12,,36880,7626,,,1,13,,36885,7626,,,1,11,,36871,7626,,,1,11,,36903,7626,,,1,52,,36868,7626,,,1,12,,36879,7626,,,1,9,,36901,7626,,,1,19,,36884,7626,,,1,55,,15235,7626,,,1,22,,36881,7626,,,1,28,,36904,7626,,,1,70,,36899,7626,,,1,28,,15236,7626,,,1,70,,36882,7626,,,1,30,,36870,7626,,,1,70,,36891,7626,,,1,100,,36889,7626,,,1,99,,36892,7626,,,1,98,,36890,7626,,,1
