400,'DI',637,,52309,15408,,,1,69,,52302,15408,,,1,30,,52320,15408,,,1,70,,52312,15408,,,1,30,,52310,15408,,,1,72,,52303,15408,,,1,30,,52321,15408,,,1,72,,52313,15408,,,1,30,,52323,15408,,,1,70,,52304,15408,,,1,32,,52322,15408,,,1,70,,52314,15408,,,1,27,,52324,15408,,,1,71,,52305,15408,,,1,32,,52329,15408,,,1,70,,52327,15408,,,1,28,,52317,15408,,,1,71,,52306,15408,,,1,29,,52325,15408,,,1,70,,52330,15408,,,1,32,,52315,15408,,,1,70,,52307,15408,,,1,30,,52326,15408,,,1,70,,52331,15408,,,1,31,,52316,15408,,,1,68,,52318,15408,,,1,30,,52332,15408,,,1,70,,52328,15408,,,1,30,,52333,15408,,,1,70,,52319,15408,,,1,30,,52311,15408,,,1,70,,52334,15408,,,1,30,,52336,15408,,,1,100,,52335,15408,,,1,100,,52308,15408,,,1
400,'F2',637,,52373,15408,,,1,69,,52391,15408,,,1,30,,52375,15408,,,1,70,,52380,15408,,,1,30,,52374,15408,,,1,72,,52392,15408,,,1,30,,52376,15408,,,1,72,,52381,15408,,,1,31,,52383,15408,,,1,70,,52393,15408,,,1,31,,52377,15408,,,1,70,,52382,15408,,,1,30,,52399,15408,,,1,70,,52397,15408,,,1,30,,52372,15408,,,1,70,,52384,15408,,,1,30,,52390,15408,,,1,70,,52385,15408,,,1,30,,52395,15408,,,1,70,,52378,15408,,,1,30,,52398,15408,,,1,70,,52394,15408,,,1,30,,52379,15408,,,1,70,,52387,15408,,,1,29,,52389,15408,,,1,70,,52401,15408,,,1,30,,52386,15408,,,1,70,,52404,15408,,,1,30,,52402,15408,,,1,70,,52403,15408,,,1,30,,52396,15408,,,1,70,,52405,15408,,,1,30,,52406,15408,,,1,100,,52400,15408,,,1,100,,52388,15408,,,1
400,'SA',637,,52408,15408,,,1,69,,52426,15408,,,1,30,,52410,15408,,,1,70,,52415,15408,,,1,30,,52409,15408,,,1,72,,52427,15408,,,1,30,,52411,15408,,,1,72,,52416,15408,,,1,31,,52418,15408,,,1,70,,52428,15408,,,1,31,,52412,15408,,,1,70,,52417,15408,,,1,30,,52434,15408,,,1,70,,52432,15408,,,1,30,,52407,15408,,,1,70,,52419,15408,,,1,30,,52425,15408,,,1,70,,52420,15408,,,1,30,,52430,15408,,,1,70,,52413,15408,,,1,30,,52433,15408,,,1,70,,52429,15408,,,1,30,,52414,15408,,,1,70,,52422,15408,,,1,29,,52424,15408,,,1,70,,52436,15408,,,1,30,,52421,15408,,,1,70,,52439,15408,,,1,30,,52437,15408,,,1,70,,52438,15408,,,1,30,,52431,15408,,,1,70,,52440,15408,,,1,30,,52441,15408,,,1,100,,52435,15408,,,1,100,,52423,15408,,,1
400,'SE',539,,52473,15408,,,1,65,,52469,15408,,,1,28,,52468,15408,,,1,20,,52475,15408,,,1,55,,52476,15408,,,1,20,,52467,15408,,,1,26,,52478,15408,,,1,60,,52470,15408,,,1,24,,52479,15408,,,1,9,,52483,15408,,,1,72,,52474,15408,,,1,13,,52453,15408,,,1,23,,52442,15408,,,1,70,,52455,15408,,,1,30,,52447,15408,,,1,70,,52448,15408,,,1,30,,52449,15408,,,1,70,,52451,15408,,,1,30,,52460,15408,,,1,70,,52461,15408,,,1,30,,52450,15408,,,1,69,,52446,15408,,,1,29,,52443,15408,,,1,73,,52477,15408,,,1,26,,52482,15408,,,1,76,,52480,15408,,,1,30,,52471,15408,,,1,70,,52472,15408,,,1,29,,52481,15408,,,1,64,,52459,15408,,,1,20,,52454,15408,,,1,72,,52464,15408,,,1,34,,52457,15408,,,1,70,,52444,15408,,,1,30,,52463,15408,,,1,68,,52465,15408,,,1,30,,52462,15408,,,1,70,,52452,15408,,,1,27,,52458,15408,,,1,70,,52466,15408,,,1,100,,52456,15408,,,1
5900,'SE',654,,58232,2508,,,2,60,,58231,2508,,,2,30,,58233,2508,,,2,890,,58235,2508,,,2,67,,58238,2508,,,2,25,,58239,2508,,,2,24,,58237,2508,,,2,59,,58234,2508,,,2,33,,58236,2508,,,2
7701,'DI',822,,60045,9738,,,1,100,,60047,9738,,,1,100,,60046,9738,,,1,100,,60048,9738,,,1,100,,60049,9738,,,1,100,,60051,9738,,,1,100,,60050,9738,,,1,102,,60052,9738,,,1,100,,60043,9738,,,1,100,,60053,9738,,,1,100,,60044,9738,,,1,97,,60054,9738,,,1,98,,60055,9738,,,1,100,,60057,9738,,,1,100,,60056,9738,,,1
7701,'F2',822,,60073,9738,,,1,100,,60075,9738,,,1,100,,60074,9738,,,1,100,,60076,9738,,,1,100,,60078,9738,,,1,100,,60077,9738,,,1,100,,60079,9738,,,1,102,,60080,9738,,,1,100,,60081,9738,,,1,100,,60083,9738,,,1,100,,60082,9738,,,1,97,,60084,9738,,,1,98,,60085,9738,,,1,100,,60087,9738,,,1,100,,60086,9738,,,1
7701,'SA',822,,60088,9738,,,1,100,,60090,9738,,,1,100,,60089,9738,,,1,100,,60091,9738,,,1,100,,60093,9738,,,1,100,,60092,9738,,,1,100,,60094,9738,,,1,102,,60095,9738,,,1,100,,60096,9738,,,1,100,,60098,9738,,,1,100,,60097,9738,,,1,97,,60099,9738,,,1,98,,60100,9738,,,1,100,,60102,9738,,,1,100,,60101,9738,,,1
7701,'SE',643,,60103,9738,,,1,11,,60106,9738,,,1,47,,60124,9738,,,1,7,,60107,9738,,,1,10,,60108,9738,,,1,5,,60111,9738,,,1,6,,60112,9738,,,1,18,,60113,9738,,,1,72,,60126,9738,,,1,30,,60104,9738,,,1,67,,60125,9738,,,1,4,,60109,9738,,,1,31,,60114,9738,,,1,71,,60127,9738,,,1,30,,60105,9738,,,1,70,,60110,9738,,,1,30,,60115,9738,,,1,72,,60128,9738,,,1,29,,60129,9738,,,1,71,,60130,9738,,,1,33,,60116,9738,,,1,70,,60131,9738,,,1,30,,60118,9738,,,1,68,,60122,9738,,,1,33,,60117,9738,,,1,70,,60134,9738,,,1,31,,60119,9738,,,1,65,,60123,9738,,,1,30,,60137,9738,,,1,75,,60120,9738,,,1,30,,60135,9738,,,1,68,,60132,9738,,,1,29,,60138,9738,,,1,70,,60121,9738,,,1,32,,60136,9738,,,1,67,,60133,9738,,,1,26,,60139,9738,,,1
42101,'SE',604,,62811,6020,,,1,37,,62809,6020,,,1,65,,62808,6020,,,1,22,,62819,6020,,,1,17,,62812,6020,,,1,72,,62817,6020,,,1,722,,62813,6020,,,1,75,,62820,6020,,,1,20,,62818,6020,,,1,70,,62816,6020,,,1,30,,62814,6020,,,1,69,,62815,6020,,,1,534,,62807,6020,,,1
90101,'DI',539,,63968,17730,,,1,80,,63792,17730,,,1,30,,63797,17730,,,1,70,,63791,17730,,,1,30,,63807,17730,,,1,73,,63804,17730,,,1,32,,63798,17730,,,1,72,,63786,17730,,,1,31,,63793,17730,,,1,70,,63789,17730,,,1,30,,63808,17730,,,1,71,,63805,17730,,,1,30,,63803,17730,,,1,71,,63794,17730,,,1,73,,63811,17730,,,1,28,,63800,17730,,,1,70,,63809,17730,,,1,29,,63781,17730,,,1,25,,63795,17730,,,1,75,,63787,17730,,,1,30,,63779,17730,,,1,71,,63810,17730,,,1,70,,63783,17730,,,1,30,,63799,17730,,,1,28,,63790,17730,,,1,70,,63780,17730,,,1,28,,63806,17730,,,1,75,,63788,17730,,,1,104,,63785,17730,,,1,97,,63801,17730,,,1,100,,63782,17730,,,1,100,,63784,17730,,,1,100,,63796,17730,,,1,100,,63802,17730,,,1
90101,'F2',619,,63860,17730,,,1,30,,63869,17730,,,1,70,,63864,17730,,,1,30,,63866,17730,,,1,73,,63872,17730,,,1,32,,63863,17730,,,1,72,,63861,17730,,,1,31,,63868,17730,,,1,70,,63874,17730,,,1,30,,63849,17730,,,1,71,,63862,17730,,,1,30,,63873,17730,,,1,71,,63865,17730,,,1,73,,63875,17730,,,1,28,,63854,17730,,,1,70,,63851,17730,,,1,29,,63845,17730,,,1,25,,63858,17730,,,1,75,,63876,17730,,,1,30,,63855,17730,,,1,71,,63852,17730,,,1,70,,63846,17730,,,1,30,,63847,17730,,,1,28,,63870,17730,,,1,70,,63856,17730,,,1,28,,63850,17730,,,1,75,,63859,17730,,,1,104,,63877,17730,,,1,97,,63853,17730,,,1,100,,63867,17730,,,1,100,,63857,17730,,,1,100,,63848,17730,,,1,100,,63871,17730,,,1
90101,'SA',539,,63969,17730,,,1,80,,63893,17730,,,1,30,,63902,17730,,,1,70,,63897,17730,,,1,30,,63899,17730,,,1,73,,63905,17730,,,1,32,,63896,17730,,,1,72,,63894,17730,,,1,31,,63901,17730,,,1,70,,63907,17730,,,1,30,,63882,17730,,,1,71,,63895,17730,,,1,30,,63906,17730,,,1,71,,63898,17730,,,1,73,,63908,17730,,,1,28,,63887,17730,,,1,70,,63884,17730,,,1,29,,63878,17730,,,1,25,,63891,17730,,,1,75,,63909,17730,,,1,30,,63888,17730,,,1,71,,63885,17730,,,1,70,,63879,17730,,,1,30,,63880,17730,,,1,28,,63903,17730,,,1,70,,63889,17730,,,1,28,,63883,17730,,,1,75,,63892,17730,,,1,104,,63910,17730,,,1,97,,63886,17730,,,1,100,,63900,17730,,,1,100,,63890,17730,,,1,100,,63881,17730,,,1,100,,63904,17730,,,1
90101,'SE',535,,63970,17730,,,1,67,,63942,17730,,,1,30,,63945,17730,,,1,16,,63949,17730,,,1,55,,63917,17730,,,1,15,,63939,17730,,,1,15,,63919,17730,,,1,15,,63924,17730,,,1,10,,63948,17730,,,1,55,,63922,17730,,,1,10,,63927,17730,,,1,10,,63943,17730,,,1,12,,63914,17730,,,1,8,,63918,17730,,,1,5,,63944,17730,,,1,50,,63946,17730,,,1,10,,63920,17730,,,1,12,,63954,17730,,,1,15,,63941,17730,,,1,12,,63923,17730,,,1,60,,63925,17730,,,1,20,,63950,17730,,,1,20,,63928,17730,,,1,60,,63915,17730,,,1,20,,63947,17730,,,1,20,,63955,17730,,,1,60,,63911,17730,,,1,20,,63913,17730,,,1,20,,63926,17730,,,1,60,,63921,17730,,,1,20,,63929,17730,,,1,20,,63916,17730,,,1,60,,63958,17730,,,1,20,,63956,17730,,,1,20,,63930,17730,,,1,60,,63940,17730,,,1,23,,63953,17730,,,1,60,,63957,17730,,,1,20,,63931,17730,,,1,20,,63951,17730,,,1,70,,63959,17730,,,1,29,,63961,17730,,,1,73,,63963,17730,,,1,28,,63933,17730,,,1,72,,63952,17730,,,1,30,,63960,17730,,,1,63,,63935,17730,,,1,30,,63912,17730,,,1,70,,63962,17730,,,1,31,,63964,17730,,,1,70,,63932,17730,,,1,30,,63936,17730,,,1,70,,63937,17730,,,1,100,,63965,17730,,,1,100,,63934,17730,,,1,100,,63938,17730,,,1
