801,'DI',553,,23101,14151,,,1,70,,2745,14151,,,1,30,,2752,14151,,,1,70,,23108,14151,,,1,30,,23102,14151,,,1,72,,2746,14151,,,1,30,,2753,14151,,,1,70,,23109,14151,,,1,29,,23103,14151,,,1,70,,2747,14151,,,1,30,,2754,14151,,,1,69,,23110,14151,,,1,30,,23104,14151,,,1,70,,2748,14151,,,1,30,,2755,14151,,,1,70,,23111,14151,,,1,31,,2741,14151,,,1,70,,2749,14151,,,1,31,,2756,14151,,,1,70,,23112,14151,,,1,29,,23106,14151,,,1,70,,2750,14151,,,1,30,,23115,14151,,,1,70,,23113,14151,,,1,19,,23105,14151,,,1,13,,23107,14151,,,1,70,,2751,14151,,,1,28,,23116,14151,,,1,70,,23114,14151,,,1,85,,2742,14151,,,1,100,,23117,14151,,,1,100,,2743,14151,,,1,99,,23118,14151,,,1,100,,2744,14151,,,1,99,,23119,14151,,,1
801,'F1',553,,44174,14151,,,1,70,,44182,14151,,,1,30,,44189,14151,,,1,70,,44197,14151,,,1,30,,44175,14151,,,1,72,,44183,14151,,,1,30,,44190,14151,,,1,70,,44198,14151,,,1,29,,44176,14151,,,1,70,,44184,14151,,,1,30,,44191,14151,,,1,69,,44199,14151,,,1,30,,44177,14151,,,1,70,,44185,14151,,,1,30,,44192,14151,,,1,70,,44200,14151,,,1,31,,44178,14151,,,1,70,,44186,14151,,,1,31,,44193,14151,,,1,70,,44201,14151,,,1,29,,44195,14151,,,1,70,,44187,14151,,,1,30,,44204,14151,,,1,70,,44202,14151,,,1,19,,44194,14151,,,1,13,,44196,14151,,,1,70,,44188,14151,,,1,28,,44205,14151,,,1,70,,44203,14151,,,1,85,,44179,14151,,,1,100,,44206,14151,,,1,100,,44180,14151,,,1,99,,44207,14151,,,1,100,,44181,14151,,,1,99,,44208,14151,,,1
801,'F2',553,,44213,14151,,,1,70,,44225,14151,,,1,30,,44228,14151,,,1,70,,44231,14151,,,1,30,,44214,14151,,,1,72,,44226,14151,,,1,30,,44229,14151,,,1,70,,44232,14151,,,1,27,,44215,14151,,,1,69,,44227,14151,,,1,30,,44230,14151,,,1,70,,44233,14151,,,1,31,,44216,14151,,,1,70,,44221,14151,,,1,31,,44238,14151,,,1,70,,44234,14151,,,1,31,,44217,14151,,,1,70,,44222,14151,,,1,30,,44239,14151,,,1,70,,44235,14151,,,1,30,,44242,14151,,,1,70,,44223,14151,,,1,30,,44240,14151,,,1,70,,44236,14151,,,1,25,,44209,14151,,,1,10,,44243,14151,,,1,60,,44224,14151,,,1,30,,44241,14151,,,1,70,,44237,14151,,,1,90,,44210,14151,,,1,100,,44218,14151,,,1,100,,44211,14151,,,1,97,,44219,14151,,,1,100,,44212,14151,,,1,100,,44220,14151,,,1
801,'F8',553,,23268,14151,,,1,70,,23280,14151,,,1,30,,23283,14151,,,1,70,,23286,14151,,,1,30,,23269,14151,,,1,72,,23281,14151,,,1,30,,23284,14151,,,1,70,,23287,14151,,,1,27,,23270,14151,,,1,69,,23282,14151,,,1,30,,23285,14151,,,1,70,,23288,14151,,,1,31,,23271,14151,,,1,70,,23276,14151,,,1,31,,23293,14151,,,1,70,,23289,14151,,,1,31,,23272,14151,,,1,70,,23277,14151,,,1,30,,23294,14151,,,1,70,,23290,14151,,,1,30,,23297,14151,,,1,70,,23278,14151,,,1,30,,23295,14151,,,1,70,,23291,14151,,,1,25,,23264,14151,,,1,10,,23298,14151,,,1,60,,23279,14151,,,1,30,,23296,14151,,,1,70,,23292,14151,,,1,90,,23265,14151,,,1,100,,23273,14151,,,1,100,,23266,14151,,,1,97,,23274,14151,,,1,100,,23267,14151,,,1,100,,23275,14151,,,1
801,'F9',553,,23299,14151,,,1,70,,23307,14151,,,1,30,,23314,14151,,,1,70,,23322,14151,,,1,30,,23300,14151,,,1,72,,23308,14151,,,1,30,,23315,14151,,,1,70,,23323,14151,,,1,29,,23301,14151,,,1,70,,23309,14151,,,1,30,,23316,14151,,,1,69,,23324,14151,,,1,30,,23302,14151,,,1,70,,23310,14151,,,1,30,,23317,14151,,,1,70,,23325,14151,,,1,31,,23303,14151,,,1,70,,23311,14151,,,1,31,,23318,14151,,,1,70,,23326,14151,,,1,29,,23320,14151,,,1,70,,23312,14151,,,1,30,,23329,14151,,,1,70,,23327,14151,,,1,19,,23319,14151,,,1,13,,23321,14151,,,1,70,,23313,14151,,,1,28,,23330,14151,,,1,70,,23328,14151,,,1,85,,23304,14151,,,1,100,,23331,14151,,,1,100,,23305,14151,,,1,99,,23332,14151,,,1,100,,23306,14151,,,1,99,,23333,14151,,,1
801,'SA',553,,23338,14151,,,1,70,,23350,14151,,,1,30,,23353,14151,,,1,70,,23356,14151,,,1,30,,23339,14151,,,1,72,,23351,14151,,,1,30,,23354,14151,,,1,70,,23357,14151,,,1,27,,23340,14151,,,1,69,,23352,14151,,,1,30,,23355,14151,,,1,70,,23358,14151,,,1,31,,23341,14151,,,1,70,,23346,14151,,,1,31,,23363,14151,,,1,70,,23359,14151,,,1,31,,23342,14151,,,1,70,,23347,14151,,,1,30,,23364,14151,,,1,70,,23360,14151,,,1,30,,2977,14151,,,1,70,,23348,14151,,,1,30,,23365,14151,,,1,70,,23361,14151,,,1,25,,23334,14151,,,1,10,,2978,14151,,,1,60,,23349,14151,,,1,30,,23366,14151,,,1,70,,23362,14151,,,1,90,,23335,14151,,,1,100,,23343,14151,,,1,100,,23336,14151,,,1,97,,23344,14151,,,1,100,,23337,14151,,,1,100,,23345,14151,,,1
801,'SE',519,,44283,14151,,,1,33,,44246,14151,,,1,67,,44285,14151,,,1,21,,44287,14151,,,1,60,,44290,14151,,,1,15,,44288,14151,,,1,8,,44250,14151,,,1,16,,44268,14151,,,1,7,,44295,14151,,,1,8,,44247,14151,,,1,49,,44289,14151,,,1,22,,44286,14151,,,1,19,,44261,14151,,,1,58,,44291,14151,,,1,14,,44282,14151,,,1,15,,44251,14151,,,1,14,,44269,14151,,,1,55,,44248,14151,,,1,17,,44272,14151,,,1,15,,44259,14151,,,1,14,,44262,14151,,,1,55,,44265,14151,,,1,16,,44305,14151,,,1,15,,44252,14151,,,1,15,,44270,14151,,,1,55,,44249,14151,,,1,15,,44273,14151,,,1,15,,44275,14151,,,1,16,,44254,14151,,,1,55,,44263,14151,,,1,15,,44292,14151,,,1,15,,44306,14151,,,1,15,,44303,14151,,,1,55,,44271,14151,,,1,15,,44244,14151,,,1,15,,44274,14151,,,1,18,,44260,14151,,,1,55,,44255,14151,,,1,13,,44307,14151,,,1,22,,44266,14151,,,1,11,,44293,14151,,,1,50,,44253,14151,,,1,14,,44297,14151,,,1,16,,44296,14151,,,1,17,,44245,14151,,,1,55,,44276,14151,,,1,13,,44279,14151,,,1,16,,44264,14151,,,1,15,,44300,14151,,,1,55,,44267,14151,,,1,13,,44294,14151,,,1,21,,44298,14151,,,1,21,,44299,14151,,,1,67,,44280,14151,,,1,28,,44301,14151,,,1,71,,44284,14151,,,1,28,,44256,14151,,,1,73,,44308,14151,,,1,27,,44302,14151,,,1,52,,44277,14151,,,1,20,,44281,14151,,,1,29,,44257,14151,,,1,60,,44304,14151,,,1,92,,44278,14151,,,1,100,,44258,14151,,,1
2801,'DI',942,,27810,7828,,,1,100,,27815,7828,,,1,100,,27813,7828,,,1,101,,27811,7828,,,1,100,,27812,7828,,,1,100,,27816,7828,,,1,98,,27819,7828,,,1,99,,27818,7828,,,1,96,,27817,7828,,,1,105,,27814,7828,,,1
2801,'F1',942,,45978,7828,,,1,100,,45983,7828,,,1,100,,45981,7828,,,1,101,,45979,7828,,,1,100,,45980,7828,,,1,100,,45984,7828,,,1,98,,45987,7828,,,1,99,,45986,7828,,,1,96,,45985,7828,,,1,105,,45982,7828,,,1
2801,'F2',942,,45995,7828,,,1,100,,45990,7828,,,1,100,,45988,7828,,,1,101,,45992,7828,,,1,100,,45991,7828,,,1,100,,45993,7828,,,1,98,,45989,7828,,,1,96,,45997,7828,,,1,99,,45996,7828,,,1,105,,45994,7828,,,1
2801,'F8',942,,27885,7828,,,1,100,,27880,7828,,,1,100,,27878,7828,,,1,101,,27882,7828,,,1,100,,27881,7828,,,1,100,,27883,7828,,,1,98,,27879,7828,,,1,96,,27887,7828,,,1,99,,27886,7828,,,1,105,,27884,7828,,,1
2801,'F9',942,,27888,7828,,,1,100,,27893,7828,,,1,100,,27891,7828,,,1,101,,27889,7828,,,1,100,,27890,7828,,,1,100,,27894,7828,,,1,98,,27897,7828,,,1,99,,27896,7828,,,1,96,,27895,7828,,,1,105,,27892,7828,,,1
2801,'SA',942,,27904,7828,,,1,100,,27900,7828,,,1,100,,27898,7828,,,1,101,,27901,7828,,,1,100,,7052,7828,,,1,100,,27902,7828,,,1,98,,27899,7828,,,1,96,,27906,7828,,,1,99,,27905,7828,,,1,105,,27903,7828,,,1
2801,'SE',651,,46024,7828,,,1,60,,46030,9537,,,1,21,,46025,7828,,,1,19,,46031,9537,,,1,69,,46035,9537,,,1,21,,46019,7828,,,1,16,,46029,9537,,,1,68,,46023,7828,,,1,29,,46009,7828,,,1,70,,46001,7828,,,1,30,,46005,7828,,,1,70,,46010,7828,,,1,30,,46002,7828,,,1,70,,46006,7828,,,1,30,,46011,7828,,,1,70,,46003,7828,,,1,30,,46007,7828,,,1,71,,46012,7828,,,1,30,,46004,7828,,,1,61,,46013,7828,,,1,12,,46008,7828,,,1,17,,46015,7828,,,1,10,,46032,9537,,,1,57,,45999,7828,,,1,13,,46017,7828,,,1,15,,46021,7828,,,1,18,,46034,9537,,,1,53,,46014,7828,,,1,16,,46016,7828,,,1,13,,46033,9537,,,1,18,,46018,7828,,,1,54,,46020,7828,,,1,22,,46026,7828,,,1,21,,45998,7828,,,1,63,,46022,7828,,,1,100,,46000,7828,,,1,100,,46027,7828,,,1,100,,46028,7828,,,1
7701,'DI',821,,35180,14587,0,25 26,1,100,,35183,14587,0,25 26,1,100,,35181,14587,0,25 26,1,100,,35184,14587,0,25 26,1,100,,35182,14587,0,25 26,1,100,,35179,14587,0,25 26,1,100,,35185,14587,0,25 26,1,100,,35188,14587,0,25 26,1,100,,35178,14587,0,25 26,1,100,,35189,14587,0,25 26,1,100,,35190,14587,0,25 26,1,98,,35191,14587,0,25 26,1,99,,35186,14587,0,25 26,1,100,,35192,14587,0,25 26,1,100,,35187,14587,0,25 26,1
7701,'F1',821,,48923,14587,0,25 26,1,100,,48926,14587,0,25 26,1,100,,48924,14587,0,25 26,1,100,,48927,14587,0,25 26,1,100,,48925,14587,0,25 26,1,100,,48922,14587,0,25 26,1,100,,48928,14587,0,25 26,1,100,,48931,14587,0,25 26,1,100,,48921,14587,0,25 26,1,100,,48932,14587,0,25 26,1,100,,48933,14587,0,25 26,1,98,,48934,14587,0,25 26,1,99,,48929,14587,0,25 26,1,100,,48935,14587,0,25 26,1,100,,48930,14587,0,25 26,1
7701,'F2',821,,48950,14587,0,25 26,1,100,,48941,14587,0,25 26,1,100,,48937,14587,0,25 26,1,100,,48942,14587,0,25 26,1,100,,48938,14587,0,25 26,1,100,,48940,14587,0,25 26,1,100,,48943,14587,0,25 26,1,97,,48936,14587,0,25 26,1,103,,48944,14587,0,25 26,1,99,,48946,14587,0,25 26,1,101,,48945,14587,0,25 26,1,98,,48947,14587,0,25 26,1,99,,48948,14587,0,25 26,1,100,,48939,14587,0,25 26,1,100,,48949,14587,0,25 26,1
7701,'F8',821,,35276,14587,0,25 26,1,100,,35267,14587,0,25 26,1,100,,35263,14587,0,25 26,1,100,,35268,14587,0,25 26,1,100,,35264,14587,0,25 26,1,100,,35266,14587,0,25 26,1,100,,35269,14587,0,25 26,1,97,,35262,14587,0,25 26,1,103,,35270,14587,0,25 26,1,99,,35272,14587,0,25 26,1,101,,35271,14587,0,25 26,1,98,,35273,14587,0,25 26,1,99,,35274,14587,0,25 26,1,100,,35265,14587,0,25 26,1,100,,35275,14587,0,25 26,1
7701,'F9',821,,35279,14587,0,25 26,1,100,,35282,14587,0,25 26,1,100,,35280,14587,0,25 26,1,100,,35283,14587,0,25 26,1,100,,35281,14587,0,25 26,1,100,,35278,14587,0,25 26,1,100,,35284,14587,0,25 26,1,100,,35287,14587,0,25 26,1,100,,35277,14587,0,25 26,1,100,,35288,14587,0,25 26,1,100,,35289,14587,0,25 26,1,98,,35290,14587,0,25 26,1,99,,35285,14587,0,25 26,1,100,,35291,14587,0,25 26,1,100,,35286,14587,0,25 26,1
7701,'SA',821,,35305,14587,0,25 26,1,100,,35296,14587,0,25 26,1,100,,35293,14587,0,25 26,1,100,,35297,14587,0,25 26,1,100,,13757,14587,0,25 26,1,100,,35295,14587,0,25 26,1,100,,35298,14587,0,25 26,1,97,,35292,14587,0,25 26,1,103,,35299,14587,0,25 26,1,99,,35301,14587,0,25 26,1,101,,35300,14587,0,25 26,1,98,,35302,14587,0,25 26,1,99,,35303,14587,0,25 26,1,100,,35294,14587,0,25 26,1,100,,35304,14587,0,25 26,1
7701,'SE',701,,48987,14587,0,25 26,1,11,,48952,14587,0,25 26,1,7,,48957,14587,0,25 26,1,7,,48953,14587,0,25 26,1,15,,48961,14587,0,25 26,1,8,,48954,14587,0,25 26,1,58,,48959,14587,0,25 26,1,35,,48962,14587,0,25 26,1,68,,48958,14587,0,25 26,1,32,,48955,14587,0,25 26,1,70,,48960,14587,0,25 26,1,30,,48963,14587,0,25 26,1,70,,48964,14587,0,25 26,1,30,,48956,14587,0,25 26,1,70,,48966,14587,0,25 26,1,31,,48967,14587,0,25 26,1,70,,48965,14587,0,25 26,1,31,,48969,14587,0,25 26,1,73,,48971,14587,0,25 26,1,30,,48968,14587,0,25 26,1,70,,48972,14587,0,25 26,1,32,,48970,14587,0,25 26,1,60,,48974,14587,0,25 26,1,20,,48976,14587,0,25 26,1,20,,48977,14587,0,25 26,1,60,,48973,14587,0,25 26,1,16,,48982,14587,0,25 26,1,18,,48983,14587,0,25 26,1,62,,48975,14587,0,25 26,1,29,,48985,14587,0,25 26,1,24,,48978,14587,0,25 26,1,73,,48984,14587,0,25 26,1,71,,48980,14587,0,25 26,1,30,,48979,14587,0,25 26,1,71,,48951,14587,0,25 26,1,31,,48986,14587,0,25 26,1,22,,48981,14587,0,25 26,1
8801,'DI',640,,36910,13423,,,1,70,,36915,13423,,,1,30,,36921,13423,,,1,70,,36931,13423,,,1,30,,36911,13423,,,1,70,,36916,13423,,,1,30,,36922,13423,,,1,69,,36932,13423,,,1,29,,36912,13423,,,1,70,,36917,13423,,,1,30,,36923,13423,,,1,70,,36933,13423,,,1,30,,36913,13423,,,1,70,,36918,13423,,,1,30,,36924,13423,,,1,71,,36934,13423,,,1,30,,36914,13423,,,1,71,,36919,13423,,,1,30,,36925,13423,,,1,69,,15257,13423,,,1,30,,36926,13423,,,1,70,,36920,13423,,,1,30,,36935,13423,,,1,72,,15258,13423,,,1,22,,36927,13423,,,1,106,,36936,13423,,,1,100,,36928,13423,,,1,100,,36937,13423,,,1,99,,36929,13423,,,1,100,,36938,13423,,,1,99,,36930,13423,,,1
8801,'F1',640,,49632,13423,,,1,70,,49637,13423,,,1,30,,49643,13423,,,1,70,,49653,13423,,,1,30,,49633,13423,,,1,70,,49638,13423,,,1,30,,49644,13423,,,1,69,,49654,13423,,,1,29,,49634,13423,,,1,70,,49639,13423,,,1,30,,49645,13423,,,1,70,,49655,13423,,,1,30,,49635,13423,,,1,70,,49640,13423,,,1,30,,49646,13423,,,1,71,,49656,13423,,,1,30,,49636,13423,,,1,71,,49641,13423,,,1,30,,49647,13423,,,1,69,,49630,13423,,,1,30,,49648,13423,,,1,70,,49642,13423,,,1,30,,49657,13423,,,1,72,,49631,13423,,,1,22,,49649,13423,,,1,106,,49658,13423,,,1,100,,49650,13423,,,1,100,,49659,13423,,,1,99,,49651,13423,,,1,100,,49660,13423,,,1,99,,49652,13423,,,1
8801,'F2',638,,49664,13423,,,1,70,,49663,13423,,,1,30,,49685,13423,,,1,69,,49676,13423,,,1,30,,49665,13423,,,1,70,,49689,13423,,,1,32,,49686,13423,,,1,67,,49677,13423,,,1,30,,49669,13423,,,1,69,,49690,13423,,,1,30,,49687,13423,,,1,71,,49678,13423,,,1,30,,49670,13423,,,1,71,,49682,13423,,,1,28,,49666,13423,,,1,71,,49679,13423,,,1,30,,49671,13423,,,1,70,,49683,13423,,,1,30,,49667,13423,,,1,70,,49661,13423,,,1,30,,49672,13423,,,1,71,,49684,13423,,,1,28,,49668,13423,,,1,72,,49662,13423,,,1,21,,49691,13423,,,1,109,,49680,13423,,,1,100,,49673,13423,,,1,100,,49681,13423,,,1,100,,49674,13423,,,1,96,,49688,13423,,,1,100,,49675,13423,,,1
8801,'F8',638,,37048,13423,,,1,70,,37047,13423,,,1,30,,37069,13423,,,1,69,,37060,13423,,,1,30,,37049,13423,,,1,70,,37073,13423,,,1,32,,37070,13423,,,1,67,,37061,13423,,,1,30,,37053,13423,,,1,69,,37074,13423,,,1,30,,37071,13423,,,1,71,,37062,13423,,,1,30,,37054,13423,,,1,71,,37066,13423,,,1,28,,37050,13423,,,1,71,,37063,13423,,,1,30,,37055,13423,,,1,70,,37067,13423,,,1,30,,37051,13423,,,1,70,,37045,13423,,,1,30,,37056,13423,,,1,71,,37068,13423,,,1,28,,37052,13423,,,1,72,,37046,13423,,,1,21,,37075,13423,,,1,109,,37064,13423,,,1,100,,37057,13423,,,1,100,,37065,13423,,,1,100,,37058,13423,,,1,96,,37072,13423,,,1,100,,37059,13423,,,1
8801,'F9',640,,37078,13423,,,1,70,,37083,13423,,,1,30,,37089,13423,,,1,70,,37099,13423,,,1,30,,37079,13423,,,1,70,,37084,13423,,,1,30,,37090,13423,,,1,69,,37100,13423,,,1,29,,37080,13423,,,1,70,,37085,13423,,,1,30,,37091,13423,,,1,70,,37101,13423,,,1,30,,37081,13423,,,1,70,,37086,13423,,,1,30,,37092,13423,,,1,71,,37102,13423,,,1,30,,37082,13423,,,1,71,,37087,13423,,,1,30,,37093,13423,,,1,69,,37076,13423,,,1,30,,37094,13423,,,1,70,,37088,13423,,,1,30,,37103,13423,,,1,72,,37077,13423,,,1,22,,37095,13423,,,1,106,,37104,13423,,,1,100,,37096,13423,,,1,100,,37105,13423,,,1,99,,37097,13423,,,1,100,,37106,13423,,,1,99,,37098,13423,,,1
8801,'SA',638,,37110,13423,,,1,70,,37109,13423,,,1,30,,37131,13423,,,1,69,,37122,13423,,,1,30,,37111,13423,,,1,70,,37134,13423,,,1,32,,37132,13423,,,1,67,,37123,13423,,,1,30,,37115,13423,,,1,69,,37135,13423,,,1,30,,37133,13423,,,1,71,,37124,13423,,,1,30,,37116,13423,,,1,71,,37128,13423,,,1,28,,37112,13423,,,1,71,,37125,13423,,,1,30,,37117,13423,,,1,70,,37129,13423,,,1,30,,37113,13423,,,1,70,,37107,13423,,,1,30,,37118,13423,,,1,71,,37130,13423,,,1,28,,37114,13423,,,1,72,,37108,13423,,,1,21,,37136,13423,,,1,109,,37126,13423,,,1,100,,37119,13423,,,1,100,,37127,13423,,,1,100,,37120,13423,,,1,96,,15458,13423,,,1,100,,37121,13423,,,1
8801,'SE',635,,49700,13423,,,1,20,,49692,13423,,,1,50,,49714,13423,,,1,14,,49719,13423,,,1,8,,49702,13423,,,1,15,,49721,13423,,,1,15,,49720,13423,,,1,50,,49693,13423,,,1,6,,49710,13423,,,1,18,,49718,13423,,,1,18,,49708,13423,,,1,60,,49732,13423,,,1,30,,49734,13423,,,1,70,,49733,13423,,,1,30,,49697,13423,,,1,70,,49727,13423,,,1,30,,49728,13423,,,1,70,,49694,13423,,,1,30,,49699,13423,,,1,70,,49703,13423,,,1,30,,49696,13423,,,1,70,,49695,13423,,,1,33,,49705,13423,,,1,69,,49701,13423,,,1,20,,49713,13423,,,1,20,,49730,13423,,,1,58,,49722,13423,,,1,12,,49704,13423,,,1,15,,49711,13423,,,1,19,,49715,13423,,,1,53,,49709,13423,,,1,15,,49698,13423,,,1,14,,49736,13423,,,1,16,,49735,13423,,,1,54,,49731,13423,,,1,16,,49723,13423,,,1,17,,49712,13423,,,1,67,,49716,13423,,,1,32,,49737,13423,,,1,70,,49706,13423,,,1,28,,49729,13423,,,1,70,,49717,13423,,,1,30,,49707,13423,,,1,101,,49724,13423,,,1,98,,49726,13423,,,1,100,,49725,13423,,,1
