801,'DI',547,,53514,12041,,,1,70,,53522,12041,,,1,30,,53529,12041,,,1,70,,53541,12041,,,1,30,,53515,12041,,,1,72,,53523,12041,,,1,30,,53530,12041,,,1,70,,53542,12041,,,1,28,,53516,12041,,,1,70,,53524,12041,,,1,30,,53531,12041,,,1,68,,53543,12041,,,1,30,,53517,12041,,,1,70,,53525,12041,,,1,30,,53532,12041,,,1,70,,53544,12041,,,1,31,,53518,12041,,,1,70,,53526,12041,,,1,31,,53538,12041,,,1,70,,53545,12041,,,1,30,,53539,12041,,,1,70,,53527,12041,,,1,30,,53533,12041,,,1,70,,53546,12041,,,1,19,,53548,12041,,,1,14,,53540,12041,,,1,70,,53528,12041,,,1,28,,53534,12041,,,1,70,,53547,12041,,,1,85,,53519,12041,,,1,100,,53535,12041,,,1,100,,53520,12041,,,1,99,,53536,12041,,,1,100,,53521,12041,,,1,99,,53537,12041,,,1
801,'F1',547,,53549,12041,,,1,70,,53557,12041,,,1,30,,53564,12041,,,1,70,,53576,12041,,,1,30,,53550,12041,,,1,72,,53558,12041,,,1,30,,53565,12041,,,1,70,,53577,12041,,,1,28,,53551,12041,,,1,70,,53559,12041,,,1,30,,53566,12041,,,1,68,,53578,12041,,,1,30,,53552,12041,,,1,70,,53560,12041,,,1,30,,53567,12041,,,1,70,,53579,12041,,,1,31,,53553,12041,,,1,70,,53561,12041,,,1,31,,53573,12041,,,1,70,,53580,12041,,,1,30,,53574,12041,,,1,70,,53562,12041,,,1,30,,53568,12041,,,1,70,,53581,12041,,,1,19,,53583,12041,,,1,14,,53575,12041,,,1,70,,53563,12041,,,1,28,,53569,12041,,,1,70,,53582,12041,,,1,85,,53554,12041,,,1,100,,53570,12041,,,1,100,,53555,12041,,,1,99,,53571,12041,,,1,100,,53556,12041,,,1,99,,53572,12041,,,1
801,'F2',547,,53588,12041,,,1,70,,53593,12041,,,1,30,,53600,12041,,,1,70,,53605,12041,,,1,30,,53589,12041,,,1,72,,53594,12041,,,1,30,,53601,12041,,,1,70,,53606,12041,,,1,27,,53590,12041,,,1,68,,53595,12041,,,1,30,,53602,12041,,,1,70,,53607,12041,,,1,31,,53591,12041,,,1,70,,53596,12041,,,1,31,,53603,12041,,,1,70,,53608,12041,,,1,31,,53592,12041,,,1,70,,53597,12041,,,1,30,,53604,12041,,,1,70,,53609,12041,,,1,30,,44242,12041,,,1,70,,53598,12041,,,1,30,,53615,12041,,,1,70,,53610,12041,,,1,25,,53584,12041,,,1,10,,44243,12041,,,1,61,,53599,12041,,,1,30,,53616,12041,,,1,70,,53611,12041,,,1,90,,53585,12041,,,1,100,,53612,12041,,,1,100,,53586,12041,,,1,98,,53613,12041,,,1,100,,53587,12041,,,1,100,,53614,12041,,,1
801,'SA',547,,53621,12041,,,1,70,,53626,12041,,,1,30,,53633,12041,,,1,70,,53638,12041,,,1,30,,53622,12041,,,1,72,,53627,12041,,,1,30,,53634,12041,,,1,70,,53639,12041,,,1,27,,53623,12041,,,1,68,,53628,12041,,,1,30,,53635,12041,,,1,70,,53640,12041,,,1,31,,53624,12041,,,1,70,,53629,12041,,,1,31,,53636,12041,,,1,70,,53641,12041,,,1,31,,53625,12041,,,1,70,,53630,12041,,,1,30,,53637,12041,,,1,70,,53642,12041,,,1,30,,2977,12041,,,1,70,,53631,12041,,,1,30,,53648,12041,,,1,70,,53643,12041,,,1,25,,53617,12041,,,1,10,,2978,12041,,,1,61,,53632,12041,,,1,30,,53649,12041,,,1,70,,53644,12041,,,1,90,,53618,12041,,,1,100,,53645,12041,,,1,100,,53619,12041,,,1,98,,53646,12041,,,1,100,,53620,12041,,,1,100,,53647,12041,,,1
801,'SE',513,,53650,12041,,,1,33,,53651,12041,,,1,67,,44285,12041,,,1,21,,53672,12041,,,1,5,,53717,12041,,,1,15,,53706,12041,,,1,5,,53665,12041,,,1,51,,53710,12041,,,1,3,,53713,12041,,,1,6,,53655,12041,,,1,2,,53714,12041,,,1,6,,53685,12041,,,1,3,,53708,12041,,,1,4,,53712,12041,,,1,3,,53696,12041,,,1,3,,53659,12041,,,1,9,,53652,12041,,,1,7,,53683,12041,,,1,44,,53663,12041,,,1,8,,53668,12041,,,1,12,,53660,12041,,,1,18,,53673,12041,,,1,18,,53654,12041,,,1,53,,53690,12041,,,1,15,,53656,12041,,,1,15,,53686,12041,,,1,15,,53678,12041,,,1,57,,53693,12041,,,1,15,,44259,12041,,,1,14,,53674,12041,,,1,15,,53666,12041,,,1,56,,53691,12041,,,1,15,,53657,12041,,,1,15,,53687,12041,,,1,15,,53679,12041,,,1,55,,53694,12041,,,1,15,,53653,12041,,,1,16,,53661,12041,,,1,15,,53675,12041,,,1,55,,53669,12041,,,1,15,,53692,12041,,,1,15,,53709,12041,,,1,15,,53688,12041,,,1,55,,53684,12041,,,1,15,,53695,12041,,,1,18,,53697,12041,,,1,55,,53715,12041,,,1,13,,53681,12041,,,1,20,,53700,12041,,,1,11,,53670,12041,,,1,10,,53658,12041,,,1,54,,53711,12041,,,1,16,,53680,12041,,,1,17,,53664,12041,,,1,15,,53702,12041,,,1,52,,53698,12041,,,1,16,,53662,12041,,,1,15,,53682,12041,,,1,15,,53701,12041,,,1,55,,53671,12041,,,1,21,,53689,12041,,,1,22,,53707,12041,,,1,67,,53699,12041,,,1,28,,53676,12041,,,1,71,,53703,12041,,,1,29,,53718,12041,,,1,73,,53720,12041,,,1,27,,53677,12041,,,1,12,,53716,12041,,,1,60,,53704,12041,,,1,29,,53719,12041,,,1,60,,53721,12041,,,1,92,,53667,12041,,,1,100,,53705,12041,,,1
2801,'DI',935,,56267,5717,,,1,100,,56262,5717,,,1,100,,56266,5717,,,1,101,,56263,5717,,,1,100,,56265,5717,,,1,100,,56261,5717,,,1,98,,56264,5717,,,1,99,,56260,5717,,,1,96,,56268,5717,,,1,105,,56269,5717,,,1
2801,'F1',935,,56277,5717,,,1,100,,56272,5717,,,1,100,,56276,5717,,,1,101,,56273,5717,,,1,100,,56275,5717,,,1,100,,56271,5717,,,1,98,,56274,5717,,,1,99,,56270,5717,,,1,96,,56278,5717,,,1,105,,56279,5717,,,1
2801,'F2',935,,56285,5717,,,1,100,,56283,5717,,,1,100,,56280,5717,,,1,101,,56286,5717,,,1,100,,45991,5717,,,1,100,,56288,5717,,,1,98,,56282,5717,,,1,96,,56281,5717,,,1,99,,56284,5717,,,1,105,,56287,5717,,,1
2801,'SA',935,,56294,5717,,,1,100,,56292,5717,,,1,100,,56289,5717,,,1,101,,56295,5717,,,1,100,,7052,5717,,,1,100,,56297,5717,,,1,98,,56291,5717,,,1,96,,56290,5717,,,1,99,,56293,5717,,,1,105,,56296,5717,,,1
2801,'SE',644,,56298,5717,,,1,63,,56333,7427,,,1,18,,56320,5717,,,1,21,,56330,7427,,,1,67,,56329,7427,,,1,21,,56319,5717,,,1,20,,56335,7427,,,1,64,,56300,5717,,,1,29,,56299,5717,,,1,70,,56315,5717,,,1,30,,56321,5717,,,1,70,,56312,5717,,,1,30,,56301,5717,,,1,70,,56322,5717,,,1,30,,56304,5717,,,1,70,,56302,5717,,,1,30,,56323,5717,,,1,71,,56305,5717,,,1,30,,56303,5717,,,1,61,,56317,5717,,,1,12,,56306,5717,,,1,17,,56310,5717,,,1,10,,56331,7427,,,1,57,,56324,5717,,,1,13,,56308,5717,,,1,15,,56325,5717,,,1,18,,56334,7427,,,1,53,,56307,5717,,,1,16,,56311,5717,,,1,13,,56332,7427,,,1,18,,56309,5717,,,1,54,,56314,5717,,,1,22,,56318,5717,,,1,21,,56327,5717,,,1,63,,56326,5717,,,1,100,,56313,5717,,,1,100,,56328,5717,,,1,100,,56316,5717,,,1
8801,'DI',634,,61085,11313,,,1,70,,61081,11313,,,1,30,,61091,11313,,,1,70,,61099,11313,,,1,30,,61086,11313,,,1,70,,61082,11313,,,1,30,,61092,11313,,,1,68,,61100,11313,,,1,29,,61087,11313,,,1,70,,61083,11313,,,1,29,,61093,11313,,,1,70,,61101,11313,,,1,30,,61089,11313,,,1,70,,61084,11313,,,1,30,,61094,11313,,,1,71,,61098,11313,,,1,30,,61102,11313,,,1,71,,61080,11313,,,1,31,,61095,11313,,,1,69,,61078,11313,,,1,30,,61103,11313,,,1,70,,61090,11313,,,1,30,,61096,11313,,,1,73,,61079,11313,,,1,22,,61104,11313,,,1,106,,61097,11313,,,1,100,,61106,11313,,,1,100,,61105,11313,,,1,100,,61107,11313,,,1,100,,61088,11313,,,1,99,,61108,11313,,,1
8801,'F1',634,,61116,11313,,,1,70,,61112,11313,,,1,30,,61122,11313,,,1,70,,61130,11313,,,1,30,,61117,11313,,,1,70,,61113,11313,,,1,30,,61123,11313,,,1,68,,61131,11313,,,1,29,,61118,11313,,,1,70,,61114,11313,,,1,29,,61124,11313,,,1,70,,61132,11313,,,1,30,,61120,11313,,,1,70,,61115,11313,,,1,30,,61125,11313,,,1,71,,61129,11313,,,1,30,,61133,11313,,,1,71,,61111,11313,,,1,31,,61126,11313,,,1,69,,61109,11313,,,1,30,,61134,11313,,,1,70,,61121,11313,,,1,30,,61127,11313,,,1,73,,61110,11313,,,1,22,,61135,11313,,,1,106,,61128,11313,,,1,100,,61137,11313,,,1,100,,61136,11313,,,1,100,,61138,11313,,,1,100,,61119,11313,,,1,99,,61139,11313,,,1
8801,'F2',632,,61143,11313,,,1,70,,61149,11313,,,1,30,,61157,11313,,,1,69,,61160,11313,,,1,30,,61144,11313,,,1,70,,61150,11313,,,1,31,,61158,11313,,,1,27,,61161,11313,,,1,70,,61145,11313,,,1,29,,61151,11313,,,1,70,,61159,11313,,,1,31,,61162,11313,,,1,70,,61146,11313,,,1,71,,61152,11313,,,1,28,,61166,11313,,,1,31,,61163,11313,,,1,70,,61147,11313,,,1,30,,61153,11313,,,1,70,,61169,11313,,,1,30,,61140,11313,,,1,70,,61148,11313,,,1,71,,61142,11313,,,1,28,,61170,11313,,,1,72,,61141,11313,,,1,22,,61165,11313,,,1,109,,61167,11313,,,1,100,,61154,11313,,,1,100,,61168,11313,,,1,100,,61155,11313,,,1,97,,61164,11313,,,1,100,,61156,11313,,,1
8801,'SA',632,,61174,11313,,,1,70,,61180,11313,,,1,30,,61188,11313,,,1,69,,61191,11313,,,1,30,,61175,11313,,,1,70,,61181,11313,,,1,31,,61189,11313,,,1,27,,61192,11313,,,1,70,,61176,11313,,,1,29,,61182,11313,,,1,70,,61190,11313,,,1,31,,61193,11313,,,1,70,,61177,11313,,,1,71,,61183,11313,,,1,28,,61197,11313,,,1,31,,61194,11313,,,1,70,,61178,11313,,,1,30,,61184,11313,,,1,70,,61200,11313,,,1,30,,61171,11313,,,1,70,,61179,11313,,,1,71,,61173,11313,,,1,28,,61201,11313,,,1,72,,61172,11313,,,1,22,,61196,11313,,,1,109,,61198,11313,,,1,100,,61185,11313,,,1,100,,61199,11313,,,1,100,,61186,11313,,,1,97,,61195,11313,,,1,100,,61187,11313,,,1
8801,'SE',629,,61216,11313,,,1,20,,61203,11313,,,1,55,,61231,11313,,,1,12,,61217,11313,,,1,7,,61218,11313,,,1,20,,61220,11313,,,1,9,,61208,11313,,,1,52,,61221,11313,,,1,12,,61202,11313,,,1,10,,61244,11313,,,1,19,,61243,11313,,,1,58,,61214,11313,,,1,30,,61219,11313,,,1,70,,61209,11313,,,1,30,,61205,11313,,,1,70,,61232,11313,,,1,30,,61242,11313,,,1,70,,61207,11313,,,1,30,,61239,11313,,,1,70,,61240,11313,,,1,30,,61204,11313,,,1,70,,61235,11313,,,1,33,,61241,11313,,,1,69,,61206,11313,,,1,9,,61222,11313,,,1,2,,61212,11313,,,1,2,,61233,11313,,,1,7,,61213,11313,,,1,18,,61237,11313,,,1,58,,61246,11313,,,1,12,,61236,11313,,,1,15,,61215,11313,,,1,19,,61248,11313,,,1,12,,61210,11313,,,1,55,,61245,11313,,,1,14,,61223,11313,,,1,16,,61234,11313,,,1,15,,61238,11313,,,1,57,,61247,11313,,,1,18,,61227,11313,,,1,67,,61249,11313,,,1,32,,61224,11313,,,1,70,,61250,11313,,,1,29,,61228,11313,,,1,70,,61211,11313,,,1,30,,61225,11313,,,1,101,,61229,11313,,,1,98,,61226,11313,,,1,100,,61230,11313,,,1
60801,'SE',1511,,63490,6908,,,2,2,,63491,6908,,,2
