401,'DI',707,,21399,4758,,,1,30,,21385,4758,,,1,70,,21392,4758,,,1,32,,21405,4758,,,1,70,,21407,4758,,,1,30,,21386,4758,,,1,70,,21393,4758,,,1,30,,21406,4758,,,1,70,,21408,4758,,,1,30,,21387,4758,,,1,70,,21413,4758,,,1,30,,21414,4758,,,1,70,,21409,4758,,,1,31,,21388,4758,,,1,69,,21394,4758,,,1,30,,21416,4758,,,1,70,,21397,4758,,,1,32,,21389,4758,,,1,69,,21395,4758,,,1,30,,21417,4758,,,1,74,,21398,4758,,,1,25,,21410,4758,,,1,70,,21415,4758,,,1,30,,21412,4758,,,1,70,,21390,4758,,,1,31,,21411,4758,,,1,69,,21400,4758,,,1,30,,21383,4758,,,1,70,,21396,4758,,,1,100,,21402,4758,,,1,100,,21404,4758,,,1,100,,21401,4758,,,1
401,'F1',707,,43513,4758,,,1,30,,43499,4758,,,1,70,,43506,4758,,,1,32,,43519,4758,,,1,70,,43521,4758,,,1,30,,43500,4758,,,1,70,,43507,4758,,,1,30,,43520,4758,,,1,70,,43522,4758,,,1,30,,43501,4758,,,1,70,,43527,4758,,,1,30,,43528,4758,,,1,70,,43523,4758,,,1,31,,43502,4758,,,1,69,,43508,4758,,,1,30,,43530,4758,,,1,70,,43511,4758,,,1,32,,43503,4758,,,1,69,,43509,4758,,,1,30,,43531,4758,,,1,74,,43512,4758,,,1,25,,43524,4758,,,1,70,,43529,4758,,,1,30,,43526,4758,,,1,70,,43504,4758,,,1,31,,43525,4758,,,1,69,,43514,4758,,,1,30,,43497,4758,,,1,70,,43510,4758,,,1,100,,43516,4758,,,1,100,,43518,4758,,,1,100,,43515,4758,,,1
401,'F2',707,,43537,4758,,,1,30,,43534,4758,,,1,70,,43541,4758,,,1,32,,43543,4758,,,1,70,,43538,4758,,,1,30,,43535,4758,,,1,70,,43561,4758,,,1,30,,43544,4758,,,1,70,,43555,4758,,,1,30,,43565,4758,,,1,70,,43553,4758,,,1,30,,43564,4758,,,1,70,,43548,4758,,,1,30,,43532,4758,,,1,70,,43545,4758,,,1,30,,43556,4758,,,1,70,,43566,4758,,,1,30,,43563,4758,,,1,70,,43552,4758,,,1,30,,43558,4758,,,1,70,,43551,4758,,,1,30,,43539,4758,,,1,70,,43557,4758,,,1,30,,43547,4758,,,1,70,,43536,4758,,,1,30,,43560,4758,,,1,70,,43546,4758,,,1,30,,43559,4758,,,1,70,,43562,4758,,,1,100,,43554,4758,,,1,100,,43550,4758,,,1,100,,43549,4758,,,1
401,'F8',707,,21531,4758,,,1,30,,21528,4758,,,1,70,,21535,4758,,,1,32,,21537,4758,,,1,70,,21532,4758,,,1,30,,21529,4758,,,1,70,,21555,4758,,,1,30,,21538,4758,,,1,70,,21549,4758,,,1,30,,21559,4758,,,1,70,,21547,4758,,,1,30,,21558,4758,,,1,70,,21542,4758,,,1,30,,21526,4758,,,1,70,,21539,4758,,,1,30,,21550,4758,,,1,70,,21560,4758,,,1,30,,21557,4758,,,1,70,,21546,4758,,,1,30,,21552,4758,,,1,70,,21545,4758,,,1,30,,21533,4758,,,1,70,,21551,4758,,,1,30,,21541,4758,,,1,70,,21530,4758,,,1,30,,21554,4758,,,1,70,,21540,4758,,,1,30,,21553,4758,,,1,70,,21556,4758,,,1,100,,21548,4758,,,1,100,,21544,4758,,,1,100,,21543,4758,,,1
401,'F9',707,,21577,4758,,,1,30,,21563,4758,,,1,70,,21570,4758,,,1,32,,21583,4758,,,1,70,,21585,4758,,,1,30,,21564,4758,,,1,70,,21571,4758,,,1,30,,21584,4758,,,1,70,,21586,4758,,,1,30,,21565,4758,,,1,70,,21591,4758,,,1,30,,21592,4758,,,1,70,,21587,4758,,,1,31,,21566,4758,,,1,69,,21572,4758,,,1,30,,21594,4758,,,1,70,,21575,4758,,,1,32,,21567,4758,,,1,69,,21573,4758,,,1,30,,21595,4758,,,1,74,,21576,4758,,,1,25,,21588,4758,,,1,70,,21593,4758,,,1,30,,21590,4758,,,1,70,,21568,4758,,,1,31,,21589,4758,,,1,69,,21578,4758,,,1,30,,21561,4758,,,1,70,,21574,4758,,,1,100,,21580,4758,,,1,100,,21582,4758,,,1,100,,21579,4758,,,1
401,'SA',707,,1358,4758,,,1,30,,21597,4758,,,1,70,,1361,4758,,,1,32,,1363,4758,,,1,70,,1359,4758,,,1,30,,21598,4758,,,1,70,,21616,4758,,,1,30,,1364,4758,,,1,70,,21610,4758,,,1,30,,21620,4758,,,1,70,,21608,4758,,,1,30,,21619,4758,,,1,70,,21603,4758,,,1,30,,1356,4758,,,1,70,,1365,4758,,,1,30,,21611,4758,,,1,70,,21621,4758,,,1,30,,21618,4758,,,1,70,,21607,4758,,,1,30,,21613,4758,,,1,70,,21606,4758,,,1,30,,21600,4758,,,1,70,,21612,4758,,,1,30,,21602,4758,,,1,70,,21599,4758,,,1,30,,21615,4758,,,1,70,,21601,4758,,,1,30,,21614,4758,,,1,70,,21617,4758,,,1,100,,21609,4758,,,1,100,,21605,4758,,,1,100,,21604,4758,,,1
401,'SE',622,,43571,4758,,,1,21,,43584,4758,,,1,71,,43600,4758,,,1,33,,43574,4758,,,1,73,,43593,4758,,,1,30,,43575,4758,,,1,72,,43570,4758,,,1,30,,43592,4758,,,1,70,,43568,4758,,,1,30,,43572,4758,,,1,70,,43602,4758,,,1,30,,43594,4758,,,1,71,,43576,4758,,,1,32,,43606,4758,,,1,70,,43585,4758,,,1,30,,43567,4758,,,1,66,,43581,4758,,,1,34,,43586,4758,,,1,55,,43579,4758,,,1,23,,43582,4758,,,1,22,,43605,4758,,,1,59,,43577,4758,,,1,20,,43569,4758,,,1,23,,43595,4758,,,1,57,,43573,4758,,,1,20,,43596,4758,,,1,24,,43603,4758,,,1,56,,43578,4758,,,1,27,,43599,4758,,,1,70,,43591,4758,,,1,27,,43589,4758,,,1,69,,43604,4758,,,1,30,,43590,4758,,,1,70,,43601,4758,,,1,30,,43598,4758,,,1,100,,43597,4758,,,1,99,,43588,4758,,,1,100,,43583,4758,,,1
5400,'DI',701,,31627,4865,,,1,100,,31620,4865,,,1,101,,31614,4865,,,1,101,,31621,4865,,,1,100,,31615,4865,,,1,100,,31602,4865,,,1,30,,31624,4865,,,1,70,,31625,4865,,,1,30,,31603,4865,,,1,70,,31616,4865,,,1,30,,31607,4865,,,1,70,,31626,4865,,,1,30,,31622,4865,,,1,70,,31613,4865,,,1,30,,31617,4865,,,1,70,,31618,4865,,,1,30,,31608,4865,,,1,73,,31623,4865,,,1,34,,31619,4865,,,1,64,,31604,4865,,,1,100,,31605,4865,,,1,100,,31606,4865,,,1,100,,31609,4865,,,1,100,,31610,4865,,,1,99,,31611,4865,,,1,100,,31612,4865,,,1
5400,'F1',701,,47522,4865,,,1,100,,47515,4865,,,1,101,,47509,4865,,,1,101,,47516,4865,,,1,100,,47510,4865,,,1,100,,47497,4865,,,1,30,,47519,4865,,,1,70,,47520,4865,,,1,30,,47498,4865,,,1,70,,47511,4865,,,1,30,,47502,4865,,,1,70,,47521,4865,,,1,30,,47517,4865,,,1,70,,47508,4865,,,1,30,,47512,4865,,,1,70,,47513,4865,,,1,30,,47503,4865,,,1,73,,47518,4865,,,1,34,,47514,4865,,,1,64,,47499,4865,,,1,100,,47500,4865,,,1,100,,47501,4865,,,1,100,,47504,4865,,,1,100,,47505,4865,,,1,99,,47506,4865,,,1,100,,47507,4865,,,1
5400,'F2',701,,47536,4865,,,1,30,,47544,4865,,,1,70,,47539,4865,,,1,31,,47538,4865,,,1,70,,47537,4865,,,1,32,,47528,4865,,,1,69,,47526,4865,,,1,30,,47545,4865,,,1,70,,47534,4865,,,1,30,,47527,4865,,,1,70,,47529,4865,,,1,30,,47535,4865,,,1,70,,47546,4865,,,1,30,,47530,4865,,,1,70,,47540,4865,,,1,30,,47547,4865,,,1,70,,47523,4865,,,1,30,,47541,4865,,,1,70,,47531,4865,,,1,30,,47524,4865,,,1,70,,47542,4865,,,1,30,,47532,4865,,,1,73,,47525,4865,,,1,30,,47543,4865,,,1,68,,47533,4865,,,1,100,,47548,4865,,,1,100,,47549,4865,,,1,100,,47550,4865,,,1,100,,47551,4865,,,1,99,,47552,4865,,,1,100,,47553,4865,,,1
5400,'F8',701,,31737,4865,,,1,30,,31745,4865,,,1,70,,31740,4865,,,1,31,,31739,4865,,,1,70,,31738,4865,,,1,32,,31729,4865,,,1,69,,31727,4865,,,1,30,,31746,4865,,,1,70,,31735,4865,,,1,30,,31728,4865,,,1,70,,31730,4865,,,1,30,,31736,4865,,,1,70,,31747,4865,,,1,30,,31731,4865,,,1,70,,31741,4865,,,1,30,,31748,4865,,,1,70,,31724,4865,,,1,30,,31742,4865,,,1,70,,31732,4865,,,1,30,,31725,4865,,,1,70,,31743,4865,,,1,30,,31733,4865,,,1,73,,31726,4865,,,1,30,,31744,4865,,,1,68,,31734,4865,,,1,100,,31749,4865,,,1,100,,31750,4865,,,1,100,,31751,4865,,,1,100,,31752,4865,,,1,99,,31753,4865,,,1,100,,31754,4865,,,1
5400,'F9',701,,31780,4865,,,1,100,,31773,4865,,,1,101,,31767,4865,,,1,101,,31774,4865,,,1,100,,31768,4865,,,1,100,,31755,4865,,,1,30,,31777,4865,,,1,70,,31778,4865,,,1,30,,31756,4865,,,1,70,,31769,4865,,,1,30,,31760,4865,,,1,70,,31779,4865,,,1,30,,31775,4865,,,1,70,,31766,4865,,,1,30,,31770,4865,,,1,70,,31771,4865,,,1,30,,31761,4865,,,1,73,,31776,4865,,,1,34,,31772,4865,,,1,64,,31757,4865,,,1,100,,31758,4865,,,1,100,,31759,4865,,,1,100,,31762,4865,,,1,100,,31763,4865,,,1,99,,31764,4865,,,1,100,,31765,4865,,,1
5400,'SA',701,,31794,4865,,,1,30,,31802,4865,,,1,70,,31797,4865,,,1,31,,31796,4865,,,1,70,,31795,4865,,,1,32,,31786,4865,,,1,69,,31784,4865,,,1,30,,10589,4865,,,1,70,,31792,4865,,,1,30,,31785,4865,,,1,70,,31787,4865,,,1,30,,31793,4865,,,1,70,,31803,4865,,,1,30,,31788,4865,,,1,70,,31798,4865,,,1,30,,10591,4865,,,1,70,,31781,4865,,,1,30,,31799,4865,,,1,70,,31789,4865,,,1,30,,31782,4865,,,1,70,,31800,4865,,,1,30,,31790,4865,,,1,73,,31783,4865,,,1,30,,31801,4865,,,1,68,,31791,4865,,,1,100,,31804,4865,,,1,100,,31805,4865,,,1,100,,31806,4865,,,1,100,,31807,4865,,,1,99,,31808,4865,,,1,100,,31809,4865,,,1
5400,'SE',655,,47583,4865,,,1,76,,47576,4865,,,1,69,,47566,4865,,,1,34,,47578,4865,,,1,72,,47579,4865,,,1,30,,47560,4865,,,1,70,,47585,4865,,,1,30,,47572,4865,,,1,70,,47565,4865,,,1,30,,47554,4865,,,1,70,,47562,4865,,,1,30,,47557,4865,,,1,71,,47577,4865,,,1,30,,47567,4865,,,1,70,,47561,4865,,,1,30,,47556,4865,,,1,66,,47584,4865,,,1,27,,47582,4865,,,1,70,,47570,4865,,,1,30,,47587,4865,,,1,74,,47564,4865,,,1,24,,47558,4865,,,1,75,,47571,4865,,,1,28,,47563,4865,,,1,75,,47581,4865,,,1,30,,47568,4865,,,1,68,,47580,4865,,,1,30,,47575,4865,,,1,70,,47573,4865,,,1,30,,47586,4865,,,1,68,,47555,4865,,,1,100,,47569,4865,,,1,99,,47559,4865,,,1,100,,47574,4865,,,1
7700,'DI',716,,35010,6417,0,21 22 23,1,100,,35013,6417,0,21 22 23,1,100,,35011,6417,0,21 22 23,1,100,,35014,6417,0,21 22 23,1,100,,35012,6417,0,21 22 23,1,100,,35009,6417,0,21 22 23,1,100,,35015,6417,0,21 22 23,1,100,,35018,6417,0,21 22 23,1,100,,35008,6417,0,21 22 23,1,100,,35019,6417,0,21 22 23,1,100,,35020,6417,0,21 22 23,1,100,,35021,6417,0,21 22 23,1,99,,35016,6417,0,21 22 23,1,100,,35022,6417,0,21 22 23,1,100,,35017,6417,0,21 22 23,1
7700,'F1',716,,48854,6417,0,21 22 23,1,100,,48857,6417,0,21 22 23,1,100,,48855,6417,0,21 22 23,1,100,,48858,6417,0,21 22 23,1,100,,48856,6417,0,21 22 23,1,100,,48853,6417,0,21 22 23,1,100,,48859,6417,0,21 22 23,1,100,,48862,6417,0,21 22 23,1,100,,48852,6417,0,21 22 23,1,100,,48863,6417,0,21 22 23,1,100,,48864,6417,0,21 22 23,1,100,,48865,6417,0,21 22 23,1,99,,48860,6417,0,21 22 23,1,100,,48866,6417,0,21 22 23,1,100,,48861,6417,0,21 22 23,1
7700,'F2',716,,48881,6417,0,21 22 23,1,100,,48872,6417,0,21 22 23,1,100,,48868,6417,0,21 22 23,1,100,,48873,6417,0,21 22 23,1,100,,48869,6417,0,21 22 23,1,100,,48871,6417,0,21 22 23,1,100,,48874,6417,0,21 22 23,1,97,,48867,6417,0,21 22 23,1,103,,48875,6417,0,21 22 23,1,99,,48877,6417,0,21 22 23,1,101,,48876,6417,0,21 22 23,1,100,,48878,6417,0,21 22 23,1,99,,48879,6417,0,21 22 23,1,100,,48870,6417,0,21 22 23,1,100,,48880,6417,0,21 22 23,1
7700,'F8',716,,35108,6417,0,21 22 23,1,100,,35099,6417,0,21 22 23,1,100,,35095,6417,0,21 22 23,1,100,,35100,6417,0,21 22 23,1,100,,35096,6417,0,21 22 23,1,100,,35098,6417,0,21 22 23,1,100,,35101,6417,0,21 22 23,1,97,,35094,6417,0,21 22 23,1,103,,35102,6417,0,21 22 23,1,99,,35104,6417,0,21 22 23,1,101,,35103,6417,0,21 22 23,1,100,,35105,6417,0,21 22 23,1,99,,35106,6417,0,21 22 23,1,100,,35097,6417,0,21 22 23,1,100,,35107,6417,0,21 22 23,1
7700,'F9',716,,35111,6417,0,21 22 23,1,100,,35114,6417,0,21 22 23,1,100,,35112,6417,0,21 22 23,1,100,,35115,6417,0,21 22 23,1,100,,35113,6417,0,21 22 23,1,100,,35110,6417,0,21 22 23,1,100,,35116,6417,0,21 22 23,1,100,,35119,6417,0,21 22 23,1,100,,35109,6417,0,21 22 23,1,100,,35120,6417,0,21 22 23,1,100,,35121,6417,0,21 22 23,1,100,,35122,6417,0,21 22 23,1,99,,35117,6417,0,21 22 23,1,100,,35123,6417,0,21 22 23,1,100,,35118,6417,0,21 22 23,1
7700,'SA',716,,35137,6417,0,21 22 23,1,100,,35128,6417,0,21 22 23,1,100,,35125,6417,0,21 22 23,1,100,,35129,6417,0,21 22 23,1,100,,13602,6417,0,21 22 23,1,100,,35127,6417,0,21 22 23,1,100,,35130,6417,0,21 22 23,1,97,,35124,6417,0,21 22 23,1,103,,35131,6417,0,21 22 23,1,99,,35133,6417,0,21 22 23,1,101,,35132,6417,0,21 22 23,1,100,,35134,6417,0,21 22 23,1,99,,35135,6417,0,21 22 23,1,100,,35126,6417,0,21 22 23,1,100,,35136,6417,0,21 22 23,1
7700,'SE',606,,48883,6417,0,21 22 23,1,15,,48884,6417,0,21 22 23,1,20,,48885,6417,0,21 22 23,1,18,,48889,6417,0,21 22 23,1,69,,48892,6417,0,21 22 23,1,23,,48888,6417,0,21 22 23,1,62,,48891,6417,0,21 22 23,1,15,,48886,6417,0,21 22 23,1,30,,48890,6417,0,21 22 23,1,70,,48893,6417,0,21 22 23,1,30,,48894,6417,0,21 22 23,1,70,,48887,6417,0,21 22 23,1,30,,48896,6417,0,21 22 23,1,70,,48897,6417,0,21 22 23,1,30,,48895,6417,0,21 22 23,1,71,,48899,6417,0,21 22 23,1,73,,48901,6417,0,21 22 23,1,30,,48898,6417,0,21 22 23,1,70,,48902,6417,0,21 22 23,1,27,,48900,6417,0,21 22 23,1,20,,48904,6417,0,21 22 23,1,60,,48907,6417,0,21 22 23,1,20,,48909,6417,0,21 22 23,1,20,,48903,6417,0,21 22 23,1,58,,48915,6417,0,21 22 23,1,18,,48917,6417,0,21 22 23,1,18,,48905,6417,0,21 22 23,1,58,,48908,6417,0,21 22 23,1,18,,48919,6417,0,21 22 23,1,18,,48910,6417,0,21 22 23,1,20,,48916,6417,0,21 22 23,1,60,,48918,6417,0,21 22 23,1,19,,48906,6417,0,21 22 23,1,17,,48913,6417,0,21 22 23,1,70,,48911,6417,0,21 22 23,1,32,,48882,6417,0,21 22 23,1,71,,48920,6417,0,21 22 23,1,27,,48914,6417,0,21 22 23,1,70,,48912,6417,0,21 22 23,1
42100,'SE',642,,50738,4758,0,12 13,1,71,,50737,4758,0,12 13,1,17,,50742,4758,0,12 13,1,722,,50740,4758,0,12 13,1,62,,50743,4758,0,12 13,1,30,,50741,4758,0,12 13,1,70,,50744,4758,0,12 13,1,32,,50732,4758,0,12 13,1,69,,50739,4758,0,12 13,1
