501,'DI',558,,21945,1310,0,28 29,1,70,,21951,1310,0,28 29,1,30,,21946,1310,0,28 29,1,70,,21952,1310,0,28 29,1,30,,21947,1310,0,28 29,1,70,,21953,1310,0,28 29,1,30,,21973,1310,0,28 29,1,70,,21954,1310,0,28 29,1,30,,21958,1310,0,28 29,1,70,,21955,1310,0,28 29,1,30,,21970,1310,0,28 29,1,70,,21959,1310,0,28 29,1,30,,21948,1310,0,28 29,1,72,,21960,1310,0,28 29,1,70,,21949,1310,0,28 29,1,28,,21974,1310,0,28 29,1,72,,21971,1310,0,28 29,1,30,,21975,1310,0,28 29,1,70,,21961,1310,0,28 29,1,29,,21950,1310,0,28 29,1,71,,21965,1310,0,28 29,1,30,,21972,1310,0,28 29,1,70,,21956,1310,0,28 29,1,30,,21962,1310,0,28 29,1,70,,21976,1310,0,28 29,1,59,,21957,1310,0,28 29,1,100,,21964,1310,0,28 29,1,100,,21963,1310,0,28 29,1,100,,21966,1310,0,28 29,1,100,,21967,1310,0,28 29,1,100,,21968,1310,0,28 29,1,100,,21969,1310,0,28 29,1
501,'F1',558,,43718,1310,0,28 29,1,70,,43724,1310,0,28 29,1,30,,43719,1310,0,28 29,1,70,,43725,1310,0,28 29,1,30,,43720,1310,0,28 29,1,70,,43726,1310,0,28 29,1,30,,43746,1310,0,28 29,1,70,,43727,1310,0,28 29,1,30,,43731,1310,0,28 29,1,70,,43728,1310,0,28 29,1,30,,43743,1310,0,28 29,1,70,,43732,1310,0,28 29,1,30,,43721,1310,0,28 29,1,72,,43733,1310,0,28 29,1,70,,43722,1310,0,28 29,1,28,,43747,1310,0,28 29,1,72,,43744,1310,0,28 29,1,30,,43748,1310,0,28 29,1,70,,43734,1310,0,28 29,1,29,,43723,1310,0,28 29,1,71,,43738,1310,0,28 29,1,30,,43745,1310,0,28 29,1,70,,43729,1310,0,28 29,1,30,,43735,1310,0,28 29,1,70,,43749,1310,0,28 29,1,59,,43730,1310,0,28 29,1,100,,43737,1310,0,28 29,1,100,,43736,1310,0,28 29,1,100,,43739,1310,0,28 29,1,100,,43740,1310,0,28 29,1,100,,43741,1310,0,28 29,1,100,,43742,1310,0,28 29,1
501,'F2',528,,43750,1310,0,28 29,1,30,,43758,1310,0,28 29,1,70,,43751,1310,0,28 29,1,30,,43759,1310,0,28 29,1,70,,43752,1310,0,28 29,1,30,,43760,1310,0,28 29,1,70,,43753,1310,0,28 29,1,30,,43761,1310,0,28 29,1,70,,43754,1310,0,28 29,1,30,,43763,1310,0,28 29,1,70,,43755,1310,0,28 29,1,30,,43764,1310,0,28 29,1,70,,43756,1310,0,28 29,1,30,,43765,1310,0,28 29,1,72,,43757,1310,0,28 29,1,70,,43766,1310,0,28 29,1,30,,43762,1310,0,28 29,1,70,,43782,1310,0,28 29,1,30,,43777,1310,0,28 29,1,70,,43767,1310,0,28 29,1,30,,43780,1310,0,28 29,1,70,,43776,1310,0,28 29,1,30,,43779,1310,0,28 29,1,70,,43783,1310,0,28 29,1,30,,43778,1310,0,28 29,1,70,,43781,1310,0,28 29,1,59,,43768,1310,0,28 29,1,100,,43769,1310,0,28 29,1,100,,43770,1310,0,28 29,1,100,,43771,1310,0,28 29,1,100,,43772,1310,0,28 29,1,100,,43773,1310,0,28 29,1,100,,43774,1310,0,28 29,1,100,,43775,1310,0,28 29,1
501,'F8',528,,22100,1310,0,28 29,1,30,,22108,1310,0,28 29,1,70,,22101,1310,0,28 29,1,30,,22109,1310,0,28 29,1,70,,22102,1310,0,28 29,1,30,,22110,1310,0,28 29,1,70,,22103,1310,0,28 29,1,30,,22111,1310,0,28 29,1,70,,22104,1310,0,28 29,1,30,,22113,1310,0,28 29,1,70,,22105,1310,0,28 29,1,30,,22114,1310,0,28 29,1,70,,22106,1310,0,28 29,1,30,,22115,1310,0,28 29,1,72,,22107,1310,0,28 29,1,70,,22116,1310,0,28 29,1,30,,22112,1310,0,28 29,1,70,,22132,1310,0,28 29,1,30,,22127,1310,0,28 29,1,70,,22117,1310,0,28 29,1,30,,22130,1310,0,28 29,1,70,,22126,1310,0,28 29,1,30,,22129,1310,0,28 29,1,70,,22133,1310,0,28 29,1,30,,22128,1310,0,28 29,1,70,,22131,1310,0,28 29,1,59,,22118,1310,0,28 29,1,100,,22119,1310,0,28 29,1,100,,22120,1310,0,28 29,1,100,,22121,1310,0,28 29,1,100,,22122,1310,0,28 29,1,100,,22123,1310,0,28 29,1,100,,22124,1310,0,28 29,1,100,,22125,1310,0,28 29,1
501,'F9',558,,22134,1310,0,28 29,1,70,,22140,1310,0,28 29,1,30,,22135,1310,0,28 29,1,70,,22141,1310,0,28 29,1,30,,22136,1310,0,28 29,1,70,,22142,1310,0,28 29,1,30,,22162,1310,0,28 29,1,70,,22143,1310,0,28 29,1,30,,22147,1310,0,28 29,1,70,,22144,1310,0,28 29,1,30,,22159,1310,0,28 29,1,70,,22148,1310,0,28 29,1,30,,22137,1310,0,28 29,1,72,,22149,1310,0,28 29,1,70,,22138,1310,0,28 29,1,28,,22163,1310,0,28 29,1,72,,22160,1310,0,28 29,1,30,,22164,1310,0,28 29,1,70,,22150,1310,0,28 29,1,29,,22139,1310,0,28 29,1,71,,22154,1310,0,28 29,1,30,,22161,1310,0,28 29,1,70,,22145,1310,0,28 29,1,30,,22151,1310,0,28 29,1,70,,22165,1310,0,28 29,1,59,,22146,1310,0,28 29,1,100,,22153,1310,0,28 29,1,100,,22152,1310,0,28 29,1,100,,22155,1310,0,28 29,1,100,,22156,1310,0,28 29,1,100,,22157,1310,0,28 29,1,100,,22158,1310,0,28 29,1
501,'SA',528,,22166,1310,0,28 29,1,30,,22174,1310,0,28 29,1,70,,22167,1310,0,28 29,1,30,,22175,1310,0,28 29,1,70,,22168,1310,0,28 29,1,30,,22176,1310,0,28 29,1,70,,22169,1310,0,28 29,1,30,,22177,1310,0,28 29,1,70,,22170,1310,0,28 29,1,30,,22179,1310,0,28 29,1,70,,22171,1310,0,28 29,1,30,,22180,1310,0,28 29,1,70,,22172,1310,0,28 29,1,30,,22181,1310,0,28 29,1,72,,22173,1310,0,28 29,1,70,,22182,1310,0,28 29,1,30,,22178,1310,0,28 29,1,70,,22198,1310,0,28 29,1,30,,22193,1310,0,28 29,1,70,,22183,1310,0,28 29,1,30,,22196,1310,0,28 29,1,70,,22192,1310,0,28 29,1,30,,22195,1310,0,28 29,1,70,,22199,1310,0,28 29,1,30,,22194,1310,0,28 29,1,70,,22197,1310,0,28 29,1,59,,22184,1310,0,28 29,1,100,,22185,1310,0,28 29,1,100,,22186,1310,0,28 29,1,100,,22187,1310,0,28 29,1,100,,22188,1310,0,28 29,1,100,,22189,1310,0,28 29,1,100,,22190,1310,0,28 29,1,100,,22191,1310,0,28 29,1
501,'SE',439,,43784,1310,,,1,65,,43812,1310,0,28 29,1,20,,43821,1310,0,28 29,1,20,,43813,1310,0,28 29,1,15,,43829,1310,0,28 29,1,55,,43787,1310,0,28 29,1,15,,43822,1310,0,28 29,1,9,,43823,1310,0,28 29,1,9,,43828,1310,0,28 29,1,12,,43830,1310,0,28 29,1,50,,43794,1310,0,28 29,1,10,,43795,1310,0,28 29,1,10,,43818,1310,0,28 29,1,10,,43797,1310,0,28 29,1,10,,43827,1310,0,28 29,1,10,,43785,1310,0,28 29,1,50,,43833,1310,0,28 29,1,11,,43788,1310,0,28 29,1,9,,43796,1310,0,28 29,1,20,,43835,1310,0,28 29,1,60,,43786,1310,0,28 29,1,20,,43789,1310,0,28 29,1,30,,43836,1310,0,28 29,1,70,,43798,1310,0,28 29,1,30,,43792,1310,0,28 29,1,70,,43815,1310,0,28 29,1,30,,43834,1310,0,28 29,1,70,,43816,1310,0,28 29,1,71,,43840,1310,0,28 29,1,30,,43826,1310,0,28 29,1,70,,43793,1310,0,28 29,1,30,,43800,1310,0,28 29,1,70,,43808,1310,0,28 29,1,34,,43837,1310,0,28 29,1,13,,43801,1310,0,28 29,1,55,,43799,1310,0,28 29,1,17,,43809,1310,0,28 29,1,15,,43790,1310,0,28 29,1,17,,43825,1310,0,28 29,1,56,,43814,1310,0,28 29,1,12,,43817,1310,0,28 29,1,15,,43839,1310,0,28 29,1,15,,43791,1310,0,28 29,1,55,,43810,1310,0,28 29,1,22,,43831,1310,0,28 29,1,16,,43819,1310,0,28 29,1,61,,43806,1310,0,28 29,1,25,,43832,1310,0,28 29,1,30,,43820,1310,0,28 29,1,70,,43811,1310,0,28 29,1,30,,43807,1310,0,28 29,1,70,,43824,1310,0,28 29,1,30,,43838,1310,0,28 29,1,100,,43802,1310,0,28 29,1,100,,43803,1310,0,28 29,1,100,,43804,1310,0,28 29,1,100,,43805,1310,0,28 29,1
8801,'DI',620,,36910,5495,,,1,30,,36915,5495,,,1,70,,36921,5495,,,1,30,,36931,5495,,,1,69,,36911,5495,,,1,30,,36916,5495,,,1,70,,36922,5495,,,1,28,,36932,5495,,,1,69,,36912,5495,,,1,30,,36917,5495,,,1,69,,36923,5495,,,1,30,,36933,5495,,,1,70,,36913,5495,,,1,30,,36918,5495,,,1,70,,36924,5495,,,1,31,,36934,5495,,,1,70,,36914,5495,,,1,31,,36919,5495,,,1,71,,36925,5495,,,1,29,,15257,5495,,,1,70,,36926,5495,,,1,30,,36920,5495,,,1,70,,36935,5495,,,1,34,,15258,5495,,,1,62,,36927,5495,,,1,106,,36936,5495,,,1,101,,36928,5495,,,1,100,,36937,5495,,,1,100,,36929,5495,,,1,100,,36938,5495,,,1,99,,36930,5495,,,1
8801,'F1',620,,49632,5495,,,1,30,,49637,5495,,,1,70,,49643,5495,,,1,30,,49653,5495,,,1,69,,49633,5495,,,1,30,,49638,5495,,,1,70,,49644,5495,,,1,28,,49654,5495,,,1,69,,49634,5495,,,1,30,,49639,5495,,,1,69,,49645,5495,,,1,30,,49655,5495,,,1,70,,49635,5495,,,1,30,,49640,5495,,,1,70,,49646,5495,,,1,31,,49656,5495,,,1,70,,49636,5495,,,1,31,,49641,5495,,,1,71,,49647,5495,,,1,29,,49630,5495,,,1,70,,49648,5495,,,1,30,,49642,5495,,,1,70,,49657,5495,,,1,34,,49631,5495,,,1,62,,49649,5495,,,1,106,,49658,5495,,,1,101,,49650,5495,,,1,100,,49659,5495,,,1,100,,49651,5495,,,1,100,,49660,5495,,,1,99,,49652,5495,,,1
8801,'F2',618,,49664,5495,,,1,30,,49663,5495,,,1,70,,49685,5495,,,1,29,,49676,5495,,,1,70,,49665,5495,,,1,30,,49689,5495,,,1,70,,49686,5495,,,1,27,,49677,5495,,,1,70,,49669,5495,,,1,29,,49690,5495,,,1,70,,49687,5495,,,1,31,,49678,5495,,,1,70,,49670,5495,,,1,31,,49682,5495,,,1,68,,49666,5495,,,1,31,,49679,5495,,,1,70,,49671,5495,,,1,30,,49683,5495,,,1,70,,49667,5495,,,1,30,,49661,5495,,,1,70,,49672,5495,,,1,31,,49684,5495,,,1,68,,49668,5495,,,1,32,,49662,5495,,,1,62,,49691,5495,,,1,109,,49680,5495,,,1,100,,49673,5495,,,1,100,,49681,5495,,,1,100,,49674,5495,,,1,98,,49688,5495,,,1,100,,49675,5495,,,1
8801,'F8',618,,37048,5495,,,1,30,,37047,5495,,,1,70,,37069,5495,,,1,29,,37060,5495,,,1,70,,37049,5495,,,1,30,,37073,5495,,,1,70,,37070,5495,,,1,27,,37061,5495,,,1,70,,37053,5495,,,1,29,,37074,5495,,,1,70,,37071,5495,,,1,31,,37062,5495,,,1,70,,37054,5495,,,1,31,,37066,5495,,,1,68,,37050,5495,,,1,31,,37063,5495,,,1,70,,37055,5495,,,1,30,,37067,5495,,,1,70,,37051,5495,,,1,30,,37045,5495,,,1,70,,37056,5495,,,1,31,,37068,5495,,,1,68,,37052,5495,,,1,32,,37046,5495,,,1,62,,37075,5495,,,1,109,,37064,5495,,,1,100,,37057,5495,,,1,100,,37065,5495,,,1,100,,37058,5495,,,1,98,,37072,5495,,,1,100,,37059,5495,,,1
8801,'F9',620,,37078,5495,,,1,30,,37083,5495,,,1,70,,37089,5495,,,1,30,,37099,5495,,,1,69,,37079,5495,,,1,30,,37084,5495,,,1,70,,37090,5495,,,1,28,,37100,5495,,,1,69,,37080,5495,,,1,30,,37085,5495,,,1,69,,37091,5495,,,1,30,,37101,5495,,,1,70,,37081,5495,,,1,30,,37086,5495,,,1,70,,37092,5495,,,1,31,,37102,5495,,,1,70,,37082,5495,,,1,31,,37087,5495,,,1,71,,37093,5495,,,1,29,,37076,5495,,,1,70,,37094,5495,,,1,30,,37088,5495,,,1,70,,37103,5495,,,1,34,,37077,5495,,,1,62,,37095,5495,,,1,106,,37104,5495,,,1,101,,37096,5495,,,1,100,,37105,5495,,,1,100,,37097,5495,,,1,100,,37106,5495,,,1,99,,37098,5495,,,1
8801,'SA',618,,37110,5495,,,1,30,,37109,5495,,,1,70,,37131,5495,,,1,29,,37122,5495,,,1,70,,37111,5495,,,1,30,,37134,5495,,,1,70,,37132,5495,,,1,27,,37123,5495,,,1,70,,37115,5495,,,1,29,,37135,5495,,,1,70,,37133,5495,,,1,31,,37124,5495,,,1,70,,37116,5495,,,1,31,,37128,5495,,,1,68,,37112,5495,,,1,31,,37125,5495,,,1,70,,37117,5495,,,1,30,,37129,5495,,,1,70,,37113,5495,,,1,30,,37107,5495,,,1,70,,37118,5495,,,1,31,,37130,5495,,,1,68,,37114,5495,,,1,32,,37108,5495,,,1,62,,37136,5495,,,1,109,,37126,5495,,,1,100,,37119,5495,,,1,100,,37127,5495,,,1,100,,37120,5495,,,1,98,,15458,5495,,,1,100,,37121,5495,,,1
8801,'SE',615,,49700,5495,,,1,20,,49692,5495,,,1,10,,49714,5495,,,1,14,,49719,5495,,,1,48,,49702,5495,,,1,10,,49721,5495,,,1,15,,49720,5495,,,1,10,,49693,5495,,,1,7,,49710,5495,,,1,58,,49718,5495,,,1,20,,49708,5495,,,1,20,,49732,5495,,,1,70,,49734,5495,,,1,30,,49733,5495,,,1,70,,49697,5495,,,1,30,,49727,5495,,,1,70,,49728,5495,,,1,30,,49694,5495,,,1,70,,49699,5495,,,1,30,,49703,5495,,,1,70,,49696,5495,,,1,30,,49695,5495,,,1,72,,49705,5495,,,1,29,,49701,5495,,,1,60,,49713,5495,,,1,17,,49730,5495,,,1,18,,49722,5495,,,1,12,,49704,5495,,,1,55,,49711,5495,,,1,15,,49715,5495,,,1,16,,49709,5495,,,1,15,,49698,5495,,,1,54,,49736,5495,,,1,16,,49735,5495,,,1,18,,49731,5495,,,1,56,,49723,5495,,,1,20,,49712,5495,,,1,27,,49716,5495,,,1,72,,49737,5495,,,1,30,,49706,5495,,,1,70,,49729,5495,,,1,30,,49717,5495,,,1,70,,49707,5495,,,1,102,,49724,5495,,,1,98,,49726,5495,,,1,100,,49725,5495,,,1
