100,'DI',656,,20128,3715,0,14,1,100,,20129,3715,0,14,1,100,,20130,3715,0,14,1,100,,20131,3715,0,14,1,100,,20132,3715,0,14,1,100,,20133,3715,0,14,1,100,,20134,3715,0,14,1,101,,20135,3715,0,14,1,100,,20136,3715,0,14,1,98,,20138,3715,0,14,1,100,,20139,3715,0,14,1,100,,20140,3715,0,14,1,100,,20141,3715,0,14,1,100,,20142,3715,0,14,1,100,,20143,3715,0,14,1,100,,20144,3715,0,14,1,100,,20145,3715,0,14,1,100,,20148,3715,0,14,1,100,,20146,3715,0,14,1,100,,20147,3715,0,14,1
100,'F1',656,,42996,3715,0,14,1,100,,42997,3715,0,14,1,100,,42998,3715,0,14,1,100,,42999,3715,0,14,1,100,,43000,3715,0,14,1,100,,43001,3715,0,14,1,100,,43002,3715,0,14,1,101,,43003,3715,0,14,1,100,,43004,3715,0,14,1,98,,43006,3715,0,14,1,100,,43007,3715,0,14,1,100,,43008,3715,0,14,1,100,,43009,3715,0,14,1,100,,43010,3715,0,14,1,100,,43011,3715,0,14,1,100,,43012,3715,0,14,1,100,,43013,3715,0,14,1,100,,43016,3715,0,14,1,100,,43014,3715,0,14,1,100,,43015,3715,0,14,1
100,'F2',626,,43039,3715,0,14,1,30,,43028,3715,0,14,1,70,,43040,3715,0,14,1,30,,43029,3715,0,14,1,70,,43041,3715,0,14,1,30,,43030,3715,0,14,1,70,,43043,3715,0,14,1,30,,43031,3715,0,14,1,70,,43044,3715,0,14,1,30,,43032,3715,0,14,1,70,,43045,3715,0,14,1,30,,43033,3715,0,14,1,70,,43046,3715,0,14,1,30,,43034,3715,0,14,1,71,,43050,3715,0,14,1,30,,43035,3715,0,14,1,70,,43051,3715,0,14,1,30,,43036,3715,0,14,1,68,,43047,3715,0,14,1,30,,43017,3715,0,14,1,70,,43048,3715,0,14,1,30,,43018,3715,0,14,1,70,,43049,3715,0,14,1,30,,43019,3715,0,14,1,70,,43038,3715,0,14,1,30,,43020,3715,0,14,1,100,,43021,3715,0,14,1,100,,43022,3715,0,14,1,100,,43023,3715,0,14,1,100,,43024,3715,0,14,1,100,,43025,3715,0,14,1,100,,43026,3715,0,14,1,100,,43027,3715,0,14,1
100,'F8',626,,20280,3715,0,14,1,30,,20269,3715,0,14,1,70,,20281,3715,0,14,1,30,,20270,3715,0,14,1,70,,20282,3715,0,14,1,30,,20271,3715,0,14,1,70,,20284,3715,0,14,1,30,,20272,3715,0,14,1,70,,20285,3715,0,14,1,30,,20273,3715,0,14,1,70,,20286,3715,0,14,1,30,,20274,3715,0,14,1,70,,20287,3715,0,14,1,30,,20275,3715,0,14,1,71,,20291,3715,0,14,1,30,,20276,3715,0,14,1,70,,20292,3715,0,14,1,30,,20277,3715,0,14,1,68,,20288,3715,0,14,1,30,,20258,3715,0,14,1,70,,20289,3715,0,14,1,30,,20259,3715,0,14,1,70,,20290,3715,0,14,1,30,,20260,3715,0,14,1,70,,20279,3715,0,14,1,30,,20261,3715,0,14,1,100,,20262,3715,0,14,1,100,,20263,3715,0,14,1,100,,20264,3715,0,14,1,100,,20265,3715,0,14,1,100,,20266,3715,0,14,1,100,,20267,3715,0,14,1,100,,20268,3715,0,14,1
100,'F9',656,,20293,3715,0,14,1,100,,20294,3715,0,14,1,100,,20295,3715,0,14,1,100,,20296,3715,0,14,1,100,,20297,3715,0,14,1,100,,20298,3715,0,14,1,100,,20299,3715,0,14,1,101,,20300,3715,0,14,1,100,,20301,3715,0,14,1,98,,20303,3715,0,14,1,100,,20304,3715,0,14,1,100,,20305,3715,0,14,1,100,,20306,3715,0,14,1,100,,20307,3715,0,14,1,100,,20308,3715,0,14,1,100,,20309,3715,0,14,1,100,,20310,3715,0,14,1,100,,20313,3715,0,14,1,100,,20311,3715,0,14,1,100,,20312,3715,0,14,1
100,'SA',626,,20325,3715,0,14,1,30,,20314,3715,0,14,1,70,,20326,3715,0,14,1,30,,20315,3715,0,14,1,70,,20327,3715,0,14,1,30,,20316,3715,0,14,1,70,,20329,3715,0,14,1,30,,20317,3715,0,14,1,70,,20330,3715,0,14,1,30,,20318,3715,0,14,1,70,,20331,3715,0,14,1,30,,20319,3715,0,14,1,70,,20332,3715,0,14,1,30,,20320,3715,0,14,1,71,,20336,3715,0,14,1,30,,20321,3715,0,14,1,70,,20337,3715,0,14,1,30,,20322,3715,0,14,1,68,,20333,3715,0,14,1,30,,164,3715,0,14,1,70,,20334,3715,0,14,1,30,,165,3715,0,14,1,70,,20335,3715,0,14,1,30,,166,3715,0,14,1,70,,20324,3715,0,14,1,30,,167,3715,0,14,1,100,,168,3715,0,14,1,100,,169,3715,0,14,1,100,,170,3715,0,14,1,100,,171,3715,0,14,1,100,,172,3715,0,14,1,100,,173,3715,0,14,1,100,,174,3715,0,14,1
100,'SE',549,,43086,3715,0,14,1,76,,43090,3715,0,14,1,29,,43087,3715,0,14,1,75,,43052,3715,0,14,1,28,,43072,3715,0,14,1,75,,43065,3715,0,14,1,80,,43064,3715,0,14,1,30,,43067,3715,0,14,1,70,,43082,3715,0,14,1,30,,43061,3715,0,14,1,70,,43095,3715,0,14,1,30,,43053,3715,0,14,1,71,,43080,3715,0,14,1,30,,43075,3715,0,14,1,70,,43074,3715,0,14,1,30,,43094,3715,0,14,1,70,,43054,3715,0,14,1,30,,43096,3715,0,14,1,71,,43076,3715,0,14,1,18,,43088,3715,0,14,1,21,,43083,3715,0,14,1,55,,43062,3715,0,14,1,19,,43069,3715,0,14,1,12,,43098,3715,0,14,1,62,,43084,3715,0,14,1,12,,20368,3715,0,14,1,12,,43063,3715,0,14,1,15,,43100,3715,0,14,1,12,,43070,3715,0,14,1,55,,43089,3715,0,14,1,15,,43066,3715,0,14,1,20,,43093,3715,0,14,1,69,,43097,3715,0,14,1,30,,43092,3715,0,14,1,70,,43091,3715,0,14,1,30,,43055,3715,0,14,1,70,,43079,3715,0,14,1,30,,43056,3715,0,14,1,100,,43057,3715,0,14,1,99,,43058,3715,0,14,1,100,,43059,3715,0,14,1,99,,43060,3715,0,14,1
600,'DI',633,,22284,3385,,,1,70,,22276,3385,,,1,30,,22272,3385,,,1,71,,22283,3385,,,1,30,,22269,3385,,,1,70,,22261,3385,,,1,31,,22273,3385,,,1,70,,22280,3385,,,1,30,,22257,3385,,,1,69,,1973,3385,,,1,31,,22265,3385,,,1,70,,22258,3385,,,1,30,,22262,3385,,,1,74,,22268,3385,,,1,29,,22259,3385,,,1,70,,22270,3385,,,1,27,,22266,3385,,,1,73,,22263,3385,,,1,30,,22274,3385,,,1,69,,22285,3385,,,1,31,,22277,3385,,,1,67,,22275,3385,,,1,30,,22286,3385,,,1,70,,22278,3385,,,1,28,,22260,3385,,,1,71,,22267,3385,,,1,104,,22281,3385,,,1,100,,22271,3385,,,1,100,,22264,3385,,,1,100,,22256,3385,,,1,100,,22279,3385,,,1,100,,22282,3385,,,1
600,'F1',633,,43870,3385,,,1,70,,43862,3385,,,1,30,,43858,3385,,,1,71,,43869,3385,,,1,30,,43855,3385,,,1,70,,43846,3385,,,1,31,,43859,3385,,,1,70,,43866,3385,,,1,30,,43842,3385,,,1,69,,43847,3385,,,1,31,,43851,3385,,,1,70,,43843,3385,,,1,30,,43848,3385,,,1,74,,43854,3385,,,1,29,,43844,3385,,,1,70,,43856,3385,,,1,27,,43852,3385,,,1,73,,43849,3385,,,1,30,,43860,3385,,,1,69,,43871,3385,,,1,31,,43863,3385,,,1,67,,43861,3385,,,1,30,,43872,3385,,,1,70,,43864,3385,,,1,28,,43845,3385,,,1,71,,43853,3385,,,1,104,,43867,3385,,,1,100,,43857,3385,,,1,100,,43850,3385,,,1,100,,43841,3385,,,1,100,,43865,3385,,,1,100,,43868,3385,,,1
600,'F2',633,,43904,3385,,,1,71,,43893,3385,,,1,29,,43889,3385,,,1,70,,43886,3385,,,1,34,,43890,3385,,,1,66,,43894,3385,,,1,35,,43903,3385,,,1,63,,43891,3385,,,1,32,,43900,3385,,,1,69,,43887,3385,,,1,30,,43880,3385,,,1,78,,43888,3385,,,1,30,,43881,3385,,,1,67,,43873,3385,,,1,31,,43895,3385,,,1,67,,43882,3385,,,1,30,,43874,3385,,,1,70,,43896,3385,,,1,30,,43883,3385,,,1,70,,43875,3385,,,1,30,,43897,3385,,,1,70,,43884,3385,,,1,30,,43876,3385,,,1,70,,43898,3385,,,1,30,,43885,3385,,,1,70,,43901,3385,,,1,105,,43892,3385,,,1,100,,43877,3385,,,1,99,,43879,3385,,,1,100,,43902,3385,,,1,100,,43899,3385,,,1,100,,43878,3385,,,1
600,'F8',633,,22417,3385,,,1,71,,22406,3385,,,1,29,,22402,3385,,,1,70,,22399,3385,,,1,34,,22403,3385,,,1,66,,22407,3385,,,1,35,,22416,3385,,,1,63,,22404,3385,,,1,32,,22413,3385,,,1,69,,22400,3385,,,1,30,,22393,3385,,,1,78,,22401,3385,,,1,30,,22394,3385,,,1,67,,22386,3385,,,1,31,,22408,3385,,,1,67,,22395,3385,,,1,30,,22387,3385,,,1,70,,22409,3385,,,1,30,,22396,3385,,,1,70,,22388,3385,,,1,30,,22410,3385,,,1,70,,22397,3385,,,1,30,,22389,3385,,,1,70,,22411,3385,,,1,30,,22398,3385,,,1,70,,22414,3385,,,1,105,,22405,3385,,,1,100,,22390,3385,,,1,99,,22392,3385,,,1,100,,22415,3385,,,1,100,,22412,3385,,,1,100,,22391,3385,,,1
600,'F9',633,,22447,3385,,,1,70,,22439,3385,,,1,30,,22435,3385,,,1,71,,22446,3385,,,1,30,,22432,3385,,,1,70,,22423,3385,,,1,31,,22436,3385,,,1,70,,22443,3385,,,1,30,,22419,3385,,,1,69,,22424,3385,,,1,31,,22428,3385,,,1,70,,22420,3385,,,1,30,,22425,3385,,,1,74,,22431,3385,,,1,29,,22421,3385,,,1,70,,22433,3385,,,1,27,,22429,3385,,,1,73,,22426,3385,,,1,30,,22437,3385,,,1,69,,22448,3385,,,1,31,,22440,3385,,,1,67,,22438,3385,,,1,30,,22449,3385,,,1,70,,22441,3385,,,1,28,,22422,3385,,,1,71,,22430,3385,,,1,104,,22444,3385,,,1,100,,22434,3385,,,1,100,,22427,3385,,,1,100,,22418,3385,,,1,100,,22442,3385,,,1,100,,22445,3385,,,1
600,'SA',633,,22481,3385,,,1,71,,22470,3385,,,1,29,,22466,3385,,,1,70,,22463,3385,,,1,34,,22467,3385,,,1,66,,22471,3385,,,1,35,,22480,3385,,,1,63,,22468,3385,,,1,32,,22477,3385,,,1,69,,22464,3385,,,1,30,,22457,3385,,,1,78,,22465,3385,,,1,30,,22458,3385,,,1,67,,22450,3385,,,1,31,,22472,3385,,,1,67,,22459,3385,,,1,30,,22451,3385,,,1,70,,22473,3385,,,1,30,,22460,3385,,,1,70,,22452,3385,,,1,30,,22474,3385,,,1,70,,22461,3385,,,1,30,,22453,3385,,,1,70,,22475,3385,,,1,30,,22462,3385,,,1,70,,22478,3385,,,1,105,,22469,3385,,,1,100,,22454,3385,,,1,99,,22456,3385,,,1,100,,22479,3385,,,1,100,,22476,3385,,,1,100,,22455,3385,,,1
600,'SE',545,,43911,3385,,,1,70,,43936,3385,,,1,30,,43917,3385,,,1,71,,43937,3385,,,1,31,,43916,3385,,,1,67,,43931,3385,,,1,33,,43932,3385,,,1,69,,43922,3385,,,1,30,,43924,3385,,,1,70,,43906,3385,,,1,30,,43940,3385,,,1,70,,43918,3385,,,1,30,,43929,3385,,,1,70,,43934,3385,,,1,30,,43919,3385,,,1,70,,43912,3385,,,1,30,,43925,3385,,,1,71,,43930,3385,,,1,28,,43905,3385,,,1,72,,43920,3385,,,1,30,,43913,3385,,,1,69,,43939,3385,,,1,38,,43935,3385,,,1,65,,43910,3385,,,1,29,,43909,3385,,,1,69,,43938,3385,,,1,30,,43915,3385,,,1,70,,43928,3385,,,1,29,,43914,3385,,,1,70,,43927,3385,,,1,29,,43921,3385,,,1,70,,43933,3385,,,1,100,,43923,3385,,,1,100,,43907,3385,,,1,100,,43908,3385,,,1,100,,43926,3385,,,1
5500,'SE',1615,,47691,8839,0,16,2,18,,47693,8839,0,16,2,15,,47695,8839,0,16,2,56,,47687,8839,0,16,2,14,,47689,8839,0,16,2,15,,47692,8839,0,16,2,15,,47694,8839,0,16,2,56,,47696,8839,0,16,2,20,,47688,8839,0,16,2,20,,47690,8839,0,16,2
