601,'DI',619,,22527,7252,,,1,30,,22533,7252,,,1,70,,22545,7252,,,1,30,,22540,7252,,,1,70,,22536,7252,,,1,30,,22534,7252,,,1,70,,22519,7252,,,1,30,,22523,7252,,,1,74,,22537,7252,,,1,30,,22531,7252,,,1,70,,22520,7252,,,1,30,,2206,7252,,,1,70,,2212,7252,,,1,33,,22521,7252,,,1,70,,22524,7252,,,1,30,,22530,7252,,,1,70,,22522,7252,,,1,30,,22532,7252,,,1,70,,22528,7252,,,1,30,,22525,7252,,,1,70,,22538,7252,,,1,30,,22546,7252,,,1,70,,22541,7252,,,1,28,,22539,7252,,,1,70,,22547,7252,,,1,30,,22542,7252,,,1,100,,22529,7252,,,1,100,,22544,7252,,,1,100,,22535,7252,,,1,100,,22526,7252,,,1,100,,22518,7252,,,1,100,,22543,7252,,,1
601,'F1',619,,43951,7252,,,1,30,,43958,7252,,,1,70,,43970,7252,,,1,30,,43965,7252,,,1,70,,43961,7252,,,1,30,,43959,7252,,,1,70,,43942,7252,,,1,30,,43946,7252,,,1,74,,43962,7252,,,1,30,,43956,7252,,,1,70,,43943,7252,,,1,30,,43947,7252,,,1,70,,43952,7252,,,1,33,,43944,7252,,,1,70,,43948,7252,,,1,30,,43955,7252,,,1,70,,43945,7252,,,1,30,,43957,7252,,,1,70,,43953,7252,,,1,30,,43949,7252,,,1,70,,43963,7252,,,1,30,,43971,7252,,,1,70,,43966,7252,,,1,28,,43964,7252,,,1,70,,43972,7252,,,1,30,,43967,7252,,,1,100,,43954,7252,,,1,100,,43969,7252,,,1,100,,43960,7252,,,1,100,,43950,7252,,,1,100,,43941,7252,,,1,100,,43968,7252,,,1
601,'F2',619,,43988,7252,,,1,30,,43984,7252,,,1,70,,44004,7252,,,1,30,,43993,7252,,,1,70,,43989,7252,,,1,30,,43985,7252,,,1,74,,43990,7252,,,1,26,,43994,7252,,,1,76,,44003,7252,,,1,23,,43991,7252,,,1,75,,44000,7252,,,1,26,,43986,7252,,,1,70,,43979,7252,,,1,38,,43987,7252,,,1,70,,43980,7252,,,1,29,,43973,7252,,,1,70,,43995,7252,,,1,30,,43981,7252,,,1,70,,43974,7252,,,1,30,,43996,7252,,,1,70,,43982,7252,,,1,30,,43975,7252,,,1,70,,43997,7252,,,1,28,,43983,7252,,,1,70,,43976,7252,,,1,30,,43998,7252,,,1,100,,44001,7252,,,1,100,,43992,7252,,,1,100,,43977,7252,,,1,100,,43978,7252,,,1,100,,44002,7252,,,1,100,,43999,7252,,,1
601,'F8',619,,22662,7252,,,1,30,,22658,7252,,,1,70,,22678,7252,,,1,30,,22667,7252,,,1,70,,22663,7252,,,1,30,,22659,7252,,,1,74,,22664,7252,,,1,26,,22668,7252,,,1,76,,22677,7252,,,1,23,,22665,7252,,,1,75,,22674,7252,,,1,26,,22660,7252,,,1,70,,22653,7252,,,1,38,,22661,7252,,,1,70,,22654,7252,,,1,29,,22647,7252,,,1,70,,22669,7252,,,1,30,,22655,7252,,,1,70,,22648,7252,,,1,30,,22670,7252,,,1,70,,22656,7252,,,1,30,,22649,7252,,,1,70,,22671,7252,,,1,28,,22657,7252,,,1,70,,22650,7252,,,1,30,,22672,7252,,,1,100,,22675,7252,,,1,100,,22666,7252,,,1,100,,22651,7252,,,1,100,,22652,7252,,,1,100,,22676,7252,,,1,100,,22673,7252,,,1
601,'F9',619,,22689,7252,,,1,30,,22696,7252,,,1,70,,22708,7252,,,1,30,,22703,7252,,,1,70,,22699,7252,,,1,30,,22697,7252,,,1,70,,22680,7252,,,1,30,,22684,7252,,,1,74,,22700,7252,,,1,30,,22694,7252,,,1,70,,22681,7252,,,1,30,,22685,7252,,,1,70,,22690,7252,,,1,33,,22682,7252,,,1,70,,22686,7252,,,1,30,,22693,7252,,,1,70,,22683,7252,,,1,30,,22695,7252,,,1,70,,22691,7252,,,1,30,,22687,7252,,,1,70,,22701,7252,,,1,30,,22709,7252,,,1,70,,22704,7252,,,1,28,,22702,7252,,,1,70,,22710,7252,,,1,30,,22705,7252,,,1,100,,22692,7252,,,1,100,,22707,7252,,,1,100,,22698,7252,,,1,100,,22688,7252,,,1,100,,22679,7252,,,1,100,,22706,7252,,,1
601,'SA',619,,22726,7252,,,1,30,,22722,7252,,,1,70,,22742,7252,,,1,30,,22731,7252,,,1,70,,22727,7252,,,1,30,,22723,7252,,,1,74,,22728,7252,,,1,26,,22732,7252,,,1,76,,22741,7252,,,1,23,,22729,7252,,,1,75,,22738,7252,,,1,26,,22724,7252,,,1,70,,22717,7252,,,1,38,,22725,7252,,,1,70,,22718,7252,,,1,29,,22711,7252,,,1,70,,22733,7252,,,1,30,,22719,7252,,,1,70,,22712,7252,,,1,30,,22734,7252,,,1,70,,22720,7252,,,1,30,,22713,7252,,,1,70,,22735,7252,,,1,28,,22721,7252,,,1,70,,22714,7252,,,1,30,,22736,7252,,,1,100,,22739,7252,,,1,100,,22730,7252,,,1,100,,22715,7252,,,1,100,,22716,7252,,,1,100,,22740,7252,,,1,100,,22737,7252,,,1
601,'SE',533,,44024,7252,,,1,70,,44018,7252,,,1,32,,44010,7252,,,1,71,,44035,7252,,,1,25,,44015,7252,,,1,77,,44037,7252,,,1,29,,44014,7252,,,1,72,,44029,7252,,,1,28,,44033,7252,,,1,70,,44030,7252,,,1,30,,44022,7252,,,1,70,,44006,7252,,,1,30,,44040,7252,,,1,70,,44016,7252,,,1,30,,44031,7252,,,1,70,,44034,7252,,,1,30,,44017,7252,,,1,70,,44011,7252,,,1,30,,44023,7252,,,1,72,,44032,7252,,,1,30,,44005,7252,,,1,66,,44009,7252,,,1,38,,44012,7252,,,1,66,,44013,7252,,,1,31,,44025,7252,,,1,65,,44036,7252,,,1,31,,44039,7252,,,1,70,,44038,7252,,,1,28,,44041,7252,,,1,70,,44028,7252,,,1,30,,44020,7252,,,1,70,,44026,7252,,,1,30,,44007,7252,,,1,70,,44027,7252,,,1,98,,44021,7252,,,1,100,,44019,7252,,,1,100,,44008,7252,,,1
1301,'DI',638,,24063,8304,,,1,100,,3602,8304,,,1,100,,24064,8304,,,1,100,,3603,8304,,,1,100,,24065,8304,,,1,100,,3604,8304,,,1,100,,24066,8304,,,1,100,,3605,8304,,,1,100,,24068,8304,,,1,100,,24075,8304,,,1,100,,24060,8304,,,1,100,,24067,8304,,,1,100,,24062,8304,,,1,100,,24069,8304,,,1,100,,24073,8304,,,1,100,,24071,8304,,,1,100,,24070,8304,,,1,100,,24061,8304,,,1,100,,24074,8304,,,1,100,,24072,8304,,,1
1301,'F1',638,,44542,8304,,,1,100,,44537,8304,,,1,100,,44543,8304,,,1,100,,44538,8304,,,1,100,,44544,8304,,,1,100,,44539,8304,,,1,100,,44545,8304,,,1,100,,44540,8304,,,1,100,,44547,8304,,,1,100,,44554,8304,,,1,100,,44535,8304,,,1,100,,44546,8304,,,1,100,,44541,8304,,,1,100,,44548,8304,,,1,100,,44552,8304,,,1,100,,44550,8304,,,1,100,,44549,8304,,,1,100,,44536,8304,,,1,100,,44553,8304,,,1,100,,44551,8304,,,1
1301,'F2',638,,44563,8304,,,1,100,,44556,8304,,,1,100,,44564,8304,,,1,100,,44557,8304,,,1,100,,44558,8304,,,1,100,,44565,8304,,,1,100,,44567,8304,,,1,100,,44559,8304,,,1,100,,44568,8304,,,1,100,,44560,8304,,,1,100,,44555,8304,,,1,100,,44570,8304,,,1,100,,44573,8304,,,1,100,,44561,8304,,,1,100,,44569,8304,,,1,100,,44566,8304,,,1,100,,44574,8304,,,1,100,,44571,8304,,,1,100,,44562,8304,,,1,100,,44572,8304,,,1
1301,'F8',638,,24168,8304,,,1,100,,24161,8304,,,1,100,,24169,8304,,,1,100,,24162,8304,,,1,100,,24163,8304,,,1,100,,24170,8304,,,1,100,,24172,8304,,,1,100,,24164,8304,,,1,100,,24173,8304,,,1,100,,24165,8304,,,1,100,,24160,8304,,,1,100,,24175,8304,,,1,100,,24178,8304,,,1,100,,24166,8304,,,1,100,,24174,8304,,,1,100,,24171,8304,,,1,100,,24179,8304,,,1,100,,24176,8304,,,1,100,,24167,8304,,,1,100,,24177,8304,,,1
1301,'F9',638,,24187,8304,,,1,100,,24182,8304,,,1,100,,24188,8304,,,1,100,,24183,8304,,,1,100,,24189,8304,,,1,100,,24184,8304,,,1,100,,24190,8304,,,1,100,,24185,8304,,,1,100,,24192,8304,,,1,100,,24199,8304,,,1,100,,24180,8304,,,1,100,,24191,8304,,,1,100,,24186,8304,,,1,100,,24193,8304,,,1,100,,24197,8304,,,1,100,,24195,8304,,,1,100,,24194,8304,,,1,100,,24181,8304,,,1,100,,24198,8304,,,1,100,,24196,8304,,,1
1301,'SA',638,,24208,8304,,,1,100,,24201,8304,,,1,100,,24209,8304,,,1,100,,24202,8304,,,1,100,,24203,8304,,,1,100,,24210,8304,,,1,100,,24212,8304,,,1,100,,24204,8304,,,1,100,,24213,8304,,,1,100,,24205,8304,,,1,100,,24200,8304,,,1,100,,24215,8304,,,1,100,,24218,8304,,,1,100,,24206,8304,,,1,100,,24214,8304,,,1,100,,24211,8304,,,1,100,,24219,8304,,,1,100,,24216,8304,,,1,100,,24207,8304,,,1,100,,24217,8304,,,1
1301,'SE',545,,44590,8304,,,1,72,,44577,8304,,,1,31,,44609,8304,,,1,58,,44614,8304,,,1,14,,44597,8304,,,1,13,,44595,8304,,,1,14,,44616,8304,,,1,62,,44605,8304,,,1,12,,44607,8304,,,1,13,,44598,8304,,,1,15,,44596,8304,,,1,55,,44599,8304,,,1,20,,44604,8304,,,1,28,,44588,8304,,,1,70,,44615,8304,,,1,30,,44586,8304,,,1,70,,44575,8304,,,1,30,,44592,8304,,,1,70,,44601,8304,,,1,31,,44591,8304,,,1,70,,44582,8304,,,1,30,,44589,8304,,,1,70,,44594,8304,,,1,30,,44581,8304,,,1,69,,44576,8304,,,1,35,,44580,8304,,,1,69,,44600,8304,,,1,27,,44587,8304,,,1,55,,44612,8304,,,1,20,,44617,8304,,,1,22,,44610,8304,,,1,58,,44613,8304,,,1,19,,44585,8304,,,1,29,,44578,8304,,,1,68,,44608,8304,,,1,30,,44593,8304,,,1,70,,44584,8304,,,1,30,,44618,8304,,,1,70,,44606,8304,,,1,29,,44583,8304,,,1,100,,44611,8304,,,1,100,,44579,8304,,,1,100,,44603,8304,,,1,98,,44602,8304,,,1
1401,'SE',619,,44650,16946,,,1,32,,44645,16946,,,1,60,,44648,16946,,,1,16,,44651,16946,,,1,16,,44649,16946,,,1,14,,44642,16946,,,1,54,,44647,16946,,,1,14,,44646,16946,,,1,14,,44652,16946,,,1,16,,44644,16946,,,1,56,,44643,16946,,,1,21,,44653,16946,,,1,22,,44664,14813,,,1,100,,44658,14813,,,1,100,,44663,14813,,,1,100,,44662,14813,,,1,100,,44656,14813,,,1,100,,44655,14813,,,1,100,,44659,14813,,,1,85,,44661,14813,,,1,15,,44657,14813,,,1,59,,44665,14813,,,1,24,,44660,14813,,,1,18,,44669,14813,,,1,60,,44654,14813,,,1,20,,44668,14813,,,1,18,,44666,14813,,,1,68,,44667,14813,,,1
1501,'DI',707,,24559,9346,,,1,100,,24556,9346,,,1,100,,24553,9346,,,1,100,,24566,9346,,,1,101,,24571,9346,,,1,100,,24564,9346,,,1,100,,24560,9346,,,1,100,,24554,9346,,,1,100,,24568,9346,,,1,100,,24555,9346,,,1,100,,24563,9346,,,1,100,,24561,9346,,,1,100,,24565,9346,,,1,97,,24569,9346,,,1,100,,24567,9346,,,1,100,,24562,9346,,,1,100,,24557,9346,,,1,100,,24570,9346,,,1,100,,24558,9346,,,1
1501,'F1',707,,44751,9346,,,1,100,,44748,9346,,,1,100,,44745,9346,,,1,100,,44758,9346,,,1,101,,44763,9346,,,1,100,,44756,9346,,,1,100,,44752,9346,,,1,100,,44746,9346,,,1,100,,44760,9346,,,1,100,,44747,9346,,,1,100,,44755,9346,,,1,100,,44753,9346,,,1,100,,44757,9346,,,1,97,,44761,9346,,,1,100,,44759,9346,,,1,100,,44754,9346,,,1,100,,44749,9346,,,1,100,,44762,9346,,,1,100,,44750,9346,,,1
1501,'F2',706,,44779,9346,,,1,100,,44773,9346,,,1,100,,44767,9346,,,1,100,,44780,9346,,,1,100,,44765,9346,,,1,100,,44764,9346,,,1,100,,44776,9346,,,1,101,,44771,9346,,,1,100,,44775,9346,,,1,102,,44772,9346,,,1,98,,44768,9346,,,1,100,,44774,9346,,,1,100,,44777,9346,,,1,99,,44778,9346,,,1,100,,44766,9346,,,1,100,,44781,9346,,,1,100,,44769,9346,,,1,100,,44782,9346,,,1,100,,44770,9346,,,1
1501,'F8',706,,24664,9346,,,1,100,,24658,9346,,,1,100,,24652,9346,,,1,100,,24665,9346,,,1,100,,24650,9346,,,1,100,,24649,9346,,,1,100,,24661,9346,,,1,101,,24656,9346,,,1,100,,24660,9346,,,1,102,,24657,9346,,,1,98,,24653,9346,,,1,100,,24659,9346,,,1,100,,24662,9346,,,1,99,,24663,9346,,,1,100,,24651,9346,,,1,100,,24666,9346,,,1,100,,24654,9346,,,1,100,,24667,9346,,,1,100,,24655,9346,,,1
1501,'F9',707,,24674,9346,,,1,100,,24671,9346,,,1,100,,24668,9346,,,1,100,,24681,9346,,,1,101,,24686,9346,,,1,100,,24679,9346,,,1,100,,24675,9346,,,1,100,,24669,9346,,,1,100,,24683,9346,,,1,100,,24670,9346,,,1,100,,24678,9346,,,1,100,,24676,9346,,,1,100,,24680,9346,,,1,97,,24684,9346,,,1,100,,24682,9346,,,1,100,,24677,9346,,,1,100,,24672,9346,,,1,100,,24685,9346,,,1,100,,24673,9346,,,1
1501,'SA',706,,24702,9346,,,1,100,,24696,9346,,,1,100,,24690,9346,,,1,100,,24703,9346,,,1,100,,24688,9346,,,1,100,,24687,9346,,,1,100,,24699,9346,,,1,101,,24694,9346,,,1,100,,24698,9346,,,1,102,,24695,9346,,,1,98,,24691,9346,,,1,100,,24697,9346,,,1,100,,24700,9346,,,1,99,,24701,9346,,,1,100,,24689,9346,,,1,100,,24704,9346,,,1,100,,24692,9346,,,1,100,,24705,9346,,,1,100,,24693,9346,,,1
1501,'SE',530,,44799,9346,,,1,86,,44796,9346,,,1,31,,44810,9346,,,1,73,,44786,9346,,,1,21,,44787,9346,,,1,60,,44795,9346,,,1,20,,44811,9346,,,1,30,,44802,9346,,,1,73,,44821,9346,,,1,27,,44806,9346,,,1,68,,44791,9346,,,1,30,,44816,9346,,,1,70,,44783,9346,,,1,30,,44792,9346,,,1,71,,44788,9346,,,1,30,,44784,9346,,,1,70,,44789,9346,,,1,30,,44807,9346,,,1,70,,44785,9346,,,1,30,,44819,9346,,,1,72,,44804,9346,,,1,31,,44803,9346,,,1,63,,44798,9346,,,1,39,,44794,9346,,,1,67,,44793,9346,,,1,30,,44790,9346,,,1,71,,44812,9346,,,1,26,,44817,9346,,,1,70,,44801,9346,,,1,30,,44805,9346,,,1,68,,44815,9346,,,1,30,,44820,9346,,,1,70,,44797,9346,,,1,30,,44808,9346,,,1,70,,44814,9346,,,1,30,,44813,9346,,,1,98,,44818,9346,,,1,100,,44809,9346,,,1,99,,44800,9346,,,1
