6100,'DI',720,,58301,13008,,,2,89,,58305,13008,,,2,30,,58302,13008,,,2,70,,58308,13008,,,2,30,,58306,13008,,,2,70,,58303,13008,,,2,30,,58309,13008,,,2,70,,58311,13008,,,2,30,,58316,13008,,,2,70,,58321,13008,,,2,30,,58312,13008,,,2,70,,58317,13008,,,2,30,,58322,13008,,,2,70,,58313,13008,,,2,30,,58318,13008,,,2,70,,58324,13008,,,2,30,,58314,13008,,,2,74,,58319,13008,,,2,21,,58325,13008,,,2,75,,58328,13008,,,2,20,,58332,13008,,,2,80,,58326,13008,,,2,25,,58329,13008,,,2,70,,58333,13008,,,2,45,,58330,13008,,,2,100,,58334,13008,,,2,100,,58336,13008,,,2,100,,58338,13008,,,2,100,,58340,13008,,,2,100,,58341,13008,,,2
6100,'F1',720,,58342,13008,,,2,89,,58346,13008,,,2,30,,58343,13008,,,2,70,,58349,13008,,,2,30,,58347,13008,,,2,70,,58344,13008,,,2,30,,58350,13008,,,2,70,,58352,13008,,,2,30,,58357,13008,,,2,70,,58362,13008,,,2,30,,58353,13008,,,2,70,,58358,13008,,,2,30,,58363,13008,,,2,70,,58354,13008,,,2,30,,58359,13008,,,2,70,,58365,13008,,,2,30,,58355,13008,,,2,74,,58360,13008,,,2,21,,58366,13008,,,2,75,,58369,13008,,,2,20,,58373,13008,,,2,80,,58367,13008,,,2,25,,58370,13008,,,2,70,,58374,13008,,,2,45,,58371,13008,,,2,100,,58375,13008,,,2,100,,58377,13008,,,2,100,,58379,13008,,,2,100,,58381,13008,,,2,100,,58382,13008,,,2
6100,'F2',720,,58383,13008,,,2,89,,58387,13008,,,2,30,,58384,13008,,,2,70,,58390,13008,,,2,30,,58388,13008,,,2,70,,58385,13008,,,2,30,,58391,13008,,,2,70,,58393,13008,,,2,30,,58398,13008,,,2,70,,58401,13008,,,2,30,,58394,13008,,,2,70,,58399,13008,,,2,30,,58402,13008,,,2,70,,58395,13008,,,2,30,,58404,13008,,,2,70,,58409,13008,,,2,30,,58396,13008,,,2,74,,58405,13008,,,2,21,,58410,13008,,,2,75,,58413,13008,,,2,20,,58406,13008,,,2,80,,58411,13008,,,2,25,,58414,13008,,,2,70,,58407,13008,,,2,45,,58416,13008,,,2,100,,58419,13008,,,2,100,,58417,13008,,,2,100,,58421,13008,,,2,100,,58420,13008,,,2,100,,58422,13008,,,2
6100,'SA',720,,58423,13008,,,2,89,,58427,13008,,,2,30,,58424,13008,,,2,70,,58430,13008,,,2,30,,58428,13008,,,2,70,,58425,13008,,,2,30,,58431,13008,,,2,70,,58433,13008,,,2,30,,58438,13008,,,2,70,,58441,13008,,,2,30,,58434,13008,,,2,70,,58439,13008,,,2,30,,58442,13008,,,2,70,,58435,13008,,,2,30,,58444,13008,,,2,70,,58449,13008,,,2,30,,58436,13008,,,2,74,,58445,13008,,,2,21,,58450,13008,,,2,75,,58453,13008,,,2,20,,58446,13008,,,2,80,,58451,13008,,,2,25,,58454,13008,,,2,70,,58447,13008,,,2,45,,58456,13008,,,2,100,,58459,13008,,,2,100,,58457,13008,,,2,100,,58461,13008,,,2,100,,58460,13008,,,2,100,,58462,13008,,,2
6100,'SE',629,,58465,13008,,,2,28,,58463,13008,,,2,66,,58472,13008,,,2,9,,58477,13008,,,2,19,,58469,13008,,,2,66,,58466,13008,,,2,22,,58474,13008,,,2,15,,58479,13008,,,2,76,,58470,13008,,,2,70,,58467,13008,,,2,30,,58475,13008,,,2,71,,58519,13008,,,2,30,,58473,13008,,,2,70,,58480,13008,,,2,30,,58484,13008,,,2,70,,58481,13008,,,2,30,,58482,13008,,,2,73,,58486,13008,,,2,21,,58489,13008,,,2,27,,58494,13008,,,2,63,,58483,13008,,,2,20,,58485,13008,,,2,24,,58497,13008,,,2,44,,58500,13008,,,2,25,,58490,13008,,,2,7,,58492,13008,,,2,14,,58501,13008,,,2,53,,58502,13008,,,2,14,,58487,13008,,,2,15,,58506,13008,,,2,6,,58509,13008,,,2,18,,58498,13008,,,2,54,,58495,13008,,,2,24,,58511,13008,,,2,24,,58503,13008,,,2,68,,58514,13008,,,2,29,,58517,13008,,,2,70,,58507,13008,,,2,29,,58510,13008,,,2,70,,58518,13008,,,2,30,,58504,13008,,,2,68,,58515,13008,,,2,30,,58512,13008,,,2,69,,58508,13008,,,2,30,,58516,13008,,,2,70,,58513,13008,,,2
8500,'SE',1635,,60895,16297,,,2,24,,60893,16297,,,2,64,,60896,16297,,,2,28,,60894,16297,,,2
16100,'DI',630,,38650,16153,,,2,1172,,62339,16153,,,2
16100,'F1',630,,50332,16153,,,2,1172,,62350,16153,,,2
16100,'F2',630,,62363,16153,,,2,1102,,62362,16153,,,2
16100,'SA',630,,62376,16153,,,2,1102,,62375,16153,,,2
16100,'SE',708,,62391,16043,,,2,25,,62390,16043,,,2,25,,62389,16043,,,2,462,,62392,16153,,,2,389,,62393,16153,,,2,41,,62394,16153,,,2,80,,62396,16153,,,2,100,,62395,16153,,,2
