2501,'DI',1605,,27599,10817,,,2
2501,'F8',1605,,27634,10817,,,2
2501,'F9',1605,,27635,10817,,,2
2501,'SA',1605,,27636,10817,,,2
2501,'SE',517,,27641,9180,,,2,30,,27643,9180,,,2,63,,27638,9180,,,2,34,,27642,9180,,,2,75,,27663,10817,,,2,30,,27662,10817,,,2,66,,27644,9180,,,2,30,,27646,9180,,,2,67,,27647,9180,,,2,505,,27658,9180,,,2,31,,27648,9180,,,2,72,,27649,9180,,,2,31,,27666,10817,,,2,59,,27665,10817,,,2,12,,27664,10817,,,2,9,,27639,9180,,,2,19,,27651,9180,,,2,54,,27650,9180,,,2,17,,27654,9180,,,2,28,,27656,9180,,,2,67,,27659,9180,,,2,29,,27655,9180,,,2,99,,27653,9180,,,2,385,,27661,9180,,,2,86,,27668,10817,,,2,12,,27660,9180,,,2,75,,27652,9180,,,2
8101,'DI',635,,35898,15246,,,1,100,,35895,15246,,,1,100,,35884,15246,,,1,103,,35891,15246,,,1,100,,35885,15246,,,1,100,,35893,15246,,,1,100,,35897,15246,,,1,100,,35899,15246,,,1,100,,35888,15246,,,1,100,,35892,15246,,,1,100,,35883,15246,,,1,96,,35896,15246,,,1,108,,35886,15246,,,1,96,,35894,15246,,,1,100,,35887,15246,,,1,100,,35900,15246,,,1,100,,35889,15246,,,1,100,,35902,15246,,,1,100,,35901,15246,,,1
8101,'F8',635,,35979,15246,,,1,100,,35986,15246,,,1,100,,35992,15246,,,1,103,,35987,15246,,,1,100,,35988,15246,,,1,100,,35993,15246,,,1,100,,35974,15246,,,1,100,,35976,15246,,,1,100,,35982,15246,,,1,100,,35989,15246,,,1,100,,35994,15246,,,1,100,,35980,15246,,,1,104,,35983,15246,,,1,96,,35990,15246,,,1,100,,35975,15246,,,1,100,,35984,15246,,,1,100,,35978,15246,,,1,100,,35991,15246,,,1,100,,35985,15246,,,1,100,,35981,15246,,,1
8101,'F9',635,,36010,15246,,,1,100,,36007,15246,,,1,100,,35996,15246,,,1,103,,36003,15246,,,1,100,,35997,15246,,,1,100,,36005,15246,,,1,100,,36009,15246,,,1,100,,36011,15246,,,1,100,,36000,15246,,,1,100,,36004,15246,,,1,100,,35995,15246,,,1,96,,36008,15246,,,1,108,,35998,15246,,,1,96,,36006,15246,,,1,100,,35999,15246,,,1,100,,36012,15246,,,1,100,,36001,15246,,,1,100,,36014,15246,,,1,100,,36013,15246,,,1
8101,'SA',635,,36020,15246,,,1,100,,36027,15246,,,1,100,,36033,15246,,,1,103,,36028,15246,,,1,100,,36029,15246,,,1,100,,14421,15246,,,1,100,,36015,15246,,,1,100,,36017,15246,,,1,100,,36023,15246,,,1,100,,36030,15246,,,1,100,,36034,15246,,,1,100,,36021,15246,,,1,104,,36024,15246,,,1,96,,36031,15246,,,1,100,,36016,15246,,,1,100,,36025,15246,,,1,100,,36019,15246,,,1,100,,36032,15246,,,1,100,,36026,15246,,,1,100,,36022,15246,,,1
8101,'SE',606,,36052,15246,,,1,30,,36049,15246,,,1,22,,36038,15246,,,1,78,,36050,15246,,,1,70,,36045,15246,,,1,31,,36055,15246,,,1,69,,36051,15246,,,1,36,,36043,15246,,,1,98,,36035,15246,,,1,100,,36053,15246,,,1,100,,36044,15246,,,1,100,,36062,15246,,,1,100,,36060,15246,,,1,100,,36041,15246,,,1,71,,36058,15246,,,1,31,,36063,15246,,,1,70,,36054,15246,,,1,30,,36046,15246,,,1,70,,36037,15246,,,1,30,,36059,15246,,,1,70,,36047,15246,,,1,26,,36036,15246,,,1,100,,36042,15246,,,1,100,,36039,15246,,,1,100,,36056,15246,,,1,100,,36061,15246,,,1,100,,36040,15246,,,1,100,,36057,15246,,,1
