1000,'DI',637,,53753,4600,,,1,70,,53765,4600,,,1,30,,53742,4600,,,1,70,,53766,4600,,,1,38,,53754,4600,,,1,70,,53744,4600,,,1,30,,53755,4600,,,1,70,,53745,4600,,,1,30,,53756,4600,,,1,70,,53746,4600,,,1,30,,53757,4600,,,1,70,,53747,4600,,,1,30,,53758,4600,,,1,70,,53748,4600,,,1,30,,53759,4600,,,1,70,,53749,4600,,,1,30,,53760,4600,,,1,70,,53750,4600,,,1,30,,53761,4600,,,1,70,,53751,4600,,,1,30,,53762,4600,,,1,70,,53752,4600,,,1,30,,53763,4600,,,1,70,,53743,4600,,,1,41,,53738,4600,,,1,100,,53739,4600,,,1,100,,53740,4600,,,1,100,,53741,4600,,,1,100,,53767,4600,,,1,100,,53768,4600,,,1,100,,53769,4600,,,1
1000,'F1',637,,53785,4600,,,1,70,,53797,4600,,,1,30,,53774,4600,,,1,70,,53798,4600,,,1,38,,53786,4600,,,1,70,,53776,4600,,,1,30,,53787,4600,,,1,70,,53777,4600,,,1,30,,53788,4600,,,1,70,,53778,4600,,,1,30,,53789,4600,,,1,70,,53779,4600,,,1,30,,53790,4600,,,1,70,,53780,4600,,,1,30,,53791,4600,,,1,70,,53781,4600,,,1,30,,53792,4600,,,1,70,,53782,4600,,,1,30,,53793,4600,,,1,70,,53783,4600,,,1,30,,53794,4600,,,1,70,,53784,4600,,,1,30,,53795,4600,,,1,70,,53775,4600,,,1,41,,53770,4600,,,1,100,,53771,4600,,,1,100,,53772,4600,,,1,100,,53773,4600,,,1,100,,53799,4600,,,1,100,,53800,4600,,,1,100,,53801,4600,,,1
1000,'F2',606,,53806,4600,,,1,30,,53809,4600,,,1,70,,53804,4600,,,1,30,,53816,4600,,,1,70,,53807,4600,,,1,38,,53812,4600,,,1,70,,53832,4600,,,1,30,,53817,4600,,,1,70,,53833,4600,,,1,30,,53818,4600,,,1,70,,53834,4600,,,1,30,,53819,4600,,,1,71,,53802,4600,,,1,30,,53820,4600,,,1,70,,53810,4600,,,1,30,,53821,4600,,,1,70,,53811,4600,,,1,30,,53822,4600,,,1,70,,53813,4600,,,1,30,,53823,4600,,,1,70,,53814,4600,,,1,29,,53824,4600,,,1,71,,53815,4600,,,1,30,,53808,4600,,,1,70,,53803,4600,,,1,41,,53825,4600,,,1,100,,53826,4600,,,1,100,,53827,4600,,,1,100,,53828,4600,,,1,100,,53829,4600,,,1,100,,53830,4600,,,1,100,,53831,4600,,,1
1000,'SA',606,,53839,4600,,,1,30,,53842,4600,,,1,70,,53837,4600,,,1,30,,53849,4600,,,1,70,,53840,4600,,,1,38,,53845,4600,,,1,70,,53865,4600,,,1,30,,53850,4600,,,1,70,,53866,4600,,,1,30,,53851,4600,,,1,70,,53867,4600,,,1,30,,53852,4600,,,1,71,,53835,4600,,,1,30,,53853,4600,,,1,70,,53843,4600,,,1,30,,53854,4600,,,1,70,,53844,4600,,,1,30,,53855,4600,,,1,70,,53846,4600,,,1,30,,53856,4600,,,1,70,,53847,4600,,,1,29,,53857,4600,,,1,71,,53848,4600,,,1,30,,53841,4600,,,1,70,,53836,4600,,,1,41,,53858,4600,,,1,100,,53859,4600,,,1,100,,53860,4600,,,1,100,,53861,4600,,,1,100,,53862,4600,,,1,100,,53863,4600,,,1,100,,53864,4600,,,1
1700,'DI',628,,54830,4489,,,1,100,,54845,4489,,,1,30,,54825,4489,,,1,70,,54831,4489,,,1,30,,25392,4489,,,1,70,,54827,4489,,,1,30,,54826,4489,,,1,70,,54843,4489,,,1,30,,54835,4489,,,1,70,,54832,4489,,,1,30,,54842,4489,,,1,70,,54822,4489,,,1,30,,54836,4489,,,1,70,,54834,4489,,,1,30,,54820,4489,,,1,70,,54833,4489,,,1,30,,54840,4489,,,1,69,,54828,4489,,,1,30,,54817,4489,,,1,71,,54829,4489,,,1,30,,54818,4489,,,1,70,,54821,4489,,,1,31,,54819,4489,,,1,70,,54824,4489,,,1,99,,54844,4489,,,1,100,,54841,4489,,,1,100,,54837,4489,,,1,100,,54823,4489,,,1,100,,54838,4489,,,1,100,,25365,4489,,,1,100,,54839,4489,,,1
1700,'F1',628,,54859,4489,,,1,100,,54874,4489,,,1,30,,54854,4489,,,1,70,,54860,4489,,,1,30,,45071,4489,,,1,70,,54856,4489,,,1,30,,54855,4489,,,1,70,,54872,4489,,,1,30,,54864,4489,,,1,70,,54861,4489,,,1,30,,54871,4489,,,1,70,,54851,4489,,,1,30,,54865,4489,,,1,70,,54863,4489,,,1,30,,54849,4489,,,1,70,,54862,4489,,,1,30,,54869,4489,,,1,69,,54857,4489,,,1,30,,54846,4489,,,1,71,,54858,4489,,,1,30,,54847,4489,,,1,70,,54850,4489,,,1,31,,54848,4489,,,1,70,,54853,4489,,,1,99,,54873,4489,,,1,100,,54870,4489,,,1,100,,54866,4489,,,1,100,,54852,4489,,,1,100,,54867,4489,,,1,100,,45044,4489,,,1,100,,54868,4489,,,1
1700,'F2',628,,54883,4489,,,1,100,,54886,4489,,,1,30,,54900,4489,,,1,70,,54877,4489,,,1,30,,54892,4489,,,1,70,,54887,4489,,,1,30,,54901,4489,,,1,70,,54878,4489,,,1,30,,54893,4489,,,1,70,,54882,4489,,,1,30,,54875,4489,,,1,70,,54881,4489,,,1,30,,54903,4489,,,1,70,,54879,4489,,,1,30,,54888,4489,,,1,70,,54894,4489,,,1,30,,54876,4489,,,1,70,,54884,4489,,,1,30,,54902,4489,,,1,69,,54897,4489,,,1,30,,54889,4489,,,1,71,,54898,4489,,,1,30,,54890,4489,,,1,71,,54899,4489,,,1,99,,54904,4489,,,1,100,,54895,4489,,,1,100,,54880,4489,,,1,100,,54891,4489,,,1,100,,54885,4489,,,1,100,,54896,4489,,,1,100,,54905,4489,,,1
1700,'SA',628,,54914,4489,,,1,100,,54917,4489,,,1,30,,54931,4489,,,1,70,,54908,4489,,,1,30,,54923,4489,,,1,70,,54918,4489,,,1,30,,54932,4489,,,1,70,,54909,4489,,,1,30,,54924,4489,,,1,70,,54913,4489,,,1,30,,54906,4489,,,1,70,,54912,4489,,,1,30,,54934,4489,,,1,70,,54910,4489,,,1,30,,54919,4489,,,1,70,,54925,4489,,,1,30,,54907,4489,,,1,70,,54915,4489,,,1,30,,54933,4489,,,1,69,,54928,4489,,,1,30,,54920,4489,,,1,71,,54929,4489,,,1,30,,54921,4489,,,1,71,,54930,4489,,,1,99,,54935,4489,,,1,100,,54926,4489,,,1,100,,54911,4489,,,1,100,,54922,4489,,,1,100,,54916,4489,,,1,100,,54927,4489,,,1,100,,54936,4489,,,1
7600,'SE',607,,59895,4955,,,1,21,,59876,4955,,,1,20,,59878,4955,,,1,63,,59858,4955,,,1,17,,59879,4955,,,1,20,,59853,4955,,,1,63,,59897,4955,,,1,27,,59880,4955,,,1,71,,59874,4955,,,1,30,,59855,4955,,,1,70,,59862,4955,,,1,30,,59867,4955,,,1,70,,59896,4955,,,1,30,,59872,4955,,,1,70,,59894,4955,,,1,30,,59859,4955,,,1,70,,59856,4955,,,1,30,,59863,4955,,,1,71,,59860,4955,,,1,34,,59864,4955,,,1,66,,59871,4955,,,1,32,,59869,4955,,,1,71,,59868,4955,,,1,24,,59886,4955,,,1,18,,59893,4955,,,1,60,,59854,4955,,,1,21,,59861,4955,,,1,18,,59887,4955,,,1,60,,59857,4955,,,1,27,,59865,4955,,,1,70,,59870,4955,,,1,30,,59851,4955,,,1,70,,59881,4955,,,1,30,,59888,4955,,,1,70,,59882,4955,,,1,30,,59889,4955,,,1,70,,59875,4955,,,1,30,,59890,4955,,,1,70,,59883,4955,,,1,30,,59891,4955,,,1,70,,59884,4955,,,1,30,,59892,4955,,,1,70,,59885,4955,,,1
16100,'DI',602,,38650,4600,,,2,30,,62330,4600,0,35 36,2,70,,38648,4600,0,35 36,2,30,,62335,4600,0,35 36,2,70,,62334,4600,0,35 36,2,30,,62331,4600,0,35 36,2,702,,62336,4600,0,35 36,2,68,,62338,4600,0,35 36,2,32,,62337,4600,0,35 36,2,70,,62329,4600,0,35 36,2,30,,62339,4600,,,2,72,,62332,4600,0,35 36,2,30,,62333,4600,0,35 36,2
16100,'F1',602,,50332,4600,,,2,30,,62341,4600,0,35 36,2,70,,50330,4600,0,35 36,2,30,,62346,4600,0,35 36,2,70,,62345,4600,0,35 36,2,30,,62342,4600,0,35 36,2,702,,62347,4600,0,35 36,2,68,,62349,4600,0,35 36,2,32,,62348,4600,0,35 36,2,70,,62340,4600,0,35 36,2,30,,62350,4600,,,2,72,,62343,4600,0,35 36,2,30,,62344,4600,0,35 36,2
16100,'F2',602,,62363,4600,,,2,30,,62352,4600,0,35 36,2,70,,62355,4600,0,35 36,2,30,,62361,4600,0,35 36,2,70,,62357,4600,0,35 36,2,30,,62358,4600,0,35 36,2,700,,62359,4600,0,35 36,2,71,,62354,4600,0,35 36,2,31,,62360,4600,0,35 36,2,70,,62362,4600,,,2,31,,62351,4600,0,35 36,2,71,,62353,4600,0,35 36,2,29,,62356,4600,0,35 36,2
16100,'SA',602,,62376,4600,,,2,30,,62365,4600,0,35 36,2,70,,62368,4600,0,35 36,2,30,,62374,4600,0,35 36,2,70,,62370,4600,0,35 36,2,30,,62371,4600,0,35 36,2,700,,62372,4600,0,35 36,2,71,,62367,4600,0,35 36,2,31,,62373,4600,0,35 36,2,70,,62375,4600,,,2,31,,62364,4600,0,35 36,2,71,,62366,4600,0,35 36,2,29,,62369,4600,0,35 36,2
16100,'SE',642,,62391,4489,,,2,64,,62390,4489,,,2,25,,62389,4489,,,2,20,,62378,4489,0,35 36,2,61,,62377,4489,0,35 36,2,19,,62379,4489,0,35 36,2,321,,62392,4600,,,2,297,,62381,4600,0,35 36,2,70,,62386,4600,0,35 36,2,21,,62393,4600,,,2,60,,62382,4600,0,35 36,2,20,,62394,4600,,,2,20,,62388,4600,0,35 36,2,60,,62396,4600,,,2,20,,62387,4600,0,35 36,2,20,,62383,4600,0,35 36,2,60,,62395,4600,,,2,20,,62385,4600,0,35 36,2,20,,62380,4600,0,35 36,2,60,,62384,4600,0,35 36,2
41000,'SE',550,,62552,4489,,,2,60,,62556,4489,,,2,23,,62551,4489,,,2,11,,62557,4489,,,2,66,,62562,4489,,,2,18,,62547,4489,,,2,12,,62561,4489,,,2,12,,62558,4489,,,2,54,,62566,4489,,,2,18,,62563,4489,,,2,18,,62546,4489,,,2,70,,62567,4489,,,2,29,,62590,4600,,,2,70,,62571,4600,,,2,30,,62583,4600,,,2,70,,62598,4600,,,2,30,,62591,4600,,,2,70,,62568,4600,,,2,30,,62584,4600,,,2,70,,62599,4600,,,2,30,,62592,4600,,,2,71,,62600,4600,,,2,34,,62576,4600,,,2,68,,62572,4600,,,2,29,,62585,4600,,,2,15,,62604,4600,,,2,55,,62586,4600,,,2,15,,62588,4600,,,2,12,,62570,4600,,,2,10,,62579,4600,,,2,9,,62605,4600,,,2,50,,62606,4600,,,2,10,,62601,4600,,,2,15,,62581,4600,,,2,14,,62574,4600,,,2,57,,62582,4600,,,2,20,,62602,4600,,,2,19,,62569,4600,,,2,70,,62593,4600,,,2,29,,62573,4600,,,2,70,,62594,4600,,,2,30,,62575,4600,,,2,70,,62595,4600,,,2,30,,62577,4600,,,2,70,,62596,4600,,,2,30,,62580,4600,,,2,70,,62597,4600,,,2,101,,62607,4600,,,2,100,,62608,4600,,,2
41700,'SE',602,,62676,4489,,,2,18,,62677,4489,,,2,26,,62682,4489,,,2,56,,62681,4489,,,2,6,,62675,4489,,,2,4,,62672,4489,,,2,6,,62678,4489,,,2,8,,62683,4489,,,2,10,,62673,4489,,,2,14,,62685,4489,,,2,52,,62674,4489,,,2,17,,62679,4489,,,2,16,,62684,4489,,,2,24,,62680,4489,,,2,68,,62690,4600,,,2,30,,62689,4600,,,2,70,,62691,4600,,,2,30,,62705,4600,,,2,70,,62692,4600,,,2,30,,62706,4600,,,2,70,,62693,4600,,,2,30,,62707,4600,,,2,70,,62694,4600,,,2,30,,62708,4600,,,2,70,,62695,4600,,,2,73,,62718,4600,,,2,30,,62729,4600,,,2,22,,62721,4600,,,2,54,,62719,4600,,,2,15,,62697,4600,,,2,12,,62686,4600,,,2,11,,62700,4600,,,2,10,,62722,4600,,,2,50,,62698,4600,,,2,10,,62703,4600,,,2,12,,62711,4600,,,2,14,,62724,4600,,,2,15,,62709,4600,,,2,60,,62704,4600,,,2,20,,62725,4600,,,2,65,,62702,4600,,,2,29,,62726,4600,,,2,30,,62712,4600,,,2,70,,62727,4600,,,2,30,,62713,4600,,,2,70,,62728,4600,,,2,30,,62714,4600,,,2,70,,62696,4600,,,2,30,,62715,4600,,,2,70,,62687,4600,,,2,30,,62716,4600,,,2,70,,62688,4600,,,2,30,,62717,4600,,,2,72,,62699,4600,,,2
