2000,'DI',623,,26261,8394,,,2,100,,26264,8394,,,2,100,,26267,8394,,,2,100,,26259,8394,,,2,100,,26265,8394,,,2,97,,26268,8394,,,2,103,,26269,8394,,,2,100,,26266,8394,,,2,100,,26270,8394,,,2,100,,26262,8394,,,2,97,,26273,8394,,,2,103,,26274,8394,,,2,100,,26263,8394,,,2,100,,26271,8394,,,2,100,,26260,8394,,,2,100,,26275,8394,,,2,100,,26272,8394,,,2,100,,26276,8394,,,2,100,,26277,8394,,,2
2000,'F1',623,,45369,8394,,,2,100,,45372,8394,,,2,100,,45375,8394,,,2,100,,45367,8394,,,2,100,,45373,8394,,,2,97,,45376,8394,,,2,103,,45377,8394,,,2,100,,45374,8394,,,2,100,,45378,8394,,,2,100,,45370,8394,,,2,97,,45381,8394,,,2,103,,45382,8394,,,2,100,,45371,8394,,,2,100,,45379,8394,,,2,100,,45368,8394,,,2,100,,45383,8394,,,2,100,,45380,8394,,,2,100,,45384,8394,,,2,100,,45385,8394,,,2
2000,'F2',626,,45404,8394,,,2,100,,45398,8394,,,2,100,,45395,8394,,,2,100,,45389,8394,,,2,100,,45391,8394,,,2,100,,45390,8394,,,2,100,,45399,8394,,,2,100,,45392,8394,,,2,100,,45393,8394,,,2,100,,45403,8394,,,2,96,,45400,8394,,,2,104,,45401,8394,,,2,104,,45402,8394,,,2,96,,45387,8394,,,2,100,,45396,8394,,,2,100,,45394,8394,,,2,100,,45386,8394,,,2,100,,45405,8394,,,2,100,,45397,8394,,,2,100,,45388,8394,,,2
2000,'F8',626,,26384,8394,,,2,100,,26378,8394,,,2,100,,26375,8394,,,2,100,,26369,8394,,,2,100,,26371,8394,,,2,100,,26370,8394,,,2,100,,26379,8394,,,2,100,,26372,8394,,,2,100,,26373,8394,,,2,100,,26383,8394,,,2,96,,26380,8394,,,2,104,,26381,8394,,,2,104,,26382,8394,,,2,96,,26367,8394,,,2,100,,26376,8394,,,2,100,,26374,8394,,,2,100,,26366,8394,,,2,100,,26385,8394,,,2,100,,26377,8394,,,2,100,,26368,8394,,,2
2000,'F9',623,,26388,8394,,,2,100,,26391,8394,,,2,100,,26394,8394,,,2,100,,26386,8394,,,2,100,,26392,8394,,,2,97,,26395,8394,,,2,103,,26396,8394,,,2,100,,26393,8394,,,2,100,,26397,8394,,,2,100,,26389,8394,,,2,97,,26400,8394,,,2,103,,26401,8394,,,2,100,,26390,8394,,,2,100,,26398,8394,,,2,100,,26387,8394,,,2,100,,26402,8394,,,2,100,,26399,8394,,,2,100,,26403,8394,,,2,100,,26404,8394,,,2
2000,'SA',626,,26422,8394,,,2,100,,5701,8394,,,2,100,,26414,8394,,,2,100,,26408,8394,,,2,100,,26410,8394,,,2,100,,26409,8394,,,2,100,,26417,8394,,,2,100,,26411,8394,,,2,100,,26412,8394,,,2,100,,26421,8394,,,2,96,,26418,8394,,,2,104,,26419,8394,,,2,104,,26420,8394,,,2,96,,26406,8394,,,2,100,,26415,8394,,,2,100,,26413,8394,,,2,100,,26405,8394,,,2,100,,26423,8394,,,2,100,,26416,8394,,,2,100,,26407,8394,,,2
2000,'SE',544,,45423,8394,,,2,60,,45444,8394,,,2,25,,45421,8394,,,2,20,,45438,8394,,,2,60,,45446,7803,,,2,13,,45447,7803,,,2,11,,45448,7803,,,2,18,,45449,7803,,,2,61,,45450,7803,,,2,32,,45451,7803,,,2,70,,45452,7803,,,2,29,,45441,8394,,,2,71,,45406,8394,,,2,30,,45411,8394,,,2,70,,45419,8394,,,2,30,,45424,8394,,,2,70,,45414,8394,,,2,30,,45412,8394,,,2,70,,45420,8394,,,2,30,,45442,8394,,,2,70,,45415,8394,,,2,30,,45413,8394,,,2,70,,45418,8394,,,2,23,,45426,8394,,,2,15,,45434,8394,,,2,55,,45407,8394,,,2,15,,45439,8394,,,2,15,,45409,8394,,,2,13,,45436,8394,,,2,58,,45435,8394,,,2,16,,45408,8394,,,2,13,,45427,8394,,,2,14,,45410,8394,,,2,54,,45437,8394,,,2,13,,45425,8394,,,2,13,,45428,8394,,,2,15,,45440,8394,,,2,68,,45417,8394,,,2,30,,45429,8394,,,2,70,,45432,8394,,,2,30,,45422,8394,,,2,70,,45445,8394,,,2,30,,45430,8394,,,2,100,,45433,8394,,,2,100,,45431,8394,,,2,100,,45416,8394,,,2,100,,45443,8394,,,2
2901,'DI',700,,28112,1619,,,1,100,,28113,1619,,,1,100,,28114,1619,,,1,100,,28115,1619,,,1,100,,28116,1619,,,1,100,,28117,1619,,,1,100,,28118,1619,,,1,100,,28119,1619,,,1,100,,28120,1619,,,1,100,,28121,1619,,,1,100,,28122,1619,,,1,100,,28123,1619,,,1,100,,28124,1619,,,1,100,,28125,1619,,,1,100,,28126,1619,,,1,100,,28127,1619,,,1,100,,28128,1619,,,1,120,,28129,1619,,,1,100,,28130,1619,,,1
2901,'F1',700,,46101,1619,,,1,100,,46102,1619,,,1,100,,46103,1619,,,1,100,,46104,1619,,,1,100,,46105,1619,,,1,100,,46106,1619,,,1,100,,46107,1619,,,1,100,,46108,1619,,,1,100,,46109,1619,,,1,100,,46110,1619,,,1,100,,46111,1619,,,1,100,,46112,1619,,,1,100,,46113,1619,,,1,100,,46114,1619,,,1,100,,46115,1619,,,1,100,,46116,1619,,,1,100,,46117,1619,,,1,120,,46118,1619,,,1,100,,46119,1619,,,1
2901,'F2',700,,46133,1619,,,1,100,,46134,1619,,,1,100,,46135,1619,,,1,100,,46136,1619,,,1,100,,46137,1619,,,1,100,,46138,1619,,,1,100,,46120,1619,,,1,100,,46121,1619,,,1,59,,46122,1619,,,1,99,,46123,1619,,,1,99,,46124,1619,,,1,148,,46125,1619,,,1,99,,46126,1619,,,1,97,,46127,1619,,,1,99,,46128,1619,,,1,100,,46129,1619,,,1,100,,46130,1619,,,1,120,,46131,1619,,,1,100,,46132,1619,,,1
2901,'F8',700,,28210,1619,,,1,100,,28211,1619,,,1,100,,28212,1619,,,1,100,,28213,1619,,,1,100,,28214,1619,,,1,100,,28215,1619,,,1,100,,28197,1619,,,1,100,,28198,1619,,,1,59,,28199,1619,,,1,99,,28200,1619,,,1,99,,28201,1619,,,1,148,,28202,1619,,,1,99,,28203,1619,,,1,97,,28204,1619,,,1,99,,28205,1619,,,1,100,,28206,1619,,,1,100,,28207,1619,,,1,120,,28208,1619,,,1,100,,28209,1619,,,1
2901,'F9',700,,28216,1619,,,1,100,,28217,1619,,,1,100,,28218,1619,,,1,100,,28219,1619,,,1,100,,28220,1619,,,1,100,,28221,1619,,,1,100,,28222,1619,,,1,100,,28223,1619,,,1,100,,28224,1619,,,1,100,,28225,1619,,,1,100,,28226,1619,,,1,100,,28227,1619,,,1,100,,28228,1619,,,1,100,,28229,1619,,,1,100,,28230,1619,,,1,100,,28231,1619,,,1,100,,28232,1619,,,1,120,,28233,1619,,,1,100,,28234,1619,,,1
2901,'SA',700,,28248,1619,,,1,100,,28249,1619,,,1,100,,28250,1619,,,1,100,,28251,1619,,,1,100,,28252,1619,,,1,100,,28253,1619,,,1,100,,28235,1619,,,1,100,,28236,1619,,,1,59,,28237,1619,,,1,99,,28238,1619,,,1,99,,28239,1619,,,1,148,,28240,1619,,,1,99,,28241,1619,,,1,97,,28242,1619,,,1,99,,28243,1619,,,1,100,,28244,1619,,,1,100,,28245,1619,,,1,120,,28246,1619,,,1,100,,28247,1619,,,1
2901,'SE',630,,46151,1619,,,1,26,,46152,1619,,,1,72,,46147,1619,,,1,5,,46140,1619,,,1,67,,46155,1619,,,1,30,,46153,1619,,,1,70,,46143,1619,,,1,103,,46149,1619,,,1,100,,46148,1619,,,1,101,,46146,1619,,,1,100,,46139,1619,,,1,100,,46144,1619,,,1,99,,46156,1619,,,1,35,,46157,1619,,,1,66,,46165,1619,,,1,34,,46142,1619,,,1,20,,46161,1619,,,1,69,,46166,1619,,,1,14,,46141,1619,,,1,68,,46154,1619,,,1,28,,46150,1619,,,1,67,,46145,1619,,,1,99,,46162,1619,,,1,99,,46158,1619,,,1,99,,46159,1619,,,1,58,,46160,1619,,,1,161,,46163,1619,,,1,96,,46164,1619,,,1
