1000,'DI',642,,23472,6625,,,1,70,,23499,6625,,,1,30,,23497,6625,,,1,70,,23490,6625,,,1,38,,23473,6625,,,1,70,,23491,6625,,,1,30,,23474,6625,,,1,70,,23492,6625,,,1,30,,23475,6625,,,1,70,,23493,6625,,,1,30,,23476,6625,,,1,70,,23494,6625,,,1,30,,23477,6625,,,1,70,,23495,6625,,,1,30,,23478,6625,,,1,70,,23496,6625,,,1,30,,23479,6625,,,1,70,,23500,6625,,,1,30,,23480,6625,,,1,70,,23501,6625,,,1,30,,23481,6625,,,1,70,,23502,6625,,,1,30,,23482,6625,,,1,70,,23503,6625,,,1,81,,23483,6625,,,1,100,,23484,6625,,,1,100,,23485,6625,,,1,100,,23486,6625,,,1,100,,23487,6625,,,1,100,,23488,6625,,,1,100,,23489,6625,,,1
1000,'F8',612,,23581,6625,,,1,30,,23576,6625,,,1,70,,23570,6625,,,1,30,,23583,6625,,,1,70,,23582,6625,,,1,38,,23592,6625,,,1,70,,23591,6625,,,1,30,,23593,6625,,,1,70,,23599,6625,,,1,30,,23594,6625,,,1,70,,23600,6625,,,1,30,,23584,6625,,,1,71,,23601,6625,,,1,30,,23585,6625,,,1,70,,23602,6625,,,1,30,,23586,6625,,,1,70,,23571,6625,,,1,30,,23587,6625,,,1,70,,23572,6625,,,1,30,,23588,6625,,,1,70,,23573,6625,,,1,29,,23589,6625,,,1,71,,23574,6625,,,1,30,,23590,6625,,,1,70,,23575,6625,,,1,81,,23595,6625,,,1,100,,23596,6625,,,1,100,,23597,6625,,,1,100,,23598,6625,,,1,100,,23577,6625,,,1,100,,23578,6625,,,1,100,,23579,6625,,,1
1000,'F9',642,,23603,6625,,,1,70,,23630,6625,,,1,30,,23628,6625,,,1,70,,23621,6625,,,1,38,,23604,6625,,,1,70,,23622,6625,,,1,30,,23605,6625,,,1,70,,23623,6625,,,1,30,,23606,6625,,,1,70,,23624,6625,,,1,30,,23607,6625,,,1,70,,23625,6625,,,1,30,,23608,6625,,,1,70,,23626,6625,,,1,30,,23609,6625,,,1,70,,23627,6625,,,1,30,,23610,6625,,,1,70,,23631,6625,,,1,30,,23611,6625,,,1,70,,23632,6625,,,1,30,,23612,6625,,,1,70,,23633,6625,,,1,30,,23613,6625,,,1,70,,23634,6625,,,1,81,,23614,6625,,,1,100,,23615,6625,,,1,100,,23616,6625,,,1,100,,23617,6625,,,1,100,,23618,6625,,,1,100,,23619,6625,,,1,100,,23620,6625,,,1
1000,'SA',612,,23646,6625,,,1,30,,23641,6625,,,1,70,,23635,6625,,,1,30,,23648,6625,,,1,70,,23647,6625,,,1,38,,23657,6625,,,1,70,,23656,6625,,,1,30,,23658,6625,,,1,70,,23664,6625,,,1,30,,23659,6625,,,1,70,,23665,6625,,,1,30,,23649,6625,,,1,71,,23666,6625,,,1,30,,23650,6625,,,1,70,,23667,6625,,,1,30,,23651,6625,,,1,70,,23636,6625,,,1,30,,23652,6625,,,1,70,,23637,6625,,,1,30,,23653,6625,,,1,70,,23638,6625,,,1,29,,23654,6625,,,1,71,,23639,6625,,,1,30,,23655,6625,,,1,70,,23640,6625,,,1,81,,23660,6625,,,1,100,,23661,6625,,,1,100,,23662,6625,,,1,100,,23663,6625,,,1,100,,23642,6625,,,1,100,,23643,6625,,,1,100,,23644,6625,,,1
1700,'DI',634,,25381,6514,,,1,100,,25366,6514,,,1,70,,25372,6514,,,1,30,,25379,6514,,,1,70,,25392,6514,,,1,30,,25382,6514,,,1,70,,25387,6514,,,1,30,,25367,6514,,,1,70,,25389,6514,,,1,30,,25377,6514,,,1,70,,25385,6514,,,1,30,,25393,6514,,,1,70,,25373,6514,,,1,30,,25388,6514,,,1,70,,25378,6514,,,1,30,,25376,6514,,,1,70,,25391,6514,,,1,29,,25383,6514,,,1,70,,25368,6514,,,1,31,,25375,6514,,,1,70,,25369,6514,,,1,30,,25364,6514,,,1,71,,25370,6514,,,1,30,,25363,6514,,,1,99,,25390,6514,,,1,100,,25384,6514,,,1,100,,25371,6514,,,1,100,,25386,6514,,,1,100,,25374,6514,,,1,100,,25365,6514,,,1,100,,25380,6514,,,1
1700,'F8',634,,25476,6514,,,1,100,,25485,6514,,,1,70,,25459,6514,,,1,30,,25471,6514,,,1,70,,25482,6514,,,1,30,,25469,6514,,,1,70,,25458,6514,,,1,30,,25477,6514,,,1,70,,25460,6514,,,1,30,,25464,6514,,,1,70,,25456,6514,,,1,30,,25466,6514,,,1,70,,25472,6514,,,1,30,,25478,6514,,,1,70,,25483,6514,,,1,30,,25465,6514,,,1,70,,25484,6514,,,1,30,,25473,6514,,,1,70,,25480,6514,,,1,29,,25479,6514,,,1,70,,25461,6514,,,1,31,,25463,6514,,,1,70,,25462,6514,,,1,31,,25467,6514,,,1,99,,25481,6514,,,1,100,,25474,6514,,,1,100,,25470,6514,,,1,100,,25468,6514,,,1,100,,25457,6514,,,1,100,,25486,6514,,,1,100,,25475,6514,,,1
1700,'F9',634,,25505,6514,,,1,100,,25490,6514,,,1,70,,25496,6514,,,1,30,,25503,6514,,,1,70,,25516,6514,,,1,30,,25506,6514,,,1,70,,25511,6514,,,1,30,,25491,6514,,,1,70,,25513,6514,,,1,30,,25501,6514,,,1,70,,25509,6514,,,1,30,,25517,6514,,,1,70,,25497,6514,,,1,30,,25512,6514,,,1,70,,25502,6514,,,1,30,,25500,6514,,,1,70,,25515,6514,,,1,29,,25507,6514,,,1,70,,25492,6514,,,1,31,,25499,6514,,,1,70,,25493,6514,,,1,30,,25488,6514,,,1,71,,25494,6514,,,1,30,,25487,6514,,,1,99,,25514,6514,,,1,100,,25508,6514,,,1,100,,25495,6514,,,1,100,,25510,6514,,,1,100,,25498,6514,,,1,100,,25489,6514,,,1,100,,25504,6514,,,1
1700,'SA',634,,25536,6514,,,1,100,,25545,6514,,,1,70,,25521,6514,,,1,30,,4923,6514,,,1,70,,25542,6514,,,1,30,,25531,6514,,,1,70,,25520,6514,,,1,30,,25537,6514,,,1,70,,25522,6514,,,1,30,,25526,6514,,,1,70,,25518,6514,,,1,30,,25528,6514,,,1,70,,25533,6514,,,1,30,,25538,6514,,,1,70,,25543,6514,,,1,30,,25527,6514,,,1,70,,25544,6514,,,1,30,,25534,6514,,,1,70,,25540,6514,,,1,29,,25539,6514,,,1,70,,25523,6514,,,1,31,,25525,6514,,,1,70,,25524,6514,,,1,31,,25529,6514,,,1,99,,25541,6514,,,1,100,,4934,6514,,,1,100,,25532,6514,,,1,100,,25530,6514,,,1,100,,25519,6514,,,1,100,,25546,6514,,,1,100,,25535,6514,,,1
7600,'SE',612,,34878,6980,,,1,21,,34874,6980,,,1,20,,34906,6980,,,1,64,,34875,6980,,,1,17,,34907,6980,,,1,21,,34892,6980,,,1,63,,34872,6980,,,1,27,,34908,6980,,,1,70,,34868,6980,,,1,30,,34879,6980,,,1,70,,34871,6980,,,1,30,,34912,6980,,,1,70,,34869,6980,,,1,30,,34873,6980,,,1,70,,34886,6980,,,1,30,,34888,6980,,,1,70,,34876,6980,,,1,30,,34897,6980,,,1,71,,34913,6980,,,1,34,,34898,6980,,,1,66,,34887,6980,,,1,32,,34883,6980,,,1,71,,34899,6980,,,1,24,,34877,6980,,,1,58,,34885,6980,,,1,20,,34915,6980,,,1,21,,34914,6980,,,1,58,,34890,6980,,,1,20,,34909,6980,,,1,27,,34905,6980,,,1,70,,34889,6980,,,1,30,,34881,6980,,,1,70,,34893,6980,,,1,30,,34900,6980,,,1,70,,34894,6980,,,1,30,,34901,6980,,,1,69,,34895,6980,,,1,30,,34902,6980,,,1,70,,34870,6980,,,1,30,,34903,6980,,,1,70,,34910,6980,,,1,30,,34904,6980,,,1,70,,34911,6980,,,1
16100,'DI',608,,38650,6625,,,2,30,,38638,6625,0,35 36,2,70,,38648,6625,0,35 36,2,30,,38641,6625,0,35 36,2,70,,38642,6625,0,35 36,2,30,,38644,6625,0,35 36,2,702,,38639,6625,0,35 36,2,68,,38643,6625,0,35 36,2,32,,38640,6625,0,35 36,2,70,,38646,6625,0,35 36,2,30,,38649,6625,,,2,72,,38645,6625,0,35 36,2,30,,38647,6625,0,35 36,2
16100,'F8',608,,38707,6625,,,2,30,,38700,6625,0,35 36,2,70,,38701,6625,0,35 36,2,30,,38698,6625,0,35 36,2,70,,38704,6625,0,35 36,2,30,,38702,6625,0,35 36,2,700,,38699,6625,0,35 36,2,71,,38696,6625,0,35 36,2,31,,38705,6625,0,35 36,2,70,,38708,6625,,,2,31,,38697,6625,0,35 36,2,71,,38706,6625,0,35 36,2,29,,38703,6625,0,35 36,2
16100,'F9',608,,38721,6625,,,2,30,,38709,6625,0,35 36,2,70,,38719,6625,0,35 36,2,30,,38712,6625,0,35 36,2,70,,38713,6625,0,35 36,2,30,,38715,6625,0,35 36,2,702,,38710,6625,0,35 36,2,68,,38714,6625,0,35 36,2,32,,38711,6625,0,35 36,2,70,,38717,6625,0,35 36,2,30,,38720,6625,,,2,72,,38716,6625,0,35 36,2,30,,38718,6625,0,35 36,2
16100,'SA',608,,38733,6625,,,2,30,,38726,6625,0,35 36,2,70,,38727,6625,0,35 36,2,30,,38724,6625,0,35 36,2,70,,38730,6625,0,35 36,2,30,,38728,6625,0,35 36,2,700,,38725,6625,0,35 36,2,71,,38722,6625,0,35 36,2,31,,38731,6625,0,35 36,2,70,,38734,6625,,,2,31,,38723,6625,0,35 36,2,71,,38732,6625,0,35 36,2,29,,38729,6625,0,35 36,2
16100,'SE',647,,38748,6514,,,2,64,,38749,6514,,,2,25,,38747,6514,,,2,20,,38736,6514,0,35 36,2,61,,38737,6514,0,35 36,2,18,,38735,6514,0,35 36,2,323,,38751,6625,,,2,297,,38740,6625,0,35 36,2,70,,38745,6625,0,35 36,2,21,,38753,6625,,,2,60,,38742,6625,0,35 36,2,20,,38754,6625,,,2,20,,38738,6625,0,35 36,2,60,,38750,6625,,,2,20,,38743,6625,0,35 36,2,20,,38741,6625,0,35 36,2,60,,38752,6625,,,2,20,,38746,6625,0,35 36,2,20,,38744,6625,0,35 36,2,60,,38739,6625,0,35 36,2
41000,'SE',554,,39197,6514,,,2,60,,39208,6514,,,2,23,,39201,6514,,,2,12,,39200,6514,,,2,66,,39209,6514,,,2,18,,39195,6514,,,2,13,,39214,6514,,,2,12,,39196,6514,,,2,54,,39216,6514,,,2,17,,39204,6514,,,2,18,,39210,6514,,,2,70,,39205,6514,,,2,29,,39225,6625,,,2,70,,39238,6625,,,2,30,,39219,6625,,,2,70,,39239,6625,,,2,30,,39226,6625,,,2,70,,39240,6625,,,2,30,,39220,6625,,,2,70,,39230,6625,,,2,30,,39227,6625,,,2,71,,39233,6625,,,2,35,,39221,6625,,,2,4,,39224,6625,,,2,1,,39243,6625,,,2,1,,39236,6625,,,2,42,,39247,6625,,,2,19,,39232,6625,,,2,29,,39222,6625,,,2,55,,39244,6625,,,2,15,,39253,6625,,,2,15,,39234,6625,,,2,12,,39251,6625,,,2,10,,39228,6625,,,2,49,,39245,6625,,,2,10,,39248,6625,,,2,10,,39254,6625,,,2,15,,39235,6625,,,2,14,,39252,6625,,,2,57,,39246,6625,,,2,20,,39255,6625,,,2,19,,39237,6625,,,2,70,,39249,6625,,,2,29,,39217,6625,,,2,70,,39223,6625,,,2,30,,39218,6625,,,2,70,,39250,6625,,,2,30,,39231,6625,,,2,70,,39241,6625,,,2,30,,39229,6625,,,2,70,,39242,6625,,,2,100,,39256,6625,,,2,100,,39257,6625,,,2
41700,'SE',606,,39442,6514,,,2,18,,39443,6514,,,2,27,,39449,6514,,,2,56,,39450,6514,,,2,6,,39454,6514,,,2,4,,39448,6514,,,2,6,,39444,6514,,,2,8,,39455,6514,,,2,10,,39451,6514,,,2,15,,39446,6514,,,2,52,,39452,6514,,,2,16,,39453,6514,,,2,16,,39445,6514,,,2,64,,39447,6514,,,2,28,,39474,6625,,,2,70,,39457,6625,,,2,30,,39475,6625,,,2,70,,39458,6625,,,2,30,,39476,6625,,,2,70,,39480,6625,,,2,30,,39477,6625,,,2,70,,39481,6625,,,2,30,,39478,6625,,,2,70,,39482,6625,,,2,30,,39479,6625,,,2,26,,39465,6625,,,2,1,,39459,6625,,,2,42,,39485,6625,,,2,1,,39466,6625,,,2,4,,39483,6625,,,2,29,,39460,6625,,,2,22,,39467,6625,,,2,54,,39491,6625,,,2,15,,39461,6625,,,2,12,,39468,6625,,,2,11,,39464,6625,,,2,10,,39489,6625,,,2,50,,39493,6625,,,2,10,,39498,6625,,,2,12,,39462,6625,,,2,14,,39486,6625,,,2,55,,39490,6625,,,2,20,,39484,6625,,,2,20,,39487,6625,,,2,65,,39456,6625,,,2,29,,39488,6625,,,2,70,,39469,6625,,,2,30,,39494,6625,,,2,70,,39492,6625,,,2,30,,39495,6625,,,2,70,,39471,6625,,,2,30,,39496,6625,,,2,70,,39472,6625,,,2,30,,39497,6625,,,2,69,,39473,6625,,,2,30,,39499,6625,,,2,70,,39470,6625,,,2,32,,39463,6625,,,2
