800,'DI',556,,22786,4512,,,1,72,,22781,4512,,,1,30,,2441,4512,,,1,70,,2447,4512,,,1,30,,22787,4512,,,1,70,,22782,4512,,,1,72,,2442,4512,,,1,30,,2448,4512,,,1,70,,22788,4512,,,1,30,,22783,4512,,,1,70,,2443,4512,,,1,30,,2449,4512,,,1,71,,22789,4512,,,1,30,,2436,4512,,,1,70,,2444,4512,,,1,30,,2450,4512,,,1,70,,22790,4512,,,1,30,,22784,4512,,,1,70,,2445,4512,,,1,30,,22793,4512,,,1,70,,22791,4512,,,1,30,,22785,4512,,,1,69,,2446,4512,,,1,30,,22794,4512,,,1,72,,22792,4512,,,1,43,,2437,4512,,,1,100,,22795,4512,,,1,100,,2438,4512,,,1,99,,22796,4512,,,1,100,,2439,4512,,,1,100,,22797,4512,,,1,100,,2440,4512,,,1,100,,22780,4512,,,1
800,'F8',556,,22955,4512,,,1,70,,22938,4512,,,1,32,,22951,4512,,,1,70,,22953,4512,,,1,31,,22956,4512,,,1,70,,22939,4512,,,1,30,,22952,4512,,,1,71,,22954,4512,,,1,70,,22957,4512,,,1,30,,22940,4512,,,1,70,,22946,4512,,,1,30,,22962,4512,,,1,28,,22958,4512,,,1,72,,22941,4512,,,1,70,,22947,4512,,,1,30,,22963,4512,,,1,70,,22959,4512,,,1,30,,22966,4512,,,1,70,,22948,4512,,,1,30,,22964,4512,,,1,70,,22960,4512,,,1,30,,22967,4512,,,1,70,,22949,4512,,,1,30,,22965,4512,,,1,72,,22961,4512,,,1,28,,22934,4512,,,1,70,,22950,4512,,,1,46,,22942,4512,,,1,98,,22935,4512,,,1,100,,22943,4512,,,1,100,,22936,4512,,,1,100,,22944,4512,,,1,100,,22937,4512,,,1,100,,22945,4512,,,1
800,'F9',556,,22989,4512,,,1,72,,22969,4512,,,1,30,,22977,4512,,,1,70,,22983,4512,,,1,30,,22990,4512,,,1,70,,22970,4512,,,1,72,,22978,4512,,,1,30,,22984,4512,,,1,70,,22991,4512,,,1,30,,22971,4512,,,1,70,,22979,4512,,,1,30,,22985,4512,,,1,71,,22992,4512,,,1,30,,22972,4512,,,1,70,,22980,4512,,,1,30,,22986,4512,,,1,70,,22993,4512,,,1,30,,22987,4512,,,1,70,,22981,4512,,,1,30,,22996,4512,,,1,70,,22994,4512,,,1,30,,22988,4512,,,1,69,,22982,4512,,,1,30,,22997,4512,,,1,72,,22995,4512,,,1,43,,22973,4512,,,1,100,,22998,4512,,,1,100,,22974,4512,,,1,99,,22999,4512,,,1,100,,22975,4512,,,1,100,,23000,4512,,,1,100,,22976,4512,,,1,100,,22968,4512,,,1
800,'SA',556,,23022,4512,,,1,70,,23005,4512,,,1,32,,23018,4512,,,1,70,,23020,4512,,,1,31,,23023,4512,,,1,70,,23006,4512,,,1,30,,23019,4512,,,1,71,,23021,4512,,,1,70,,23024,4512,,,1,30,,23007,4512,,,1,70,,23013,4512,,,1,30,,23029,4512,,,1,28,,23025,4512,,,1,72,,23008,4512,,,1,70,,23014,4512,,,1,30,,23030,4512,,,1,70,,23026,4512,,,1,30,,2660,4512,,,1,70,,23015,4512,,,1,30,,23031,4512,,,1,70,,23027,4512,,,1,30,,2661,4512,,,1,70,,23016,4512,,,1,30,,23032,4512,,,1,72,,23028,4512,,,1,28,,23001,4512,,,1,70,,23017,4512,,,1,46,,23009,4512,,,1,98,,23002,4512,,,1,100,,23010,4512,,,1,100,,23003,4512,,,1,100,,23011,4512,,,1,100,,23004,4512,,,1,100,,23012,4512,,,1
800,'SE',459,,23067,4512,,,1,68,,23069,4512,,,1,22,,23076,4512,,,1,81,,23033,4512,,,1,70,,23068,4512,,,1,21,,23070,4512,,,1,19,,23061,4512,,,1,13,,23036,4512,,,1,55,,23037,4512,,,1,15,,23040,4512,,,1,15,,23034,4512,,,1,17,,23050,4512,,,1,55,,23046,4512,,,1,15,,23071,4512,,,1,15,,23042,4512,,,1,15,,23095,4512,,,1,55,,23038,4512,,,1,15,,23041,4512,,,1,15,,23035,4512,,,1,15,,23047,4512,,,1,55,,23051,4512,,,1,16,,23079,4512,,,1,15,,23072,4512,,,1,15,,23080,4512,,,1,55,,23054,4512,,,1,15,,23098,4512,,,1,15,,23099,4512,,,1,15,,23096,4512,,,1,55,,23085,4512,,,1,15,,23083,4512,,,1,15,,23062,4512,,,1,15,,23043,4512,,,1,55,,23081,4512,,,1,16,,23039,4512,,,1,15,,23097,4512,,,1,14,,23084,4512,,,1,54,,23093,4512,,,1,4,,23055,4512,,,1,13,,23052,4512,,,1,15,,23088,4512,,,1,15,,23087,4512,,,1,55,,23073,4512,,,1,15,,23044,4512,,,1,12,,23082,4512,,,1,12,,23100,4512,,,1,53,,23086,4512,,,1,11,,23066,4512,,,1,12,,23065,4512,,,1,12,,23094,4512,,,1,11,,23053,4512,,,1,52,,23089,4512,,,1,12,,23059,4512,,,1,12,,23060,4512,,,1,10,,23077,4512,,,1,10,,23045,4512,,,1,60,,23063,4512,,,1,27,,23090,4512,,,1,69,,23074,4512,,,1,30,,23078,4512,,,1,68,,23064,4512,,,1,30,,23091,4512,,,1,70,,23075,4512,,,1,45,,23056,4512,,,1,100,,23092,4512,,,1,98,,23057,4512,,,1,100,,23058,4512,,,1
2800,'DI',852,,27669,4512,0,32 33,1,101,,27674,4512,0,32 33,1,100,,27672,4512,0,32 33,1,100,,27670,4512,0,32 33,1,100,,27671,4512,0,32 33,1,100,,27675,4512,0,32 33,1,100,,27678,4512,0,32 33,1,101,,27677,4512,0,32 33,1,99,,27676,4512,0,32 33,1,100,,27673,4512,0,32 33,1
2800,'F8',854,,27747,4512,0,32 33,1,99,,27742,4512,0,32 33,1,103,,27740,4512,0,32 33,1,97,,27744,4512,0,32 33,1,101,,27743,4512,0,32 33,1,100,,27745,4512,0,32 33,1,99,,27741,4512,0,32 33,1,103,,27749,4512,0,32 33,1,99,,27748,4512,0,32 33,1,98,,27746,4512,0,32 33,1
2800,'F9',852,,27750,4512,0,32 33,1,101,,27755,4512,0,32 33,1,100,,27753,4512,0,32 33,1,100,,27751,4512,0,32 33,1,100,,27752,4512,0,32 33,1,100,,27756,4512,0,32 33,1,100,,27759,4512,0,32 33,1,101,,27758,4512,0,32 33,1,99,,27757,4512,0,32 33,1,100,,27754,4512,0,32 33,1
2800,'SA',854,,27766,4512,0,32 33,1,99,,27762,4512,0,32 33,1,103,,27760,4512,0,32 33,1,97,,27763,4512,0,32 33,1,101,,6923,4512,0,32 33,1,100,,27764,4512,0,32 33,1,99,,27761,4512,0,32 33,1,103,,27768,4512,0,32 33,1,99,,27767,4512,0,32 33,1,98,,27765,4512,0,32 33,1
2800,'SE',618,,27804,4512,0,32 33,1,86,,27802,4512,0,32 33,1,22,,27805,4512,0,32 33,1,3,,27806,4512,0,32 33,1,16,,27770,4512,0,32 33,1,13,,27785,4512,0,32 33,1,55,,27803,4512,0,32 33,1,15,,27769,4512,0,32 33,1,14,,27775,4512,0,32 33,1,58,,27787,4512,0,32 33,1,30,,27771,4512,0,32 33,1,70,,27786,4512,0,32 33,1,30,,27788,4512,0,32 33,1,70,,27772,4512,0,32 33,1,31,,27793,4512,0,32 33,1,70,,27789,4512,0,32 33,1,30,,27773,4512,0,32 33,1,70,,27794,4512,0,32 33,1,30,,27790,4512,0,32 33,1,70,,27774,4512,0,32 33,1,30,,27795,4512,0,32 33,1,71,,27807,4512,0,32 33,1,16,,27799,4512,0,32 33,1,14,,27797,4512,0,32 33,1,15,,27781,4512,0,32 33,1,55,,27809,4512,0,32 33,1,15,,27776,4512,0,32 33,1,14,,27778,4512,0,32 33,1,12,,27808,4512,0,32 33,1,12,,27800,4512,0,32 33,1,52,,27798,4512,0,32 33,1,12,,27791,4512,0,32 33,1,12,,27782,4512,0,32 33,1,12,,27796,4512,0,32 33,1,11,,27777,4512,0,32 33,1,52,,27801,4512,0,32 33,1,12,,27780,4512,0,32 33,1,13,,27784,4512,0,32 33,1,95,,27779,4512,0,32 33,1,99,,27792,4512,0,32 33,1,98,,27783,4512,0,32 33,1
7700,'DI',702,,35010,1269,0,21 22 23,1,100,,35013,1269,0,21 22 23,1,100,,35011,1269,0,21 22 23,1,100,,35014,1269,0,21 22 23,1,100,,35012,1269,0,21 22 23,1,100,,35009,1269,0,21 22 23,1,100,,35015,1269,0,21 22 23,1,100,,35018,1269,0,21 22 23,1,100,,35008,1269,0,21 22 23,1,100,,35019,1269,0,21 22 23,1,100,,35020,1269,0,21 22 23,1,100,,35021,1269,0,21 22 23,1,100,,35016,1269,0,21 22 23,1,100,,35022,1269,0,21 22 23,1,100,,35017,1269,0,21 22 23,1
7700,'F8',702,,35108,1269,0,21 22 23,1,100,,35099,1269,0,21 22 23,1,100,,35095,1269,0,21 22 23,1,100,,35100,1269,0,21 22 23,1,100,,35096,1269,0,21 22 23,1,100,,35098,1269,0,21 22 23,1,100,,35101,1269,0,21 22 23,1,57,,35094,1269,0,21 22 23,1,143,,35102,1269,0,21 22 23,1,99,,35104,1269,0,21 22 23,1,101,,35103,1269,0,21 22 23,1,100,,35105,1269,0,21 22 23,1,100,,35106,1269,0,21 22 23,1,100,,35097,1269,0,21 22 23,1,100,,35107,1269,0,21 22 23,1
7700,'F9',702,,35111,1269,0,21 22 23,1,100,,35114,1269,0,21 22 23,1,100,,35112,1269,0,21 22 23,1,100,,35115,1269,0,21 22 23,1,100,,35113,1269,0,21 22 23,1,100,,35110,1269,0,21 22 23,1,100,,35116,1269,0,21 22 23,1,100,,35119,1269,0,21 22 23,1,100,,35109,1269,0,21 22 23,1,100,,35120,1269,0,21 22 23,1,100,,35121,1269,0,21 22 23,1,100,,35122,1269,0,21 22 23,1,100,,35117,1269,0,21 22 23,1,100,,35123,1269,0,21 22 23,1,100,,35118,1269,0,21 22 23,1
7700,'SA',702,,35137,1269,0,21 22 23,1,100,,35128,1269,0,21 22 23,1,100,,35125,1269,0,21 22 23,1,100,,35129,1269,0,21 22 23,1,100,,13602,1269,0,21 22 23,1,100,,35127,1269,0,21 22 23,1,100,,35130,1269,0,21 22 23,1,57,,35124,1269,0,21 22 23,1,143,,35131,1269,0,21 22 23,1,99,,35133,1269,0,21 22 23,1,101,,35132,1269,0,21 22 23,1,100,,35134,1269,0,21 22 23,1,100,,35135,1269,0,21 22 23,1,100,,35126,1269,0,21 22 23,1,100,,35136,1269,0,21 22 23,1
7700,'SE',553,,35141,1269,0,21 22 23,1,55,,35142,1269,0,21 22 23,1,20,,35147,1269,0,21 22 23,1,16,,35150,1269,0,21 22 23,1,67,,35153,1269,0,21 22 23,1,23,,35148,1269,0,21 22 23,1,22,,35152,1269,0,21 22 23,1,55,,35143,1269,0,21 22 23,1,32,,35151,1269,0,21 22 23,1,70,,35154,1269,0,21 22 23,1,30,,35149,1269,0,21 22 23,1,70,,35144,1269,0,21 22 23,1,30,,35156,1269,0,21 22 23,1,70,,35155,1269,0,21 22 23,1,30,,35158,1269,0,21 22 23,1,70,,35159,1269,0,21 22 23,1,33,,35157,1269,0,21 22 23,1,70,,35160,1269,0,21 22 23,1,30,,35164,1269,0,21 22 23,1,66,,35166,1269,0,21 22 23,1,20,,35169,1269,0,21 22 23,1,20,,35173,1269,0,21 22 23,1,60,,35161,1269,0,21 22 23,1,5,,35139,1269,0,21 22 23,1,15,,35165,1269,0,21 22 23,1,19,,35145,1269,0,21 22 23,1,58,,35167,1269,0,21 22 23,1,18,,35170,1269,0,21 22 23,1,18,,35174,1269,0,21 22 23,1,58,,13636,1269,0,21 22 23,1,20,,35162,1269,0,21 22 23,1,20,,35146,1269,0,21 22 23,1,58,,35168,1269,0,21 22 23,1,2,,35172,1269,0,21 22 23,1,19,,35171,1269,0,21 22 23,1,18,,35163,1269,0,21 22 23,1,70,,35175,1269,0,21 22 23,1,32,,35177,1269,0,21 22 23,1,71,,35140,1269,0,21 22 23,1,28,,35138,1269,0,21 22 23,1,70,,35176,1269,0,21 22 23,1
8800,'DI',713,,36639,4512,,,1,30,,36644,4512,,,1,70,,36650,4512,,,1,30,,36659,4512,,,1,70,,36640,4512,,,1,30,,36645,4512,,,1,72,,36651,4512,,,1,30,,36660,4512,,,1,70,,36641,4512,,,1,30,,36646,4512,,,1,70,,36652,4512,,,1,30,,36661,4512,,,1,70,,36642,4512,,,1,30,,36647,4512,,,1,70,,36653,4512,,,1,30,,15002,4512,,,1,70,,36654,4512,,,1,30,,36648,4512,,,1,70,,36662,4512,,,1,30,,15003,4512,,,1,70,,36655,4512,,,1,30,,36649,4512,,,1,70,,36663,4512,,,1,100,,36656,4512,,,1,100,,36664,4512,,,1,100,,36657,4512,,,1,100,,36665,4512,,,1,97,,36658,4512,,,1,100,,36638,4512,,,1,100,,36643,4512,,,1
8800,'F8',713,,36775,4512,,,1,30,,36800,4512,,,1,71,,36796,4512,,,1,30,,36787,4512,,,1,71,,36780,4512,,,1,30,,36801,4512,,,1,70,,36797,4512,,,1,30,,36788,4512,,,1,70,,36781,4512,,,1,30,,36792,4512,,,1,70,,36777,4512,,,1,30,,36789,4512,,,1,70,,36782,4512,,,1,30,,36793,4512,,,1,70,,36778,4512,,,1,30,,36772,4512,,,1,70,,36783,4512,,,1,30,,36794,4512,,,1,70,,36779,4512,,,1,30,,36773,4512,,,1,71,,36802,4512,,,1,29,,36795,4512,,,1,71,,36790,4512,,,1,29,,36774,4512,,,1,70,,36784,4512,,,1,100,,36791,4512,,,1,99,,36785,4512,,,1,99,,36799,4512,,,1,100,,36786,4512,,,1,100,,36798,4512,,,1,100,,36776,4512,,,1
8800,'F9',713,,36806,4512,,,1,30,,36811,4512,,,1,70,,36817,4512,,,1,30,,36826,4512,,,1,70,,36807,4512,,,1,30,,36812,4512,,,1,72,,36818,4512,,,1,30,,36827,4512,,,1,70,,36808,4512,,,1,30,,36813,4512,,,1,70,,36819,4512,,,1,30,,36828,4512,,,1,70,,36809,4512,,,1,30,,36814,4512,,,1,70,,36820,4512,,,1,30,,36803,4512,,,1,70,,36821,4512,,,1,30,,36815,4512,,,1,70,,36829,4512,,,1,30,,36804,4512,,,1,70,,36822,4512,,,1,30,,36816,4512,,,1,70,,36830,4512,,,1,100,,36823,4512,,,1,100,,36831,4512,,,1,100,,36824,4512,,,1,100,,36832,4512,,,1,97,,36825,4512,,,1,100,,36805,4512,,,1,100,,36810,4512,,,1
8800,'SA',713,,36836,4512,,,1,30,,36860,4512,,,1,71,,36857,4512,,,1,30,,36848,4512,,,1,71,,36841,4512,,,1,30,,36861,4512,,,1,70,,36858,4512,,,1,30,,36849,4512,,,1,70,,36842,4512,,,1,30,,36853,4512,,,1,70,,36838,4512,,,1,30,,36850,4512,,,1,70,,36843,4512,,,1,30,,36854,4512,,,1,70,,36839,4512,,,1,30,,36833,4512,,,1,70,,36844,4512,,,1,30,,36855,4512,,,1,70,,36840,4512,,,1,30,,36834,4512,,,1,71,,36862,4512,,,1,29,,36856,4512,,,1,71,,36851,4512,,,1,29,,36835,4512,,,1,70,,36845,4512,,,1,100,,36852,4512,,,1,99,,36846,4512,,,1,99,,15203,4512,,,1,100,,36847,4512,,,1,100,,36859,4512,,,1,100,,36837,4512,,,1
8800,'SE',713,,36873,4512,,,1,21,,36905,4512,,,1,15,,36906,4512,,,1,54,,15219,4512,,,1,15,,36907,4512,,,1,15,,36875,4512,,,1,15,,36876,4512,,,1,69,,36895,4512,,,1,30,,36874,4512,,,1,70,,36872,4512,,,1,30,,36893,4512,,,1,71,,36896,4512,,,1,30,,36865,4512,,,1,70,,36863,4512,,,1,30,,36897,4512,,,1,70,,36866,4512,,,1,30,,36894,4512,,,1,71,,36909,4512,,,1,30,,36898,4512,,,1,57,,36900,4512,,,1,16,,36902,4512,,,1,15,,36867,4512,,,1,15,,36878,4512,,,1,55,,36908,4512,,,1,15,,36883,4512,,,1,13,,36887,4512,,,1,12,,36864,4512,,,1,12,,36888,4512,,,1,52,,36880,4512,,,1,13,,36885,4512,,,1,11,,36871,4512,,,1,11,,36903,4512,,,1,12,,36868,4512,,,1,52,,36879,4512,,,1,12,,36901,4512,,,1,19,,36884,4512,,,1,15,,15235,4512,,,1,62,,36881,4512,,,1,29,,36904,4512,,,1,70,,36899,4512,,,1,28,,15236,4512,,,1,70,,36882,4512,,,1,30,,36870,4512,,,1,70,,36891,4512,,,1,100,,36889,4512,,,1,99,,36892,4512,,,1,99,,36890,4512,,,1
