8101,'DI',609,,35898,568,0,51,1,100,,35895,568,0,51,1,100,,35884,568,0,51,1,103,,35891,568,0,51,1,100,,35885,568,0,51,1,100,,35893,568,0,51,1,100,,35897,568,0,51,1,100,,35899,568,0,51,1,100,,35888,568,0,51,1,100,,35892,568,0,51,1,100,,35883,568,0,51,1,96,,35896,568,0,51,1,108,,35886,568,0,51,1,96,,35894,568,0,51,1,100,,35887,568,0,51,1,100,,35900,568,0,51,1,100,,35889,568,0,51,1,100,,35902,568,0,51,1,100,,35901,568,0,51,1,100,,35890,568,0,51,1
8101,'F1',609,,49216,568,0,51,1,100,,49213,568,0,51,1,100,,49202,568,0,51,1,103,,49209,568,0,51,1,100,,49203,568,0,51,1,100,,49211,568,0,51,1,100,,49215,568,0,51,1,100,,49217,568,0,51,1,100,,49206,568,0,51,1,100,,49210,568,0,51,1,100,,49201,568,0,51,1,96,,49214,568,0,51,1,108,,49204,568,0,51,1,96,,49212,568,0,51,1,100,,49205,568,0,51,1,100,,49218,568,0,51,1,100,,49207,568,0,51,1,100,,49220,568,0,51,1,100,,49219,568,0,51,1,100,,49208,568,0,51,1
8101,'F2',609,,49226,568,0,51,1,100,,49233,568,0,51,1,100,,49239,568,0,51,1,103,,49234,568,0,51,1,100,,49235,568,0,51,1,100,,49240,568,0,51,1,100,,49221,568,0,51,1,100,,49223,568,0,51,1,100,,49229,568,0,51,1,100,,49236,568,0,51,1,100,,49241,568,0,51,1,100,,49227,568,0,51,1,104,,49230,568,0,51,1,96,,49237,568,0,51,1,100,,49222,568,0,51,1,100,,49231,568,0,51,1,100,,49225,568,0,51,1,100,,49238,568,0,51,1,100,,49232,568,0,51,1,100,,49228,568,0,51,1,100,,49224,568,0,51,1
8101,'F8',609,,35979,568,0,51,1,100,,35986,568,0,51,1,100,,35992,568,0,51,1,103,,35987,568,0,51,1,100,,35988,568,0,51,1,100,,35993,568,0,51,1,100,,35974,568,0,51,1,100,,35976,568,0,51,1,100,,35982,568,0,51,1,100,,35989,568,0,51,1,100,,35994,568,0,51,1,100,,35980,568,0,51,1,104,,35983,568,0,51,1,96,,35990,568,0,51,1,100,,35975,568,0,51,1,100,,35984,568,0,51,1,100,,35978,568,0,51,1,100,,35991,568,0,51,1,100,,35985,568,0,51,1,100,,35981,568,0,51,1,100,,35977,568,0,51,1
8101,'F9',609,,36010,568,0,51,1,100,,36007,568,0,51,1,100,,35996,568,0,51,1,103,,36003,568,0,51,1,100,,35997,568,0,51,1,100,,36005,568,0,51,1,100,,36009,568,0,51,1,100,,36011,568,0,51,1,100,,36000,568,0,51,1,100,,36004,568,0,51,1,100,,35995,568,0,51,1,96,,36008,568,0,51,1,108,,35998,568,0,51,1,96,,36006,568,0,51,1,100,,35999,568,0,51,1,100,,36012,568,0,51,1,100,,36001,568,0,51,1,100,,36014,568,0,51,1,100,,36013,568,0,51,1,100,,36002,568,0,51,1
8101,'SA',609,,36020,568,0,51,1,100,,36027,568,0,51,1,100,,36033,568,0,51,1,103,,36028,568,0,51,1,100,,36029,568,0,51,1,100,,14421,568,0,51,1,100,,36015,568,0,51,1,100,,36017,568,0,51,1,100,,36023,568,0,51,1,100,,36030,568,0,51,1,100,,36034,568,0,51,1,100,,36021,568,0,51,1,104,,36024,568,0,51,1,96,,36031,568,0,51,1,100,,36016,568,0,51,1,100,,36025,568,0,51,1,100,,36019,568,0,51,1,100,,36032,568,0,51,1,100,,36026,568,0,51,1,100,,36022,568,0,51,1,100,,36018,568,0,51,1
8101,'SE',539,,49264,568,0,51,1,70,,49257,568,0,51,1,22,,49253,568,0,51,1,78,,49267,568,0,51,1,30,,49254,568,0,51,1,71,,49265,568,0,51,1,29,,49244,568,0,51,1,76,,49266,568,0,51,1,98,,49247,568,0,51,1,100,,49258,568,0,51,1,100,,49245,568,0,51,1,100,,49268,568,0,51,1,100,,49255,568,0,51,1,100,,49248,568,0,51,1,31,,49256,568,0,51,1,72,,49252,568,0,51,1,30,,49242,568,0,51,1,70,,49243,568,0,51,1,30,,49259,568,0,51,1,70,,49269,568,0,51,1,30,,49246,568,0,51,1,66,,49262,568,0,51,1,100,,49249,568,0,51,1,100,,49251,568,0,51,1,100,,49263,568,0,51,1,100,,49260,568,0,51,1,100,,49250,568,0,51,1,100,,49261,568,0,51,1,100,,49270,568,0,51,1
8301,'DI',712,,36304,568,0,50,1,100,,36305,568,0,50,1,108,,36306,568,0,50,1,100,,36307,568,0,50,1,100,,36308,568,0,50,1,100,,36309,568,0,50,1,100,,36310,568,0,50,1,100,,36311,568,0,50,1,100,,36312,568,0,50,1,100,,36313,568,0,50,1,100,,36314,568,0,50,1,100,,36315,568,0,50,1,100,,36316,568,0,50,1,100,,36317,568,0,50,1,100,,36318,568,0,50,1,100,,36319,568,0,50,1,100,,36320,568,0,50,1,100,,36321,568,0,50,1
8301,'F1',712,,49373,568,0,50,1,100,,49374,568,0,50,1,108,,49375,568,0,50,1,100,,49376,568,0,50,1,100,,49377,568,0,50,1,100,,49378,568,0,50,1,100,,49379,568,0,50,1,100,,49380,568,0,50,1,100,,49381,568,0,50,1,100,,49382,568,0,50,1,100,,49383,568,0,50,1,100,,49384,568,0,50,1,100,,49385,568,0,50,1,100,,49386,568,0,50,1,100,,49387,568,0,50,1,100,,49388,568,0,50,1,100,,49389,568,0,50,1,100,,49390,568,0,50,1
8301,'F2',612,,49407,568,0,50,1,100,,49408,568,0,50,1,100,,49409,568,0,50,1,108,,49410,568,0,50,1,100,,49391,568,0,50,1,100,,49392,568,0,50,1,100,,49393,568,0,50,1,100,,49394,568,0,50,1,100,,49395,568,0,50,1,100,,49396,568,0,50,1,100,,49397,568,0,50,1,100,,49398,568,0,50,1,100,,49399,568,0,50,1,100,,49400,568,0,50,1,100,,49401,568,0,50,1,100,,49402,568,0,50,1,100,,49403,568,0,50,1,100,,49404,568,0,50,1,100,,49405,568,0,50,1,100,,49406,568,0,50,1
8301,'F8',612,,36411,568,0,50,1,100,,36412,568,0,50,1,100,,36413,568,0,50,1,108,,36414,568,0,50,1,100,,36395,568,0,50,1,100,,36396,568,0,50,1,100,,36397,568,0,50,1,100,,36398,568,0,50,1,100,,36399,568,0,50,1,100,,36400,568,0,50,1,100,,36401,568,0,50,1,100,,36402,568,0,50,1,100,,36403,568,0,50,1,100,,36404,568,0,50,1,100,,36405,568,0,50,1,100,,36406,568,0,50,1,100,,36407,568,0,50,1,100,,36408,568,0,50,1,100,,36409,568,0,50,1,100,,36410,568,0,50,1
8301,'F9',712,,36415,568,0,50,1,100,,36416,568,0,50,1,108,,36417,568,0,50,1,100,,36418,568,0,50,1,100,,36419,568,0,50,1,100,,36420,568,0,50,1,100,,36421,568,0,50,1,100,,36422,568,0,50,1,100,,36423,568,0,50,1,100,,36424,568,0,50,1,100,,36425,568,0,50,1,100,,36426,568,0,50,1,100,,36427,568,0,50,1,100,,36428,568,0,50,1,100,,36429,568,0,50,1,100,,36430,568,0,50,1,100,,36431,568,0,50,1,100,,36432,568,0,50,1
8301,'SA',612,,36449,568,0,50,1,100,,36450,568,0,50,1,100,,36451,568,0,50,1,108,,36452,568,0,50,1,100,,36433,568,0,50,1,100,,36434,568,0,50,1,100,,36435,568,0,50,1,100,,36436,568,0,50,1,100,,36437,568,0,50,1,100,,36438,568,0,50,1,100,,36439,568,0,50,1,100,,36440,568,0,50,1,100,,36441,568,0,50,1,100,,36442,568,0,50,1,100,,36443,568,0,50,1,100,,36444,568,0,50,1,100,,36445,568,0,50,1,100,,36446,568,0,50,1,100,,36447,568,0,50,1,100,,36448,568,0,50,1
8301,'SE',535,,49427,568,0,50,1,70,,49418,568,0,50,1,19,,49445,568,0,50,1,16,,49428,568,0,50,1,65,,49426,568,0,50,1,20,,49433,568,0,50,1,22,,49429,568,0,50,1,58,,49414,568,0,50,1,20,,49419,568,0,50,1,23,,49425,568,0,50,1,71,,49412,568,0,50,1,20,,49420,568,0,50,1,80,,49430,568,0,50,1,100,,49415,568,0,50,1,100,,49424,568,0,50,1,100,,49421,568,0,50,1,100,,49416,568,0,50,1,101,,49417,568,0,50,1,15,,49434,568,0,50,1,65,,49431,568,0,50,1,20,,49423,568,0,50,1,22,,49443,568,0,50,1,60,,49444,568,0,50,1,18,,49422,568,0,50,1,20,,49413,568,0,50,1,60,,49432,568,0,50,1,20,,49435,568,0,50,1,20,,49411,568,0,50,1,80,,49436,568,0,50,1,100,,49437,568,0,50,1,100,,49438,568,0,50,1,100,,49439,568,0,50,1,100,,49440,568,0,50,1,100,,49441,568,0,50,1,100,,49442,568,0,50,1
8401,'SE',619,,49487,568,0,50,2,15,,49486,568,0,50,2,25,,49483,568,0,50,2,60,,49507,568,0,50,2,24,,49493,568,0,50,2,16,,49492,568,0,50,2,60,,49475,568,0,50,2,20,,49504,568,0,50,2,66,,49482,568,0,50,2,47,,49489,568,0,50,2,100,,49490,568,0,50,2,100,,49505,568,0,50,2,100,,49481,568,0,50,2,100,,49484,568,0,50,2,95,,49494,568,0,50,2,5,,49476,568,0,50,2,78,,49480,568,0,50,2,19,,49485,568,0,50,2,60,,49491,568,0,50,2,21,,49488,568,0,50,2,21,,49479,568,0,50,2,59,,49496,568,0,50,2,20,,49506,568,0,50,2,20,,49495,568,0,50,2,61,,49478,568,0,50,2,19,,49477,568,0,50,2,20,,49503,568,0,50,2,100,,49497,568,0,50,2,100,,49498,568,0,50,2,100,,49499,568,0,50,2,100,,49500,568,0,50,2,100,,49501,568,0,50,2,100,,49502,568,0,50,2
