1401,'SE',554,,54266,2568,,,1,71,,54252,2568,,,1,20,,54259,2568,,,1,60,,54263,2568,,,1,20,,54255,2568,,,1,20,,54254,2568,,,1,61,,54253,2568,,,1,20,,54256,2568,,,1,16,,54262,2568,,,1,64,,54261,2568,,,1,650,,54258,2568,,,1,71,,54265,2568,,,1,30,,54257,2568,,,1,70,,54264,2568,,,1,30,,54251,2568,,,1,70,,54260,2568,,,1
3301,'DI',640,,56888,4567,,,2,101,,56889,4567,,,2,100,,56890,4567,,,2,100,,56891,4567,,,2,100,,56892,4567,,,2,100,,56893,4567,,,2,100,,56894,4567,,,2,100,,56895,4567,,,2,100,,56896,4567,,,2,101,,56897,4567,,,2,100,,56898,4567,,,2,98,,56899,4567,,,2,100,,56900,4567,,,2,100,,56901,4567,,,2,100,,56902,4567,,,2,100,,56903,4567,,,2,100,,56904,4567,,,2,100,,56905,4567,,,2,100,,56906,4567,,,2
3301,'F1',640,,56907,4567,,,2,101,,56908,4567,,,2,100,,56909,4567,,,2,100,,56910,4567,,,2,100,,56911,4567,,,2,100,,56912,4567,,,2,100,,56913,4567,,,2,100,,56914,4567,,,2,100,,56915,4567,,,2,101,,56916,4567,,,2,100,,56917,4567,,,2,98,,56918,4567,,,2,100,,56919,4567,,,2,100,,56920,4567,,,2,100,,56921,4567,,,2,100,,56922,4567,,,2,100,,56923,4567,,,2,100,,56924,4567,,,2,100,,56925,4567,,,2
3301,'F2',640,,56926,4567,,,2,101,,56927,4567,,,2,100,,56928,4567,,,2,100,,56929,4567,,,2,100,,56930,4567,,,2,100,,56931,4567,,,2,100,,56932,4567,,,2,100,,56933,4567,,,2,100,,56934,4567,,,2,101,,56935,4567,,,2,100,,56936,4567,,,2,98,,56937,4567,,,2,100,,56938,4567,,,2,100,,56939,4567,,,2,100,,56940,4567,,,2,100,,56941,4567,,,2,100,,56942,4567,,,2,100,,56943,4567,,,2,100,,56944,4567,,,2
3301,'SA',640,,56945,4567,,,2,101,,56946,4567,,,2,100,,56947,4567,,,2,100,,56948,4567,,,2,100,,56949,4567,,,2,100,,56950,4567,,,2,100,,56951,4567,,,2,100,,56952,4567,,,2,100,,56953,4567,,,2,101,,56954,4567,,,2,100,,56955,4567,,,2,98,,56956,4567,,,2,100,,56957,4567,,,2,100,,56958,4567,,,2,100,,56959,4567,,,2,100,,56960,4567,,,2,100,,56961,4567,,,2,100,,56962,4567,,,2,100,,56963,4567,,,2
3301,'SE',540,,56967,4567,,,2,70,,56984,4567,,,2,30,,56964,4567,,,2,15,,57000,4567,,,2,55,,56968,4567,,,2,13,,56998,4567,,,2,19,,56973,4567,,,2,15,,57003,4567,,,2,54,,56969,4567,,,2,15,,56991,4567,,,2,15,,56974,4567,,,2,70,,56975,4567,,,2,30,,56970,4567,,,2,70,,57002,4567,,,2,30,,56971,4567,,,2,70,,56976,4567,,,2,30,,56972,4567,,,2,70,,56977,4567,,,2,30,,56986,4567,,,2,70,,56993,4567,,,2,30,,56992,4567,,,2,70,,57004,4567,,,2,30,,56999,4567,,,2,71,,56994,4567,,,2,30,,56965,4567,,,2,70,,56985,4567,,,2,30,,56966,4567,,,2,68,,56978,4567,,,2,30,,56979,4567,,,2,70,,57001,4567,,,2,30,,56990,4567,,,2,81,,56980,4567,,,2,30,,56996,4567,,,2,70,,56981,4567,,,2,27,,56997,4567,,,2,70,,56982,4567,,,2,30,,56995,4567,,,2,70,,56983,4567,,,2,100,,56987,4567,,,2,100,,56988,4567,,,2,100,,56989,4567,,,2
11400,'DI',607,,61476,2568,,,1,100,,61477,2568,,,1,100,,61478,2568,,,1,100,,61479,2568,,,1,100,,61474,2568,,,1,100,,61475,2568,,,1,100,,61472,2568,,,1,100,,61473,2568,,,1,100,,61488,2568,,,1,100,,61489,2568,,,1,100,,61490,2568,,,1,100,,61480,2568,,,1,100,,61481,2568,,,1,100,,61482,2568,,,1,101,,61483,2568,,,1,100,,61484,2568,,,1,100,,61485,2568,,,1,100,,61486,2568,,,1,100,,61487,2568,,,1
11400,'F1',607,,61495,2568,,,1,100,,61496,2568,,,1,100,,61497,2568,,,1,100,,61498,2568,,,1,100,,61493,2568,,,1,100,,61494,2568,,,1,100,,61491,2568,,,1,100,,61492,2568,,,1,100,,61507,2568,,,1,100,,61508,2568,,,1,100,,61509,2568,,,1,100,,61499,2568,,,1,100,,61500,2568,,,1,100,,61501,2568,,,1,101,,61502,2568,,,1,100,,61503,2568,,,1,100,,61504,2568,,,1,100,,61505,2568,,,1,100,,61506,2568,,,1
11400,'F2',607,,61513,2568,,,1,100,,61514,2568,,,1,100,,61515,2568,,,1,100,,61516,2568,,,1,100,,61517,2568,,,1,100,,61518,2568,,,1,100,,61524,2568,,,1,100,,61525,2568,,,1,100,,61526,2568,,,1,100,,61527,2568,,,1,100,,61528,2568,,,1,100,,61510,2568,,,1,100,,61511,2568,,,1,100,,61512,2568,,,1,101,,61519,2568,,,1,100,,61520,2568,,,1,100,,61521,2568,,,1,100,,61522,2568,,,1,100,,61523,2568,,,1
11400,'SA',607,,61532,2568,,,1,100,,61533,2568,,,1,100,,61534,2568,,,1,100,,61535,2568,,,1,100,,61536,2568,,,1,100,,61537,2568,,,1,100,,61543,2568,,,1,100,,61544,2568,,,1,100,,61545,2568,,,1,100,,61546,2568,,,1,100,,61547,2568,,,1,100,,61529,2568,,,1,100,,61530,2568,,,1,100,,61531,2568,,,1,101,,61538,2568,,,1,100,,61539,2568,,,1,100,,61540,2568,,,1,100,,61541,2568,,,1,100,,61542,2568,,,1
11400,'SE',548,,61554,2568,,,1,69,,61574,2568,,,1,20,,61550,2568,,,1,20,,61558,2568,,,1,59,,61575,2568,,,1,17,,61580,2568,,,1,20,,61555,2568,,,1,64,,61585,2568,,,1,20,,61581,2568,,,1,20,,61556,2568,,,1,60,,61586,2568,,,1,20,,61582,2568,,,1,63,,61557,2568,,,1,17,,61587,2568,,,1,20,,61583,2568,,,1,20,,61559,2568,,,1,60,,61588,2568,,,1,20,,61584,2568,,,1,20,,61560,2568,,,1,60,,61577,2568,,,1,20,,61562,2568,,,1,20,,61561,2568,,,1,60,,61578,2568,,,1,20,,61563,2568,,,1,20,,61566,2568,,,1,60,,61579,2568,,,1,20,,61564,2568,,,1,20,,61567,2568,,,1,59,,61551,2568,,,1,21,,61548,2568,,,1,20,,61568,2568,,,1,60,,61576,2568,,,1,20,,61549,2568,,,1,20,,61595,2568,,,1,60,,61565,2568,,,1,20,,61569,2568,,,1,17,,61573,2568,,,1,63,,61552,2568,,,1,20,,61553,2568,,,1,70,,61589,2568,,,1,30,,61592,2568,,,1,71,,61590,2568,,,1,30,,61593,2568,,,1,70,,61591,2568,,,1,30,,61594,2568,,,1,100,,61570,2568,,,1,100,,61571,2568,,,1,100,,61572,2568,,,1
53301,'SE',907,,63441,3087,,,2
53401,'SE',907,,63443,3870,,,2
55101,'SE',906,,63467,2803,,,2
69300,'SE',1617,,63579,2420,,,2,1,,63580,2420,,,2
69301,'SE',835,,63581,1546,,,2,1,,63582,1546,,,2
