2301,'F2',615,,45845,5484,,,1,103,,45846,5484,,,1,102,,45847,5484,,,1,100,,45838,5484,,,1,103,,45839,5484,,,1,99,,45841,5484,,,1,103,,45842,5484,,,1,97,,45848,5484,,,1,99,,45849,5484,,,1,100,,45844,5484,,,1,100,,45843,5484,,,1,100,,45840,5484,,,1
2301,'F8',615,,27519,5484,,,1,103,,27520,5484,,,1,102,,27521,5484,,,1,100,,27512,5484,,,1,103,,27513,5484,,,1,99,,27515,5484,,,1,103,,27516,5484,,,1,97,,27522,5484,,,1,99,,27523,5484,,,1,100,,27518,5484,,,1,100,,27517,5484,,,1,100,,27514,5484,,,1
2301,'SA',615,,27531,5484,,,1,103,,27532,5484,,,1,102,,27533,5484,,,1,100,,27524,5484,,,1,103,,27525,5484,,,1,99,,27527,5484,,,1,103,,27528,5484,,,1,97,,27534,5484,,,1,99,,27535,5484,,,1,100,,27530,5484,,,1,100,,27529,5484,,,1,100,,27526,5484,,,1
2301,'SE',1023,,45854,5484,,,1,101,,45850,5484,,,1,100,,45853,5484,,,1,101,,45851,5484,,,1,100,,45852,5484,,,1
12301,'DI',549,,37798,19780,,,1,100,,37808,19780,,,1,100,,37799,19780,,,1,100,,37809,19780,,,1,101,,37800,19780,,,1,100,,37810,19780,,,1,100,,37801,19780,,,1,100,,37811,19780,,,1,100,,37802,19780,,,1,100,,37812,19780,,,1,100,,37803,19780,,,1,100,,37813,19780,,,1,100,,37804,19780,,,1,100,,37814,19780,,,1,100,,37805,19780,,,1,99,,37815,19780,,,1,100,,37806,19780,,,1,100,,37816,19780,,,1,100,,37807,19780,,,1,100,,37817,19780,,,1
12301,'F1',549,,49985,19780,,,1,100,,49995,19780,,,1,100,,49986,19780,,,1,100,,49996,19780,,,1,101,,49987,19780,,,1,100,,49997,19780,,,1,100,,49988,19780,,,1,100,,49998,19780,,,1,100,,49989,19780,,,1,100,,49999,19780,,,1,100,,49990,19780,,,1,100,,50000,19780,,,1,100,,49991,19780,,,1,100,,50001,19780,,,1,100,,49992,19780,,,1,99,,50002,19780,,,1,100,,49993,19780,,,1,100,,50003,19780,,,1,100,,49994,19780,,,1,100,,50004,19780,,,1
12301,'F2',548,,50007,19780,,,1,100,,50005,19780,,,1,100,,50008,19780,,,1,100,,50006,19780,,,1,100,,50009,19780,,,1,100,,50017,19780,,,1,100,,50010,19780,,,1,100,,50018,19780,,,1,100,,50011,19780,,,1,100,,50019,19780,,,1,100,,50012,19780,,,1,100,,50020,19780,,,1,100,,50013,19780,,,1,100,,50021,19780,,,1,100,,50014,19780,,,1,100,,50022,19780,,,1,100,,50015,19780,,,1,100,,50023,19780,,,1,100,,50016,19780,,,1,100,,50024,19780,,,1
12301,'F8',548,,37897,19780,,,1,100,,37895,19780,,,1,100,,37898,19780,,,1,100,,37896,19780,,,1,100,,37899,19780,,,1,100,,37907,19780,,,1,100,,37900,19780,,,1,100,,37908,19780,,,1,100,,37901,19780,,,1,100,,37909,19780,,,1,100,,37902,19780,,,1,100,,37910,19780,,,1,100,,37903,19780,,,1,100,,37911,19780,,,1,100,,37904,19780,,,1,100,,37912,19780,,,1,100,,37905,19780,,,1,100,,37913,19780,,,1,100,,37906,19780,,,1,100,,37914,19780,,,1
12301,'F9',549,,37915,19780,,,1,100,,37925,19780,,,1,100,,37916,19780,,,1,100,,37926,19780,,,1,101,,37917,19780,,,1,100,,37927,19780,,,1,100,,37918,19780,,,1,100,,37928,19780,,,1,100,,37919,19780,,,1,100,,37929,19780,,,1,100,,37920,19780,,,1,100,,37930,19780,,,1,100,,37921,19780,,,1,100,,37931,19780,,,1,100,,37922,19780,,,1,99,,37932,19780,,,1,100,,37923,19780,,,1,100,,37933,19780,,,1,100,,37924,19780,,,1,100,,37934,19780,,,1
12301,'SA',548,,37937,19780,,,1,100,,37935,19780,,,1,100,,37938,19780,,,1,100,,37936,19780,,,1,100,,37939,19780,,,1,100,,37947,19780,,,1,100,,37940,19780,,,1,100,,37948,19780,,,1,100,,37941,19780,,,1,100,,37949,19780,,,1,100,,37942,19780,,,1,100,,37950,19780,,,1,100,,37943,19780,,,1,100,,37951,19780,,,1,100,,37944,19780,,,1,100,,37952,19780,,,1,100,,37945,19780,,,1,100,,37953,19780,,,1,100,,37946,19780,,,1,100,,37954,19780,,,1
12301,'SE',535,,50041,19780,,,1,70,,50044,19780,,,1,20,,50029,19780,,,1,25,,50028,19780,,,1,55,,50030,19780,,,1,27,,50031,19780,,,1,70,,50026,19780,,,1,28,,50027,19780,,,1,70,,50025,19780,,,1,28,,50048,19780,,,1,30,,50042,19780,,,1,96,,50034,19780,,,1,101,,50046,19780,,,1,100,,50036,19780,,,1,100,,50043,19780,,,1,100,,50061,19780,,,1,51,,50035,19780,,,1,27,,50049,19780,,,1,20,,50053,19780,,,1,55,,50045,19780,,,1,19,,50055,19780,,,1,6,,50037,19780,,,1,16,,50040,19780,,,1,10,,50059,19780,,,1,46,,50051,19780,,,1,24,,50060,19780,,,1,26,,50050,19780,,,1,67,,50033,19780,,,1,31,,50038,19780,,,1,66,,50052,19780,,,1,34,,50047,19780,,,1,68,,50039,19780,,,1,30,,50056,19780,,,1,98,,50032,19780,,,1,98,,50057,19780,,,1,100,,50054,19780,,,1,157,,50058,19780,,,1
17001,'SE',515,,50442,2480,0,48 49,2,30,,50443,2480,0,48 49,2,62,,50426,2480,0,48 49,2,30,,50430,2480,0,48 49,2,70,,50427,2480,0,48 49,2,31,,50431,2480,0,48 49,2,69,,50428,2480,0,48 49,2,35,,50432,2480,0,48 49,2,70,,50429,2480,0,48 49,2,616,,50438,2480,0,48 49,2,30,,50433,2480,0,48 49,2,70,,50439,2480,0,48 49,2,30,,50434,2480,0,48 49,2,70,,50440,2480,0,48 49,2,30,,50435,2480,0,48 49,2,70,,50441,2480,0,48 49,2,30,,50436,2480,0,48 49,2
