800,'DI',601,,22786,6783,,,1,33,,22781,6783,,,1,70,,2441,6783,,,1,30,,2447,6783,,,1,70,,22787,6783,,,1,30,,22782,6783,,,1,72,,2442,6783,,,1,30,,2448,6783,,,1,70,,22788,6783,,,1,30,,22783,6783,,,1,70,,2443,6783,,,1,30,,2449,6783,,,1,72,,22789,6783,,,1,30,,2436,6783,,,1,70,,2444,6783,,,1,30,,2450,6783,,,1,70,,22790,6783,,,1,30,,22784,6783,,,1,70,,2445,6783,,,1,29,,22793,6783,,,1,70,,22791,6783,,,1,30,,22785,6783,,,1,69,,2446,6783,,,1,30,,22794,6783,,,1,72,,22792,6783,,,1,43,,2437,6783,,,1,100,,22795,6783,,,1,100,,2438,6783,,,1,99,,22796,6783,,,1,100,,2439,6783,,,1,100,,22797,6783,,,1,100,,2440,6783,,,1,100,,22780,6783,,,1
800,'F8',602,,22955,6783,,,1,30,,22938,6783,,,1,72,,22951,6783,,,1,30,,22953,6783,,,1,71,,22956,6783,,,1,30,,22939,6783,,,1,70,,22952,6783,,,1,31,,22954,6783,,,1,70,,22957,6783,,,1,30,,22940,6783,,,1,70,,22946,6783,,,1,30,,22962,6783,,,1,68,,22958,6783,,,1,32,,22941,6783,,,1,70,,22947,6783,,,1,30,,22963,6783,,,1,70,,22959,6783,,,1,30,,22966,6783,,,1,70,,22948,6783,,,1,30,,22964,6783,,,1,70,,22960,6783,,,1,30,,22967,6783,,,1,70,,22949,6783,,,1,30,,22965,6783,,,1,72,,22961,6783,,,1,28,,22934,6783,,,1,70,,22950,6783,,,1,46,,22942,6783,,,1,98,,22935,6783,,,1,100,,22943,6783,,,1,100,,22936,6783,,,1,100,,22944,6783,,,1,100,,22937,6783,,,1,100,,22945,6783,,,1
800,'F9',601,,22989,6783,,,1,33,,22969,6783,,,1,70,,22977,6783,,,1,30,,22983,6783,,,1,70,,22990,6783,,,1,30,,22970,6783,,,1,72,,22978,6783,,,1,30,,22984,6783,,,1,70,,22991,6783,,,1,30,,22971,6783,,,1,70,,22979,6783,,,1,30,,22985,6783,,,1,72,,22992,6783,,,1,30,,22972,6783,,,1,70,,22980,6783,,,1,30,,22986,6783,,,1,70,,22993,6783,,,1,30,,22987,6783,,,1,70,,22981,6783,,,1,29,,22996,6783,,,1,70,,22994,6783,,,1,30,,22988,6783,,,1,69,,22982,6783,,,1,30,,22997,6783,,,1,72,,22995,6783,,,1,43,,22973,6783,,,1,100,,22998,6783,,,1,100,,22974,6783,,,1,99,,22999,6783,,,1,100,,22975,6783,,,1,100,,23000,6783,,,1,100,,22976,6783,,,1,100,,22968,6783,,,1
800,'SA',602,,23022,6783,,,1,30,,23005,6783,,,1,72,,23018,6783,,,1,30,,23020,6783,,,1,71,,23023,6783,,,1,30,,23006,6783,,,1,70,,23019,6783,,,1,31,,23021,6783,,,1,70,,23024,6783,,,1,30,,23007,6783,,,1,70,,23013,6783,,,1,30,,23029,6783,,,1,68,,23025,6783,,,1,32,,23008,6783,,,1,70,,23014,6783,,,1,30,,23030,6783,,,1,70,,23026,6783,,,1,30,,2660,6783,,,1,70,,23015,6783,,,1,30,,23031,6783,,,1,70,,23027,6783,,,1,30,,2661,6783,,,1,70,,23016,6783,,,1,30,,23032,6783,,,1,72,,23028,6783,,,1,28,,23001,6783,,,1,70,,23017,6783,,,1,46,,23009,6783,,,1,98,,23002,6783,,,1,100,,23010,6783,,,1,100,,23003,6783,,,1,100,,23011,6783,,,1,100,,23004,6783,,,1,100,,23012,6783,,,1
800,'SE',506,,23067,6783,,,1,28,,23069,6783,,,1,22,,23076,6783,,,1,81,,23033,6783,,,1,70,,23068,6783,,,1,21,,23070,6783,,,1,19,,23061,6783,,,1,53,,23036,6783,,,1,15,,23037,6783,,,1,15,,23040,6783,,,1,15,,23034,6783,,,1,57,,23050,6783,,,1,15,,23046,6783,,,1,15,,23071,6783,,,1,15,,23042,6783,,,1,55,,23095,6783,,,1,15,,23038,6783,,,1,15,,23041,6783,,,1,15,,23035,6783,,,1,55,,23047,6783,,,1,15,,23051,6783,,,1,17,,23079,6783,,,1,15,,23072,6783,,,1,55,,23080,6783,,,1,15,,23054,6783,,,1,15,,23098,6783,,,1,15,,23099,6783,,,1,55,,23096,6783,,,1,15,,23085,6783,,,1,15,,23083,6783,,,1,15,,23062,6783,,,1,55,,23043,6783,,,1,15,,23081,6783,,,1,17,,23039,6783,,,1,15,,23097,6783,,,1,54,,23084,6783,,,1,14,,23093,6783,,,1,4,,23055,6783,,,1,13,,23052,6783,,,1,15,,23088,6783,,,1,55,,23087,6783,,,1,15,,23073,6783,,,1,15,,23044,6783,,,1,12,,23082,6783,,,1,52,,23100,6783,,,1,13,,23086,6783,,,1,11,,23066,6783,,,1,12,,23065,6783,,,1,12,,23094,6783,,,1,11,,23053,6783,,,1,52,,23089,6783,,,1,12,,23059,6783,,,1,10,,23060,6783,,,1,10,,23077,6783,,,1,10,,23045,6783,,,1,60,,23063,6783,,,1,27,,23090,6783,,,1,68,,23074,6783,,,1,30,,23078,6783,,,1,68,,23064,6783,,,1,30,,23091,6783,,,1,70,,23075,6783,,,1,45,,23056,6783,,,1,100,,23092,6783,,,1,97,,23057,6783,,,1,100,,23058,6783,,,1
2800,'DI',858,,27669,6783,0,32 33,1,101,,27674,6783,0,32 33,1,100,,27672,6783,0,32 33,1,100,,27670,6783,0,32 33,1,100,,27671,6783,0,32 33,1,100,,27675,6783,0,32 33,1,100,,27678,6783,0,32 33,1,141,,27677,6783,0,32 33,1,59,,27676,6783,0,32 33,1,100,,27673,6783,0,32 33,1
2800,'F8',900,,27747,6783,0,32 33,1,59,,27742,6783,0,32 33,1,143,,27740,6783,0,32 33,1,57,,27744,6783,0,32 33,1,141,,27743,6783,0,32 33,1,100,,27745,6783,0,32 33,1,59,,27741,6783,0,32 33,1,143,,27749,6783,0,32 33,1,99,,27748,6783,0,32 33,1,58,,27746,6783,0,32 33,1
2800,'F9',858,,27750,6783,0,32 33,1,101,,27755,6783,0,32 33,1,100,,27753,6783,0,32 33,1,100,,27751,6783,0,32 33,1,100,,27752,6783,0,32 33,1,100,,27756,6783,0,32 33,1,100,,27759,6783,0,32 33,1,141,,27758,6783,0,32 33,1,59,,27757,6783,0,32 33,1,100,,27754,6783,0,32 33,1
2800,'SA',900,,27766,6783,0,32 33,1,59,,27762,6783,0,32 33,1,143,,27760,6783,0,32 33,1,57,,27763,6783,0,32 33,1,141,,6923,6783,0,32 33,1,100,,27764,6783,0,32 33,1,59,,27761,6783,0,32 33,1,143,,27768,6783,0,32 33,1,99,,27767,6783,0,32 33,1,58,,27765,6783,0,32 33,1
2800,'SE',625,,27804,6783,0,32 33,1,86,,27802,6783,0,32 33,1,22,,27805,6783,0,32 33,1,3,,27806,6783,0,32 33,1,16,,27770,6783,0,32 33,1,53,,27785,6783,0,32 33,1,15,,27803,6783,0,32 33,1,15,,27769,6783,0,32 33,1,14,,27775,6783,0,32 33,1,58,,27787,6783,0,32 33,1,30,,27771,6783,0,32 33,1,70,,27786,6783,0,32 33,1,30,,27788,6783,0,32 33,1,70,,27772,6783,0,32 33,1,32,,27793,6783,0,32 33,1,70,,27789,6783,0,32 33,1,30,,27773,6783,0,32 33,1,70,,27794,6783,0,32 33,1,30,,27790,6783,0,32 33,1,70,,27774,6783,0,32 33,1,31,,27795,6783,0,32 33,1,71,,27807,6783,0,32 33,1,16,,27799,6783,0,32 33,1,14,,27797,6783,0,32 33,1,15,,27781,6783,0,32 33,1,55,,27809,6783,0,32 33,1,15,,27776,6783,0,32 33,1,14,,27778,6783,0,32 33,1,12,,27808,6783,0,32 33,1,52,,27800,6783,0,32 33,1,12,,27798,6783,0,32 33,1,12,,27791,6783,0,32 33,1,12,,27782,6783,0,32 33,1,12,,27796,6783,0,32 33,1,51,,27777,6783,0,32 33,1,12,,27801,6783,0,32 33,1,11,,27780,6783,0,32 33,1,13,,27784,6783,0,32 33,1,95,,27779,6783,0,32 33,1,98,,27792,6783,0,32 33,1,98,,27783,6783,0,32 33,1
8800,'DI',719,,36639,6783,,,1,30,,36644,6783,,,1,70,,36650,6783,,,1,30,,36659,6783,,,1,70,,36640,6783,,,1,30,,36645,6783,,,1,72,,36651,6783,,,1,30,,36660,6783,,,1,70,,36641,6783,,,1,30,,36646,6783,,,1,70,,36652,6783,,,1,30,,36661,6783,,,1,70,,36642,6783,,,1,30,,36647,6783,,,1,70,,36653,6783,,,1,30,,15002,6783,,,1,70,,36654,6783,,,1,30,,36648,6783,,,1,70,,36662,6783,,,1,30,,15003,6783,,,1,70,,36655,6783,,,1,30,,36649,6783,,,1,70,,36663,6783,,,1,100,,36656,6783,,,1,100,,36664,6783,,,1,100,,36657,6783,,,1,100,,36665,6783,,,1,97,,36658,6783,,,1,100,,36638,6783,,,1,100,,36643,6783,,,1
8800,'F8',719,,36775,6783,,,1,30,,36800,6783,,,1,71,,36796,6783,,,1,30,,36787,6783,,,1,71,,36780,6783,,,1,30,,36801,6783,,,1,70,,36797,6783,,,1,30,,36788,6783,,,1,70,,36781,6783,,,1,30,,36792,6783,,,1,70,,36777,6783,,,1,30,,36789,6783,,,1,70,,36782,6783,,,1,30,,36793,6783,,,1,70,,36778,6783,,,1,30,,36772,6783,,,1,70,,36783,6783,,,1,30,,36794,6783,,,1,70,,36779,6783,,,1,30,,36773,6783,,,1,71,,36802,6783,,,1,29,,36795,6783,,,1,71,,36790,6783,,,1,29,,36774,6783,,,1,70,,36784,6783,,,1,100,,36791,6783,,,1,99,,36785,6783,,,1,99,,36799,6783,,,1,100,,36786,6783,,,1,100,,36798,6783,,,1,100,,36776,6783,,,1
8800,'F9',719,,36806,6783,,,1,30,,36811,6783,,,1,70,,36817,6783,,,1,30,,36826,6783,,,1,70,,36807,6783,,,1,30,,36812,6783,,,1,72,,36818,6783,,,1,30,,36827,6783,,,1,70,,36808,6783,,,1,30,,36813,6783,,,1,70,,36819,6783,,,1,30,,36828,6783,,,1,70,,36809,6783,,,1,30,,36814,6783,,,1,70,,36820,6783,,,1,30,,36803,6783,,,1,70,,36821,6783,,,1,30,,36815,6783,,,1,70,,36829,6783,,,1,30,,36804,6783,,,1,70,,36822,6783,,,1,30,,36816,6783,,,1,70,,36830,6783,,,1,100,,36823,6783,,,1,100,,36831,6783,,,1,100,,36824,6783,,,1,100,,36832,6783,,,1,97,,36825,6783,,,1,100,,36805,6783,,,1,100,,36810,6783,,,1
8800,'SA',719,,36836,6783,,,1,30,,36860,6783,,,1,71,,36857,6783,,,1,30,,36848,6783,,,1,71,,36841,6783,,,1,30,,36861,6783,,,1,70,,36858,6783,,,1,30,,36849,6783,,,1,70,,36842,6783,,,1,30,,36853,6783,,,1,70,,36838,6783,,,1,30,,36850,6783,,,1,70,,36843,6783,,,1,30,,36854,6783,,,1,70,,36839,6783,,,1,30,,36833,6783,,,1,70,,36844,6783,,,1,30,,36855,6783,,,1,70,,36840,6783,,,1,30,,36834,6783,,,1,71,,36862,6783,,,1,29,,36856,6783,,,1,71,,36851,6783,,,1,29,,36835,6783,,,1,70,,36845,6783,,,1,100,,36852,6783,,,1,99,,36846,6783,,,1,99,,15203,6783,,,1,100,,36847,6783,,,1,100,,36859,6783,,,1,100,,36837,6783,,,1
8800,'SE',720,,36873,6783,,,1,21,,36905,6783,,,1,15,,36906,6783,,,1,54,,15219,6783,,,1,15,,36907,6783,,,1,15,,36875,6783,,,1,15,,36876,6783,,,1,69,,36895,6783,,,1,30,,36874,6783,,,1,70,,36872,6783,,,1,30,,36893,6783,,,1,72,,36896,6783,,,1,30,,36865,6783,,,1,70,,36863,6783,,,1,30,,36897,6783,,,1,70,,36866,6783,,,1,30,,36894,6783,,,1,72,,36909,6783,,,1,30,,36898,6783,,,1,57,,36900,6783,,,1,16,,36902,6783,,,1,15,,36867,6783,,,1,55,,36878,6783,,,1,15,,36908,6783,,,1,15,,36883,6783,,,1,13,,36887,6783,,,1,12,,36864,6783,,,1,52,,36888,6783,,,1,12,,36880,6783,,,1,13,,36885,6783,,,1,11,,36871,6783,,,1,11,,36903,6783,,,1,52,,36868,6783,,,1,12,,36879,6783,,,1,10,,36901,6783,,,1,19,,36884,6783,,,1,55,,15235,6783,,,1,22,,36881,6783,,,1,28,,36904,6783,,,1,70,,36899,6783,,,1,28,,15236,6783,,,1,70,,36882,6783,,,1,30,,36870,6783,,,1,70,,36891,6783,,,1,100,,36889,6783,,,1,99,,36892,6783,,,1,98,,36890,6783,,,1
