1401,'SE',559,,44650,4198,,,1,70,,44645,4198,,,1,20,,44648,4198,,,1,55,,44651,4198,,,1,16,,44649,4198,,,1,12,,44642,4198,,,1,16,,44647,4198,,,1,54,,44646,4198,,,1,14,,44652,4198,,,1,16,,44644,4198,,,1,16,,44643,4198,,,1,61,,44653,4198,,,1,24,,44664,4198,,,1,100,,44658,4198,,,1,100,,44663,4198,,,1,100,,44662,4198,,,1,100,,44656,4198,,,1,100,,44655,4198,,,1,100,,44659,4198,,,1,85,,44661,4198,,,1,16,,44657,4198,,,1,19,,44665,4198,,,1,64,,44660,4198,,,1,19,,44669,4198,,,1,21,,44654,4198,,,1,60,,44668,4198,,,1,18,,44666,4198,,,1,69,,44667,4198,,,1
4301,'DI',808,,29856,4459,,,1,100,,29849,4459,,,1,100,,29850,4459,,,1,100,,29851,4459,,,1,101,,29852,4459,,,1,99,,29841,4459,,,1,100,,29842,4459,,,1,100,,29847,4459,,,1,101,,29848,4459,,,1,99,,29853,4459,,,1,100,,29843,4459,,,1,100,,29844,4459,,,1,100,,29845,4459,,,1,100,,29854,4459,,,1,100,,29846,4459,,,1,100,,29857,4459,,,1,99,,29855,4459,,,1,100,,29858,4459,,,1
4301,'F1',808,,46825,4459,,,1,100,,46818,4459,,,1,100,,46819,4459,,,1,100,,46820,4459,,,1,101,,46821,4459,,,1,99,,46810,4459,,,1,100,,46811,4459,,,1,100,,46816,4459,,,1,101,,46817,4459,,,1,99,,46822,4459,,,1,100,,46812,4459,,,1,100,,46813,4459,,,1,100,,46814,4459,,,1,100,,46823,4459,,,1,100,,46815,4459,,,1,100,,46826,4459,,,1,99,,46824,4459,,,1,100,,46827,4459,,,1
4301,'F2',708,,46836,4459,,,1,100,,46830,4459,,,1,100,,46845,4459,,,1,100,,46841,4459,,,1,100,,46846,4459,,,1,100,,46828,4459,,,1,100,,46835,4459,,,1,100,,46838,4459,,,1,100,,46844,4459,,,1,101,,46829,4459,,,1,99,,46837,4459,,,1,100,,46833,4459,,,1,100,,46839,4459,,,1,100,,46831,4459,,,1,100,,46842,4459,,,1,100,,46834,4459,,,1,100,,46832,4459,,,1,99,,46840,4459,,,1,100,,46843,4459,,,1
4301,'F8',708,,29931,4459,,,1,100,,29925,4459,,,1,100,,29940,4459,,,1,100,,29936,4459,,,1,100,,29941,4459,,,1,100,,29923,4459,,,1,100,,29930,4459,,,1,100,,29933,4459,,,1,100,,29939,4459,,,1,101,,29924,4459,,,1,99,,29932,4459,,,1,100,,29928,4459,,,1,100,,29934,4459,,,1,100,,29926,4459,,,1,100,,29937,4459,,,1,100,,29929,4459,,,1,100,,29927,4459,,,1,99,,29935,4459,,,1,100,,29938,4459,,,1
4301,'F9',808,,29957,4459,,,1,100,,29950,4459,,,1,100,,29951,4459,,,1,100,,29952,4459,,,1,101,,29953,4459,,,1,99,,29942,4459,,,1,100,,29943,4459,,,1,100,,29948,4459,,,1,101,,29949,4459,,,1,99,,29954,4459,,,1,100,,29944,4459,,,1,100,,29945,4459,,,1,100,,29946,4459,,,1,100,,29955,4459,,,1,100,,29947,4459,,,1,100,,29958,4459,,,1,99,,29956,4459,,,1,100,,29959,4459,,,1
4301,'SA',708,,29968,4459,,,1,100,,29962,4459,,,1,100,,29976,4459,,,1,100,,29973,4459,,,1,100,,29977,4459,,,1,100,,29960,4459,,,1,100,,29967,4459,,,1,100,,29970,4459,,,1,100,,8946,4459,,,1,101,,29961,4459,,,1,99,,29969,4459,,,1,100,,29965,4459,,,1,100,,29971,4459,,,1,100,,29963,4459,,,1,100,,29974,4459,,,1,100,,29966,4459,,,1,100,,29964,4459,,,1,99,,29972,4459,,,1,100,,29975,4459,,,1
4301,'SE',655,,46854,4459,,,1,73,,46869,4459,,,1,73,,46866,4459,,,1,22,,46858,4459,,,1,80,,46859,4459,,,1,25,,46849,4459,,,1,30,,46847,4459,,,1,100,,46855,4459,,,1,100,,46848,4459,,,1,100,,46856,4459,,,1,100,,46871,4459,,,1,96,,46867,4459,,,1,74,,46853,4459,,,1,27,,46860,4459,,,1,81,,46861,4459,,,1,66,,46868,4459,,,1,28,,46862,4459,,,1,71,,46851,4459,,,1,30,,46850,4459,,,1,70,,46865,4459,,,1,99,,46852,4459,,,1,100,,46857,4459,,,1,100,,46863,4459,,,1,59,,46870,4459,,,1,100,,46872,4459,,,1,100,,46864,4459,,,1
21400,'DI',912,,39011,4198,,,1,100,,39012,4198,,,1,100,,39013,4198,,,1,100,,39014,4198,,,1,100,,39015,4198,,,1,100,,39016,4198,,,1,100,,39017,4198,,,1,100,,39018,4198,,,1,100,,39019,4198,,,1,100,,39020,4198,,,1
21400,'F1',912,,50482,4198,,,1,100,,50483,4198,,,1,100,,50484,4198,,,1,100,,50485,4198,,,1,100,,50486,4198,,,1,100,,50487,4198,,,1,100,,50488,4198,,,1,100,,50489,4198,,,1,100,,50490,4198,,,1,100,,50491,4198,,,1
21400,'F2',912,,50492,4198,,,1,100,,50493,4198,,,1,100,,50494,4198,,,1,100,,50495,4198,,,1,100,,50496,4198,,,1,100,,50497,4198,,,1,100,,50498,4198,,,1,100,,50499,4198,,,1,100,,50500,4198,,,1,100,,50501,4198,,,1
21400,'F8',912,,39034,4198,,,1,100,,39035,4198,,,1,100,,39036,4198,,,1,100,,39037,4198,,,1,100,,39038,4198,,,1,100,,39039,4198,,,1,100,,39040,4198,,,1,100,,39041,4198,,,1,100,,39042,4198,,,1,100,,39043,4198,,,1
21400,'F9',912,,39044,4198,,,1,100,,39045,4198,,,1,100,,39046,4198,,,1,100,,39047,4198,,,1,100,,39048,4198,,,1,100,,39049,4198,,,1,100,,39050,4198,,,1,100,,39051,4198,,,1,100,,39052,4198,,,1,100,,39053,4198,,,1
21400,'SA',912,,39054,4198,,,1,100,,39055,4198,,,1,100,,39056,4198,,,1,100,,39057,4198,,,1,100,,39058,4198,,,1,100,,39059,4198,,,1,100,,39060,4198,,,1,100,,39061,4198,,,1,100,,39062,4198,,,1,100,,39063,4198,,,1
