100,'DI',651,,20128,1535,0,14,1,100,,20129,1535,0,14,1,100,,20130,1535,0,14,1,100,,20131,1535,0,14,1,100,,20132,1535,0,14,1,100,,20133,1535,0,14,1,100,,20134,1535,0,14,1,100,,20135,1535,0,14,1,100,,20136,1535,0,14,1,98,,20138,1535,0,14,1,100,,20139,1535,0,14,1,100,,20140,1535,0,14,1,100,,20141,1535,0,14,1,100,,20142,1535,0,14,1,100,,20143,1535,0,14,1,100,,20144,1535,0,14,1,100,,20145,1535,0,14,1,100,,20148,1535,0,14,1,100,,20146,1535,0,14,1,100,,20147,1535,0,14,1
100,'F1',651,,42996,1535,0,14,1,100,,42997,1535,0,14,1,100,,42998,1535,0,14,1,100,,42999,1535,0,14,1,100,,43000,1535,0,14,1,100,,43001,1535,0,14,1,100,,43002,1535,0,14,1,100,,43003,1535,0,14,1,100,,43004,1535,0,14,1,98,,43006,1535,0,14,1,100,,43007,1535,0,14,1,100,,43008,1535,0,14,1,100,,43009,1535,0,14,1,100,,43010,1535,0,14,1,100,,43011,1535,0,14,1,100,,43012,1535,0,14,1,100,,43013,1535,0,14,1,100,,43016,1535,0,14,1,100,,43014,1535,0,14,1,100,,43015,1535,0,14,1
100,'F2',621,,43039,1535,0,14,1,30,,43028,1535,0,14,1,70,,43040,1535,0,14,1,30,,43029,1535,0,14,1,70,,43041,1535,0,14,1,30,,43030,1535,0,14,1,70,,43043,1535,0,14,1,30,,43031,1535,0,14,1,70,,43044,1535,0,14,1,30,,43032,1535,0,14,1,70,,43045,1535,0,14,1,30,,43033,1535,0,14,1,70,,43046,1535,0,14,1,30,,43034,1535,0,14,1,70,,43050,1535,0,14,1,30,,43035,1535,0,14,1,70,,43051,1535,0,14,1,30,,43036,1535,0,14,1,68,,43047,1535,0,14,1,30,,43017,1535,0,14,1,70,,43048,1535,0,14,1,30,,43018,1535,0,14,1,70,,43049,1535,0,14,1,30,,43019,1535,0,14,1,70,,43038,1535,0,14,1,30,,43020,1535,0,14,1,100,,43021,1535,0,14,1,100,,43022,1535,0,14,1,100,,43023,1535,0,14,1,100,,43024,1535,0,14,1,100,,43025,1535,0,14,1,100,,43026,1535,0,14,1,100,,43027,1535,0,14,1
100,'F8',621,,20280,1535,0,14,1,30,,20269,1535,0,14,1,70,,20281,1535,0,14,1,30,,20270,1535,0,14,1,70,,20282,1535,0,14,1,30,,20271,1535,0,14,1,70,,20284,1535,0,14,1,30,,20272,1535,0,14,1,70,,20285,1535,0,14,1,30,,20273,1535,0,14,1,70,,20286,1535,0,14,1,30,,20274,1535,0,14,1,70,,20287,1535,0,14,1,30,,20275,1535,0,14,1,70,,20291,1535,0,14,1,30,,20276,1535,0,14,1,70,,20292,1535,0,14,1,30,,20277,1535,0,14,1,68,,20288,1535,0,14,1,30,,20258,1535,0,14,1,70,,20289,1535,0,14,1,30,,20259,1535,0,14,1,70,,20290,1535,0,14,1,30,,20260,1535,0,14,1,70,,20279,1535,0,14,1,30,,20261,1535,0,14,1,100,,20262,1535,0,14,1,100,,20263,1535,0,14,1,100,,20264,1535,0,14,1,100,,20265,1535,0,14,1,100,,20266,1535,0,14,1,100,,20267,1535,0,14,1,100,,20268,1535,0,14,1
100,'F9',651,,20293,1535,0,14,1,100,,20294,1535,0,14,1,100,,20295,1535,0,14,1,100,,20296,1535,0,14,1,100,,20297,1535,0,14,1,100,,20298,1535,0,14,1,100,,20299,1535,0,14,1,100,,20300,1535,0,14,1,100,,20301,1535,0,14,1,98,,20303,1535,0,14,1,100,,20304,1535,0,14,1,100,,20305,1535,0,14,1,100,,20306,1535,0,14,1,100,,20307,1535,0,14,1,100,,20308,1535,0,14,1,100,,20309,1535,0,14,1,100,,20310,1535,0,14,1,100,,20313,1535,0,14,1,100,,20311,1535,0,14,1,100,,20312,1535,0,14,1
100,'SA',621,,20325,1535,0,14,1,30,,20314,1535,0,14,1,70,,20326,1535,0,14,1,30,,20315,1535,0,14,1,70,,20327,1535,0,14,1,30,,20316,1535,0,14,1,70,,20329,1535,0,14,1,30,,20317,1535,0,14,1,70,,20330,1535,0,14,1,30,,20318,1535,0,14,1,70,,20331,1535,0,14,1,30,,20319,1535,0,14,1,70,,20332,1535,0,14,1,30,,20320,1535,0,14,1,70,,20336,1535,0,14,1,30,,20321,1535,0,14,1,70,,20337,1535,0,14,1,30,,20322,1535,0,14,1,68,,20333,1535,0,14,1,30,,164,1535,0,14,1,70,,20334,1535,0,14,1,30,,165,1535,0,14,1,70,,20335,1535,0,14,1,30,,166,1535,0,14,1,70,,20324,1535,0,14,1,30,,167,1535,0,14,1,100,,168,1535,0,14,1,100,,169,1535,0,14,1,100,,170,1535,0,14,1,100,,171,1535,0,14,1,100,,172,1535,0,14,1,100,,173,1535,0,14,1,100,,174,1535,0,14,1
100,'SE',544,,43086,1535,0,14,1,76,,43090,1535,0,14,1,29,,43087,1535,0,14,1,75,,43052,1535,0,14,1,26,,43072,1535,0,14,1,75,,43065,1535,0,14,1,80,,43064,1535,0,14,1,31,,43067,1535,0,14,1,70,,43082,1535,0,14,1,30,,43061,1535,0,14,1,70,,43095,1535,0,14,1,30,,43053,1535,0,14,1,70,,43080,1535,0,14,1,30,,43075,1535,0,14,1,70,,43074,1535,0,14,1,30,,43094,1535,0,14,1,70,,43054,1535,0,14,1,30,,43096,1535,0,14,1,70,,43076,1535,0,14,1,18,,43088,1535,0,14,1,21,,43083,1535,0,14,1,55,,43062,1535,0,14,1,19,,43069,1535,0,14,1,12,,43098,1535,0,14,1,20,,43084,1535,0,14,1,52,,20368,1535,0,14,1,13,,43063,1535,0,14,1,15,,43100,1535,0,14,1,14,,43070,1535,0,14,1,55,,43089,1535,0,14,1,15,,43066,1535,0,14,1,20,,43093,1535,0,14,1,70,,43097,1535,0,14,1,30,,43092,1535,0,14,1,70,,43091,1535,0,14,1,30,,43055,1535,0,14,1,70,,43079,1535,0,14,1,30,,43056,1535,0,14,1,100,,43057,1535,0,14,1,100,,43058,1535,0,14,1,100,,43059,1535,0,14,1,99,,43060,1535,0,14,1
5400,'DI',654,,31627,1807,,,1,100,,31620,1807,,,1,100,,31614,1807,,,1,100,,31621,1807,,,1,100,,31615,1807,,,1,100,,31602,1807,,,1,70,,31624,1807,,,1,30,,31625,1807,,,1,70,,31603,1807,,,1,30,,31616,1807,,,1,70,,31607,1807,,,1,30,,31626,1807,,,1,70,,31622,1807,,,1,30,,31613,1807,,,1,70,,31617,1807,,,1,30,,31618,1807,,,1,70,,31608,1807,,,1,33,,31623,1807,,,1,74,,31619,1807,,,1,25,,31604,1807,,,1,100,,31605,1807,,,1,100,,31606,1807,,,1,100,,31609,1807,,,1,100,,31610,1807,,,1,100,,31611,1807,,,1,100,,31612,1807,,,1
5400,'F1',654,,47522,1807,,,1,100,,47515,1807,,,1,100,,47509,1807,,,1,100,,47516,1807,,,1,100,,47510,1807,,,1,100,,47497,1807,,,1,70,,47519,1807,,,1,30,,47520,1807,,,1,70,,47498,1807,,,1,30,,47511,1807,,,1,70,,47502,1807,,,1,30,,47521,1807,,,1,70,,47517,1807,,,1,30,,47508,1807,,,1,70,,47512,1807,,,1,30,,47513,1807,,,1,70,,47503,1807,,,1,33,,47518,1807,,,1,74,,47514,1807,,,1,25,,47499,1807,,,1,100,,47500,1807,,,1,100,,47501,1807,,,1,100,,47504,1807,,,1,100,,47505,1807,,,1,100,,47506,1807,,,1,100,,47507,1807,,,1
5400,'F2',654,,47536,1807,,,1,70,,47544,1807,,,1,30,,47539,1807,,,1,70,,47538,1807,,,1,30,,47537,1807,,,1,72,,47528,1807,,,1,28,,47526,1807,,,1,70,,47545,1807,,,1,30,,47534,1807,,,1,70,,47527,1807,,,1,30,,47529,1807,,,1,70,,47535,1807,,,1,30,,47546,1807,,,1,70,,47530,1807,,,1,30,,47540,1807,,,1,70,,47547,1807,,,1,30,,47523,1807,,,1,70,,47541,1807,,,1,30,,47531,1807,,,1,70,,47524,1807,,,1,30,,47542,1807,,,1,70,,47532,1807,,,1,33,,47525,1807,,,1,70,,47543,1807,,,1,29,,47533,1807,,,1,100,,47548,1807,,,1,100,,47549,1807,,,1,100,,47550,1807,,,1,100,,47551,1807,,,1,100,,47552,1807,,,1,100,,47553,1807,,,1
5400,'F8',654,,31737,1807,,,1,70,,31745,1807,,,1,30,,31740,1807,,,1,70,,31739,1807,,,1,30,,31738,1807,,,1,72,,31729,1807,,,1,28,,31727,1807,,,1,70,,31746,1807,,,1,30,,31735,1807,,,1,70,,31728,1807,,,1,30,,31730,1807,,,1,70,,31736,1807,,,1,30,,31747,1807,,,1,70,,31731,1807,,,1,30,,31741,1807,,,1,70,,31748,1807,,,1,30,,31724,1807,,,1,70,,31742,1807,,,1,30,,31732,1807,,,1,70,,31725,1807,,,1,30,,31743,1807,,,1,70,,31733,1807,,,1,33,,31726,1807,,,1,70,,31744,1807,,,1,29,,31734,1807,,,1,100,,31749,1807,,,1,100,,31750,1807,,,1,100,,31751,1807,,,1,100,,31752,1807,,,1,100,,31753,1807,,,1,100,,31754,1807,,,1
5400,'F9',654,,31780,1807,,,1,100,,31773,1807,,,1,100,,31767,1807,,,1,100,,31774,1807,,,1,100,,31768,1807,,,1,100,,31755,1807,,,1,70,,31777,1807,,,1,30,,31778,1807,,,1,70,,31756,1807,,,1,30,,31769,1807,,,1,70,,31760,1807,,,1,30,,31779,1807,,,1,70,,31775,1807,,,1,30,,31766,1807,,,1,70,,31770,1807,,,1,30,,31771,1807,,,1,70,,31761,1807,,,1,33,,31776,1807,,,1,74,,31772,1807,,,1,25,,31757,1807,,,1,100,,31758,1807,,,1,100,,31759,1807,,,1,100,,31762,1807,,,1,100,,31763,1807,,,1,100,,31764,1807,,,1,100,,31765,1807,,,1
5400,'SA',654,,31794,1807,,,1,70,,31802,1807,,,1,30,,31797,1807,,,1,70,,31796,1807,,,1,30,,31795,1807,,,1,72,,31786,1807,,,1,28,,31784,1807,,,1,70,,10589,1807,,,1,30,,31792,1807,,,1,70,,31785,1807,,,1,30,,31787,1807,,,1,70,,31793,1807,,,1,30,,31803,1807,,,1,70,,31788,1807,,,1,30,,31798,1807,,,1,70,,10591,1807,,,1,30,,31781,1807,,,1,70,,31799,1807,,,1,30,,31789,1807,,,1,70,,31782,1807,,,1,30,,31800,1807,,,1,70,,31790,1807,,,1,33,,31783,1807,,,1,70,,31801,1807,,,1,29,,31791,1807,,,1,100,,31804,1807,,,1,100,,31805,1807,,,1,100,,31806,1807,,,1,100,,31807,1807,,,1,100,,31808,1807,,,1,100,,31809,1807,,,1
5400,'SE',647,,47583,1807,,,1,74,,47576,1807,,,1,29,,47566,1807,,,1,74,,47578,1807,,,1,32,,47579,1807,,,1,70,,47560,1807,,,1,30,,47585,1807,,,1,70,,47572,1807,,,1,30,,47565,1807,,,1,70,,47554,1807,,,1,29,,47562,1807,,,1,70,,47557,1807,,,1,31,,47577,1807,,,1,70,,47567,1807,,,1,30,,47561,1807,,,1,70,,47556,1807,,,1,26,,47584,1807,,,1,67,,47582,1807,,,1,30,,47570,1807,,,1,70,,47587,1807,,,1,34,,47564,1807,,,1,64,,47558,1807,,,1,35,,47571,1807,,,1,68,,47563,1807,,,1,35,,47581,1807,,,1,71,,47568,1807,,,1,30,,47580,1807,,,1,70,,47575,1807,,,1,30,,47573,1807,,,1,70,,47586,1807,,,1,28,,47555,1807,,,1,100,,47569,1807,,,1,100,,47559,1807,,,1,100,,47574,1807,,,1
44200,'SE',1609,,50896,1593,0,15,2,100,,50895,1593,0,15,2
