3200,'DI',614,,56554,7927,0,44,1,101,,56555,7927,0,44,1,99,,56556,7927,0,44,1,102,,56562,7927,0,44,1,100,,56561,7927,0,44,1,100,,56557,7927,0,44,1,101,,56558,7927,0,44,1,101,,56565,7927,0,44,1,98,,56563,7927,0,44,1,104,,56559,7927,0,44,1,96,,56566,7927,0,44,1,101,,56564,7927,0,44,1,100,,56567,7927,0,44,1,100,,56570,7927,0,44,1,100,,56568,7927,0,44,1,100,,56572,7927,0,44,1,100,,56571,7927,0,44,1,100,,56569,7927,0,44,1,100,,56573,7927,0,44,1,99,,56560,7927,0,44,1
3200,'F1',614,,56574,7927,0,44,1,101,,56575,7927,0,44,1,99,,56576,7927,0,44,1,102,,56582,7927,0,44,1,100,,56581,7927,0,44,1,100,,56577,7927,0,44,1,101,,56578,7927,0,44,1,101,,56585,7927,0,44,1,98,,56583,7927,0,44,1,104,,56579,7927,0,44,1,96,,56586,7927,0,44,1,101,,56584,7927,0,44,1,100,,56587,7927,0,44,1,100,,56590,7927,0,44,1,100,,56588,7927,0,44,1,100,,56592,7927,0,44,1,100,,56591,7927,0,44,1,100,,56589,7927,0,44,1,100,,56593,7927,0,44,1,99,,56580,7927,0,44,1
3200,'F2',614,,56595,7927,0,44,1,101,,56596,7927,0,44,1,96,,56601,7927,0,44,1,103,,56603,7927,0,44,1,101,,56594,7927,0,44,1,101,,56602,7927,0,44,1,99,,56604,7927,0,44,1,104,,56605,7927,0,44,1,102,,56607,7927,0,44,1,97,,56597,7927,0,44,1,98,,56606,7927,0,44,1,101,,56608,7927,0,44,1,100,,56598,7927,0,44,1,100,,56609,7927,0,44,1,100,,56613,7927,0,44,1,100,,56611,7927,0,44,1,100,,56610,7927,0,44,1,100,,56599,7927,0,44,1,100,,56612,7927,0,44,1,99,,56600,7927,0,44,1
3200,'SA',614,,56615,7927,0,44,1,101,,56616,7927,0,44,1,96,,56621,7927,0,44,1,103,,56623,7927,0,44,1,101,,56614,7927,0,44,1,101,,56622,7927,0,44,1,99,,56624,7927,0,44,1,104,,56625,7927,0,44,1,102,,56627,7927,0,44,1,97,,56617,7927,0,44,1,98,,56626,7927,0,44,1,101,,56628,7927,0,44,1,100,,56618,7927,0,44,1,100,,56629,7927,0,44,1,100,,56633,7927,0,44,1,100,,56631,7927,0,44,1,100,,56630,7927,0,44,1,100,,56619,7927,0,44,1,100,,56632,7927,0,44,1,99,,56620,7927,0,44,1
3200,'SE',627,,56649,7927,,,1,32,,56650,7927,,,1,63,,56655,7927,,,1,32,,56648,7927,,,1,76,,56658,7927,,,1,19,,56634,7927,0,44,1,96,,56641,7927,0,44,1,100,,56636,7927,0,44,1,100,,56647,7927,0,44,1,100,,56640,7927,0,44,1,100,,56642,7927,0,44,1,104,,56644,7927,0,44,1,107,,56656,7927,,,1,68,,56654,7927,,,1,30,,56652,7927,,,1,70,,56657,7927,,,1,25,,56651,7927,,,1,74,,56659,7927,,,1,25,,56653,7927,,,1,73,,56645,7927,0,44,1,30,,56639,7927,0,44,1,100,,56643,7927,0,44,1,99,,56646,7927,0,44,1,100,,56635,7927,0,44,1,98,,56637,7927,0,44,1,101,,56638,7927,0,44,1
13200,'DI',844,,61957,6604,0,21 45,1,100,,61955,6604,0,21 45,1,100,,61959,6604,0,21 45,1,100,,61958,6604,0,21 45,1,100,,61960,6604,0,21 45,1,100,,61956,6604,0,21 45,1,100,,61962,6604,0,21 45,1,105,,61961,6604,0,21 45,1,95,,61964,6604,0,21 45,1,100,,61963,6604,0,21 45,1,102,,61965,6604,0,21 45,1,98,,61970,6604,0,21 45,1,100,,61968,6604,0,21 45,1,100,,61966,6604,0,21 45,1,100,,61971,6604,0,21 45,1,100,,61969,6604,0,21 45,1,100,,61967,6604,0,21 45,1,100,,61972,6604,0,21 45,1
13200,'F1',844,,61975,6604,0,21 45,1,100,,61973,6604,0,21 45,1,100,,61977,6604,0,21 45,1,100,,61976,6604,0,21 45,1,100,,61978,6604,0,21 45,1,100,,61974,6604,0,21 45,1,100,,61980,6604,0,21 45,1,105,,61979,6604,0,21 45,1,95,,61982,6604,0,21 45,1,100,,61981,6604,0,21 45,1,102,,61983,6604,0,21 45,1,98,,61988,6604,0,21 45,1,100,,61986,6604,0,21 45,1,100,,61984,6604,0,21 45,1,100,,61989,6604,0,21 45,1,100,,61987,6604,0,21 45,1,100,,61985,6604,0,21 45,1,100,,61990,6604,0,21 45,1
13200,'F2',744,,61997,6604,0,21 45,1,100,,61992,6604,0,21 45,1,100,,61995,6604,0,21 45,1,103,,61998,6604,0,21 45,1,97,,61991,6604,0,21 45,1,104,,61996,6604,0,21 45,1,96,,61999,6604,0,21 45,1,104,,62000,6604,0,21 45,1,96,,62002,6604,0,21 45,1,100,,61993,6604,0,21 45,1,100,,62001,6604,0,21 45,1,102,,62003,6604,0,21 45,1,98,,62006,6604,0,21 45,1,100,,62004,6604,0,21 45,1,100,,62009,6604,0,21 45,1,100,,62007,6604,0,21 45,1,100,,62005,6604,0,21 45,1,100,,61994,6604,0,21 45,1,100,,62008,6604,0,21 45,1
13200,'SA',744,,62016,6604,0,21 45,1,100,,62011,6604,0,21 45,1,100,,62014,6604,0,21 45,1,103,,62017,6604,0,21 45,1,97,,62010,6604,0,21 45,1,104,,62015,6604,0,21 45,1,96,,62018,6604,0,21 45,1,104,,62019,6604,0,21 45,1,96,,62021,6604,0,21 45,1,100,,62012,6604,0,21 45,1,100,,62020,6604,0,21 45,1,102,,62022,6604,0,21 45,1,98,,62025,6604,0,21 45,1,100,,62023,6604,0,21 45,1,100,,62028,6604,0,21 45,1,100,,62026,6604,0,21 45,1,100,,62024,6604,0,21 45,1,100,,62013,6604,0,21 45,1,100,,62027,6604,0,21 45,1
13200,'SE',652,,62038,6604,0,21 45,1,61,,62041,6604,0,21 45,1,11,,62031,6604,0,21 45,1,9,,62040,6604,0,21 45,1,4,,62033,6604,0,21 45,1,22,,62036,6604,0,21 45,1,58,,62039,6604,0,21 45,1,20,,62042,6604,0,21 45,1,79,,62037,6604,0,21 45,1,97,,62043,6604,0,21 45,1,99,,62035,6604,0,21 45,1,96,,62046,6604,0,21 45,1,100,,62029,6604,0,21 45,1,108,,62052,6604,0,21 45,1,95,,62047,6604,0,21 45,1,24,,62053,6604,0,21 45,1,20,,62049,6604,0,21 45,1,60,,62032,6604,0,21 45,1,22,,62048,6604,0,21 45,1,20,,62051,6604,0,21 45,1,60,,62044,6604,0,21 45,1,20,,62030,6604,0,21 45,1,21,,62034,6604,0,21 45,1,59,,62054,6604,0,21 45,1,19,,62045,6604,0,21 45,1,19,,62050,6604,0,21 45,1
54001,'SE',908,,63453,2081,,,2
