300,'DI',657,,20635,3080,,,1,100,,488,3080,,,1,100,,20636,3080,,,1,100,,489,3080,,,1,100,,20637,3080,,,1,100,,490,3080,,,1,100,,20638,3080,,,1,100,,491,3080,,,1,100,,492,3080,,,1,100,,493,3080,,,1,100,,494,3080,,,1,100,,495,3080,,,1,100,,20628,3080,,,1,100,,20629,3080,,,1,100,,20630,3080,,,1,100,,20631,3080,,,1,100,,20632,3080,,,1,100,,20633,3080,,,1,100,,20634,3080,,,1
300,'F1',657,,43213,3080,,,1,100,,43198,3080,,,1,100,,43214,3080,,,1,100,,43199,3080,,,1,100,,43215,3080,,,1,100,,43200,3080,,,1,100,,43216,3080,,,1,100,,43201,3080,,,1,100,,43202,3080,,,1,100,,43203,3080,,,1,100,,43204,3080,,,1,100,,43205,3080,,,1,100,,43206,3080,,,1,100,,43207,3080,,,1,100,,43208,3080,,,1,100,,43209,3080,,,1,100,,43210,3080,,,1,100,,43211,3080,,,1,100,,43212,3080,,,1
300,'F2',627,,43217,3080,,,1,30,,43233,3080,,,1,70,,43218,3080,,,1,30,,43224,3080,,,1,70,,43219,3080,,,1,30,,43234,3080,,,1,70,,43220,3080,,,1,30,,43235,3080,,,1,70,,43221,3080,,,1,30,,43225,3080,,,1,70,,43222,3080,,,1,30,,43226,3080,,,1,70,,43223,3080,,,1,30,,43242,3080,,,1,70,,43236,3080,,,1,30,,43227,3080,,,1,70,,43237,3080,,,1,30,,43243,3080,,,1,70,,43238,3080,,,1,30,,43244,3080,,,1,70,,43239,3080,,,1,30,,43245,3080,,,1,70,,43240,3080,,,1,30,,43246,3080,,,1,70,,43241,3080,,,1,30,,43247,3080,,,1,100,,43228,3080,,,1,100,,43229,3080,,,1,100,,43230,3080,,,1,100,,43231,3080,,,1,100,,43248,3080,,,1,100,,43232,3080,,,1
300,'F8',627,,20741,3080,,,1,30,,20757,3080,,,1,70,,20742,3080,,,1,30,,20748,3080,,,1,70,,20743,3080,,,1,30,,20758,3080,,,1,70,,20744,3080,,,1,30,,20759,3080,,,1,70,,20745,3080,,,1,30,,20749,3080,,,1,70,,20746,3080,,,1,30,,20750,3080,,,1,70,,20747,3080,,,1,30,,20766,3080,,,1,70,,20760,3080,,,1,30,,20751,3080,,,1,70,,20761,3080,,,1,30,,20767,3080,,,1,70,,20762,3080,,,1,30,,20768,3080,,,1,70,,20763,3080,,,1,30,,20769,3080,,,1,70,,20764,3080,,,1,30,,20770,3080,,,1,70,,20765,3080,,,1,30,,20771,3080,,,1,100,,20752,3080,,,1,100,,20753,3080,,,1,100,,20754,3080,,,1,100,,20755,3080,,,1,100,,20772,3080,,,1,100,,20756,3080,,,1
300,'F9',657,,20788,3080,,,1,100,,20773,3080,,,1,100,,20789,3080,,,1,100,,20774,3080,,,1,100,,20790,3080,,,1,100,,20775,3080,,,1,100,,20791,3080,,,1,100,,20776,3080,,,1,100,,20777,3080,,,1,100,,20778,3080,,,1,100,,20779,3080,,,1,100,,20780,3080,,,1,100,,20781,3080,,,1,100,,20782,3080,,,1,100,,20783,3080,,,1,100,,20784,3080,,,1,100,,20785,3080,,,1,100,,20786,3080,,,1,100,,20787,3080,,,1
300,'SA',627,,20792,3080,,,1,30,,20808,3080,,,1,70,,20793,3080,,,1,30,,20799,3080,,,1,70,,20794,3080,,,1,30,,20809,3080,,,1,70,,20795,3080,,,1,30,,20810,3080,,,1,70,,20796,3080,,,1,30,,20800,3080,,,1,70,,20797,3080,,,1,30,,20801,3080,,,1,70,,20798,3080,,,1,30,,20811,3080,,,1,70,,624,3080,,,1,30,,20802,3080,,,1,70,,625,3080,,,1,30,,20812,3080,,,1,70,,626,3080,,,1,30,,20813,3080,,,1,70,,627,3080,,,1,30,,20814,3080,,,1,70,,628,3080,,,1,30,,20815,3080,,,1,70,,629,3080,,,1,30,,20816,3080,,,1,100,,20803,3080,,,1,100,,20804,3080,,,1,100,,20805,3080,,,1,100,,20806,3080,,,1,100,,20817,3080,,,1,100,,20807,3080,,,1
300,'SE',545,,43252,3080,,,1,82,,43283,3080,,,1,80,,43249,3080,,,1,40,,43272,3080,,,1,81,,43261,3080,,,1,29,,43266,3080,,,1,70,,43273,3080,,,1,30,,43267,3080,,,1,70,,43274,3080,,,1,30,,43268,3080,,,1,70,,43275,3080,,,1,30,,43269,3080,,,1,70,,43276,3080,,,1,30,,43270,3080,,,1,70,,43277,3080,,,1,30,,43262,3080,,,1,70,,43278,3080,,,1,30,,43263,3080,,,1,61,,43250,3080,,,1,18,,43279,3080,,,1,23,,43264,3080,,,1,61,,43251,3080,,,1,22,,43282,3080,,,1,58,,43285,3080,,,1,19,,43265,3080,,,1,20,,43284,3080,,,1,19,,43253,3080,,,1,72,,43286,3080,,,1,27,,43254,3080,,,1,70,,43280,3080,,,1,30,,43255,3080,,,1,70,,43281,3080,,,1,30,,43256,3080,,,1,70,,43271,3080,,,1,30,,43257,3080,,,1,100,,43258,3080,,,1,100,,43259,3080,,,1,100,,43260,3080,,,1
401,'DI',704,,21399,3022,,,1,30,,21385,3022,,,1,70,,21392,3022,,,1,32,,21405,3022,,,1,70,,21407,3022,,,1,30,,21386,3022,,,1,70,,21393,3022,,,1,30,,21406,3022,,,1,70,,21408,3022,,,1,30,,21387,3022,,,1,70,,21413,3022,,,1,30,,21414,3022,,,1,70,,21409,3022,,,1,31,,21388,3022,,,1,69,,21394,3022,,,1,30,,21416,3022,,,1,70,,21397,3022,,,1,32,,21389,3022,,,1,69,,21395,3022,,,1,30,,21417,3022,,,1,74,,21398,3022,,,1,25,,21410,3022,,,1,70,,21415,3022,,,1,30,,21412,3022,,,1,70,,21390,3022,,,1,31,,21411,3022,,,1,69,,21400,3022,,,1,30,,21383,3022,,,1,70,,21396,3022,,,1,100,,21402,3022,,,1,100,,21404,3022,,,1,100,,21401,3022,,,1
401,'F1',704,,43513,3022,,,1,30,,43499,3022,,,1,70,,43506,3022,,,1,32,,43519,3022,,,1,70,,43521,3022,,,1,30,,43500,3022,,,1,70,,43507,3022,,,1,30,,43520,3022,,,1,70,,43522,3022,,,1,30,,43501,3022,,,1,70,,43527,3022,,,1,30,,43528,3022,,,1,70,,43523,3022,,,1,31,,43502,3022,,,1,69,,43508,3022,,,1,30,,43530,3022,,,1,70,,43511,3022,,,1,32,,43503,3022,,,1,69,,43509,3022,,,1,30,,43531,3022,,,1,74,,43512,3022,,,1,25,,43524,3022,,,1,70,,43529,3022,,,1,30,,43526,3022,,,1,70,,43504,3022,,,1,31,,43525,3022,,,1,69,,43514,3022,,,1,30,,43497,3022,,,1,70,,43510,3022,,,1,100,,43516,3022,,,1,100,,43518,3022,,,1,100,,43515,3022,,,1
401,'F2',704,,43537,3022,,,1,30,,43534,3022,,,1,70,,43541,3022,,,1,32,,43543,3022,,,1,70,,43538,3022,,,1,30,,43535,3022,,,1,70,,43561,3022,,,1,30,,43544,3022,,,1,70,,43555,3022,,,1,30,,43565,3022,,,1,70,,43553,3022,,,1,30,,43564,3022,,,1,70,,43548,3022,,,1,30,,43532,3022,,,1,70,,43545,3022,,,1,30,,43556,3022,,,1,70,,43566,3022,,,1,30,,43563,3022,,,1,70,,43552,3022,,,1,30,,43558,3022,,,1,70,,43551,3022,,,1,30,,43539,3022,,,1,70,,43557,3022,,,1,30,,43547,3022,,,1,70,,43536,3022,,,1,30,,43560,3022,,,1,70,,43546,3022,,,1,30,,43559,3022,,,1,70,,43562,3022,,,1,100,,43554,3022,,,1,100,,43550,3022,,,1,100,,43549,3022,,,1
401,'F8',704,,21531,3022,,,1,30,,21528,3022,,,1,70,,21535,3022,,,1,32,,21537,3022,,,1,70,,21532,3022,,,1,30,,21529,3022,,,1,70,,21555,3022,,,1,30,,21538,3022,,,1,70,,21549,3022,,,1,30,,21559,3022,,,1,70,,21547,3022,,,1,30,,21558,3022,,,1,70,,21542,3022,,,1,30,,21526,3022,,,1,70,,21539,3022,,,1,30,,21550,3022,,,1,70,,21560,3022,,,1,30,,21557,3022,,,1,70,,21546,3022,,,1,30,,21552,3022,,,1,70,,21545,3022,,,1,30,,21533,3022,,,1,70,,21551,3022,,,1,30,,21541,3022,,,1,70,,21530,3022,,,1,30,,21554,3022,,,1,70,,21540,3022,,,1,30,,21553,3022,,,1,70,,21556,3022,,,1,100,,21548,3022,,,1,100,,21544,3022,,,1,100,,21543,3022,,,1
401,'F9',704,,21577,3022,,,1,30,,21563,3022,,,1,70,,21570,3022,,,1,32,,21583,3022,,,1,70,,21585,3022,,,1,30,,21564,3022,,,1,70,,21571,3022,,,1,30,,21584,3022,,,1,70,,21586,3022,,,1,30,,21565,3022,,,1,70,,21591,3022,,,1,30,,21592,3022,,,1,70,,21587,3022,,,1,31,,21566,3022,,,1,69,,21572,3022,,,1,30,,21594,3022,,,1,70,,21575,3022,,,1,32,,21567,3022,,,1,69,,21573,3022,,,1,30,,21595,3022,,,1,74,,21576,3022,,,1,25,,21588,3022,,,1,70,,21593,3022,,,1,30,,21590,3022,,,1,70,,21568,3022,,,1,31,,21589,3022,,,1,69,,21578,3022,,,1,30,,21561,3022,,,1,70,,21574,3022,,,1,100,,21580,3022,,,1,100,,21582,3022,,,1,100,,21579,3022,,,1
401,'SA',704,,1358,3022,,,1,30,,21597,3022,,,1,70,,1361,3022,,,1,32,,1363,3022,,,1,70,,1359,3022,,,1,30,,21598,3022,,,1,70,,21616,3022,,,1,30,,1364,3022,,,1,70,,21610,3022,,,1,30,,21620,3022,,,1,70,,21608,3022,,,1,30,,21619,3022,,,1,70,,21603,3022,,,1,30,,1356,3022,,,1,70,,1365,3022,,,1,30,,21611,3022,,,1,70,,21621,3022,,,1,30,,21618,3022,,,1,70,,21607,3022,,,1,30,,21613,3022,,,1,70,,21606,3022,,,1,30,,21600,3022,,,1,70,,21612,3022,,,1,30,,21602,3022,,,1,70,,21599,3022,,,1,30,,21615,3022,,,1,70,,21601,3022,,,1,30,,21614,3022,,,1,70,,21617,3022,,,1,100,,21609,3022,,,1,100,,21605,3022,,,1,100,,21604,3022,,,1
401,'SE',619,,43571,3022,,,1,21,,43584,3022,,,1,69,,43600,3022,,,1,33,,43574,3022,,,1,73,,43593,3022,,,1,30,,43575,3022,,,1,72,,43570,3022,,,1,30,,43592,3022,,,1,70,,43568,3022,,,1,30,,43572,3022,,,1,70,,43602,3022,,,1,30,,43594,3022,,,1,71,,43576,3022,,,1,32,,43606,3022,,,1,70,,43585,3022,,,1,30,,43567,3022,,,1,66,,43581,3022,,,1,34,,43586,3022,,,1,55,,43579,3022,,,1,23,,43582,3022,,,1,22,,43605,3022,,,1,59,,43577,3022,,,1,20,,43569,3022,,,1,22,,43595,3022,,,1,57,,43573,3022,,,1,20,,43596,3022,,,1,24,,43603,3022,,,1,58,,43578,3022,,,1,27,,43599,3022,,,1,70,,43591,3022,,,1,27,,43589,3022,,,1,69,,43604,3022,,,1,30,,43590,3022,,,1,70,,43601,3022,,,1,30,,43598,3022,,,1,100,,43597,3022,,,1,100,,43588,3022,,,1,100,,43583,3022,,,1
900,'SE',652,,44309,3080,0,58 7,2,70,,44311,3080,0,58 7,2,30,,44310,3080,0,58 7,2,861,,44316,3080,0,58 7,2,33,,44315,3080,0,58 7,2,67,,44314,3080,0,58 7,2,29,,44313,3080,0,58 7,2,70,,44312,3080,0,58 7,2
1900,'DI',622,,25744,3080,0,9,2,100,,25745,3080,0,9,2,100,,25746,3080,0,9,2,104,,25747,3080,0,9,2,100,,25748,3080,0,9,2,100,,25749,3080,0,9,2,100,,25750,3080,0,9,2,100,,25751,3080,0,9,2,100,,25752,3080,0,9,2,100,,25753,3080,0,9,2,100,,25754,3080,0,9,2,100,,25755,3080,0,9,2,100,,25756,3080,0,9,2,100,,25757,3080,0,9,2,100,,25758,3080,0,9,2,100,,25759,3080,0,9,2,100,,25760,3080,0,9,2,100,,25761,3080,0,9,2,100,,25762,3080,0,9,2,100,,25743,3080,0,9,2
1900,'F1',622,,45171,3080,0,9,2,100,,45172,3080,0,9,2,100,,45173,3080,0,9,2,104,,45174,3080,0,9,2,100,,45175,3080,0,9,2,100,,45176,3080,0,9,2,100,,45177,3080,0,9,2,100,,45178,3080,0,9,2,100,,45179,3080,0,9,2,100,,45180,3080,0,9,2,100,,45181,3080,0,9,2,100,,45182,3080,0,9,2,100,,45183,3080,0,9,2,100,,45184,3080,0,9,2,100,,45185,3080,0,9,2,100,,45186,3080,0,9,2,100,,45187,3080,0,9,2,100,,45188,3080,0,9,2,100,,45189,3080,0,9,2,100,,45170,3080,0,9,2
1900,'F2',622,,45190,3080,0,9,2,30,,45199,3080,0,9,2,70,,45191,3080,0,9,2,30,,45200,3080,0,9,2,70,,45192,3080,0,9,2,30,,45201,3080,0,9,2,74,,45193,3080,0,9,2,30,,45202,3080,0,9,2,70,,45194,3080,0,9,2,30,,45203,3080,0,9,2,70,,45195,3080,0,9,2,30,,45215,3080,0,9,2,70,,45196,3080,0,9,2,30,,45216,3080,0,9,2,70,,45197,3080,0,9,2,30,,45217,3080,0,9,2,70,,45198,3080,0,9,2,30,,45218,3080,0,9,2,70,,45204,3080,0,9,2,30,,45219,3080,0,9,2,70,,45205,3080,0,9,2,30,,45220,3080,0,9,2,70,,45206,3080,0,9,2,30,,45221,3080,0,9,2,70,,45207,3080,0,9,2,100,,45208,3080,0,9,2,100,,45209,3080,0,9,2,100,,45210,3080,0,9,2,100,,45211,3080,0,9,2,100,,45212,3080,0,9,2,100,,45213,3080,0,9,2,100,,45214,3080,0,9,2
1900,'F8',622,,25865,3080,0,9,2,30,,25874,3080,0,9,2,70,,25866,3080,0,9,2,30,,25875,3080,0,9,2,70,,25867,3080,0,9,2,30,,25876,3080,0,9,2,74,,25868,3080,0,9,2,30,,25877,3080,0,9,2,70,,25869,3080,0,9,2,30,,25878,3080,0,9,2,70,,25870,3080,0,9,2,30,,25890,3080,0,9,2,70,,25871,3080,0,9,2,30,,25891,3080,0,9,2,70,,25872,3080,0,9,2,30,,25892,3080,0,9,2,70,,25873,3080,0,9,2,30,,25893,3080,0,9,2,70,,25879,3080,0,9,2,30,,25894,3080,0,9,2,70,,25880,3080,0,9,2,30,,25895,3080,0,9,2,70,,25881,3080,0,9,2,30,,25896,3080,0,9,2,70,,25882,3080,0,9,2,100,,25883,3080,0,9,2,100,,25884,3080,0,9,2,100,,25885,3080,0,9,2,100,,25886,3080,0,9,2,100,,25887,3080,0,9,2,100,,25888,3080,0,9,2,100,,25889,3080,0,9,2
1900,'F9',622,,25898,3080,0,9,2,100,,25899,3080,0,9,2,100,,25900,3080,0,9,2,104,,25901,3080,0,9,2,100,,25902,3080,0,9,2,100,,25903,3080,0,9,2,100,,25904,3080,0,9,2,100,,25905,3080,0,9,2,100,,25906,3080,0,9,2,100,,25907,3080,0,9,2,100,,25908,3080,0,9,2,100,,25909,3080,0,9,2,100,,25910,3080,0,9,2,100,,25911,3080,0,9,2,100,,25912,3080,0,9,2,100,,25913,3080,0,9,2,100,,25914,3080,0,9,2,100,,25915,3080,0,9,2,100,,25916,3080,0,9,2,100,,25897,3080,0,9,2
1900,'SA',622,,25917,3080,0,9,2,30,,25926,3080,0,9,2,70,,25918,3080,0,9,2,30,,25927,3080,0,9,2,70,,25919,3080,0,9,2,30,,25928,3080,0,9,2,74,,25920,3080,0,9,2,30,,25929,3080,0,9,2,70,,25921,3080,0,9,2,30,,25930,3080,0,9,2,70,,25922,3080,0,9,2,30,,25942,3080,0,9,2,70,,25923,3080,0,9,2,30,,25943,3080,0,9,2,70,,25924,3080,0,9,2,30,,25944,3080,0,9,2,70,,25925,3080,0,9,2,30,,25945,3080,0,9,2,70,,25931,3080,0,9,2,30,,25946,3080,0,9,2,70,,25932,3080,0,9,2,30,,25947,3080,0,9,2,70,,25933,3080,0,9,2,30,,25948,3080,0,9,2,70,,25934,3080,0,9,2,100,,25935,3080,0,9,2,100,,25936,3080,0,9,2,100,,25937,3080,0,9,2,100,,25938,3080,0,9,2,100,,25939,3080,0,9,2,100,,25940,3080,0,9,2,100,,25941,3080,0,9,2
1900,'SE',545,,45243,3080,0,9,2,76,,45256,3080,0,9,2,27,,45262,3080,0,9,2,52,,45244,3080,0,9,2,12,,45241,3080,0,9,2,12,,45242,3080,0,9,2,15,,45254,3080,0,9,2,61,,45255,3080,0,9,2,20,,45230,3080,0,9,2,32,,45250,3080,0,9,2,74,,45231,3080,0,9,2,30,,45251,3080,0,9,2,70,,45232,3080,0,9,2,30,,45252,3080,0,9,2,70,,45233,3080,0,9,2,30,,45253,3080,0,9,2,70,,45234,3080,0,9,2,30,,45245,3080,0,9,2,70,,45235,3080,0,9,2,31,,45246,3080,0,9,2,70,,45259,3080,0,9,2,30,,45263,3080,0,9,2,67,,45236,3080,0,9,2,21,,45222,3080,0,9,2,62,,45247,3080,0,9,2,20,,45261,3080,0,9,2,21,,45257,3080,0,9,2,59,,45258,3080,0,9,2,17,,45248,3080,0,9,2,22,,45264,3080,0,9,2,60,,45260,3080,0,9,2,24,,45249,3080,0,9,2,26,,45237,3080,0,9,2,70,,45223,3080,0,9,2,30,,45238,3080,0,9,2,70,,45224,3080,0,9,2,30,,45239,3080,0,9,2,70,,45225,3080,0,9,2,30,,45240,3080,0,9,2,70,,45226,3080,0,9,2,100,,45227,3080,0,9,2,100,,45228,3080,0,9,2,100,,45229,3080,0,9,2
2100,'DI',559,,26733,3022,0,12 13,1,69,,26735,3022,0,12 13,1,30,,26737,3022,0,12 13,1,70,,26728,3022,0,12 13,1,31,,26729,3022,0,12 13,1,70,,26734,3022,0,12 13,1,30,,26718,3022,0,12 13,1,67,,26731,3022,0,12 13,1,33,,26744,3022,0,12 13,1,70,,26742,3022,0,12 13,1,72,,26732,3022,0,12 13,1,27,,26719,3022,0,12 13,1,31,,26738,3022,0,12 13,1,70,,26730,3022,0,12 13,1,30,,26736,3022,0,12 13,1,70,,26745,3022,0,12 13,1,30,,26743,3022,0,12 13,1,70,,26720,3022,0,12 13,1,30,,26722,3022,0,12 13,1,70,,26711,3022,0,12 13,1,30,,26725,3022,0,12 13,1,70,,26721,3022,0,12 13,1,30,,26705,3022,0,12 13,1,70,,26712,3022,0,12 13,1,30,,26726,3022,0,12 13,1,70,,26709,3022,0,12 13,1,30,,26706,3022,0,12 13,1,70,,26708,3022,0,12 13,1,30,,26740,3022,0,12 13,1,70,,26723,3022,0,12 13,1,30,,26713,3022,0,12 13,1,70,,26727,3022,0,12 13,1,30,,26714,3022,0,12 13,1,70,,26716,3022,0,12 13,1,30,,26739,3022,0,12 13,1,70,,26741,3022,0,12 13,1,30,,26707,3022,0,12 13,1,70,,26724,3022,0,12 13,1,30,,26715,3022,0,12 13,1
2100,'F1',559,,45573,3022,0,12 13,1,69,,45575,3022,0,12 13,1,30,,45577,3022,0,12 13,1,70,,45568,3022,0,12 13,1,31,,45569,3022,0,12 13,1,70,,45574,3022,0,12 13,1,30,,45558,3022,0,12 13,1,67,,45571,3022,0,12 13,1,33,,45584,3022,0,12 13,1,70,,45582,3022,0,12 13,1,72,,45572,3022,0,12 13,1,27,,45559,3022,0,12 13,1,31,,45578,3022,0,12 13,1,70,,45570,3022,0,12 13,1,30,,45576,3022,0,12 13,1,70,,45585,3022,0,12 13,1,30,,45583,3022,0,12 13,1,70,,45560,3022,0,12 13,1,30,,45562,3022,0,12 13,1,70,,45551,3022,0,12 13,1,30,,45565,3022,0,12 13,1,70,,45561,3022,0,12 13,1,30,,45545,3022,0,12 13,1,70,,45552,3022,0,12 13,1,30,,45566,3022,0,12 13,1,70,,45549,3022,0,12 13,1,30,,45546,3022,0,12 13,1,70,,45548,3022,0,12 13,1,30,,45580,3022,0,12 13,1,70,,45563,3022,0,12 13,1,30,,45553,3022,0,12 13,1,70,,45567,3022,0,12 13,1,30,,45554,3022,0,12 13,1,70,,45556,3022,0,12 13,1,30,,45579,3022,0,12 13,1,70,,45581,3022,0,12 13,1,30,,45547,3022,0,12 13,1,70,,45564,3022,0,12 13,1,30,,45555,3022,0,12 13,1
2100,'F2',559,,45607,3022,0,12 13,1,70,,45616,3022,0,12 13,1,30,,45617,3022,0,12 13,1,70,,45605,3022,0,12 13,1,30,,45620,3022,0,12 13,1,70,,45608,3022,0,12 13,1,30,,45595,3022,0,12 13,1,65,,45590,3022,0,12 13,1,31,,45604,3022,0,12 13,1,74,,45609,3022,0,12 13,1,73,,45591,3022,0,12 13,1,23,,45596,3022,0,12 13,1,34,,45600,3022,0,12 13,1,70,,45613,3022,0,12 13,1,30,,45618,3022,0,12 13,1,70,,45610,3022,0,12 13,1,30,,45621,3022,0,12 13,1,70,,45614,3022,0,12 13,1,30,,45619,3022,0,12 13,1,70,,45611,3022,0,12 13,1,30,,45623,3022,0,12 13,1,70,,45597,3022,0,12 13,1,30,,45622,3022,0,12 13,1,70,,45612,3022,0,12 13,1,30,,45624,3022,0,12 13,1,70,,45586,3022,0,12 13,1,30,,45601,3022,0,12 13,1,70,,45615,3022,0,12 13,1,30,,45598,3022,0,12 13,1,70,,45606,3022,0,12 13,1,30,,45592,3022,0,12 13,1,70,,45602,3022,0,12 13,1,30,,45588,3022,0,12 13,1,70,,45599,3022,0,12 13,1,30,,45626,3022,0,12 13,1,70,,45593,3022,0,12 13,1,30,,45625,3022,0,12 13,1,70,,45589,3022,0,12 13,1,29,,45587,3022,0,12 13,1
2100,'F8',559,,26895,3022,0,12 13,1,70,,26904,3022,0,12 13,1,30,,26905,3022,0,12 13,1,70,,26893,3022,0,12 13,1,30,,26908,3022,0,12 13,1,70,,26896,3022,0,12 13,1,30,,26883,3022,0,12 13,1,65,,26878,3022,0,12 13,1,31,,26892,3022,0,12 13,1,74,,26897,3022,0,12 13,1,73,,26879,3022,0,12 13,1,23,,26884,3022,0,12 13,1,34,,26888,3022,0,12 13,1,70,,26901,3022,0,12 13,1,30,,26906,3022,0,12 13,1,70,,26898,3022,0,12 13,1,30,,26909,3022,0,12 13,1,70,,26902,3022,0,12 13,1,30,,26907,3022,0,12 13,1,70,,26899,3022,0,12 13,1,30,,26911,3022,0,12 13,1,70,,26885,3022,0,12 13,1,30,,26910,3022,0,12 13,1,70,,26900,3022,0,12 13,1,30,,26912,3022,0,12 13,1,70,,26874,3022,0,12 13,1,30,,26889,3022,0,12 13,1,70,,26903,3022,0,12 13,1,30,,26886,3022,0,12 13,1,70,,26894,3022,0,12 13,1,30,,26880,3022,0,12 13,1,70,,26890,3022,0,12 13,1,30,,26876,3022,0,12 13,1,70,,26887,3022,0,12 13,1,30,,26914,3022,0,12 13,1,70,,26881,3022,0,12 13,1,30,,26913,3022,0,12 13,1,70,,26877,3022,0,12 13,1,29,,26875,3022,0,12 13,1
2100,'F9',559,,26943,3022,0,12 13,1,69,,26945,3022,0,12 13,1,30,,26947,3022,0,12 13,1,70,,26938,3022,0,12 13,1,31,,26939,3022,0,12 13,1,70,,26944,3022,0,12 13,1,30,,26928,3022,0,12 13,1,67,,26941,3022,0,12 13,1,33,,26954,3022,0,12 13,1,70,,26952,3022,0,12 13,1,72,,26942,3022,0,12 13,1,27,,26929,3022,0,12 13,1,31,,26948,3022,0,12 13,1,70,,26940,3022,0,12 13,1,30,,26946,3022,0,12 13,1,70,,26955,3022,0,12 13,1,30,,26953,3022,0,12 13,1,70,,26930,3022,0,12 13,1,30,,26932,3022,0,12 13,1,70,,26921,3022,0,12 13,1,30,,26935,3022,0,12 13,1,70,,26931,3022,0,12 13,1,30,,26915,3022,0,12 13,1,70,,26922,3022,0,12 13,1,30,,26936,3022,0,12 13,1,70,,26919,3022,0,12 13,1,30,,26916,3022,0,12 13,1,70,,26918,3022,0,12 13,1,30,,26950,3022,0,12 13,1,70,,26933,3022,0,12 13,1,30,,26923,3022,0,12 13,1,70,,26937,3022,0,12 13,1,30,,26924,3022,0,12 13,1,70,,26926,3022,0,12 13,1,30,,26949,3022,0,12 13,1,70,,26951,3022,0,12 13,1,30,,26917,3022,0,12 13,1,70,,26934,3022,0,12 13,1,30,,26925,3022,0,12 13,1
2100,'SA',559,,26977,3022,0,12 13,1,70,,26986,3022,0,12 13,1,30,,26987,3022,0,12 13,1,70,,26975,3022,0,12 13,1,30,,26988,3022,0,12 13,1,70,,26978,3022,0,12 13,1,30,,26965,3022,0,12 13,1,65,,26960,3022,0,12 13,1,31,,26974,3022,0,12 13,1,74,,26979,3022,0,12 13,1,73,,26961,3022,0,12 13,1,23,,26966,3022,0,12 13,1,34,,26970,3022,0,12 13,1,70,,26983,3022,0,12 13,1,30,,6221,3022,0,12 13,1,70,,26980,3022,0,12 13,1,30,,26989,3022,0,12 13,1,70,,26984,3022,0,12 13,1,30,,6222,3022,0,12 13,1,70,,26981,3022,0,12 13,1,30,,26991,3022,0,12 13,1,70,,26967,3022,0,12 13,1,30,,26990,3022,0,12 13,1,70,,26982,3022,0,12 13,1,30,,26992,3022,0,12 13,1,70,,26956,3022,0,12 13,1,30,,26971,3022,0,12 13,1,70,,26985,3022,0,12 13,1,30,,26968,3022,0,12 13,1,70,,26976,3022,0,12 13,1,30,,26962,3022,0,12 13,1,70,,26972,3022,0,12 13,1,30,,26958,3022,0,12 13,1,70,,26969,3022,0,12 13,1,30,,26993,3022,0,12 13,1,70,,26963,3022,0,12 13,1,30,,6233,3022,0,12 13,1,70,,26959,3022,0,12 13,1,29,,26957,3022,0,12 13,1
2100,'SE',544,,45633,3022,0,12 13,1,12,,45634,3022,0,12 13,1,52,,45660,3022,0,12 13,1,12,,45661,3022,0,12 13,1,23,,45659,3022,0,12 13,1,61,,45638,3022,0,12 13,1,12,,45641,3022,0,12 13,1,17,,45665,3022,0,12 13,1,23,,45648,3022,0,12 13,1,60,,45666,3022,0,12 13,1,20,,45627,3022,0,12 13,1,21,,45639,3022,0,12 13,1,69,,45643,3022,0,12 13,1,32,,45649,3022,0,12 13,1,70,,45675,3022,0,12 13,1,30,,45640,3022,0,12 13,1,70,,45656,3022,0,12 13,1,30,,45628,3022,0,12 13,1,70,,45631,3022,0,12 13,1,30,,45653,3022,0,12 13,1,70,,45662,3022,0,12 13,1,31,,45629,3022,0,12 13,1,70,,45632,3022,0,12 13,1,30,,45654,3022,0,12 13,1,55,,45642,3022,0,12 13,1,15,,45663,3022,0,12 13,1,15,,45667,3022,0,12 13,1,15,,45669,3022,0,12 13,1,56,,45644,3022,0,12 13,1,19,,45635,3022,0,12 13,1,18,,45676,3022,0,12 13,1,50,,45655,3022,0,12 13,1,13,,45672,3022,0,12 13,1,15,,45650,3022,0,12 13,1,14,,45674,3022,0,12 13,1,15,,45651,3022,0,12 13,1,55,,45645,3022,0,12 13,1,20,,45636,3022,0,12 13,1,20,,45630,3022,0,12 13,1,59,,45658,3022,0,12 13,1,30,,45671,3022,0,12 13,1,70,,45668,3022,0,12 13,1,30,,45670,3022,0,12 13,1,70,,45673,3022,0,12 13,1,100,,45646,3022,0,12 13,1,100,,45664,3022,0,12 13,1,100,,45657,3022,0,12 13,1,100,,45647,3022,0,12 13,1
9800,'SE',619,,49752,2946,,,2,34,,49750,2946,,,2,63,,49751,2946,,,2,36,,49755,2946,,,2,68,,49749,2946,,,2,30,,49748,2946,,,2,72,,49754,2946,,,2,523,,49753,2946,,,2,866,,49756,2946,,,2
9900,'DI',816,,37260,2946,0,19 20,2,100,,37256,2946,0,19 20,2,100,,37248,2946,0,19 20,2,100,,37253,2946,0,19 20,2,100,,37246,2946,0,19 20,2,100,,37249,2946,0,19 20,2,100,,37261,2946,0,19 20,2,100,,37258,2946,0,19 20,2,100,,37255,2946,0,19 20,2,100,,37257,2946,0,19 20,2,104,,37252,2946,0,19 20,2,96,,37250,2946,0,19 20,2,100,,37251,2946,0,19 20,2,100,,37259,2946,0,19 20,2,100,,37262,2946,0,19 20,2,100,,37254,2946,0,19 20,2,100,,37247,2946,0,19 20,2
9900,'F1',816,,49779,2946,0,19 20,2,100,,49775,2946,0,19 20,2,100,,49767,2946,0,19 20,2,100,,49772,2946,0,19 20,2,100,,49765,2946,0,19 20,2,100,,49768,2946,0,19 20,2,100,,49780,2946,0,19 20,2,100,,49777,2946,0,19 20,2,100,,49774,2946,0,19 20,2,100,,49776,2946,0,19 20,2,104,,49771,2946,0,19 20,2,96,,49769,2946,0,19 20,2,100,,49770,2946,0,19 20,2,100,,49778,2946,0,19 20,2,100,,49781,2946,0,19 20,2,100,,49773,2946,0,19 20,2,100,,49766,2946,0,19 20,2
9900,'F2',711,,49786,2946,0,19 20,2,105,,49785,2946,0,19 20,2,98,,49797,2946,0,19 20,2,102,,49787,2946,0,19 20,2,100,,49793,2946,0,19 20,2,100,,49798,2946,0,19 20,2,100,,49788,2946,0,19 20,2,100,,49792,2946,0,19 20,2,98,,49789,2946,0,19 20,2,102,,49794,2946,0,19 20,2,100,,49799,2946,0,19 20,2,100,,49783,2946,0,19 20,2,100,,49790,2946,0,19 20,2,100,,49795,2946,0,19 20,2,100,,49784,2946,0,19 20,2,100,,49791,2946,0,19 20,2,100,,49782,2946,0,19 20,2,100,,49796,2946,0,19 20,2,100,,49800,2946,0,19 20,2
9900,'F8',711,,37327,2946,0,19 20,2,105,,37326,2946,0,19 20,2,98,,37338,2946,0,19 20,2,102,,37328,2946,0,19 20,2,100,,37334,2946,0,19 20,2,100,,37339,2946,0,19 20,2,100,,37329,2946,0,19 20,2,100,,37333,2946,0,19 20,2,98,,37330,2946,0,19 20,2,102,,37335,2946,0,19 20,2,100,,37340,2946,0,19 20,2,100,,37324,2946,0,19 20,2,100,,37331,2946,0,19 20,2,100,,37336,2946,0,19 20,2,100,,37325,2946,0,19 20,2,100,,37332,2946,0,19 20,2,100,,37323,2946,0,19 20,2,100,,37337,2946,0,19 20,2,100,,37341,2946,0,19 20,2
9900,'F9',816,,37356,2946,0,19 20,2,100,,37352,2946,0,19 20,2,100,,37344,2946,0,19 20,2,100,,37349,2946,0,19 20,2,100,,37342,2946,0,19 20,2,100,,37345,2946,0,19 20,2,100,,37357,2946,0,19 20,2,100,,37354,2946,0,19 20,2,100,,37351,2946,0,19 20,2,100,,37353,2946,0,19 20,2,104,,37348,2946,0,19 20,2,96,,37346,2946,0,19 20,2,100,,37347,2946,0,19 20,2,100,,37355,2946,0,19 20,2,100,,37358,2946,0,19 20,2,100,,37350,2946,0,19 20,2,100,,37343,2946,0,19 20,2
9900,'SA',711,,37363,2946,0,19 20,2,105,,37362,2946,0,19 20,2,98,,37374,2946,0,19 20,2,102,,37364,2946,0,19 20,2,100,,37370,2946,0,19 20,2,100,,37375,2946,0,19 20,2,100,,37365,2946,0,19 20,2,100,,37369,2946,0,19 20,2,98,,37366,2946,0,19 20,2,102,,37371,2946,0,19 20,2,100,,37376,2946,0,19 20,2,100,,37360,2946,0,19 20,2,100,,37367,2946,0,19 20,2,100,,37372,2946,0,19 20,2,100,,37361,2946,0,19 20,2,100,,37368,2946,0,19 20,2,100,,37359,2946,0,19 20,2,100,,37373,2946,0,19 20,2,100,,37377,2946,0,19 20,2
9900,'SE',710,,49811,2946,0,19 20,2,36,,49802,2946,0,19 20,2,70,,49810,2946,0,19 20,2,99,,49803,2946,0,19 20,2,100,,49805,2946,0,19 20,2,100,,49816,2946,0,19 20,2,100,,49801,2946,0,19 20,2,100,,49804,2946,0,19 20,2,98,,49806,2946,0,19 20,2,97,,49814,2946,0,19 20,2,36,,49823,2946,,,2,66,,49819,2946,,,2,36,,49820,2946,,,2,69,,49822,2946,,,2,29,,49821,2946,,,2,71,,49812,2946,0,19 20,2,98,,49818,2946,0,19 20,2,100,,49807,2946,0,19 20,2,100,,49815,2946,0,19 20,2,100,,49817,2946,0,19 20,2,100,,49808,2946,0,19 20,2,100,,49813,2946,0,19 20,2,100,,49809,2946,0,19 20,2
12800,'SE',558,,50079,3149,,,2,100,,50078,3149,,,2,895,,50080,3149,,,2
19900,'SE',1601,,50477,2946,,,2,30,,50472,2946,,,2,71,,50475,2946,,,2,29,,50473,2946,,,2,70,,50474,2946,,,2,30,,50476,2946,,,2
42100,'SE',636,,50738,3022,0,12 13,1,71,,50737,3022,0,12 13,1,16,,50742,3022,0,12 13,1,722,,50740,3022,0,12 13,1,62,,50743,3022,0,12 13,1,30,,50741,3022,0,12 13,1,70,,50744,3022,0,12 13,1,31,,50732,3022,0,12 13,1,70,,50739,3022,0,12 13,1
42800,'DI',610,,39684,3149,,,1,107,,39685,3149,,,1,114,,39686,3149,,,1,109,,39687,3149,,,1,110,,39688,3149,,,1,75,,39694,3149,,,1,75,,39689,3149,,,1,35,,39695,3149,,,1,75,,39690,3149,,,1,35,,39696,3149,,,1,74,,39691,3149,,,1,36,,39697,3149,,,1,74,,39692,3149,,,1,79,,39698,3149,,,1,34,,39693,3149,,,1,113,,39699,3149,,,1,147,,39700,3149,,,1,108,,39701,3149,,,1,110,,39702,3149,,,1,110,,39703,3149,,,1
42800,'F1',610,,50759,3149,,,1,107,,50760,3149,,,1,114,,50761,3149,,,1,109,,50762,3149,,,1,110,,50763,3149,,,1,75,,50769,3149,,,1,75,,50764,3149,,,1,35,,50770,3149,,,1,75,,50765,3149,,,1,35,,50771,3149,,,1,74,,50766,3149,,,1,36,,50772,3149,,,1,74,,50767,3149,,,1,79,,50773,3149,,,1,34,,50768,3149,,,1,113,,50774,3149,,,1,147,,50775,3149,,,1,108,,50776,3149,,,1,110,,50777,3149,,,1,110,,50778,3149,,,1
42800,'F2',610,,50779,3149,,,1,107,,50780,3149,,,1,114,,50781,3149,,,1,109,,50782,3149,,,1,110,,50783,3149,,,1,75,,50789,3149,,,1,75,,50784,3149,,,1,35,,50790,3149,,,1,75,,50785,3149,,,1,35,,50791,3149,,,1,74,,50786,3149,,,1,36,,50792,3149,,,1,74,,50787,3149,,,1,79,,50793,3149,,,1,34,,50788,3149,,,1,113,,50794,3149,,,1,147,,50795,3149,,,1,108,,50796,3149,,,1,110,,50797,3149,,,1,110,,50798,3149,,,1
42800,'F8',610,,39752,3149,,,1,107,,39753,3149,,,1,114,,39754,3149,,,1,109,,39755,3149,,,1,110,,39756,3149,,,1,75,,39762,3149,,,1,75,,39757,3149,,,1,35,,39763,3149,,,1,75,,39758,3149,,,1,35,,39764,3149,,,1,74,,39759,3149,,,1,36,,39765,3149,,,1,74,,39760,3149,,,1,79,,39766,3149,,,1,34,,39761,3149,,,1,113,,39767,3149,,,1,147,,39768,3149,,,1,108,,39769,3149,,,1,110,,39770,3149,,,1,110,,39771,3149,,,1
42800,'F9',610,,39772,3149,,,1,107,,39773,3149,,,1,114,,39774,3149,,,1,109,,39775,3149,,,1,110,,39776,3149,,,1,75,,39782,3149,,,1,75,,39777,3149,,,1,35,,39783,3149,,,1,75,,39778,3149,,,1,35,,39784,3149,,,1,74,,39779,3149,,,1,36,,39785,3149,,,1,74,,39780,3149,,,1,79,,39786,3149,,,1,34,,39781,3149,,,1,113,,39787,3149,,,1,147,,39788,3149,,,1,108,,39789,3149,,,1,110,,39790,3149,,,1,110,,39791,3149,,,1
42800,'SA',610,,39792,3149,,,1,107,,39793,3149,,,1,114,,39794,3149,,,1,109,,39795,3149,,,1,110,,39796,3149,,,1,75,,39802,3149,,,1,75,,39797,3149,,,1,35,,39803,3149,,,1,75,,39798,3149,,,1,35,,39804,3149,,,1,74,,39799,3149,,,1,36,,39805,3149,,,1,74,,39800,3149,,,1,79,,39806,3149,,,1,34,,39801,3149,,,1,113,,39807,3149,,,1,147,,39808,3149,,,1,108,,39809,3149,,,1,110,,39810,3149,,,1,110,,39811,3149,,,1
42800,'SE',525,,50799,3149,,,1,75,,50809,3149,,,1,33,,50800,3149,,,1,82,,50810,3149,,,1,38,,50801,3149,,,1,78,,50811,3149,,,1,77,,50802,3149,,,1,32,,50812,3149,,,1,75,,50803,3149,,,1,35,,50813,3149,,,1,75,,50804,3149,,,1,75,,50814,3149,,,1,33,,50805,3149,,,1,73,,50815,3149,,,1,35,,50806,3149,,,1,74,,50816,3149,,,1,35,,50807,3149,,,1,77,,50817,3149,,,1,76,,50808,3149,,,1,39,,50818,3149,,,1,75,,50825,3149,,,1,40,,50819,3149,,,1,73,,50826,3149,,,1,75,,50820,3149,,,1,107,,50821,3149,,,1,108,,50822,3149,,,1,110,,50823,3149,,,1,110,,50824,3149,,,1
44200,'SE',1615,,50896,3181,0,15,2,100,,50895,3181,0,15,2
