2101,'DI',552,,27057,3200,,,1,70,,27051,3200,,,1,30,,27073,3200,,,1,69,,27075,3200,,,1,30,,27077,3200,,,1,70,,27068,3200,,,1,31,,27069,3200,,,1,70,,27074,3200,,,1,30,,27058,3200,,,1,67,,27071,3200,,,1,33,,27084,3200,,,1,70,,27082,3200,,,1,32,,27072,3200,,,1,70,,27059,3200,,,1,31,,27078,3200,,,1,72,,27070,3200,,,1,30,,27076,3200,,,1,70,,27085,3200,,,1,30,,27083,3200,,,1,70,,27060,3200,,,1,30,,27062,3200,,,1,70,,27052,3200,,,1,30,,27065,3200,,,1,70,,27061,3200,,,1,30,,27046,3200,,,1,70,,27053,3200,,,1,28,,27066,3200,,,1,67,,27050,3200,,,1,30,,27047,3200,,,1,70,,27049,3200,,,1,30,,27080,3200,,,1,70,,27063,3200,,,1,30,,27054,3200,,,1,70,,27067,3200,,,1,30,,27055,3200,,,1,70,,27056,3200,,,1,30,,27079,3200,,,1,70,,27081,3200,,,1,30,,27048,3200,,,1,70,,27064,3200,,,1
2101,'F1',552,,45688,3200,,,1,70,,45682,3200,,,1,30,,45704,3200,,,1,69,,45706,3200,,,1,30,,45708,3200,,,1,70,,45699,3200,,,1,31,,45700,3200,,,1,70,,45705,3200,,,1,30,,45689,3200,,,1,67,,45702,3200,,,1,33,,45715,3200,,,1,70,,45713,3200,,,1,32,,45703,3200,,,1,70,,45690,3200,,,1,31,,45709,3200,,,1,72,,45701,3200,,,1,30,,45707,3200,,,1,70,,45716,3200,,,1,30,,45714,3200,,,1,70,,45691,3200,,,1,30,,45693,3200,,,1,70,,45683,3200,,,1,30,,45696,3200,,,1,70,,45692,3200,,,1,30,,45677,3200,,,1,70,,45684,3200,,,1,28,,45697,3200,,,1,67,,45681,3200,,,1,30,,45678,3200,,,1,70,,45680,3200,,,1,30,,45711,3200,,,1,70,,45694,3200,,,1,30,,45685,3200,,,1,70,,45698,3200,,,1,30,,45686,3200,,,1,70,,45687,3200,,,1,30,,45710,3200,,,1,70,,45712,3200,,,1,30,,45679,3200,,,1,70,,45695,3200,,,1
2101,'F2',552,,45733,3200,,,1,70,,45724,3200,,,1,30,,45737,3200,,,1,70,,45746,3200,,,1,31,,45747,3200,,,1,70,,45735,3200,,,1,30,,45750,3200,,,1,70,,45738,3200,,,1,30,,45725,3200,,,1,65,,45720,3200,,,1,31,,45734,3200,,,1,74,,45739,3200,,,1,33,,45721,3200,,,1,66,,45726,3200,,,1,34,,45730,3200,,,1,71,,45743,3200,,,1,30,,45748,3200,,,1,70,,45740,3200,,,1,30,,45751,3200,,,1,70,,45744,3200,,,1,30,,45749,3200,,,1,70,,45741,3200,,,1,30,,45753,3200,,,1,70,,45727,3200,,,1,30,,45752,3200,,,1,70,,45742,3200,,,1,28,,45754,3200,,,1,67,,45717,3200,,,1,30,,45731,3200,,,1,70,,45745,3200,,,1,30,,45728,3200,,,1,70,,45736,3200,,,1,30,,45722,3200,,,1,70,,45732,3200,,,1,30,,45718,3200,,,1,70,,45729,3200,,,1,30,,45756,3200,,,1,70,,45723,3200,,,1,30,,45755,3200,,,1,70,,45719,3200,,,1
2101,'F8',552,,27226,3200,,,1,70,,27217,3200,,,1,30,,27230,3200,,,1,70,,27239,3200,,,1,31,,27240,3200,,,1,70,,27228,3200,,,1,30,,27243,3200,,,1,70,,27231,3200,,,1,30,,27218,3200,,,1,65,,27213,3200,,,1,31,,27227,3200,,,1,74,,27232,3200,,,1,33,,27214,3200,,,1,66,,27219,3200,,,1,34,,27223,3200,,,1,71,,27236,3200,,,1,30,,27241,3200,,,1,70,,27233,3200,,,1,30,,27244,3200,,,1,70,,27237,3200,,,1,30,,27242,3200,,,1,70,,27234,3200,,,1,30,,27246,3200,,,1,70,,27220,3200,,,1,30,,27245,3200,,,1,70,,27235,3200,,,1,28,,27247,3200,,,1,67,,27210,3200,,,1,30,,27224,3200,,,1,70,,27238,3200,,,1,30,,27221,3200,,,1,70,,27229,3200,,,1,30,,27215,3200,,,1,70,,27225,3200,,,1,30,,27211,3200,,,1,70,,27222,3200,,,1,30,,27249,3200,,,1,70,,27216,3200,,,1,30,,27248,3200,,,1,70,,27212,3200,,,1
2101,'F9',552,,27261,3200,,,1,70,,27255,3200,,,1,30,,27277,3200,,,1,69,,27279,3200,,,1,30,,27281,3200,,,1,70,,27272,3200,,,1,31,,27273,3200,,,1,70,,27278,3200,,,1,30,,27262,3200,,,1,67,,27275,3200,,,1,33,,27288,3200,,,1,70,,27286,3200,,,1,32,,27276,3200,,,1,70,,27263,3200,,,1,31,,27282,3200,,,1,72,,27274,3200,,,1,30,,27280,3200,,,1,70,,27289,3200,,,1,30,,27287,3200,,,1,70,,27264,3200,,,1,30,,27266,3200,,,1,70,,27256,3200,,,1,30,,27269,3200,,,1,70,,27265,3200,,,1,30,,27250,3200,,,1,70,,27257,3200,,,1,28,,27270,3200,,,1,67,,27254,3200,,,1,30,,27251,3200,,,1,70,,27253,3200,,,1,30,,27284,3200,,,1,70,,27267,3200,,,1,30,,27258,3200,,,1,70,,27271,3200,,,1,30,,27259,3200,,,1,70,,27260,3200,,,1,30,,27283,3200,,,1,70,,27285,3200,,,1,30,,27252,3200,,,1,70,,27268,3200,,,1
2101,'SA',552,,27306,3200,,,1,70,,27297,3200,,,1,30,,27310,3200,,,1,70,,27319,3200,,,1,31,,27320,3200,,,1,70,,27308,3200,,,1,30,,27321,3200,,,1,70,,27311,3200,,,1,30,,27298,3200,,,1,65,,27293,3200,,,1,31,,27307,3200,,,1,74,,27312,3200,,,1,33,,27294,3200,,,1,66,,27299,3200,,,1,34,,27303,3200,,,1,71,,27316,3200,,,1,30,,6523,3200,,,1,70,,27313,3200,,,1,30,,27322,3200,,,1,70,,27317,3200,,,1,30,,6524,3200,,,1,70,,27314,3200,,,1,30,,27324,3200,,,1,70,,27300,3200,,,1,30,,27323,3200,,,1,70,,27315,3200,,,1,28,,27325,3200,,,1,67,,27290,3200,,,1,30,,27304,3200,,,1,70,,27318,3200,,,1,30,,27301,3200,,,1,70,,27309,3200,,,1,30,,27295,3200,,,1,70,,27305,3200,,,1,30,,27291,3200,,,1,70,,27302,3200,,,1,30,,27326,3200,,,1,70,,27296,3200,,,1,30,,6535,3200,,,1,70,,27292,3200,,,1
2101,'SE',446,,45761,3200,,,1,86,,45759,3200,,,1,27,,45794,3200,,,1,55,,45788,3200,,,1,15,,45785,3200,,,1,12,,45786,3200,,,1,12,,45798,3200,,,1,52,,45799,3200,,,1,13,,45795,3200,,,1,15,,45797,3200,,,1,22,,45789,3200,,,1,58,,45790,3200,,,1,17,,45801,3200,,,1,23,,45793,3200,,,1,57,,45802,3200,,,1,20,,45757,3200,,,1,21,,45763,3200,,,1,67,,45765,3200,,,1,33,,45768,3200,,,1,70,,45781,3200,,,1,30,,45764,3200,,,1,71,,45770,3200,,,1,33,,45758,3200,,,1,70,,45760,3200,,,1,30,,45769,3200,,,1,73,,45773,3200,,,1,28,,45783,3200,,,1,70,,45784,3200,,,1,33,,45796,3200,,,1,55,,45791,3200,,,1,15,,45800,3200,,,1,15,,45803,3200,,,1,15,,45804,3200,,,1,58,,45792,3200,,,1,19,,45787,3200,,,1,17,,45782,3200,,,1,60,,45778,3200,,,1,26,,45780,3200,,,1,69,,45766,3200,,,1,25,,45762,3200,,,1,70,,45772,3200,,,1,30,,45777,3200,,,1,69,,45775,3200,,,1,30,,45776,3200,,,1,70,,45779,3200,,,1,99,,45767,3200,,,1,99,,45774,3200,,,1,55,,45771,3200,,,1
13200,'DI',832,,38037,2357,0,21 45,1,100,,38042,2357,0,21 45,1,100,,38038,2357,0,21 45,1,100,,38040,2357,0,21 45,1,100,,38043,2357,0,21 45,1,100,,38046,2357,0,21 45,1,100,,38044,2357,0,21 45,1,105,,38048,2357,0,21 45,1,95,,38047,2357,0,21 45,1,100,,38045,2357,0,21 45,1,102,,38049,2357,0,21 45,1,98,,38050,2357,0,21 45,1,100,,38041,2357,0,21 45,1,100,,38036,2357,0,21 45,1,100,,38051,2357,0,21 45,1,100,,38053,2357,0,21 45,1,100,,38039,2357,0,21 45,1,100,,38052,2357,0,21 45,1
13200,'F1',832,,50085,2357,0,21 45,1,100,,50090,2357,0,21 45,1,100,,50086,2357,0,21 45,1,100,,50088,2357,0,21 45,1,100,,50091,2357,0,21 45,1,100,,50094,2357,0,21 45,1,100,,50092,2357,0,21 45,1,105,,50096,2357,0,21 45,1,95,,50095,2357,0,21 45,1,100,,50093,2357,0,21 45,1,102,,50097,2357,0,21 45,1,98,,50098,2357,0,21 45,1,100,,50089,2357,0,21 45,1,100,,50084,2357,0,21 45,1,100,,50099,2357,0,21 45,1,100,,50101,2357,0,21 45,1,100,,50087,2357,0,21 45,1,100,,50100,2357,0,21 45,1
13200,'F2',732,,50120,2357,0,21 45,1,100,,50107,2357,0,21 45,1,100,,50102,2357,0,21 45,1,103,,50103,2357,0,21 45,1,97,,50108,2357,0,21 45,1,104,,50104,2357,0,21 45,1,96,,50119,2357,0,21 45,1,104,,50109,2357,0,21 45,1,96,,50111,2357,0,21 45,1,100,,50105,2357,0,21 45,1,100,,50110,2357,0,21 45,1,102,,50112,2357,0,21 45,1,98,,50114,2357,0,21 45,1,100,,50113,2357,0,21 45,1,100,,50116,2357,0,21 45,1,100,,50115,2357,0,21 45,1,100,,50118,2357,0,21 45,1,100,,50117,2357,0,21 45,1,100,,50106,2357,0,21 45,1
13200,'F8',732,,38135,2357,0,21 45,1,100,,38122,2357,0,21 45,1,100,,38117,2357,0,21 45,1,103,,38118,2357,0,21 45,1,97,,38123,2357,0,21 45,1,104,,38119,2357,0,21 45,1,96,,38134,2357,0,21 45,1,104,,38124,2357,0,21 45,1,96,,38126,2357,0,21 45,1,100,,38120,2357,0,21 45,1,100,,38125,2357,0,21 45,1,102,,38127,2357,0,21 45,1,98,,38129,2357,0,21 45,1,100,,38128,2357,0,21 45,1,100,,38131,2357,0,21 45,1,100,,38130,2357,0,21 45,1,100,,38133,2357,0,21 45,1,100,,38132,2357,0,21 45,1,100,,38121,2357,0,21 45,1
13200,'F9',832,,38137,2357,0,21 45,1,100,,38142,2357,0,21 45,1,100,,38138,2357,0,21 45,1,100,,38140,2357,0,21 45,1,100,,38143,2357,0,21 45,1,100,,38146,2357,0,21 45,1,100,,38144,2357,0,21 45,1,105,,38148,2357,0,21 45,1,95,,38147,2357,0,21 45,1,100,,38145,2357,0,21 45,1,102,,38149,2357,0,21 45,1,98,,38150,2357,0,21 45,1,100,,38141,2357,0,21 45,1,100,,38136,2357,0,21 45,1,100,,38151,2357,0,21 45,1,100,,38153,2357,0,21 45,1,100,,38139,2357,0,21 45,1,100,,38152,2357,0,21 45,1
13200,'SA',732,,38172,2357,0,21 45,1,100,,38159,2357,0,21 45,1,100,,38154,2357,0,21 45,1,103,,38155,2357,0,21 45,1,97,,38160,2357,0,21 45,1,104,,38156,2357,0,21 45,1,96,,38171,2357,0,21 45,1,104,,38161,2357,0,21 45,1,96,,38163,2357,0,21 45,1,100,,38157,2357,0,21 45,1,100,,38162,2357,0,21 45,1,102,,38164,2357,0,21 45,1,98,,38166,2357,0,21 45,1,100,,38165,2357,0,21 45,1,100,,38168,2357,0,21 45,1,100,,38167,2357,0,21 45,1,100,,38170,2357,0,21 45,1,100,,38169,2357,0,21 45,1,100,,38158,2357,0,21 45,1
13200,'SE',643,,50121,2357,0,21 45,1,63,,50133,2357,0,21 45,1,20,,50132,2357,0,21 45,1,22,,50130,2357,0,21 45,1,58,,50122,2357,0,21 45,1,22,,50134,2357,0,21 45,1,80,,50131,2357,0,21 45,1,96,,50127,2357,0,21 45,1,99,,50140,2357,0,21 45,1,56,,50125,2357,0,21 45,1,100,,50141,2357,0,21 45,1,148,,50144,2357,0,21 45,1,93,,50123,2357,0,21 45,1,24,,50135,2357,0,21 45,1,20,,50137,2357,0,21 45,1,60,,50129,2357,0,21 45,1,21,,50124,2357,0,21 45,1,20,,50136,2357,0,21 45,1,60,,50142,2357,0,21 45,1,21,,50128,2357,0,21 45,1,21,,50126,2357,0,21 45,1,59,,50139,2357,0,21 45,1,20,,50143,2357,0,21 45,1,19,,50138,2357,0,21 45,1
72001,'F2',535,,51169,2357,,,2,75,,51174,2357,,,2,35,,51170,2357,,,2,75,,51175,2357,,,2,35,,51171,2357,,,2,75,,51176,2357,,,2,75,,51172,2357,,,2,35,,51177,2357,,,2,75,,51173,2357,,,2,35,,51178,2357,,,2,75,,51179,2357,,,2,75,,51184,2357,,,2,35,,51180,2357,,,2,75,,51185,2357,,,2,35,,51181,2357,,,2,75,,51186,2357,,,2,35,,51182,2357,,,2,75,,51187,2357,,,2,75,,51183,2357,,,2,35,,51188,2357,,,2,75,,51192,2357,,,2,35,,51189,2357,,,2,75,,51193,2357,,,2,75,,51190,2357,,,2,35,,51194,2357,,,2,75,,51191,2357,,,2,35,,51195,2357,,,2,75,,51197,2357,,,2,35,,51196,2357,,,2,75,,51198,2357,,,2,75,,51201,2357,,,2,35,,51199,2357,,,2,75,,51202,2357,,,2,35,,51200,2357,,,2,75,,51203,2357,,,2
72001,'F8',535,,41061,2357,,,2,75,,41066,2357,,,2,35,,41062,2357,,,2,75,,41067,2357,,,2,35,,41063,2357,,,2,75,,41068,2357,,,2,75,,41064,2357,,,2,35,,41069,2357,,,2,75,,41065,2357,,,2,35,,41070,2357,,,2,75,,41071,2357,,,2,75,,41076,2357,,,2,35,,41072,2357,,,2,75,,41077,2357,,,2,35,,41073,2357,,,2,75,,41078,2357,,,2,35,,41074,2357,,,2,75,,41079,2357,,,2,75,,41075,2357,,,2,35,,41080,2357,,,2,75,,41084,2357,,,2,35,,41081,2357,,,2,75,,41085,2357,,,2,75,,41082,2357,,,2,35,,41086,2357,,,2,75,,41083,2357,,,2,35,,41087,2357,,,2,75,,41089,2357,,,2,35,,41088,2357,,,2,75,,41090,2357,,,2,75,,41093,2357,,,2,35,,41091,2357,,,2,75,,41094,2357,,,2,35,,41092,2357,,,2,75,,41095,2357,,,2
72001,'F9',535,,41096,2357,,,2,75,,41099,2357,,,2,35,,41097,2357,,,2,75,,41100,2357,,,2,35,,41098,2357,,,2,75,,41101,2357,,,2,75,,41104,2357,,,2,35,,41102,2357,,,2,75,,41105,2357,,,2,35,,41103,2357,,,2,75,,41106,2357,,,2,75,,41109,2357,,,2,35,,41107,2357,,,2,75,,41110,2357,,,2,35,,41108,2357,,,2,75,,41111,2357,,,2,35,,41114,2357,,,2,75,,41112,2357,,,2,75,,41115,2357,,,2,35,,41113,2357,,,2,75,,41116,2357,,,2,35,,41119,2357,,,2,75,,41117,2357,,,2,75,,41120,2357,,,2,35,,41118,2357,,,2,75,,41121,2357,,,2,35,,41122,2357,,,2,75,,41127,2357,,,2,35,,41123,2357,,,2,75,,41128,2357,,,2,75,,41124,2357,,,2,35,,41129,2357,,,2,75,,41125,2357,,,2,35,,41130,2357,,,2,75,,41126,2357,,,2
72501,'F2',536,,51515,2357,,,2,20,,51524,2357,,,2,60,,51529,2357,,,2,20,,51520,2357,,,2,20,,51516,2357,,,2,60,,51525,2357,,,2,20,,51530,2357,,,2,20,,51521,2357,,,2,60,,51517,2357,,,2,20,,51526,2357,,,2,20,,51531,2357,,,2,60,,51522,2357,,,2,20,,51518,2357,,,2,20,,51527,2357,,,2,50,,51532,2357,,,2,10,,51539,2357,,,2,10,,51523,2357,,,2,10,,51544,2357,,,2,10,,51519,2357,,,2,10,,51534,2357,,,2,50,,51528,2357,,,2,10,,51533,2357,,,2,10,,51540,2357,,,2,10,,51549,2357,,,2,10,,51545,2357,,,2,10,,51552,2357,,,2,50,,51535,2357,,,2,10,,51558,2357,,,2,10,,51563,2357,,,2,10,,51541,2357,,,2,10,,51550,2357,,,2,10,,51546,2357,,,2,50,,51553,2357,,,2,10,,51536,2357,,,2,10,,51559,2357,,,2,10,,51564,2357,,,2,10,,51542,2357,,,2,10,,51551,2357,,,2,50,,51547,2357,,,2,10,,51554,2357,,,2,10,,51537,2357,,,2,10,,51560,2357,,,2,10,,51565,2357,,,2,10,,51543,2357,,,2,50,,51566,2357,,,2,10,,51548,2357,,,2,10,,51555,2357,,,2,10,,51538,2357,,,2,10,,51561,2357,,,2,10,,51570,2357,,,2,50,,51574,2357,,,2,10,,51567,2357,,,2,10,,51579,2357,,,2,10,,51556,2357,,,2,10,,51584,2357,,,2,10,,51562,2357,,,2,50,,51571,2357,,,2,10,,51575,2357,,,2,10,,51568,2357,,,2,10,,51580,2357,,,2,10,,51557,2357,,,2,10,,51585,2357,,,2,50,,51588,2357,,,2,10,,51572,2357,,,2,10,,51576,2357,,,2,10,,51569,2357,,,2,10,,51581,2357,,,2,10,,51593,2357,,,2,50,,51586,2357,,,2,10,,51589,2357,,,2,10,,51573,2357,,,2,10,,51577,2357,,,2,10,,51597,2357,,,2,10,,51582,2357,,,2,50,,51594,2357,,,2,10,,51587,2357,,,2,10,,51590,2357,,,2,10,,51602,2357,,,2,10,,51578,2357,,,2,10,,51598,2357,,,2,50,,51583,2357,,,2,10,,51595,2357,,,2,10,,51606,2357,,,2,10,,51591,2357,,,2,10,,51603,2357,,,2,10,,51514,2357,,,2,50,,51599,2357,,,2,10,,51609,2357,,,2,10,,51596,2357,,,2,10,,51607,2357,,,2,10,,51592,2357,,,2,10,,51604,2357,,,2,60,,51600,2357,,,2,20,,51610,2357,,,2,20,,51608,2357,,,2,60,,51605,2357,,,2,20,,51601,2357,,,2,20,,51611,2357,,,2
72501,'F8',536,,42817,2357,,,2,20,,42826,2357,,,2,60,,42831,2357,,,2,20,,42822,2357,,,2,20,,42818,2357,,,2,60,,42827,2357,,,2,20,,42832,2357,,,2,20,,42823,2357,,,2,60,,42819,2357,,,2,20,,42828,2357,,,2,20,,42833,2357,,,2,60,,42824,2357,,,2,20,,42820,2357,,,2,20,,42829,2357,,,2,50,,42834,2357,,,2,10,,42841,2357,,,2,10,,42825,2357,,,2,10,,42846,2357,,,2,10,,42821,2357,,,2,10,,42836,2357,,,2,50,,42830,2357,,,2,10,,42835,2357,,,2,10,,42842,2357,,,2,10,,42851,2357,,,2,10,,42847,2357,,,2,10,,42854,2357,,,2,50,,42837,2357,,,2,10,,42860,2357,,,2,10,,42865,2357,,,2,10,,42843,2357,,,2,10,,42852,2357,,,2,10,,42848,2357,,,2,50,,42855,2357,,,2,10,,42838,2357,,,2,10,,42861,2357,,,2,10,,42866,2357,,,2,10,,42844,2357,,,2,10,,42853,2357,,,2,50,,42849,2357,,,2,10,,42856,2357,,,2,10,,42839,2357,,,2,10,,42862,2357,,,2,10,,42867,2357,,,2,10,,42845,2357,,,2,50,,42868,2357,,,2,10,,42850,2357,,,2,10,,42857,2357,,,2,10,,42840,2357,,,2,10,,42863,2357,,,2,10,,42872,2357,,,2,50,,42876,2357,,,2,10,,42869,2357,,,2,10,,42881,2357,,,2,10,,42858,2357,,,2,10,,42886,2357,,,2,10,,42864,2357,,,2,50,,42873,2357,,,2,10,,42877,2357,,,2,10,,42870,2357,,,2,10,,42882,2357,,,2,10,,42859,2357,,,2,10,,42887,2357,,,2,50,,42890,2357,,,2,10,,42874,2357,,,2,10,,42878,2357,,,2,10,,42871,2357,,,2,10,,42883,2357,,,2,10,,42895,2357,,,2,50,,42888,2357,,,2,10,,42891,2357,,,2,10,,42875,2357,,,2,10,,42879,2357,,,2,10,,42899,2357,,,2,10,,42884,2357,,,2,50,,42896,2357,,,2,10,,42889,2357,,,2,10,,42892,2357,,,2,10,,42904,2357,,,2,10,,42880,2357,,,2,10,,42900,2357,,,2,50,,42885,2357,,,2,10,,42897,2357,,,2,10,,42908,2357,,,2,10,,42893,2357,,,2,10,,42905,2357,,,2,10,,42816,2357,,,2,50,,42901,2357,,,2,10,,42911,2357,,,2,10,,42898,2357,,,2,10,,42909,2357,,,2,10,,42894,2357,,,2,10,,42906,2357,,,2,60,,42902,2357,,,2,20,,42912,2357,,,2,20,,42910,2357,,,2,60,,42907,2357,,,2,20,,42903,2357,,,2,20,,42913,2357,,,2
72501,'F9',536,,42914,2357,,,2,20,,42924,2357,,,2,60,,42929,2357,,,2,20,,42919,2357,,,2,20,,42915,2357,,,2,60,,42925,2357,,,2,20,,42930,2357,,,2,20,,42920,2357,,,2,60,,42916,2357,,,2,20,,42926,2357,,,2,20,,42931,2357,,,2,60,,42921,2357,,,2,20,,42917,2357,,,2,20,,42927,2357,,,2,50,,42932,2357,,,2,10,,42937,2357,,,2,10,,42922,2357,,,2,10,,42941,2357,,,2,10,,42918,2357,,,2,10,,42933,2357,,,2,50,,42928,2357,,,2,10,,42945,2357,,,2,10,,42938,2357,,,2,10,,42923,2357,,,2,10,,42942,2357,,,2,10,,42949,2357,,,2,50,,42934,2357,,,2,10,,42960,2357,,,2,10,,42946,2357,,,2,10,,42939,2357,,,2,10,,42955,2357,,,2,10,,42943,2357,,,2,50,,42950,2357,,,2,10,,42935,2357,,,2,10,,42961,2357,,,2,10,,42947,2357,,,2,10,,42940,2357,,,2,10,,42956,2357,,,2,50,,42944,2357,,,2,10,,42951,2357,,,2,10,,42936,2357,,,2,10,,42962,2357,,,2,10,,42948,2357,,,2,10,,42965,2357,,,2,50,,42957,2357,,,2,10,,42969,2357,,,2,10,,42952,2357,,,2,10,,42973,2357,,,2,10,,42963,2357,,,2,10,,42977,2357,,,2,50,,42966,2357,,,2,10,,42958,2357,,,2,10,,42970,2357,,,2,10,,42953,2357,,,2,10,,42974,2357,,,2,10,,42964,2357,,,2,50,,42978,2357,,,2,10,,42967,2357,,,2,10,,42959,2357,,,2,10,,42971,2357,,,2,10,,42954,2357,,,2,10,,42975,2357,,,2,60,,42979,2357,,,2,20,,42968,2357,,,2,20,,42972,2357,,,2,60,,42976,2357,,,2,20,,42980,2357,,,2,20,,42981,2357,,,2,60,,42985,2357,,,2,20,,42989,2357,,,2,20,,42993,2357,,,2,60,,42982,2357,,,2,20,,42986,2357,,,2,20,,42990,2357,,,2,60,,42994,2357,,,2,20,,42983,2357,,,2,20,,42987,2357,,,2,60,,42991,2357,,,2,20,,42995,2357,,,2,20,,42984,2357,,,2,60,,42988,2357,,,2,15,,42992,2357,,,2
