400,'DI',630,,52302,1407,,,1,70,,52320,1407,,,1,30,,52312,1407,,,1,70,,52310,1407,,,1,32,,52303,1407,,,1,70,,52321,1407,,,1,32,,52313,1407,,,1,70,,52323,1407,,,1,30,,52304,1407,,,1,71,,52322,1407,,,1,30,,52314,1407,,,1,67,,52324,1407,,,1,31,,52305,1407,,,1,72,,52329,1407,,,1,30,,52327,1407,,,1,68,,52317,1407,,,1,31,,52306,1407,,,1,69,,52325,1407,,,1,30,,52330,1407,,,1,72,,52315,1407,,,1,30,,52307,1407,,,1,70,,52326,1407,,,1,30,,52331,1407,,,1,72,,52316,1407,,,1,28,,52318,1407,,,1,70,,52332,1407,,,1,30,,52328,1407,,,1,70,,52333,1407,,,1,30,,52319,1407,,,1,70,,52311,1407,,,1,30,,52334,1407,,,1,70,,52336,1407,,,1,100,,52335,1407,,,1,100,,52308,1407,,,1
400,'F1',630,,52337,1407,,,1,70,,52355,1407,,,1,30,,52347,1407,,,1,70,,52345,1407,,,1,32,,52338,1407,,,1,70,,52356,1407,,,1,32,,52348,1407,,,1,70,,52358,1407,,,1,30,,52339,1407,,,1,71,,52357,1407,,,1,30,,52349,1407,,,1,67,,52359,1407,,,1,31,,52340,1407,,,1,72,,52364,1407,,,1,30,,52362,1407,,,1,68,,52352,1407,,,1,31,,52341,1407,,,1,69,,52360,1407,,,1,30,,52365,1407,,,1,72,,52350,1407,,,1,30,,52342,1407,,,1,70,,52361,1407,,,1,30,,52366,1407,,,1,72,,52351,1407,,,1,28,,52353,1407,,,1,70,,52367,1407,,,1,30,,52363,1407,,,1,70,,52368,1407,,,1,30,,52354,1407,,,1,70,,52346,1407,,,1,30,,52369,1407,,,1,70,,52371,1407,,,1,100,,52370,1407,,,1,100,,52343,1407,,,1
400,'F2',630,,52391,1407,,,1,70,,52375,1407,,,1,30,,52380,1407,,,1,70,,52374,1407,,,1,32,,52392,1407,,,1,70,,52376,1407,,,1,32,,52381,1407,,,1,71,,52383,1407,,,1,30,,52393,1407,,,1,70,,52377,1407,,,1,30,,52382,1407,,,1,70,,52399,1407,,,1,30,,52397,1407,,,1,70,,52372,1407,,,1,30,,52384,1407,,,1,70,,52390,1407,,,1,30,,52385,1407,,,1,70,,52395,1407,,,1,30,,52378,1407,,,1,70,,52398,1407,,,1,30,,52394,1407,,,1,70,,52379,1407,,,1,30,,52387,1407,,,1,70,,52389,1407,,,1,30,,52401,1407,,,1,70,,52386,1407,,,1,30,,52404,1407,,,1,70,,52402,1407,,,1,30,,52403,1407,,,1,70,,52396,1407,,,1,30,,52405,1407,,,1,70,,52406,1407,,,1,100,,52400,1407,,,1,100,,52388,1407,,,1
400,'SA',630,,52426,1407,,,1,70,,52410,1407,,,1,30,,52415,1407,,,1,70,,52409,1407,,,1,32,,52427,1407,,,1,70,,52411,1407,,,1,32,,52416,1407,,,1,71,,52418,1407,,,1,30,,52428,1407,,,1,70,,52412,1407,,,1,30,,52417,1407,,,1,70,,52434,1407,,,1,30,,52432,1407,,,1,70,,52407,1407,,,1,30,,52419,1407,,,1,70,,52425,1407,,,1,30,,52420,1407,,,1,70,,52430,1407,,,1,30,,52413,1407,,,1,70,,52433,1407,,,1,30,,52429,1407,,,1,70,,52414,1407,,,1,30,,52422,1407,,,1,70,,52424,1407,,,1,30,,52436,1407,,,1,70,,52421,1407,,,1,30,,52439,1407,,,1,70,,52437,1407,,,1,30,,52438,1407,,,1,70,,52431,1407,,,1,30,,52440,1407,,,1,70,,52441,1407,,,1,100,,52435,1407,,,1,100,,52423,1407,,,1
400,'SE',556,,52468,1407,,,1,60,,52475,1407,,,1,15,,52476,1407,,,1,20,,52467,1407,,,1,66,,52478,1407,,,1,18,,52470,1407,,,1,24,,52479,1407,,,1,51,,52483,1407,,,1,32,,52474,1407,,,1,13,,52453,1407,,,1,63,,52442,1407,,,1,31,,52455,1407,,,1,70,,52447,1407,,,1,30,,52448,1407,,,1,70,,52449,1407,,,1,30,,52451,1407,,,1,70,,52460,1407,,,1,30,,52461,1407,,,1,70,,52450,1407,,,1,29,,52446,1407,,,1,69,,52443,1407,,,1,31,,52477,1407,,,1,66,,52482,1407,,,1,34,,52480,1407,,,1,70,,52471,1407,,,1,30,,52472,1407,,,1,70,,52481,1407,,,1,24,,52459,1407,,,1,60,,52454,1407,,,1,35,,52464,1407,,,1,74,,52457,1407,,,1,30,,52444,1407,,,1,70,,52463,1407,,,1,30,,52465,1407,,,1,70,,52462,1407,,,1,30,,52452,1407,,,1,69,,52458,1407,,,1,30,,52466,1407,,,1,100,,52456,1407,,,1,100,,52445,1407,,,1
2101,'DI',547,,55843,2251,,,1,70,,55842,2251,,,1,30,,55853,2251,,,1,69,,55850,2251,,,1,30,,55860,2251,,,1,70,,55849,2251,,,1,31,,55857,2251,,,1,70,,55874,2251,,,1,30,,55848,2251,,,1,67,,55851,2251,,,1,33,,55854,2251,,,1,70,,55862,2251,,,1,32,,55852,2251,,,1,70,,55870,2251,,,1,31,,55844,2251,,,1,71,,55868,2251,,,1,30,,55861,2251,,,1,70,,55858,2251,,,1,30,,55866,2251,,,1,70,,55869,2251,,,1,30,,55855,2251,,,1,70,,55867,2251,,,1,30,,55845,2251,,,1,70,,55859,2251,,,1,30,,55873,2251,,,1,70,,55865,2251,,,1,29,,55863,2251,,,1,67,,55838,2251,,,1,30,,55856,2251,,,1,70,,55872,2251,,,1,30,,55846,2251,,,1,70,,55871,2251,,,1,30,,55835,2251,,,1,70,,55837,2251,,,1,30,,55864,2251,,,1,70,,55847,2251,,,1,30,,55840,2251,,,1,70,,55839,2251,,,1,30,,55841,2251,,,1,70,,55836,2251,,,1
2101,'F1',547,,55883,2251,,,1,70,,55882,2251,,,1,30,,55893,2251,,,1,69,,55890,2251,,,1,30,,55900,2251,,,1,70,,55889,2251,,,1,31,,55897,2251,,,1,70,,55914,2251,,,1,30,,55888,2251,,,1,67,,55891,2251,,,1,33,,55894,2251,,,1,70,,55902,2251,,,1,32,,55892,2251,,,1,70,,55910,2251,,,1,31,,55884,2251,,,1,71,,55908,2251,,,1,30,,55901,2251,,,1,70,,55898,2251,,,1,30,,55906,2251,,,1,70,,55909,2251,,,1,30,,55895,2251,,,1,70,,55907,2251,,,1,30,,55885,2251,,,1,70,,55899,2251,,,1,30,,55913,2251,,,1,70,,55905,2251,,,1,29,,55903,2251,,,1,67,,55878,2251,,,1,30,,55896,2251,,,1,70,,55912,2251,,,1,30,,55886,2251,,,1,70,,55911,2251,,,1,30,,55875,2251,,,1,70,,55877,2251,,,1,30,,55904,2251,,,1,70,,55887,2251,,,1,30,,55880,2251,,,1,70,,55879,2251,,,1,30,,55881,2251,,,1,70,,55876,2251,,,1
2101,'F2',547,,55917,2251,,,1,70,,55919,2251,,,1,30,,55948,2251,,,1,70,,55918,2251,,,1,31,,55938,2251,,,1,70,,55929,2251,,,1,30,,55920,2251,,,1,70,,55949,2251,,,1,30,,55944,2251,,,1,65,,55941,2251,,,1,31,,55933,2251,,,1,74,,55936,2251,,,1,33,,55942,2251,,,1,66,,55950,2251,,,1,34,,55927,2251,,,1,70,,55953,2251,,,1,30,,55945,2251,,,1,70,,55937,2251,,,1,30,,55921,2251,,,1,70,,55954,2251,,,1,30,,55946,2251,,,1,70,,55932,2251,,,1,30,,55922,2251,,,1,70,,55939,2251,,,1,30,,55947,2251,,,1,70,,55926,2251,,,1,29,,55923,2251,,,1,67,,55940,2251,,,1,30,,55951,2251,,,1,70,,55943,2251,,,1,30,,55915,2251,,,1,70,,55934,2251,,,1,30,,55924,2251,,,1,70,,55928,2251,,,1,30,,55930,2251,,,1,70,,55916,2251,,,1,30,,55952,2251,,,1,70,,55935,2251,,,1,30,,55931,2251,,,1,70,,55925,2251,,,1
2101,'SA',547,,55957,2251,,,1,70,,55959,2251,,,1,30,,55988,2251,,,1,70,,55958,2251,,,1,31,,55978,2251,,,1,70,,55969,2251,,,1,30,,55960,2251,,,1,70,,55989,2251,,,1,30,,55984,2251,,,1,65,,55981,2251,,,1,31,,55973,2251,,,1,74,,55976,2251,,,1,33,,55982,2251,,,1,66,,55990,2251,,,1,34,,55967,2251,,,1,70,,55993,2251,,,1,30,,55985,2251,,,1,70,,55977,2251,,,1,30,,55961,2251,,,1,70,,55994,2251,,,1,30,,55986,2251,,,1,70,,55972,2251,,,1,30,,55962,2251,,,1,70,,55979,2251,,,1,30,,55987,2251,,,1,70,,55966,2251,,,1,29,,55963,2251,,,1,67,,55980,2251,,,1,30,,55991,2251,,,1,70,,55983,2251,,,1,30,,55955,2251,,,1,70,,55974,2251,,,1,30,,55964,2251,,,1,70,,55968,2251,,,1,30,,55970,2251,,,1,70,,55956,2251,,,1,30,,55992,2251,,,1,70,,55975,2251,,,1,30,,55971,2251,,,1,70,,55965,2251,,,1
2101,'SE',443,,55997,2251,,,1,86,,55996,2251,,,1,27,,56025,2251,,,1,55,,45788,2251,,,1,15,,56021,2251,,,1,12,,45786,2251,,,1,10,,56030,2251,,,1,10,,56027,2251,,,1,51,,56022,2251,,,1,10,,56032,2251,,,1,10,,56031,2251,,,1,10,,56023,2251,,,1,13,,45789,2251,,,1,58,,56028,2251,,,1,17,,56033,2251,,,1,23,,56035,2251,,,1,57,,56036,2251,,,1,20,,56010,2251,,,1,21,,56001,2251,,,1,67,,55998,2251,,,1,33,,56000,2251,,,1,70,,55995,2251,,,1,30,,55999,2251,,,1,70,,56005,2251,,,1,33,,56011,2251,,,1,70,,56006,2251,,,1,30,,56012,2251,,,1,73,,56002,2251,,,1,28,,56037,2251,,,1,70,,56026,2251,,,1,33,,56041,2251,,,1,55,,56034,2251,,,1,15,,56024,2251,,,1,15,,56039,2251,,,1,15,,56038,2251,,,1,58,,56029,2251,,,1,19,,56040,2251,,,1,17,,56019,2251,,,1,60,,56016,2251,,,1,26,,56014,2251,,,1,69,,56007,2251,,,1,25,,56017,2251,,,1,30,,56013,2251,,,1,70,,56015,2251,,,1,29,,56008,2251,,,1,70,,56009,2251,,,1,30,,56003,2251,,,1,100,,56020,2251,,,1,99,,56018,2251,,,1,95,,56004,2251,,,1
3200,'DI',602,,56554,1407,0,44,1,101,,56555,1407,0,44,1,99,,56556,1407,0,44,1,101,,56562,1407,0,44,1,100,,56561,1407,0,44,1,100,,56557,1407,0,44,1,100,,56558,1407,0,44,1,100,,56565,1407,0,44,1,98,,56563,1407,0,44,1,104,,56559,1407,0,44,1,96,,56566,1407,0,44,1,101,,56564,1407,0,44,1,100,,56567,1407,0,44,1,101,,56570,1407,0,44,1,100,,56568,1407,0,44,1,100,,56572,1407,0,44,1,100,,56571,1407,0,44,1,100,,56569,1407,0,44,1,100,,56573,1407,0,44,1,100,,56560,1407,0,44,1
3200,'F1',602,,56574,1407,0,44,1,101,,56575,1407,0,44,1,99,,56576,1407,0,44,1,101,,56582,1407,0,44,1,100,,56581,1407,0,44,1,100,,56577,1407,0,44,1,100,,56578,1407,0,44,1,100,,56585,1407,0,44,1,98,,56583,1407,0,44,1,104,,56579,1407,0,44,1,96,,56586,1407,0,44,1,101,,56584,1407,0,44,1,100,,56587,1407,0,44,1,101,,56590,1407,0,44,1,100,,56588,1407,0,44,1,100,,56592,1407,0,44,1,100,,56591,1407,0,44,1,100,,56589,1407,0,44,1,100,,56593,1407,0,44,1,100,,56580,1407,0,44,1
3200,'F2',602,,56595,1407,0,44,1,101,,56596,1407,0,44,1,56,,56601,1407,0,44,1,142,,56603,1407,0,44,1,101,,56594,1407,0,44,1,101,,56602,1407,0,44,1,99,,56604,1407,0,44,1,102,,56605,1407,0,44,1,102,,56607,1407,0,44,1,97,,56597,1407,0,44,1,98,,56606,1407,0,44,1,101,,56608,1407,0,44,1,100,,56598,1407,0,44,1,101,,56609,1407,0,44,1,100,,56613,1407,0,44,1,100,,56611,1407,0,44,1,100,,56610,1407,0,44,1,100,,56599,1407,0,44,1,100,,56612,1407,0,44,1,100,,56600,1407,0,44,1
3200,'SA',602,,56615,1407,0,44,1,101,,56616,1407,0,44,1,56,,56621,1407,0,44,1,142,,56623,1407,0,44,1,101,,56614,1407,0,44,1,101,,56622,1407,0,44,1,99,,56624,1407,0,44,1,102,,56625,1407,0,44,1,102,,56627,1407,0,44,1,97,,56617,1407,0,44,1,98,,56626,1407,0,44,1,101,,56628,1407,0,44,1,100,,56618,1407,0,44,1,101,,56629,1407,0,44,1,100,,56633,1407,0,44,1,100,,56631,1407,0,44,1,100,,56630,1407,0,44,1,100,,56619,1407,0,44,1,100,,56632,1407,0,44,1,100,,56620,1407,0,44,1
3200,'SE',612,,56649,1407,,,1,32,,56650,1407,,,1,64,,56655,1407,,,1,31,,56648,1407,,,1,76,,56658,1407,,,1,20,,56634,1407,0,44,1,96,,56641,1407,0,44,1,100,,56636,1407,0,44,1,100,,56647,1407,0,44,1,100,,56640,1407,0,44,1,100,,56642,1407,0,44,1,104,,56644,1407,0,44,1,103,,56656,1407,,,1,68,,56654,1407,,,1,30,,56652,1407,,,1,71,,56657,1407,,,1,25,,56651,1407,,,1,74,,56659,1407,,,1,25,,56653,1407,,,1,74,,56645,1407,0,44,1,31,,56639,1407,0,44,1,100,,56643,1407,0,44,1,100,,56646,1407,0,44,1,100,,56635,1407,0,44,1,100,,56637,1407,0,44,1,101,,56638,1407,0,44,1
13200,'DI',829,,61957,1407,0,21 45,1,100,,61955,1407,0,21 45,1,100,,61959,1407,0,21 45,1,100,,61958,1407,0,21 45,1,100,,61960,1407,0,21 45,1,100,,61956,1407,0,21 45,1,100,,61962,1407,0,21 45,1,105,,61961,1407,0,21 45,1,95,,61964,1407,0,21 45,1,100,,61963,1407,0,21 45,1,101,,61965,1407,0,21 45,1,99,,61970,1407,0,21 45,1,100,,61968,1407,0,21 45,1,100,,61966,1407,0,21 45,1,100,,61971,1407,0,21 45,1,100,,61969,1407,0,21 45,1,100,,61967,1407,0,21 45,1,100,,61972,1407,0,21 45,1
13200,'F1',829,,61975,1407,0,21 45,1,100,,61973,1407,0,21 45,1,100,,61977,1407,0,21 45,1,100,,61976,1407,0,21 45,1,100,,61978,1407,0,21 45,1,100,,61974,1407,0,21 45,1,100,,61980,1407,0,21 45,1,105,,61979,1407,0,21 45,1,95,,61982,1407,0,21 45,1,100,,61981,1407,0,21 45,1,101,,61983,1407,0,21 45,1,99,,61988,1407,0,21 45,1,100,,61986,1407,0,21 45,1,100,,61984,1407,0,21 45,1,100,,61989,1407,0,21 45,1,100,,61987,1407,0,21 45,1,100,,61985,1407,0,21 45,1,100,,61990,1407,0,21 45,1
13200,'F2',729,,61997,1407,0,21 45,1,100,,61992,1407,0,21 45,1,100,,61995,1407,0,21 45,1,103,,61998,1407,0,21 45,1,97,,61991,1407,0,21 45,1,104,,61996,1407,0,21 45,1,96,,61999,1407,0,21 45,1,104,,62000,1407,0,21 45,1,96,,62002,1407,0,21 45,1,100,,61993,1407,0,21 45,1,100,,62001,1407,0,21 45,1,101,,62003,1407,0,21 45,1,99,,62006,1407,0,21 45,1,100,,62004,1407,0,21 45,1,100,,62009,1407,0,21 45,1,100,,62007,1407,0,21 45,1,100,,62005,1407,0,21 45,1,100,,61994,1407,0,21 45,1,100,,62008,1407,0,21 45,1
13200,'SA',729,,62016,1407,0,21 45,1,100,,62011,1407,0,21 45,1,100,,62014,1407,0,21 45,1,103,,62017,1407,0,21 45,1,97,,62010,1407,0,21 45,1,104,,62015,1407,0,21 45,1,96,,62018,1407,0,21 45,1,104,,62019,1407,0,21 45,1,96,,62021,1407,0,21 45,1,100,,62012,1407,0,21 45,1,100,,62020,1407,0,21 45,1,101,,62022,1407,0,21 45,1,99,,62025,1407,0,21 45,1,100,,62023,1407,0,21 45,1,100,,62028,1407,0,21 45,1,100,,62026,1407,0,21 45,1,100,,62024,1407,0,21 45,1,100,,62013,1407,0,21 45,1,100,,62027,1407,0,21 45,1
13200,'SE',640,,62038,1407,0,21 45,1,61,,62041,1407,0,21 45,1,11,,62031,1407,0,21 45,1,9,,62040,1407,0,21 45,1,4,,62033,1407,0,21 45,1,22,,62036,1407,0,21 45,1,58,,62039,1407,0,21 45,1,20,,62042,1407,0,21 45,1,79,,62037,1407,0,21 45,1,97,,62043,1407,0,21 45,1,99,,62035,1407,0,21 45,1,56,,62046,1407,0,21 45,1,100,,62029,1407,0,21 45,1,148,,62052,1407,0,21 45,1,53,,62047,1407,0,21 45,1,64,,62053,1407,0,21 45,1,20,,62049,1407,0,21 45,1,60,,62032,1407,0,21 45,1,21,,62048,1407,0,21 45,1,20,,62051,1407,0,21 45,1,60,,62044,1407,0,21 45,1,21,,62030,1407,0,21 45,1,21,,62034,1407,0,21 45,1,59,,62054,1407,0,21 45,1,20,,62045,1407,0,21 45,1,19,,62050,1407,0,21 45,1
55100,'SE',1642,,63466,8799,,,2
