2900,'DI',656,,27945,9931,,,1,100,,27946,9931,,,1,100,,27947,9931,,,1,100,,27948,9931,,,1,100,,27949,9931,,,1,100,,27950,9931,,,1,100,,27951,9931,,,1,100,,27952,9931,,,1,100,,27953,9931,,,1,100,,27954,9931,,,1,100,,27955,9931,,,1,100,,27956,9931,,,1,100,,27957,9931,,,1,100,,27958,9931,,,1,100,,27959,9931,,,1,100,,27960,9931,,,1,100,,27961,9931,,,1,100,,27962,9931,,,1,160,,27963,9931,,,1
2900,'F1',656,,46036,9931,,,1,100,,46037,9931,,,1,100,,46038,9931,,,1,100,,46039,9931,,,1,100,,46040,9931,,,1,100,,46041,9931,,,1,100,,46042,9931,,,1,100,,46043,9931,,,1,100,,46044,9931,,,1,100,,46045,9931,,,1,100,,46046,9931,,,1,100,,46047,9931,,,1,100,,46048,9931,,,1,100,,46049,9931,,,1,100,,46050,9931,,,1,100,,46051,9931,,,1,100,,46052,9931,,,1,100,,46053,9931,,,1,160,,46054,9931,,,1
2900,'F2',656,,46068,9931,,,1,100,,46069,9931,,,1,100,,46070,9931,,,1,100,,46071,9931,,,1,100,,46072,9931,,,1,100,,46073,9931,,,1,100,,46055,9931,,,1,100,,46056,9931,,,1,99,,46057,9931,,,1,99,,46058,9931,,,1,99,,46059,9931,,,1,148,,46060,9931,,,1,99,,46061,9931,,,1,57,,46062,9931,,,1,99,,46063,9931,,,1,100,,46064,9931,,,1,100,,46065,9931,,,1,100,,46066,9931,,,1,160,,46067,9931,,,1
2900,'F8',656,,28042,9931,,,1,100,,28043,9931,,,1,100,,28044,9931,,,1,100,,28045,9931,,,1,100,,28046,9931,,,1,100,,28047,9931,,,1,100,,28029,9931,,,1,100,,28030,9931,,,1,99,,28031,9931,,,1,99,,28032,9931,,,1,99,,28033,9931,,,1,148,,28034,9931,,,1,99,,28035,9931,,,1,57,,28036,9931,,,1,99,,28037,9931,,,1,100,,28038,9931,,,1,100,,28039,9931,,,1,100,,28040,9931,,,1,160,,28041,9931,,,1
2900,'F9',656,,28048,9931,,,1,100,,28049,9931,,,1,100,,28050,9931,,,1,100,,28051,9931,,,1,100,,28052,9931,,,1,100,,28053,9931,,,1,100,,28054,9931,,,1,100,,28055,9931,,,1,100,,28056,9931,,,1,100,,28057,9931,,,1,100,,28058,9931,,,1,100,,28059,9931,,,1,100,,28060,9931,,,1,100,,28061,9931,,,1,100,,28062,9931,,,1,100,,28063,9931,,,1,100,,28064,9931,,,1,100,,28065,9931,,,1,160,,28066,9931,,,1
2900,'SA',656,,28080,9931,,,1,100,,28081,9931,,,1,100,,28082,9931,,,1,100,,28083,9931,,,1,100,,28084,9931,,,1,100,,28085,9931,,,1,100,,28067,9931,,,1,100,,28068,9931,,,1,99,,28069,9931,,,1,99,,28070,9931,,,1,99,,28071,9931,,,1,148,,28072,9931,,,1,99,,28073,9931,,,1,57,,28074,9931,,,1,99,,28075,9931,,,1,100,,28076,9931,,,1,100,,28077,9931,,,1,100,,28078,9931,,,1,160,,28079,9931,,,1
2900,'SE',625,,46085,9931,,,1,26,,46086,9931,,,1,77,,46075,9931,,,1,27,,46089,9931,,,1,70,,46087,9931,,,1,31,,46078,9931,,,1,103,,46083,9931,,,1,100,,46082,9931,,,1,100,,46081,9931,,,1,100,,46074,9931,,,1,100,,46079,9931,,,1,99,,46090,9931,,,1,75,,46091,9931,,,1,26,,46099,9931,,,1,74,,46077,9931,,,1,20,,46095,9931,,,1,69,,46100,9931,,,1,14,,46076,9931,,,1,68,,46088,9931,,,1,28,,46084,9931,,,1,27,,46080,9931,,,1,99,,46096,9931,,,1,99,,46092,9931,,,1,99,,46093,9931,,,1,99,,46094,9931,,,1,100,,46097,9931,,,1,157,,46098,9931,,,1
8100,'DI',702,,35724,7009,,,1,100,,35713,7009,,,1,103,,35720,7009,,,1,100,,35714,7009,,,1,100,,35722,7009,,,1,100,,35726,7009,,,1,100,,35727,7009,,,1,100,,35717,7009,,,1,100,,35721,7009,,,1,100,,35712,7009,,,1,96,,35725,7009,,,1,108,,35715,7009,,,1,96,,35723,7009,,,1,100,,35716,7009,,,1,100,,35728,7009,,,1,100,,35718,7009,,,1,100,,35730,7009,,,1,100,,35729,7009,,,1,100,,35719,7009,,,1
8100,'F1',702,,49147,7009,,,1,100,,49136,7009,,,1,103,,49143,7009,,,1,100,,49137,7009,,,1,100,,49145,7009,,,1,100,,49149,7009,,,1,100,,49150,7009,,,1,100,,49140,7009,,,1,100,,49144,7009,,,1,100,,49135,7009,,,1,96,,49148,7009,,,1,108,,49138,7009,,,1,96,,49146,7009,,,1,100,,49139,7009,,,1,100,,49151,7009,,,1,100,,49141,7009,,,1,100,,49153,7009,,,1,100,,49152,7009,,,1,100,,49142,7009,,,1
8100,'F2',702,,49165,7009,,,1,100,,49171,7009,,,1,103,,49166,7009,,,1,100,,49167,7009,,,1,100,,49172,7009,,,1,100,,49154,7009,,,1,100,,49156,7009,,,1,100,,49161,7009,,,1,100,,49168,7009,,,1,100,,49173,7009,,,1,100,,49159,7009,,,1,104,,49162,7009,,,1,96,,49169,7009,,,1,100,,49155,7009,,,1,100,,49163,7009,,,1,100,,49158,7009,,,1,100,,49170,7009,,,1,100,,49164,7009,,,1,100,,49160,7009,,,1,100,,49157,7009,,,1
8100,'F8',702,,35809,7009,,,1,100,,35815,7009,,,1,103,,35810,7009,,,1,100,,35811,7009,,,1,100,,35816,7009,,,1,100,,35798,7009,,,1,100,,35800,7009,,,1,100,,35805,7009,,,1,100,,35812,7009,,,1,100,,35817,7009,,,1,100,,35803,7009,,,1,104,,35806,7009,,,1,96,,35813,7009,,,1,100,,35799,7009,,,1,100,,35807,7009,,,1,100,,35802,7009,,,1,100,,35814,7009,,,1,100,,35808,7009,,,1,100,,35804,7009,,,1,100,,35801,7009,,,1
8100,'F9',702,,35830,7009,,,1,100,,35819,7009,,,1,103,,35826,7009,,,1,100,,35820,7009,,,1,100,,35828,7009,,,1,100,,35832,7009,,,1,100,,35833,7009,,,1,100,,35823,7009,,,1,100,,35827,7009,,,1,100,,35818,7009,,,1,96,,35831,7009,,,1,108,,35821,7009,,,1,96,,35829,7009,,,1,100,,35822,7009,,,1,100,,35834,7009,,,1,100,,35824,7009,,,1,100,,35836,7009,,,1,100,,35835,7009,,,1,100,,35825,7009,,,1
8100,'SA',702,,35848,7009,,,1,100,,35854,7009,,,1,103,,35849,7009,,,1,100,,35850,7009,,,1,100,,14262,7009,,,1,100,,35837,7009,,,1,100,,35839,7009,,,1,100,,35844,7009,,,1,100,,35851,7009,,,1,100,,35855,7009,,,1,100,,35842,7009,,,1,104,,35845,7009,,,1,96,,35852,7009,,,1,100,,35838,7009,,,1,100,,35846,7009,,,1,100,,35841,7009,,,1,100,,35853,7009,,,1,100,,35847,7009,,,1,100,,35843,7009,,,1,100,,35840,7009,,,1
8100,'SE',624,,49185,7009,,,1,78,,49197,7009,,,1,30,,49186,7009,,,1,71,,49195,7009,,,1,29,,49176,7009,,,1,76,,49196,7009,,,1,98,,49179,7009,,,1,100,,49189,7009,,,1,100,,49177,7009,,,1,100,,49198,7009,,,1,100,,49187,7009,,,1,100,,49180,7009,,,1,30,,49188,7009,,,1,72,,49184,7009,,,1,30,,49174,7009,,,1,70,,49175,7009,,,1,30,,49190,7009,,,1,70,,49199,7009,,,1,30,,49178,7009,,,1,67,,49193,7009,,,1,100,,49181,7009,,,1,100,,49183,7009,,,1,100,,49194,7009,,,1,100,,49191,7009,,,1,100,,49182,7009,,,1,100,,49192,7009,,,1,100,,49200,7009,,,1
12300,'DI',702,,37610,24147,0,28 30,1,100,,37620,24147,0,28 30,1,100,,37611,24147,0,28 30,1,100,,37621,24147,0,28 30,1,100,,37612,24147,0,28 30,1,100,,37622,24147,0,28 30,1,105,,37613,24147,0,28 30,1,95,,37623,24147,0,28 30,1,100,,37614,24147,0,28 30,1,100,,37624,24147,0,28 30,1,100,,37615,24147,0,28 30,1,100,,37625,24147,0,28 30,1,100,,37616,24147,0,28 30,1,100,,37626,24147,0,28 30,1,100,,37617,24147,0,28 30,1,100,,37627,24147,0,28 30,1,100,,37618,24147,0,28 30,1,100,,37628,24147,0,28 30,1,100,,37619,24147,0,28 30,1
12300,'F1',702,,49910,24147,0,28 30,1,100,,49920,24147,0,28 30,1,100,,49911,24147,0,28 30,1,100,,49921,24147,0,28 30,1,100,,49912,24147,0,28 30,1,100,,49922,24147,0,28 30,1,105,,49913,24147,0,28 30,1,95,,49923,24147,0,28 30,1,100,,49914,24147,0,28 30,1,100,,49924,24147,0,28 30,1,100,,49915,24147,0,28 30,1,100,,49925,24147,0,28 30,1,100,,49916,24147,0,28 30,1,100,,49926,24147,0,28 30,1,100,,49917,24147,0,28 30,1,100,,49927,24147,0,28 30,1,100,,49918,24147,0,28 30,1,100,,49928,24147,0,28 30,1,100,,49919,24147,0,28 30,1
12300,'F2',702,,49930,24147,0,28 30,1,100,,49929,24147,0,28 30,1,100,,49931,24147,0,28 30,1,105,,49940,24147,0,28 30,1,99,,49932,24147,0,28 30,1,100,,49941,24147,0,28 30,1,100,,49933,24147,0,28 30,1,96,,49942,24147,0,28 30,1,100,,49934,24147,0,28 30,1,100,,49943,24147,0,28 30,1,104,,49935,24147,0,28 30,1,101,,49944,24147,0,28 30,1,99,,49936,24147,0,28 30,1,96,,49945,24147,0,28 30,1,100,,49937,24147,0,28 30,1,100,,49946,24147,0,28 30,1,100,,49938,24147,0,28 30,1,100,,49947,24147,0,28 30,1,100,,49939,24147,0,28 30,1
12300,'F8',702,,37705,24147,0,28 30,1,100,,37704,24147,0,28 30,1,100,,37706,24147,0,28 30,1,105,,37715,24147,0,28 30,1,99,,37707,24147,0,28 30,1,100,,37716,24147,0,28 30,1,100,,37708,24147,0,28 30,1,96,,37717,24147,0,28 30,1,100,,37709,24147,0,28 30,1,100,,37718,24147,0,28 30,1,104,,37710,24147,0,28 30,1,101,,37719,24147,0,28 30,1,99,,37711,24147,0,28 30,1,96,,37720,24147,0,28 30,1,100,,37712,24147,0,28 30,1,100,,37721,24147,0,28 30,1,100,,37713,24147,0,28 30,1,100,,37722,24147,0,28 30,1,100,,37714,24147,0,28 30,1
12300,'F9',702,,37723,24147,0,28 30,1,100,,37733,24147,0,28 30,1,100,,37724,24147,0,28 30,1,100,,37734,24147,0,28 30,1,100,,37725,24147,0,28 30,1,100,,37735,24147,0,28 30,1,105,,37726,24147,0,28 30,1,95,,37736,24147,0,28 30,1,100,,37727,24147,0,28 30,1,100,,37737,24147,0,28 30,1,100,,37728,24147,0,28 30,1,100,,37738,24147,0,28 30,1,100,,37729,24147,0,28 30,1,100,,37739,24147,0,28 30,1,100,,37730,24147,0,28 30,1,100,,37740,24147,0,28 30,1,100,,37731,24147,0,28 30,1,100,,37741,24147,0,28 30,1,100,,37732,24147,0,28 30,1
12300,'SA',702,,37743,24147,0,28 30,1,100,,37742,24147,0,28 30,1,100,,37744,24147,0,28 30,1,105,,37753,24147,0,28 30,1,99,,37745,24147,0,28 30,1,100,,37754,24147,0,28 30,1,100,,37746,24147,0,28 30,1,96,,37755,24147,0,28 30,1,100,,37747,24147,0,28 30,1,100,,37756,24147,0,28 30,1,104,,37748,24147,0,28 30,1,101,,37757,24147,0,28 30,1,99,,37749,24147,0,28 30,1,96,,37758,24147,0,28 30,1,100,,37750,24147,0,28 30,1,100,,37759,24147,0,28 30,1,100,,37751,24147,0,28 30,1,100,,37760,24147,0,28 30,1,100,,37752,24147,0,28 30,1
12300,'SE',601,,49961,24147,0,28 30,1,33,,49949,24147,0,28 30,1,15,,49984,24147,0,28 30,1,10,,49964,24147,0,28 30,1,50,,49954,24147,0,28 30,1,10,,49952,24147,0,28 30,1,14,,49967,24147,0,28 30,1,8,,49956,24147,0,28 30,1,12,,49968,24147,0,28 30,1,50,,49953,24147,0,28 30,1,21,,49970,24147,0,28 30,1,17,,49974,24147,0,28 30,1,70,,49965,24147,0,28 30,1,25,,49971,24147,0,28 30,1,69,,49951,24147,0,28 30,1,102,,49972,24147,0,28 30,1,100,,49957,24147,0,28 30,1,99,,49966,24147,0,28 30,1,105,,49958,24147,0,28 30,1,5,,49955,24147,0,28 30,1,93,,49969,24147,0,28 30,1,30,,49959,24147,0,28 30,1,71,,49976,24147,0,28 30,1,26,,49980,24147,0,28 30,1,70,,49975,24147,0,28 30,1,31,,49950,24147,0,28 30,1,71,,49960,24147,0,28 30,1,25,,49977,24147,0,28 30,1,75,,49973,24147,0,28 30,1,28,,49962,24147,0,28 30,1,70,,49981,24147,0,28 30,1,28,,49963,24147,0,28 30,1,70,,49948,24147,0,28 30,1,100,,49982,24147,0,28 30,1,100,,49978,24147,0,28 30,1,55,,49983,24147,0,28 30,1,100,,49979,24147,0,28 30,1
