3100,'SE',631,,46184,4363,,,1,70,,46210,4363,,,1,30,,46188,4363,,,1,71,,46185,4363,,,1,29,,46180,4363,,,1,69,,46178,4363,,,1,30,,46179,4363,,,1,70,,46200,4363,,,1,30,,46181,4363,,,1,70,,46197,4363,,,1,31,,46189,4363,,,1,70,,46203,4363,,,1,30,,46186,4363,,,1,70,,46202,4363,,,1,30,,46182,4363,,,1,70,,46207,4363,,,1,31,,46190,4363,,,1,70,,46195,4363,,,1,30,,46187,4363,,,1,70,,46192,4363,,,1,30,,46194,4363,,,1,70,,46191,4363,,,1,30,,46193,4363,,,1,70,,46183,4363,,,1,30,,46204,4363,,,1,71,,46196,4363,,,1,30,,46206,4363,,,1,70,,46198,4363,,,1,29,,46205,4363,,,1,70,,46209,4363,,,1,29,,46201,4363,,,1,100,,46199,4363,,,1,99,,46208,4363,,,1
21400,'DI',921,,39011,7595,,,1,100,,39012,7595,,,1,100,,39013,7595,,,1,100,,39014,7595,,,1,100,,39015,7595,,,1,100,,39016,7595,,,1,100,,39017,7595,,,1,100,,39018,7595,,,1,100,,39019,7595,,,1,100,,39020,7595,,,1
21400,'F1',921,,50482,7595,,,1,100,,50483,7595,,,1,100,,50484,7595,,,1,100,,50485,7595,,,1,100,,50486,7595,,,1,100,,50487,7595,,,1,100,,50488,7595,,,1,100,,50489,7595,,,1,100,,50490,7595,,,1,100,,50491,7595,,,1
21400,'F2',921,,50492,7595,,,1,100,,50493,7595,,,1,100,,50494,7595,,,1,100,,50495,7595,,,1,100,,50496,7595,,,1,100,,50497,7595,,,1,100,,50498,7595,,,1,100,,50499,7595,,,1,100,,50500,7595,,,1,100,,50501,7595,,,1
21400,'F8',921,,39034,7595,,,1,100,,39035,7595,,,1,100,,39036,7595,,,1,100,,39037,7595,,,1,100,,39038,7595,,,1,100,,39039,7595,,,1,100,,39040,7595,,,1,100,,39041,7595,,,1,100,,39042,7595,,,1,100,,39043,7595,,,1
21400,'F9',921,,39044,7595,,,1,100,,39045,7595,,,1,100,,39046,7595,,,1,100,,39047,7595,,,1,100,,39048,7595,,,1,100,,39049,7595,,,1,100,,39050,7595,,,1,100,,39051,7595,,,1,100,,39052,7595,,,1,100,,39053,7595,,,1
21400,'SA',921,,39054,7595,,,1,100,,39055,7595,,,1,100,,39056,7595,,,1,100,,39057,7595,,,1,100,,39058,7595,,,1,100,,39059,7595,,,1,100,,39060,7595,,,1,100,,39061,7595,,,1,100,,39062,7595,,,1,100,,39063,7595,,,1
84801,'DI',642,,19943,747,,,2,70,,19944,747,,,2,30,,19945,747,,,2,70,,19946,747,,,2,30,,19947,747,,,2,70,,19948,747,,,2,30,,19949,747,,,2,70,,19950,747,,,2,30,,19951,747,,,2,70,,19952,747,,,2,30,,19953,747,,,2,70,,19954,747,,,2,30,,19955,747,,,2,70,,19956,747,,,2,30,,19957,747,,,2,70,,19958,747,,,2,30,,19959,747,,,2,70,,19960,747,,,2,30,,19961,747,,,2,70,,19962,747,,,2,30,,19963,747,,,2,70,,19964,747,,,2,30,,19965,747,,,2,70,,19966,747,,,2,30,,19967,747,,,2,70,,19968,747,,,2,30,,19969,747,,,2,70,,19970,747,,,2,30,,19971,747,,,2,70,,19972,747,,,2,30,,19973,747,,,2,70,,19974,747,,,2,30,,19975,747,,,2,70,,19976,747,,,2,30,,19977,747,,,2,70,,19978,747,,,2,30,,19979,747,,,2
84801,'F1',642,,51686,747,,,2,70,,51687,747,,,2,30,,51688,747,,,2,70,,51689,747,,,2,30,,51690,747,,,2,70,,51691,747,,,2,30,,51692,747,,,2,70,,51693,747,,,2,30,,51694,747,,,2,70,,51695,747,,,2,30,,51696,747,,,2,70,,51697,747,,,2,30,,51698,747,,,2,70,,51699,747,,,2,30,,51700,747,,,2,70,,51701,747,,,2,30,,51702,747,,,2,70,,51703,747,,,2,30,,51704,747,,,2,70,,51705,747,,,2,30,,51706,747,,,2,70,,51707,747,,,2,30,,51708,747,,,2,70,,51709,747,,,2,30,,51710,747,,,2,70,,51711,747,,,2,30,,51712,747,,,2,70,,51713,747,,,2,30,,51714,747,,,2,70,,51715,747,,,2,30,,51716,747,,,2,70,,51717,747,,,2,30,,51718,747,,,2,70,,51719,747,,,2,30,,51720,747,,,2,70,,51721,747,,,2,30,,51722,747,,,2
84801,'F2',642,,51723,747,,,2,70,,51724,747,,,2,30,,51725,747,,,2,70,,51726,747,,,2,30,,51727,747,,,2,70,,51728,747,,,2,30,,51729,747,,,2,70,,51730,747,,,2,30,,51731,747,,,2,70,,51732,747,,,2,30,,51733,747,,,2,70,,51734,747,,,2,30,,51735,747,,,2,70,,51736,747,,,2,30,,51737,747,,,2,70,,51738,747,,,2,30,,51739,747,,,2,70,,51740,747,,,2,30,,51741,747,,,2,70,,51742,747,,,2,30,,51743,747,,,2,70,,51744,747,,,2,30,,51745,747,,,2,70,,51746,747,,,2,30,,51747,747,,,2,70,,51748,747,,,2,30,,51749,747,,,2,70,,51750,747,,,2,30,,51751,747,,,2,70,,51752,747,,,2,30,,51753,747,,,2,70,,51754,747,,,2,30,,51755,747,,,2,70,,51756,747,,,2,30,,51757,747,,,2,70,,51758,747,,,2,30,,51759,747,,,2
84801,'F8',642,,42162,747,,,2,70,,42163,747,,,2,30,,42164,747,,,2,70,,42165,747,,,2,30,,42166,747,,,2,70,,42167,747,,,2,30,,42168,747,,,2,70,,42169,747,,,2,30,,42170,747,,,2,70,,42171,747,,,2,30,,42172,747,,,2,70,,42173,747,,,2,30,,42174,747,,,2,70,,42175,747,,,2,30,,42176,747,,,2,70,,42177,747,,,2,30,,42178,747,,,2,70,,42179,747,,,2,30,,42180,747,,,2,70,,42181,747,,,2,30,,42182,747,,,2,70,,42183,747,,,2,30,,42184,747,,,2,70,,42185,747,,,2,30,,42186,747,,,2,70,,42187,747,,,2,30,,42188,747,,,2,70,,42189,747,,,2,30,,42190,747,,,2,70,,42191,747,,,2,30,,42192,747,,,2,70,,42193,747,,,2,30,,42194,747,,,2,70,,42195,747,,,2,30,,42196,747,,,2,70,,42197,747,,,2,30,,42198,747,,,2
84801,'F9',642,,42199,747,,,2,70,,42200,747,,,2,30,,42201,747,,,2,70,,42202,747,,,2,30,,42203,747,,,2,70,,42204,747,,,2,30,,42205,747,,,2,70,,42206,747,,,2,30,,42207,747,,,2,70,,42208,747,,,2,30,,42209,747,,,2,70,,42210,747,,,2,30,,42211,747,,,2,70,,42212,747,,,2,30,,42213,747,,,2,70,,42214,747,,,2,30,,42215,747,,,2,70,,42216,747,,,2,30,,42217,747,,,2,70,,42218,747,,,2,30,,42219,747,,,2,70,,42220,747,,,2,30,,42221,747,,,2,70,,42222,747,,,2,30,,42223,747,,,2,70,,42224,747,,,2,30,,42225,747,,,2,70,,42226,747,,,2,30,,42227,747,,,2,70,,42228,747,,,2,30,,42229,747,,,2,70,,42230,747,,,2,30,,42231,747,,,2,70,,42232,747,,,2,30,,42233,747,,,2,70,,42234,747,,,2,30,,42235,747,,,2
84801,'SA',642,,20091,747,,,2,70,,20092,747,,,2,30,,20093,747,,,2,70,,20094,747,,,2,30,,20095,747,,,2,70,,20096,747,,,2,30,,20097,747,,,2,70,,20098,747,,,2,30,,20099,747,,,2,70,,20100,747,,,2,30,,20101,747,,,2,70,,20102,747,,,2,30,,20103,747,,,2,70,,20104,747,,,2,30,,20105,747,,,2,70,,20106,747,,,2,30,,20107,747,,,2,70,,20108,747,,,2,30,,20109,747,,,2,70,,20110,747,,,2,30,,20111,747,,,2,70,,20112,747,,,2,30,,20113,747,,,2,70,,20114,747,,,2,30,,20115,747,,,2,70,,20116,747,,,2,30,,20117,747,,,2,70,,20118,747,,,2,30,,20119,747,,,2,70,,20120,747,,,2,30,,20121,747,,,2,70,,20122,747,,,2,30,,20123,747,,,2,70,,20124,747,,,2,30,,20125,747,,,2,70,,20126,747,,,2,30,,20127,747,,,2
