100,'DI',659,,20128,4569,0,14,1,100,,20129,4569,0,14,1,100,,20130,4569,0,14,1,100,,20131,4569,0,14,1,100,,20132,4569,0,14,1,100,,20133,4569,0,14,1,100,,20134,4569,0,14,1,141,,20135,4569,0,14,1,100,,20136,4569,0,14,1,58,,20138,4569,0,14,1,100,,20139,4569,0,14,1,100,,20140,4569,0,14,1,100,,20141,4569,0,14,1,100,,20142,4569,0,14,1,100,,20143,4569,0,14,1,100,,20144,4569,0,14,1,100,,20145,4569,0,14,1,100,,20148,4569,0,14,1,100,,20146,4569,0,14,1,100,,20147,4569,0,14,1
100,'F1',659,,42996,4569,0,14,1,100,,42997,4569,0,14,1,100,,42998,4569,0,14,1,100,,42999,4569,0,14,1,100,,43000,4569,0,14,1,100,,43001,4569,0,14,1,100,,43002,4569,0,14,1,141,,43003,4569,0,14,1,100,,43004,4569,0,14,1,58,,43006,4569,0,14,1,100,,43007,4569,0,14,1,100,,43008,4569,0,14,1,100,,43009,4569,0,14,1,100,,43010,4569,0,14,1,100,,43011,4569,0,14,1,100,,43012,4569,0,14,1,100,,43013,4569,0,14,1,100,,43016,4569,0,14,1,100,,43014,4569,0,14,1,100,,43015,4569,0,14,1
100,'F2',629,,43039,4569,0,14,1,30,,43028,4569,0,14,1,70,,43040,4569,0,14,1,30,,43029,4569,0,14,1,70,,43041,4569,0,14,1,30,,43030,4569,0,14,1,70,,43043,4569,0,14,1,30,,43031,4569,0,14,1,70,,43044,4569,0,14,1,30,,43032,4569,0,14,1,70,,43045,4569,0,14,1,30,,43033,4569,0,14,1,70,,43046,4569,0,14,1,30,,43034,4569,0,14,1,71,,43050,4569,0,14,1,70,,43035,4569,0,14,1,30,,43051,4569,0,14,1,70,,43036,4569,0,14,1,28,,43047,4569,0,14,1,30,,43017,4569,0,14,1,70,,43048,4569,0,14,1,30,,43018,4569,0,14,1,70,,43049,4569,0,14,1,30,,43019,4569,0,14,1,70,,43038,4569,0,14,1,30,,43020,4569,0,14,1,100,,43021,4569,0,14,1,100,,43022,4569,0,14,1,100,,43023,4569,0,14,1,100,,43024,4569,0,14,1,100,,43025,4569,0,14,1,100,,43026,4569,0,14,1,100,,43027,4569,0,14,1
100,'F8',629,,20280,4569,0,14,1,30,,20269,4569,0,14,1,70,,20281,4569,0,14,1,30,,20270,4569,0,14,1,70,,20282,4569,0,14,1,30,,20271,4569,0,14,1,70,,20284,4569,0,14,1,30,,20272,4569,0,14,1,70,,20285,4569,0,14,1,30,,20273,4569,0,14,1,70,,20286,4569,0,14,1,30,,20274,4569,0,14,1,70,,20287,4569,0,14,1,30,,20275,4569,0,14,1,71,,20291,4569,0,14,1,70,,20276,4569,0,14,1,30,,20292,4569,0,14,1,70,,20277,4569,0,14,1,28,,20288,4569,0,14,1,30,,20258,4569,0,14,1,70,,20289,4569,0,14,1,30,,20259,4569,0,14,1,70,,20290,4569,0,14,1,30,,20260,4569,0,14,1,70,,20279,4569,0,14,1,30,,20261,4569,0,14,1,100,,20262,4569,0,14,1,100,,20263,4569,0,14,1,100,,20264,4569,0,14,1,100,,20265,4569,0,14,1,100,,20266,4569,0,14,1,100,,20267,4569,0,14,1,100,,20268,4569,0,14,1
100,'F9',659,,20293,4569,0,14,1,100,,20294,4569,0,14,1,100,,20295,4569,0,14,1,100,,20296,4569,0,14,1,100,,20297,4569,0,14,1,100,,20298,4569,0,14,1,100,,20299,4569,0,14,1,141,,20300,4569,0,14,1,100,,20301,4569,0,14,1,58,,20303,4569,0,14,1,100,,20304,4569,0,14,1,100,,20305,4569,0,14,1,100,,20306,4569,0,14,1,100,,20307,4569,0,14,1,100,,20308,4569,0,14,1,100,,20309,4569,0,14,1,100,,20310,4569,0,14,1,100,,20313,4569,0,14,1,100,,20311,4569,0,14,1,100,,20312,4569,0,14,1
100,'SA',629,,20325,4569,0,14,1,30,,20314,4569,0,14,1,70,,20326,4569,0,14,1,30,,20315,4569,0,14,1,70,,20327,4569,0,14,1,30,,20316,4569,0,14,1,70,,20329,4569,0,14,1,30,,20317,4569,0,14,1,70,,20330,4569,0,14,1,30,,20318,4569,0,14,1,70,,20331,4569,0,14,1,30,,20319,4569,0,14,1,70,,20332,4569,0,14,1,30,,20320,4569,0,14,1,71,,20336,4569,0,14,1,70,,20321,4569,0,14,1,30,,20337,4569,0,14,1,70,,20322,4569,0,14,1,28,,20333,4569,0,14,1,30,,164,4569,0,14,1,70,,20334,4569,0,14,1,30,,165,4569,0,14,1,70,,20335,4569,0,14,1,30,,166,4569,0,14,1,70,,20324,4569,0,14,1,30,,167,4569,0,14,1,100,,168,4569,0,14,1,100,,169,4569,0,14,1,100,,170,4569,0,14,1,100,,171,4569,0,14,1,100,,172,4569,0,14,1,100,,173,4569,0,14,1,100,,174,4569,0,14,1
100,'SE',551,,43086,4569,0,14,1,76,,43090,4569,0,14,1,29,,43087,4569,0,14,1,75,,43052,4569,0,14,1,69,,43072,4569,0,14,1,35,,43065,4569,0,14,1,80,,43064,4569,0,14,1,30,,43067,4569,0,14,1,70,,43082,4569,0,14,1,30,,43061,4569,0,14,1,70,,43095,4569,0,14,1,30,,43053,4569,0,14,1,71,,43080,4569,0,14,1,30,,43075,4569,0,14,1,70,,43074,4569,0,14,1,30,,43094,4569,0,14,1,70,,43054,4569,0,14,1,30,,43096,4569,0,14,1,72,,43076,4569,0,14,1,18,,43088,4569,0,14,1,21,,43083,4569,0,14,1,55,,43062,4569,0,14,1,19,,43069,4569,0,14,1,12,,43098,4569,0,14,1,62,,43084,4569,0,14,1,12,,20368,4569,0,14,1,12,,43063,4569,0,14,1,15,,43100,4569,0,14,1,12,,43070,4569,0,14,1,55,,43089,4569,0,14,1,15,,43066,4569,0,14,1,20,,43093,4569,0,14,1,68,,43097,4569,0,14,1,30,,43092,4569,0,14,1,70,,43091,4569,0,14,1,30,,43055,4569,0,14,1,70,,43079,4569,0,14,1,30,,43056,4569,0,14,1,100,,43057,4569,0,14,1,99,,43058,4569,0,14,1,100,,43059,4569,0,14,1,99,,43060,4569,0,14,1
600,'DI',636,,22284,4239,,,1,70,,22276,4239,,,1,30,,22272,4239,,,1,71,,22283,4239,,,1,30,,22269,4239,,,1,70,,22261,4239,,,1,31,,22273,4239,,,1,70,,22280,4239,,,1,30,,22257,4239,,,1,69,,1973,4239,,,1,31,,22265,4239,,,1,69,,22258,4239,,,1,30,,22262,4239,,,1,74,,22268,4239,,,1,29,,22259,4239,,,1,70,,22270,4239,,,1,27,,22266,4239,,,1,73,,22263,4239,,,1,30,,22274,4239,,,1,69,,22285,4239,,,1,31,,22277,4239,,,1,67,,22275,4239,,,1,30,,22286,4239,,,1,70,,22278,4239,,,1,29,,22260,4239,,,1,71,,22267,4239,,,1,104,,22281,4239,,,1,100,,22271,4239,,,1,99,,22264,4239,,,1,100,,22256,4239,,,1,100,,22279,4239,,,1,100,,22282,4239,,,1
600,'F1',636,,43870,4239,,,1,70,,43862,4239,,,1,30,,43858,4239,,,1,71,,43869,4239,,,1,30,,43855,4239,,,1,70,,43846,4239,,,1,31,,43859,4239,,,1,70,,43866,4239,,,1,30,,43842,4239,,,1,69,,43847,4239,,,1,31,,43851,4239,,,1,69,,43843,4239,,,1,30,,43848,4239,,,1,74,,43854,4239,,,1,29,,43844,4239,,,1,70,,43856,4239,,,1,27,,43852,4239,,,1,73,,43849,4239,,,1,30,,43860,4239,,,1,69,,43871,4239,,,1,31,,43863,4239,,,1,67,,43861,4239,,,1,30,,43872,4239,,,1,70,,43864,4239,,,1,29,,43845,4239,,,1,71,,43853,4239,,,1,104,,43867,4239,,,1,100,,43857,4239,,,1,99,,43850,4239,,,1,100,,43841,4239,,,1,100,,43865,4239,,,1,100,,43868,4239,,,1
600,'F2',636,,43904,4239,,,1,71,,43893,4239,,,1,29,,43889,4239,,,1,70,,43886,4239,,,1,34,,43890,4239,,,1,66,,43894,4239,,,1,35,,43903,4239,,,1,63,,43891,4239,,,1,32,,43900,4239,,,1,69,,43887,4239,,,1,30,,43880,4239,,,1,77,,43888,4239,,,1,30,,43881,4239,,,1,67,,43873,4239,,,1,31,,43895,4239,,,1,67,,43882,4239,,,1,30,,43874,4239,,,1,70,,43896,4239,,,1,30,,43883,4239,,,1,70,,43875,4239,,,1,30,,43897,4239,,,1,70,,43884,4239,,,1,30,,43876,4239,,,1,70,,43898,4239,,,1,30,,43885,4239,,,1,70,,43901,4239,,,1,105,,43892,4239,,,1,100,,43877,4239,,,1,100,,43879,4239,,,1,100,,43902,4239,,,1,100,,43899,4239,,,1,100,,43878,4239,,,1
600,'F8',636,,22417,4239,,,1,71,,22406,4239,,,1,29,,22402,4239,,,1,70,,22399,4239,,,1,34,,22403,4239,,,1,66,,22407,4239,,,1,35,,22416,4239,,,1,63,,22404,4239,,,1,32,,22413,4239,,,1,69,,22400,4239,,,1,30,,22393,4239,,,1,77,,22401,4239,,,1,30,,22394,4239,,,1,67,,22386,4239,,,1,31,,22408,4239,,,1,67,,22395,4239,,,1,30,,22387,4239,,,1,70,,22409,4239,,,1,30,,22396,4239,,,1,70,,22388,4239,,,1,30,,22410,4239,,,1,70,,22397,4239,,,1,30,,22389,4239,,,1,70,,22411,4239,,,1,30,,22398,4239,,,1,70,,22414,4239,,,1,105,,22405,4239,,,1,100,,22390,4239,,,1,100,,22392,4239,,,1,100,,22415,4239,,,1,100,,22412,4239,,,1,100,,22391,4239,,,1
600,'F9',636,,22447,4239,,,1,70,,22439,4239,,,1,30,,22435,4239,,,1,71,,22446,4239,,,1,30,,22432,4239,,,1,70,,22423,4239,,,1,31,,22436,4239,,,1,70,,22443,4239,,,1,30,,22419,4239,,,1,69,,22424,4239,,,1,31,,22428,4239,,,1,69,,22420,4239,,,1,30,,22425,4239,,,1,74,,22431,4239,,,1,29,,22421,4239,,,1,70,,22433,4239,,,1,27,,22429,4239,,,1,73,,22426,4239,,,1,30,,22437,4239,,,1,69,,22448,4239,,,1,31,,22440,4239,,,1,67,,22438,4239,,,1,30,,22449,4239,,,1,70,,22441,4239,,,1,29,,22422,4239,,,1,71,,22430,4239,,,1,104,,22444,4239,,,1,100,,22434,4239,,,1,99,,22427,4239,,,1,100,,22418,4239,,,1,100,,22442,4239,,,1,100,,22445,4239,,,1
600,'SA',636,,22481,4239,,,1,71,,22470,4239,,,1,29,,22466,4239,,,1,70,,22463,4239,,,1,34,,22467,4239,,,1,66,,22471,4239,,,1,35,,22480,4239,,,1,63,,22468,4239,,,1,32,,22477,4239,,,1,69,,22464,4239,,,1,30,,22457,4239,,,1,77,,22465,4239,,,1,30,,22458,4239,,,1,67,,22450,4239,,,1,31,,22472,4239,,,1,67,,22459,4239,,,1,30,,22451,4239,,,1,70,,22473,4239,,,1,30,,22460,4239,,,1,70,,22452,4239,,,1,30,,22474,4239,,,1,70,,22461,4239,,,1,30,,22453,4239,,,1,70,,22475,4239,,,1,30,,22462,4239,,,1,70,,22478,4239,,,1,105,,22469,4239,,,1,100,,22454,4239,,,1,100,,22456,4239,,,1,100,,22479,4239,,,1,100,,22476,4239,,,1,100,,22455,4239,,,1
600,'SE',547,,43911,4239,,,1,70,,43936,4239,,,1,30,,43917,4239,,,1,71,,43937,4239,,,1,32,,43916,4239,,,1,67,,43931,4239,,,1,33,,43932,4239,,,1,69,,43922,4239,,,1,30,,43924,4239,,,1,70,,43906,4239,,,1,30,,43940,4239,,,1,70,,43918,4239,,,1,30,,43929,4239,,,1,70,,43934,4239,,,1,30,,43919,4239,,,1,70,,43912,4239,,,1,30,,43925,4239,,,1,71,,43930,4239,,,1,29,,43905,4239,,,1,72,,43920,4239,,,1,30,,43913,4239,,,1,69,,43939,4239,,,1,37,,43935,4239,,,1,65,,43910,4239,,,1,30,,43909,4239,,,1,68,,43938,4239,,,1,29,,43915,4239,,,1,70,,43928,4239,,,1,29,,43914,4239,,,1,70,,43927,4239,,,1,30,,43921,4239,,,1,70,,43933,4239,,,1,100,,43923,4239,,,1,100,,43907,4239,,,1,100,,43908,4239,,,1,100,,43926,4239,,,1
5500,'SE',1619,,47691,9692,0,16,2,18,,47693,9692,0,16,2,15,,47695,9692,0,16,2,56,,47687,9692,0,16,2,14,,47689,9692,0,16,2,15,,47692,9692,0,16,2,15,,47694,9692,0,16,2,55,,47696,9692,0,16,2,20,,47688,9692,0,16,2,20,,47690,9692,0,16,2
