801,'DI',555,,53514,14894,,,1,70,,53522,14894,,,1,30,,53529,14894,,,1,70,,53541,14894,,,1,30,,53515,14894,,,1,72,,53523,14894,,,1,30,,53530,14894,,,1,70,,53542,14894,,,1,29,,53516,14894,,,1,70,,53524,14894,,,1,30,,53531,14894,,,1,69,,53543,14894,,,1,30,,53517,14894,,,1,70,,53525,14894,,,1,30,,53532,14894,,,1,70,,53544,14894,,,1,31,,53518,14894,,,1,70,,53526,14894,,,1,31,,53538,14894,,,1,70,,53545,14894,,,1,29,,53539,14894,,,1,70,,53527,14894,,,1,30,,53533,14894,,,1,70,,53546,14894,,,1,19,,53548,14894,,,1,13,,53540,14894,,,1,70,,53528,14894,,,1,28,,53534,14894,,,1,70,,53547,14894,,,1,85,,53519,14894,,,1,100,,53535,14894,,,1,100,,53520,14894,,,1,99,,53536,14894,,,1,100,,53521,14894,,,1,99,,53537,14894,,,1
801,'F1',555,,53549,14894,,,1,70,,53557,14894,,,1,30,,53564,14894,,,1,70,,53576,14894,,,1,30,,53550,14894,,,1,72,,53558,14894,,,1,30,,53565,14894,,,1,70,,53577,14894,,,1,29,,53551,14894,,,1,70,,53559,14894,,,1,30,,53566,14894,,,1,69,,53578,14894,,,1,30,,53552,14894,,,1,70,,53560,14894,,,1,30,,53567,14894,,,1,70,,53579,14894,,,1,31,,53553,14894,,,1,70,,53561,14894,,,1,31,,53573,14894,,,1,70,,53580,14894,,,1,29,,53574,14894,,,1,70,,53562,14894,,,1,30,,53568,14894,,,1,70,,53581,14894,,,1,19,,53583,14894,,,1,13,,53575,14894,,,1,70,,53563,14894,,,1,28,,53569,14894,,,1,70,,53582,14894,,,1,85,,53554,14894,,,1,100,,53570,14894,,,1,100,,53555,14894,,,1,99,,53571,14894,,,1,100,,53556,14894,,,1,99,,53572,14894,,,1
801,'F2',555,,53588,14894,,,1,70,,53593,14894,,,1,30,,53600,14894,,,1,70,,53605,14894,,,1,30,,53589,14894,,,1,72,,53594,14894,,,1,30,,53601,14894,,,1,70,,53606,14894,,,1,27,,53590,14894,,,1,69,,53595,14894,,,1,30,,53602,14894,,,1,70,,53607,14894,,,1,31,,53591,14894,,,1,70,,53596,14894,,,1,31,,53603,14894,,,1,70,,53608,14894,,,1,31,,53592,14894,,,1,70,,53597,14894,,,1,30,,53604,14894,,,1,70,,53609,14894,,,1,30,,44242,14894,,,1,70,,53598,14894,,,1,30,,53615,14894,,,1,70,,53610,14894,,,1,25,,53584,14894,,,1,50,,44243,14894,,,1,20,,53599,14894,,,1,30,,53616,14894,,,1,70,,53611,14894,,,1,90,,53585,14894,,,1,100,,53612,14894,,,1,100,,53586,14894,,,1,97,,53613,14894,,,1,100,,53587,14894,,,1,100,,53614,14894,,,1
801,'SA',555,,53621,14894,,,1,70,,53626,14894,,,1,30,,53633,14894,,,1,70,,53638,14894,,,1,30,,53622,14894,,,1,72,,53627,14894,,,1,30,,53634,14894,,,1,70,,53639,14894,,,1,27,,53623,14894,,,1,69,,53628,14894,,,1,30,,53635,14894,,,1,70,,53640,14894,,,1,31,,53624,14894,,,1,70,,53629,14894,,,1,31,,53636,14894,,,1,70,,53641,14894,,,1,31,,53625,14894,,,1,70,,53630,14894,,,1,30,,53637,14894,,,1,70,,53642,14894,,,1,30,,2977,14894,,,1,70,,53631,14894,,,1,30,,53648,14894,,,1,70,,53643,14894,,,1,25,,53617,14894,,,1,50,,2978,14894,,,1,20,,53632,14894,,,1,30,,53649,14894,,,1,70,,53644,14894,,,1,90,,53618,14894,,,1,100,,53645,14894,,,1,100,,53619,14894,,,1,97,,53646,14894,,,1,100,,53620,14894,,,1,100,,53647,14894,,,1
801,'SE',521,,53650,14894,,,1,33,,53651,14894,,,1,67,,44285,14894,,,1,21,,53672,14894,,,1,5,,53717,14894,,,1,55,,53706,14894,,,1,5,,53665,14894,,,1,11,,53710,14894,,,1,4,,53713,14894,,,1,5,,53655,14894,,,1,3,,53714,14894,,,1,5,,53685,14894,,,1,4,,53708,14894,,,1,3,,53712,14894,,,1,3,,53696,14894,,,1,4,,53659,14894,,,1,9,,53652,14894,,,1,46,,53683,14894,,,1,5,,53663,14894,,,1,7,,53668,14894,,,1,12,,53660,14894,,,1,18,,53673,14894,,,1,58,,53654,14894,,,1,13,,53690,14894,,,1,15,,53656,14894,,,1,15,,53686,14894,,,1,55,,53678,14894,,,1,17,,53693,14894,,,1,15,,44259,14894,,,1,14,,53674,14894,,,1,55,,53666,14894,,,1,16,,53691,14894,,,1,15,,53657,14894,,,1,15,,53687,14894,,,1,55,,53679,14894,,,1,15,,53694,14894,,,1,15,,53653,14894,,,1,16,,53661,14894,,,1,55,,53675,14894,,,1,15,,53669,14894,,,1,15,,53692,14894,,,1,15,,53709,14894,,,1,55,,53688,14894,,,1,15,,53684,14894,,,1,15,,53695,14894,,,1,18,,53697,14894,,,1,55,,53715,14894,,,1,13,,53681,14894,,,1,22,,53700,14894,,,1,11,,53670,14894,,,1,50,,53658,14894,,,1,14,,53711,14894,,,1,16,,53680,14894,,,1,17,,53664,14894,,,1,55,,53702,14894,,,1,13,,53698,14894,,,1,16,,53662,14894,,,1,15,,53682,14894,,,1,55,,53701,14894,,,1,13,,53671,14894,,,1,21,,53689,14894,,,1,61,,53707,14894,,,1,27,,53699,14894,,,1,28,,53676,14894,,,1,71,,53703,14894,,,1,28,,53718,14894,,,1,73,,53720,14894,,,1,27,,53677,14894,,,1,52,,53716,14894,,,1,20,,53704,14894,,,1,29,,53719,14894,,,1,60,,53721,14894,,,1,92,,53667,14894,,,1,100,,53705,14894,,,1
2801,'DI',943,,56267,8571,,,1,100,,56262,8571,,,1,100,,56266,8571,,,1,101,,56263,8571,,,1,100,,56265,8571,,,1,100,,56261,8571,,,1,98,,56264,8571,,,1,99,,56260,8571,,,1,96,,56268,8571,,,1,105,,56269,8571,,,1
2801,'F1',943,,56277,8571,,,1,100,,56272,8571,,,1,100,,56276,8571,,,1,101,,56273,8571,,,1,100,,56275,8571,,,1,100,,56271,8571,,,1,98,,56274,8571,,,1,99,,56270,8571,,,1,96,,56278,8571,,,1,105,,56279,8571,,,1
2801,'F2',943,,56285,8571,,,1,100,,56283,8571,,,1,100,,56280,8571,,,1,101,,56286,8571,,,1,100,,45991,8571,,,1,100,,56288,8571,,,1,98,,56282,8571,,,1,96,,56281,8571,,,1,99,,56284,8571,,,1,105,,56287,8571,,,1
2801,'SA',943,,56294,8571,,,1,100,,56292,8571,,,1,100,,56289,8571,,,1,101,,56295,8571,,,1,100,,7052,8571,,,1,100,,56297,8571,,,1,98,,56291,8571,,,1,96,,56290,8571,,,1,99,,56293,8571,,,1,105,,56296,8571,,,1
2801,'SE',653,,56298,8571,,,1,63,,56333,10280,,,1,18,,56320,8571,,,1,21,,56330,10280,,,1,67,,56329,10280,,,1,21,,56319,8571,,,1,60,,56335,10280,,,1,24,,56300,8571,,,1,29,,56299,8571,,,1,70,,56315,8571,,,1,30,,56321,8571,,,1,70,,56312,8571,,,1,30,,56301,8571,,,1,70,,56322,8571,,,1,30,,56304,8571,,,1,70,,56302,8571,,,1,30,,56323,8571,,,1,71,,56305,8571,,,1,30,,56303,8571,,,1,61,,56317,8571,,,1,12,,56306,8571,,,1,17,,56310,8571,,,1,10,,56331,10280,,,1,57,,56324,8571,,,1,13,,56308,8571,,,1,15,,56325,8571,,,1,58,,56334,10280,,,1,13,,56307,8571,,,1,16,,56311,8571,,,1,13,,56332,10280,,,1,58,,56309,8571,,,1,14,,56314,8571,,,1,21,,56318,8571,,,1,21,,56327,8571,,,1,63,,56326,8571,,,1,100,,56313,8571,,,1,100,,56328,8571,,,1,100,,56316,8571,,,1
7701,'DI',842,,60045,17683,,,1,100,,60047,17683,,,1,100,,60046,17683,,,1,100,,60048,17683,,,1,100,,60049,17683,,,1,100,,60051,17683,,,1,100,,60050,17683,,,1,102,,60052,17683,,,1,100,,60043,17683,,,1,100,,60053,17683,,,1,100,,60044,17683,,,1,97,,60054,17683,,,1,98,,60055,17683,,,1,100,,60057,17683,,,1,100,,60056,17683,,,1
7701,'F1',842,,60060,17683,,,1,100,,60062,17683,,,1,100,,60061,17683,,,1,100,,60063,17683,,,1,100,,60064,17683,,,1,100,,60066,17683,,,1,100,,60065,17683,,,1,102,,60067,17683,,,1,100,,60058,17683,,,1,100,,60068,17683,,,1,100,,60059,17683,,,1,97,,60069,17683,,,1,98,,60070,17683,,,1,100,,60072,17683,,,1,100,,60071,17683,,,1
7701,'F2',842,,60073,17683,,,1,100,,60075,17683,,,1,100,,60074,17683,,,1,100,,60076,17683,,,1,100,,60078,17683,,,1,100,,60077,17683,,,1,100,,60079,17683,,,1,102,,60080,17683,,,1,100,,60081,17683,,,1,100,,60083,17683,,,1,100,,60082,17683,,,1,97,,60084,17683,,,1,98,,60085,17683,,,1,100,,60087,17683,,,1,100,,60086,17683,,,1
7701,'SA',842,,60088,17683,,,1,100,,60090,17683,,,1,100,,60089,17683,,,1,100,,60091,17683,,,1,100,,60093,17683,,,1,100,,60092,17683,,,1,100,,60094,17683,,,1,102,,60095,17683,,,1,100,,60096,17683,,,1,100,,60098,17683,,,1,100,,60097,17683,,,1,97,,60099,17683,,,1,98,,60100,17683,,,1,100,,60102,17683,,,1,100,,60101,17683,,,1
7701,'SE',705,,60103,17683,,,1,11,,60106,17683,,,1,7,,60124,17683,,,1,7,,60107,17683,,,1,15,,60111,17683,,,1,1,,60108,17683,,,1,8,,60112,17683,,,1,58,,60113,17683,,,1,35,,60126,17683,,,1,68,,60104,17683,,,1,27,,60125,17683,,,1,4,,60109,17683,,,1,71,,60114,17683,,,1,30,,60127,17683,,,1,70,,60105,17683,,,1,30,,60110,17683,,,1,70,,60115,17683,,,1,32,,60128,17683,,,1,69,,60129,17683,,,1,31,,60130,17683,,,1,73,,60116,17683,,,1,30,,60131,17683,,,1,70,,60118,17683,,,1,32,,60122,17683,,,1,73,,60117,17683,,,1,30,,60134,17683,,,1,68,,60119,17683,,,1,25,,60123,17683,,,1,70,,60137,17683,,,1,33,,60120,17683,,,1,70,,60135,17683,,,1,27,,60132,17683,,,1,69,,60138,17683,,,1,30,,60121,17683,,,1,72,,60136,17683,,,1,25,,60133,17683,,,1,66,,60139,17683,,,1
8801,'DI',642,,61085,14166,,,1,70,,61081,14166,,,1,30,,61091,14166,,,1,70,,61099,14166,,,1,30,,61086,14166,,,1,70,,61082,14166,,,1,30,,61092,14166,,,1,69,,61100,14166,,,1,29,,61087,14166,,,1,70,,61083,14166,,,1,30,,61093,14166,,,1,70,,61101,14166,,,1,30,,61089,14166,,,1,70,,61084,14166,,,1,30,,61094,14166,,,1,71,,61098,14166,,,1,30,,61102,14166,,,1,71,,61080,14166,,,1,30,,61095,14166,,,1,69,,61078,14166,,,1,30,,61103,14166,,,1,70,,61090,14166,,,1,30,,61096,14166,,,1,72,,61079,14166,,,1,22,,61104,14166,,,1,106,,61097,14166,,,1,100,,61106,14166,,,1,100,,61105,14166,,,1,99,,61107,14166,,,1,100,,61088,14166,,,1,99,,61108,14166,,,1
8801,'F1',642,,61116,14166,,,1,70,,61112,14166,,,1,30,,61122,14166,,,1,70,,61130,14166,,,1,30,,61117,14166,,,1,70,,61113,14166,,,1,30,,61123,14166,,,1,69,,61131,14166,,,1,29,,61118,14166,,,1,70,,61114,14166,,,1,30,,61124,14166,,,1,70,,61132,14166,,,1,30,,61120,14166,,,1,70,,61115,14166,,,1,30,,61125,14166,,,1,71,,61129,14166,,,1,30,,61133,14166,,,1,71,,61111,14166,,,1,30,,61126,14166,,,1,69,,61109,14166,,,1,30,,61134,14166,,,1,70,,61121,14166,,,1,30,,61127,14166,,,1,72,,61110,14166,,,1,22,,61135,14166,,,1,106,,61128,14166,,,1,100,,61137,14166,,,1,100,,61136,14166,,,1,99,,61138,14166,,,1,100,,61119,14166,,,1,99,,61139,14166,,,1
8801,'F2',640,,61143,14166,,,1,70,,61149,14166,,,1,30,,61157,14166,,,1,69,,61160,14166,,,1,30,,61144,14166,,,1,70,,61150,14166,,,1,32,,61158,14166,,,1,67,,61161,14166,,,1,30,,61145,14166,,,1,69,,61151,14166,,,1,30,,61159,14166,,,1,71,,61162,14166,,,1,30,,61146,14166,,,1,71,,61152,14166,,,1,28,,61166,14166,,,1,71,,61163,14166,,,1,30,,61147,14166,,,1,70,,61153,14166,,,1,30,,61169,14166,,,1,70,,61140,14166,,,1,30,,61148,14166,,,1,71,,61142,14166,,,1,28,,61170,14166,,,1,72,,61141,14166,,,1,21,,61165,14166,,,1,109,,61167,14166,,,1,100,,61154,14166,,,1,100,,61168,14166,,,1,100,,61155,14166,,,1,96,,61164,14166,,,1,100,,61156,14166,,,1
8801,'SA',640,,61174,14166,,,1,70,,61180,14166,,,1,30,,61188,14166,,,1,69,,61191,14166,,,1,30,,61175,14166,,,1,70,,61181,14166,,,1,32,,61189,14166,,,1,67,,61192,14166,,,1,30,,61176,14166,,,1,69,,61182,14166,,,1,30,,61190,14166,,,1,71,,61193,14166,,,1,30,,61177,14166,,,1,71,,61183,14166,,,1,28,,61197,14166,,,1,71,,61194,14166,,,1,30,,61178,14166,,,1,70,,61184,14166,,,1,30,,61200,14166,,,1,70,,61171,14166,,,1,30,,61179,14166,,,1,71,,61173,14166,,,1,28,,61201,14166,,,1,72,,61172,14166,,,1,21,,61196,14166,,,1,109,,61198,14166,,,1,100,,61185,14166,,,1,100,,61199,14166,,,1,100,,61186,14166,,,1,96,,61195,14166,,,1,100,,61187,14166,,,1
8801,'SE',637,,61216,14166,,,1,20,,61203,14166,,,1,55,,61231,14166,,,1,12,,61217,14166,,,1,7,,61218,14166,,,1,21,,61220,14166,,,1,49,,61208,14166,,,1,12,,61221,14166,,,1,11,,61202,14166,,,1,10,,61244,14166,,,1,19,,61243,14166,,,1,58,,61214,14166,,,1,30,,61219,14166,,,1,70,,61209,14166,,,1,30,,61205,14166,,,1,70,,61232,14166,,,1,30,,61242,14166,,,1,70,,61207,14166,,,1,30,,61239,14166,,,1,70,,61240,14166,,,1,30,,61204,14166,,,1,70,,61235,14166,,,1,33,,61241,14166,,,1,69,,61206,14166,,,1,9,,61222,14166,,,1,2,,61212,14166,,,1,2,,61233,14166,,,1,7,,61213,14166,,,1,20,,61237,14166,,,1,58,,61246,14166,,,1,12,,61236,14166,,,1,15,,61215,14166,,,1,19,,61248,14166,,,1,53,,61210,14166,,,1,15,,61245,14166,,,1,14,,61223,14166,,,1,16,,61234,14166,,,1,53,,61238,14166,,,1,17,,61247,14166,,,1,17,,61227,14166,,,1,67,,61249,14166,,,1,32,,61224,14166,,,1,70,,61250,14166,,,1,28,,61228,14166,,,1,70,,61211,14166,,,1,30,,61225,14166,,,1,101,,61229,14166,,,1,98,,61226,14166,,,1,100,,61230,14166,,,1
60801,'SE',1520,,63490,9762,,,2,2,,63491,9762,,,2
67700,'SE',1512,,63555,4802,,,2
