1301,'DI',623,,24063,1419,,,1,100,,3602,1419,,,1,100,,24064,1419,,,1,100,,3603,1419,,,1,100,,24065,1419,,,1,100,,3604,1419,,,1,100,,24066,1419,,,1,100,,3605,1419,,,1,100,,24068,1419,,,1,100,,24075,1419,,,1,100,,24060,1419,,,1,100,,24067,1419,,,1,100,,24062,1419,,,1,100,,24069,1419,,,1,100,,24073,1419,,,1,100,,24071,1419,,,1,100,,24070,1419,,,1,100,,24061,1419,,,1,100,,24074,1419,,,1,100,,24072,1419,,,1
1301,'F8',623,,24168,1419,,,1,100,,24161,1419,,,1,100,,24169,1419,,,1,100,,24162,1419,,,1,100,,24163,1419,,,1,100,,24170,1419,,,1,100,,24172,1419,,,1,100,,24164,1419,,,1,100,,24173,1419,,,1,100,,24165,1419,,,1,100,,24160,1419,,,1,100,,24175,1419,,,1,100,,24178,1419,,,1,100,,24166,1419,,,1,100,,24174,1419,,,1,100,,24171,1419,,,1,100,,24179,1419,,,1,100,,24176,1419,,,1,100,,24167,1419,,,1,100,,24177,1419,,,1
1301,'F9',623,,24187,1419,,,1,100,,24182,1419,,,1,100,,24188,1419,,,1,100,,24183,1419,,,1,100,,24189,1419,,,1,100,,24184,1419,,,1,100,,24190,1419,,,1,100,,24185,1419,,,1,100,,24192,1419,,,1,100,,24199,1419,,,1,100,,24180,1419,,,1,100,,24191,1419,,,1,100,,24186,1419,,,1,100,,24193,1419,,,1,100,,24197,1419,,,1,100,,24195,1419,,,1,100,,24194,1419,,,1,100,,24181,1419,,,1,100,,24198,1419,,,1,100,,24196,1419,,,1
1301,'SA',623,,24208,1419,,,1,100,,24201,1419,,,1,100,,24209,1419,,,1,100,,24202,1419,,,1,100,,24203,1419,,,1,100,,24210,1419,,,1,100,,24212,1419,,,1,100,,24204,1419,,,1,100,,24213,1419,,,1,100,,24205,1419,,,1,100,,24200,1419,,,1,100,,24215,1419,,,1,100,,24218,1419,,,1,100,,24206,1419,,,1,100,,24214,1419,,,1,100,,24211,1419,,,1,100,,24219,1419,,,1,100,,24216,1419,,,1,100,,24207,1419,,,1,100,,24217,1419,,,1
1301,'SE',530,,24234,1419,,,1,72,,24235,1419,,,1,30,,24233,1419,,,1,16,,24222,1419,,,1,54,,24258,1419,,,1,13,,24224,1419,,,1,14,,24251,1419,,,1,19,,24225,1419,,,1,55,,24223,1419,,,1,13,,24262,1419,,,1,15,,24244,1419,,,1,15,,24240,1419,,,1,60,,24243,1419,,,1,30,,24236,1419,,,1,70,,24221,1419,,,1,30,,24239,1419,,,1,70,,24253,1419,,,1,30,,24231,1419,,,1,70,,24245,1419,,,1,30,,24232,1419,,,1,70,,24237,1419,,,1,30,,24254,1419,,,1,70,,24241,1419,,,1,30,,24246,1419,,,1,69,,24259,1419,,,1,34,,24256,1419,,,1,69,,24220,1419,,,1,27,,24227,1419,,,1,15,,24242,1419,,,1,60,,24238,1419,,,1,22,,24263,1419,,,1,18,,24249,1419,,,1,60,,24247,1419,,,1,29,,24228,1419,,,1,70,,24261,1419,,,1,30,,24226,1419,,,1,70,,24255,1419,,,1,30,,24257,1419,,,1,70,,24248,1419,,,1,30,,24260,1419,,,1,100,,24250,1419,,,1,100,,24252,1419,,,1,100,,24229,1419,,,1,99,,24230,1419,,,1
52600,'SE',1632,,40645,5483,,,2,1,,40644,5483,,,2
61301,'SE',846,,40773,407,,,2
61801,'SE',836,,40781,1331,,,2
65300,'SE',1616,,40815,4115,,,2
65301,'SE',845,,40817,407,,,2
66000,'SE',1616,,40829,4115,,,2,1,,40830,4115,,,2,1,,40831,4115,,,2
69201,'SE',834,,40933,407,,,2
