3100,'SE',620,,28368,0,,,1,30,,28352,0,,,1,70,,28351,0,,,1,27,,28359,0,,,1,71,,28361,0,,,1,30,,28355,0,,,1,70,,28360,0,,,1,30,,28356,0,,,1,70,,28367,0,,,1,30,,28358,0,,,1,70,,28343,0,,,1,30,,28353,0,,,1,70,,28365,0,,,1,30,,28345,0,,,1,70,,28336,0,,,1,30,,28349,0,,,1,70,,28357,0,,,1,30,,28346,0,,,1,70,,28362,0,,,1,30,,28339,0,,,1,70,,28354,0,,,1,30,,28337,0,,,1,70,,28340,0,,,1,30,,28366,0,,,1,70,,28338,0,,,1,31,,28341,0,,,1,70,,28347,0,,,1,30,,28363,0,,,1,70,,28350,0,,,1,30,,28344,0,,,1,70,,28364,0,,,1,100,,28348,0,,,1,100,,28342,0,,,1
3101,'SE',548,,28424,4566,4,,1,70,,28411,4566,4,,1,33,,28438,4566,4,,1,70,,28421,4566,4,,1,30,,28420,4566,4,,1,71,,28429,4566,4,,1,29,,28431,4566,4,,1,67,,28425,4566,4,,1,30,,28430,4566,4,,1,70,,28426,4566,4,,1,30,,28437,4566,4,,1,70,,28428,4566,4,,1,32,,28412,4566,4,,1,70,,28422,4566,4,,1,30,,28435,4566,4,,1,70,,28414,4566,4,,1,30,,28404,4566,4,,1,70,,28418,4566,4,,1,31,,28427,4566,4,,1,71,,28415,4566,4,,1,29,,28432,4566,4,,1,70,,28407,4566,4,,1,30,,28423,4566,4,,1,70,,28405,4566,4,,1,30,,28408,4566,4,,1,70,,28436,4566,4,,1,30,,28406,4566,4,,1,70,,28409,4566,4,,1,30,,28416,4566,4,,1,70,,28433,4566,4,,1,29,,28419,4566,4,,1,70,,28413,4566,4,,1,29,,28434,4566,4,,1,100,,28417,4566,4,,1,98,,28410,4566,4,,1
7701,'DI',755,,35180,5036,0,25 26,1,100,,35183,5036,0,25 26,1,100,,35181,5036,0,25 26,1,100,,35184,5036,0,25 26,1,100,,35182,5036,0,25 26,1,100,,35179,5036,0,25 26,1,100,,35185,5036,0,25 26,1,100,,35188,5036,0,25 26,1,100,,35178,5036,0,25 26,1,100,,35189,5036,0,25 26,1,100,,35190,5036,0,25 26,1,99,,35191,5036,0,25 26,1,99,,35186,5036,0,25 26,1,100,,35192,5036,0,25 26,1,100,,35187,5036,0,25 26,1
7701,'F8',755,,35276,5036,0,25 26,1,100,,35267,5036,0,25 26,1,100,,35263,5036,0,25 26,1,100,,35268,5036,0,25 26,1,100,,35264,5036,0,25 26,1,100,,35266,5036,0,25 26,1,100,,35269,5036,0,25 26,1,97,,35262,5036,0,25 26,1,103,,35270,5036,0,25 26,1,99,,35272,5036,0,25 26,1,101,,35271,5036,0,25 26,1,99,,35273,5036,0,25 26,1,99,,35274,5036,0,25 26,1,100,,35265,5036,0,25 26,1,100,,35275,5036,0,25 26,1
7701,'F9',755,,35279,5036,0,25 26,1,100,,35282,5036,0,25 26,1,100,,35280,5036,0,25 26,1,100,,35283,5036,0,25 26,1,100,,35281,5036,0,25 26,1,100,,35278,5036,0,25 26,1,100,,35284,5036,0,25 26,1,100,,35287,5036,0,25 26,1,100,,35277,5036,0,25 26,1,100,,35288,5036,0,25 26,1,100,,35289,5036,0,25 26,1,99,,35290,5036,0,25 26,1,99,,35285,5036,0,25 26,1,100,,35291,5036,0,25 26,1,100,,35286,5036,0,25 26,1
7701,'SA',755,,35305,5036,0,25 26,1,100,,35296,5036,0,25 26,1,100,,35293,5036,0,25 26,1,100,,35297,5036,0,25 26,1,100,,13757,5036,0,25 26,1,100,,35295,5036,0,25 26,1,100,,35298,5036,0,25 26,1,97,,35292,5036,0,25 26,1,103,,35299,5036,0,25 26,1,99,,35301,5036,0,25 26,1,101,,35300,5036,0,25 26,1,99,,35302,5036,0,25 26,1,99,,35303,5036,0,25 26,1,100,,35294,5036,0,25 26,1,100,,35304,5036,0,25 26,1
7701,'SE',636,,35312,5036,0,25 26,1,11,,35308,5036,0,25 26,1,7,,35315,5036,0,25 26,1,47,,35318,5036,0,25 26,1,11,,35309,5036,0,25 26,1,2,,35321,5036,0,25 26,1,8,,35314,5036,0,25 26,1,18,,35319,5036,0,25 26,1,74,,35323,5036,0,25 26,1,28,,35316,5036,0,25 26,1,67,,35322,5036,0,25 26,1,5,,35310,5036,0,25 26,1,31,,35320,5036,0,25 26,1,70,,35324,5036,0,25 26,1,30,,35317,5036,0,25 26,1,70,,35311,5036,0,25 26,1,30,,35326,5036,0,25 26,1,70,,35325,5036,0,25 26,1,30,,35328,5036,0,25 26,1,71,,35329,5036,0,25 26,1,33,,35327,5036,0,25 26,1,70,,35330,5036,0,25 26,1,30,,35334,5036,0,25 26,1,68,,35336,5036,0,25 26,1,20,,35338,5036,0,25 26,1,20,,35341,5036,0,25 26,1,60,,35331,5036,0,25 26,1,20,,35335,5036,0,25 26,1,19,,35313,5036,0,25 26,1,58,,35337,5036,0,25 26,1,22,,35339,5036,0,25 26,1,71,,13794,5036,0,25 26,1,24,,35332,5036,0,25 26,1,73,,35340,5036,0,25 26,1,32,,35333,5036,0,25 26,1,70,,35342,5036,0,25 26,1,31,,35343,5036,0,25 26,1,71,,35307,5036,0,25 26,1,25,,35306,5036,0,25 26,1
52600,'SE',1628,,40645,4151,,,2,1,,40644,4151,,,2
52601,'SE',910,,40648,5036,,,2,1,,40649,5036,,,2
54200,'SE',1644,,40691,8404,4,,2
54201,'SE',856,,40693,0,,,2
60900,'SE',1615,,40766,4006,4,,2
60901,'SE',845,,40768,0,,,2
61300,'SE',1700,,18881,10002,4,,2,13,,40771,10002,4,,2
61801,'SE',833,,40781,0,,,2
67000,'SE',1625,,40857,7044,4,,2,1,,40858,7044,4,,2,1,,40859,7044,4,,2
67001,'SE',839,,40865,0,,,2,1,,40864,0,,,2,1,,40863,0,,,2
72001,'F8',547,,41061,7805,,,2,75,,41066,7805,,,2,35,,41062,7805,,,2,75,,41067,7805,,,2,75,,41063,7805,,,2,35,,41068,7805,,,2,75,,41064,7805,,,2,35,,41069,7805,,,2,75,,41065,7805,,,2,75,,41070,7805,,,2,35,,41071,7805,,,2,75,,41076,7805,,,2,35,,41072,7805,,,2,75,,41077,7805,,,2,35,,41073,7805,,,2,75,,41078,7805,,,2,75,,41074,7805,,,2,35,,41079,7805,,,2,75,,41075,7805,,,2,35,,41080,7805,,,2,75,,41084,7805,,,2,75,,41081,7805,,,2,35,,41085,7805,,,2,75,,41082,7805,,,2,35,,41086,7805,,,2,75,,41083,7805,,,2,35,,41087,7805,,,2,75,,41089,7805,,,2,75,,41088,7805,,,2,35,,41090,7805,,,2,75,,41093,7805,,,2,35,,41091,7805,,,2,75,,41094,7805,,,2,75,,41092,7805,,,2,35,,41095,7805,,,2
72001,'F9',547,,41096,7805,,,2,75,,41099,7805,,,2,35,,41097,7805,,,2,75,,41100,7805,,,2,75,,41098,7805,,,2,35,,41101,7805,,,2,75,,41104,7805,,,2,35,,41102,7805,,,2,75,,41105,7805,,,2,75,,41103,7805,,,2,35,,41106,7805,,,2,75,,41109,7805,,,2,35,,41107,7805,,,2,75,,41110,7805,,,2,35,,41108,7805,,,2,75,,41111,7805,,,2,75,,41114,7805,,,2,35,,41112,7805,,,2,75,,41115,7805,,,2,35,,41113,7805,,,2,75,,41116,7805,,,2,75,,41119,7805,,,2,35,,41117,7805,,,2,75,,41120,7805,,,2,35,,41118,7805,,,2,75,,41121,7805,,,2,35,,41122,7805,,,2,75,,41127,7805,,,2,75,,41123,7805,,,2,35,,41128,7805,,,2,75,,41124,7805,,,2,35,,41129,7805,,,2,75,,41125,7805,,,2,75,,41130,7805,,,2,35,,41126,7805,,,2
72400,'F8',610,,42244,12658,4,,2,15,,42253,12658,4,,2,15,,42236,12658,4,,2,15,,42245,12658,4,,2,55,,42254,12658,4,,2,15,,42237,12658,4,,2,15,,42246,12658,4,,2,15,,42255,12658,4,,2,55,,42238,12658,4,,2,15,,42247,12658,4,,2,15,,42256,12658,4,,2,15,,42239,12658,4,,2,55,,42248,12658,4,,2,15,,42257,12658,4,,2,15,,42240,12658,4,,2,15,,42249,12658,4,,2,55,,42258,12658,4,,2,15,,42241,12658,4,,2,15,,42250,12658,4,,2,10,,42261,12658,4,,2,50,,42259,12658,4,,2,10,,42242,12658,4,,2,10,,42269,12658,4,,2,10,,42251,12658,4,,2,10,,42262,12658,4,,2,10,,42260,12658,4,,2,50,,42243,12658,4,,2,10,,42270,12658,4,,2,10,,42252,12658,4,,2,10,,42263,12658,4,,2,10,,42277,12658,4,,2,10,,42283,12658,4,,2,50,,42271,12658,4,,2,10,,42286,12658,4,,2,10,,42264,12658,4,,2,10,,42278,12658,4,,2,10,,42284,12658,4,,2,10,,42272,12658,4,,2,50,,42287,12658,4,,2,10,,42265,12658,4,,2,10,,42279,12658,4,,2,10,,42285,12658,4,,2,10,,42273,12658,4,,2,10,,42288,12658,4,,2,50,,42266,12658,4,,2,10,,42280,12658,4,,2,10,,42293,12658,4,,2,10,,42274,12658,4,,2,10,,42289,12658,4,,2,10,,42267,12658,4,,2,50,,42281,12658,4,,2,10,,42294,12658,4,,2,10,,42275,12658,4,,2,10,,42290,12658,4,,2,10,,42268,12658,4,,2,10,,42282,12658,4,,2,50,,42295,12658,4,,2,10,,42276,12658,4,,2,10,,42291,12658,4,,2,10,,42300,12658,4,,2,10,,42305,12658,4,,2,10,,42296,12658,4,,2,50,,42312,12658,4,,2,10,,42292,12658,4,,2,10,,42301,12658,4,,2,10,,42306,12658,4,,2,10,,42297,12658,4,,2,10,,42313,12658,4,,2,50,,42317,12658,4,,2,10,,42302,12658,4,,2,10,,42307,12658,4,,2,10,,42298,12658,4,,2,10,,42314,12658,4,,2,10,,42318,12658,4,,2,50,,42303,12658,4,,2,10,,42308,12658,4,,2,10,,42299,12658,4,,2,10,,42315,12658,4,,2,10,,42319,12658,4,,2,10,,42304,12658,4,,2,50,,42309,12658,4,,2,10,,42323,12658,4,,2,10,,42316,12658,4,,2,10,,42320,12658,4,,2,10,,42330,12658,4,,2,10,,42310,12658,4,,2,50,,42324,12658,4,,2,10,,42336,12658,4,,2,10,,42321,12658,4,,2,10,,42331,12658,4,,2,10,,42311,12658,4,,2,10,,42325,12658,4,,2,50,,42337,12658,4,,2,10,,42322,12658,4,,2,10,,42332,12658,4,,2,15,,42326,12658,4,,2,15,,42338,12658,4,,2,55,,42333,12658,4,,2,15,,42327,12658,4,,2,15,,42339,12658,4,,2,15,,42334,12658,4,,2,55,,42328,12658,4,,2,15,,42340,12658,4,,2,15,,42335,12658,4,,2,15,,42329,12658,4,,2,55,,42341,12658,4,,2
72400,'F9',610,,42349,12658,4,,2,15,,42357,12658,4,,2,15,,42342,12658,4,,2,15,,42350,12658,4,,2,55,,42358,12658,4,,2,15,,42343,12658,4,,2,15,,42351,12658,4,,2,15,,42359,12658,4,,2,55,,42344,12658,4,,2,15,,42352,12658,4,,2,15,,42360,12658,4,,2,15,,42345,12658,4,,2,55,,42353,12658,4,,2,15,,42361,12658,4,,2,15,,42346,12658,4,,2,15,,42354,12658,4,,2,55,,42362,12658,4,,2,15,,42347,12658,4,,2,15,,42355,12658,4,,2,10,,42365,12658,4,,2,50,,42363,12658,4,,2,10,,42348,12658,4,,2,10,,42368,12658,4,,2,10,,42356,12658,4,,2,10,,42366,12658,4,,2,10,,42364,12658,4,,2,50,,42376,12658,4,,2,10,,42369,12658,4,,2,10,,42380,12658,4,,2,10,,42367,12658,4,,2,10,,42388,12658,4,,2,10,,42377,12658,4,,2,50,,42370,12658,4,,2,10,,42381,12658,4,,2,10,,42395,12658,4,,2,10,,42389,12658,4,,2,10,,42378,12658,4,,2,10,,42371,12658,4,,2,50,,42382,12658,4,,2,10,,42396,12658,4,,2,10,,42390,12658,4,,2,10,,42379,12658,4,,2,10,,42372,12658,4,,2,10,,42383,12658,4,,2,50,,42397,12658,4,,2,10,,42391,12658,4,,2,10,,42403,12658,4,,2,10,,42373,12658,4,,2,10,,42384,12658,4,,2,10,,42398,12658,4,,2,50,,42392,12658,4,,2,10,,42404,12658,4,,2,10,,42374,12658,4,,2,10,,42385,12658,4,,2,10,,42399,12658,4,,2,10,,42393,12658,4,,2,50,,42405,12658,4,,2,10,,42375,12658,4,,2,10,,42386,12658,4,,2,10,,42400,12658,4,,2,10,,42394,12658,4,,2,10,,42406,12658,4,,2,50,,42410,12658,4,,2,10,,42387,12658,4,,2,10,,42401,12658,4,,2,15,,42407,12658,4,,2,15,,42411,12658,4,,2,55,,42402,12658,4,,2,15,,42408,12658,4,,2,15,,42412,12658,4,,2,15,,42417,12658,4,,2,56,,42409,12658,4,,2,14,,42413,12658,4,,2,15,,42418,12658,4,,2,15,,42425,12658,4,,2,55,,42414,12658,4,,2,15,,42419,12658,4,,2,15,,42426,12658,4,,2,15,,42415,12658,4,,2,55,,42420,12658,4,,2,15,,42427,12658,4,,2,15,,42416,12658,4,,2,15,,42421,12658,4,,2,55,,42428,12658,4,,2,15,,42432,12658,4,,2,15,,42422,12658,4,,2,15,,42429,12658,4,,2,55,,42433,12658,4,,2,15,,42423,12658,4,,2,15,,42430,12658,4,,2,15,,42434,12658,4,,2,55,,42424,12658,4,,2,15,,42431,12658,4,,2,15,,42435,12658,4,,2
72401,'F8',530,,42444,0,,,2,15,,42453,0,,,2,55,,42436,0,,,2,15,,42445,0,,,2,15,,42454,0,,,2,15,,42437,0,,,2,55,,42446,0,,,2,15,,42455,0,,,2,15,,42438,0,,,2,15,,42447,0,,,2,55,,42456,0,,,2,15,,42439,0,,,2,15,,42448,0,,,2,15,,42457,0,,,2,55,,42440,0,,,2,15,,42449,0,,,2,15,,42458,0,,,2,15,,42441,0,,,2,55,,42450,0,,,2,10,,42461,0,,,2,10,,42459,0,,,2,10,,42442,0,,,2,10,,42469,0,,,2,10,,42451,0,,,2,50,,42462,0,,,2,10,,42460,0,,,2,10,,42443,0,,,2,10,,42470,0,,,2,10,,42452,0,,,2,10,,42463,0,,,2,50,,42477,0,,,2,10,,42483,0,,,2,10,,42471,0,,,2,10,,42486,0,,,2,10,,42464,0,,,2,10,,42478,0,,,2,50,,42484,0,,,2,10,,42472,0,,,2,10,,42487,0,,,2,10,,42465,0,,,2,10,,42479,0,,,2,10,,42485,0,,,2,50,,42473,0,,,2,10,,42488,0,,,2,10,,42466,0,,,2,10,,42480,0,,,2,10,,42493,0,,,2,10,,42474,0,,,2,50,,42489,0,,,2,10,,42467,0,,,2,10,,42481,0,,,2,10,,42494,0,,,2,10,,42475,0,,,2,10,,42490,0,,,2,50,,42468,0,,,2,10,,42482,0,,,2,10,,42495,0,,,2,10,,42476,0,,,2,10,,42491,0,,,2,10,,42500,0,,,2,50,,42505,0,,,2,10,,42496,0,,,2,10,,42512,0,,,2,10,,42492,0,,,2,10,,42501,0,,,2,10,,42506,0,,,2,50,,42497,0,,,2,10,,42513,0,,,2,10,,42517,0,,,2,10,,42502,0,,,2,10,,42507,0,,,2,10,,42498,0,,,2,50,,42514,0,,,2,10,,42518,0,,,2,10,,42503,0,,,2,10,,42508,0,,,2,10,,42499,0,,,2,10,,42515,0,,,2,50,,42519,0,,,2,10,,42504,0,,,2,10,,42509,0,,,2,10,,42523,0,,,2,10,,42516,0,,,2,10,,42520,0,,,2,50,,42530,0,,,2,10,,42510,0,,,2,10,,42524,0,,,2,10,,42536,0,,,2,10,,42521,0,,,2,10,,42531,0,,,2,50,,42511,0,,,2,10,,42525,0,,,2,10,,42537,0,,,2,10,,42522,0,,,2,10,,42532,0,,,2,15,,42526,0,,,2,55,,42538,0,,,2,15,,42533,0,,,2,15,,42527,0,,,2,15,,42539,0,,,2,55,,42534,0,,,2,15,,42528,0,,,2,15,,42540,0,,,2,15,,42535,0,,,2,55,,42529,0,,,2
72401,'F9',530,,42548,0,,,2,15,,42556,0,,,2,55,,42541,0,,,2,15,,42549,0,,,2,15,,42557,0,,,2,15,,42542,0,,,2,55,,42550,0,,,2,15,,42558,0,,,2,15,,42543,0,,,2,15,,42551,0,,,2,55,,42559,0,,,2,15,,42544,0,,,2,15,,42552,0,,,2,15,,42560,0,,,2,55,,42545,0,,,2,15,,42553,0,,,2,15,,42561,0,,,2,15,,42546,0,,,2,55,,42554,0,,,2,10,,42564,0,,,2,10,,42562,0,,,2,10,,42547,0,,,2,10,,42567,0,,,2,10,,42555,0,,,2,50,,42565,0,,,2,10,,42563,0,,,2,10,,42575,0,,,2,10,,42568,0,,,2,10,,42579,0,,,2,10,,42566,0,,,2,50,,42587,0,,,2,10,,42576,0,,,2,10,,42569,0,,,2,10,,42580,0,,,2,10,,42594,0,,,2,10,,42588,0,,,2,50,,42577,0,,,2,10,,42570,0,,,2,10,,42581,0,,,2,10,,42595,0,,,2,10,,42589,0,,,2,10,,42578,0,,,2,50,,42571,0,,,2,10,,42582,0,,,2,10,,42596,0,,,2,10,,42590,0,,,2,10,,42602,0,,,2,10,,42572,0,,,2,50,,42583,0,,,2,10,,42597,0,,,2,10,,42591,0,,,2,10,,42603,0,,,2,10,,42573,0,,,2,10,,42584,0,,,2,50,,42598,0,,,2,10,,42592,0,,,2,10,,42604,0,,,2,10,,42574,0,,,2,10,,42585,0,,,2,10,,42599,0,,,2,50,,42593,0,,,2,10,,42605,0,,,2,10,,42609,0,,,2,10,,42586,0,,,2,10,,42600,0,,,2,15,,42606,0,,,2,55,,42610,0,,,2,15,,42601,0,,,2,15,,42607,0,,,2,15,,42611,0,,,2,55,,42616,0,,,2,15,,42608,0,,,2,15,,42612,0,,,2,15,,42617,0,,,2,55,,42624,0,,,2,15,,42613,0,,,2,15,,42618,0,,,2,15,,42625,0,,,2,55,,42614,0,,,2,15,,42619,0,,,2,15,,42626,0,,,2,15,,42615,0,,,2,55,,42620,0,,,2,15,,42627,0,,,2,15,,42631,0,,,2,15,,42621,0,,,2,55,,42628,0,,,2,15,,42632,0,,,2,15,,42622,0,,,2,15,,42629,0,,,2,55,,42633,0,,,2,15,,42623,0,,,2,15,,42630,0,,,2
