3301,'DI',633,,56888,1821,,,2,100,,56889,1821,,,2,100,,56890,1821,,,2,100,,56891,1821,,,2,100,,56892,1821,,,2,100,,56893,1821,,,2,100,,56894,1821,,,2,100,,56895,1821,,,2,100,,56896,1821,,,2,101,,56897,1821,,,2,100,,56898,1821,,,2,99,,56899,1821,,,2,100,,56900,1821,,,2,100,,56901,1821,,,2,100,,56902,1821,,,2,100,,56903,1821,,,2,100,,56904,1821,,,2,100,,56905,1821,,,2,100,,56906,1821,,,2
3301,'F1',633,,56907,1821,,,2,100,,56908,1821,,,2,100,,56909,1821,,,2,100,,56910,1821,,,2,100,,56911,1821,,,2,100,,56912,1821,,,2,100,,56913,1821,,,2,100,,56914,1821,,,2,100,,56915,1821,,,2,101,,56916,1821,,,2,100,,56917,1821,,,2,99,,56918,1821,,,2,100,,56919,1821,,,2,100,,56920,1821,,,2,100,,56921,1821,,,2,100,,56922,1821,,,2,100,,56923,1821,,,2,100,,56924,1821,,,2,100,,56925,1821,,,2
3301,'F2',633,,56926,1821,,,2,100,,56927,1821,,,2,100,,56928,1821,,,2,100,,56929,1821,,,2,100,,56930,1821,,,2,100,,56931,1821,,,2,100,,56932,1821,,,2,100,,56933,1821,,,2,100,,56934,1821,,,2,101,,56935,1821,,,2,100,,56936,1821,,,2,99,,56937,1821,,,2,100,,56938,1821,,,2,100,,56939,1821,,,2,100,,56940,1821,,,2,100,,56941,1821,,,2,100,,56942,1821,,,2,100,,56943,1821,,,2,100,,56944,1821,,,2
3301,'SA',633,,56945,1821,,,2,100,,56946,1821,,,2,100,,56947,1821,,,2,100,,56948,1821,,,2,100,,56949,1821,,,2,100,,56950,1821,,,2,100,,56951,1821,,,2,100,,56952,1821,,,2,100,,56953,1821,,,2,101,,56954,1821,,,2,100,,56955,1821,,,2,99,,56956,1821,,,2,100,,56957,1821,,,2,100,,56958,1821,,,2,100,,56959,1821,,,2,100,,56960,1821,,,2,100,,56961,1821,,,2,100,,56962,1821,,,2,100,,56963,1821,,,2
3301,'SE',533,,56967,1821,,,2,70,,56984,1821,,,2,30,,56964,1821,,,2,15,,57000,1821,,,2,55,,56968,1821,,,2,13,,56998,1821,,,2,17,,56973,1821,,,2,15,,57003,1821,,,2,55,,56969,1821,,,2,15,,56991,1821,,,2,15,,56974,1821,,,2,70,,56975,1821,,,2,30,,56970,1821,,,2,70,,57002,1821,,,2,30,,56971,1821,,,2,70,,56976,1821,,,2,30,,56972,1821,,,2,70,,56977,1821,,,2,30,,56986,1821,,,2,70,,56993,1821,,,2,30,,56992,1821,,,2,70,,57004,1821,,,2,30,,56999,1821,,,2,71,,56994,1821,,,2,30,,56965,1821,,,2,69,,56985,1821,,,2,31,,56966,1821,,,2,69,,56978,1821,,,2,30,,56979,1821,,,2,70,,57001,1821,,,2,30,,56990,1821,,,2,81,,56980,1821,,,2,30,,56996,1821,,,2,70,,56981,1821,,,2,27,,56997,1821,,,2,70,,56982,1821,,,2,30,,56995,1821,,,2,70,,56983,1821,,,2,100,,56987,1821,,,2,100,,56988,1821,,,2,100,,56989,1821,,,2
90101,'DI',604,,63792,11691,,,1,30,,63797,11691,,,1,70,,63791,11691,,,1,30,,63807,11691,,,1,73,,63804,11691,,,1,32,,63798,11691,,,1,72,,63786,11691,,,1,31,,63793,11691,,,1,70,,63789,11691,,,1,29,,63808,11691,,,1,71,,63805,11691,,,1,30,,63803,11691,,,1,71,,63794,11691,,,1,31,,63811,11691,,,1,68,,63800,11691,,,1,30,,63809,11691,,,1,69,,63781,11691,,,1,25,,63795,11691,,,1,75,,63787,11691,,,1,30,,63779,11691,,,1,71,,63810,11691,,,1,30,,63783,11691,,,1,70,,63799,11691,,,1,28,,63790,11691,,,1,71,,63780,11691,,,1,29,,63806,11691,,,1,75,,63788,11691,,,1,104,,63785,11691,,,1,97,,63801,11691,,,1,100,,63782,11691,,,1,100,,63784,11691,,,1,100,,63796,11691,,,1,100,,63802,11691,,,1
90101,'F1',604,,63825,11691,,,1,30,,63830,11691,,,1,70,,63824,11691,,,1,30,,63840,11691,,,1,73,,63837,11691,,,1,32,,63831,11691,,,1,72,,63819,11691,,,1,31,,63826,11691,,,1,70,,63822,11691,,,1,29,,63841,11691,,,1,71,,63838,11691,,,1,30,,63836,11691,,,1,71,,63827,11691,,,1,31,,63844,11691,,,1,68,,63833,11691,,,1,30,,63842,11691,,,1,69,,63814,11691,,,1,25,,63828,11691,,,1,75,,63820,11691,,,1,30,,63812,11691,,,1,71,,63843,11691,,,1,30,,63816,11691,,,1,70,,63832,11691,,,1,28,,63823,11691,,,1,71,,63813,11691,,,1,29,,63839,11691,,,1,75,,63821,11691,,,1,104,,63818,11691,,,1,97,,63834,11691,,,1,100,,63815,11691,,,1,100,,63817,11691,,,1,100,,63829,11691,,,1,100,,63835,11691,,,1
90101,'F2',604,,63860,11691,,,1,30,,63869,11691,,,1,70,,63864,11691,,,1,30,,63866,11691,,,1,73,,63872,11691,,,1,32,,63863,11691,,,1,72,,63861,11691,,,1,31,,63868,11691,,,1,70,,63874,11691,,,1,29,,63849,11691,,,1,71,,63862,11691,,,1,30,,63873,11691,,,1,71,,63865,11691,,,1,31,,63875,11691,,,1,68,,63854,11691,,,1,30,,63851,11691,,,1,69,,63845,11691,,,1,25,,63858,11691,,,1,75,,63876,11691,,,1,30,,63855,11691,,,1,71,,63852,11691,,,1,30,,63846,11691,,,1,70,,63847,11691,,,1,28,,63870,11691,,,1,71,,63856,11691,,,1,29,,63850,11691,,,1,75,,63859,11691,,,1,104,,63877,11691,,,1,97,,63853,11691,,,1,100,,63867,11691,,,1,100,,63857,11691,,,1,100,,63848,11691,,,1,100,,63871,11691,,,1
90101,'SA',604,,63893,11691,,,1,30,,63902,11691,,,1,70,,63897,11691,,,1,30,,63899,11691,,,1,73,,63905,11691,,,1,32,,63896,11691,,,1,72,,63894,11691,,,1,31,,63901,11691,,,1,70,,63907,11691,,,1,29,,63882,11691,,,1,71,,63895,11691,,,1,30,,63906,11691,,,1,71,,63898,11691,,,1,31,,63908,11691,,,1,68,,63887,11691,,,1,30,,63884,11691,,,1,69,,63878,11691,,,1,25,,63891,11691,,,1,75,,63909,11691,,,1,30,,63888,11691,,,1,71,,63885,11691,,,1,30,,63879,11691,,,1,70,,63880,11691,,,1,28,,63903,11691,,,1,71,,63889,11691,,,1,29,,63883,11691,,,1,75,,63892,11691,,,1,104,,63910,11691,,,1,97,,63886,11691,,,1,100,,63900,11691,,,1,100,,63890,11691,,,1,100,,63881,11691,,,1,100,,63904,11691,,,1
90101,'SE',544,,63942,11691,,,1,70,,63945,11691,,,1,16,,63949,11691,,,1,15,,63917,11691,,,1,55,,63939,11691,,,1,15,,63919,11691,,,1,15,,63924,11691,,,1,10,,63948,11691,,,1,14,,63922,11691,,,1,50,,63927,11691,,,1,10,,63943,11691,,,1,12,,63914,11691,,,1,8,,63918,11691,,,1,6,,63944,11691,,,1,10,,63946,11691,,,1,50,,63920,11691,,,1,12,,63954,11691,,,1,15,,63941,11691,,,1,12,,63923,11691,,,1,20,,63925,11691,,,1,60,,63950,11691,,,1,20,,63928,11691,,,1,20,,63915,11691,,,1,60,,63947,11691,,,1,20,,63955,11691,,,1,20,,63911,11691,,,1,60,,63913,11691,,,1,20,,63926,11691,,,1,20,,63921,11691,,,1,60,,63929,11691,,,1,20,,63916,11691,,,1,20,,63958,11691,,,1,60,,63956,11691,,,1,20,,63930,11691,,,1,20,,63940,11691,,,1,62,,63953,11691,,,1,20,,63957,11691,,,1,60,,63931,11691,,,1,20,,63951,11691,,,1,29,,63959,11691,,,1,69,,63961,11691,,,1,33,,63963,11691,,,1,69,,63933,11691,,,1,32,,63952,11691,,,1,70,,63960,11691,,,1,23,,63935,11691,,,1,70,,63912,11691,,,1,30,,63962,11691,,,1,72,,63964,11691,,,1,30,,63932,11691,,,1,70,,63936,11691,,,1,30,,63937,11691,,,1,100,,63965,11691,,,1,100,,63934,11691,,,1,100,,63938,11691,,,1
