4201,'DI',553,,57375,7099,,,1,100,,57376,7099,,,1,100,,57377,7099,,,1,100,,57378,7099,,,1,100,,57379,7099,,,1,100,,57380,7099,,,1,100,,57381,7099,,,1,100,,57382,7099,,,1,100,,57383,7099,,,1,100,,57384,7099,,,1,100,,57385,7099,,,1,100,,57386,7099,,,1,100,,57387,7099,,,1,100,,57388,7099,,,1,100,,57389,7099,,,1,100,,57390,7099,,,1,100,,57391,7099,,,1,100,,57392,7099,,,1,100,,57393,7099,,,1,100,,57394,7099,,,1
4201,'F1',553,,57395,7099,,,1,100,,57396,7099,,,1,100,,57397,7099,,,1,100,,57398,7099,,,1,100,,57399,7099,,,1,100,,57400,7099,,,1,100,,57401,7099,,,1,100,,57402,7099,,,1,100,,57403,7099,,,1,100,,57404,7099,,,1,100,,57405,7099,,,1,100,,57406,7099,,,1,100,,57407,7099,,,1,100,,57408,7099,,,1,100,,57409,7099,,,1,100,,57410,7099,,,1,100,,57411,7099,,,1,100,,57412,7099,,,1,100,,57413,7099,,,1,100,,57414,7099,,,1
4201,'F2',553,,57415,7099,,,1,100,,57416,7099,,,1,100,,57417,7099,,,1,100,,57418,7099,,,1,100,,57419,7099,,,1,100,,57420,7099,,,1,100,,57421,7099,,,1,100,,57422,7099,,,1,100,,57423,7099,,,1,100,,57424,7099,,,1,100,,57425,7099,,,1,100,,57426,7099,,,1,100,,57427,7099,,,1,100,,57428,7099,,,1,100,,57429,7099,,,1,100,,57430,7099,,,1,100,,57431,7099,,,1,100,,57432,7099,,,1,100,,57433,7099,,,1,100,,57434,7099,,,1
4201,'SA',553,,57435,7099,,,1,100,,57436,7099,,,1,100,,57437,7099,,,1,100,,57438,7099,,,1,100,,57439,7099,,,1,100,,57440,7099,,,1,100,,57441,7099,,,1,100,,57442,7099,,,1,100,,57443,7099,,,1,100,,57444,7099,,,1,100,,57445,7099,,,1,100,,57446,7099,,,1,100,,57447,7099,,,1,100,,57448,7099,,,1,100,,57449,7099,,,1,100,,57450,7099,,,1,100,,57451,7099,,,1,100,,57452,7099,,,1,100,,57453,7099,,,1,100,,57454,7099,,,1
4201,'SE',523,,57463,7099,,,1,20,,57488,7099,,,1,70,,57470,7099,,,1,21,,57487,7099,,,1,14,,57465,7099,,,1,54,,57474,7099,,,1,14,,57471,7099,,,1,14,,57475,7099,,,1,14,,57483,7099,,,1,14,,57469,7099,,,1,63,,57472,7099,,,1,34,,57499,7099,,,1,77,,57495,7099,,,1,70,,57500,7099,,,1,30,,57473,7099,,,1,70,,57466,7099,,,1,30,,57467,7099,,,1,70,,57462,7099,,,1,30,,57486,7099,,,1,70,,57458,7099,,,1,30,,57455,7099,,,1,70,,57496,7099,,,1,30,,57464,7099,,,1,70,,57461,7099,,,1,4,,57468,7099,,,1,2,,57489,7099,,,1,2,,57484,7099,,,1,22,,57459,7099,,,1,70,,57476,7099,,,1,30,,57498,7099,,,1,68,,57456,7099,,,1,24,,57485,7099,,,1,17,,57460,7099,,,1,67,,57497,7099,,,1,29,,57457,7099,,,1,66,,57492,7099,,,1,35,,57477,7099,,,1,70,,57493,7099,,,1,30,,57478,7099,,,1,70,,57494,7099,,,1,29,,57479,7099,,,1,69,,57490,7099,,,1,30,,57480,7099,,,1,70,,57491,7099,,,1,50,,57481,7099,,,1,100,,57482,7099,,,1
6001,'SE',558,,58285,8471,,,1,62,,58279,8471,,,1,21,,58280,8471,,,1,68,,58286,8471,,,1,28,,58275,8471,,,1,68,,58283,8471,,,1,26,,58287,8471,,,1,14,,58297,8471,,,1,72,,58284,8471,,,1,100,,58276,8471,,,1,100,,58296,8471,,,1,100,,58281,8471,,,1,101,,58277,8471,,,1,100,,58282,8471,,,1,101,,58298,8471,,,1,99,,58288,8471,,,1,30,,58294,8471,,,1,67,,58278,8471,,,1,24,,58291,8471,,,1,67,,58290,8471,,,1,29,,58289,8471,,,1,70,,58292,8471,,,1,48,,58274,8471,,,1,100,,58299,8471,,,1,99,,58300,8471,,,1,100,,58293,8471,,,1,95,,58295,8471,,,1
16001,'DI',614,,62247,14865,,,1,99,,62248,14865,,,1,100,,62245,14865,,,1,100,,62252,14865,,,1,100,,62244,14865,,,1,100,,62238,14865,,,1,100,,62241,14865,,,1,100,,62249,14865,,,1,100,,62242,14865,,,1,100,,62253,14865,,,1,100,,62243,14865,,,1,100,,62246,14865,,,1,100,,62239,14865,,,1,100,,62250,14865,,,1,100,,62254,14865,,,1,103,,62240,14865,,,1,97,,62251,14865,,,1
16001,'F1',614,,62264,14865,,,1,99,,62265,14865,,,1,100,,62262,14865,,,1,100,,62269,14865,,,1,100,,62261,14865,,,1,100,,62255,14865,,,1,100,,62258,14865,,,1,100,,62266,14865,,,1,100,,62259,14865,,,1,100,,62270,14865,,,1,100,,62260,14865,,,1,100,,62263,14865,,,1,100,,62256,14865,,,1,100,,62267,14865,,,1,100,,62271,14865,,,1,103,,62257,14865,,,1,97,,62268,14865,,,1
16001,'F2',615,,62281,14865,,,1,99,,62272,14865,,,1,99,,62285,14865,,,1,100,,62273,14865,,,1,99,,62286,14865,,,1,101,,50278,14865,,,1,100,,62278,14865,,,1,100,,62282,14865,,,1,100,,62279,14865,,,1,100,,62276,14865,,,1,100,,62287,14865,,,1,100,,62277,14865,,,1,100,,62274,14865,,,1,101,,62283,14865,,,1,99,,62280,14865,,,1,103,,62275,14865,,,1,97,,62284,14865,,,1
16001,'SA',615,,62297,14865,,,1,99,,62288,14865,,,1,99,,62301,14865,,,1,100,,62289,14865,,,1,99,,62302,14865,,,1,101,,38598,14865,,,1,100,,62294,14865,,,1,100,,62298,14865,,,1,100,,62295,14865,,,1,100,,62292,14865,,,1,100,,62303,14865,,,1,100,,62293,14865,,,1,100,,62290,14865,,,1,101,,62299,14865,,,1,99,,62296,14865,,,1,103,,62291,14865,,,1,97,,62300,14865,,,1
16001,'SE',627,,62311,14865,,,1,28,,62320,14865,,,1,68,,62312,14865,,,1,28,,62313,14865,,,1,63,,62304,14865,,,1,23,,62322,14865,,,1,68,,62309,14865,,,1,43,,62305,14865,,,1,98,,62308,14865,,,1,93,,62321,14865,,,1,100,,62319,14865,,,1,100,,62314,14865,,,1,100,,62306,14865,,,1,99,,62323,14865,,,1,92,,62310,14865,,,1,97,,62324,14865,,,1,30,,62328,14865,,,1,67,,62326,14865,,,1,25,,62325,14865,,,1,66,,62315,14865,,,1,99,,62327,14865,,,1,100,,62307,14865,,,1,101,,62316,14865,,,1,100,,62318,14865,,,1,90,,62317,14865,,,1
53600,'SE',1624,,63446,3265,,,2
54200,'SE',1637,,63454,6055,,,2
67001,'SE',850,,63541,3980,,,2,1,,63542,3980,,,2,1,,63540,3980,,,2
69600,'SE',1631,,63592,8347,,,2,1,,63591,8347,,,2
