101,'DI',630,,51926,5183,,,1,100,,51927,5183,,,1,100,,51928,5183,,,1,100,,51921,5183,,,1,100,,51922,5183,,,1,100,,51923,5183,,,1,100,,51924,5183,,,1,100,,51925,5183,,,1,101,,51930,5183,,,1,100,,51929,5183,,,1,98,,51911,5183,,,1,100,,51912,5183,,,1,100,,51913,5183,,,1,100,,51914,5183,,,1,100,,51915,5183,,,1,100,,51916,5183,,,1,100,,51917,5183,,,1,100,,51918,5183,,,1,100,,51919,5183,,,1,100,,51920,5183,,,1
101,'F1',630,,51946,5183,,,1,100,,51947,5183,,,1,100,,51948,5183,,,1,100,,51941,5183,,,1,100,,51942,5183,,,1,100,,51943,5183,,,1,100,,51944,5183,,,1,100,,51945,5183,,,1,101,,51950,5183,,,1,100,,51949,5183,,,1,98,,51931,5183,,,1,100,,51932,5183,,,1,100,,51933,5183,,,1,100,,51934,5183,,,1,100,,51935,5183,,,1,100,,51936,5183,,,1,100,,51937,5183,,,1,100,,51938,5183,,,1,100,,51939,5183,,,1,100,,51940,5183,,,1
101,'F2',600,,51951,5183,,,1,30,,43132,5183,,,1,70,,51952,5183,,,1,30,,43133,5183,,,1,70,,51953,5183,,,1,30,,43134,5183,,,1,70,,51954,5183,,,1,30,,43135,5183,,,1,70,,51963,5183,,,1,30,,43136,5183,,,1,70,,51964,5183,,,1,30,,43137,5183,,,1,70,,51955,5183,,,1,30,,51965,5183,,,1,70,,51969,5183,,,1,30,,51975,5183,,,1,71,,51970,5183,,,1,30,,51976,5183,,,1,70,,51971,5183,,,1,30,,51977,5183,,,1,28,,51966,5183,,,1,70,,51972,5183,,,1,30,,51967,5183,,,1,70,,51973,5183,,,1,30,,51968,5183,,,1,70,,51974,5183,,,1,100,,51956,5183,,,1,100,,51957,5183,,,1,100,,51958,5183,,,1,100,,51959,5183,,,1,100,,51960,5183,,,1,100,,51961,5183,,,1,100,,51962,5183,,,1
101,'SA',600,,51978,5183,,,1,30,,20561,5183,,,1,70,,51979,5183,,,1,30,,20562,5183,,,1,70,,51980,5183,,,1,30,,20563,5183,,,1,70,,51981,5183,,,1,30,,20564,5183,,,1,70,,51990,5183,,,1,30,,20565,5183,,,1,70,,51991,5183,,,1,30,,20566,5183,,,1,70,,51982,5183,,,1,30,,51992,5183,,,1,70,,51996,5183,,,1,30,,52002,5183,,,1,71,,51997,5183,,,1,30,,52003,5183,,,1,70,,51998,5183,,,1,30,,52004,5183,,,1,28,,51993,5183,,,1,70,,51999,5183,,,1,30,,51994,5183,,,1,70,,52000,5183,,,1,30,,51995,5183,,,1,70,,52001,5183,,,1,100,,51983,5183,,,1,100,,51984,5183,,,1,100,,51985,5183,,,1,100,,51986,5183,,,1,100,,51987,5183,,,1,100,,51988,5183,,,1,100,,51989,5183,,,1
101,'SE',512,,52025,5183,,,1,30,,52026,5183,,,1,61,,52024,5183,,,1,20,,52005,5183,,,1,20,,52020,5183,,,1,16,,52044,5183,,,1,62,,52007,5183,,,1,10,,52006,5183,,,1,20,,52023,5183,,,1,55,,52041,5183,,,1,15,,52038,5183,,,1,15,,52008,5183,,,1,14,,52039,5183,,,1,60,,52047,5183,,,1,20,,52009,5183,,,1,20,,52017,5183,,,1,70,,52042,5183,,,1,30,,52030,5183,,,1,70,,52028,5183,,,1,30,,52048,5183,,,1,70,,52037,5183,,,1,31,,52045,5183,,,1,70,,52022,5183,,,1,30,,52018,5183,,,1,70,,52031,5183,,,1,30,,52029,5183,,,1,71,,52019,5183,,,1,33,,52033,5183,,,1,57,,52035,5183,,,1,35,,52015,5183,,,1,71,,52021,5183,,,1,34,,52016,5183,,,1,65,,52043,5183,,,1,27,,52046,5183,,,1,75,,52034,5183,,,1,28,,52027,5183,,,1,70,,52040,5183,,,1,30,,52032,5183,,,1,68,,52010,5183,,,1,30,,52036,5183,,,1,70,,52011,5183,,,1,100,,52012,5183,,,1,99,,52013,5183,,,1,100,,52014,5183,,,1
601,'DI',616,,53163,6055,,,1,30,,53166,6055,,,1,70,,53167,6055,,,1,30,,53172,6055,,,1,70,,53164,6055,,,1,30,,53179,6055,,,1,70,,53185,6055,,,1,30,,53159,6055,,,1,74,,53173,6055,,,1,30,,53189,6055,,,1,70,,53168,6055,,,1,30,,53165,6055,,,1,70,,53160,6055,,,1,33,,53186,6055,,,1,70,,53181,6055,,,1,30,,53180,6055,,,1,70,,53158,6055,,,1,30,,53176,6055,,,1,70,,53187,6055,,,1,30,,53161,6055,,,1,70,,53170,6055,,,1,30,,53174,6055,,,1,70,,53177,6055,,,1,28,,53171,6055,,,1,70,,53175,6055,,,1,30,,53183,6055,,,1,100,,53178,6055,,,1,100,,53169,6055,,,1,100,,53182,6055,,,1,100,,53162,6055,,,1,100,,53188,6055,,,1,100,,53184,6055,,,1
601,'F1',616,,53195,6055,,,1,30,,53198,6055,,,1,70,,53199,6055,,,1,30,,53204,6055,,,1,70,,53196,6055,,,1,30,,53211,6055,,,1,70,,53217,6055,,,1,30,,53191,6055,,,1,74,,53205,6055,,,1,30,,53221,6055,,,1,70,,53200,6055,,,1,30,,53197,6055,,,1,70,,53192,6055,,,1,33,,53218,6055,,,1,70,,53213,6055,,,1,30,,53212,6055,,,1,70,,53190,6055,,,1,30,,53208,6055,,,1,70,,53219,6055,,,1,30,,53193,6055,,,1,70,,53202,6055,,,1,30,,53206,6055,,,1,70,,53209,6055,,,1,28,,53203,6055,,,1,70,,53207,6055,,,1,30,,53215,6055,,,1,100,,53210,6055,,,1,100,,53201,6055,,,1,100,,53214,6055,,,1,100,,53194,6055,,,1,100,,53220,6055,,,1,100,,53216,6055,,,1
601,'F2',616,,53228,6055,,,1,30,,53225,6055,,,1,70,,53247,6055,,,1,30,,53230,6055,,,1,70,,53241,6055,,,1,30,,53226,6055,,,1,74,,53242,6055,,,1,26,,53231,6055,,,1,76,,53223,6055,,,1,23,,53224,6055,,,1,75,,53249,6055,,,1,26,,53232,6055,,,1,70,,53237,6055,,,1,38,,53233,6055,,,1,70,,53238,6055,,,1,29,,53245,6055,,,1,70,,53234,6055,,,1,30,,53250,6055,,,1,70,,53246,6055,,,1,30,,53235,6055,,,1,70,,53243,6055,,,1,30,,53239,6055,,,1,70,,53236,6055,,,1,28,,53229,6055,,,1,70,,53240,6055,,,1,30,,53244,6055,,,1,100,,44001,6055,,,1,100,,53222,6055,,,1,100,,53227,6055,,,1,100,,53248,6055,,,1,100,,53251,6055,,,1,100,,43999,6055,,,1
601,'SA',616,,53258,6055,,,1,30,,53255,6055,,,1,70,,53277,6055,,,1,30,,53260,6055,,,1,70,,53271,6055,,,1,30,,53256,6055,,,1,74,,53272,6055,,,1,26,,53261,6055,,,1,76,,53253,6055,,,1,23,,53254,6055,,,1,75,,53279,6055,,,1,26,,53262,6055,,,1,70,,53267,6055,,,1,38,,53263,6055,,,1,70,,53268,6055,,,1,29,,53275,6055,,,1,70,,53264,6055,,,1,30,,53280,6055,,,1,70,,53276,6055,,,1,30,,53265,6055,,,1,70,,53273,6055,,,1,30,,53269,6055,,,1,70,,53266,6055,,,1,28,,53259,6055,,,1,70,,53270,6055,,,1,30,,53274,6055,,,1,100,,22739,6055,,,1,100,,53252,6055,,,1,100,,53257,6055,,,1,100,,53278,6055,,,1,100,,53281,6055,,,1,100,,22737,6055,,,1
601,'SE',530,,53290,6055,,,1,70,,53289,6055,,,1,32,,53305,6055,,,1,71,,53311,6055,,,1,24,,53294,6055,,,1,77,,53282,6055,,,1,29,,53292,6055,,,1,72,,53295,6055,,,1,28,,53298,6055,,,1,70,,53306,6055,,,1,30,,53291,6055,,,1,70,,53304,6055,,,1,30,,53288,6055,,,1,70,,53296,6055,,,1,30,,53284,6055,,,1,70,,53315,6055,,,1,30,,53316,6055,,,1,70,,53310,6055,,,1,30,,53308,6055,,,1,72,,53285,6055,,,1,30,,53301,6055,,,1,66,,53302,6055,,,1,38,,53299,6055,,,1,66,,53309,6055,,,1,31,,53312,6055,,,1,65,,53314,6055,,,1,32,,53317,6055,,,1,70,,53297,6055,,,1,28,,53318,6055,,,1,70,,53293,6055,,,1,30,,53300,6055,,,1,70,,53313,6055,,,1,30,,53307,6055,,,1,70,,53286,6055,,,1,58,,53283,6055,,,1,100,,53287,6055,,,1,100,,53303,6055,,,1
5501,'SE',631,,58217,5037,,,2,20,,58221,5037,,,2,55,,58223,5037,,,2,15,,58219,5037,,,2,15,,58218,5037,,,2,15,,58225,5037,,,2,55,,58222,5037,,,2,15,,58224,5037,,,2,20,,58220,5037,,,2
50101,'SE',751,,63419,5471,,,2,100,,63420,5471,,,2
60001,'SE',903,,63479,3855,,,2
65000,'SE',1647,,63515,11872,,,2
