2501,'DI',1557,,27599,6574,,,2
2501,'F1',1557,,45883,6574,,,2
2501,'F2',1557,,45884,6574,,,2
2501,'F8',1557,,27634,6574,,,2
2501,'F9',1557,,27635,6574,,,2
2501,'SA',1557,,27636,6574,,,2
2501,'SE',635,,45908,4938,,,2,74,,45912,6574,,,2,30,,45911,6574,,,2,66,,45898,4938,,,2,30,,45885,4938,,,2,68,,45900,4938,,,2,505,,45890,4938,,,2,30,,45901,4938,,,2,71,,45887,4938,,,2,31,,45914,6574,,,2,19,,45910,6574,,,2,52,,45913,6574,,,2,9,,45906,4938,,,2,19,,45889,4938,,,2,14,,45888,4938,,,2,58,,45892,4938,,,2,28,,45902,4938,,,2,69,,45886,4938,,,2,29,,45893,4938,,,2,99,,45896,4938,,,2,385,,45909,4938,,,2,86,,45915,6574,,,2,13,,45904,4938,,,2,35,,45905,4938,,,2
12300,'DI',644,,37610,16095,0,42 43,1,100,,37620,16095,0,42 43,1,100,,37611,16095,0,42 43,1,100,,37621,16095,0,42 43,1,100,,37612,16095,0,42 43,1,100,,37622,16095,0,42 43,1,105,,37613,16095,0,42 43,1,95,,37623,16095,0,42 43,1,100,,37614,16095,0,42 43,1,100,,37624,16095,0,42 43,1,100,,37615,16095,0,42 43,1,100,,37625,16095,0,42 43,1,100,,37616,16095,0,42 43,1,100,,37626,16095,0,42 43,1,100,,37617,16095,0,42 43,1,100,,37627,16095,0,42 43,1,100,,37618,16095,0,42 43,1,100,,37628,16095,0,42 43,1,100,,37619,16095,0,42 43,1
12300,'F1',644,,49910,16095,0,42 43,1,100,,49920,16095,0,42 43,1,100,,49911,16095,0,42 43,1,100,,49921,16095,0,42 43,1,100,,49912,16095,0,42 43,1,100,,49922,16095,0,42 43,1,105,,49913,16095,0,42 43,1,95,,49923,16095,0,42 43,1,100,,49914,16095,0,42 43,1,100,,49924,16095,0,42 43,1,100,,49915,16095,0,42 43,1,100,,49925,16095,0,42 43,1,100,,49916,16095,0,42 43,1,100,,49926,16095,0,42 43,1,100,,49917,16095,0,42 43,1,100,,49927,16095,0,42 43,1,100,,49918,16095,0,42 43,1,100,,49928,16095,0,42 43,1,100,,49919,16095,0,42 43,1
12300,'F2',644,,49930,16095,0,42 43,1,100,,49929,16095,0,42 43,1,100,,49931,16095,0,42 43,1,105,,49940,16095,0,42 43,1,99,,49932,16095,0,42 43,1,100,,49941,16095,0,42 43,1,100,,49933,16095,0,42 43,1,96,,49942,16095,0,42 43,1,100,,49934,16095,0,42 43,1,100,,49943,16095,0,42 43,1,104,,49935,16095,0,42 43,1,101,,49944,16095,0,42 43,1,99,,49936,16095,0,42 43,1,96,,49945,16095,0,42 43,1,100,,49937,16095,0,42 43,1,100,,49946,16095,0,42 43,1,100,,49938,16095,0,42 43,1,100,,49947,16095,0,42 43,1,100,,49939,16095,0,42 43,1
12300,'F8',644,,37705,16095,0,42 43,1,100,,37704,16095,0,42 43,1,100,,37706,16095,0,42 43,1,105,,37715,16095,0,42 43,1,99,,37707,16095,0,42 43,1,100,,37716,16095,0,42 43,1,100,,37708,16095,0,42 43,1,96,,37717,16095,0,42 43,1,100,,37709,16095,0,42 43,1,100,,37718,16095,0,42 43,1,104,,37710,16095,0,42 43,1,101,,37719,16095,0,42 43,1,99,,37711,16095,0,42 43,1,96,,37720,16095,0,42 43,1,100,,37712,16095,0,42 43,1,100,,37721,16095,0,42 43,1,100,,37713,16095,0,42 43,1,100,,37722,16095,0,42 43,1,100,,37714,16095,0,42 43,1
12300,'F9',644,,37723,16095,0,42 43,1,100,,37733,16095,0,42 43,1,100,,37724,16095,0,42 43,1,100,,37734,16095,0,42 43,1,100,,37725,16095,0,42 43,1,100,,37735,16095,0,42 43,1,105,,37726,16095,0,42 43,1,95,,37736,16095,0,42 43,1,100,,37727,16095,0,42 43,1,100,,37737,16095,0,42 43,1,100,,37728,16095,0,42 43,1,100,,37738,16095,0,42 43,1,100,,37729,16095,0,42 43,1,100,,37739,16095,0,42 43,1,100,,37730,16095,0,42 43,1,100,,37740,16095,0,42 43,1,100,,37731,16095,0,42 43,1,100,,37741,16095,0,42 43,1,100,,37732,16095,0,42 43,1
12300,'SA',644,,37743,16095,0,42 43,1,100,,37742,16095,0,42 43,1,100,,37744,16095,0,42 43,1,105,,37753,16095,0,42 43,1,99,,37745,16095,0,42 43,1,100,,37754,16095,0,42 43,1,100,,37746,16095,0,42 43,1,96,,37755,16095,0,42 43,1,100,,37747,16095,0,42 43,1,100,,37756,16095,0,42 43,1,104,,37748,16095,0,42 43,1,101,,37757,16095,0,42 43,1,99,,37749,16095,0,42 43,1,96,,37758,16095,0,42 43,1,100,,37750,16095,0,42 43,1,100,,37759,16095,0,42 43,1,100,,37751,16095,0,42 43,1,100,,37760,16095,0,42 43,1,100,,37752,16095,0,42 43,1
12300,'SE',539,,49961,16095,0,42 43,1,73,,49949,16095,0,42 43,1,15,,49984,16095,0,42 43,1,10,,49964,16095,0,42 43,1,10,,49954,16095,0,42 43,1,10,,49952,16095,0,42 43,1,54,,49967,16095,0,42 43,1,8,,49956,16095,0,42 43,1,12,,49968,16095,0,42 43,1,10,,49953,16095,0,42 43,1,61,,49970,16095,0,42 43,1,17,,49974,16095,0,42 43,1,30,,49965,16095,0,42 43,1,65,,49971,16095,0,42 43,1,29,,49951,16095,0,42 43,1,102,,49972,16095,0,42 43,1,100,,49957,16095,0,42 43,1,99,,49966,16095,0,42 43,1,105,,49958,16095,0,42 43,1,5,,49955,16095,0,42 43,1,93,,49969,16095,0,42 43,1,70,,49959,16095,0,42 43,1,32,,49976,16095,0,42 43,1,66,,49980,16095,0,42 43,1,29,,49975,16095,0,42 43,1,71,,49950,16095,0,42 43,1,31,,49960,16095,0,42 43,1,68,,49977,16095,0,42 43,1,35,,49973,16095,0,42 43,1,68,,49962,16095,0,42 43,1,30,,49981,16095,0,42 43,1,68,,49963,16095,0,42 43,1,30,,49948,16095,0,42 43,1,100,,49982,16095,0,42 43,1,100,,49978,16095,0,42 43,1,96,,49983,16095,0,42 43,1,100,,49979,16095,0,42 43,1
