1400,'SE',637,,44625,12961,,,1,17,,44622,12961,,,1,66,,44620,12961,,,1,13,,44623,12961,,,1,17,,44619,12961,,,1,58,,44626,12961,,,1,30,,44624,12961,,,1,20,,44621,12961,,,1,92,,44631,10714,,,1,100,,44636,10714,,,1,100,,44635,10714,,,1,100,,44630,10714,,,1,100,,44627,10714,,,1,100,,44632,10714,,,1,150,,44634,10714,,,1,13,,44638,10714,,,1,18,,44633,10714,,,1,15,,44641,10714,,,1,61,,44629,10714,,,1,18,,44637,10714,,,1,21,,44639,10714,,,1,58,,44640,10714,,,1,29,,44628,10714,,,1
3101,'SE',538,,46244,1576,,,1,70,,46241,1576,,,1,31,,46217,1576,,,1,70,,46245,1576,,,1,30,,46221,1576,,,1,71,,46218,1576,,,1,29,,46213,1576,,,1,68,,46211,1576,,,1,30,,46212,1576,,,1,70,,46233,1576,,,1,30,,46214,1576,,,1,70,,46230,1576,,,1,31,,46222,1576,,,1,70,,46236,1576,,,1,30,,46219,1576,,,1,70,,46235,1576,,,1,30,,46215,1576,,,1,70,,46240,1576,,,1,31,,46223,1576,,,1,70,,46228,1576,,,1,30,,46220,1576,,,1,70,,46225,1576,,,1,30,,46227,1576,,,1,70,,46224,1576,,,1,30,,46226,1576,,,1,70,,46216,1576,,,1,30,,46237,1576,,,1,71,,46229,1576,,,1,30,,46239,1576,,,1,70,,46231,1576,,,1,29,,46238,1576,,,1,70,,46243,1576,,,1,29,,46234,1576,,,1,100,,46232,1576,,,1,99,,46242,1576,,,1
4101,'DI',733,,29270,3628,,,1,100,,29274,3628,,,1,101,,29264,3628,,,1,100,,29260,3628,,,1,100,,29271,3628,,,1,100,,29261,3628,,,1,100,,29272,3628,,,1,100,,29265,3628,,,1,100,,29257,3628,,,1,102,,29262,3628,,,1,98,,29266,3628,,,1,100,,29258,3628,,,1,100,,29267,3628,,,1,100,,29259,3628,,,1,100,,29263,3628,,,1,99,,29268,3628,,,1,100,,29273,3628,,,1,100,,29269,3628,,,1,100,,29275,3628,,,1
4101,'F1',733,,46590,3628,,,1,100,,46594,3628,,,1,101,,46584,3628,,,1,100,,46580,3628,,,1,100,,46591,3628,,,1,100,,46581,3628,,,1,100,,46592,3628,,,1,100,,46585,3628,,,1,100,,46577,3628,,,1,102,,46582,3628,,,1,98,,46586,3628,,,1,100,,46578,3628,,,1,100,,46587,3628,,,1,100,,46579,3628,,,1,100,,46583,3628,,,1,99,,46588,3628,,,1,100,,46593,3628,,,1,100,,46589,3628,,,1,100,,46595,3628,,,1
4101,'F2',733,,46599,3628,,,1,100,,46612,3628,,,1,101,,46600,3628,,,1,101,,46605,3628,,,1,99,,46613,3628,,,1,100,,46606,3628,,,1,100,,46601,3628,,,1,100,,46607,3628,,,1,100,,46602,3628,,,1,100,,46598,3628,,,1,100,,46603,3628,,,1,100,,46596,3628,,,1,100,,46608,3628,,,1,100,,46597,3628,,,1,100,,46614,3628,,,1,99,,46609,3628,,,1,100,,46604,3628,,,1,100,,46610,3628,,,1,100,,46611,3628,,,1
4101,'F8',733,,29343,3628,,,1,100,,29356,3628,,,1,101,,29344,3628,,,1,101,,29349,3628,,,1,99,,29357,3628,,,1,100,,29350,3628,,,1,100,,29345,3628,,,1,100,,29351,3628,,,1,100,,29346,3628,,,1,100,,29342,3628,,,1,100,,29347,3628,,,1,100,,29340,3628,,,1,100,,29352,3628,,,1,100,,29341,3628,,,1,100,,29358,3628,,,1,99,,29353,3628,,,1,100,,29348,3628,,,1,100,,29354,3628,,,1,100,,29355,3628,,,1
4101,'F9',733,,29372,3628,,,1,100,,29376,3628,,,1,101,,29366,3628,,,1,100,,29362,3628,,,1,100,,29373,3628,,,1,100,,29363,3628,,,1,100,,29374,3628,,,1,100,,29367,3628,,,1,100,,29359,3628,,,1,102,,29364,3628,,,1,98,,29368,3628,,,1,100,,29360,3628,,,1,100,,29369,3628,,,1,100,,29361,3628,,,1,100,,29365,3628,,,1,99,,29370,3628,,,1,100,,29375,3628,,,1,100,,29371,3628,,,1,100,,29377,3628,,,1
4101,'SA',733,,29381,3628,,,1,100,,29394,3628,,,1,101,,29382,3628,,,1,101,,29387,3628,,,1,99,,29395,3628,,,1,100,,29388,3628,,,1,100,,29383,3628,,,1,100,,29389,3628,,,1,100,,29384,3628,,,1,100,,29380,3628,,,1,100,,29385,3628,,,1,100,,29378,3628,,,1,100,,29390,3628,,,1,100,,29379,3628,,,1,100,,29396,3628,,,1,99,,29391,3628,,,1,100,,29386,3628,,,1,100,,29392,3628,,,1,100,,29393,3628,,,1
4101,'SE',704,,46619,3628,,,1,30,,46632,3628,,,1,70,,46620,3628,,,1,35,,46621,3628,,,1,65,,46616,3628,,,1,30,,46635,3628,,,1,100,,46615,3628,,,1,100,,46622,3628,,,1,100,,46636,3628,,,1,100,,46623,3628,,,1,101,,46638,3628,,,1,74,,46624,3628,,,1,25,,46639,3628,,,1,67,,46634,3628,,,1,38,,46633,3628,,,1,66,,46626,3628,,,1,29,,46637,3628,,,1,71,,46617,3628,,,1,29,,46640,3628,,,1,100,,46629,3628,,,1,99,,46628,3628,,,1,100,,46625,3628,,,1,100,,46630,3628,,,1,100,,46627,3628,,,1,100,,46618,3628,,,1,100,,46631,3628,,,1
4601,'SE',618,,47044,4114,,,2,20,,47060,4114,,,2,20,,47045,4114,,,2,60,,47041,4114,,,2,16,,47048,4114,,,2,14,,47047,4114,,,2,58,,47054,4114,,,2,22,,47046,4114,,,2,20,,47049,4114,,,2,100,,47040,4114,,,2,100,,47039,4114,,,2,100,,47061,4114,,,2,100,,47062,4114,,,2,100,,47058,4114,,,2,100,,47059,4114,,,2,100,,47055,4114,,,2,73,,47042,4114,,,2,18,,47056,4114,,,2,62,,47050,4114,,,2,20,,47052,4114,,,2,15,,47057,4114,,,2,75,,47053,4114,,,2
21401,'DI',829,,39064,1576,,,1,100,,39065,1576,,,1,100,,39066,1576,,,1,100,,39067,1576,,,1,100,,39068,1576,,,1,100,,39069,1576,,,1,100,,39070,1576,,,1,100,,39071,1576,,,1,100,,39072,1576,,,1,100,,39073,1576,,,1
21401,'F1',829,,50502,1576,,,1,100,,50503,1576,,,1,100,,50504,1576,,,1,100,,50505,1576,,,1,100,,50506,1576,,,1,100,,50507,1576,,,1,100,,50508,1576,,,1,100,,50509,1576,,,1,100,,50510,1576,,,1,100,,50511,1576,,,1
21401,'F2',829,,50512,1576,,,1,100,,50513,1576,,,1,100,,50514,1576,,,1,100,,50515,1576,,,1,100,,50516,1576,,,1,100,,50517,1576,,,1,100,,50518,1576,,,1,100,,50519,1576,,,1,100,,50520,1576,,,1,100,,50521,1576,,,1
21401,'F8',829,,39088,1576,,,1,100,,39089,1576,,,1,100,,39090,1576,,,1,100,,39091,1576,,,1,100,,39092,1576,,,1,100,,39093,1576,,,1,100,,39094,1576,,,1,100,,39095,1576,,,1,100,,39096,1576,,,1,100,,39097,1576,,,1
21401,'F9',829,,39098,1576,,,1,100,,39099,1576,,,1,100,,39100,1576,,,1,100,,39101,1576,,,1,100,,39102,1576,,,1,100,,39103,1576,,,1,100,,39104,1576,,,1,100,,39105,1576,,,1,100,,39106,1576,,,1,100,,39107,1576,,,1
21401,'SA',829,,39108,1576,,,1,100,,39109,1576,,,1,100,,39110,1576,,,1,100,,39111,1576,,,1,100,,39112,1576,,,1,100,,39113,1576,,,1,100,,39114,1576,,,1,100,,39115,1576,,,1,100,,39116,1576,,,1,100,,39117,1576,,,1
