801,'DI',539,,23101,9153,,,1,70,,2745,9153,,,1,30,,2752,9153,,,1,70,,23108,9153,,,1,30,,23102,9153,,,1,71,,2746,9153,,,1,30,,2753,9153,,,1,70,,23109,9153,,,1,28,,23103,9153,,,1,70,,2747,9153,,,1,30,,2754,9153,,,1,68,,23110,9153,,,1,30,,23104,9153,,,1,70,,2748,9153,,,1,30,,2755,9153,,,1,70,,23111,9153,,,1,31,,2741,9153,,,1,70,,2749,9153,,,1,31,,2756,9153,,,1,70,,23112,9153,,,1,30,,23106,9153,,,1,70,,2750,9153,,,1,30,,23115,9153,,,1,70,,23113,9153,,,1,19,,23105,9153,,,1,15,,23107,9153,,,1,70,,2751,9153,,,1,28,,23116,9153,,,1,70,,23114,9153,,,1,45,,2742,9153,,,1,101,,23117,9153,,,1,100,,2743,9153,,,1,99,,23118,9153,,,1,100,,2744,9153,,,1,99,,23119,9153,,,1
801,'F8',539,,23268,9153,,,1,70,,23280,9153,,,1,30,,23283,9153,,,1,70,,23286,9153,,,1,30,,23269,9153,,,1,71,,23281,9153,,,1,30,,23284,9153,,,1,70,,23287,9153,,,1,27,,23270,9153,,,1,68,,23282,9153,,,1,30,,23285,9153,,,1,70,,23288,9153,,,1,31,,23271,9153,,,1,70,,23276,9153,,,1,31,,23293,9153,,,1,70,,23289,9153,,,1,31,,23272,9153,,,1,70,,23277,9153,,,1,30,,23294,9153,,,1,70,,23290,9153,,,1,30,,23297,9153,,,1,70,,23278,9153,,,1,30,,23295,9153,,,1,70,,23291,9153,,,1,25,,23264,9153,,,1,10,,23298,9153,,,1,61,,23279,9153,,,1,30,,23296,9153,,,1,70,,23292,9153,,,1,50,,23265,9153,,,1,100,,23273,9153,,,1,100,,23266,9153,,,1,99,,23274,9153,,,1,100,,23267,9153,,,1,101,,23275,9153,,,1
801,'F9',539,,23299,9153,,,1,70,,23307,9153,,,1,30,,23314,9153,,,1,70,,23322,9153,,,1,30,,23300,9153,,,1,71,,23308,9153,,,1,30,,23315,9153,,,1,70,,23323,9153,,,1,28,,23301,9153,,,1,70,,23309,9153,,,1,30,,23316,9153,,,1,68,,23324,9153,,,1,30,,23302,9153,,,1,70,,23310,9153,,,1,30,,23317,9153,,,1,70,,23325,9153,,,1,31,,23303,9153,,,1,70,,23311,9153,,,1,31,,23318,9153,,,1,70,,23326,9153,,,1,30,,23320,9153,,,1,70,,23312,9153,,,1,30,,23329,9153,,,1,70,,23327,9153,,,1,19,,23319,9153,,,1,15,,23321,9153,,,1,70,,23313,9153,,,1,28,,23330,9153,,,1,70,,23328,9153,,,1,45,,23304,9153,,,1,101,,23331,9153,,,1,100,,23305,9153,,,1,99,,23332,9153,,,1,100,,23306,9153,,,1,99,,23333,9153,,,1
801,'SA',539,,23338,9153,,,1,70,,23350,9153,,,1,30,,23353,9153,,,1,70,,23356,9153,,,1,30,,23339,9153,,,1,71,,23351,9153,,,1,30,,23354,9153,,,1,70,,23357,9153,,,1,27,,23340,9153,,,1,68,,23352,9153,,,1,30,,23355,9153,,,1,70,,23358,9153,,,1,31,,23341,9153,,,1,70,,23346,9153,,,1,31,,23363,9153,,,1,70,,23359,9153,,,1,31,,23342,9153,,,1,70,,23347,9153,,,1,30,,23364,9153,,,1,70,,23360,9153,,,1,30,,2977,9153,,,1,70,,23348,9153,,,1,30,,23365,9153,,,1,70,,23361,9153,,,1,25,,23334,9153,,,1,10,,2978,9153,,,1,61,,23349,9153,,,1,30,,23366,9153,,,1,70,,23362,9153,,,1,50,,23335,9153,,,1,100,,23343,9153,,,1,100,,23336,9153,,,1,99,,23344,9153,,,1,100,,23337,9153,,,1,101,,23345,9153,,,1
801,'SE',505,,23393,9153,,,1,33,,23367,9153,,,1,67,,23401,9153,,,1,21,,23403,9153,,,1,25,,23410,9153,,,1,51,,23413,9153,,,1,9,,23372,9153,,,1,8,,23376,9153,,,1,12,,23383,9153,,,1,9,,23368,9153,,,1,11,,23395,9153,,,1,60,,23402,9153,,,1,18,,23404,9153,,,1,18,,23394,9153,,,1,53,,23371,9153,,,1,15,,23373,9153,,,1,15,,23377,9153,,,1,15,,23369,9153,,,1,57,,23386,9153,,,1,15,,23382,9153,,,1,14,,23405,9153,,,1,15,,23379,9153,,,1,56,,23430,9153,,,1,15,,23374,9153,,,1,15,,23378,9153,,,1,15,,23370,9153,,,1,55,,23384,9153,,,1,15,,23387,9153,,,1,16,,23414,9153,,,1,15,,23406,9153,,,1,55,,23416,9153,,,1,15,,23389,9153,,,1,15,,23433,9153,,,1,15,,23439,9153,,,1,55,,23431,9153,,,1,15,,23421,9153,,,1,18,,23419,9153,,,1,15,,23396,9153,,,1,53,,23438,9153,,,1,20,,23380,9153,,,1,11,,23417,9153,,,1,10,,23375,9153,,,1,14,,23432,9153,,,1,56,,23420,9153,,,1,16,,23429,9153,,,1,15,,23388,9153,,,1,13,,23424,9153,,,1,56,,23423,9153,,,1,15,,23407,9153,,,1,15,,23381,9153,,,1,55,,23418,9153,,,1,21,,23422,9153,,,1,23,,23399,9153,,,1,67,,23425,9153,,,1,28,,23411,9153,,,1,71,,23397,9153,,,1,29,,23426,9153,,,1,73,,23408,9153,,,1,27,,23412,9153,,,1,12,,23390,9153,,,1,60,,23398,9153,,,1,29,,23427,9153,,,1,60,,23409,9153,,,1,52,,23391,9153,,,1,100,,23392,9153,,,1
8801,'DI',626,,36910,8425,,,1,30,,36915,8425,,,1,70,,36921,8425,,,1,30,,36931,8425,,,1,69,,36911,8425,,,1,30,,36916,8425,,,1,70,,36922,8425,,,1,28,,36932,8425,,,1,69,,36912,8425,,,1,30,,36917,8425,,,1,69,,36923,8425,,,1,30,,36933,8425,,,1,70,,36913,8425,,,1,30,,36918,8425,,,1,70,,36924,8425,,,1,31,,36934,8425,,,1,70,,36914,8425,,,1,31,,36919,8425,,,1,71,,36925,8425,,,1,29,,15257,8425,,,1,70,,36926,8425,,,1,30,,36920,8425,,,1,70,,36935,8425,,,1,34,,15258,8425,,,1,62,,36927,8425,,,1,106,,36936,8425,,,1,101,,36928,8425,,,1,100,,36937,8425,,,1,100,,36929,8425,,,1,100,,36938,8425,,,1,99,,36930,8425,,,1
8801,'F8',624,,37048,8425,,,1,30,,37047,8425,,,1,70,,37069,8425,,,1,29,,37060,8425,,,1,70,,37049,8425,,,1,30,,37073,8425,,,1,70,,37070,8425,,,1,27,,37061,8425,,,1,70,,37053,8425,,,1,29,,37074,8425,,,1,70,,37071,8425,,,1,31,,37062,8425,,,1,70,,37054,8425,,,1,31,,37066,8425,,,1,68,,37050,8425,,,1,31,,37063,8425,,,1,70,,37055,8425,,,1,30,,37067,8425,,,1,70,,37051,8425,,,1,30,,37045,8425,,,1,70,,37056,8425,,,1,31,,37068,8425,,,1,68,,37052,8425,,,1,32,,37046,8425,,,1,62,,37075,8425,,,1,109,,37064,8425,,,1,100,,37057,8425,,,1,100,,37065,8425,,,1,100,,37058,8425,,,1,98,,37072,8425,,,1,100,,37059,8425,,,1
8801,'F9',626,,37078,8425,,,1,30,,37083,8425,,,1,70,,37089,8425,,,1,30,,37099,8425,,,1,69,,37079,8425,,,1,30,,37084,8425,,,1,70,,37090,8425,,,1,28,,37100,8425,,,1,69,,37080,8425,,,1,30,,37085,8425,,,1,69,,37091,8425,,,1,30,,37101,8425,,,1,70,,37081,8425,,,1,30,,37086,8425,,,1,70,,37092,8425,,,1,31,,37102,8425,,,1,70,,37082,8425,,,1,31,,37087,8425,,,1,71,,37093,8425,,,1,29,,37076,8425,,,1,70,,37094,8425,,,1,30,,37088,8425,,,1,70,,37103,8425,,,1,34,,37077,8425,,,1,62,,37095,8425,,,1,106,,37104,8425,,,1,101,,37096,8425,,,1,100,,37105,8425,,,1,100,,37097,8425,,,1,100,,37106,8425,,,1,99,,37098,8425,,,1
8801,'SA',624,,37110,8425,,,1,30,,37109,8425,,,1,70,,37131,8425,,,1,29,,37122,8425,,,1,70,,37111,8425,,,1,30,,37134,8425,,,1,70,,37132,8425,,,1,27,,37123,8425,,,1,70,,37115,8425,,,1,29,,37135,8425,,,1,70,,37133,8425,,,1,31,,37124,8425,,,1,70,,37116,8425,,,1,31,,37128,8425,,,1,68,,37112,8425,,,1,31,,37125,8425,,,1,70,,37117,8425,,,1,30,,37129,8425,,,1,70,,37113,8425,,,1,30,,37107,8425,,,1,70,,37118,8425,,,1,31,,37130,8425,,,1,68,,37114,8425,,,1,32,,37108,8425,,,1,62,,37136,8425,,,1,109,,37126,8425,,,1,100,,37119,8425,,,1,100,,37127,8425,,,1,100,,37120,8425,,,1,98,,15458,8425,,,1,100,,37121,8425,,,1
8801,'SE',622,,37137,8425,,,1,20,,37149,8425,,,1,15,,37139,8425,,,1,52,,15479,8425,,,1,7,,37141,8425,,,1,19,,37151,8425,,,1,9,,37146,8425,,,1,12,,37153,8425,,,1,51,,37143,8425,,,1,10,,37148,8425,,,1,19,,37178,8425,,,1,18,,37179,8425,,,1,70,,37180,8425,,,1,30,,37152,8425,,,1,70,,37167,8425,,,1,30,,37150,8425,,,1,70,,37147,8425,,,1,30,,37165,8425,,,1,70,,37168,8425,,,1,30,,37142,8425,,,1,70,,37140,8425,,,1,30,,37169,8425,,,1,73,,37144,8425,,,1,29,,37166,8425,,,1,49,,15486,8425,,,1,2,,15491,8425,,,1,2,,37159,8425,,,1,7,,37138,8425,,,1,18,,37160,8425,,,1,18,,37172,8425,,,1,52,,37170,8425,,,1,15,,37173,8425,,,1,18,,37175,8425,,,1,13,,37145,8425,,,1,55,,37154,8425,,,1,14,,37181,8425,,,1,16,,37158,8425,,,1,15,,37161,8425,,,1,57,,37162,8425,,,1,20,,37155,8425,,,1,27,,37176,8425,,,1,72,,37174,8425,,,1,30,,15492,8425,,,1,69,,37156,8425,,,1,30,,37177,8425,,,1,70,,37171,8425,,,1,102,,37157,8425,,,1,98,,37164,8425,,,1,100,,37163,8425,,,1
12800,'SE',608,,38027,9898,,,2,100,,38028,9898,,,2,895,,38029,9898,,,2
42800,'DI',617,,39684,9898,,,1,110,,39685,9898,,,1,111,,39686,9898,,,1,109,,39687,9898,,,1,110,,39688,9898,,,1,75,,39694,9898,,,1,75,,39689,9898,,,1,35,,39695,9898,,,1,75,,39690,9898,,,1,35,,39696,9898,,,1,74,,39691,9898,,,1,78,,39697,9898,,,1,34,,39692,9898,,,1,80,,39698,9898,,,1,34,,39693,9898,,,1,151,,39699,9898,,,1,106,,39700,9898,,,1,108,,39701,9898,,,1,110,,39702,9898,,,1,110,,39703,9898,,,1
42800,'F8',617,,39752,9898,,,1,110,,39753,9898,,,1,111,,39754,9898,,,1,109,,39755,9898,,,1,110,,39756,9898,,,1,75,,39762,9898,,,1,75,,39757,9898,,,1,35,,39763,9898,,,1,75,,39758,9898,,,1,35,,39764,9898,,,1,74,,39759,9898,,,1,78,,39765,9898,,,1,34,,39760,9898,,,1,80,,39766,9898,,,1,34,,39761,9898,,,1,151,,39767,9898,,,1,106,,39768,9898,,,1,108,,39769,9898,,,1,110,,39770,9898,,,1,110,,39771,9898,,,1
42800,'F9',617,,39772,9898,,,1,110,,39773,9898,,,1,111,,39774,9898,,,1,109,,39775,9898,,,1,110,,39776,9898,,,1,75,,39782,9898,,,1,75,,39777,9898,,,1,35,,39783,9898,,,1,75,,39778,9898,,,1,35,,39784,9898,,,1,74,,39779,9898,,,1,78,,39785,9898,,,1,34,,39780,9898,,,1,80,,39786,9898,,,1,34,,39781,9898,,,1,151,,39787,9898,,,1,106,,39788,9898,,,1,108,,39789,9898,,,1,110,,39790,9898,,,1,110,,39791,9898,,,1
42800,'SA',617,,39792,9898,,,1,110,,39793,9898,,,1,111,,39794,9898,,,1,109,,39795,9898,,,1,110,,39796,9898,,,1,75,,39802,9898,,,1,75,,39797,9898,,,1,35,,39803,9898,,,1,75,,39798,9898,,,1,35,,39804,9898,,,1,74,,39799,9898,,,1,78,,39805,9898,,,1,34,,39800,9898,,,1,80,,39806,9898,,,1,34,,39801,9898,,,1,151,,39807,9898,,,1,106,,39808,9898,,,1,108,,39809,9898,,,1,110,,39810,9898,,,1,110,,39811,9898,,,1
42800,'SE',532,,39812,9898,,,1,75,,39822,9898,,,1,33,,39813,9898,,,1,85,,39823,9898,,,1,78,,39814,9898,,,1,35,,39824,9898,,,1,77,,39815,9898,,,1,32,,39825,9898,,,1,75,,39816,9898,,,1,35,,39826,9898,,,1,75,,39817,9898,,,1,75,,39827,9898,,,1,33,,39818,9898,,,1,73,,39828,9898,,,1,35,,39819,9898,,,1,74,,39829,9898,,,1,37,,39820,9898,,,1,77,,39830,9898,,,1,76,,39821,9898,,,1,40,,39831,9898,,,1,74,,39838,9898,,,1,79,,39832,9898,,,1,32,,39839,9898,,,1,75,,39833,9898,,,1,107,,39834,9898,,,1,108,,39835,9898,,,1,110,,39836,9898,,,1,110,,39837,9898,,,1
60801,'SE',1502,,40763,4021,,,2,2,,40764,4021,,,2
