8800,'DI',744,,60913,17091,,,1,70,,60910,17091,,,1,30,,60920,17091,,,1,70,,60927,17091,,,1,30,,60914,17091,,,1,70,,60911,17091,,,1,33,,60921,17091,,,1,70,,60928,17091,,,1,30,,60917,17091,,,1,70,,60912,17091,,,1,31,,60922,17091,,,1,70,,60926,17091,,,1,30,,60929,17091,,,1,70,,60909,17091,,,1,30,,60923,17091,,,1,70,,60907,17091,,,1,30,,60930,17091,,,1,70,,60918,17091,,,1,30,,60924,17091,,,1,70,,60908,17091,,,1,30,,60931,17091,,,1,67,,60919,17091,,,1,30,,60925,17091,,,1,100,,60933,17091,,,1,100,,60932,17091,,,1,100,,60934,17091,,,1,100,,60915,17091,,,1,96,,60935,17091,,,1,100,,60916,17091,,,1,100,,60906,17091,,,1
8800,'F1',744,,60943,17091,,,1,70,,60940,17091,,,1,30,,60950,17091,,,1,70,,60957,17091,,,1,30,,60944,17091,,,1,70,,60941,17091,,,1,33,,60951,17091,,,1,70,,60958,17091,,,1,30,,60947,17091,,,1,70,,60942,17091,,,1,31,,60952,17091,,,1,70,,60956,17091,,,1,30,,60959,17091,,,1,70,,60939,17091,,,1,30,,60953,17091,,,1,70,,60937,17091,,,1,30,,60960,17091,,,1,70,,60948,17091,,,1,30,,60954,17091,,,1,70,,60938,17091,,,1,30,,60961,17091,,,1,67,,60949,17091,,,1,30,,60955,17091,,,1,100,,60963,17091,,,1,100,,60962,17091,,,1,100,,60964,17091,,,1,100,,60945,17091,,,1,96,,60965,17091,,,1,100,,60946,17091,,,1,100,,60936,17091,,,1
8800,'F2',744,,60972,17091,,,1,70,,60978,17091,,,1,31,,60985,17091,,,1,70,,60987,17091,,,1,31,,60973,17091,,,1,70,,60979,17091,,,1,32,,60986,17091,,,1,70,,60988,17091,,,1,30,,60974,17091,,,1,70,,60980,17091,,,1,30,,60992,17091,,,1,70,,60989,17091,,,1,30,,60975,17091,,,1,70,,60981,17091,,,1,30,,60995,17091,,,1,70,,60967,17091,,,1,30,,60976,17091,,,1,70,,60970,17091,,,1,30,,60996,17091,,,1,70,,60968,17091,,,1,31,,60991,17091,,,1,69,,60971,17091,,,1,31,,60993,17091,,,1,69,,60969,17091,,,1,30,,60982,17091,,,1,100,,60994,17091,,,1,98,,60983,17091,,,1,97,,60990,17091,,,1,100,,60984,17091,,,1,100,,60966,17091,,,1,100,,60977,17091,,,1
8800,'SA',744,,61003,17091,,,1,70,,61009,17091,,,1,31,,61016,17091,,,1,70,,61018,17091,,,1,31,,61004,17091,,,1,70,,61010,17091,,,1,32,,61017,17091,,,1,70,,61019,17091,,,1,30,,61005,17091,,,1,70,,61011,17091,,,1,30,,61023,17091,,,1,70,,61020,17091,,,1,30,,61006,17091,,,1,70,,61012,17091,,,1,30,,61026,17091,,,1,70,,60998,17091,,,1,30,,61007,17091,,,1,70,,61001,17091,,,1,30,,61027,17091,,,1,70,,60999,17091,,,1,31,,61022,17091,,,1,69,,61002,17091,,,1,31,,61024,17091,,,1,69,,61000,17091,,,1,30,,61013,17091,,,1,100,,61025,17091,,,1,98,,61014,17091,,,1,97,,61021,17091,,,1,100,,61015,17091,,,1,100,,60997,17091,,,1,100,,61008,17091,,,1
8800,'SE',709,,61033,17091,,,1,41,,61071,17091,,,1,2,,61048,17091,,,1,59,,61070,17091,,,1,15,,61042,17091,,,1,14,,61045,17091,,,1,15,,61046,17091,,,1,55,,61047,17091,,,1,12,,61034,17091,,,1,29,,61030,17091,,,1,70,,61059,17091,,,1,30,,61069,17091,,,1,70,,61031,17091,,,1,33,,61066,17091,,,1,70,,61067,17091,,,1,30,,61028,17091,,,1,70,,61062,17091,,,1,30,,61068,17091,,,1,70,,61060,17091,,,1,35,,61064,17091,,,1,45,,61032,17091,,,1,30,,61063,17091,,,1,17,,61043,17091,,,1,56,,61074,17091,,,1,15,,61035,17091,,,1,15,,61072,17091,,,1,15,,61049,17091,,,1,55,,61061,17091,,,1,13,,61065,17091,,,1,9,,61029,17091,,,1,12,,61073,17091,,,1,12,,61054,17091,,,1,51,,61044,17091,,,1,11,,61036,17091,,,1,11,,61075,17091,,,1,12,,61037,17091,,,1,12,,61039,17091,,,1,7,,61050,17091,,,1,59,,61038,17091,,,1,15,,61076,17091,,,1,22,,61055,17091,,,1,68,,61040,17091,,,1,30,,61051,17091,,,1,67,,61077,17091,,,1,30,,61056,17091,,,1,70,,61041,17091,,,1,30,,61052,17091,,,1,100,,61057,17091,,,1,99,,61053,17091,,,1,94,,61058,17091,,,1
13200,'DI',857,,61957,12389,,,1,100,,61955,12389,,,1,100,,61959,12389,,,1,100,,61958,12389,,,1,100,,61960,12389,,,1,100,,61956,12389,,,1,100,,61962,12389,,,1,145,,61961,12389,,,1,55,,61964,12389,,,1,100,,61963,12389,,,1,101,,61965,12389,,,1,98,,61970,12389,,,1,100,,61968,12389,,,1,100,,61966,12389,,,1,100,,61971,12389,,,1,100,,61969,12389,,,1,100,,61967,12389,,,1,100,,61972,12389,,,1
13200,'F1',857,,61975,12389,,,1,100,,61973,12389,,,1,100,,61977,12389,,,1,100,,61976,12389,,,1,100,,61978,12389,,,1,100,,61974,12389,,,1,100,,61980,12389,,,1,145,,61979,12389,,,1,55,,61982,12389,,,1,100,,61981,12389,,,1,101,,61983,12389,,,1,98,,61988,12389,,,1,100,,61986,12389,,,1,100,,61984,12389,,,1,100,,61989,12389,,,1,100,,61987,12389,,,1,100,,61985,12389,,,1,100,,61990,12389,,,1
13200,'F2',757,,61997,12389,,,1,100,,61992,12389,,,1,100,,61995,12389,,,1,143,,61998,12389,,,1,57,,61991,12389,,,1,144,,61996,12389,,,1,56,,61999,12389,,,1,144,,62000,12389,,,1,56,,62002,12389,,,1,100,,61993,12389,,,1,100,,62001,12389,,,1,101,,62003,12389,,,1,98,,62006,12389,,,1,100,,62004,12389,,,1,100,,62009,12389,,,1,100,,62007,12389,,,1,100,,62005,12389,,,1,100,,61994,12389,,,1,100,,62008,12389,,,1
13200,'SA',757,,62016,12389,,,1,100,,62011,12389,,,1,100,,62014,12389,,,1,143,,62017,12389,,,1,57,,62010,12389,,,1,144,,62015,12389,,,1,56,,62018,12389,,,1,144,,62019,12389,,,1,56,,62021,12389,,,1,100,,62012,12389,,,1,100,,62020,12389,,,1,101,,62022,12389,,,1,98,,62025,12389,,,1,100,,62023,12389,,,1,100,,62028,12389,,,1,100,,62026,12389,,,1,100,,62024,12389,,,1,100,,62013,12389,,,1,100,,62027,12389,,,1
13200,'SE',707,,62038,12389,,,1,21,,62041,12389,,,1,11,,62031,12389,,,1,9,,62040,12389,,,1,4,,62033,12389,,,1,61,,62036,12389,,,1,18,,62039,12389,,,1,20,,62042,12389,,,1,79,,62037,12389,,,1,97,,62043,12389,,,1,99,,62035,12389,,,1,96,,62046,12389,,,1,100,,62029,12389,,,1,108,,62052,12389,,,1,97,,62047,12389,,,1,24,,62053,12389,,,1,60,,62049,12389,,,1,20,,62032,12389,,,1,23,,62048,12389,,,1,60,,62051,12389,,,1,20,,62044,12389,,,1,19,,62030,12389,,,1,61,,62034,12389,,,1,19,,62054,12389,,,1,18,,62045,12389,,,1,59,,62050,12389,,,1
50500,'SE',1639,,63423,10211,,,2
