3201,'DI',536,,28612,5086,,,1,99,,28613,5086,,,1,101,,28614,5086,,,1,99,,28615,5086,,,1,102,,28616,5086,,,1,100,,28619,5086,,,1,101,,28621,5086,,,1,102,,28617,5086,,,1,103,,28623,5086,,,1,98,,28622,5086,,,1,104,,28625,5086,,,1,96,,28624,5086,,,1,99,,28627,5086,,,1,100,,28626,5086,,,1,99,,28620,5086,,,1,100,,28610,5086,,,1,100,,28628,5086,,,1,100,,28630,5086,,,1,100,,28618,5086,,,1,100,,28629,5086,,,1,99,,28611,5086,,,1
3201,'F1',536,,46314,5086,,,1,99,,46315,5086,,,1,101,,46316,5086,,,1,99,,46317,5086,,,1,102,,46318,5086,,,1,100,,46321,5086,,,1,101,,46323,5086,,,1,102,,46319,5086,,,1,103,,46325,5086,,,1,98,,46324,5086,,,1,104,,46327,5086,,,1,96,,46326,5086,,,1,99,,46329,5086,,,1,100,,46328,5086,,,1,99,,46322,5086,,,1,100,,46312,5086,,,1,100,,46330,5086,,,1,100,,46332,5086,,,1,100,,46320,5086,,,1,100,,46331,5086,,,1,99,,46313,5086,,,1
3201,'F2',536,,46334,5086,,,1,99,,46335,5086,,,1,101,,46336,5086,,,1,96,,46337,5086,,,1,103,,46338,5086,,,1,101,,46344,5086,,,1,102,,46339,5086,,,1,100,,46353,5086,,,1,106,,46345,5086,,,1,102,,46340,5086,,,1,97,,46341,5086,,,1,98,,46346,5086,,,1,99,,46347,5086,,,1,100,,46342,5086,,,1,99,,46349,5086,,,1,100,,46348,5086,,,1,100,,46350,5086,,,1,100,,46352,5086,,,1,100,,46351,5086,,,1,100,,46343,5086,,,1,99,,46333,5086,,,1
3201,'F8',536,,28702,5086,,,1,99,,28703,5086,,,1,101,,28704,5086,,,1,96,,28705,5086,,,1,103,,28706,5086,,,1,101,,28712,5086,,,1,102,,28707,5086,,,1,100,,28721,5086,,,1,106,,28713,5086,,,1,102,,28708,5086,,,1,97,,28709,5086,,,1,98,,28714,5086,,,1,99,,28715,5086,,,1,100,,28710,5086,,,1,99,,28717,5086,,,1,100,,28716,5086,,,1,100,,28718,5086,,,1,100,,28720,5086,,,1,100,,28719,5086,,,1,100,,28711,5086,,,1,99,,28701,5086,,,1
3201,'F9',536,,28724,5086,,,1,99,,28725,5086,,,1,101,,28726,5086,,,1,99,,28727,5086,,,1,102,,28728,5086,,,1,100,,28731,5086,,,1,101,,28733,5086,,,1,102,,28729,5086,,,1,103,,28735,5086,,,1,98,,28734,5086,,,1,104,,28737,5086,,,1,96,,28736,5086,,,1,99,,28739,5086,,,1,100,,28738,5086,,,1,99,,28732,5086,,,1,100,,28722,5086,,,1,100,,28740,5086,,,1,100,,28742,5086,,,1,100,,28730,5086,,,1,100,,28741,5086,,,1,99,,28723,5086,,,1
3201,'SA',536,,28744,5086,,,1,99,,28745,5086,,,1,101,,28746,5086,,,1,96,,28747,5086,,,1,103,,28748,5086,,,1,101,,28754,5086,,,1,102,,28749,5086,,,1,100,,28763,5086,,,1,106,,28755,5086,,,1,102,,28750,5086,,,1,97,,28751,5086,,,1,98,,28756,5086,,,1,99,,28757,5086,,,1,100,,28752,5086,,,1,99,,28759,5086,,,1,100,,28758,5086,,,1,100,,28760,5086,,,1,100,,28762,5086,,,1,100,,28761,5086,,,1,100,,28753,5086,,,1,99,,28743,5086,,,1
3201,'SE',512,,46376,9373,,,1,30,,46367,9373,,,1,70,,46375,9373,,,1,29,,46371,9373,,,1,75,,46368,9373,,,1,27,,46369,9373,,,1,64,,46381,9373,,,1,30,,46372,9373,,,1,75,,46380,9373,,,1,96,,46357,5086,,,1,101,,46359,5086,,,1,100,,46354,5086,,,1,100,,46365,5086,,,1,100,,46355,5086,,,1,103,,46358,5086,,,1,105,,46360,5086,,,1,20,,46379,9373,,,1,70,,46374,9373,,,1,30,,46366,9373,,,1,70,,46378,9373,,,1,23,,46373,9373,,,1,73,,46377,9373,,,1,25,,46370,9373,,,1,87,,46363,5086,,,1,100,,46362,5086,,,1,98,,46364,5086,,,1,100,,46356,5086,,,1,98,,46361,5086,,,1
13201,'DI',718,,38200,7836,,,1,100,,38198,7836,,,1,100,,38199,7836,,,1,100,,38204,7836,,,1,100,,38201,7836,,,1,100,,38202,7836,,,1,100,,38205,7836,,,1,100,,38208,7836,,,1,100,,38206,7836,,,1,105,,38210,7836,,,1,95,,38209,7836,,,1,100,,38207,7836,,,1,101,,38211,7836,,,1,97,,38212,7836,,,1,100,,38203,7836,,,1,100,,38197,7836,,,1,100,,38213,7836,,,1,100,,38214,7836,,,1
13201,'F1',718,,50148,7836,,,1,100,,50146,7836,,,1,100,,50147,7836,,,1,100,,50152,7836,,,1,100,,50149,7836,,,1,100,,50150,7836,,,1,100,,50153,7836,,,1,100,,50156,7836,,,1,100,,50154,7836,,,1,105,,50158,7836,,,1,95,,50157,7836,,,1,100,,50155,7836,,,1,101,,50159,7836,,,1,97,,50160,7836,,,1,100,,50151,7836,,,1,100,,50145,7836,,,1,100,,50161,7836,,,1,100,,50162,7836,,,1
13201,'F2',718,,50164,7836,,,1,100,,50180,7836,,,1,100,,50168,7836,,,1,100,,50163,7836,,,1,103,,50165,7836,,,1,97,,50169,7836,,,1,104,,50166,7836,,,1,96,,50179,7836,,,1,104,,50170,7836,,,1,96,,50172,7836,,,1,100,,50167,7836,,,1,100,,50171,7836,,,1,101,,50173,7836,,,1,97,,50175,7836,,,1,100,,50174,7836,,,1,100,,50177,7836,,,1,100,,50176,7836,,,1,100,,50178,7836,,,1
13201,'F8',718,,38280,7836,,,1,100,,38296,7836,,,1,100,,38284,7836,,,1,100,,38279,7836,,,1,103,,38281,7836,,,1,97,,38285,7836,,,1,104,,38282,7836,,,1,96,,38295,7836,,,1,104,,38286,7836,,,1,96,,38288,7836,,,1,100,,38283,7836,,,1,100,,38287,7836,,,1,101,,38289,7836,,,1,97,,38291,7836,,,1,100,,38290,7836,,,1,100,,38293,7836,,,1,100,,38292,7836,,,1,100,,38294,7836,,,1
13201,'F9',718,,38300,7836,,,1,100,,38298,7836,,,1,100,,38299,7836,,,1,100,,38304,7836,,,1,100,,38301,7836,,,1,100,,38302,7836,,,1,100,,38305,7836,,,1,100,,38308,7836,,,1,100,,38306,7836,,,1,105,,38310,7836,,,1,95,,38309,7836,,,1,100,,38307,7836,,,1,101,,38311,7836,,,1,97,,38312,7836,,,1,100,,38303,7836,,,1,100,,38297,7836,,,1,100,,38313,7836,,,1,100,,38314,7836,,,1
13201,'SA',718,,38316,7836,,,1,100,,38332,7836,,,1,100,,38320,7836,,,1,100,,38315,7836,,,1,103,,38317,7836,,,1,97,,38321,7836,,,1,104,,38318,7836,,,1,96,,38331,7836,,,1,104,,38322,7836,,,1,96,,38324,7836,,,1,100,,38319,7836,,,1,100,,38323,7836,,,1,101,,38325,7836,,,1,97,,38327,7836,,,1,100,,38326,7836,,,1,100,,38329,7836,,,1,100,,38328,7836,,,1,100,,38330,7836,,,1
13201,'SE',552,,50185,7836,,,1,70,,50190,7836,,,1,32,,50195,7836,,,1,60,,50198,7836,,,1,21,,50181,7836,,,1,22,,50196,7836,,,1,60,,50194,7836,,,1,18,,50192,7836,,,1,18,,50182,7836,,,1,60,,50197,7836,,,1,18,,50189,7836,,,1,22,,50193,7836,,,1,96,,50187,7836,,,1,99,,50203,7836,,,1,96,,50186,7836,,,1,100,,50204,7836,,,1,110,,50206,7836,,,1,97,,50183,7836,,,1,64,,50199,7836,,,1,21,,50201,7836,,,1,18,,50191,7836,,,1,63,,50184,7836,,,1,19,,50200,7836,,,1,19,,50205,7836,,,1,59,,50188,7836,,,1,40,,50202,7836,,,1
