1701,'DI',607,,25564,10161,,,1,100,,25567,10161,,,1,30,,25560,10161,,,1,70,,25550,10161,,,1,30,,25556,10161,,,1,70,,25565,10161,,,1,30,,25578,10161,,,1,70,,25568,10161,,,1,30,,25573,10161,,,1,70,,25551,10161,,,1,30,,25575,10161,,,1,70,,25562,10161,,,1,30,,25571,10161,,,1,70,,25579,10161,,,1,30,,25557,10161,,,1,70,,25574,10161,,,1,30,,25563,10161,,,1,70,,25561,10161,,,1,30,,25577,10161,,,1,69,,25569,10161,,,1,30,,25552,10161,,,1,71,,25559,10161,,,1,30,,25553,10161,,,1,70,,25548,10161,,,1,31,,25554,10161,,,1,70,,25547,10161,,,1,99,,25576,10161,,,1,100,,25570,10161,,,1,100,,25555,10161,,,1,100,,25572,10161,,,1,100,,25558,10161,,,1,100,,25549,10161,,,1
1701,'F1',607,,45121,10161,,,1,100,,45124,10161,,,1,30,,45117,10161,,,1,70,,45107,10161,,,1,30,,45113,10161,,,1,70,,45122,10161,,,1,30,,45135,10161,,,1,70,,45125,10161,,,1,30,,45130,10161,,,1,70,,45108,10161,,,1,30,,45132,10161,,,1,70,,45119,10161,,,1,30,,45128,10161,,,1,70,,45136,10161,,,1,30,,45114,10161,,,1,70,,45131,10161,,,1,30,,45120,10161,,,1,70,,45118,10161,,,1,30,,45134,10161,,,1,69,,45126,10161,,,1,30,,45109,10161,,,1,71,,45116,10161,,,1,30,,45110,10161,,,1,70,,45105,10161,,,1,31,,45111,10161,,,1,70,,45104,10161,,,1,99,,45133,10161,,,1,100,,45127,10161,,,1,100,,45112,10161,,,1,100,,45129,10161,,,1,100,,45115,10161,,,1,100,,45106,10161,,,1
1701,'F2',607,,45164,10161,,,1,100,,45158,10161,,,1,30,,45153,10161,,,1,70,,45168,10161,,,1,30,,45140,10161,,,1,70,,45152,10161,,,1,30,,45165,10161,,,1,70,,45150,10161,,,1,30,,45139,10161,,,1,70,,45159,10161,,,1,30,,45141,10161,,,1,70,,45145,10161,,,1,30,,45137,10161,,,1,70,,45147,10161,,,1,30,,45154,10161,,,1,70,,45160,10161,,,1,30,,45166,10161,,,1,70,,45146,10161,,,1,30,,45167,10161,,,1,70,,45155,10161,,,1,30,,45162,10161,,,1,69,,45161,10161,,,1,30,,45142,10161,,,1,71,,45144,10161,,,1,30,,45143,10161,,,1,71,,45148,10161,,,1,99,,45163,10161,,,1,100,,45156,10161,,,1,100,,45151,10161,,,1,100,,45149,10161,,,1,100,,45138,10161,,,1,100,,45169,10161,,,1
1701,'F8',607,,25673,10161,,,1,100,,25667,10161,,,1,30,,25662,10161,,,1,70,,25677,10161,,,1,30,,25649,10161,,,1,70,,25661,10161,,,1,30,,25674,10161,,,1,70,,25659,10161,,,1,30,,25648,10161,,,1,70,,25668,10161,,,1,30,,25650,10161,,,1,70,,25654,10161,,,1,30,,25646,10161,,,1,70,,25656,10161,,,1,30,,25663,10161,,,1,70,,25669,10161,,,1,30,,25675,10161,,,1,70,,25655,10161,,,1,30,,25676,10161,,,1,70,,25664,10161,,,1,30,,25671,10161,,,1,69,,25670,10161,,,1,30,,25651,10161,,,1,71,,25653,10161,,,1,30,,25652,10161,,,1,71,,25657,10161,,,1,99,,25672,10161,,,1,100,,25665,10161,,,1,100,,25660,10161,,,1,100,,25658,10161,,,1,100,,25647,10161,,,1,100,,25678,10161,,,1
1701,'F9',607,,25696,10161,,,1,100,,25699,10161,,,1,30,,25692,10161,,,1,70,,25682,10161,,,1,30,,25688,10161,,,1,70,,25697,10161,,,1,30,,25710,10161,,,1,70,,25700,10161,,,1,30,,25705,10161,,,1,70,,25683,10161,,,1,30,,25707,10161,,,1,70,,25694,10161,,,1,30,,25703,10161,,,1,70,,25711,10161,,,1,30,,25689,10161,,,1,70,,25706,10161,,,1,30,,25695,10161,,,1,70,,25693,10161,,,1,30,,25709,10161,,,1,69,,25701,10161,,,1,30,,25684,10161,,,1,71,,25691,10161,,,1,30,,25685,10161,,,1,70,,25680,10161,,,1,31,,25686,10161,,,1,70,,25679,10161,,,1,99,,25708,10161,,,1,100,,25702,10161,,,1,100,,25687,10161,,,1,100,,25704,10161,,,1,100,,25690,10161,,,1,100,,25681,10161,,,1
1701,'SA',607,,25737,10161,,,1,100,,25731,10161,,,1,30,,25727,10161,,,1,70,,25741,10161,,,1,30,,25715,10161,,,1,70,,5087,10161,,,1,30,,25738,10161,,,1,70,,25725,10161,,,1,30,,25714,10161,,,1,70,,25732,10161,,,1,30,,25716,10161,,,1,70,,25720,10161,,,1,30,,25712,10161,,,1,70,,25722,10161,,,1,30,,25728,10161,,,1,70,,25733,10161,,,1,30,,25739,10161,,,1,70,,25721,10161,,,1,30,,25740,10161,,,1,70,,25729,10161,,,1,30,,25735,10161,,,1,69,,25734,10161,,,1,30,,25717,10161,,,1,71,,25719,10161,,,1,30,,25718,10161,,,1,71,,25723,10161,,,1,99,,25736,10161,,,1,100,,5098,10161,,,1,100,,25726,10161,,,1,100,,25724,10161,,,1,100,,25713,10161,,,1,100,,25742,10161,,,1
2501,'DI',1614,,27599,15243,,,2
2501,'F1',1614,,45883,15243,,,2
2501,'F2',1614,,45884,15243,,,2
2501,'F8',1614,,27634,15243,,,2
2501,'F9',1614,,27635,15243,,,2
2501,'SA',1614,,27636,15243,,,2
2501,'SE',525,,45907,13607,,,2,30,,45897,13607,,,2,63,,45894,13607,,,2,34,,45908,13607,,,2,76,,45912,15243,,,2,30,,45911,15243,,,2,65,,45898,13607,,,2,30,,45885,13607,,,2,68,,45900,13607,,,2,505,,45890,13607,,,2,31,,45901,13607,,,2,72,,45887,13607,,,2,71,,45914,15243,,,2,20,,45910,15243,,,2,12,,45913,15243,,,2,9,,45906,13607,,,2,59,,45889,13607,,,2,14,,45888,13607,,,2,15,,45892,13607,,,2,28,,45902,13607,,,2,67,,45886,13607,,,2,29,,45893,13607,,,2,99,,45896,13607,,,2,385,,45909,13607,,,2,86,,45915,15243,,,2,12,,45904,13607,,,2,75,,45905,13607,,,2
7601,'SE',519,,48822,7279,,,1,30,,48825,7279,,,1,70,,48826,7279,,,1,27,,48830,7279,,,1,61,,48831,7279,,,1,20,,48827,7279,,,1,21,,48844,7279,,,1,53,,48811,7279,,,1,10,,48814,7279,,,1,21,,48817,7279,,,1,22,,48845,7279,,,1,66,,48815,7279,,,1,29,,48818,7279,,,1,70,,48809,7279,,,1,30,,48828,7279,,,1,70,,48820,7279,,,1,30,,48816,7279,,,1,70,,48812,7279,,,1,30,,48810,7279,,,1,70,,48847,7279,,,1,30,,48807,7279,,,1,70,,48829,7279,,,1,32,,48813,7279,,,1,76,,48819,7279,,,1,26,,48832,7279,,,1,72,,48834,7279,,,1,34,,48824,7279,,,1,64,,48842,7279,,,1,16,,48846,7279,,,1,18,,48848,7279,,,1,61,,48821,7279,,,1,17,,48843,7279,,,1,18,,48851,7279,,,1,66,,48833,7279,,,1,30,,48823,7279,,,1,70,,48808,7279,,,1,30,,48835,7279,,,1,70,,48849,7279,,,1,30,,48836,7279,,,1,70,,48850,7279,,,1,29,,48837,7279,,,1,70,,48840,7279,,,1,30,,48838,7279,,,1,70,,48841,7279,,,1,30,,48839,7279,,,1
