401,'DI',603,,21384,15526,,,1,30,,21391,15526,,,1,70,,21403,15526,,,1,30,,21399,15526,,,1,70,,21385,15526,,,1,30,,21392,15526,,,1,72,,21405,15526,,,1,30,,21407,15526,,,1,70,,21386,15526,,,1,30,,21393,15526,,,1,70,,21406,15526,,,1,30,,21408,15526,,,1,70,,21387,15526,,,1,30,,21413,15526,,,1,70,,21414,15526,,,1,30,,21409,15526,,,1,71,,21388,15526,,,1,29,,21394,15526,,,1,70,,21416,15526,,,1,30,,21397,15526,,,1,72,,21389,15526,,,1,29,,21395,15526,,,1,70,,21417,15526,,,1,34,,21398,15526,,,1,65,,21410,15526,,,1,30,,21415,15526,,,1,70,,21412,15526,,,1,30,,21390,15526,,,1,71,,21411,15526,,,1,29,,21400,15526,,,1,70,,21383,15526,,,1,30,,21396,15526,,,1,100,,21402,15526,,,1,100,,21404,15526,,,1,100,,21401,15526,,,1
401,'F8',603,,21527,15526,,,1,30,,21534,15526,,,1,70,,21536,15526,,,1,30,,21531,15526,,,1,70,,21528,15526,,,1,30,,21535,15526,,,1,72,,21537,15526,,,1,30,,21532,15526,,,1,70,,21529,15526,,,1,30,,21555,15526,,,1,70,,21538,15526,,,1,30,,21549,15526,,,1,70,,21559,15526,,,1,32,,21547,15526,,,1,70,,21558,15526,,,1,30,,21542,15526,,,1,70,,21526,15526,,,1,30,,21539,15526,,,1,70,,21550,15526,,,1,30,,21560,15526,,,1,70,,21557,15526,,,1,30,,21546,15526,,,1,70,,21552,15526,,,1,30,,21545,15526,,,1,70,,21533,15526,,,1,28,,21551,15526,,,1,70,,21541,15526,,,1,30,,21530,15526,,,1,70,,21554,15526,,,1,30,,21540,15526,,,1,70,,21553,15526,,,1,30,,21556,15526,,,1,100,,21548,15526,,,1,100,,21544,15526,,,1,100,,21543,15526,,,1
401,'F9',603,,21562,15526,,,1,30,,21569,15526,,,1,70,,21581,15526,,,1,30,,21577,15526,,,1,70,,21563,15526,,,1,30,,21570,15526,,,1,72,,21583,15526,,,1,30,,21585,15526,,,1,70,,21564,15526,,,1,30,,21571,15526,,,1,70,,21584,15526,,,1,30,,21586,15526,,,1,70,,21565,15526,,,1,30,,21591,15526,,,1,70,,21592,15526,,,1,30,,21587,15526,,,1,71,,21566,15526,,,1,29,,21572,15526,,,1,70,,21594,15526,,,1,30,,21575,15526,,,1,72,,21567,15526,,,1,29,,21573,15526,,,1,70,,21595,15526,,,1,34,,21576,15526,,,1,65,,21588,15526,,,1,30,,21593,15526,,,1,70,,21590,15526,,,1,30,,21568,15526,,,1,71,,21589,15526,,,1,29,,21578,15526,,,1,70,,21561,15526,,,1,30,,21574,15526,,,1,100,,21580,15526,,,1,100,,21582,15526,,,1,100,,21579,15526,,,1
401,'SA',603,,21596,15526,,,1,30,,1360,15526,,,1,70,,1362,15526,,,1,30,,1358,15526,,,1,70,,21597,15526,,,1,30,,1361,15526,,,1,72,,1363,15526,,,1,30,,1359,15526,,,1,70,,21598,15526,,,1,30,,21616,15526,,,1,70,,1364,15526,,,1,30,,21610,15526,,,1,70,,21620,15526,,,1,32,,21608,15526,,,1,70,,21619,15526,,,1,30,,21603,15526,,,1,70,,1356,15526,,,1,30,,1365,15526,,,1,70,,21611,15526,,,1,30,,21621,15526,,,1,70,,21618,15526,,,1,30,,21607,15526,,,1,70,,21613,15526,,,1,30,,21606,15526,,,1,70,,21600,15526,,,1,28,,21612,15526,,,1,70,,21602,15526,,,1,30,,21599,15526,,,1,70,,21615,15526,,,1,30,,21601,15526,,,1,70,,21614,15526,,,1,30,,21617,15526,,,1,100,,21609,15526,,,1,100,,21605,15526,,,1,100,,21604,15526,,,1
401,'SE',608,,21637,15526,,,1,22,,21635,15526,,,1,18,,21647,15526,,,1,61,,21624,15526,,,1,33,,21622,15526,,,1,73,,21625,15526,,,1,33,,21653,15526,,,1,70,,21633,15526,,,1,32,,21640,15526,,,1,70,,1417,15526,,,1,30,,21655,15526,,,1,70,,21649,15526,,,1,30,,21626,15526,,,1,70,,21644,15526,,,1,32,,1416,15526,,,1,72,,21645,15526,,,1,30,,21634,15526,,,1,70,,21643,15526,,,1,26,,21623,15526,,,1,74,,21651,15526,,,1,15,,1420,15526,,,1,63,,21627,15526,,,1,23,,21646,15526,,,1,19,,21629,15526,,,1,60,,21630,15526,,,1,25,,21648,15526,,,1,13,,21654,15526,,,1,60,,21650,15526,,,1,24,,21639,15526,,,1,16,,1421,15526,,,1,67,,21628,15526,,,1,30,,21652,15526,,,1,67,,21636,15526,,,1,28,,21631,15526,,,1,70,,21642,15526,,,1,30,,21656,15526,,,1,70,,21657,15526,,,1,100,,21632,15526,,,1,97,,21638,15526,,,1,100,,21641,15526,,,1
3201,'DI',537,,28612,5316,,,2,99,,28613,5316,,,2,101,,28614,5316,,,2,99,,28615,5316,,,2,102,,28616,5316,,,2,100,,28619,5316,,,2,101,,28621,5316,,,2,102,,28617,5316,,,2,103,,28623,5316,,,2,98,,28622,5316,,,2,104,,28625,5316,,,2,96,,28624,5316,,,2,99,,28627,5316,,,2,100,,28626,5316,,,2,99,,28620,5316,,,2,100,,28610,5316,,,2,100,,28628,5316,,,2,100,,28630,5316,,,2,100,,28618,5316,,,2,100,,28629,5316,,,2,99,,28611,5316,,,2
3201,'F8',537,,28702,5316,,,2,99,,28703,5316,,,2,101,,28704,5316,,,2,96,,28705,5316,,,2,103,,28706,5316,,,2,101,,28712,5316,,,2,102,,28707,5316,,,2,100,,28721,5316,,,2,106,,28713,5316,,,2,102,,28708,5316,,,2,97,,28709,5316,,,2,98,,28714,5316,,,2,99,,28715,5316,,,2,100,,28710,5316,,,2,99,,28717,5316,,,2,100,,28716,5316,,,2,100,,28718,5316,,,2,100,,28720,5316,,,2,100,,28719,5316,,,2,100,,28711,5316,,,2,99,,28701,5316,,,2
3201,'F9',537,,28724,5316,,,2,99,,28725,5316,,,2,101,,28726,5316,,,2,99,,28727,5316,,,2,102,,28728,5316,,,2,100,,28731,5316,,,2,101,,28733,5316,,,2,102,,28729,5316,,,2,103,,28735,5316,,,2,98,,28734,5316,,,2,104,,28737,5316,,,2,96,,28736,5316,,,2,99,,28739,5316,,,2,100,,28738,5316,,,2,99,,28732,5316,,,2,100,,28722,5316,,,2,100,,28740,5316,,,2,100,,28742,5316,,,2,100,,28730,5316,,,2,100,,28741,5316,,,2,99,,28723,5316,,,2
3201,'SA',537,,28744,5316,,,2,99,,28745,5316,,,2,101,,28746,5316,,,2,96,,28747,5316,,,2,103,,28748,5316,,,2,101,,28754,5316,,,2,102,,28749,5316,,,2,100,,28763,5316,,,2,106,,28755,5316,,,2,102,,28750,5316,,,2,97,,28751,5316,,,2,98,,28756,5316,,,2,99,,28757,5316,,,2,100,,28752,5316,,,2,99,,28759,5316,,,2,100,,28758,5316,,,2,100,,28760,5316,,,2,100,,28762,5316,,,2,100,,28761,5316,,,2,100,,28753,5316,,,2,99,,28743,5316,,,2
3201,'SE',513,,28779,9603,,,2,30,,28785,9603,,,2,70,,28783,9603,,,2,29,,28788,9603,,,2,75,,28786,9603,,,2,27,,28780,9603,,,2,64,,28777,9603,,,2,30,,28784,9603,,,2,75,,28775,9603,,,2,96,,28771,5316,,,2,101,,28772,5316,,,2,100,,28774,5316,,,2,100,,28766,5316,,,2,100,,7845,5316,,,2,103,,28767,5316,,,2,105,,28764,5316,,,2,20,,28778,9603,,,2,70,,28782,9603,,,2,30,,28789,9603,,,2,70,,28787,9603,,,2,23,,28781,9603,,,2,73,,28790,9603,,,2,25,,28776,9603,,,2,87,,28773,5316,,,2,100,,28769,5316,,,2,98,,28770,5316,,,2,100,,28765,5316,,,2,98,,28768,5316,,,2
13201,'DI',718,,38200,8066,,,2,100,,38198,8066,,,2,100,,38199,8066,,,2,100,,38204,8066,,,2,100,,38201,8066,,,2,100,,38202,8066,,,2,100,,38205,8066,,,2,100,,38208,8066,,,2,100,,38206,8066,,,2,105,,38210,8066,,,2,95,,38209,8066,,,2,100,,38207,8066,,,2,101,,38211,8066,,,2,97,,38212,8066,,,2,100,,38203,8066,,,2,100,,38197,8066,,,2,100,,38213,8066,,,2,100,,38214,8066,,,2
13201,'F8',718,,38280,8066,,,2,100,,38296,8066,,,2,100,,38284,8066,,,2,100,,38279,8066,,,2,103,,38281,8066,,,2,97,,38285,8066,,,2,104,,38282,8066,,,2,96,,38295,8066,,,2,104,,38286,8066,,,2,96,,38288,8066,,,2,100,,38283,8066,,,2,100,,38287,8066,,,2,101,,38289,8066,,,2,97,,38291,8066,,,2,100,,38290,8066,,,2,100,,38293,8066,,,2,100,,38292,8066,,,2,100,,38294,8066,,,2
13201,'F9',718,,38300,8066,,,2,100,,38298,8066,,,2,100,,38299,8066,,,2,100,,38304,8066,,,2,100,,38301,8066,,,2,100,,38302,8066,,,2,100,,38305,8066,,,2,100,,38308,8066,,,2,100,,38306,8066,,,2,105,,38310,8066,,,2,95,,38309,8066,,,2,100,,38307,8066,,,2,101,,38311,8066,,,2,97,,38312,8066,,,2,100,,38303,8066,,,2,100,,38297,8066,,,2,100,,38313,8066,,,2,100,,38314,8066,,,2
13201,'SA',718,,38316,8066,,,2,100,,38332,8066,,,2,100,,38320,8066,,,2,100,,38315,8066,,,2,103,,38317,8066,,,2,97,,38321,8066,,,2,104,,38318,8066,,,2,96,,38331,8066,,,2,104,,38322,8066,,,2,96,,38324,8066,,,2,100,,38319,8066,,,2,100,,38323,8066,,,2,101,,38325,8066,,,2,97,,38327,8066,,,2,100,,38326,8066,,,2,100,,38329,8066,,,2,100,,38328,8066,,,2,100,,38330,8066,,,2
13201,'SE',552,,38339,8066,,,2,70,,38336,8066,,,2,32,,38345,8066,,,2,60,,38338,8066,,,2,24,,38343,8066,,,2,10,,38349,8066,,,2,10,,38347,8066,,,2,62,,38346,8066,,,2,18,,38340,8066,,,2,16,,38344,8066,,,2,60,,38348,8066,,,2,20,,38358,8066,,,2,19,,16560,8066,,,2,97,,38359,8066,,,2,99,,16564,8066,,,2,96,,38357,8066,,,2,100,,38350,8066,,,2,110,,38351,8066,,,2,51,,38354,8066,,,2,3,,38333,8066,,,2,43,,38341,8066,,,2,65,,38352,8066,,,2,19,,38355,8066,,,2,19,,38337,8066,,,2,63,,38342,8066,,,2,19,,38335,8066,,,2,18,,38353,8066,,,2,59,,38334,8066,,,2,40,,38356,8066,,,2
52101,'SE',907,,40641,701,,,2
54000,'SE',1634,,40687,5657,,,2
