2500,'DI',708,,27541,8137,,,2
2500,'F1',708,,45855,8137,,,2
2500,'F2',708,,45856,8137,,,2
2500,'F8',708,,27570,8137,,,2
2500,'F9',708,,27571,8137,,,2
2500,'SA',708,,27572,8137,,,2
2500,'SE',530,,45864,8137,,,2,70,,45875,8137,,,2,29,,45879,8137,,,2,19,,45878,8137,,,2,61,,45874,8137,,,2,19,,45866,8137,,,2,29,,45857,8137,,,2,68,,45868,8137,,,2,77,,45867,8137,,,2,30,,45861,8137,,,2,470,,45869,8137,,,2,30,,45859,8137,,,2,69,,45881,8137,,,2,13,,45877,8137,,,2,18,,45880,8137,,,2,71,,45860,8137,,,2,32,,45862,8137,,,2,69,,45870,8137,,,2,29,,45858,8137,,,2,71,,45863,8137,,,2,28,,45871,8137,,,2,70,,45865,8137,,,2,335,,45876,8137,,,2,83,,45882,8137,,,2,15,,45872,8137,,,2,85,,45873,8137,,,2
12301,'DI',516,,37798,2159,,,1,100,,37808,2159,,,1,100,,37799,2159,,,1,100,,37809,2159,,,1,100,,37800,2159,,,1,100,,37810,2159,,,1,100,,37801,2159,,,1,100,,37811,2159,,,1,100,,37802,2159,,,1,100,,37812,2159,,,1,100,,37803,2159,,,1,100,,37813,2159,,,1,100,,37804,2159,,,1,100,,37814,2159,,,1,100,,37805,2159,,,1,100,,37815,2159,,,1,100,,37806,2159,,,1,100,,37816,2159,,,1,100,,37807,2159,,,1,100,,37817,2159,,,1
12301,'F1',516,,49985,2159,,,1,100,,49995,2159,,,1,100,,49986,2159,,,1,100,,49996,2159,,,1,100,,49987,2159,,,1,100,,49997,2159,,,1,100,,49988,2159,,,1,100,,49998,2159,,,1,100,,49989,2159,,,1,100,,49999,2159,,,1,100,,49990,2159,,,1,100,,50000,2159,,,1,100,,49991,2159,,,1,100,,50001,2159,,,1,100,,49992,2159,,,1,100,,50002,2159,,,1,100,,49993,2159,,,1,100,,50003,2159,,,1,100,,49994,2159,,,1,100,,50004,2159,,,1
12301,'F2',516,,50007,2159,,,1,100,,50005,2159,,,1,100,,50008,2159,,,1,100,,50006,2159,,,1,100,,50009,2159,,,1,100,,50017,2159,,,1,100,,50010,2159,,,1,100,,50018,2159,,,1,100,,50011,2159,,,1,100,,50019,2159,,,1,100,,50012,2159,,,1,100,,50020,2159,,,1,100,,50013,2159,,,1,100,,50021,2159,,,1,100,,50014,2159,,,1,100,,50022,2159,,,1,100,,50015,2159,,,1,100,,50023,2159,,,1,100,,50016,2159,,,1,100,,50024,2159,,,1
12301,'F8',516,,37897,2159,,,1,100,,37895,2159,,,1,100,,37898,2159,,,1,100,,37896,2159,,,1,100,,37899,2159,,,1,100,,37907,2159,,,1,100,,37900,2159,,,1,100,,37908,2159,,,1,100,,37901,2159,,,1,100,,37909,2159,,,1,100,,37902,2159,,,1,100,,37910,2159,,,1,100,,37903,2159,,,1,100,,37911,2159,,,1,100,,37904,2159,,,1,100,,37912,2159,,,1,100,,37905,2159,,,1,100,,37913,2159,,,1,100,,37906,2159,,,1,100,,37914,2159,,,1
12301,'F9',516,,37915,2159,,,1,100,,37925,2159,,,1,100,,37916,2159,,,1,100,,37926,2159,,,1,100,,37917,2159,,,1,100,,37927,2159,,,1,100,,37918,2159,,,1,100,,37928,2159,,,1,100,,37919,2159,,,1,100,,37929,2159,,,1,100,,37920,2159,,,1,100,,37930,2159,,,1,100,,37921,2159,,,1,100,,37931,2159,,,1,100,,37922,2159,,,1,100,,37932,2159,,,1,100,,37923,2159,,,1,100,,37933,2159,,,1,100,,37924,2159,,,1,100,,37934,2159,,,1
12301,'SA',516,,37937,2159,,,1,100,,37935,2159,,,1,100,,37938,2159,,,1,100,,37936,2159,,,1,100,,37939,2159,,,1,100,,37947,2159,,,1,100,,37940,2159,,,1,100,,37948,2159,,,1,100,,37941,2159,,,1,100,,37949,2159,,,1,100,,37942,2159,,,1,100,,37950,2159,,,1,100,,37943,2159,,,1,100,,37951,2159,,,1,100,,37944,2159,,,1,100,,37952,2159,,,1,100,,37945,2159,,,1,100,,37953,2159,,,1,100,,37946,2159,,,1,100,,37954,2159,,,1
12301,'SE',501,,50041,2159,,,1,30,,50044,2159,,,1,20,,50029,2159,,,1,60,,50028,2159,,,1,15,,50030,2159,,,1,25,,50031,2159,,,1,70,,50026,2159,,,1,30,,50027,2159,,,1,70,,50025,2159,,,1,30,,50048,2159,,,1,70,,50042,2159,,,1,96,,50034,2159,,,1,100,,50046,2159,,,1,100,,50036,2159,,,1,100,,50043,2159,,,1,100,,50061,2159,,,1,11,,50035,2159,,,1,23,,50049,2159,,,1,60,,50053,2159,,,1,15,,50045,2159,,,1,19,,50055,2159,,,1,6,,50037,2159,,,1,55,,50040,2159,,,1,10,,50059,2159,,,1,6,,50051,2159,,,1,24,,50060,2159,,,1,70,,50050,2159,,,1,31,,50033,2159,,,1,71,,50038,2159,,,1,26,,50052,2159,,,1,74,,50047,2159,,,1,28,,50039,2159,,,1,70,,50056,2159,,,1,98,,50032,2159,,,1,100,,50057,2159,,,1,100,,50054,2159,,,1,120,,50058,2159,,,1
