401,'DI',606,,21384,16487,,,1,30,,21391,16487,,,1,70,,21403,16487,,,1,30,,21399,16487,,,1,70,,21385,16487,,,1,30,,21392,16487,,,1,72,,21405,16487,,,1,30,,21407,16487,,,1,70,,21386,16487,,,1,30,,21393,16487,,,1,70,,21406,16487,,,1,30,,21408,16487,,,1,70,,21387,16487,,,1,30,,21413,16487,,,1,70,,21414,16487,,,1,30,,21409,16487,,,1,71,,21388,16487,,,1,29,,21394,16487,,,1,70,,21416,16487,,,1,30,,21397,16487,,,1,72,,21389,16487,,,1,29,,21395,16487,,,1,70,,21417,16487,,,1,34,,21398,16487,,,1,65,,21410,16487,,,1,30,,21415,16487,,,1,70,,21412,16487,,,1,30,,21390,16487,,,1,71,,21411,16487,,,1,29,,21400,16487,,,1,70,,21383,16487,,,1,30,,21396,16487,,,1,100,,21402,16487,,,1,100,,21404,16487,,,1,100,,21401,16487,,,1
401,'F1',606,,43498,16487,,,1,30,,43505,16487,,,1,70,,43517,16487,,,1,30,,43513,16487,,,1,70,,43499,16487,,,1,30,,43506,16487,,,1,72,,43519,16487,,,1,30,,43521,16487,,,1,70,,43500,16487,,,1,30,,43507,16487,,,1,70,,43520,16487,,,1,30,,43522,16487,,,1,70,,43501,16487,,,1,30,,43527,16487,,,1,70,,43528,16487,,,1,30,,43523,16487,,,1,71,,43502,16487,,,1,29,,43508,16487,,,1,70,,43530,16487,,,1,30,,43511,16487,,,1,72,,43503,16487,,,1,29,,43509,16487,,,1,70,,43531,16487,,,1,34,,43512,16487,,,1,65,,43524,16487,,,1,30,,43529,16487,,,1,70,,43526,16487,,,1,30,,43504,16487,,,1,71,,43525,16487,,,1,29,,43514,16487,,,1,70,,43497,16487,,,1,30,,43510,16487,,,1,100,,43516,16487,,,1,100,,43518,16487,,,1,100,,43515,16487,,,1
401,'F2',606,,43533,16487,,,1,30,,43540,16487,,,1,70,,43542,16487,,,1,30,,43537,16487,,,1,70,,43534,16487,,,1,30,,43541,16487,,,1,72,,43543,16487,,,1,30,,43538,16487,,,1,70,,43535,16487,,,1,30,,43561,16487,,,1,70,,43544,16487,,,1,30,,43555,16487,,,1,70,,43565,16487,,,1,32,,43553,16487,,,1,70,,43564,16487,,,1,30,,43548,16487,,,1,70,,43532,16487,,,1,30,,43545,16487,,,1,70,,43556,16487,,,1,30,,43566,16487,,,1,70,,43563,16487,,,1,30,,43552,16487,,,1,70,,43558,16487,,,1,30,,43551,16487,,,1,70,,43539,16487,,,1,28,,43557,16487,,,1,70,,43547,16487,,,1,30,,43536,16487,,,1,70,,43560,16487,,,1,30,,43546,16487,,,1,70,,43559,16487,,,1,30,,43562,16487,,,1,100,,43554,16487,,,1,100,,43550,16487,,,1,100,,43549,16487,,,1
401,'F8',606,,21527,16487,,,1,30,,21534,16487,,,1,70,,21536,16487,,,1,30,,21531,16487,,,1,70,,21528,16487,,,1,30,,21535,16487,,,1,72,,21537,16487,,,1,30,,21532,16487,,,1,70,,21529,16487,,,1,30,,21555,16487,,,1,70,,21538,16487,,,1,30,,21549,16487,,,1,70,,21559,16487,,,1,32,,21547,16487,,,1,70,,21558,16487,,,1,30,,21542,16487,,,1,70,,21526,16487,,,1,30,,21539,16487,,,1,70,,21550,16487,,,1,30,,21560,16487,,,1,70,,21557,16487,,,1,30,,21546,16487,,,1,70,,21552,16487,,,1,30,,21545,16487,,,1,70,,21533,16487,,,1,28,,21551,16487,,,1,70,,21541,16487,,,1,30,,21530,16487,,,1,70,,21554,16487,,,1,30,,21540,16487,,,1,70,,21553,16487,,,1,30,,21556,16487,,,1,100,,21548,16487,,,1,100,,21544,16487,,,1,100,,21543,16487,,,1
401,'F9',606,,21562,16487,,,1,30,,21569,16487,,,1,70,,21581,16487,,,1,30,,21577,16487,,,1,70,,21563,16487,,,1,30,,21570,16487,,,1,72,,21583,16487,,,1,30,,21585,16487,,,1,70,,21564,16487,,,1,30,,21571,16487,,,1,70,,21584,16487,,,1,30,,21586,16487,,,1,70,,21565,16487,,,1,30,,21591,16487,,,1,70,,21592,16487,,,1,30,,21587,16487,,,1,71,,21566,16487,,,1,29,,21572,16487,,,1,70,,21594,16487,,,1,30,,21575,16487,,,1,72,,21567,16487,,,1,29,,21573,16487,,,1,70,,21595,16487,,,1,34,,21576,16487,,,1,65,,21588,16487,,,1,30,,21593,16487,,,1,70,,21590,16487,,,1,30,,21568,16487,,,1,71,,21589,16487,,,1,29,,21578,16487,,,1,70,,21561,16487,,,1,30,,21574,16487,,,1,100,,21580,16487,,,1,100,,21582,16487,,,1,100,,21579,16487,,,1
401,'SA',606,,21596,16487,,,1,30,,1360,16487,,,1,70,,1362,16487,,,1,30,,1358,16487,,,1,70,,21597,16487,,,1,30,,1361,16487,,,1,72,,1363,16487,,,1,30,,1359,16487,,,1,70,,21598,16487,,,1,30,,21616,16487,,,1,70,,1364,16487,,,1,30,,21610,16487,,,1,70,,21620,16487,,,1,32,,21608,16487,,,1,70,,21619,16487,,,1,30,,21603,16487,,,1,70,,1356,16487,,,1,30,,1365,16487,,,1,70,,21611,16487,,,1,30,,21621,16487,,,1,70,,21618,16487,,,1,30,,21607,16487,,,1,70,,21613,16487,,,1,30,,21606,16487,,,1,70,,21600,16487,,,1,28,,21612,16487,,,1,70,,21602,16487,,,1,30,,21599,16487,,,1,70,,21615,16487,,,1,30,,21601,16487,,,1,70,,21614,16487,,,1,30,,21617,16487,,,1,100,,21609,16487,,,1,100,,21605,16487,,,1,100,,21604,16487,,,1
401,'SE',610,,43580,16487,,,1,22,,43587,16487,,,1,18,,43571,16487,,,1,61,,43584,16487,,,1,34,,43600,16487,,,1,73,,43574,16487,,,1,33,,43593,16487,,,1,70,,43575,16487,,,1,32,,43570,16487,,,1,70,,43592,16487,,,1,30,,43568,16487,,,1,70,,43572,16487,,,1,30,,43602,16487,,,1,70,,43594,16487,,,1,32,,43576,16487,,,1,72,,43606,16487,,,1,30,,43585,16487,,,1,70,,43567,16487,,,1,26,,43581,16487,,,1,74,,43586,16487,,,1,15,,43579,16487,,,1,63,,43582,16487,,,1,23,,43605,16487,,,1,19,,43577,16487,,,1,60,,43569,16487,,,1,25,,43595,16487,,,1,13,,43573,16487,,,1,60,,43596,16487,,,1,24,,43603,16487,,,1,16,,43578,16487,,,1,67,,43599,16487,,,1,30,,43591,16487,,,1,67,,43589,16487,,,1,28,,43604,16487,,,1,70,,43590,16487,,,1,30,,43601,16487,,,1,70,,43598,16487,,,1,100,,43597,16487,,,1,96,,43588,16487,,,1,100,,43583,16487,,,1
2101,'DI',557,,27057,5478,,,1,70,,27051,5478,,,1,30,,27073,5478,,,1,69,,27075,5478,,,1,30,,27077,5478,,,1,70,,27068,5478,,,1,31,,27069,5478,,,1,70,,27074,5478,,,1,30,,27058,5478,,,1,67,,27071,5478,,,1,33,,27084,5478,,,1,70,,27082,5478,,,1,32,,27072,5478,,,1,70,,27059,5478,,,1,71,,27078,5478,,,1,33,,27070,5478,,,1,70,,27076,5478,,,1,30,,27085,5478,,,1,70,,27083,5478,,,1,30,,27060,5478,,,1,70,,27062,5478,,,1,30,,27052,5478,,,1,70,,27065,5478,,,1,30,,27061,5478,,,1,70,,27046,5478,,,1,30,,27053,5478,,,1,67,,27066,5478,,,1,27,,27050,5478,,,1,30,,27047,5478,,,1,70,,27049,5478,,,1,30,,27080,5478,,,1,70,,27063,5478,,,1,30,,27054,5478,,,1,70,,27067,5478,,,1,30,,27055,5478,,,1,70,,27056,5478,,,1,30,,27079,5478,,,1,70,,27081,5478,,,1,30,,27048,5478,,,1,70,,27064,5478,,,1
2101,'F1',557,,45688,5478,,,1,70,,45682,5478,,,1,30,,45704,5478,,,1,69,,45706,5478,,,1,30,,45708,5478,,,1,70,,45699,5478,,,1,31,,45700,5478,,,1,70,,45705,5478,,,1,30,,45689,5478,,,1,67,,45702,5478,,,1,33,,45715,5478,,,1,70,,45713,5478,,,1,32,,45703,5478,,,1,70,,45690,5478,,,1,71,,45709,5478,,,1,33,,45701,5478,,,1,70,,45707,5478,,,1,30,,45716,5478,,,1,70,,45714,5478,,,1,30,,45691,5478,,,1,70,,45693,5478,,,1,30,,45683,5478,,,1,70,,45696,5478,,,1,30,,45692,5478,,,1,70,,45677,5478,,,1,30,,45684,5478,,,1,67,,45697,5478,,,1,27,,45681,5478,,,1,30,,45678,5478,,,1,70,,45680,5478,,,1,30,,45711,5478,,,1,70,,45694,5478,,,1,30,,45685,5478,,,1,70,,45698,5478,,,1,30,,45686,5478,,,1,70,,45687,5478,,,1,30,,45710,5478,,,1,70,,45712,5478,,,1,30,,45679,5478,,,1,70,,45695,5478,,,1
2101,'F2',557,,45733,5478,,,1,70,,45724,5478,,,1,30,,45737,5478,,,1,70,,45746,5478,,,1,31,,45747,5478,,,1,70,,45735,5478,,,1,30,,45750,5478,,,1,70,,45738,5478,,,1,30,,45725,5478,,,1,65,,45720,5478,,,1,31,,45734,5478,,,1,74,,45739,5478,,,1,73,,45721,5478,,,1,26,,45726,5478,,,1,74,,45730,5478,,,1,32,,45743,5478,,,1,70,,45748,5478,,,1,30,,45740,5478,,,1,70,,45751,5478,,,1,30,,45744,5478,,,1,70,,45749,5478,,,1,30,,45741,5478,,,1,70,,45753,5478,,,1,30,,45727,5478,,,1,70,,45752,5478,,,1,30,,45742,5478,,,1,67,,45754,5478,,,1,27,,45717,5478,,,1,30,,45731,5478,,,1,70,,45745,5478,,,1,30,,45728,5478,,,1,70,,45736,5478,,,1,30,,45722,5478,,,1,70,,45732,5478,,,1,30,,45718,5478,,,1,70,,45729,5478,,,1,30,,45756,5478,,,1,70,,45723,5478,,,1,30,,45755,5478,,,1,70,,45719,5478,,,1
2101,'F8',557,,27226,5478,,,1,70,,27217,5478,,,1,30,,27230,5478,,,1,70,,27239,5478,,,1,31,,27240,5478,,,1,70,,27228,5478,,,1,30,,27243,5478,,,1,70,,27231,5478,,,1,30,,27218,5478,,,1,65,,27213,5478,,,1,31,,27227,5478,,,1,74,,27232,5478,,,1,73,,27214,5478,,,1,26,,27219,5478,,,1,74,,27223,5478,,,1,32,,27236,5478,,,1,70,,27241,5478,,,1,30,,27233,5478,,,1,70,,27244,5478,,,1,30,,27237,5478,,,1,70,,27242,5478,,,1,30,,27234,5478,,,1,70,,27246,5478,,,1,30,,27220,5478,,,1,70,,27245,5478,,,1,30,,27235,5478,,,1,67,,27247,5478,,,1,27,,27210,5478,,,1,30,,27224,5478,,,1,70,,27238,5478,,,1,30,,27221,5478,,,1,70,,27229,5478,,,1,30,,27215,5478,,,1,70,,27225,5478,,,1,30,,27211,5478,,,1,70,,27222,5478,,,1,30,,27249,5478,,,1,70,,27216,5478,,,1,30,,27248,5478,,,1,70,,27212,5478,,,1
2101,'F9',557,,27261,5478,,,1,70,,27255,5478,,,1,30,,27277,5478,,,1,69,,27279,5478,,,1,30,,27281,5478,,,1,70,,27272,5478,,,1,31,,27273,5478,,,1,70,,27278,5478,,,1,30,,27262,5478,,,1,67,,27275,5478,,,1,33,,27288,5478,,,1,70,,27286,5478,,,1,32,,27276,5478,,,1,70,,27263,5478,,,1,71,,27282,5478,,,1,33,,27274,5478,,,1,70,,27280,5478,,,1,30,,27289,5478,,,1,70,,27287,5478,,,1,30,,27264,5478,,,1,70,,27266,5478,,,1,30,,27256,5478,,,1,70,,27269,5478,,,1,30,,27265,5478,,,1,70,,27250,5478,,,1,30,,27257,5478,,,1,67,,27270,5478,,,1,27,,27254,5478,,,1,30,,27251,5478,,,1,70,,27253,5478,,,1,30,,27284,5478,,,1,70,,27267,5478,,,1,30,,27258,5478,,,1,70,,27271,5478,,,1,30,,27259,5478,,,1,70,,27260,5478,,,1,30,,27283,5478,,,1,70,,27285,5478,,,1,30,,27252,5478,,,1,70,,27268,5478,,,1
2101,'SA',557,,27306,5478,,,1,70,,27297,5478,,,1,30,,27310,5478,,,1,70,,27319,5478,,,1,31,,27320,5478,,,1,70,,27308,5478,,,1,30,,27321,5478,,,1,70,,27311,5478,,,1,30,,27298,5478,,,1,65,,27293,5478,,,1,31,,27307,5478,,,1,74,,27312,5478,,,1,73,,27294,5478,,,1,26,,27299,5478,,,1,74,,27303,5478,,,1,32,,27316,5478,,,1,70,,6523,5478,,,1,30,,27313,5478,,,1,70,,27322,5478,,,1,30,,27317,5478,,,1,70,,6524,5478,,,1,30,,27314,5478,,,1,70,,27324,5478,,,1,30,,27300,5478,,,1,70,,27323,5478,,,1,30,,27315,5478,,,1,67,,27325,5478,,,1,27,,27290,5478,,,1,30,,27304,5478,,,1,70,,27318,5478,,,1,30,,27301,5478,,,1,70,,27309,5478,,,1,30,,27295,5478,,,1,70,,27305,5478,,,1,30,,27291,5478,,,1,70,,27302,5478,,,1,30,,27326,5478,,,1,70,,27296,5478,,,1,30,,6535,5478,,,1,70,,27292,5478,,,1
2101,'SE',451,,45761,5478,,,1,86,,45759,5478,,,1,67,,45794,5478,,,1,15,,45788,5478,,,1,15,,45785,5478,,,1,13,,45786,5478,,,1,12,,45798,5478,,,1,52,,45799,5478,,,1,14,,45795,5478,,,1,15,,45797,5478,,,1,62,,45789,5478,,,1,18,,45790,5478,,,1,17,,45801,5478,,,1,63,,45793,5478,,,1,15,,45802,5478,,,1,20,,45757,5478,,,1,21,,45763,5478,,,1,67,,45765,5478,,,1,34,,45768,5478,,,1,70,,45781,5478,,,1,30,,45764,5478,,,1,71,,45770,5478,,,1,73,,45758,5478,,,1,30,,45760,5478,,,1,70,,45769,5478,,,1,34,,45773,5478,,,1,68,,45783,5478,,,1,30,,45784,5478,,,1,73,,45796,5478,,,1,15,,45791,5478,,,1,15,,45800,5478,,,1,15,,45803,5478,,,1,55,,45804,5478,,,1,18,,45792,5478,,,1,19,,45787,5478,,,1,57,,45782,5478,,,1,20,,45778,5478,,,1,26,,45780,5478,,,1,67,,45766,5478,,,1,25,,45762,5478,,,1,70,,45772,5478,,,1,30,,45777,5478,,,1,69,,45775,5478,,,1,30,,45776,5478,,,1,70,,45779,5478,,,1,99,,45767,5478,,,1,98,,45774,5478,,,1,55,,45771,5478,,,1
3201,'DI',539,,28612,6277,,,1,99,,28613,6277,,,1,101,,28614,6277,,,1,99,,28615,6277,,,1,102,,28616,6277,,,1,100,,28619,6277,,,1,101,,28621,6277,,,1,102,,28617,6277,,,1,103,,28623,6277,,,1,98,,28622,6277,,,1,104,,28625,6277,,,1,96,,28624,6277,,,1,99,,28627,6277,,,1,100,,28626,6277,,,1,99,,28620,6277,,,1,100,,28610,6277,,,1,100,,28628,6277,,,1,100,,28630,6277,,,1,100,,28618,6277,,,1,100,,28629,6277,,,1,99,,28611,6277,,,1
3201,'F1',539,,46314,6277,,,1,99,,46315,6277,,,1,101,,46316,6277,,,1,99,,46317,6277,,,1,102,,46318,6277,,,1,100,,46321,6277,,,1,101,,46323,6277,,,1,102,,46319,6277,,,1,103,,46325,6277,,,1,98,,46324,6277,,,1,104,,46327,6277,,,1,96,,46326,6277,,,1,99,,46329,6277,,,1,100,,46328,6277,,,1,99,,46322,6277,,,1,100,,46312,6277,,,1,100,,46330,6277,,,1,100,,46332,6277,,,1,100,,46320,6277,,,1,100,,46331,6277,,,1,99,,46313,6277,,,1
3201,'F2',539,,46334,6277,,,1,99,,46335,6277,,,1,101,,46336,6277,,,1,96,,46337,6277,,,1,103,,46338,6277,,,1,101,,46344,6277,,,1,102,,46339,6277,,,1,100,,46353,6277,,,1,106,,46345,6277,,,1,102,,46340,6277,,,1,97,,46341,6277,,,1,98,,46346,6277,,,1,99,,46347,6277,,,1,100,,46342,6277,,,1,99,,46349,6277,,,1,100,,46348,6277,,,1,100,,46350,6277,,,1,100,,46352,6277,,,1,100,,46351,6277,,,1,100,,46343,6277,,,1,99,,46333,6277,,,1
3201,'F8',539,,28702,6277,,,1,99,,28703,6277,,,1,101,,28704,6277,,,1,96,,28705,6277,,,1,103,,28706,6277,,,1,101,,28712,6277,,,1,102,,28707,6277,,,1,100,,28721,6277,,,1,106,,28713,6277,,,1,102,,28708,6277,,,1,97,,28709,6277,,,1,98,,28714,6277,,,1,99,,28715,6277,,,1,100,,28710,6277,,,1,99,,28717,6277,,,1,100,,28716,6277,,,1,100,,28718,6277,,,1,100,,28720,6277,,,1,100,,28719,6277,,,1,100,,28711,6277,,,1,99,,28701,6277,,,1
3201,'F9',539,,28724,6277,,,1,99,,28725,6277,,,1,101,,28726,6277,,,1,99,,28727,6277,,,1,102,,28728,6277,,,1,100,,28731,6277,,,1,101,,28733,6277,,,1,102,,28729,6277,,,1,103,,28735,6277,,,1,98,,28734,6277,,,1,104,,28737,6277,,,1,96,,28736,6277,,,1,99,,28739,6277,,,1,100,,28738,6277,,,1,99,,28732,6277,,,1,100,,28722,6277,,,1,100,,28740,6277,,,1,100,,28742,6277,,,1,100,,28730,6277,,,1,100,,28741,6277,,,1,99,,28723,6277,,,1
3201,'SA',539,,28744,6277,,,1,99,,28745,6277,,,1,101,,28746,6277,,,1,96,,28747,6277,,,1,103,,28748,6277,,,1,101,,28754,6277,,,1,102,,28749,6277,,,1,100,,28763,6277,,,1,106,,28755,6277,,,1,102,,28750,6277,,,1,97,,28751,6277,,,1,98,,28756,6277,,,1,99,,28757,6277,,,1,100,,28752,6277,,,1,99,,28759,6277,,,1,100,,28758,6277,,,1,100,,28760,6277,,,1,100,,28762,6277,,,1,100,,28761,6277,,,1,100,,28753,6277,,,1,99,,28743,6277,,,1
3201,'SE',515,,46376,10564,,,1,30,,46367,10564,,,1,70,,46375,10564,,,1,29,,46371,10564,,,1,76,,46368,10564,,,1,27,,46369,10564,,,1,64,,46381,10564,,,1,30,,46372,10564,,,1,75,,46380,10564,,,1,95,,46357,6277,,,1,101,,46359,6277,,,1,100,,46354,6277,,,1,100,,46365,6277,,,1,100,,46355,6277,,,1,103,,46358,6277,,,1,105,,46360,6277,,,1,21,,46379,10564,,,1,70,,46374,10564,,,1,30,,46366,10564,,,1,70,,46378,10564,,,1,23,,46373,10564,,,1,73,,46377,10564,,,1,25,,46370,10564,,,1,86,,46363,6277,,,1,100,,46362,6277,,,1,98,,46364,6277,,,1,100,,46356,6277,,,1,98,,46361,6277,,,1
42101,'SE',552,,50750,1967,,,1,77,,50747,1967,,,1,24,,50749,1967,,,1,62,,50752,1967,,,1,17,,50748,1967,,,1,72,,50756,1967,,,1,723,,50754,1967,,,1,75,,50757,1967,,,1,20,,50755,1967,,,1,30,,50758,1967,,,1,70,,50746,1967,,,1,30,,50753,1967,,,1,576,,50745,1967,,,1
