8101,'DI',609,,35898,240,0,51,1,100,,35895,240,0,51,1,100,,35884,240,0,51,1,103,,35891,240,0,51,1,100,,35885,240,0,51,1,100,,35893,240,0,51,1,100,,35897,240,0,51,1,100,,35899,240,0,51,1,100,,35888,240,0,51,1,100,,35892,240,0,51,1,100,,35883,240,0,51,1,96,,35896,240,0,51,1,108,,35886,240,0,51,1,96,,35894,240,0,51,1,100,,35887,240,0,51,1,100,,35900,240,0,51,1,100,,35889,240,0,51,1,100,,35902,240,0,51,1,100,,35901,240,0,51,1,100,,35890,240,0,51,1
8101,'F1',609,,49216,240,0,51,1,100,,49213,240,0,51,1,100,,49202,240,0,51,1,103,,49209,240,0,51,1,100,,49203,240,0,51,1,100,,49211,240,0,51,1,100,,49215,240,0,51,1,100,,49217,240,0,51,1,100,,49206,240,0,51,1,100,,49210,240,0,51,1,100,,49201,240,0,51,1,96,,49214,240,0,51,1,108,,49204,240,0,51,1,96,,49212,240,0,51,1,100,,49205,240,0,51,1,100,,49218,240,0,51,1,100,,49207,240,0,51,1,100,,49220,240,0,51,1,100,,49219,240,0,51,1,100,,49208,240,0,51,1
8101,'F2',609,,49226,240,0,51,1,100,,49233,240,0,51,1,100,,49239,240,0,51,1,103,,49234,240,0,51,1,100,,49235,240,0,51,1,100,,49240,240,0,51,1,100,,49221,240,0,51,1,100,,49223,240,0,51,1,100,,49229,240,0,51,1,100,,49236,240,0,51,1,100,,49241,240,0,51,1,100,,49227,240,0,51,1,104,,49230,240,0,51,1,96,,49237,240,0,51,1,100,,49222,240,0,51,1,100,,49231,240,0,51,1,100,,49225,240,0,51,1,100,,49238,240,0,51,1,100,,49232,240,0,51,1,100,,49228,240,0,51,1,100,,49224,240,0,51,1
8101,'F8',609,,35979,240,0,51,1,100,,35986,240,0,51,1,100,,35992,240,0,51,1,103,,35987,240,0,51,1,100,,35988,240,0,51,1,100,,35993,240,0,51,1,100,,35974,240,0,51,1,100,,35976,240,0,51,1,100,,35982,240,0,51,1,100,,35989,240,0,51,1,100,,35994,240,0,51,1,100,,35980,240,0,51,1,104,,35983,240,0,51,1,96,,35990,240,0,51,1,100,,35975,240,0,51,1,100,,35984,240,0,51,1,100,,35978,240,0,51,1,100,,35991,240,0,51,1,100,,35985,240,0,51,1,100,,35981,240,0,51,1,100,,35977,240,0,51,1
8101,'F9',609,,36010,240,0,51,1,100,,36007,240,0,51,1,100,,35996,240,0,51,1,103,,36003,240,0,51,1,100,,35997,240,0,51,1,100,,36005,240,0,51,1,100,,36009,240,0,51,1,100,,36011,240,0,51,1,100,,36000,240,0,51,1,100,,36004,240,0,51,1,100,,35995,240,0,51,1,96,,36008,240,0,51,1,108,,35998,240,0,51,1,96,,36006,240,0,51,1,100,,35999,240,0,51,1,100,,36012,240,0,51,1,100,,36001,240,0,51,1,100,,36014,240,0,51,1,100,,36013,240,0,51,1,100,,36002,240,0,51,1
8101,'SA',609,,36020,240,0,51,1,100,,36027,240,0,51,1,100,,36033,240,0,51,1,103,,36028,240,0,51,1,100,,36029,240,0,51,1,100,,14421,240,0,51,1,100,,36015,240,0,51,1,100,,36017,240,0,51,1,100,,36023,240,0,51,1,100,,36030,240,0,51,1,100,,36034,240,0,51,1,100,,36021,240,0,51,1,104,,36024,240,0,51,1,96,,36031,240,0,51,1,100,,36016,240,0,51,1,100,,36025,240,0,51,1,100,,36019,240,0,51,1,100,,36032,240,0,51,1,100,,36026,240,0,51,1,100,,36022,240,0,51,1,100,,36018,240,0,51,1
8101,'SE',539,,49264,240,0,51,1,70,,49257,240,0,51,1,22,,49253,240,0,51,1,78,,49267,240,0,51,1,30,,49254,240,0,51,1,71,,49265,240,0,51,1,29,,49244,240,0,51,1,76,,49266,240,0,51,1,98,,49247,240,0,51,1,100,,49258,240,0,51,1,100,,49245,240,0,51,1,100,,49268,240,0,51,1,100,,49255,240,0,51,1,100,,49248,240,0,51,1,31,,49256,240,0,51,1,72,,49252,240,0,51,1,30,,49242,240,0,51,1,70,,49243,240,0,51,1,30,,49259,240,0,51,1,70,,49269,240,0,51,1,30,,49246,240,0,51,1,66,,49262,240,0,51,1,100,,49249,240,0,51,1,100,,49251,240,0,51,1,100,,49263,240,0,51,1,100,,49260,240,0,51,1,100,,49250,240,0,51,1,100,,49261,240,0,51,1,100,,49270,240,0,51,1
8301,'DI',711,,36304,240,0,50,1,100,,36305,240,0,50,1,108,,36306,240,0,50,1,100,,36307,240,0,50,1,100,,36308,240,0,50,1,100,,36309,240,0,50,1,100,,36310,240,0,50,1,100,,36311,240,0,50,1,100,,36312,240,0,50,1,100,,36313,240,0,50,1,100,,36314,240,0,50,1,100,,36315,240,0,50,1,100,,36316,240,0,50,1,100,,36317,240,0,50,1,100,,36318,240,0,50,1,100,,36319,240,0,50,1,100,,36320,240,0,50,1,100,,36321,240,0,50,1
8301,'F1',711,,49373,240,0,50,1,100,,49374,240,0,50,1,108,,49375,240,0,50,1,100,,49376,240,0,50,1,100,,49377,240,0,50,1,100,,49378,240,0,50,1,100,,49379,240,0,50,1,100,,49380,240,0,50,1,100,,49381,240,0,50,1,100,,49382,240,0,50,1,100,,49383,240,0,50,1,100,,49384,240,0,50,1,100,,49385,240,0,50,1,100,,49386,240,0,50,1,100,,49387,240,0,50,1,100,,49388,240,0,50,1,100,,49389,240,0,50,1,100,,49390,240,0,50,1
8301,'F2',611,,49407,240,0,50,1,100,,49408,240,0,50,1,100,,49409,240,0,50,1,108,,49410,240,0,50,1,100,,49391,240,0,50,1,100,,49392,240,0,50,1,100,,49393,240,0,50,1,100,,49394,240,0,50,1,100,,49395,240,0,50,1,100,,49396,240,0,50,1,100,,49397,240,0,50,1,100,,49398,240,0,50,1,100,,49399,240,0,50,1,100,,49400,240,0,50,1,100,,49401,240,0,50,1,100,,49402,240,0,50,1,100,,49403,240,0,50,1,100,,49404,240,0,50,1,100,,49405,240,0,50,1,100,,49406,240,0,50,1
8301,'F8',611,,36411,240,0,50,1,100,,36412,240,0,50,1,100,,36413,240,0,50,1,108,,36414,240,0,50,1,100,,36395,240,0,50,1,100,,36396,240,0,50,1,100,,36397,240,0,50,1,100,,36398,240,0,50,1,100,,36399,240,0,50,1,100,,36400,240,0,50,1,100,,36401,240,0,50,1,100,,36402,240,0,50,1,100,,36403,240,0,50,1,100,,36404,240,0,50,1,100,,36405,240,0,50,1,100,,36406,240,0,50,1,100,,36407,240,0,50,1,100,,36408,240,0,50,1,100,,36409,240,0,50,1,100,,36410,240,0,50,1
8301,'F9',711,,36415,240,0,50,1,100,,36416,240,0,50,1,108,,36417,240,0,50,1,100,,36418,240,0,50,1,100,,36419,240,0,50,1,100,,36420,240,0,50,1,100,,36421,240,0,50,1,100,,36422,240,0,50,1,100,,36423,240,0,50,1,100,,36424,240,0,50,1,100,,36425,240,0,50,1,100,,36426,240,0,50,1,100,,36427,240,0,50,1,100,,36428,240,0,50,1,100,,36429,240,0,50,1,100,,36430,240,0,50,1,100,,36431,240,0,50,1,100,,36432,240,0,50,1
8301,'SA',611,,36449,240,0,50,1,100,,36450,240,0,50,1,100,,36451,240,0,50,1,108,,36452,240,0,50,1,100,,36433,240,0,50,1,100,,36434,240,0,50,1,100,,36435,240,0,50,1,100,,36436,240,0,50,1,100,,36437,240,0,50,1,100,,36438,240,0,50,1,100,,36439,240,0,50,1,100,,36440,240,0,50,1,100,,36441,240,0,50,1,100,,36442,240,0,50,1,100,,36443,240,0,50,1,100,,36444,240,0,50,1,100,,36445,240,0,50,1,100,,36446,240,0,50,1,100,,36447,240,0,50,1,100,,36448,240,0,50,1
8301,'SE',534,,49427,240,0,50,1,70,,49418,240,0,50,1,19,,49445,240,0,50,1,16,,49428,240,0,50,1,65,,49426,240,0,50,1,20,,49433,240,0,50,1,22,,49429,240,0,50,1,58,,49414,240,0,50,1,20,,49419,240,0,50,1,23,,49425,240,0,50,1,71,,49412,240,0,50,1,20,,49420,240,0,50,1,80,,49430,240,0,50,1,100,,49415,240,0,50,1,100,,49424,240,0,50,1,100,,49421,240,0,50,1,100,,49416,240,0,50,1,101,,49417,240,0,50,1,15,,49434,240,0,50,1,25,,49431,240,0,50,1,60,,49423,240,0,50,1,22,,49443,240,0,50,1,60,,49444,240,0,50,1,18,,49422,240,0,50,1,20,,49413,240,0,50,1,20,,49432,240,0,50,1,60,,49435,240,0,50,1,20,,49411,240,0,50,1,80,,49436,240,0,50,1,100,,49437,240,0,50,1,100,,49438,240,0,50,1,100,,49439,240,0,50,1,100,,49440,240,0,50,1,100,,49441,240,0,50,1,100,,49442,240,0,50,1
8401,'SE',618,,49487,240,0,50,2,15,,49486,240,0,50,2,25,,49483,240,0,50,2,60,,49507,240,0,50,2,24,,49493,240,0,50,2,16,,49492,240,0,50,2,60,,49475,240,0,50,2,20,,49504,240,0,50,2,66,,49482,240,0,50,2,47,,49489,240,0,50,2,100,,49490,240,0,50,2,100,,49505,240,0,50,2,100,,49481,240,0,50,2,100,,49484,240,0,50,2,95,,49494,240,0,50,2,5,,49476,240,0,50,2,78,,49480,240,0,50,2,19,,49485,240,0,50,2,60,,49491,240,0,50,2,21,,49488,240,0,50,2,21,,49479,240,0,50,2,59,,49496,240,0,50,2,20,,49506,240,0,50,2,20,,49495,240,0,50,2,61,,49478,240,0,50,2,19,,49477,240,0,50,2,20,,49503,240,0,50,2,100,,49497,240,0,50,2,100,,49498,240,0,50,2,100,,49499,240,0,50,2,100,,49500,240,0,50,2,100,,49501,240,0,50,2,100,,49502,240,0,50,2
