4700,'DI',630,,57760,3345,4,,1,100,,57762,3345,4,,1,100,,57751,3345,4,,1,100,,57756,3345,4,,1,100,,57752,3345,4,,1,100,,57757,3345,4,,1,100,,57753,3345,4,,1,100,,57747,3345,4,,1,100,,57758,3345,4,,1,100,,57754,3345,4,,1,100,,57763,3345,4,,1,100,,57759,3345,4,,1,100,,57755,3345,4,,1,100,,57764,3345,4,,1,100,,57761,3345,4,,1,100,,57750,3345,4,,1,100,,57748,3345,4,,1,100,,57746,3345,4,,1,100,,57749,3345,4,,1
4700,'F1',630,,57779,3345,4,,1,100,,57781,3345,4,,1,100,,57770,3345,4,,1,100,,57775,3345,4,,1,100,,57771,3345,4,,1,100,,57776,3345,4,,1,100,,57772,3345,4,,1,100,,57766,3345,4,,1,100,,57777,3345,4,,1,100,,57773,3345,4,,1,100,,57782,3345,4,,1,100,,57778,3345,4,,1,100,,57774,3345,4,,1,100,,57783,3345,4,,1,100,,57780,3345,4,,1,100,,57769,3345,4,,1,100,,57767,3345,4,,1,100,,57765,3345,4,,1,100,,57768,3345,4,,1
4700,'F2',630,,57802,3345,4,,1,100,,57788,3345,4,,1,100,,57798,3345,4,,1,100,,57784,3345,4,,1,100,,57799,3345,4,,1,100,,57785,3345,4,,1,100,,57800,3345,4,,1,100,,57789,3345,4,,1,100,,57786,3345,4,,1,100,,57793,3345,4,,1,100,,57790,3345,4,,1,100,,57787,3345,4,,1,100,,57801,3345,4,,1,100,,57791,3345,4,,1,100,,57796,3345,4,,1,100,,57794,3345,4,,1,100,,57797,3345,4,,1,100,,57795,3345,4,,1,100,,57792,3345,4,,1
4700,'SA',630,,57821,3345,4,,1,100,,57807,3345,4,,1,100,,57817,3345,4,,1,100,,57803,3345,4,,1,100,,57818,3345,4,,1,100,,57804,3345,4,,1,100,,57819,3345,4,,1,100,,57808,3345,4,,1,100,,57805,3345,4,,1,100,,57812,3345,4,,1,100,,57809,3345,4,,1,100,,57806,3345,4,,1,100,,57820,3345,4,,1,100,,57810,3345,4,,1,100,,57815,3345,4,,1,100,,57813,3345,4,,1,100,,57816,3345,4,,1,100,,57814,3345,4,,1,100,,57811,3345,4,,1
4700,'SE',530,,57831,3345,4,,1,70,,57832,3345,4,,1,30,,57833,3345,4,,1,15,,57836,3345,4,,1,55,,57834,3345,4,,1,14,,57837,3345,4,,1,16,,57835,3345,4,,1,17,,57855,3345,4,,1,53,,57838,3345,4,,1,15,,57840,3345,4,,1,15,,57856,3345,4,,1,15,,57839,3345,4,,1,65,,57865,3345,4,,1,30,,57851,3345,4,,1,70,,57852,3345,4,,1,30,,57853,3345,4,,1,70,,57841,3345,4,,1,30,,57842,3345,4,,1,70,,57843,3345,4,,1,30,,57844,3345,4,,1,70,,57845,3345,4,,1,30,,57846,3345,4,,1,70,,57847,3345,4,,1,30,,57848,3345,4,,1,70,,57849,3345,4,,1,30,,57850,3345,4,,1,15,,57828,3345,4,,1,55,,57829,3345,4,,1,15,,57857,3345,4,,1,15,,57830,3345,4,,1,15,,57862,3345,4,,1,55,,57863,3345,4,,1,15,,57823,3345,4,,1,15,,57854,3345,4,,1,15,,57866,3345,4,,1,55,,57824,3345,4,,1,21,,57867,3345,4,,1,70,,57864,3345,4,,1,29,,57868,3345,4,,1,70,,57826,3345,4,,1,30,,57827,3345,4,,1,70,,57859,3345,4,,1,30,,57860,3345,4,,1,70,,57861,3345,4,,1,100,,57825,3345,4,,1,100,,57858,3345,4,,1,100,,57822,3345,4,,1
4701,'DI',630,,57883,0,,,1,100,,57885,0,,,1,100,,57874,0,,,1,100,,57879,0,,,1,100,,57875,0,,,1,100,,57880,0,,,1,100,,57876,0,,,1,100,,57870,0,,,1,100,,57881,0,,,1,100,,57877,0,,,1,100,,57886,0,,,1,100,,57882,0,,,1,100,,57878,0,,,1,100,,57887,0,,,1,100,,57884,0,,,1,100,,57873,0,,,1,100,,57871,0,,,1,100,,57869,0,,,1,100,,57872,0,,,1
4701,'F1',630,,57902,0,,,1,100,,57904,0,,,1,100,,57893,0,,,1,100,,57898,0,,,1,100,,57894,0,,,1,100,,57899,0,,,1,100,,57895,0,,,1,100,,57889,0,,,1,100,,57900,0,,,1,100,,57896,0,,,1,100,,57905,0,,,1,100,,57901,0,,,1,100,,57897,0,,,1,100,,57906,0,,,1,100,,57903,0,,,1,100,,57892,0,,,1,100,,57890,0,,,1,100,,57888,0,,,1,100,,57891,0,,,1
4701,'F2',630,,57925,0,,,1,100,,57911,0,,,1,100,,57921,0,,,1,100,,57907,0,,,1,100,,57922,0,,,1,100,,57908,0,,,1,100,,57923,0,,,1,100,,57912,0,,,1,100,,57909,0,,,1,100,,57916,0,,,1,100,,57913,0,,,1,100,,57910,0,,,1,100,,57924,0,,,1,100,,57914,0,,,1,100,,57919,0,,,1,100,,57917,0,,,1,100,,57920,0,,,1,100,,57918,0,,,1,100,,57915,0,,,1
4701,'SA',630,,57944,0,,,1,100,,57930,0,,,1,100,,57940,0,,,1,100,,57926,0,,,1,100,,57941,0,,,1,100,,57927,0,,,1,100,,57942,0,,,1,100,,57931,0,,,1,100,,57928,0,,,1,100,,57935,0,,,1,100,,57932,0,,,1,100,,57929,0,,,1,100,,57943,0,,,1,100,,57933,0,,,1,100,,57938,0,,,1,100,,57936,0,,,1,100,,57939,0,,,1,100,,57937,0,,,1,100,,57934,0,,,1
4701,'SE',530,,57954,0,,,1,70,,57955,0,,,1,30,,57956,0,,,1,15,,57959,0,,,1,55,,57957,0,,,1,14,,57960,0,,,1,16,,57958,0,,,1,17,,57978,0,,,1,53,,57961,0,,,1,15,,57963,0,,,1,15,,57979,0,,,1,15,,57962,0,,,1,65,,57988,0,,,1,30,,57974,0,,,1,70,,57975,0,,,1,30,,57976,0,,,1,70,,57964,0,,,1,30,,57965,0,,,1,70,,57966,0,,,1,30,,57967,0,,,1,70,,57968,0,,,1,30,,57969,0,,,1,70,,57970,0,,,1,30,,57971,0,,,1,70,,57972,0,,,1,30,,57973,0,,,1,15,,57951,0,,,1,55,,57952,0,,,1,15,,57980,0,,,1,15,,57953,0,,,1,15,,57985,0,,,1,55,,57986,0,,,1,15,,57946,0,,,1,15,,57977,0,,,1,15,,57989,0,,,1,55,,57947,0,,,1,21,,57990,0,,,1,70,,57987,0,,,1,29,,57991,0,,,1,70,,57949,0,,,1,30,,57950,0,,,1,70,,57982,0,,,1,30,,57983,0,,,1,70,,57984,0,,,1,100,,57948,0,,,1,100,,57981,0,,,1,100,,57945,0,,,1
54700,'SE',1636,,63460,8081,,,2
