1301,'DI',623,,24063,1197,,,1,100,,3602,1197,,,1,100,,24064,1197,,,1,100,,3603,1197,,,1,100,,24065,1197,,,1,100,,3604,1197,,,1,100,,24066,1197,,,1,100,,3605,1197,,,1,100,,24068,1197,,,1,100,,24075,1197,,,1,100,,24060,1197,,,1,100,,24067,1197,,,1,100,,24062,1197,,,1,100,,24069,1197,,,1,100,,24073,1197,,,1,100,,24071,1197,,,1,100,,24070,1197,,,1,100,,24061,1197,,,1,100,,24074,1197,,,1,100,,24072,1197,,,1
1301,'F8',623,,24168,1197,,,1,100,,24161,1197,,,1,100,,24169,1197,,,1,100,,24162,1197,,,1,100,,24163,1197,,,1,100,,24170,1197,,,1,100,,24172,1197,,,1,100,,24164,1197,,,1,100,,24173,1197,,,1,100,,24165,1197,,,1,100,,24160,1197,,,1,100,,24175,1197,,,1,100,,24178,1197,,,1,100,,24166,1197,,,1,100,,24174,1197,,,1,100,,24171,1197,,,1,100,,24179,1197,,,1,100,,24176,1197,,,1,100,,24167,1197,,,1,100,,24177,1197,,,1
1301,'F9',623,,24187,1197,,,1,100,,24182,1197,,,1,100,,24188,1197,,,1,100,,24183,1197,,,1,100,,24189,1197,,,1,100,,24184,1197,,,1,100,,24190,1197,,,1,100,,24185,1197,,,1,100,,24192,1197,,,1,100,,24199,1197,,,1,100,,24180,1197,,,1,100,,24191,1197,,,1,100,,24186,1197,,,1,100,,24193,1197,,,1,100,,24197,1197,,,1,100,,24195,1197,,,1,100,,24194,1197,,,1,100,,24181,1197,,,1,100,,24198,1197,,,1,100,,24196,1197,,,1
1301,'SA',623,,24208,1197,,,1,100,,24201,1197,,,1,100,,24209,1197,,,1,100,,24202,1197,,,1,100,,24203,1197,,,1,100,,24210,1197,,,1,100,,24212,1197,,,1,100,,24204,1197,,,1,100,,24213,1197,,,1,100,,24205,1197,,,1,100,,24200,1197,,,1,100,,24215,1197,,,1,100,,24218,1197,,,1,100,,24206,1197,,,1,100,,24214,1197,,,1,100,,24211,1197,,,1,100,,24219,1197,,,1,100,,24216,1197,,,1,100,,24207,1197,,,1,100,,24217,1197,,,1
1301,'SE',529,,24234,1197,,,1,72,,24235,1197,,,1,30,,24233,1197,,,1,16,,24222,1197,,,1,54,,24258,1197,,,1,13,,24224,1197,,,1,14,,24251,1197,,,1,19,,24225,1197,,,1,55,,24223,1197,,,1,13,,24262,1197,,,1,15,,24244,1197,,,1,15,,24240,1197,,,1,60,,24243,1197,,,1,30,,24236,1197,,,1,70,,24221,1197,,,1,30,,24239,1197,,,1,70,,24253,1197,,,1,30,,24231,1197,,,1,70,,24245,1197,,,1,30,,24232,1197,,,1,70,,24237,1197,,,1,30,,24254,1197,,,1,70,,24241,1197,,,1,30,,24246,1197,,,1,69,,24259,1197,,,1,34,,24256,1197,,,1,69,,24220,1197,,,1,27,,24227,1197,,,1,15,,24242,1197,,,1,60,,24238,1197,,,1,22,,24263,1197,,,1,18,,24249,1197,,,1,61,,24247,1197,,,1,29,,24228,1197,,,1,69,,24261,1197,,,1,30,,24226,1197,,,1,70,,24255,1197,,,1,30,,24257,1197,,,1,70,,24248,1197,,,1,30,,24260,1197,,,1,100,,24250,1197,,,1,100,,24252,1197,,,1,100,,24229,1197,,,1,100,,24230,1197,,,1
52600,'SE',1632,,40645,5262,,,2,1,,40644,5262,,,2
61301,'SE',846,,40773,186,,,2
61801,'SE',836,,40781,1110,,,2
65300,'SE',1615,,40815,3894,,,2
65301,'SE',844,,40817,186,,,2
66000,'SE',1616,,40829,3894,,,2,1,,40830,3894,,,2,1,,40831,3894,,,2
69201,'SE',833,,40933,186,,,2
