1600,'DI',616,,24754,2515,0,8,2,30,,24745,2515,0,8,2,70,,24755,2515,0,8,2,30,,24746,2515,0,8,2,70,,24756,2515,0,8,2,30,,24747,2515,0,8,2,70,,24757,2515,0,8,2,30,,24748,2515,0,8,2,70,,24758,2515,0,8,2,30,,24749,2515,0,8,2,70,,24759,2515,0,8,2,28,,24750,2515,0,8,2,72,,24760,2515,0,8,2,33,,24751,2515,0,8,2,67,,24761,2515,0,8,2,30,,24752,2515,0,8,2,70,,24762,2515,0,8,2,30,,24764,2515,0,8,2,70,,24763,2515,0,8,2,30,,24765,2515,0,8,2,70,,24768,2515,0,8,2,30,,24766,2515,0,8,2,70,,24769,2515,0,8,2,31,,24767,2515,0,8,2,69,,24770,2515,0,8,2,100,,24771,2515,0,8,2,100,,24772,2515,0,8,2,100,,24773,2515,0,8,2,100,,24774,2515,0,8,2,100,,24775,2515,0,8,2,100,,24776,2515,0,8,2,100,,24777,2515,0,8,2
1600,'F1',616,,44831,2515,0,8,2,30,,44822,2515,0,8,2,70,,44832,2515,0,8,2,30,,44823,2515,0,8,2,70,,44833,2515,0,8,2,30,,44824,2515,0,8,2,70,,44834,2515,0,8,2,30,,44825,2515,0,8,2,70,,44835,2515,0,8,2,30,,44826,2515,0,8,2,70,,44836,2515,0,8,2,28,,44827,2515,0,8,2,72,,44837,2515,0,8,2,33,,44828,2515,0,8,2,67,,44838,2515,0,8,2,30,,44829,2515,0,8,2,70,,44839,2515,0,8,2,30,,44841,2515,0,8,2,70,,44840,2515,0,8,2,30,,44842,2515,0,8,2,70,,44845,2515,0,8,2,30,,44843,2515,0,8,2,70,,44846,2515,0,8,2,31,,44844,2515,0,8,2,69,,44847,2515,0,8,2,100,,44848,2515,0,8,2,100,,44849,2515,0,8,2,100,,44850,2515,0,8,2,100,,44851,2515,0,8,2,100,,44852,2515,0,8,2,100,,44853,2515,0,8,2,100,,44854,2515,0,8,2
1600,'F2',616,,44861,2515,0,8,2,28,,44864,2515,0,8,2,72,,44862,2515,0,8,2,30,,44865,2515,0,8,2,70,,44863,2515,0,8,2,30,,44866,2515,0,8,2,70,,44884,2515,0,8,2,30,,44867,2515,0,8,2,70,,44885,2515,0,8,2,30,,44868,2515,0,8,2,70,,44886,2515,0,8,2,30,,44869,2515,0,8,2,70,,44887,2515,0,8,2,30,,44875,2515,0,8,2,70,,44855,2515,0,8,2,30,,44876,2515,0,8,2,70,,44856,2515,0,8,2,30,,44877,2515,0,8,2,70,,44857,2515,0,8,2,30,,44878,2515,0,8,2,70,,44858,2515,0,8,2,27,,44879,2515,0,8,2,73,,44859,2515,0,8,2,35,,44883,2515,0,8,2,65,,44870,2515,0,8,2,100,,44871,2515,0,8,2,100,,44872,2515,0,8,2,100,,44873,2515,0,8,2,100,,44874,2515,0,8,2,100,,44880,2515,0,8,2,100,,44881,2515,0,8,2,100,,44882,2515,0,8,2
1600,'F8',616,,24912,2515,0,8,2,28,,24915,2515,0,8,2,72,,24913,2515,0,8,2,30,,24916,2515,0,8,2,70,,24914,2515,0,8,2,30,,24917,2515,0,8,2,70,,24935,2515,0,8,2,30,,24918,2515,0,8,2,70,,24936,2515,0,8,2,30,,24919,2515,0,8,2,70,,24937,2515,0,8,2,30,,24920,2515,0,8,2,70,,24938,2515,0,8,2,30,,24926,2515,0,8,2,70,,24906,2515,0,8,2,30,,24927,2515,0,8,2,70,,24907,2515,0,8,2,30,,24928,2515,0,8,2,70,,24908,2515,0,8,2,30,,24929,2515,0,8,2,70,,24909,2515,0,8,2,27,,24930,2515,0,8,2,73,,24910,2515,0,8,2,35,,24934,2515,0,8,2,65,,24921,2515,0,8,2,100,,24922,2515,0,8,2,100,,24923,2515,0,8,2,100,,24924,2515,0,8,2,100,,24925,2515,0,8,2,100,,24931,2515,0,8,2,100,,24932,2515,0,8,2,100,,24933,2515,0,8,2
1600,'F9',616,,24948,2515,0,8,2,30,,24939,2515,0,8,2,70,,24949,2515,0,8,2,30,,24940,2515,0,8,2,70,,24950,2515,0,8,2,30,,24941,2515,0,8,2,70,,24951,2515,0,8,2,30,,24942,2515,0,8,2,70,,24952,2515,0,8,2,30,,24943,2515,0,8,2,70,,24953,2515,0,8,2,28,,24944,2515,0,8,2,72,,24954,2515,0,8,2,33,,24945,2515,0,8,2,67,,24955,2515,0,8,2,30,,24946,2515,0,8,2,70,,24956,2515,0,8,2,30,,24958,2515,0,8,2,70,,24957,2515,0,8,2,30,,24959,2515,0,8,2,70,,24962,2515,0,8,2,30,,24960,2515,0,8,2,70,,24963,2515,0,8,2,31,,24961,2515,0,8,2,69,,24964,2515,0,8,2,100,,24965,2515,0,8,2,100,,24966,2515,0,8,2,100,,24967,2515,0,8,2,100,,24968,2515,0,8,2,100,,24969,2515,0,8,2,100,,24970,2515,0,8,2,100,,24971,2515,0,8,2
1600,'SA',616,,24978,2515,0,8,2,28,,24981,2515,0,8,2,72,,24979,2515,0,8,2,30,,24982,2515,0,8,2,70,,24980,2515,0,8,2,30,,24983,2515,0,8,2,70,,25001,2515,0,8,2,30,,24984,2515,0,8,2,70,,25002,2515,0,8,2,30,,24985,2515,0,8,2,70,,25003,2515,0,8,2,30,,24986,2515,0,8,2,70,,25004,2515,0,8,2,30,,24992,2515,0,8,2,70,,24972,2515,0,8,2,30,,24993,2515,0,8,2,70,,24973,2515,0,8,2,30,,24994,2515,0,8,2,70,,24974,2515,0,8,2,30,,24995,2515,0,8,2,70,,24975,2515,0,8,2,27,,24996,2515,0,8,2,73,,24976,2515,0,8,2,35,,25000,2515,0,8,2,65,,24987,2515,0,8,2,100,,24988,2515,0,8,2,100,,24989,2515,0,8,2,100,,24990,2515,0,8,2,100,,24991,2515,0,8,2,100,,24997,2515,0,8,2,100,,24998,2515,0,8,2,100,,24999,2515,0,8,2
1600,'SE',556,,44902,2515,0,8,2,60,,44901,2515,0,8,2,32,,44898,2515,0,8,2,67,,44899,2515,0,8,2,15,,44903,2515,0,8,2,16,,44930,2515,0,8,2,67,,44905,2515,0,8,2,34,,44925,2515,0,8,2,70,,44888,2515,0,8,2,30,,44932,2515,0,8,2,70,,44920,2515,0,8,2,30,,44929,2515,0,8,2,70,,44889,2515,0,8,2,30,,44906,2515,0,8,2,70,,44921,2515,0,8,2,30,,44919,2515,0,8,2,70,,44895,2515,0,8,2,30,,44893,2515,0,8,2,70,,44894,2515,0,8,2,30,,44931,2515,0,8,2,60,,44907,2515,0,8,2,20,,44933,2515,0,8,2,20,,44923,2515,0,8,2,60,,44934,2515,0,8,2,15,,44924,2515,0,8,2,15,,44915,2515,0,8,2,15,,44926,2515,0,8,2,55,,44917,2515,0,8,2,20,,44928,2515,0,8,2,20,,44916,2515,0,8,2,70,,44918,2515,0,8,2,30,,44896,2515,0,8,2,70,,44908,2515,0,8,2,30,,44890,2515,0,8,2,69,,44909,2515,0,8,2,30,,44891,2515,0,8,2,70,,44910,2515,0,8,2,30,,44892,2515,0,8,2,70,,44911,2515,0,8,2,100,,44912,2515,0,8,2,100,,44913,2515,0,8,2,99,,44914,2515,0,8,2
7700,'DI',709,,35010,3902,0,21 22 23,1,100,,35013,3902,0,21 22 23,1,100,,35011,3902,0,21 22 23,1,100,,35014,3902,0,21 22 23,1,100,,35012,3902,0,21 22 23,1,100,,35009,3902,0,21 22 23,1,100,,35015,3902,0,21 22 23,1,100,,35018,3902,0,21 22 23,1,100,,35008,3902,0,21 22 23,1,100,,35019,3902,0,21 22 23,1,100,,35020,3902,0,21 22 23,1,100,,35021,3902,0,21 22 23,1,100,,35016,3902,0,21 22 23,1,100,,35022,3902,0,21 22 23,1,100,,35017,3902,0,21 22 23,1
7700,'F1',709,,48854,3902,0,21 22 23,1,100,,48857,3902,0,21 22 23,1,100,,48855,3902,0,21 22 23,1,100,,48858,3902,0,21 22 23,1,100,,48856,3902,0,21 22 23,1,100,,48853,3902,0,21 22 23,1,100,,48859,3902,0,21 22 23,1,100,,48862,3902,0,21 22 23,1,100,,48852,3902,0,21 22 23,1,100,,48863,3902,0,21 22 23,1,100,,48864,3902,0,21 22 23,1,100,,48865,3902,0,21 22 23,1,100,,48860,3902,0,21 22 23,1,100,,48866,3902,0,21 22 23,1,100,,48861,3902,0,21 22 23,1
7700,'F2',709,,48881,3902,0,21 22 23,1,100,,48872,3902,0,21 22 23,1,100,,48868,3902,0,21 22 23,1,100,,48873,3902,0,21 22 23,1,100,,48869,3902,0,21 22 23,1,100,,48871,3902,0,21 22 23,1,100,,48874,3902,0,21 22 23,1,97,,48867,3902,0,21 22 23,1,103,,48875,3902,0,21 22 23,1,99,,48877,3902,0,21 22 23,1,101,,48876,3902,0,21 22 23,1,100,,48878,3902,0,21 22 23,1,100,,48879,3902,0,21 22 23,1,100,,48870,3902,0,21 22 23,1,100,,48880,3902,0,21 22 23,1
7700,'F8',709,,35108,3902,0,21 22 23,1,100,,35099,3902,0,21 22 23,1,100,,35095,3902,0,21 22 23,1,100,,35100,3902,0,21 22 23,1,100,,35096,3902,0,21 22 23,1,100,,35098,3902,0,21 22 23,1,100,,35101,3902,0,21 22 23,1,97,,35094,3902,0,21 22 23,1,103,,35102,3902,0,21 22 23,1,99,,35104,3902,0,21 22 23,1,101,,35103,3902,0,21 22 23,1,100,,35105,3902,0,21 22 23,1,100,,35106,3902,0,21 22 23,1,100,,35097,3902,0,21 22 23,1,100,,35107,3902,0,21 22 23,1
7700,'F9',709,,35111,3902,0,21 22 23,1,100,,35114,3902,0,21 22 23,1,100,,35112,3902,0,21 22 23,1,100,,35115,3902,0,21 22 23,1,100,,35113,3902,0,21 22 23,1,100,,35110,3902,0,21 22 23,1,100,,35116,3902,0,21 22 23,1,100,,35119,3902,0,21 22 23,1,100,,35109,3902,0,21 22 23,1,100,,35120,3902,0,21 22 23,1,100,,35121,3902,0,21 22 23,1,100,,35122,3902,0,21 22 23,1,100,,35117,3902,0,21 22 23,1,100,,35123,3902,0,21 22 23,1,100,,35118,3902,0,21 22 23,1
7700,'SA',709,,35137,3902,0,21 22 23,1,100,,35128,3902,0,21 22 23,1,100,,35125,3902,0,21 22 23,1,100,,35129,3902,0,21 22 23,1,100,,13602,3902,0,21 22 23,1,100,,35127,3902,0,21 22 23,1,100,,35130,3902,0,21 22 23,1,97,,35124,3902,0,21 22 23,1,103,,35131,3902,0,21 22 23,1,99,,35133,3902,0,21 22 23,1,101,,35132,3902,0,21 22 23,1,100,,35134,3902,0,21 22 23,1,100,,35135,3902,0,21 22 23,1,100,,35126,3902,0,21 22 23,1,100,,35136,3902,0,21 22 23,1
7700,'SE',600,,48883,3902,0,21 22 23,1,15,,48884,3902,0,21 22 23,1,20,,48885,3902,0,21 22 23,1,16,,48889,3902,0,21 22 23,1,69,,48892,3902,0,21 22 23,1,23,,48888,3902,0,21 22 23,1,62,,48891,3902,0,21 22 23,1,15,,48886,3902,0,21 22 23,1,30,,48890,3902,0,21 22 23,1,70,,48893,3902,0,21 22 23,1,30,,48894,3902,0,21 22 23,1,70,,48887,3902,0,21 22 23,1,30,,48896,3902,0,21 22 23,1,70,,48897,3902,0,21 22 23,1,30,,48895,3902,0,21 22 23,1,71,,48899,3902,0,21 22 23,1,33,,48901,3902,0,21 22 23,1,70,,48898,3902,0,21 22 23,1,30,,48902,3902,0,21 22 23,1,66,,48900,3902,0,21 22 23,1,20,,48904,3902,0,21 22 23,1,60,,48907,3902,0,21 22 23,1,20,,48909,3902,0,21 22 23,1,20,,48903,3902,0,21 22 23,1,19,,48915,3902,0,21 22 23,1,58,,48917,3902,0,21 22 23,1,18,,48905,3902,0,21 22 23,1,18,,48908,3902,0,21 22 23,1,58,,48919,3902,0,21 22 23,1,19,,48910,3902,0,21 22 23,1,20,,48916,3902,0,21 22 23,1,60,,48918,3902,0,21 22 23,1,19,,48906,3902,0,21 22 23,1,18,,48913,3902,0,21 22 23,1,70,,48911,3902,0,21 22 23,1,32,,48882,3902,0,21 22 23,1,71,,48920,3902,0,21 22 23,1,28,,48914,3902,0,21 22 23,1,70,,48912,3902,0,21 22 23,1
