1601,'DI',556,,25074,6566,,,2,100,,25075,6566,,,2,70,,25066,6566,,,2,30,,25076,6566,,,2,70,,25067,6566,,,2,30,,25077,6566,,,2,70,,25068,6566,,,2,30,,25078,6566,,,2,70,,25069,6566,,,2,30,,25079,6566,,,2,70,,25070,6566,,,2,30,,25080,6566,,,2,68,,25071,6566,,,2,32,,25081,6566,,,2,73,,25072,6566,,,2,27,,25082,6566,,,2,70,,25073,6566,,,2,30,,25083,6566,,,2,70,,25085,6566,,,2,30,,25084,6566,,,2,70,,25086,6566,,,2,30,,25088,6566,,,2,70,,25087,6566,,,2,30,,25089,6566,,,2,100,,25090,6566,,,2,100,,25091,6566,,,2,100,,25092,6566,,,2,100,,25093,6566,,,2,100,,25094,6566,,,2,100,,25095,6566,,,2,100,,25096,6566,,,2
1601,'F8',556,,25220,6566,,,2,100,,25221,6566,,,2,68,,25224,6566,,,2,32,,25222,6566,,,2,70,,25225,6566,,,2,30,,25223,6566,,,2,70,,25226,6566,,,2,30,,25242,6566,,,2,70,,25227,6566,,,2,30,,25243,6566,,,2,70,,25228,6566,,,2,30,,25244,6566,,,2,70,,25229,6566,,,2,30,,25245,6566,,,2,70,,25235,6566,,,2,30,,25215,6566,,,2,70,,25236,6566,,,2,30,,25216,6566,,,2,70,,25237,6566,,,2,30,,25217,6566,,,2,70,,25238,6566,,,2,30,,25218,6566,,,2,67,,25239,6566,,,2,33,,25219,6566,,,2,100,,25230,6566,,,2,100,,25231,6566,,,2,100,,25232,6566,,,2,100,,25233,6566,,,2,100,,25234,6566,,,2,100,,25240,6566,,,2,100,,25241,6566,,,2
1601,'F9',556,,25254,6566,,,2,100,,25255,6566,,,2,70,,25246,6566,,,2,30,,25256,6566,,,2,70,,25247,6566,,,2,30,,25257,6566,,,2,70,,25248,6566,,,2,30,,25258,6566,,,2,70,,25249,6566,,,2,30,,25259,6566,,,2,70,,25250,6566,,,2,30,,25260,6566,,,2,68,,25251,6566,,,2,32,,25261,6566,,,2,73,,25252,6566,,,2,27,,25262,6566,,,2,70,,25253,6566,,,2,30,,25263,6566,,,2,70,,25265,6566,,,2,30,,25264,6566,,,2,70,,25266,6566,,,2,30,,25268,6566,,,2,70,,25267,6566,,,2,30,,25269,6566,,,2,100,,25270,6566,,,2,100,,25271,6566,,,2,100,,25272,6566,,,2,100,,25273,6566,,,2,100,,25274,6566,,,2,100,,25275,6566,,,2,100,,25276,6566,,,2
1601,'SA',556,,25282,6566,,,2,100,,25283,6566,,,2,68,,25286,6566,,,2,32,,25284,6566,,,2,70,,25287,6566,,,2,30,,25285,6566,,,2,70,,25288,6566,,,2,30,,25304,6566,,,2,70,,25289,6566,,,2,30,,25305,6566,,,2,70,,25290,6566,,,2,30,,25306,6566,,,2,70,,25291,6566,,,2,30,,25307,6566,,,2,70,,25297,6566,,,2,30,,25277,6566,,,2,70,,25298,6566,,,2,30,,25278,6566,,,2,70,,25299,6566,,,2,30,,25279,6566,,,2,70,,25300,6566,,,2,30,,25280,6566,,,2,67,,25301,6566,,,2,33,,25281,6566,,,2,100,,25292,6566,,,2,100,,25293,6566,,,2,100,,25294,6566,,,2,100,,25295,6566,,,2,100,,25296,6566,,,2,100,,25302,6566,,,2,100,,25303,6566,,,2
1601,'SE',526,,25342,6566,,,2,30,,25347,6566,,,2,55,,25320,6566,,,2,17,,25309,6566,,,2,15,,25357,6566,,,2,14,,25348,6566,,,2,52,,25313,6566,,,2,10,,25352,6566,,,2,8,,25358,6566,,,2,8,,4744,6566,,,2,6,,25333,6566,,,2,5,,25310,6566,,,2,5,,25353,6566,,,2,4,,25318,6566,,,2,46,,25312,6566,,,2,11,,25311,6566,,,2,10,,25314,6566,,,2,10,,25332,6566,,,2,9,,25359,6566,,,2,11,,25334,6566,,,2,53,,25319,6566,,,2,25,,25308,6566,,,2,70,,25343,6566,,,2,30,,25323,6566,,,2,70,,25321,6566,,,2,30,,25355,6566,,,2,70,,25349,6566,,,2,30,,25344,6566,,,2,70,,25322,6566,,,2,30,,25316,6566,,,2,70,,25345,6566,,,2,30,,25324,6566,,,2,72,,25360,6566,,,2,19,,25335,6566,,,2,22,,25325,6566,,,2,15,,25346,6566,,,2,55,,25361,6566,,,2,13,,25356,6566,,,2,15,,25317,6566,,,2,10,,25362,6566,,,2,52,,25338,6566,,,2,12,,25341,6566,,,2,12,,25351,6566,,,2,12,,25315,6566,,,2,64,,25337,6566,,,2,21,,25354,6566,,,2,27,,25336,6566,,,2,80,,25350,6566,,,2,27,,25326,6566,,,2,70,,25339,6566,,,2,28,,25327,6566,,,2,70,,25340,6566,,,2,30,,25328,6566,,,2,99,,25329,6566,,,2,100,,25330,6566,,,2,100,,25331,6566,,,2
2901,'DI',718,,28112,8880,,,1,100,,28113,8880,,,1,100,,28114,8880,,,1,100,,28115,8880,,,1,100,,28116,8880,,,1,100,,28117,8880,,,1,100,,28118,8880,,,1,100,,28119,8880,,,1,100,,28120,8880,,,1,100,,28121,8880,,,1,100,,28122,8880,,,1,100,,28123,8880,,,1,98,,28124,8880,,,1,100,,28125,8880,,,1,100,,28126,8880,,,1,100,,28127,8880,,,1,100,,28128,8880,,,1,120,,28129,8880,,,1
2901,'F8',718,,28210,8880,,,1,100,,28211,8880,,,1,100,,28212,8880,,,1,100,,28213,8880,,,1,100,,28214,8880,,,1,100,,28215,8880,,,1,100,,28197,8880,,,1,100,,28198,8880,,,1,99,,28199,8880,,,1,99,,28200,8880,,,1,99,,28201,8880,,,1,108,,28202,8880,,,1,97,,28203,8880,,,1,97,,28204,8880,,,1,99,,28205,8880,,,1,100,,28206,8880,,,1,100,,28207,8880,,,1,120,,28208,8880,,,1
2901,'F9',718,,28216,8880,,,1,100,,28217,8880,,,1,100,,28218,8880,,,1,100,,28219,8880,,,1,100,,28220,8880,,,1,100,,28221,8880,,,1,100,,28222,8880,,,1,100,,28223,8880,,,1,100,,28224,8880,,,1,100,,28225,8880,,,1,100,,28226,8880,,,1,100,,28227,8880,,,1,98,,28228,8880,,,1,100,,28229,8880,,,1,100,,28230,8880,,,1,100,,28231,8880,,,1,100,,28232,8880,,,1,120,,28233,8880,,,1
2901,'SA',718,,28248,8880,,,1,100,,28249,8880,,,1,100,,28250,8880,,,1,100,,28251,8880,,,1,100,,28252,8880,,,1,100,,28253,8880,,,1,100,,28235,8880,,,1,100,,28236,8880,,,1,99,,28237,8880,,,1,99,,28238,8880,,,1,99,,28239,8880,,,1,108,,28240,8880,,,1,97,,28241,8880,,,1,97,,28242,8880,,,1,99,,28243,8880,,,1,100,,28244,8880,,,1,100,,28245,8880,,,1,120,,28246,8880,,,1
2901,'SE',650,,28267,8880,,,1,66,,7376,8880,,,1,37,,28278,8880,,,1,1,,28269,8880,,,1,67,,28263,8880,,,1,30,,28266,8880,,,1,69,,28268,8880,,,1,103,,28262,8880,,,1,100,,28280,8880,,,1,101,,28261,8880,,,1,100,,28256,8880,,,1,100,,28259,8880,,,1,102,,28257,8880,,,1,75,,28270,8880,,,1,23,,28271,8880,,,1,34,,28258,8880,,,1,60,,28260,8880,,,1,29,,28265,8880,,,1,12,,28279,8880,,,1,68,,28264,8880,,,1,28,,28272,8880,,,1,67,,28255,8880,,,1,98,,28254,8880,,,1,99,,28273,8880,,,1,99,,28274,8880,,,1,98,,28275,8880,,,1,120,,28276,8880,,,1
7101,'DI',536,,33239,6214,,,2,70,,33251,6214,,,2,29,,33246,6214,,,2,70,,33225,6214,,,2,30,,33249,6214,,,2,70,,33241,6214,,,2,30,,33252,6214,,,2,70,,33240,6214,,,2,31,,33222,6214,,,2,69,,33220,6214,,,2,31,,33221,6214,,,2,70,,33228,6214,,,2,30,,33242,6214,,,2,70,,33253,6214,,,2,30,,33247,6214,,,2,75,,33226,6214,,,2,25,,33248,6214,,,2,70,,33227,6214,,,2,30,,33250,6214,,,2,70,,33245,6214,,,2,30,,33235,6214,,,2,70,,33231,6214,,,2,30,,33238,6214,,,2,70,,33232,6214,,,2,28,,33229,6214,,,2,72,,33233,6214,,,2,30,,33230,6214,,,2,70,,33234,6214,,,2,100,,33236,6214,,,2,99,,33237,6214,,,2,100,,33244,6214,,,2,100,,33223,6214,,,2,100,,33224,6214,,,2
7101,'F8',536,,33380,6214,,,2,70,,33377,6214,,,2,29,,33401,6214,,,2,70,,33376,6214,,,2,30,,33371,6214,,,2,70,,33381,6214,,,2,31,,33402,6214,,,2,69,,33378,6214,,,2,30,,33368,6214,,,2,70,,33384,6214,,,2,31,,33397,6214,,,2,70,,33385,6214,,,2,30,,33398,6214,,,2,70,,33386,6214,,,2,30,,33399,6214,,,2,70,,33387,6214,,,2,30,,33400,6214,,,2,70,,33388,6214,,,2,30,,33391,6214,,,2,70,,33389,6214,,,2,30,,33392,6214,,,2,70,,33390,6214,,,2,30,,33393,6214,,,2,68,,33374,6214,,,2,30,,33394,6214,,,2,76,,33379,6214,,,2,26,,33395,6214,,,2,72,,33375,6214,,,2,98,,33382,6214,,,2,100,,33373,6214,,,2,100,,33372,6214,,,2,100,,33370,6214,,,2,100,,33369,6214,,,2,100,,33396,6214,,,2
7101,'F9',536,,33422,6214,,,2,70,,33434,6214,,,2,29,,33429,6214,,,2,70,,33408,6214,,,2,30,,33432,6214,,,2,70,,33424,6214,,,2,30,,33435,6214,,,2,70,,33423,6214,,,2,31,,33405,6214,,,2,69,,33403,6214,,,2,31,,33404,6214,,,2,70,,33411,6214,,,2,30,,33425,6214,,,2,70,,33436,6214,,,2,30,,33430,6214,,,2,75,,33409,6214,,,2,25,,33431,6214,,,2,70,,33410,6214,,,2,30,,33433,6214,,,2,70,,33428,6214,,,2,30,,33418,6214,,,2,70,,33414,6214,,,2,30,,33421,6214,,,2,70,,33415,6214,,,2,28,,33412,6214,,,2,72,,33416,6214,,,2,30,,33413,6214,,,2,70,,33417,6214,,,2,100,,33419,6214,,,2,99,,33420,6214,,,2,100,,33427,6214,,,2,100,,33406,6214,,,2,100,,33407,6214,,,2
7101,'SA',536,,33449,6214,,,2,70,,33446,6214,,,2,29,,33468,6214,,,2,70,,33445,6214,,,2,30,,33440,6214,,,2,70,,33450,6214,,,2,31,,33469,6214,,,2,69,,33447,6214,,,2,30,,33437,6214,,,2,70,,33451,6214,,,2,31,,33464,6214,,,2,70,,33452,6214,,,2,30,,33465,6214,,,2,70,,33453,6214,,,2,30,,33466,6214,,,2,70,,33454,6214,,,2,30,,33467,6214,,,2,70,,33455,6214,,,2,30,,33458,6214,,,2,70,,33456,6214,,,2,30,,33459,6214,,,2,70,,33457,6214,,,2,30,,33460,6214,,,2,68,,33443,6214,,,2,30,,33461,6214,,,2,76,,33448,6214,,,2,26,,33462,6214,,,2,72,,33444,6214,,,2,98,,12078,6214,,,2,100,,33442,6214,,,2,100,,33441,6214,,,2,100,,33439,6214,,,2,100,,33438,6214,,,2,100,,33463,6214,,,2
7101,'SE',459,,33481,6214,,,2,70,,33487,6214,,,2,30,,33482,6214,,,2,70,,33505,6214,,,2,30,,33472,6214,,,2,57,,33494,6214,,,2,25,,33473,6214,,,2,60,,33495,6214,,,2,22,,33507,6214,,,2,18,,33508,6214,,,2,66,,33489,6214,,,2,31,,33478,6214,,,2,69,,33503,6214,,,2,30,,33474,6214,,,2,70,,33504,6214,,,2,30,,33475,6214,,,2,70,,33480,6214,,,2,30,,33476,6214,,,2,70,,33490,6214,,,2,30,,33488,6214,,,2,70,,33491,6214,,,2,30,,33477,6214,,,2,72,,33483,6214,,,2,31,,33509,6214,,,2,71,,33506,6214,,,2,41,,33492,6214,,,2,82,,33486,6214,,,2,76,,33496,6214,,,2,32,,33484,6214,,,2,66,,33497,6214,,,2,30,,33511,6214,,,2,68,,33479,6214,,,2,29,,33512,6214,,,2,70,,33471,6214,,,2,30,,33513,6214,,,2,70,,33498,6214,,,2,30,,33514,6214,,,2,70,,33499,6214,,,2,30,,33470,6214,,,2,70,,33500,6214,,,2,28,,33510,6214,,,2
62000,'SE',1536,,40783,2464,,,2
62400,'SE',1452,,40785,985,,,2
