2301,'F8',616,,27519,5746,,,1,103,,27520,5746,,,1,101,,27521,5746,,,1,100,,27512,5746,,,1,103,,27513,5746,,,1,99,,27515,5746,,,1,103,,27516,5746,,,1,97,,27522,5746,,,1,99,,27523,5746,,,1,100,,27518,5746,,,1,100,,27517,5746,,,1,100,,27514,5746,,,1
2301,'SA',616,,27531,5746,,,1,103,,27532,5746,,,1,101,,27533,5746,,,1,100,,27524,5746,,,1,103,,27525,5746,,,1,99,,27527,5746,,,1,103,,27528,5746,,,1,97,,27534,5746,,,1,99,,27535,5746,,,1,100,,27530,5746,,,1,100,,27529,5746,,,1,100,,27526,5746,,,1
2301,'SE',1024,,27538,5746,,,1,100,,27536,5746,,,1,100,,27539,5746,,,1,101,,27540,5746,,,1,101,,27537,5746,,,1
12301,'DI',550,,37798,20042,,,1,100,,37808,20042,,,1,100,,37799,20042,,,1,100,,37809,20042,,,1,101,,37800,20042,,,1,100,,37810,20042,,,1,100,,37801,20042,,,1,100,,37811,20042,,,1,100,,37802,20042,,,1,100,,37812,20042,,,1,100,,37803,20042,,,1,100,,37813,20042,,,1,100,,37804,20042,,,1,100,,37814,20042,,,1,100,,37805,20042,,,1,99,,37815,20042,,,1,100,,37806,20042,,,1,100,,37816,20042,,,1,100,,37807,20042,,,1,100,,37817,20042,,,1
12301,'F8',549,,37897,20042,,,1,100,,37895,20042,,,1,100,,37898,20042,,,1,100,,37896,20042,,,1,100,,37899,20042,,,1,100,,37907,20042,,,1,100,,37900,20042,,,1,100,,37908,20042,,,1,100,,37901,20042,,,1,100,,37909,20042,,,1,100,,37902,20042,,,1,100,,37910,20042,,,1,100,,37903,20042,,,1,100,,37911,20042,,,1,100,,37904,20042,,,1,100,,37912,20042,,,1,100,,37905,20042,,,1,100,,37913,20042,,,1,100,,37906,20042,,,1,100,,37914,20042,,,1
12301,'F9',550,,37915,20042,,,1,100,,37925,20042,,,1,100,,37916,20042,,,1,100,,37926,20042,,,1,101,,37917,20042,,,1,100,,37927,20042,,,1,100,,37918,20042,,,1,100,,37928,20042,,,1,100,,37919,20042,,,1,100,,37929,20042,,,1,100,,37920,20042,,,1,100,,37930,20042,,,1,100,,37921,20042,,,1,100,,37931,20042,,,1,100,,37922,20042,,,1,99,,37932,20042,,,1,100,,37923,20042,,,1,100,,37933,20042,,,1,100,,37924,20042,,,1,100,,37934,20042,,,1
12301,'SA',549,,37937,20042,,,1,100,,37935,20042,,,1,100,,37938,20042,,,1,100,,37936,20042,,,1,100,,37939,20042,,,1,100,,37947,20042,,,1,100,,37940,20042,,,1,100,,37948,20042,,,1,100,,37941,20042,,,1,100,,37949,20042,,,1,100,,37942,20042,,,1,100,,37950,20042,,,1,100,,37943,20042,,,1,100,,37951,20042,,,1,100,,37944,20042,,,1,100,,37952,20042,,,1,100,,37945,20042,,,1,100,,37953,20042,,,1,100,,37946,20042,,,1,100,,37954,20042,,,1
12301,'SE',536,,37966,20042,,,1,70,,37976,20042,,,1,20,,37959,20042,,,1,25,,37958,20042,,,1,55,,37960,20042,,,1,27,,37961,20042,,,1,70,,37955,20042,,,1,28,,37956,20042,,,1,70,,37957,20042,,,1,28,,37977,20042,,,1,30,,37980,20042,,,1,96,,37967,20042,,,1,101,,37963,20042,,,1,100,,37973,20042,,,1,100,,37978,20042,,,1,100,,37983,20042,,,1,51,,37971,20042,,,1,27,,37984,20042,,,1,20,,37986,20042,,,1,55,,37972,20042,,,1,19,,37970,20042,,,1,6,,37981,20042,,,1,16,,37987,20042,,,1,50,,37989,20042,,,1,6,,37975,20042,,,1,24,,37974,20042,,,1,26,,37985,20042,,,1,67,,37990,20042,,,1,31,,37965,20042,,,1,66,,37962,20042,,,1,34,,37964,20042,,,1,68,,37982,20042,,,1,30,,37979,20042,,,1,98,,37988,20042,,,1,98,,37968,20042,,,1,100,,37991,20042,,,1,157,,37969,20042,,,1
17001,'SE',516,,38933,2742,0,48 49,2,30,,38934,2742,0,48 49,2,62,,38917,2742,0,48 49,2,30,,38921,2742,0,48 49,2,70,,38918,2742,0,48 49,2,31,,38922,2742,0,48 49,2,69,,38919,2742,0,48 49,2,35,,38923,2742,0,48 49,2,70,,38920,2742,0,48 49,2,616,,38929,2742,0,48 49,2,30,,38924,2742,0,48 49,2,70,,38930,2742,0,48 49,2,30,,38925,2742,0,48 49,2,70,,38931,2742,0,48 49,2,30,,38926,2742,0,48 49,2,70,,38932,2742,0,48 49,2,30,,38927,2742,0,48 49,2
57501,'SE',850,,40736,9120,,,2
