800,'DI',559,,22786,6232,,,1,72,,22781,6232,,,1,70,,2441,6232,,,1,30,,2447,6232,,,1,70,,22787,6232,,,1,30,,22782,6232,,,1,72,,2442,6232,,,1,30,,2448,6232,,,1,70,,22788,6232,,,1,30,,22783,6232,,,1,70,,2443,6232,,,1,30,,2449,6232,,,1,72,,22789,6232,,,1,30,,2436,6232,,,1,70,,2444,6232,,,1,30,,2450,6232,,,1,70,,22790,6232,,,1,30,,22784,6232,,,1,70,,2445,6232,,,1,29,,22793,6232,,,1,70,,22791,6232,,,1,30,,22785,6232,,,1,69,,2446,6232,,,1,30,,22794,6232,,,1,72,,22792,6232,,,1,43,,2437,6232,,,1,100,,22795,6232,,,1,100,,2438,6232,,,1,99,,22796,6232,,,1,100,,2439,6232,,,1,100,,22797,6232,,,1,100,,2440,6232,,,1,100,,22780,6232,,,1
800,'F1',559,,44063,6232,,,1,72,,44043,6232,,,1,70,,44051,6232,,,1,30,,44057,6232,,,1,70,,44064,6232,,,1,30,,44044,6232,,,1,72,,44052,6232,,,1,30,,44058,6232,,,1,70,,44065,6232,,,1,30,,44045,6232,,,1,70,,44053,6232,,,1,30,,44059,6232,,,1,72,,44066,6232,,,1,30,,44046,6232,,,1,70,,44054,6232,,,1,30,,44060,6232,,,1,70,,44067,6232,,,1,30,,44061,6232,,,1,70,,44055,6232,,,1,29,,44070,6232,,,1,70,,44068,6232,,,1,30,,44062,6232,,,1,69,,44056,6232,,,1,30,,44071,6232,,,1,72,,44069,6232,,,1,43,,44047,6232,,,1,100,,44072,6232,,,1,100,,44048,6232,,,1,99,,44073,6232,,,1,100,,44049,6232,,,1,100,,44074,6232,,,1,100,,44050,6232,,,1,100,,44042,6232,,,1
800,'F2',559,,44096,6232,,,1,70,,44079,6232,,,1,72,,44092,6232,,,1,30,,44094,6232,,,1,71,,44097,6232,,,1,30,,44080,6232,,,1,70,,44093,6232,,,1,31,,44095,6232,,,1,70,,44098,6232,,,1,30,,44081,6232,,,1,70,,44087,6232,,,1,30,,44103,6232,,,1,68,,44099,6232,,,1,32,,44082,6232,,,1,70,,44088,6232,,,1,30,,44104,6232,,,1,70,,44100,6232,,,1,30,,44107,6232,,,1,70,,44089,6232,,,1,30,,44105,6232,,,1,70,,44101,6232,,,1,30,,44108,6232,,,1,70,,44090,6232,,,1,30,,44106,6232,,,1,72,,44102,6232,,,1,28,,44075,6232,,,1,70,,44091,6232,,,1,46,,44083,6232,,,1,98,,44076,6232,,,1,100,,44084,6232,,,1,100,,44077,6232,,,1,100,,44085,6232,,,1,100,,44078,6232,,,1,100,,44086,6232,,,1
800,'F8',559,,22955,6232,,,1,70,,22938,6232,,,1,72,,22951,6232,,,1,30,,22953,6232,,,1,71,,22956,6232,,,1,30,,22939,6232,,,1,70,,22952,6232,,,1,31,,22954,6232,,,1,70,,22957,6232,,,1,30,,22940,6232,,,1,70,,22946,6232,,,1,30,,22962,6232,,,1,68,,22958,6232,,,1,32,,22941,6232,,,1,70,,22947,6232,,,1,30,,22963,6232,,,1,70,,22959,6232,,,1,30,,22966,6232,,,1,70,,22948,6232,,,1,30,,22964,6232,,,1,70,,22960,6232,,,1,30,,22967,6232,,,1,70,,22949,6232,,,1,30,,22965,6232,,,1,72,,22961,6232,,,1,28,,22934,6232,,,1,70,,22950,6232,,,1,46,,22942,6232,,,1,98,,22935,6232,,,1,100,,22943,6232,,,1,100,,22936,6232,,,1,100,,22944,6232,,,1,100,,22937,6232,,,1,100,,22945,6232,,,1
800,'F9',559,,22989,6232,,,1,72,,22969,6232,,,1,70,,22977,6232,,,1,30,,22983,6232,,,1,70,,22990,6232,,,1,30,,22970,6232,,,1,72,,22978,6232,,,1,30,,22984,6232,,,1,70,,22991,6232,,,1,30,,22971,6232,,,1,70,,22979,6232,,,1,30,,22985,6232,,,1,72,,22992,6232,,,1,30,,22972,6232,,,1,70,,22980,6232,,,1,30,,22986,6232,,,1,70,,22993,6232,,,1,30,,22987,6232,,,1,70,,22981,6232,,,1,29,,22996,6232,,,1,70,,22994,6232,,,1,30,,22988,6232,,,1,69,,22982,6232,,,1,30,,22997,6232,,,1,72,,22995,6232,,,1,43,,22973,6232,,,1,100,,22998,6232,,,1,100,,22974,6232,,,1,99,,22999,6232,,,1,100,,22975,6232,,,1,100,,23000,6232,,,1,100,,22976,6232,,,1,100,,22968,6232,,,1
800,'SA',559,,23022,6232,,,1,70,,23005,6232,,,1,72,,23018,6232,,,1,30,,23020,6232,,,1,71,,23023,6232,,,1,30,,23006,6232,,,1,70,,23019,6232,,,1,31,,23021,6232,,,1,70,,23024,6232,,,1,30,,23007,6232,,,1,70,,23013,6232,,,1,30,,23029,6232,,,1,68,,23025,6232,,,1,32,,23008,6232,,,1,70,,23014,6232,,,1,30,,23030,6232,,,1,70,,23026,6232,,,1,30,,2660,6232,,,1,70,,23015,6232,,,1,30,,23031,6232,,,1,70,,23027,6232,,,1,30,,2661,6232,,,1,70,,23016,6232,,,1,30,,23032,6232,,,1,72,,23028,6232,,,1,28,,23001,6232,,,1,70,,23017,6232,,,1,46,,23009,6232,,,1,98,,23002,6232,,,1,100,,23010,6232,,,1,100,,23003,6232,,,1,100,,23011,6232,,,1,100,,23004,6232,,,1,100,,23012,6232,,,1
800,'SE',503,,44153,6232,,,1,28,,44155,6232,,,1,22,,44156,6232,,,1,81,,44112,6232,,,1,70,,44154,6232,,,1,21,,44126,6232,,,1,19,,44157,6232,,,1,13,,44150,6232,,,1,55,,44115,6232,,,1,15,,44134,6232,,,1,15,,44113,6232,,,1,17,,44137,6232,,,1,55,,44124,6232,,,1,15,,44127,6232,,,1,15,,44130,6232,,,1,15,,44171,6232,,,1,55,,44116,6232,,,1,15,,44135,6232,,,1,15,,44114,6232,,,1,15,,44138,6232,,,1,55,,44140,6232,,,1,17,,44118,6232,,,1,15,,44128,6232,,,1,55,,44158,6232,,,1,15,,44172,6232,,,1,15,,44169,6232,,,1,15,,44136,6232,,,1,55,,44109,6232,,,1,15,,44139,6232,,,1,15,,44125,6232,,,1,15,,44119,6232,,,1,55,,44131,6232,,,1,15,,44159,6232,,,1,16,,44117,6232,,,1,15,,44162,6232,,,1,55,,44161,6232,,,1,15,,44110,6232,,,1,15,,44141,6232,,,1,15,,44146,6232,,,1,55,,44129,6232,,,1,15,,44165,6232,,,1,15,,44132,6232,,,1,12,,44160,6232,,,1,12,,44145,6232,,,1,52,,44163,6232,,,1,12,,44151,6232,,,1,12,,44164,6232,,,1,12,,44111,6232,,,1,11,,44142,6232,,,1,52,,44147,6232,,,1,12,,44166,6232,,,1,11,,44148,6232,,,1,10,,44167,6232,,,1,10,,44133,6232,,,1,60,,44152,6232,,,1,27,,44120,6232,,,1,68,,44173,6232,,,1,30,,44168,6232,,,1,68,,44149,6232,,,1,30,,44121,6232,,,1,70,,44170,6232,,,1,45,,44143,6232,,,1,100,,44122,6232,,,1,98,,44144,6232,,,1,100,,44123,6232,,,1
2800,'DI',855,,27669,5861,0,32 33,1,101,,27674,5861,0,32 33,1,100,,27672,5861,0,32 33,1,100,,27670,5861,0,32 33,1,100,,27671,5861,0,32 33,1,100,,27675,5861,0,32 33,1,100,,27678,5861,0,32 33,1,101,,27677,5861,0,32 33,1,99,,27676,5861,0,32 33,1,100,,27673,5861,0,32 33,1
2800,'F1',855,,45917,5861,0,32 33,1,101,,45922,5861,0,32 33,1,100,,45920,5861,0,32 33,1,100,,45918,5861,0,32 33,1,100,,45919,5861,0,32 33,1,100,,45923,5861,0,32 33,1,100,,45926,5861,0,32 33,1,101,,45925,5861,0,32 33,1,99,,45924,5861,0,32 33,1,100,,45921,5861,0,32 33,1
2800,'F2',857,,45934,5861,0,32 33,1,99,,45929,5861,0,32 33,1,103,,45927,5861,0,32 33,1,97,,45931,5861,0,32 33,1,101,,45930,5861,0,32 33,1,100,,45932,5861,0,32 33,1,99,,45928,5861,0,32 33,1,103,,45936,5861,0,32 33,1,99,,45935,5861,0,32 33,1,98,,45933,5861,0,32 33,1
2800,'F8',857,,27747,5861,0,32 33,1,99,,27742,5861,0,32 33,1,103,,27740,5861,0,32 33,1,97,,27744,5861,0,32 33,1,101,,27743,5861,0,32 33,1,100,,27745,5861,0,32 33,1,99,,27741,5861,0,32 33,1,103,,27749,5861,0,32 33,1,99,,27748,5861,0,32 33,1,98,,27746,5861,0,32 33,1
2800,'F9',855,,27750,5861,0,32 33,1,101,,27755,5861,0,32 33,1,100,,27753,5861,0,32 33,1,100,,27751,5861,0,32 33,1,100,,27752,5861,0,32 33,1,100,,27756,5861,0,32 33,1,100,,27759,5861,0,32 33,1,101,,27758,5861,0,32 33,1,99,,27757,5861,0,32 33,1,100,,27754,5861,0,32 33,1
2800,'SA',857,,27766,5861,0,32 33,1,99,,27762,5861,0,32 33,1,103,,27760,5861,0,32 33,1,97,,27763,5861,0,32 33,1,101,,6923,5861,0,32 33,1,100,,27764,5861,0,32 33,1,99,,27761,5861,0,32 33,1,103,,27768,5861,0,32 33,1,99,,27767,5861,0,32 33,1,98,,27765,5861,0,32 33,1
2800,'SE',622,,45971,5861,0,32 33,1,85,,45972,5861,0,32 33,1,23,,45976,5861,0,32 33,1,3,,45977,5861,0,32 33,1,16,,45950,5861,0,32 33,1,53,,45962,5861,0,32 33,1,12,,45970,5861,0,32 33,1,18,,45961,5861,0,32 33,1,14,,45966,5861,0,32 33,1,58,,45951,5861,0,32 33,1,30,,45942,5861,0,32 33,1,70,,45946,5861,0,32 33,1,30,,45952,5861,0,32 33,1,70,,45943,5861,0,32 33,1,32,,45947,5861,0,32 33,1,70,,45953,5861,0,32 33,1,30,,45944,5861,0,32 33,1,70,,45948,5861,0,32 33,1,30,,45954,5861,0,32 33,1,70,,45945,5861,0,32 33,1,31,,45949,5861,0,32 33,1,70,,45973,5861,0,32 33,1,15,,45939,5861,0,32 33,1,15,,45959,5861,0,32 33,1,15,,45964,5861,0,32 33,1,55,,45975,5861,0,32 33,1,15,,45956,5861,0,32 33,1,14,,45958,5861,0,32 33,1,12,,45974,5861,0,32 33,1,52,,45940,5861,0,32 33,1,12,,45960,5861,0,32 33,1,12,,45963,5861,0,32 33,1,12,,45967,5861,0,32 33,1,12,,45955,5861,0,32 33,1,11,,45957,5861,0,32 33,1,52,,45937,5861,0,32 33,1,12,,45938,5861,0,32 33,1,13,,45965,5861,0,32 33,1,95,,45941,5861,0,32 33,1,98,,45968,5861,0,32 33,1,98,,45969,5861,0,32 33,1
8800,'DI',716,,36639,6232,,,1,30,,36644,6232,,,1,70,,36650,6232,,,1,30,,36659,6232,,,1,70,,36640,6232,,,1,30,,36645,6232,,,1,72,,36651,6232,,,1,30,,36660,6232,,,1,70,,36641,6232,,,1,30,,36646,6232,,,1,70,,36652,6232,,,1,30,,36661,6232,,,1,70,,36642,6232,,,1,30,,36647,6232,,,1,70,,36653,6232,,,1,30,,15002,6232,,,1,70,,36654,6232,,,1,30,,36648,6232,,,1,70,,36662,6232,,,1,30,,15003,6232,,,1,70,,36655,6232,,,1,30,,36649,6232,,,1,70,,36663,6232,,,1,100,,36656,6232,,,1,100,,36664,6232,,,1,100,,36657,6232,,,1,100,,36665,6232,,,1,97,,36658,6232,,,1,100,,36638,6232,,,1,100,,36643,6232,,,1
8800,'F1',716,,49524,6232,,,1,30,,49529,6232,,,1,70,,49535,6232,,,1,30,,49544,6232,,,1,70,,49525,6232,,,1,30,,49530,6232,,,1,72,,49536,6232,,,1,30,,49545,6232,,,1,70,,49526,6232,,,1,30,,49531,6232,,,1,70,,49537,6232,,,1,30,,49546,6232,,,1,70,,49527,6232,,,1,30,,49532,6232,,,1,70,,49538,6232,,,1,30,,49521,6232,,,1,70,,49539,6232,,,1,30,,49533,6232,,,1,70,,49547,6232,,,1,30,,49522,6232,,,1,70,,49540,6232,,,1,30,,49534,6232,,,1,70,,49548,6232,,,1,100,,49541,6232,,,1,100,,49549,6232,,,1,100,,49542,6232,,,1,100,,49550,6232,,,1,97,,49543,6232,,,1,100,,49523,6232,,,1,100,,49528,6232,,,1
8800,'F2',716,,49554,6232,,,1,30,,49579,6232,,,1,71,,49575,6232,,,1,30,,49566,6232,,,1,71,,49559,6232,,,1,30,,49580,6232,,,1,70,,49576,6232,,,1,30,,49567,6232,,,1,70,,49560,6232,,,1,30,,49571,6232,,,1,70,,49556,6232,,,1,30,,49568,6232,,,1,70,,49561,6232,,,1,30,,49572,6232,,,1,70,,49557,6232,,,1,30,,49551,6232,,,1,70,,49562,6232,,,1,30,,49573,6232,,,1,70,,49558,6232,,,1,30,,49552,6232,,,1,71,,49581,6232,,,1,29,,49574,6232,,,1,71,,49569,6232,,,1,29,,49553,6232,,,1,70,,49563,6232,,,1,100,,49570,6232,,,1,99,,49564,6232,,,1,99,,49578,6232,,,1,100,,49565,6232,,,1,100,,49577,6232,,,1,100,,49555,6232,,,1
8800,'F8',716,,36775,6232,,,1,30,,36800,6232,,,1,71,,36796,6232,,,1,30,,36787,6232,,,1,71,,36780,6232,,,1,30,,36801,6232,,,1,70,,36797,6232,,,1,30,,36788,6232,,,1,70,,36781,6232,,,1,30,,36792,6232,,,1,70,,36777,6232,,,1,30,,36789,6232,,,1,70,,36782,6232,,,1,30,,36793,6232,,,1,70,,36778,6232,,,1,30,,36772,6232,,,1,70,,36783,6232,,,1,30,,36794,6232,,,1,70,,36779,6232,,,1,30,,36773,6232,,,1,71,,36802,6232,,,1,29,,36795,6232,,,1,71,,36790,6232,,,1,29,,36774,6232,,,1,70,,36784,6232,,,1,100,,36791,6232,,,1,99,,36785,6232,,,1,99,,36799,6232,,,1,100,,36786,6232,,,1,100,,36798,6232,,,1,100,,36776,6232,,,1
8800,'F9',716,,36806,6232,,,1,30,,36811,6232,,,1,70,,36817,6232,,,1,30,,36826,6232,,,1,70,,36807,6232,,,1,30,,36812,6232,,,1,72,,36818,6232,,,1,30,,36827,6232,,,1,70,,36808,6232,,,1,30,,36813,6232,,,1,70,,36819,6232,,,1,30,,36828,6232,,,1,70,,36809,6232,,,1,30,,36814,6232,,,1,70,,36820,6232,,,1,30,,36803,6232,,,1,70,,36821,6232,,,1,30,,36815,6232,,,1,70,,36829,6232,,,1,30,,36804,6232,,,1,70,,36822,6232,,,1,30,,36816,6232,,,1,70,,36830,6232,,,1,100,,36823,6232,,,1,100,,36831,6232,,,1,100,,36824,6232,,,1,100,,36832,6232,,,1,97,,36825,6232,,,1,100,,36805,6232,,,1,100,,36810,6232,,,1
8800,'SA',716,,36836,6232,,,1,30,,36860,6232,,,1,71,,36857,6232,,,1,30,,36848,6232,,,1,71,,36841,6232,,,1,30,,36861,6232,,,1,70,,36858,6232,,,1,30,,36849,6232,,,1,70,,36842,6232,,,1,30,,36853,6232,,,1,70,,36838,6232,,,1,30,,36850,6232,,,1,70,,36843,6232,,,1,30,,36854,6232,,,1,70,,36839,6232,,,1,30,,36833,6232,,,1,70,,36844,6232,,,1,30,,36855,6232,,,1,70,,36840,6232,,,1,30,,36834,6232,,,1,71,,36862,6232,,,1,29,,36856,6232,,,1,71,,36851,6232,,,1,29,,36835,6232,,,1,70,,36845,6232,,,1,100,,36852,6232,,,1,99,,36846,6232,,,1,99,,15203,6232,,,1,100,,36847,6232,,,1,100,,36859,6232,,,1,100,,36837,6232,,,1
8800,'SE',717,,49597,6232,,,1,21,,49625,6232,,,1,15,,49606,6232,,,1,54,,49611,6232,,,1,15,,49627,6232,,,1,15,,49600,6232,,,1,15,,49626,6232,,,1,69,,49586,6232,,,1,30,,49620,6232,,,1,70,,49621,6232,,,1,30,,49582,6232,,,1,72,,49588,6232,,,1,30,,49590,6232,,,1,70,,49584,6232,,,1,30,,49583,6232,,,1,70,,49593,6232,,,1,30,,49589,6232,,,1,71,,49623,6232,,,1,30,,49591,6232,,,1,58,,49601,6232,,,1,15,,49607,6232,,,1,15,,49598,6232,,,1,15,,49587,6232,,,1,55,,49629,6232,,,1,15,,49628,6232,,,1,13,,49624,6232,,,1,12,,49585,6232,,,1,52,,49614,6232,,,1,12,,49592,6232,,,1,12,,49602,6232,,,1,12,,49613,6232,,,1,11,,49608,6232,,,1,52,,49599,6232,,,1,12,,49604,6232,,,1,11,,49603,6232,,,1,19,,49605,6232,,,1,55,,49594,6232,,,1,22,,49622,6232,,,1,28,,49609,6232,,,1,70,,49596,6232,,,1,28,,49595,6232,,,1,70,,49615,6232,,,1,30,,49610,6232,,,1,70,,49618,6232,,,1,100,,49616,6232,,,1,99,,49619,6232,,,1,99,,49617,6232,,,1
