6101,'DI',724,,32655,12040,,,2,30,,32652,12040,,,2,72,,32658,12040,,,2,17,,32656,12040,,,2,70,,32653,12040,,,2,30,,32659,12040,,,2,70,,32657,12040,,,2,30,,32654,12040,,,2,70,,32660,12040,,,2,30,,32661,12040,,,2,70,,32665,12040,,,2,30,,32669,12040,,,2,70,,32662,12040,,,2,30,,32666,12040,,,2,70,,32670,12040,,,2,30,,32663,12040,,,2,70,,32667,12040,,,2,30,,32671,12040,,,2,70,,32664,12040,,,2,34,,32668,12040,,,2,61,,32672,12040,,,2,35,,32674,12040,,,2,60,,32677,12040,,,2,40,,32673,12040,,,2,65,,32675,12040,,,2,30,,32678,12040,,,2,85,,32676,12040,,,2,100,,32679,12040,,,2,100,,32680,12040,,,2,100,,32681,12040,,,2
6101,'F1',724,,47923,12040,,,2,30,,47920,12040,,,2,72,,47926,12040,,,2,17,,47924,12040,,,2,70,,47921,12040,,,2,30,,47927,12040,,,2,70,,47925,12040,,,2,30,,47922,12040,,,2,70,,47928,12040,,,2,30,,47929,12040,,,2,70,,47933,12040,,,2,30,,47937,12040,,,2,70,,47930,12040,,,2,30,,47934,12040,,,2,70,,47938,12040,,,2,30,,47931,12040,,,2,70,,47935,12040,,,2,30,,47939,12040,,,2,70,,47932,12040,,,2,34,,47936,12040,,,2,61,,47940,12040,,,2,35,,47942,12040,,,2,60,,47945,12040,,,2,40,,47941,12040,,,2,65,,47943,12040,,,2,30,,47946,12040,,,2,85,,47944,12040,,,2,100,,47947,12040,,,2,100,,47948,12040,,,2,100,,47949,12040,,,2
6101,'F2',724,,47955,12040,,,2,30,,47952,12040,,,2,72,,47958,12040,,,2,17,,47956,12040,,,2,70,,47953,12040,,,2,30,,47959,12040,,,2,70,,47957,12040,,,2,30,,47954,12040,,,2,70,,47960,12040,,,2,30,,47961,12040,,,2,70,,47965,12040,,,2,30,,47967,12040,,,2,70,,47962,12040,,,2,30,,47966,12040,,,2,70,,47968,12040,,,2,30,,47963,12040,,,2,70,,47969,12040,,,2,30,,47973,12040,,,2,70,,47964,12040,,,2,34,,47970,12040,,,2,61,,47974,12040,,,2,35,,47976,12040,,,2,60,,47971,12040,,,2,40,,47975,12040,,,2,65,,47977,12040,,,2,30,,47972,12040,,,2,85,,47978,12040,,,2,100,,47980,12040,,,2,100,,47979,12040,,,2,100,,47982,12040,,,2
6101,'F8',724,,32803,12040,,,2,30,,32800,12040,,,2,72,,32806,12040,,,2,17,,32804,12040,,,2,70,,32801,12040,,,2,30,,32807,12040,,,2,70,,32805,12040,,,2,30,,32802,12040,,,2,70,,32808,12040,,,2,30,,32809,12040,,,2,70,,32813,12040,,,2,30,,32815,12040,,,2,70,,32810,12040,,,2,30,,32814,12040,,,2,70,,32816,12040,,,2,30,,32811,12040,,,2,70,,32817,12040,,,2,30,,32821,12040,,,2,70,,32812,12040,,,2,34,,32818,12040,,,2,61,,32822,12040,,,2,35,,32824,12040,,,2,60,,32819,12040,,,2,40,,32823,12040,,,2,65,,32825,12040,,,2,30,,32820,12040,,,2,85,,32826,12040,,,2,100,,32828,12040,,,2,100,,32827,12040,,,2,100,,32830,12040,,,2
6101,'F9',724,,32835,12040,,,2,30,,32832,12040,,,2,72,,32838,12040,,,2,17,,32836,12040,,,2,70,,32833,12040,,,2,30,,32839,12040,,,2,70,,32837,12040,,,2,30,,32834,12040,,,2,70,,32840,12040,,,2,30,,32841,12040,,,2,70,,32845,12040,,,2,30,,32849,12040,,,2,70,,32842,12040,,,2,30,,32846,12040,,,2,70,,32850,12040,,,2,30,,32843,12040,,,2,70,,32847,12040,,,2,30,,32851,12040,,,2,70,,32844,12040,,,2,34,,32848,12040,,,2,61,,32852,12040,,,2,35,,32854,12040,,,2,60,,32857,12040,,,2,40,,32853,12040,,,2,65,,32855,12040,,,2,30,,32858,12040,,,2,85,,32856,12040,,,2,100,,32859,12040,,,2,100,,32860,12040,,,2,100,,32861,12040,,,2
6101,'SA',724,,32867,12040,,,2,30,,32864,12040,,,2,72,,32870,12040,,,2,17,,32868,12040,,,2,70,,32865,12040,,,2,30,,32871,12040,,,2,70,,32869,12040,,,2,30,,32866,12040,,,2,70,,32872,12040,,,2,30,,32873,12040,,,2,70,,32877,12040,,,2,30,,32879,12040,,,2,70,,32874,12040,,,2,30,,32878,12040,,,2,70,,32880,12040,,,2,30,,32875,12040,,,2,70,,32881,12040,,,2,30,,32885,12040,,,2,70,,32876,12040,,,2,34,,32882,12040,,,2,61,,32886,12040,,,2,35,,32888,12040,,,2,60,,32883,12040,,,2,40,,32887,12040,,,2,65,,32889,12040,,,2,30,,32884,12040,,,2,85,,32890,12040,,,2,100,,32892,12040,,,2,100,,32891,12040,,,2,100,,32894,12040,,,2
6101,'SE',603,,48033,12040,,,2,30,,48035,12040,,,2,10,,47988,12040,,,2,57,,47991,12040,,,2,9,,47985,12040,,,2,14,,47994,12040,,,2,14,,47984,12040,,,2,7,,47998,12040,,,2,56,,47992,12040,,,2,9,,47997,12040,,,2,19,,47989,12040,,,2,24,,47986,12040,,,2,62,,47995,12040,,,2,15,,47999,12040,,,2,76,,47990,12040,,,2,30,,47987,12040,,,2,70,,47996,12040,,,2,32,,48034,12040,,,2,70,,47993,12040,,,2,30,,48000,12040,,,2,72,,48004,12040,,,2,30,,48001,12040,,,2,70,,48002,12040,,,2,33,,48006,12040,,,2,61,,48008,12040,,,2,27,,48011,12040,,,2,23,,48003,12040,,,2,60,,48005,12040,,,2,24,,48013,12040,,,2,4,,48015,12040,,,2,65,,48009,12040,,,2,7,,48010,12040,,,2,14,,48016,12040,,,2,13,,48017,12040,,,2,14,,48007,12040,,,2,54,,48020,12040,,,2,6,,48023,12040,,,2,15,,48014,12040,,,2,14,,48012,12040,,,2,64,,48025,12040,,,2,24,,48018,12040,,,2,28,,48028,12040,,,2,68,,48031,12040,,,2,30,,48021,12040,,,2,69,,48024,12040,,,2,29,,48032,12040,,,2,70,,48019,12040,,,2,29,,48029,12040,,,2,70,,48026,12040,,,2
16101,'DI',558,,38767,3506,0,35 36,2,1172,,38766,3506,0,35 36,2
16101,'F1',558,,50378,3506,0,35 36,2,1172,,50377,3506,0,35 36,2
16101,'F2',558,,50390,3506,0,35 36,2,1172,,50391,3506,0,35 36,2
16101,'F8',558,,38824,3506,0,35 36,2,1172,,38825,3506,0,35 36,2
16101,'F9',558,,38838,3506,0,35 36,2,1172,,38837,3506,0,35 36,2
16101,'SA',558,,38849,3506,0,35 36,2,1172,,38850,3506,0,35 36,2
16101,'SE',635,,50408,3506,0,35 36,2,73,,50406,3506,0,35 36,2,32,,50409,3506,0,35 36,2,502,,50407,3506,0,35 36,2,372,,50410,3506,0,35 36,2,36,,50405,3506,0,35 36,2,78,,50411,3506,0,35 36,2
