1001,'DI',636,,23694,4434,,,1,67,,23668,4434,,,1,30,,23695,4434,,,1,70,,23693,4434,,,1,30,,23686,4434,,,1,78,,23669,4434,,,1,30,,23687,4434,,,1,70,,23670,4434,,,1,30,,23688,4434,,,1,70,,23671,4434,,,1,30,,23689,4434,,,1,70,,23672,4434,,,1,30,,23690,4434,,,1,70,,23673,4434,,,1,30,,23691,4434,,,1,70,,23674,4434,,,1,30,,23692,4434,,,1,70,,23675,4434,,,1,30,,23696,4434,,,1,70,,23676,4434,,,1,30,,23697,4434,,,1,70,,23677,4434,,,1,30,,23698,4434,,,1,70,,23678,4434,,,1,30,,23699,4434,,,1,81,,23679,4434,,,1,100,,23680,4434,,,1,100,,23681,4434,,,1,100,,23682,4434,,,1,100,,23683,4434,,,1,100,,23684,4434,,,1
1001,'F1',636,,44416,4434,,,1,67,,44390,4434,,,1,30,,44417,4434,,,1,70,,44415,4434,,,1,30,,44408,4434,,,1,78,,44391,4434,,,1,30,,44409,4434,,,1,70,,44392,4434,,,1,30,,44410,4434,,,1,70,,44393,4434,,,1,30,,44411,4434,,,1,70,,44394,4434,,,1,30,,44412,4434,,,1,70,,44395,4434,,,1,30,,44413,4434,,,1,70,,44396,4434,,,1,30,,44414,4434,,,1,70,,44397,4434,,,1,30,,44418,4434,,,1,70,,44398,4434,,,1,30,,44419,4434,,,1,70,,44399,4434,,,1,30,,44420,4434,,,1,70,,44400,4434,,,1,30,,44421,4434,,,1,81,,44401,4434,,,1,100,,44402,4434,,,1,100,,44403,4434,,,1,100,,44404,4434,,,1,100,,44405,4434,,,1,100,,44406,4434,,,1
1001,'F2',535,,44432,4434,,,1,96,,44433,4434,,,1,70,,44428,4434,,,1,30,,44422,4434,,,1,70,,44435,4434,,,1,30,,44434,4434,,,1,78,,44444,4434,,,1,31,,44443,4434,,,1,70,,44445,4434,,,1,30,,44451,4434,,,1,70,,44446,4434,,,1,30,,44452,4434,,,1,70,,44436,4434,,,1,32,,44453,4434,,,1,70,,44437,4434,,,1,30,,44454,4434,,,1,70,,44438,4434,,,1,30,,44423,4434,,,1,70,,44439,4434,,,1,30,,44424,4434,,,1,70,,44440,4434,,,1,30,,44425,4434,,,1,69,,44441,4434,,,1,31,,44426,4434,,,1,70,,44442,4434,,,1,30,,44427,4434,,,1,81,,44447,4434,,,1,100,,44448,4434,,,1,100,,44449,4434,,,1,100,,44450,4434,,,1,100,,44429,4434,,,1,100,,44430,4434,,,1
1001,'F8',535,,23776,4434,,,1,96,,23777,4434,,,1,70,,23772,4434,,,1,30,,23766,4434,,,1,70,,23779,4434,,,1,30,,23778,4434,,,1,78,,23788,4434,,,1,31,,23787,4434,,,1,70,,23789,4434,,,1,30,,23795,4434,,,1,70,,23790,4434,,,1,30,,23796,4434,,,1,70,,23780,4434,,,1,32,,23797,4434,,,1,70,,23781,4434,,,1,30,,23798,4434,,,1,70,,23782,4434,,,1,30,,23767,4434,,,1,70,,23783,4434,,,1,30,,23768,4434,,,1,70,,23784,4434,,,1,30,,23769,4434,,,1,69,,23785,4434,,,1,31,,23770,4434,,,1,70,,23786,4434,,,1,30,,23771,4434,,,1,81,,23791,4434,,,1,100,,23792,4434,,,1,100,,23793,4434,,,1,100,,23794,4434,,,1,100,,23773,4434,,,1,100,,23774,4434,,,1
1001,'F9',636,,23825,4434,,,1,67,,23799,4434,,,1,30,,23826,4434,,,1,70,,23824,4434,,,1,30,,23817,4434,,,1,78,,23800,4434,,,1,30,,23818,4434,,,1,70,,23801,4434,,,1,30,,23819,4434,,,1,70,,23802,4434,,,1,30,,23820,4434,,,1,70,,23803,4434,,,1,30,,23821,4434,,,1,70,,23804,4434,,,1,30,,23822,4434,,,1,70,,23805,4434,,,1,30,,23823,4434,,,1,70,,23806,4434,,,1,30,,23827,4434,,,1,70,,23807,4434,,,1,30,,23828,4434,,,1,70,,23808,4434,,,1,30,,23829,4434,,,1,70,,23809,4434,,,1,30,,23830,4434,,,1,81,,23810,4434,,,1,100,,23811,4434,,,1,100,,23812,4434,,,1,100,,23813,4434,,,1,100,,23814,4434,,,1,100,,23815,4434,,,1
1001,'SA',535,,23841,4434,,,1,96,,23842,4434,,,1,70,,23837,4434,,,1,30,,23831,4434,,,1,70,,23844,4434,,,1,30,,23843,4434,,,1,78,,23853,4434,,,1,31,,23852,4434,,,1,70,,23854,4434,,,1,30,,23860,4434,,,1,70,,23855,4434,,,1,30,,23861,4434,,,1,70,,23845,4434,,,1,32,,23862,4434,,,1,70,,23846,4434,,,1,30,,23863,4434,,,1,70,,23847,4434,,,1,30,,23832,4434,,,1,70,,23848,4434,,,1,30,,23833,4434,,,1,70,,23849,4434,,,1,30,,23834,4434,,,1,69,,23850,4434,,,1,31,,23835,4434,,,1,70,,23851,4434,,,1,30,,23836,4434,,,1,81,,23856,4434,,,1,100,,23857,4434,,,1,100,,23858,4434,,,1,100,,23859,4434,,,1,100,,23838,4434,,,1,100,,23839,4434,,,1
1701,'DI',553,,25564,4569,,,1,100,,25567,4569,,,1,70,,25560,4569,,,1,30,,25550,4569,,,1,70,,25556,4569,,,1,30,,25565,4569,,,1,70,,25578,4569,,,1,30,,25568,4569,,,1,70,,25573,4569,,,1,30,,25551,4569,,,1,70,,25575,4569,,,1,30,,25562,4569,,,1,70,,25571,4569,,,1,30,,25579,4569,,,1,70,,25557,4569,,,1,30,,25574,4569,,,1,70,,25563,4569,,,1,30,,25561,4569,,,1,70,,25577,4569,,,1,29,,25569,4569,,,1,70,,25552,4569,,,1,31,,25559,4569,,,1,70,,25553,4569,,,1,30,,25548,4569,,,1,71,,25554,4569,,,1,30,,25547,4569,,,1,99,,25576,4569,,,1,100,,25570,4569,,,1,100,,25555,4569,,,1,100,,25572,4569,,,1,100,,25558,4569,,,1,100,,25549,4569,,,1
1701,'F1',553,,45121,4569,,,1,100,,45124,4569,,,1,70,,45117,4569,,,1,30,,45107,4569,,,1,70,,45113,4569,,,1,30,,45122,4569,,,1,70,,45135,4569,,,1,30,,45125,4569,,,1,70,,45130,4569,,,1,30,,45108,4569,,,1,70,,45132,4569,,,1,30,,45119,4569,,,1,70,,45128,4569,,,1,30,,45136,4569,,,1,70,,45114,4569,,,1,30,,45131,4569,,,1,70,,45120,4569,,,1,30,,45118,4569,,,1,70,,45134,4569,,,1,29,,45126,4569,,,1,70,,45109,4569,,,1,31,,45116,4569,,,1,70,,45110,4569,,,1,30,,45105,4569,,,1,71,,45111,4569,,,1,30,,45104,4569,,,1,99,,45133,4569,,,1,100,,45127,4569,,,1,100,,45112,4569,,,1,100,,45129,4569,,,1,100,,45115,4569,,,1,100,,45106,4569,,,1
1701,'F2',554,,45164,4569,,,1,100,,45158,4569,,,1,70,,45153,4569,,,1,30,,45168,4569,,,1,70,,45140,4569,,,1,30,,45152,4569,,,1,70,,45165,4569,,,1,30,,45150,4569,,,1,70,,45139,4569,,,1,30,,45159,4569,,,1,70,,45141,4569,,,1,30,,45145,4569,,,1,70,,45137,4569,,,1,30,,45147,4569,,,1,70,,45154,4569,,,1,30,,45160,4569,,,1,70,,45166,4569,,,1,30,,45146,4569,,,1,70,,45167,4569,,,1,30,,45155,4569,,,1,70,,45162,4569,,,1,29,,45161,4569,,,1,70,,45142,4569,,,1,31,,45144,4569,,,1,70,,45143,4569,,,1,31,,45148,4569,,,1,99,,45163,4569,,,1,100,,45156,4569,,,1,100,,45151,4569,,,1,100,,45149,4569,,,1,100,,45138,4569,,,1,100,,45169,4569,,,1
1701,'F8',554,,25673,4569,,,1,100,,25667,4569,,,1,70,,25662,4569,,,1,30,,25677,4569,,,1,70,,25649,4569,,,1,30,,25661,4569,,,1,70,,25674,4569,,,1,30,,25659,4569,,,1,70,,25648,4569,,,1,30,,25668,4569,,,1,70,,25650,4569,,,1,30,,25654,4569,,,1,70,,25646,4569,,,1,30,,25656,4569,,,1,70,,25663,4569,,,1,30,,25669,4569,,,1,70,,25675,4569,,,1,30,,25655,4569,,,1,70,,25676,4569,,,1,30,,25664,4569,,,1,70,,25671,4569,,,1,29,,25670,4569,,,1,70,,25651,4569,,,1,31,,25653,4569,,,1,70,,25652,4569,,,1,31,,25657,4569,,,1,99,,25672,4569,,,1,100,,25665,4569,,,1,100,,25660,4569,,,1,100,,25658,4569,,,1,100,,25647,4569,,,1,100,,25678,4569,,,1
1701,'F9',553,,25696,4569,,,1,100,,25699,4569,,,1,70,,25692,4569,,,1,30,,25682,4569,,,1,70,,25688,4569,,,1,30,,25697,4569,,,1,70,,25710,4569,,,1,30,,25700,4569,,,1,70,,25705,4569,,,1,30,,25683,4569,,,1,70,,25707,4569,,,1,30,,25694,4569,,,1,70,,25703,4569,,,1,30,,25711,4569,,,1,70,,25689,4569,,,1,30,,25706,4569,,,1,70,,25695,4569,,,1,30,,25693,4569,,,1,70,,25709,4569,,,1,29,,25701,4569,,,1,70,,25684,4569,,,1,31,,25691,4569,,,1,70,,25685,4569,,,1,30,,25680,4569,,,1,71,,25686,4569,,,1,30,,25679,4569,,,1,99,,25708,4569,,,1,100,,25702,4569,,,1,100,,25687,4569,,,1,100,,25704,4569,,,1,100,,25690,4569,,,1,100,,25681,4569,,,1
1701,'SA',554,,25737,4569,,,1,100,,25731,4569,,,1,70,,25727,4569,,,1,30,,25741,4569,,,1,70,,25715,4569,,,1,30,,5087,4569,,,1,70,,25738,4569,,,1,30,,25725,4569,,,1,70,,25714,4569,,,1,30,,25732,4569,,,1,70,,25716,4569,,,1,30,,25720,4569,,,1,70,,25712,4569,,,1,30,,25722,4569,,,1,70,,25728,4569,,,1,30,,25733,4569,,,1,70,,25739,4569,,,1,30,,25721,4569,,,1,70,,25740,4569,,,1,30,,25729,4569,,,1,70,,25735,4569,,,1,29,,25734,4569,,,1,70,,25717,4569,,,1,31,,25719,4569,,,1,70,,25718,4569,,,1,31,,25723,4569,,,1,99,,25736,4569,,,1,100,,5098,4569,,,1,100,,25726,4569,,,1,100,,25724,4569,,,1,100,,25713,4569,,,1,100,,25742,4569,,,1
7601,'SE',506,,48822,1687,,,1,30,,48825,1687,,,1,70,,48826,1687,,,1,24,,48830,1687,,,1,21,,48831,1687,,,1,60,,48827,1687,,,1,19,,48844,1687,,,1,13,,48811,1687,,,1,11,,48814,1687,,,1,61,,48817,1687,,,1,23,,48845,1687,,,1,66,,48815,1687,,,1,30,,48818,1687,,,1,70,,48809,1687,,,1,30,,48828,1687,,,1,70,,48820,1687,,,1,30,,48816,1687,,,1,70,,48812,1687,,,1,30,,48810,1687,,,1,70,,48847,1687,,,1,30,,48807,1687,,,1,70,,48829,1687,,,1,32,,48813,1687,,,1,74,,48819,1687,,,1,26,,48832,1687,,,1,72,,48834,1687,,,1,33,,48824,1687,,,1,64,,48842,1687,,,1,17,,48846,1687,,,1,20,,48848,1687,,,1,61,,48821,1687,,,1,17,,48843,1687,,,1,20,,48851,1687,,,1,66,,48833,1687,,,1,30,,48823,1687,,,1,70,,48808,1687,,,1,30,,48835,1687,,,1,70,,48849,1687,,,1,30,,48836,1687,,,1,70,,48850,1687,,,1,29,,48837,1687,,,1,70,,48840,1687,,,1,30,,48838,1687,,,1,70,,48841,1687,,,1,30,,48839,1687,,,1
41001,'SE',504,,50596,4434,,,2,30,,50605,4434,,,2,20,,50598,4434,,,2,61,,50608,4434,,,2,20,,50586,4434,,,2,13,,50611,4434,,,2,10,,50617,4434,,,2,48,,50599,4434,,,2,16,,50625,4434,,,2,12,,50607,4434,,,2,12,,50606,4434,,,2,10,,50618,4434,,,2,54,,50613,4434,,,2,10,,50619,4434,,,2,14,,50614,4434,,,2,16,,50629,4434,,,2,58,,50612,4434,,,2,30,,50615,4434,,,2,70,,50620,4434,,,2,30,,50616,4434,,,2,70,,50621,4434,,,2,30,,50582,4434,,,2,70,,50580,4434,,,2,30,,50587,4434,,,2,69,,50622,4434,,,2,30,,50583,4434,,,2,70,,50581,4434,,,2,31,,50588,4434,,,2,74,,50594,4434,,,2,23,,50589,4434,,,2,72,,50595,4434,,,2,20,,50584,4434,,,2,12,,50597,4434,,,2,15,,50630,4434,,,2,59,,50623,4434,,,2,12,,50628,4434,,,2,22,,50600,4434,,,2,70,,50624,4434,,,2,25,,50609,4434,,,2,69,,50626,4434,,,2,27,,50610,4434,,,2,70,,50627,4434,,,2,30,,50585,4434,,,2,70,,50601,4434,,,2,30,,50590,4434,,,2,70,,50604,4434,,,2,30,,50591,4434,,,2,70,,50602,4434,,,2,30,,50592,4434,,,2,100,,50593,4434,,,2
41701,'SE',524,,50700,4569,,,2,20,,50709,4569,,,2,60,,50686,4569,,,2,21,,50712,4569,,,2,18,,50710,4569,,,2,66,,50688,4569,,,2,12,,50695,4569,,,2,12,,50701,4569,,,2,8,,50711,4569,,,2,10,,50722,4569,,,2,52,,50698,4569,,,2,11,,50689,4569,,,2,15,,50723,4569,,,2,23,,50684,4569,,,2,71,,50713,4569,,,2,29,,50681,4569,,,2,70,,50714,4569,,,2,30,,50702,4569,,,2,70,,50715,4569,,,2,30,,50703,4569,,,2,70,,50716,4569,,,2,30,,50704,4569,,,2,70,,50717,4569,,,2,30,,50705,4569,,,2,70,,50718,4569,,,2,30,,50680,4569,,,2,70,,50690,4569,,,2,29,,50724,4569,,,2,65,,50696,4569,,,2,28,,50682,4569,,,2,58,,50726,4569,,,2,14,,50697,4569,,,2,12,,50683,4569,,,2,10,,50706,4569,,,2,15,,50725,4569,,,2,53,,50685,4569,,,2,15,,50699,4569,,,2,35,,50727,4569,,,2,69,,50707,4569,,,2,28,,50728,4569,,,2,70,,50708,4569,,,2,30,,50729,4569,,,2,70,,50687,4569,,,2,30,,50730,4569,,,2,69,,50719,4569,,,2,30,,50691,4569,,,2,69,,50720,4569,,,2,30,,50692,4569,,,2,69,,50721,4569,,,2,30,,50731,4569,,,2
