6100,'DI',718,,32294,12464,,,2,89,,32298,12464,,,2,30,,32295,12464,,,2,70,,32301,12464,,,2,30,,32299,12464,,,2,70,,32296,12464,,,2,30,,32302,12464,,,2,70,,32304,12464,,,2,30,,32309,12464,,,2,70,,32314,12464,,,2,30,,32305,12464,,,2,70,,32310,12464,,,2,30,,32315,12464,,,2,70,,32306,12464,,,2,30,,32311,12464,,,2,70,,32317,12464,,,2,30,,32307,12464,,,2,74,,32312,12464,,,2,21,,32318,12464,,,2,75,,32321,12464,,,2,20,,32325,12464,,,2,80,,32319,12464,,,2,25,,32322,12464,,,2,70,,32326,12464,,,2,45,,32323,12464,,,2,100,,32327,12464,,,2,100,,32329,12464,,,2,100,,32331,12464,,,2,100,,32333,12464,,,2,100,,32334,12464,,,2
6100,'F8',718,,32473,12464,,,2,89,,32477,12464,,,2,30,,32474,12464,,,2,70,,32480,12464,,,2,30,,32478,12464,,,2,70,,32475,12464,,,2,30,,32481,12464,,,2,70,,32483,12464,,,2,30,,32488,12464,,,2,70,,32491,12464,,,2,30,,32484,12464,,,2,70,,32489,12464,,,2,30,,32492,12464,,,2,70,,32485,12464,,,2,30,,32494,12464,,,2,70,,32499,12464,,,2,30,,32486,12464,,,2,74,,32495,12464,,,2,21,,32500,12464,,,2,75,,32503,12464,,,2,20,,32496,12464,,,2,80,,32501,12464,,,2,25,,32504,12464,,,2,70,,32497,12464,,,2,45,,32506,12464,,,2,100,,32509,12464,,,2,100,,32507,12464,,,2,100,,32511,12464,,,2,100,,32510,12464,,,2,100,,32512,12464,,,2
6100,'F9',718,,32513,12464,,,2,89,,32517,12464,,,2,30,,32514,12464,,,2,70,,32520,12464,,,2,30,,32518,12464,,,2,70,,32515,12464,,,2,30,,32521,12464,,,2,70,,32523,12464,,,2,30,,32528,12464,,,2,70,,32533,12464,,,2,30,,32524,12464,,,2,70,,32529,12464,,,2,30,,32534,12464,,,2,70,,32525,12464,,,2,30,,32530,12464,,,2,70,,32536,12464,,,2,30,,32526,12464,,,2,74,,32531,12464,,,2,21,,32537,12464,,,2,75,,32540,12464,,,2,20,,32544,12464,,,2,80,,32538,12464,,,2,25,,32541,12464,,,2,70,,32545,12464,,,2,45,,32542,12464,,,2,100,,32546,12464,,,2,100,,32548,12464,,,2,100,,32550,12464,,,2,100,,32552,12464,,,2,100,,32553,12464,,,2
6100,'SA',718,,32554,12464,,,2,89,,32558,12464,,,2,30,,32555,12464,,,2,70,,32561,12464,,,2,30,,32559,12464,,,2,70,,32556,12464,,,2,30,,32562,12464,,,2,70,,32564,12464,,,2,30,,32569,12464,,,2,70,,32572,12464,,,2,30,,32565,12464,,,2,70,,32570,12464,,,2,30,,32573,12464,,,2,70,,32566,12464,,,2,30,,32575,12464,,,2,70,,32580,12464,,,2,30,,32567,12464,,,2,74,,32576,12464,,,2,21,,32581,12464,,,2,75,,32584,12464,,,2,20,,32577,12464,,,2,80,,32582,12464,,,2,25,,32585,12464,,,2,70,,32578,12464,,,2,45,,32587,12464,,,2,100,,32590,12464,,,2,100,,32588,12464,,,2,100,,32592,12464,,,2,100,,32591,12464,,,2,100,,32593,12464,,,2
6100,'SE',627,,32596,12464,,,2,28,,32594,12464,,,2,66,,32603,12464,,,2,9,,32608,12464,,,2,19,,32600,12464,,,2,66,,32597,12464,,,2,23,,32605,12464,,,2,15,,32610,12464,,,2,76,,32601,12464,,,2,30,,32598,12464,,,2,70,,32606,12464,,,2,71,,32650,12464,,,2,30,,32604,12464,,,2,70,,32611,12464,,,2,30,,32615,12464,,,2,70,,32612,12464,,,2,30,,32613,12464,,,2,73,,32617,12464,,,2,21,,32620,12464,,,2,27,,32625,12464,,,2,63,,32614,12464,,,2,20,,32616,12464,,,2,23,,32628,12464,,,2,44,,32631,12464,,,2,25,,32621,12464,,,2,7,,32623,12464,,,2,14,,32632,12464,,,2,53,,32633,12464,,,2,14,,32618,12464,,,2,15,,32637,12464,,,2,6,,32640,12464,,,2,18,,32629,12464,,,2,54,,32626,12464,,,2,24,,32642,12464,,,2,24,,32634,12464,,,2,68,,32645,12464,,,2,30,,32648,12464,,,2,70,,32638,12464,,,2,29,,32641,12464,,,2,70,,32649,12464,,,2,30,,32635,12464,,,2,68,,32646,12464,,,2,30,,32643,12464,,,2,69,,32639,12464,,,2,30,,32647,12464,,,2,70,,32644,12464,,,2
8500,'SE',1634,,36619,15753,,,2,24,,36616,15753,,,2,64,,36618,15753,,,2,28,,36617,15753,,,2
16100,'DI',628,,38650,15610,,,2,1172,,38649,15610,,,2
16100,'F8',628,,38707,15610,,,2,1102,,38708,15610,,,2
16100,'F9',628,,38721,15610,,,2,1172,,38720,15610,,,2
16100,'SA',628,,38733,15610,,,2,1102,,38734,15610,,,2
16100,'SE',707,,38748,15499,,,2,25,,38749,15499,,,2,25,,38747,15499,,,2,462,,38751,15610,,,2,389,,38753,15610,,,2,41,,38754,15610,,,2,80,,38750,15610,,,2,100,,38752,15610,,,2
