8801,'DI',610,,36910,141,,,1,30,,36915,141,,,1,70,,36921,141,,,1,30,,36931,141,,,1,69,,36911,141,,,1,30,,36916,141,,,1,70,,36922,141,,,1,28,,36932,141,,,1,69,,36912,141,,,1,30,,36917,141,,,1,69,,36923,141,,,1,30,,36933,141,,,1,70,,36913,141,,,1,30,,36918,141,,,1,70,,36924,141,,,1,31,,36934,141,,,1,70,,36914,141,,,1,31,,36919,141,,,1,71,,36925,141,,,1,29,,15257,141,,,1,70,,36926,141,,,1,30,,36920,141,,,1,70,,36935,141,,,1,34,,15258,141,,,1,62,,36927,141,,,1,106,,36936,141,,,1,101,,36928,141,,,1,100,,36937,141,,,1,100,,36929,141,,,1,100,,36938,141,,,1,99,,36930,141,,,1
8801,'F8',608,,37048,141,,,1,30,,37047,141,,,1,70,,37069,141,,,1,28,,37060,141,,,1,70,,37049,141,,,1,30,,37073,141,,,1,70,,37070,141,,,1,27,,37061,141,,,1,70,,37053,141,,,1,29,,37074,141,,,1,70,,37071,141,,,1,31,,37062,141,,,1,70,,37054,141,,,1,31,,37066,141,,,1,68,,37050,141,,,1,31,,37063,141,,,1,70,,37055,141,,,1,30,,37067,141,,,1,70,,37051,141,,,1,30,,37045,141,,,1,71,,37056,141,,,1,31,,37068,141,,,1,68,,37052,141,,,1,32,,37046,141,,,1,22,,37075,141,,,1,149,,37064,141,,,1,100,,37057,141,,,1,100,,37065,141,,,1,100,,37058,141,,,1,98,,37072,141,,,1,100,,37059,141,,,1
8801,'F9',610,,37078,141,,,1,30,,37083,141,,,1,70,,37089,141,,,1,30,,37099,141,,,1,69,,37079,141,,,1,30,,37084,141,,,1,70,,37090,141,,,1,28,,37100,141,,,1,69,,37080,141,,,1,30,,37085,141,,,1,69,,37091,141,,,1,30,,37101,141,,,1,70,,37081,141,,,1,30,,37086,141,,,1,70,,37092,141,,,1,31,,37102,141,,,1,70,,37082,141,,,1,31,,37087,141,,,1,71,,37093,141,,,1,29,,37076,141,,,1,70,,37094,141,,,1,30,,37088,141,,,1,70,,37103,141,,,1,34,,37077,141,,,1,62,,37095,141,,,1,106,,37104,141,,,1,101,,37096,141,,,1,100,,37105,141,,,1,100,,37097,141,,,1,100,,37106,141,,,1,99,,37098,141,,,1
8801,'SA',608,,37110,141,,,1,30,,37109,141,,,1,70,,37131,141,,,1,28,,37122,141,,,1,70,,37111,141,,,1,30,,37134,141,,,1,70,,37132,141,,,1,27,,37123,141,,,1,70,,37115,141,,,1,29,,37135,141,,,1,70,,37133,141,,,1,31,,37124,141,,,1,70,,37116,141,,,1,31,,37128,141,,,1,68,,37112,141,,,1,31,,37125,141,,,1,70,,37117,141,,,1,30,,37129,141,,,1,70,,37113,141,,,1,30,,37107,141,,,1,71,,37118,141,,,1,31,,37130,141,,,1,68,,37114,141,,,1,32,,37108,141,,,1,22,,37136,141,,,1,149,,37126,141,,,1,100,,37119,141,,,1,100,,37127,141,,,1,100,,37120,141,,,1,98,,15458,141,,,1,100,,37121,141,,,1
8801,'SE',604,,37137,141,,,1,20,,37149,141,,,1,15,,37139,141,,,1,12,,15479,141,,,1,7,,37141,141,,,1,55,,37151,141,,,1,9,,37146,141,,,1,12,,37153,141,,,1,13,,37143,141,,,1,10,,37148,141,,,1,61,,37178,141,,,1,18,,37179,141,,,1,70,,37180,141,,,1,30,,37152,141,,,1,70,,37167,141,,,1,30,,37150,141,,,1,70,,37147,141,,,1,30,,37165,141,,,1,70,,37168,141,,,1,30,,37142,141,,,1,70,,37140,141,,,1,30,,37169,141,,,1,72,,37144,141,,,1,29,,37166,141,,,1,9,,15486,141,,,1,2,,15491,141,,,1,2,,37159,141,,,1,7,,37138,141,,,1,57,,37160,141,,,1,18,,37172,141,,,1,12,,37170,141,,,1,15,,37173,141,,,1,55,,37175,141,,,1,16,,37145,141,,,1,15,,37154,141,,,1,14,,37181,141,,,1,56,,37158,141,,,1,17,,37161,141,,,1,17,,37162,141,,,1,61,,37155,141,,,1,27,,37176,141,,,1,72,,37174,141,,,1,30,,15492,141,,,1,70,,37156,141,,,1,30,,37177,141,,,1,70,,37171,141,,,1,102,,37157,141,,,1,98,,37164,141,,,1,100,,37163,141,,,1
13201,'DI',702,,38200,141,,,2,100,,38198,141,,,2,100,,38199,141,,,2,100,,38204,141,,,2,100,,38201,141,,,2,100,,38202,141,,,2,100,,38205,141,,,2,100,,38208,141,,,2,100,,38206,141,,,2,105,,38210,141,,,2,95,,38209,141,,,2,100,,38207,141,,,2,101,,38211,141,,,2,98,,38212,141,,,2,100,,38203,141,,,2,100,,38197,141,,,2,100,,38213,141,,,2,100,,38214,141,,,2
13201,'F8',702,,38280,141,,,2,100,,38296,141,,,2,100,,38284,141,,,2,100,,38279,141,,,2,103,,38281,141,,,2,97,,38285,141,,,2,104,,38282,141,,,2,96,,38295,141,,,2,104,,38286,141,,,2,96,,38288,141,,,2,100,,38283,141,,,2,100,,38287,141,,,2,101,,38289,141,,,2,98,,38291,141,,,2,100,,38290,141,,,2,100,,38293,141,,,2,100,,38292,141,,,2,100,,38294,141,,,2
13201,'F9',702,,38300,141,,,2,100,,38298,141,,,2,100,,38299,141,,,2,100,,38304,141,,,2,100,,38301,141,,,2,100,,38302,141,,,2,100,,38305,141,,,2,100,,38308,141,,,2,100,,38306,141,,,2,105,,38310,141,,,2,95,,38309,141,,,2,100,,38307,141,,,2,101,,38311,141,,,2,98,,38312,141,,,2,100,,38303,141,,,2,100,,38297,141,,,2,100,,38313,141,,,2,100,,38314,141,,,2
13201,'SA',702,,38316,141,,,2,100,,38332,141,,,2,100,,38320,141,,,2,100,,38315,141,,,2,103,,38317,141,,,2,97,,38321,141,,,2,104,,38318,141,,,2,96,,38331,141,,,2,104,,38322,141,,,2,96,,38324,141,,,2,100,,38319,141,,,2,100,,38323,141,,,2,101,,38325,141,,,2,98,,38327,141,,,2,100,,38326,141,,,2,100,,38329,141,,,2,100,,38328,141,,,2,100,,38330,141,,,2
13201,'SE',537,,38339,141,,,2,70,,38336,141,,,2,30,,38345,141,,,2,20,,38338,141,,,2,60,,38343,141,,,2,10,,38349,141,,,2,10,,38347,141,,,2,22,,38346,141,,,2,60,,38340,141,,,2,18,,38344,141,,,2,20,,38348,141,,,2,60,,38358,141,,,2,19,,16560,141,,,2,97,,38359,141,,,2,99,,16564,141,,,2,96,,38357,141,,,2,100,,38350,141,,,2,108,,38351,141,,,2,97,,38341,141,,,2,25,,38352,141,,,2,59,,38355,141,,,2,20,,38337,141,,,2,63,,38342,141,,,2,19,,38335,141,,,2,20,,38353,141,,,2,19,,38334,141,,,2,80,,38356,141,,,2
50501,'SE',901,,40633,810,,,2
