800,'DI',628,,53345,18760,,,1,74,,53319,18760,,,1,30,,53327,18760,,,1,70,,53333,18760,,,1,30,,53346,18760,,,1,70,,53320,18760,,,1,36,,53328,18760,,,1,70,,53334,18760,,,1,30,,53347,18760,,,1,70,,53321,18760,,,1,30,,53329,18760,,,1,70,,53335,18760,,,1,32,,53348,18760,,,1,70,,53322,18760,,,1,30,,53330,18760,,,1,70,,53342,18760,,,1,30,,53349,18760,,,1,70,,53343,18760,,,1,30,,53331,18760,,,1,69,,53336,18760,,,1,30,,53350,18760,,,1,70,,53344,18760,,,1,25,,53332,18760,,,1,70,,53337,18760,,,1,32,,53351,18760,,,1,83,,53323,18760,,,1,98,,53338,18760,,,1,100,,53324,18760,,,1,99,,53339,18760,,,1,100,,53325,18760,,,1,100,,53340,18760,,,1
800,'F1',628,,53378,18760,,,1,74,,53352,18760,,,1,30,,53360,18760,,,1,70,,53366,18760,,,1,30,,53379,18760,,,1,70,,53353,18760,,,1,36,,53361,18760,,,1,70,,53367,18760,,,1,30,,53380,18760,,,1,70,,53354,18760,,,1,30,,53362,18760,,,1,70,,53368,18760,,,1,32,,53381,18760,,,1,70,,53355,18760,,,1,30,,53363,18760,,,1,70,,53375,18760,,,1,30,,53382,18760,,,1,70,,53376,18760,,,1,30,,53364,18760,,,1,69,,53369,18760,,,1,30,,53383,18760,,,1,70,,53377,18760,,,1,25,,53365,18760,,,1,70,,53370,18760,,,1,32,,53384,18760,,,1,83,,53356,18760,,,1,98,,53371,18760,,,1,100,,53357,18760,,,1,99,,53372,18760,,,1,100,,53358,18760,,,1,100,,53373,18760,,,1
800,'F2',631,,53405,18760,,,1,70,,53389,18760,,,1,32,,53393,18760,,,1,70,,53400,18760,,,1,33,,53406,18760,,,1,70,,53390,18760,,,1,30,,53394,18760,,,1,74,,53401,18760,,,1,30,,53407,18760,,,1,72,,53391,18760,,,1,30,,53395,18760,,,1,70,,53402,18760,,,1,28,,53408,18760,,,1,72,,53392,18760,,,1,30,,53396,18760,,,1,70,,53403,18760,,,1,30,,53409,18760,,,1,70,,44107,18760,,,1,28,,53397,18760,,,1,70,,53415,18760,,,1,30,,53410,18760,,,1,70,,44108,18760,,,1,30,,53398,18760,,,1,70,,53416,18760,,,1,28,,53411,18760,,,1,68,,53385,18760,,,1,30,,53399,18760,,,1,86,,53412,18760,,,1,96,,53386,18760,,,1,100,,53413,18760,,,1,100,,53387,18760,,,1,100,,53414,18760,,,1
800,'SA',631,,53437,18760,,,1,70,,53421,18760,,,1,32,,53425,18760,,,1,70,,53432,18760,,,1,33,,53438,18760,,,1,70,,53422,18760,,,1,30,,53426,18760,,,1,74,,53433,18760,,,1,30,,53439,18760,,,1,72,,53423,18760,,,1,30,,53427,18760,,,1,70,,53434,18760,,,1,28,,53440,18760,,,1,72,,53424,18760,,,1,30,,53428,18760,,,1,70,,53435,18760,,,1,30,,53441,18760,,,1,70,,2660,18760,,,1,28,,53429,18760,,,1,70,,53447,18760,,,1,30,,53442,18760,,,1,70,,2661,18760,,,1,30,,53430,18760,,,1,70,,53448,18760,,,1,28,,53443,18760,,,1,68,,53417,18760,,,1,30,,53431,18760,,,1,86,,53444,18760,,,1,96,,53418,18760,,,1,100,,53445,18760,,,1,100,,53419,18760,,,1,100,,53446,18760,,,1
800,'SE',534,,44153,18760,,,1,68,,53469,18760,,,1,22,,53461,18760,,,1,85,,53449,18760,,,1,25,,53455,18760,,,1,2,,53456,18760,,,1,6,,44154,18760,,,1,61,,53470,18760,,,1,19,,53451,18760,,,1,13,,53485,18760,,,1,15,,53452,18760,,,1,55,,53481,18760,,,1,15,,53475,18760,,,1,17,,53488,18760,,,1,15,,44124,18760,,,1,53,,53471,18760,,,1,15,,53462,18760,,,1,15,,53486,18760,,,1,15,,53453,18760,,,1,55,,53482,18760,,,1,15,,53476,18760,,,1,15,,53489,18760,,,1,15,,53450,18760,,,1,57,,53457,18760,,,1,15,,53472,18760,,,1,15,,53466,18760,,,1,15,,53487,18760,,,1,55,,53505,18760,,,1,15,,53483,18760,,,1,15,,53479,18760,,,1,15,,53490,18760,,,1,55,,53492,18760,,,1,15,,53507,18760,,,1,16,,53495,18760,,,1,15,,53467,18760,,,1,58,,53454,18760,,,1,15,,53506,18760,,,1,17,,53477,18760,,,1,14,,53460,18760,,,1,44,,53491,18760,,,1,13,,53498,18760,,,1,15,,53493,18760,,,1,15,,53458,18760,,,1,15,,53478,18760,,,1,55,,53496,18760,,,1,12,,53468,18760,,,1,12,,53511,18760,,,1,13,,53484,18760,,,1,51,,53459,18760,,,1,9,,53503,18760,,,1,12,,53508,18760,,,1,8,,53499,18760,,,1,12,,53494,18760,,,1,12,,53504,18760,,,1,47,,53480,18760,,,1,10,,53473,18760,,,1,10,,53497,18760,,,1,20,,53500,18760,,,1,67,,53509,18760,,,1,28,,53512,18760,,,1,68,,53474,18760,,,1,28,,53501,18760,,,1,70,,53510,18760,,,1,30,,53513,18760,,,1,85,,53463,18760,,,1,100,,53502,18760,,,1
6000,'SE',647,,58258,11571,,,1,85,,58256,11571,,,1,77,,58259,11571,,,1,48,,58257,11571,,,1,100,,58251,11571,,,1,100,,58269,11571,,,1,100,,58254,11571,,,1,101,,58252,11571,,,1,100,,58255,11571,,,1,100,,58271,11571,,,1,99,,58260,11571,,,1,70,,58267,11571,,,1,27,,58253,11571,,,1,64,,58264,11571,,,1,27,,58262,11571,,,1,65,,58261,11571,,,1,25,,58265,11571,,,1,70,,58263,11571,,,1,27,,58250,11571,,,1,99,,58272,11571,,,1,99,,58273,11571,,,1,100,,58266,11571,,,1,90,,58268,11571,,,1,100,,58270,11571,,,1
9900,'DI',827,,61288,13504,0,19 20,2,100,,61289,13504,0,19 20,2,100,,61277,13504,0,19 20,2,101,,61286,13504,0,19 20,2,100,,61280,13504,0,19 20,2,100,,61281,13504,0,19 20,2,100,,61278,13504,0,19 20,2,100,,61291,13504,0,19 20,2,100,,61293,13504,0,19 20,2,99,,61290,13504,0,19 20,2,104,,61282,13504,0,19 20,2,96,,61279,13504,0,19 20,2,100,,61284,13504,0,19 20,2,100,,61283,13504,0,19 20,2,100,,61292,13504,0,19 20,2,100,,61285,13504,0,19 20,2,100,,61287,13504,0,19 20,2
9900,'F1',827,,61305,13504,0,19 20,2,100,,61306,13504,0,19 20,2,100,,61294,13504,0,19 20,2,101,,61303,13504,0,19 20,2,100,,61297,13504,0,19 20,2,100,,61298,13504,0,19 20,2,100,,61295,13504,0,19 20,2,100,,61308,13504,0,19 20,2,100,,61310,13504,0,19 20,2,99,,61307,13504,0,19 20,2,104,,61299,13504,0,19 20,2,96,,61296,13504,0,19 20,2,100,,61301,13504,0,19 20,2,100,,61300,13504,0,19 20,2,100,,61309,13504,0,19 20,2,100,,61302,13504,0,19 20,2,100,,61304,13504,0,19 20,2
9900,'F2',722,,61328,13504,0,19 20,2,105,,61318,13504,0,19 20,2,98,,61314,13504,0,19 20,2,102,,61319,13504,0,19 20,2,101,,61312,13504,0,19 20,2,100,,61326,13504,0,19 20,2,100,,61320,13504,0,19 20,2,100,,61321,13504,0,19 20,2,98,,61325,13504,0,19 20,2,102,,61317,13504,0,19 20,2,99,,61313,13504,0,19 20,2,100,,61315,13504,0,19 20,2,100,,61322,13504,0,19 20,2,100,,61316,13504,0,19 20,2,100,,61311,13504,0,19 20,2,100,,61323,13504,0,19 20,2,100,,61324,13504,0,19 20,2,100,,61329,13504,0,19 20,2,100,,61327,13504,0,19 20,2
9900,'SA',722,,61347,13504,0,19 20,2,105,,61337,13504,0,19 20,2,98,,61333,13504,0,19 20,2,102,,61338,13504,0,19 20,2,101,,61331,13504,0,19 20,2,100,,61345,13504,0,19 20,2,100,,61339,13504,0,19 20,2,100,,61340,13504,0,19 20,2,98,,61344,13504,0,19 20,2,102,,61336,13504,0,19 20,2,99,,61332,13504,0,19 20,2,100,,61334,13504,0,19 20,2,100,,61341,13504,0,19 20,2,100,,61335,13504,0,19 20,2,100,,61330,13504,0,19 20,2,100,,61342,13504,0,19 20,2,100,,61343,13504,0,19 20,2,100,,61348,13504,0,19 20,2,100,,61346,13504,0,19 20,2
9900,'SE',721,,61351,13504,0,19 20,2,36,,61362,13504,0,19 20,2,70,,61364,13504,0,19 20,2,100,,61352,13504,0,19 20,2,100,,61363,13504,0,19 20,2,100,,61349,13504,0,19 20,2,100,,61358,13504,0,19 20,2,100,,61354,13504,0,19 20,2,98,,61350,13504,0,19 20,2,97,,61366,13504,0,19 20,2,306,,61359,13504,0,19 20,2,98,,61353,13504,0,19 20,2,100,,61356,13504,0,19 20,2,100,,61365,13504,0,19 20,2,100,,61355,13504,0,19 20,2,100,,61357,13504,0,19 20,2,100,,61361,13504,0,19 20,2,100,,61360,13504,0,19 20,2
