2100,'DI',522,,26717,11896,,,1,30,,26710,11896,,,1,70,,26733,11896,,,1,29,,26735,11896,,,1,70,,26737,11896,,,1,30,,26728,11896,,,1,71,,26729,11896,,,1,30,,26734,11896,,,1,70,,26718,11896,,,1,27,,26731,11896,,,1,73,,26744,11896,,,1,30,,26742,11896,,,1,72,,26732,11896,,,1,28,,26719,11896,,,1,71,,26738,11896,,,1,30,,26730,11896,,,1,70,,26736,11896,,,1,30,,26745,11896,,,1,70,,26743,11896,,,1,30,,26720,11896,,,1,70,,26722,11896,,,1,30,,26711,11896,,,1,70,,26725,11896,,,1,30,,26721,11896,,,1,70,,26705,11896,,,1,30,,26712,11896,,,1,70,,26726,11896,,,1,29,,26709,11896,,,1,70,,26706,11896,,,1,30,,26708,11896,,,1,70,,26740,11896,,,1,30,,26723,11896,,,1,70,,26713,11896,,,1,30,,26727,11896,,,1,70,,26714,11896,,,1,30,,26716,11896,,,1,70,,26739,11896,,,1,30,,26741,11896,,,1,70,,26707,11896,,,1,30,,26724,11896,,,1,70,,26715,11896,,,1
2100,'F8',522,,26891,11896,,,1,30,,26882,11896,,,1,70,,26895,11896,,,1,30,,26904,11896,,,1,70,,26905,11896,,,1,30,,26893,11896,,,1,70,,26908,11896,,,1,30,,26896,11896,,,1,70,,26883,11896,,,1,25,,26878,11896,,,1,71,,26892,11896,,,1,34,,26897,11896,,,1,73,,26879,11896,,,1,24,,26884,11896,,,1,74,,26888,11896,,,1,30,,26901,11896,,,1,70,,26906,11896,,,1,30,,26898,11896,,,1,70,,26909,11896,,,1,30,,26902,11896,,,1,70,,26907,11896,,,1,30,,26899,11896,,,1,70,,26911,11896,,,1,30,,26885,11896,,,1,70,,26910,11896,,,1,30,,26900,11896,,,1,70,,26912,11896,,,1,29,,26874,11896,,,1,70,,26889,11896,,,1,30,,26903,11896,,,1,70,,26886,11896,,,1,30,,26894,11896,,,1,70,,26880,11896,,,1,30,,26890,11896,,,1,70,,26876,11896,,,1,30,,26887,11896,,,1,70,,26914,11896,,,1,30,,26881,11896,,,1,70,,26913,11896,,,1,30,,26877,11896,,,1,69,,26875,11896,,,1
2100,'F9',522,,26927,11896,,,1,30,,26920,11896,,,1,70,,26943,11896,,,1,29,,26945,11896,,,1,70,,26947,11896,,,1,30,,26938,11896,,,1,71,,26939,11896,,,1,30,,26944,11896,,,1,70,,26928,11896,,,1,27,,26941,11896,,,1,73,,26954,11896,,,1,30,,26952,11896,,,1,72,,26942,11896,,,1,28,,26929,11896,,,1,71,,26948,11896,,,1,30,,26940,11896,,,1,70,,26946,11896,,,1,30,,26955,11896,,,1,70,,26953,11896,,,1,30,,26930,11896,,,1,70,,26932,11896,,,1,30,,26921,11896,,,1,70,,26935,11896,,,1,30,,26931,11896,,,1,70,,26915,11896,,,1,30,,26922,11896,,,1,70,,26936,11896,,,1,29,,26919,11896,,,1,70,,26916,11896,,,1,30,,26918,11896,,,1,70,,26950,11896,,,1,30,,26933,11896,,,1,70,,26923,11896,,,1,30,,26937,11896,,,1,70,,26924,11896,,,1,30,,26926,11896,,,1,70,,26949,11896,,,1,30,,26951,11896,,,1,70,,26917,11896,,,1,30,,26934,11896,,,1,70,,26925,11896,,,1
2100,'SA',522,,26973,11896,,,1,30,,26964,11896,,,1,70,,26977,11896,,,1,30,,26986,11896,,,1,70,,26987,11896,,,1,30,,26975,11896,,,1,70,,26988,11896,,,1,30,,26978,11896,,,1,70,,26965,11896,,,1,25,,26960,11896,,,1,71,,26974,11896,,,1,34,,26979,11896,,,1,73,,26961,11896,,,1,24,,26966,11896,,,1,74,,26970,11896,,,1,30,,26983,11896,,,1,70,,6221,11896,,,1,30,,26980,11896,,,1,70,,26989,11896,,,1,30,,26984,11896,,,1,70,,6222,11896,,,1,30,,26981,11896,,,1,70,,26991,11896,,,1,30,,26967,11896,,,1,70,,26990,11896,,,1,30,,26982,11896,,,1,70,,26992,11896,,,1,29,,26956,11896,,,1,70,,26971,11896,,,1,30,,26985,11896,,,1,70,,26968,11896,,,1,30,,26976,11896,,,1,70,,26962,11896,,,1,30,,26972,11896,,,1,70,,26958,11896,,,1,30,,26969,11896,,,1,70,,26993,11896,,,1,30,,26963,11896,,,1,70,,6233,11896,,,1,30,,26959,11896,,,1,69,,26957,11896,,,1
2100,'SE',536,,27004,11896,,,1,15,,27005,11896,,,1,55,,26997,11896,,,1,12,,26999,11896,,,1,10,,27031,11896,,,1,20,,27035,11896,,,1,56,,26998,11896,,,1,9,,27008,11896,,,1,15,,27006,11896,,,1,16,,27000,11896,,,1,57,,27032,11896,,,1,23,,27007,11896,,,1,19,,27044,11896,,,1,60,,27033,11896,,,1,21,,27026,11896,,,1,27,,27028,11896,,,1,72,,27036,11896,,,1,30,,27034,11896,,,1,70,,26994,11896,,,1,30,,27020,11896,,,1,72,,27022,11896,,,1,30,,27001,11896,,,1,70,,27037,11896,,,1,30,,27045,11896,,,1,68,,27029,11896,,,1,81,,27027,11896,,,1,7,,27021,11896,,,1,17,,27017,11896,,,1,15,,27009,11896,,,1,15,,27002,11896,,,1,55,,27038,11896,,,1,15,,27030,11896,,,1,16,,27014,11896,,,1,59,,27041,11896,,,1,18,,27040,11896,,,1,10,,27018,11896,,,1,11,,27010,11896,,,1,15,,27003,11896,,,1,53,,27039,11896,,,1,15,,27019,11896,,,1,15,,27015,11896,,,1,60,,27042,11896,,,1,20,,27024,11896,,,1,17,,27011,11896,,,1,70,,27025,11896,,,1,30,,26995,11896,,,1,70,,27023,11896,,,1,30,,27016,11896,,,1,100,,27012,11896,,,1,100,,27043,11896,,,1,97,,26996,11896,,,1,100,,27013,11896,,,1
13201,'DI',722,,38200,9457,,,2,100,,38198,9457,,,2,100,,38199,9457,,,2,100,,38204,9457,,,2,100,,38201,9457,,,2,100,,38202,9457,,,2,100,,38205,9457,,,2,100,,38208,9457,,,2,100,,38206,9457,,,2,105,,38210,9457,,,2,95,,38209,9457,,,2,100,,38207,9457,,,2,101,,38211,9457,,,2,97,,38212,9457,,,2,100,,38203,9457,,,2,100,,38197,9457,,,2,100,,38213,9457,,,2,100,,38214,9457,,,2
13201,'F8',722,,38280,9457,,,2,100,,38296,9457,,,2,100,,38284,9457,,,2,100,,38279,9457,,,2,103,,38281,9457,,,2,97,,38285,9457,,,2,104,,38282,9457,,,2,96,,38295,9457,,,2,104,,38286,9457,,,2,96,,38288,9457,,,2,100,,38283,9457,,,2,100,,38287,9457,,,2,101,,38289,9457,,,2,97,,38291,9457,,,2,100,,38290,9457,,,2,100,,38293,9457,,,2,100,,38292,9457,,,2,100,,38294,9457,,,2
13201,'F9',722,,38300,9457,,,2,100,,38298,9457,,,2,100,,38299,9457,,,2,100,,38304,9457,,,2,100,,38301,9457,,,2,100,,38302,9457,,,2,100,,38305,9457,,,2,100,,38308,9457,,,2,100,,38306,9457,,,2,105,,38310,9457,,,2,95,,38309,9457,,,2,100,,38307,9457,,,2,101,,38311,9457,,,2,97,,38312,9457,,,2,100,,38303,9457,,,2,100,,38297,9457,,,2,100,,38313,9457,,,2,100,,38314,9457,,,2
13201,'SA',722,,38316,9457,,,2,100,,38332,9457,,,2,100,,38320,9457,,,2,100,,38315,9457,,,2,103,,38317,9457,,,2,97,,38321,9457,,,2,104,,38318,9457,,,2,96,,38331,9457,,,2,104,,38322,9457,,,2,96,,38324,9457,,,2,100,,38319,9457,,,2,100,,38323,9457,,,2,101,,38325,9457,,,2,97,,38327,9457,,,2,100,,38326,9457,,,2,100,,38329,9457,,,2,100,,38328,9457,,,2,100,,38330,9457,,,2
13201,'SE',556,,38339,9457,,,2,70,,38336,9457,,,2,33,,38345,9457,,,2,60,,38338,9457,,,2,23,,38343,9457,,,2,10,,38349,9457,,,2,50,,38347,9457,,,2,22,,38346,9457,,,2,18,,38340,9457,,,2,15,,38344,9457,,,2,60,,38348,9457,,,2,20,,38358,9457,,,2,19,,16560,9457,,,2,97,,38359,9457,,,2,99,,16564,9457,,,2,96,,38357,9457,,,2,100,,38350,9457,,,2,110,,38351,9457,,,2,51,,38354,9457,,,2,3,,38333,9457,,,2,43,,38341,9457,,,2,65,,38352,9457,,,2,20,,38355,9457,,,2,18,,38337,9457,,,2,63,,38342,9457,,,2,19,,38335,9457,,,2,18,,38353,9457,,,2,59,,38334,9457,,,2,40,,38356,9457,,,2
64000,'SE',1622,,40789,5685,,,2,1,,40790,5685,,,2,1,,40791,5685,,,2
64001,'SE',833,,40796,1392,,,2,1,,40797,1392,,,2,1,,40795,1392,,,2
69700,'SE',1635,,40968,8470,,,2,1,,40969,8470,,,2
69701,'SE',833,,40972,2117,,,2,1,,40973,2117,,,2
