2301,'F2',624,,56098,9126,,,1,103,,56089,9126,,,1,103,,56091,9126,,,1,100,,56096,9126,,,1,103,,56097,9126,,,1,99,,56088,9126,,,1,103,,56094,9126,,,1,97,,56087,9126,,,1,99,,56090,9126,,,1,100,,56092,9126,,,1,100,,56093,9126,,,1,100,,56095,9126,,,1
2301,'SA',624,,56110,9126,,,1,103,,56101,9126,,,1,103,,56103,9126,,,1,100,,56108,9126,,,1,103,,56109,9126,,,1,99,,56100,9126,,,1,103,,56106,9126,,,1,97,,56099,9126,,,1,99,,56102,9126,,,1,100,,56104,9126,,,1,100,,56105,9126,,,1,100,,56107,9126,,,1
2301,'SE',1037,,56114,9126,,,1,100,,56111,9126,,,1,100,,56113,9126,,,1,103,,56115,9126,,,1,99,,56112,9126,,,1
7401,'DI',731,,59566,7283,,,1,100,,59553,7283,,,1,100,,59559,7283,,,1,100,,59554,7283,,,1,100,,59560,7283,,,1,99,,59561,7283,,,1,105,,59567,7283,,,1,96,,59562,7283,,,1,100,,59552,7283,,,1,100,,59568,7283,,,1,100,,59569,7283,,,1,104,,59555,7283,,,1,96,,59556,7283,,,1,100,,59557,7283,,,1,100,,59558,7283,,,1,100,,59563,7283,,,1,100,,59564,7283,,,1,100,,59565,7283,,,1
7401,'F1',731,,59584,7283,,,1,100,,59571,7283,,,1,100,,59577,7283,,,1,100,,59572,7283,,,1,100,,59578,7283,,,1,99,,59579,7283,,,1,105,,59585,7283,,,1,96,,59580,7283,,,1,100,,59570,7283,,,1,100,,59586,7283,,,1,100,,59587,7283,,,1,104,,59573,7283,,,1,96,,59574,7283,,,1,100,,59575,7283,,,1,100,,59576,7283,,,1,100,,59581,7283,,,1,100,,59582,7283,,,1,100,,59583,7283,,,1
7401,'F2',729,,59600,7283,,,1,102,,59601,7283,,,1,100,,59591,7283,,,1,99,,59602,7283,,,1,100,,59603,7283,,,1,101,,59599,7283,,,1,100,,59588,7283,,,1,100,,59589,7283,,,1,99,,59592,7283,,,1,101,,59593,7283,,,1,100,,59594,7283,,,1,102,,59604,7283,,,1,98,,59595,7283,,,1,100,,59596,7283,,,1,100,,59597,7283,,,1,100,,59605,7283,,,1,100,,59598,7283,,,1,100,,59606,7283,,,1,100,,59590,7283,,,1
7401,'SA',729,,59619,7283,,,1,102,,59620,7283,,,1,100,,59610,7283,,,1,99,,59621,7283,,,1,100,,59622,7283,,,1,101,,59618,7283,,,1,100,,59607,7283,,,1,100,,59608,7283,,,1,99,,59611,7283,,,1,101,,59612,7283,,,1,100,,59613,7283,,,1,102,,59623,7283,,,1,98,,59614,7283,,,1,100,,59615,7283,,,1,100,,59616,7283,,,1,100,,59624,7283,,,1,100,,59617,7283,,,1,100,,59625,7283,,,1,100,,59609,7283,,,1
7401,'SE',630,,59651,7283,,,1,72,,59649,7283,,,1,27,,59652,7283,,,1,78,,59648,7283,,,1,26,,59647,7283,,,1,70,,59650,7283,,,1,28,,59626,7283,,,1,101,,59631,7283,,,1,100,,59632,7283,,,1,101,,59627,7283,,,1,100,,59628,7283,,,1,101,,59629,7283,,,1,102,,59634,7283,,,1,69,,59633,7283,,,1,27,,59630,7283,,,1,76,,59641,7283,,,1,29,,59638,7283,,,1,69,,59645,7283,,,1,28,,59643,7283,,,1,70,,59644,7283,,,1,28,,59642,7283,,,1,98,,59639,7283,,,1,100,,59640,7283,,,1,99,,59635,7283,,,1,100,,59646,7283,,,1,100,,59636,7283,,,1,100,,59637,7283,,,1
12301,'DI',558,,37798,23423,,,1,100,,37808,23423,,,1,100,,37799,23423,,,1,100,,37809,23423,,,1,142,,37800,23423,,,1,100,,37810,23423,,,1,100,,37801,23423,,,1,100,,61842,23423,,,1,100,,37802,23423,,,1,100,,61843,23423,,,1,100,,37803,23423,,,1,100,,61844,23423,,,1,100,,61838,23423,,,1,100,,61845,23423,,,1,100,,61839,23423,,,1,58,,61846,23423,,,1,100,,61840,23423,,,1,100,,61847,23423,,,1,100,,61841,23423,,,1,100,,61848,23423,,,1
12301,'F1',558,,49985,23423,,,1,100,,49995,23423,,,1,100,,49986,23423,,,1,100,,49996,23423,,,1,142,,49987,23423,,,1,100,,49997,23423,,,1,100,,49988,23423,,,1,100,,61853,23423,,,1,100,,49989,23423,,,1,100,,61854,23423,,,1,100,,49990,23423,,,1,100,,61855,23423,,,1,100,,61849,23423,,,1,100,,61856,23423,,,1,100,,61850,23423,,,1,58,,61857,23423,,,1,100,,61851,23423,,,1,100,,61858,23423,,,1,100,,61852,23423,,,1,100,,61859,23423,,,1
12301,'F2',557,,61861,23423,,,1,100,,61860,23423,,,1,100,,61862,23423,,,1,102,,61868,23423,,,1,100,,61872,23423,,,1,100,,61863,23423,,,1,100,,61873,23423,,,1,100,,61864,23423,,,1,100,,61874,23423,,,1,100,,61865,23423,,,1,100,,61875,23423,,,1,100,,61866,23423,,,1,100,,61876,23423,,,1,100,,61867,23423,,,1,100,,61877,23423,,,1,100,,61869,23423,,,1,100,,61878,23423,,,1,100,,61870,23423,,,1,100,,61879,23423,,,1,100,,61871,23423,,,1
12301,'SA',557,,61881,23423,,,1,100,,61880,23423,,,1,100,,61882,23423,,,1,102,,61888,23423,,,1,100,,61892,23423,,,1,100,,61883,23423,,,1,100,,61893,23423,,,1,100,,61884,23423,,,1,100,,61894,23423,,,1,100,,61885,23423,,,1,100,,61895,23423,,,1,100,,61886,23423,,,1,100,,61896,23423,,,1,100,,61887,23423,,,1,100,,61897,23423,,,1,100,,61889,23423,,,1,100,,61898,23423,,,1,100,,61890,23423,,,1,100,,61899,23423,,,1,100,,61891,23423,,,1
12301,'SE',545,,61913,23423,,,1,70,,61916,23423,,,1,323,,61910,23423,,,1,70,,61912,23423,,,1,96,,61909,23423,,,1,102,,61932,23423,,,1,100,,61908,23423,,,1,100,,61918,23423,,,1,100,,61922,23423,,,1,11,,61921,23423,,,1,28,,50049,23423,,,1,60,,50053,23423,,,1,15,,61927,23423,,,1,19,,61928,23423,,,1,6,,61924,23423,,,1,57,,61929,23423,,,1,10,,61931,23423,,,1,6,,61919,23423,,,1,24,,61926,23423,,,1,65,,50050,23423,,,1,26,,61911,23423,,,1,71,,61917,23423,,,1,26,,61920,23423,,,1,74,,61907,23423,,,1,28,,61906,23423,,,1,70,,61925,23423,,,1,98,,61930,23423,,,1,57,,61914,23423,,,1,100,,61923,23423,,,1,157,,61915,23423,,,1
