800,'DI',604,,53345,8136,,,1,34,,53319,8136,,,1,70,,53327,8136,,,1,30,,53333,8136,,,1,70,,53346,8136,,,1,30,,53320,8136,,,1,72,,53328,8136,,,1,30,,53334,8136,,,1,70,,53347,8136,,,1,30,,53321,8136,,,1,70,,53329,8136,,,1,30,,53335,8136,,,1,72,,53348,8136,,,1,30,,53322,8136,,,1,70,,53330,8136,,,1,30,,53342,8136,,,1,70,,53349,8136,,,1,30,,53343,8136,,,1,70,,53331,8136,,,1,29,,53336,8136,,,1,70,,53350,8136,,,1,30,,53344,8136,,,1,69,,53332,8136,,,1,30,,53337,8136,,,1,72,,53351,8136,,,1,43,,53323,8136,,,1,99,,53338,8136,,,1,100,,53324,8136,,,1,99,,53339,8136,,,1,100,,53325,8136,,,1,100,,53340,8136,,,1,100,,53326,8136,,,1,100,,53341,8136,,,1
800,'F1',604,,53378,8136,,,1,34,,53352,8136,,,1,70,,53360,8136,,,1,30,,53366,8136,,,1,70,,53379,8136,,,1,30,,53353,8136,,,1,72,,53361,8136,,,1,30,,53367,8136,,,1,70,,53380,8136,,,1,30,,53354,8136,,,1,70,,53362,8136,,,1,30,,53368,8136,,,1,72,,53381,8136,,,1,30,,53355,8136,,,1,70,,53363,8136,,,1,30,,53375,8136,,,1,70,,53382,8136,,,1,30,,53376,8136,,,1,70,,53364,8136,,,1,29,,53369,8136,,,1,70,,53383,8136,,,1,30,,53377,8136,,,1,69,,53365,8136,,,1,30,,53370,8136,,,1,72,,53384,8136,,,1,43,,53356,8136,,,1,99,,53371,8136,,,1,100,,53357,8136,,,1,99,,53372,8136,,,1,100,,53358,8136,,,1,100,,53373,8136,,,1,100,,53359,8136,,,1,100,,53374,8136,,,1
800,'F2',605,,53405,8136,,,1,30,,53389,8136,,,1,72,,53393,8136,,,1,30,,53400,8136,,,1,71,,53406,8136,,,1,30,,53390,8136,,,1,70,,53394,8136,,,1,31,,53401,8136,,,1,70,,53407,8136,,,1,31,,53391,8136,,,1,70,,53395,8136,,,1,30,,53402,8136,,,1,68,,53408,8136,,,1,32,,53392,8136,,,1,70,,53396,8136,,,1,30,,53403,8136,,,1,70,,53409,8136,,,1,30,,44107,8136,,,1,70,,53397,8136,,,1,30,,53415,8136,,,1,70,,53410,8136,,,1,30,,44108,8136,,,1,70,,53398,8136,,,1,30,,53416,8136,,,1,72,,53411,8136,,,1,28,,53385,8136,,,1,70,,53399,8136,,,1,46,,53412,8136,,,1,98,,53386,8136,,,1,100,,53413,8136,,,1,100,,53387,8136,,,1,100,,53414,8136,,,1,100,,53388,8136,,,1,100,,53404,8136,,,1
800,'SA',605,,53437,8136,,,1,30,,53421,8136,,,1,72,,53425,8136,,,1,30,,53432,8136,,,1,71,,53438,8136,,,1,30,,53422,8136,,,1,70,,53426,8136,,,1,31,,53433,8136,,,1,70,,53439,8136,,,1,31,,53423,8136,,,1,70,,53427,8136,,,1,30,,53434,8136,,,1,68,,53440,8136,,,1,32,,53424,8136,,,1,70,,53428,8136,,,1,30,,53435,8136,,,1,70,,53441,8136,,,1,30,,2660,8136,,,1,70,,53429,8136,,,1,30,,53447,8136,,,1,70,,53442,8136,,,1,30,,2661,8136,,,1,70,,53430,8136,,,1,30,,53448,8136,,,1,72,,53443,8136,,,1,28,,53417,8136,,,1,70,,53431,8136,,,1,46,,53444,8136,,,1,98,,53418,8136,,,1,100,,53445,8136,,,1,100,,53419,8136,,,1,100,,53446,8136,,,1,100,,53420,8136,,,1,100,,53436,8136,,,1
800,'SE',510,,44153,8136,,,1,28,,53469,8136,,,1,62,,53461,8136,,,1,41,,53449,8136,,,1,70,,44154,8136,,,1,21,,53470,8136,,,1,19,,53451,8136,,,1,53,,53485,8136,,,1,15,,53452,8136,,,1,15,,53481,8136,,,1,15,,53475,8136,,,1,57,,53488,8136,,,1,15,,44124,8136,,,1,15,,53471,8136,,,1,15,,53462,8136,,,1,55,,53486,8136,,,1,15,,53453,8136,,,1,15,,53482,8136,,,1,15,,53476,8136,,,1,55,,53489,8136,,,1,15,,53450,8136,,,1,17,,53457,8136,,,1,15,,53472,8136,,,1,55,,53466,8136,,,1,15,,53487,8136,,,1,15,,53505,8136,,,1,15,,53483,8136,,,1,55,,53479,8136,,,1,15,,53490,8136,,,1,15,,53492,8136,,,1,15,,53507,8136,,,1,55,,53495,8136,,,1,15,,53467,8136,,,1,18,,53454,8136,,,1,15,,53506,8136,,,1,54,,53477,8136,,,1,14,,53460,8136,,,1,4,,53491,8136,,,1,13,,53498,8136,,,1,15,,53493,8136,,,1,55,,53458,8136,,,1,15,,53478,8136,,,1,15,,53496,8136,,,1,12,,53468,8136,,,1,52,,53511,8136,,,1,13,,53484,8136,,,1,11,,53459,8136,,,1,12,,53503,8136,,,1,12,,53508,8136,,,1,51,,53499,8136,,,1,12,,53494,8136,,,1,12,,53504,8136,,,1,9,,53480,8136,,,1,10,,53473,8136,,,1,10,,53497,8136,,,1,60,,53500,8136,,,1,27,,53509,8136,,,1,68,,53512,8136,,,1,30,,53474,8136,,,1,68,,53501,8136,,,1,30,,53510,8136,,,1,70,,53513,8136,,,1,45,,53463,8136,,,1,100,,53502,8136,,,1,96,,53464,8136,,,1,100,,53465,8136,,,1
2800,'DI',901,,56189,8136,0,32 33,1,101,,56184,8136,0,32 33,1,101,,56188,8136,0,32 33,1,100,,56185,8136,0,32 33,1,100,,56187,8136,0,32 33,1,100,,56183,8136,0,32 33,1,100,,56186,8136,0,32 33,1,101,,56182,8136,0,32 33,1,99,,56190,8136,0,32 33,1,100,,56191,8136,0,32 33,1
2800,'F1',901,,56199,8136,0,32 33,1,101,,56194,8136,0,32 33,1,101,,56198,8136,0,32 33,1,100,,56195,8136,0,32 33,1,100,,56197,8136,0,32 33,1,100,,56193,8136,0,32 33,1,100,,56196,8136,0,32 33,1,101,,56192,8136,0,32 33,1,99,,56200,8136,0,32 33,1,100,,56201,8136,0,32 33,1
2800,'F2',903,,56207,8136,0,32 33,1,99,,56205,8136,0,32 33,1,104,,56202,8136,0,32 33,1,97,,56208,8136,0,32 33,1,101,,45930,8136,0,32 33,1,100,,56210,8136,0,32 33,1,99,,56204,8136,0,32 33,1,103,,56203,8136,0,32 33,1,99,,56206,8136,0,32 33,1,98,,56209,8136,0,32 33,1
2800,'SA',903,,56216,8136,0,32 33,1,99,,56214,8136,0,32 33,1,104,,56211,8136,0,32 33,1,97,,56217,8136,0,32 33,1,101,,6923,8136,0,32 33,1,100,,56219,8136,0,32 33,1,99,,56213,8136,0,32 33,1,103,,56212,8136,0,32 33,1,99,,56215,8136,0,32 33,1,98,,56218,8136,0,32 33,1
2800,'SE',629,,56256,8136,0,32 33,1,86,,56253,8136,0,32 33,1,22,,56259,8136,0,32 33,1,3,,56252,8136,0,32 33,1,16,,56233,8136,0,32 33,1,53,,56240,8136,0,32 33,1,15,,56258,8136,0,32 33,1,15,,56220,8136,0,32 33,1,14,,56222,8136,0,32 33,1,58,,56221,8136,0,32 33,1,30,,56236,8136,0,32 33,1,70,,56241,8136,0,32 33,1,30,,56232,8136,0,32 33,1,70,,56223,8136,0,32 33,1,32,,56242,8136,0,32 33,1,70,,56226,8136,0,32 33,1,30,,56224,8136,0,32 33,1,70,,56243,8136,0,32 33,1,30,,56227,8136,0,32 33,1,70,,56225,8136,0,32 33,1,32,,56238,8136,0,32 33,1,71,,56254,8136,0,32 33,1,16,,56244,8136,0,32 33,1,14,,56229,8136,0,32 33,1,55,,56246,8136,0,32 33,1,15,,56257,8136,0,32 33,1,15,,56228,8136,0,32 33,1,14,,56231,8136,0,32 33,1,12,,56255,8136,0,32 33,1,52,,56245,8136,0,32 33,1,12,,56230,8136,0,32 33,1,12,,56235,8136,0,32 33,1,12,,56247,8136,0,32 33,1,12,,56239,8136,0,32 33,1,51,,45957,8136,0,32 33,1,12,,56249,8136,0,32 33,1,10,,56250,8136,0,32 33,1,13,,56248,8136,0,32 33,1,95,,56234,8136,0,32 33,1,98,,56251,8136,0,32 33,1,98,,56237,8136,0,32 33,1
8800,'DI',723,,60913,8136,,,1,30,,60910,8136,,,1,70,,60920,8136,,,1,30,,60927,8136,,,1,70,,60914,8136,,,1,30,,60911,8136,,,1,72,,60921,8136,,,1,30,,60928,8136,,,1,70,,60917,8136,,,1,30,,60912,8136,,,1,70,,60922,8136,,,1,30,,60926,8136,,,1,70,,60929,8136,,,1,30,,60909,8136,,,1,70,,60923,8136,,,1,30,,60907,8136,,,1,70,,60930,8136,,,1,30,,60918,8136,,,1,70,,60924,8136,,,1,30,,60908,8136,,,1,70,,60931,8136,,,1,29,,60919,8136,,,1,70,,60925,8136,,,1,100,,60933,8136,,,1,100,,60932,8136,,,1,100,,60934,8136,,,1,100,,60915,8136,,,1,97,,60935,8136,,,1,100,,60916,8136,,,1,100,,60906,8136,,,1
8800,'F1',723,,60943,8136,,,1,30,,60940,8136,,,1,70,,60950,8136,,,1,30,,60957,8136,,,1,70,,60944,8136,,,1,30,,60941,8136,,,1,72,,60951,8136,,,1,30,,60958,8136,,,1,70,,60947,8136,,,1,30,,60942,8136,,,1,70,,60952,8136,,,1,30,,60956,8136,,,1,70,,60959,8136,,,1,30,,60939,8136,,,1,70,,60953,8136,,,1,30,,60937,8136,,,1,70,,60960,8136,,,1,30,,60948,8136,,,1,70,,60954,8136,,,1,30,,60938,8136,,,1,70,,60961,8136,,,1,29,,60949,8136,,,1,70,,60955,8136,,,1,100,,60963,8136,,,1,100,,60962,8136,,,1,100,,60964,8136,,,1,100,,60945,8136,,,1,97,,60965,8136,,,1,100,,60946,8136,,,1,100,,60936,8136,,,1
8800,'F2',722,,60972,8136,,,1,30,,60978,8136,,,1,71,,60985,8136,,,1,30,,60987,8136,,,1,71,,60973,8136,,,1,30,,60979,8136,,,1,71,,60986,8136,,,1,30,,60988,8136,,,1,70,,60974,8136,,,1,30,,60980,8136,,,1,70,,60992,8136,,,1,30,,60989,8136,,,1,70,,60975,8136,,,1,30,,60981,8136,,,1,70,,60995,8136,,,1,30,,60967,8136,,,1,70,,60976,8136,,,1,30,,60970,8136,,,1,70,,60996,8136,,,1,30,,60968,8136,,,1,71,,60991,8136,,,1,29,,60971,8136,,,1,71,,60993,8136,,,1,29,,60969,8136,,,1,70,,60982,8136,,,1,100,,60994,8136,,,1,99,,60983,8136,,,1,98,,60990,8136,,,1,100,,60984,8136,,,1,100,,60966,8136,,,1,100,,60977,8136,,,1
8800,'SA',722,,61003,8136,,,1,30,,61009,8136,,,1,71,,61016,8136,,,1,30,,61018,8136,,,1,71,,61004,8136,,,1,30,,61010,8136,,,1,71,,61017,8136,,,1,30,,61019,8136,,,1,70,,61005,8136,,,1,30,,61011,8136,,,1,70,,61023,8136,,,1,30,,61020,8136,,,1,70,,61006,8136,,,1,30,,61012,8136,,,1,70,,61026,8136,,,1,30,,60998,8136,,,1,70,,61007,8136,,,1,30,,61001,8136,,,1,70,,61027,8136,,,1,30,,60999,8136,,,1,71,,61022,8136,,,1,29,,61002,8136,,,1,71,,61024,8136,,,1,29,,61000,8136,,,1,70,,61013,8136,,,1,100,,61025,8136,,,1,99,,61014,8136,,,1,98,,61021,8136,,,1,100,,61015,8136,,,1,100,,60997,8136,,,1,100,,61008,8136,,,1
8800,'SE',724,,61071,8136,,,1,21,,61070,8136,,,1,55,,61042,8136,,,1,14,,61045,8136,,,1,15,,61046,8136,,,1,15,,61047,8136,,,1,15,,61034,8136,,,1,69,,61030,8136,,,1,30,,61059,8136,,,1,70,,61069,8136,,,1,30,,61031,8136,,,1,72,,61066,8136,,,1,70,,61067,8136,,,1,30,,61028,8136,,,1,70,,61062,8136,,,1,30,,61068,8136,,,1,70,,61060,8136,,,1,33,,61064,8136,,,1,70,,61063,8136,,,1,17,,61043,8136,,,1,16,,61074,8136,,,1,15,,61035,8136,,,1,55,,61072,8136,,,1,15,,61049,8136,,,1,15,,61061,8136,,,1,13,,61065,8136,,,1,52,,61029,8136,,,1,12,,61073,8136,,,1,12,,61054,8136,,,1,13,,61044,8136,,,1,11,,61036,8136,,,1,51,,61075,8136,,,1,12,,61037,8136,,,1,12,,61039,8136,,,1,9,,61050,8136,,,1,19,,61038,8136,,,1,55,,61076,8136,,,1,22,,61055,8136,,,1,28,,61040,8136,,,1,70,,61051,8136,,,1,28,,61077,8136,,,1,70,,61056,8136,,,1,30,,61041,8136,,,1,70,,61052,8136,,,1,100,,61057,8136,,,1,99,,61053,8136,,,1,97,,61058,8136,,,1
