3300,'DI',615,,56772,4417,,,2,100,,56773,4417,,,2,100,,56774,4417,,,2,100,,56775,4417,,,2,100,,56776,4417,,,2,100,,56777,4417,,,2,100,,56778,4417,,,2,100,,56779,4417,,,2,100,,56780,4417,,,2,100,,56781,4417,,,2,99,,56782,4417,,,2,100,,56783,4417,,,2,100,,56784,4417,,,2,100,,56785,4417,,,2,101,,56786,4417,,,2,100,,56787,4417,,,2,100,,56788,4417,,,2,100,,56789,4417,,,2,100,,56790,4417,,,2
3300,'F1',615,,56791,4417,,,2,100,,56792,4417,,,2,100,,56793,4417,,,2,100,,56794,4417,,,2,100,,56795,4417,,,2,100,,56796,4417,,,2,100,,56797,4417,,,2,100,,56798,4417,,,2,100,,56799,4417,,,2,100,,56800,4417,,,2,99,,56801,4417,,,2,100,,56802,4417,,,2,100,,56803,4417,,,2,100,,56804,4417,,,2,101,,56805,4417,,,2,100,,56806,4417,,,2,100,,56807,4417,,,2,100,,56808,4417,,,2,100,,56809,4417,,,2
3300,'F2',615,,56810,4417,,,2,100,,56811,4417,,,2,100,,56812,4417,,,2,100,,56813,4417,,,2,100,,56814,4417,,,2,100,,56815,4417,,,2,100,,56816,4417,,,2,100,,56817,4417,,,2,100,,56818,4417,,,2,100,,56819,4417,,,2,99,,56820,4417,,,2,100,,56821,4417,,,2,100,,56822,4417,,,2,100,,56823,4417,,,2,101,,56824,4417,,,2,100,,56825,4417,,,2,100,,56826,4417,,,2,100,,56827,4417,,,2,100,,56828,4417,,,2
3300,'SA',615,,56829,4417,,,2,100,,56830,4417,,,2,100,,56831,4417,,,2,100,,56832,4417,,,2,100,,56833,4417,,,2,100,,56834,4417,,,2,100,,56835,4417,,,2,100,,56836,4417,,,2,100,,56837,4417,,,2,100,,56838,4417,,,2,99,,56839,4417,,,2,100,,56840,4417,,,2,100,,56841,4417,,,2,100,,56842,4417,,,2,101,,56843,4417,,,2,100,,56844,4417,,,2,100,,56845,4417,,,2,100,,56846,4417,,,2,100,,56847,4417,,,2
3300,'SE',617,,56883,4417,,,2,28,,56851,4417,,,2,70,,56856,4417,,,2,28,,56852,4417,,,2,70,,56857,4417,,,2,32,,56858,4417,,,2,70,,56853,4417,,,2,30,,56885,4417,,,2,70,,56854,4417,,,2,30,,56859,4417,,,2,70,,56855,4417,,,2,30,,56860,4417,,,2,70,,56870,4417,,,2,30,,56877,4417,,,2,70,,56876,4417,,,2,30,,56886,4417,,,2,70,,56882,4417,,,2,30,,56878,4417,,,2,70,,56848,4417,,,2,29,,56869,4417,,,2,68,,56849,4417,,,2,16,,56887,4417,,,2,14,,56861,4417,,,2,14,,56862,4417,,,2,55,,56863,4417,,,2,14,,56868,4417,,,2,15,,56884,4417,,,2,16,,56874,4417,,,2,55,,56875,4417,,,2,14,,56850,4417,,,2,30,,56864,4417,,,2,70,,56880,4417,,,2,30,,56865,4417,,,2,68,,56881,4417,,,2,30,,56866,4417,,,2,70,,56879,4417,,,2,30,,56867,4417,,,2,100,,56871,4417,,,2,100,,56872,4417,,,2,100,,56873,4417,,,2
53300,'SE',1633,,63440,8027,,,2
53400,'SE',1637,,63442,8027,,,2
64400,'SE',1609,,63510,1456,,,2,1,,63509,1456,,,2,1,,63511,1456,,,2
67400,'SE',1608,,63549,1456,,,2
67401,'SE',845,,63550,320,,,2
