6100,'DI',721,,32294,13649,,,2,89,,32298,13649,,,2,30,,32295,13649,,,2,70,,32301,13649,,,2,30,,32299,13649,,,2,70,,32296,13649,,,2,30,,32302,13649,,,2,70,,32304,13649,,,2,30,,32309,13649,,,2,70,,32314,13649,,,2,30,,32305,13649,,,2,70,,32310,13649,,,2,30,,32315,13649,,,2,70,,32306,13649,,,2,30,,32311,13649,,,2,70,,32317,13649,,,2,30,,32307,13649,,,2,74,,32312,13649,,,2,21,,32318,13649,,,2,75,,32321,13649,,,2,20,,32325,13649,,,2,80,,32319,13649,,,2,25,,32322,13649,,,2,70,,32326,13649,,,2,45,,32323,13649,,,2,100,,32327,13649,,,2,100,,32329,13649,,,2,100,,32331,13649,,,2,100,,32333,13649,,,2,100,,32334,13649,,,2
6100,'F1',721,,47781,13649,,,2,89,,47785,13649,,,2,30,,47782,13649,,,2,70,,47788,13649,,,2,30,,47786,13649,,,2,70,,47783,13649,,,2,30,,47789,13649,,,2,70,,47791,13649,,,2,30,,47796,13649,,,2,70,,47801,13649,,,2,30,,47792,13649,,,2,70,,47797,13649,,,2,30,,47802,13649,,,2,70,,47793,13649,,,2,30,,47798,13649,,,2,70,,47804,13649,,,2,30,,47794,13649,,,2,74,,47799,13649,,,2,21,,47805,13649,,,2,75,,47808,13649,,,2,20,,47812,13649,,,2,80,,47806,13649,,,2,25,,47809,13649,,,2,70,,47813,13649,,,2,45,,47810,13649,,,2,100,,47814,13649,,,2,100,,47816,13649,,,2,100,,47818,13649,,,2,100,,47820,13649,,,2,100,,47821,13649,,,2
6100,'F2',721,,47822,13649,,,2,89,,47826,13649,,,2,30,,47823,13649,,,2,70,,47829,13649,,,2,30,,47827,13649,,,2,70,,47824,13649,,,2,30,,47830,13649,,,2,70,,47832,13649,,,2,30,,47837,13649,,,2,70,,47840,13649,,,2,30,,47833,13649,,,2,70,,47838,13649,,,2,30,,47841,13649,,,2,70,,47834,13649,,,2,30,,47843,13649,,,2,70,,47848,13649,,,2,30,,47835,13649,,,2,74,,47844,13649,,,2,21,,47849,13649,,,2,75,,47852,13649,,,2,20,,47845,13649,,,2,80,,47850,13649,,,2,25,,47853,13649,,,2,70,,47846,13649,,,2,45,,47855,13649,,,2,100,,47858,13649,,,2,100,,47856,13649,,,2,100,,47860,13649,,,2,100,,47859,13649,,,2,100,,47861,13649,,,2
6100,'F8',721,,32473,13649,,,2,89,,32477,13649,,,2,30,,32474,13649,,,2,70,,32480,13649,,,2,30,,32478,13649,,,2,70,,32475,13649,,,2,30,,32481,13649,,,2,70,,32483,13649,,,2,30,,32488,13649,,,2,70,,32491,13649,,,2,30,,32484,13649,,,2,70,,32489,13649,,,2,30,,32492,13649,,,2,70,,32485,13649,,,2,30,,32494,13649,,,2,70,,32499,13649,,,2,30,,32486,13649,,,2,74,,32495,13649,,,2,21,,32500,13649,,,2,75,,32503,13649,,,2,20,,32496,13649,,,2,80,,32501,13649,,,2,25,,32504,13649,,,2,70,,32497,13649,,,2,45,,32506,13649,,,2,100,,32509,13649,,,2,100,,32507,13649,,,2,100,,32511,13649,,,2,100,,32510,13649,,,2,100,,32512,13649,,,2
6100,'F9',721,,32513,13649,,,2,89,,32517,13649,,,2,30,,32514,13649,,,2,70,,32520,13649,,,2,30,,32518,13649,,,2,70,,32515,13649,,,2,30,,32521,13649,,,2,70,,32523,13649,,,2,30,,32528,13649,,,2,70,,32533,13649,,,2,30,,32524,13649,,,2,70,,32529,13649,,,2,30,,32534,13649,,,2,70,,32525,13649,,,2,30,,32530,13649,,,2,70,,32536,13649,,,2,30,,32526,13649,,,2,74,,32531,13649,,,2,21,,32537,13649,,,2,75,,32540,13649,,,2,20,,32544,13649,,,2,80,,32538,13649,,,2,25,,32541,13649,,,2,70,,32545,13649,,,2,45,,32542,13649,,,2,100,,32546,13649,,,2,100,,32548,13649,,,2,100,,32550,13649,,,2,100,,32552,13649,,,2,100,,32553,13649,,,2
6100,'SA',721,,32554,13649,,,2,89,,32558,13649,,,2,30,,32555,13649,,,2,70,,32561,13649,,,2,30,,32559,13649,,,2,70,,32556,13649,,,2,30,,32562,13649,,,2,70,,32564,13649,,,2,30,,32569,13649,,,2,70,,32572,13649,,,2,30,,32565,13649,,,2,70,,32570,13649,,,2,30,,32573,13649,,,2,70,,32566,13649,,,2,30,,32575,13649,,,2,70,,32580,13649,,,2,30,,32567,13649,,,2,74,,32576,13649,,,2,21,,32581,13649,,,2,75,,32584,13649,,,2,20,,32577,13649,,,2,80,,32582,13649,,,2,25,,32585,13649,,,2,70,,32578,13649,,,2,45,,32587,13649,,,2,100,,32590,13649,,,2,100,,32588,13649,,,2,100,,32592,13649,,,2,100,,32591,13649,,,2,100,,32593,13649,,,2
6100,'SE',631,,47864,13649,,,2,28,,47862,13649,,,2,66,,47871,13649,,,2,9,,47876,13649,,,2,19,,47868,13649,,,2,66,,47865,13649,,,2,22,,47873,13649,,,2,15,,47878,13649,,,2,76,,47869,13649,,,2,70,,47866,13649,,,2,30,,47874,13649,,,2,71,,47918,13649,,,2,30,,47872,13649,,,2,70,,47879,13649,,,2,30,,47883,13649,,,2,70,,47880,13649,,,2,30,,47881,13649,,,2,73,,47885,13649,,,2,21,,47888,13649,,,2,27,,47893,13649,,,2,63,,47882,13649,,,2,20,,47884,13649,,,2,64,,47896,13649,,,2,4,,47899,13649,,,2,25,,47889,13649,,,2,7,,47891,13649,,,2,14,,47900,13649,,,2,53,,47901,13649,,,2,14,,47886,13649,,,2,15,,47905,13649,,,2,6,,47908,13649,,,2,17,,47897,13649,,,2,54,,47894,13649,,,2,24,,47910,13649,,,2,24,,47902,13649,,,2,68,,47913,13649,,,2,29,,47916,13649,,,2,70,,47906,13649,,,2,29,,47909,13649,,,2,70,,47917,13649,,,2,30,,47903,13649,,,2,68,,47914,13649,,,2,30,,47911,13649,,,2,69,,47907,13649,,,2,30,,47915,13649,,,2,70,,47912,13649,,,2
8001,'DI',652,,35550,3886,,,1,100,,35551,3886,,,1,100,,35552,3886,,,1,100,,35553,3886,,,1,100,,35554,3886,,,1,100,,35555,3886,,,1,100,,35556,3886,,,1,100,,35557,3886,,,1,100,,35558,3886,,,1,100,,35559,3886,,,1,100,,35560,3886,,,1,102,,35561,3886,,,1,99,,35562,3886,,,1,100,,35563,3886,,,1,100,,35564,3886,,,1,100,,35565,3886,,,1,100,,35566,3886,,,1,100,,35567,3886,,,1
8001,'F1',652,,49072,3886,,,1,100,,49073,3886,,,1,100,,49074,3886,,,1,100,,49075,3886,,,1,100,,49076,3886,,,1,100,,49077,3886,,,1,100,,49078,3886,,,1,100,,49079,3886,,,1,100,,49080,3886,,,1,100,,49081,3886,,,1,100,,49082,3886,,,1,102,,49083,3886,,,1,99,,49084,3886,,,1,100,,49085,3886,,,1,100,,49086,3886,,,1,100,,49087,3886,,,1,100,,49088,3886,,,1,100,,49089,3886,,,1
8001,'F2',653,,49091,3886,,,1,100,,49092,3886,,,1,100,,49093,3886,,,1,100,,49094,3886,,,1,100,,49095,3886,,,1,101,,49096,3886,,,1,100,,49097,3886,,,1,100,,49098,3886,,,1,100,,49099,3886,,,1,100,,49100,3886,,,1,100,,49101,3886,,,1,100,,49102,3886,,,1,98,,49103,3886,,,1,100,,49104,3886,,,1,100,,49105,3886,,,1,100,,49106,3886,,,1,100,,49107,3886,,,1,100,,49108,3886,,,1
8001,'F8',653,,35631,3886,,,1,100,,35632,3886,,,1,100,,35633,3886,,,1,100,,35634,3886,,,1,100,,35635,3886,,,1,101,,35636,3886,,,1,100,,35637,3886,,,1,100,,35638,3886,,,1,100,,35639,3886,,,1,100,,35640,3886,,,1,100,,35641,3886,,,1,100,,35642,3886,,,1,98,,35643,3886,,,1,100,,35644,3886,,,1,100,,35645,3886,,,1,100,,35646,3886,,,1,100,,35647,3886,,,1,100,,35648,3886,,,1
8001,'F9',652,,35650,3886,,,1,100,,35651,3886,,,1,100,,35652,3886,,,1,100,,35653,3886,,,1,100,,35654,3886,,,1,100,,35655,3886,,,1,100,,35656,3886,,,1,100,,35657,3886,,,1,100,,35658,3886,,,1,100,,35659,3886,,,1,100,,35660,3886,,,1,102,,35661,3886,,,1,99,,35662,3886,,,1,100,,35663,3886,,,1,100,,35664,3886,,,1,100,,35665,3886,,,1,100,,35666,3886,,,1,100,,35667,3886,,,1
8001,'SA',653,,35669,3886,,,1,100,,35670,3886,,,1,100,,35671,3886,,,1,100,,35672,3886,,,1,100,,35673,3886,,,1,101,,35674,3886,,,1,100,,35675,3886,,,1,100,,35676,3886,,,1,100,,35677,3886,,,1,100,,35678,3886,,,1,100,,35679,3886,,,1,100,,35680,3886,,,1,98,,35681,3886,,,1,100,,35682,3886,,,1,100,,35683,3886,,,1,100,,35684,3886,,,1,100,,35685,3886,,,1,100,,35686,3886,,,1
8001,'SE',549,,49115,3886,,,1,70,,49114,3886,,,1,36,,49124,3886,,,1,71,,49118,3886,,,1,30,,49125,3886,,,1,70,,49126,3886,,,1,31,,49111,3886,,,1,97,,49112,3886,,,1,100,,49113,3886,,,1,100,,49119,3886,,,1,100,,49120,3886,,,1,100,,49121,3886,,,1,100,,49122,3886,,,1,102,,49123,3886,,,1,65,,49127,3886,,,1,35,,49116,3886,,,1,70,,49128,3886,,,1,24,,49110,3886,,,1,89,,49129,3886,,,1,92,,49117,3886,,,1,100,,49130,3886,,,1,99,,49131,3886,,,1,100,,49132,3886,,,1,100,,49133,3886,,,1
8301,'DI',725,,36304,7597,,,1,100,,36305,7597,,,1,108,,36306,7597,,,1,100,,36307,7597,,,1,100,,36308,7597,,,1,100,,36309,7597,,,1,100,,36310,7597,,,1,100,,36311,7597,,,1,100,,36312,7597,,,1,100,,36313,7597,,,1,100,,36314,7597,,,1,100,,36315,7597,,,1,100,,36316,7597,,,1,100,,36317,7597,,,1,100,,36318,7597,,,1,100,,36319,7597,,,1,100,,36320,7597,,,1,100,,36321,7597,,,1
8301,'F1',725,,49373,7597,,,1,100,,49374,7597,,,1,108,,49375,7597,,,1,100,,49376,7597,,,1,100,,49377,7597,,,1,100,,49378,7597,,,1,100,,49379,7597,,,1,100,,49380,7597,,,1,100,,49381,7597,,,1,100,,49382,7597,,,1,100,,49383,7597,,,1,100,,49384,7597,,,1,100,,49385,7597,,,1,100,,49386,7597,,,1,100,,49387,7597,,,1,100,,49388,7597,,,1,100,,49389,7597,,,1,100,,49390,7597,,,1
8301,'F2',625,,49407,7597,,,1,100,,49408,7597,,,1,100,,49409,7597,,,1,108,,49410,7597,,,1,100,,49391,7597,,,1,100,,49392,7597,,,1,100,,49393,7597,,,1,100,,49394,7597,,,1,100,,49395,7597,,,1,100,,49396,7597,,,1,100,,49397,7597,,,1,100,,49398,7597,,,1,100,,49399,7597,,,1,100,,49400,7597,,,1,100,,49401,7597,,,1,100,,49402,7597,,,1,100,,49403,7597,,,1,100,,49404,7597,,,1,100,,49405,7597,,,1,100,,49406,7597,,,1
8301,'F8',625,,36411,7597,,,1,100,,36412,7597,,,1,100,,36413,7597,,,1,108,,36414,7597,,,1,100,,36395,7597,,,1,100,,36396,7597,,,1,100,,36397,7597,,,1,100,,36398,7597,,,1,100,,36399,7597,,,1,100,,36400,7597,,,1,100,,36401,7597,,,1,100,,36402,7597,,,1,100,,36403,7597,,,1,100,,36404,7597,,,1,100,,36405,7597,,,1,100,,36406,7597,,,1,100,,36407,7597,,,1,100,,36408,7597,,,1,100,,36409,7597,,,1,100,,36410,7597,,,1
8301,'F9',725,,36415,7597,,,1,100,,36416,7597,,,1,108,,36417,7597,,,1,100,,36418,7597,,,1,100,,36419,7597,,,1,100,,36420,7597,,,1,100,,36421,7597,,,1,100,,36422,7597,,,1,100,,36423,7597,,,1,100,,36424,7597,,,1,100,,36425,7597,,,1,100,,36426,7597,,,1,100,,36427,7597,,,1,100,,36428,7597,,,1,100,,36429,7597,,,1,100,,36430,7597,,,1,100,,36431,7597,,,1,100,,36432,7597,,,1
8301,'SA',625,,36449,7597,,,1,100,,36450,7597,,,1,100,,36451,7597,,,1,108,,36452,7597,,,1,100,,36433,7597,,,1,100,,36434,7597,,,1,100,,36435,7597,,,1,100,,36436,7597,,,1,100,,36437,7597,,,1,100,,36438,7597,,,1,100,,36439,7597,,,1,100,,36440,7597,,,1,100,,36441,7597,,,1,100,,36442,7597,,,1,100,,36443,7597,,,1,100,,36444,7597,,,1,100,,36445,7597,,,1,100,,36446,7597,,,1,100,,36447,7597,,,1,100,,36448,7597,,,1
8301,'SE',549,,49427,7597,,,1,70,,49418,7597,,,1,20,,49445,7597,,,1,16,,49428,7597,,,1,65,,49426,7597,,,1,20,,49433,7597,,,1,62,,49429,7597,,,1,18,,49414,7597,,,1,20,,49419,7597,,,1,63,,49425,7597,,,1,31,,49412,7597,,,1,20,,49420,7597,,,1,80,,49430,7597,,,1,100,,49415,7597,,,1,100,,49424,7597,,,1,100,,49421,7597,,,1,100,,49416,7597,,,1,101,,49417,7597,,,1,15,,49434,7597,,,1,65,,49431,7597,,,1,21,,49423,7597,,,1,22,,49443,7597,,,1,60,,49444,7597,,,1,18,,49422,7597,,,1,20,,49413,7597,,,1,58,,49432,7597,,,1,20,,49435,7597,,,1,20,,49411,7597,,,1,80,,49436,7597,,,1,100,,49437,7597,,,1,100,,49438,7597,,,1,100,,49439,7597,,,1,100,,49440,7597,,,1,100,,49441,7597,,,1,100,,49442,7597,,,1
16100,'DI',632,,38650,16795,,,2,1172,,38649,16795,,,2
16100,'F1',632,,50332,16795,,,2,1172,,50331,16795,,,2
16100,'F2',632,,50344,16795,,,2,1102,,50345,16795,,,2
16100,'F8',632,,38707,16795,,,2,1102,,38708,16795,,,2
16100,'F9',632,,38721,16795,,,2,1172,,38720,16795,,,2
16100,'SA',632,,38733,16795,,,2,1102,,38734,16795,,,2
16100,'SE',710,,50359,16684,,,2,25,,50360,16684,,,2,65,,50358,16684,,,2,422,,50363,16795,,,2,390,,50361,16795,,,2,41,,50365,16795,,,2,80,,50362,16795,,,2,100,,50364,16795,,,2
18001,'SE',637,,50452,4706,,,2,64,,50454,4706,,,2,13,,50459,4706,,,2,18,,50457,4706,,,2,12,,50456,4706,,,2,58,,50455,4706,,,2,18,,50461,4706,,,2,815,,50458,4706,,,2,71,,50451,4706,,,2,30,,50453,4706,,,2,64,,50460,4706,,,2
28401,'SE',858,,50522,2224,0,52,2,100,,50523,2224,0,52,2,100,,50524,2224,0,52,2,100,,50525,2224,0,52,2,100,,50526,2224,0,52,2,100,,50527,2224,0,52,2,100,,50528,2224,0,52,2
