4200,'DI',617,,29423,2447,,,1,100,,29424,2447,,,1,100,,29425,2447,,,1,100,,29426,2447,,,1,100,,29427,2447,,,1,100,,29428,2447,,,1,100,,29429,2447,,,1,100,,29430,2447,,,1,100,,29431,2447,,,1,100,,29432,2447,,,1,100,,29433,2447,,,1,100,,29434,2447,,,1,100,,29435,2447,,,1,100,,29436,2447,,,1,100,,29437,2447,,,1,100,,29438,2447,,,1,100,,29439,2447,,,1,100,,29440,2447,,,1,100,,29441,2447,,,1,100,,29442,2447,,,1
4200,'F1',617,,46641,2447,,,1,100,,46642,2447,,,1,100,,46643,2447,,,1,100,,46644,2447,,,1,100,,46645,2447,,,1,100,,46646,2447,,,1,100,,46647,2447,,,1,100,,46648,2447,,,1,100,,46649,2447,,,1,100,,46650,2447,,,1,100,,46651,2447,,,1,100,,46652,2447,,,1,100,,46653,2447,,,1,100,,46654,2447,,,1,100,,46655,2447,,,1,100,,46656,2447,,,1,100,,46657,2447,,,1,100,,46658,2447,,,1,100,,46659,2447,,,1,100,,46660,2447,,,1
4200,'F2',617,,46678,2447,,,1,100,,46679,2447,,,1,100,,46680,2447,,,1,100,,46661,2447,,,1,100,,46662,2447,,,1,100,,46663,2447,,,1,100,,46664,2447,,,1,100,,46665,2447,,,1,100,,46666,2447,,,1,100,,46667,2447,,,1,100,,46668,2447,,,1,100,,46669,2447,,,1,100,,46670,2447,,,1,100,,46671,2447,,,1,100,,46672,2447,,,1,100,,46673,2447,,,1,100,,46674,2447,,,1,100,,46675,2447,,,1,100,,46676,2447,,,1,100,,46677,2447,,,1
4200,'F8',617,,29543,2447,,,1,100,,29544,2447,,,1,100,,29545,2447,,,1,100,,29526,2447,,,1,100,,29527,2447,,,1,100,,29528,2447,,,1,100,,29529,2447,,,1,100,,29530,2447,,,1,100,,29531,2447,,,1,100,,29532,2447,,,1,100,,29533,2447,,,1,100,,29534,2447,,,1,100,,29535,2447,,,1,100,,29536,2447,,,1,100,,29537,2447,,,1,100,,29538,2447,,,1,100,,29539,2447,,,1,100,,29540,2447,,,1,100,,29541,2447,,,1,100,,29542,2447,,,1
4200,'F9',617,,29546,2447,,,1,100,,29547,2447,,,1,100,,29548,2447,,,1,100,,29549,2447,,,1,100,,29550,2447,,,1,100,,29551,2447,,,1,100,,29552,2447,,,1,100,,29553,2447,,,1,100,,29554,2447,,,1,100,,29555,2447,,,1,100,,29556,2447,,,1,100,,29557,2447,,,1,100,,29558,2447,,,1,100,,29559,2447,,,1,100,,29560,2447,,,1,100,,29561,2447,,,1,100,,29562,2447,,,1,100,,29563,2447,,,1,100,,29564,2447,,,1,100,,29565,2447,,,1
4200,'SA',617,,29583,2447,,,1,100,,29584,2447,,,1,100,,29585,2447,,,1,100,,29566,2447,,,1,100,,29567,2447,,,1,100,,29568,2447,,,1,100,,29569,2447,,,1,100,,29570,2447,,,1,100,,29571,2447,,,1,100,,29572,2447,,,1,100,,29573,2447,,,1,100,,29574,2447,,,1,100,,29575,2447,,,1,100,,29576,2447,,,1,100,,29577,2447,,,1,100,,29578,2447,,,1,100,,29579,2447,,,1,100,,29580,2447,,,1,100,,29581,2447,,,1,100,,29582,2447,,,1
4200,'SE',558,,46723,2447,,,1,76,,46683,2447,,,1,69,,46716,2447,,,1,12,,46690,2447,,,1,6,,46722,2447,,,1,6,,46694,2447,,,1,6,,46691,2447,,,1,22,,46697,2447,,,1,62,,46695,2447,,,1,34,,46689,2447,,,1,70,,46696,2447,,,1,30,,46692,2447,,,1,70,,46698,2447,,,1,30,,46713,2447,,,1,70,,46682,2447,,,1,30,,46712,2447,,,1,70,,46684,2447,,,1,30,,46715,2447,,,1,70,,46699,2447,,,1,30,,46693,2447,,,1,70,,46688,2447,,,1,30,,46701,2447,,,1,71,,46705,2447,,,1,30,,46700,2447,,,1,67,,46717,2447,,,1,24,,46711,2447,,,1,15,,46685,2447,,,1,54,,46686,2447,,,1,14,,46718,2447,,,1,14,,46714,2447,,,1,15,,46681,2447,,,1,67,,46706,2447,,,1,30,,46719,2447,,,1,73,,46707,2447,,,1,34,,46720,2447,,,1,70,,46708,2447,,,1,29,,46721,2447,,,1,70,,46709,2447,,,1,30,,46687,2447,,,1,70,,46710,2447,,,1,91,,46702,2447,,,1,100,,46703,2447,,,1,100,,46704,2447,,,1
5000,'DI',720,,31252,2468,,,2,100,,31260,2468,,,2,100,,31258,2468,,,2,103,,31259,2468,,,2,94,,31261,2468,,,2,103,,31262,2468,,,2,103,,31263,2468,,,2,97,,31251,2468,,,2,96,,31264,2468,,,2,103,,31249,2468,,,2,106,,31248,2468,,,2,95,,31257,2468,,,2,100,,31250,2468,,,2,100,,31253,2468,,,2,100,,31255,2468,,,2,100,,31265,2468,,,2,100,,31254,2468,,,2,100,,31256,2468,,,2,100,,31266,2468,,,2
5000,'F1',720,,47364,2468,,,2,100,,47372,2468,,,2,100,,47370,2468,,,2,103,,47371,2468,,,2,94,,47373,2468,,,2,103,,47374,2468,,,2,103,,47375,2468,,,2,97,,47363,2468,,,2,96,,47376,2468,,,2,103,,47361,2468,,,2,106,,47360,2468,,,2,95,,47369,2468,,,2,100,,47362,2468,,,2,100,,47365,2468,,,2,100,,47367,2468,,,2,100,,47377,2468,,,2,100,,47366,2468,,,2,100,,47368,2468,,,2,100,,47378,2468,,,2
5000,'F2',620,,47386,2468,,,2,98,,47385,2468,,,2,102,,47390,2468,,,2,97,,47394,2468,,,2,103,,47395,2468,,,2,96,,47399,2468,,,2,102,,47396,2468,,,2,98,,47380,2468,,,2,99,,47381,2468,,,2,103,,47382,2468,,,2,103,,47383,2468,,,2,103,,47384,2468,,,2,96,,47387,2468,,,2,100,,47398,2468,,,2,100,,47397,2468,,,2,100,,47388,2468,,,2,97,,47391,2468,,,2,103,,47392,2468,,,2,101,,47393,2468,,,2,99,,47389,2468,,,2
5000,'F8',620,,31342,2468,,,2,98,,31341,2468,,,2,102,,31346,2468,,,2,97,,31350,2468,,,2,103,,31351,2468,,,2,96,,31355,2468,,,2,102,,31352,2468,,,2,98,,31336,2468,,,2,99,,31337,2468,,,2,103,,31338,2468,,,2,103,,31339,2468,,,2,103,,31340,2468,,,2,96,,31343,2468,,,2,100,,31354,2468,,,2,100,,31353,2468,,,2,100,,31344,2468,,,2,97,,31347,2468,,,2,103,,31348,2468,,,2,101,,31349,2468,,,2,99,,31345,2468,,,2
5000,'F9',720,,31360,2468,,,2,100,,31368,2468,,,2,100,,31366,2468,,,2,103,,31367,2468,,,2,94,,31369,2468,,,2,103,,31370,2468,,,2,103,,31371,2468,,,2,97,,31359,2468,,,2,96,,31372,2468,,,2,103,,31357,2468,,,2,106,,31356,2468,,,2,95,,31365,2468,,,2,100,,31358,2468,,,2,100,,31361,2468,,,2,100,,31363,2468,,,2,100,,31373,2468,,,2,100,,31362,2468,,,2,100,,31364,2468,,,2,100,,31374,2468,,,2
5000,'SA',620,,31382,2468,,,2,98,,31381,2468,,,2,102,,31386,2468,,,2,97,,31390,2468,,,2,103,,31391,2468,,,2,96,,31395,2468,,,2,102,,31392,2468,,,2,98,,31376,2468,,,2,99,,31377,2468,,,2,103,,31378,2468,,,2,103,,31379,2468,,,2,103,,31380,2468,,,2,96,,31383,2468,,,2,100,,31394,2468,,,2,100,,31393,2468,,,2,100,,31384,2468,,,2,97,,31387,2468,,,2,103,,31388,2468,,,2,101,,31389,2468,,,2,99,,31385,2468,,,2
5000,'SE',710,,47411,2468,,,2,30,,47409,2468,,,2,70,,47423,2468,,,2,33,,47404,2468,,,2,67,,47408,2468,,,2,100,,47424,2468,,,2,100,,47400,2468,,,2,100,,47413,2468,,,2,100,,47406,2468,,,2,99,,47402,2468,,,2,102,,47414,2468,,,2,28,,47425,2468,,,2,70,,47419,2468,,,2,34,,47426,2468,,,2,66,,47405,2468,,,2,30,,47421,2468,,,2,70,,47420,2468,,,2,31,,47407,2468,,,2,70,,47417,2468,,,2,100,,47415,2468,,,2,100,,47418,2468,,,2,100,,47427,2468,,,2,100,,47416,2468,,,2,100,,47401,2468,,,2,100,,47403,2468,,,2
6000,'SE',627,,47742,2447,,,1,84,,47745,2447,,,1,37,,47731,2447,,,1,87,,47748,2447,,,1,101,,47743,2447,,,1,100,,47736,2447,,,1,100,,47749,2447,,,1,100,,47740,2447,,,1,100,,47738,2447,,,1,100,,47753,2447,,,1,96,,47746,2447,,,1,70,,47737,2447,,,1,25,,47750,2447,,,1,24,,47732,2447,,,1,68,,47744,2447,,,1,28,,47747,2447,,,1,65,,47733,2447,,,1,30,,47741,2447,,,1,69,,47751,2447,,,1,99,,47730,2447,,,1,99,,47734,2447,,,1,100,,47739,2447,,,1,50,,47735,2447,,,1,100,,47752,2447,,,1
16000,'DI',658,,38365,2447,0,19 20,1,100,,38368,2447,0,19 20,1,100,,38371,2447,0,19 20,1,100,,38366,2447,0,19 20,1,100,,38372,2447,0,19 20,1,100,,38364,2447,0,19 20,1,100,,38373,2447,0,19 20,1,100,,38362,2447,0,19 20,1,100,,38360,2447,0,19 20,1,100,,38369,2447,0,19 20,1,100,,38367,2447,0,19 20,1,100,,38374,2447,0,19 20,1,100,,38370,2447,0,19 20,1,142,,38363,2447,0,19 20,1,58,,38361,2447,0,19 20,1
16000,'F1',658,,50212,2447,0,19 20,1,100,,50215,2447,0,19 20,1,100,,50218,2447,0,19 20,1,100,,50213,2447,0,19 20,1,100,,50219,2447,0,19 20,1,100,,50211,2447,0,19 20,1,100,,50220,2447,0,19 20,1,100,,50209,2447,0,19 20,1,100,,50207,2447,0,19 20,1,100,,50216,2447,0,19 20,1,100,,50214,2447,0,19 20,1,100,,50221,2447,0,19 20,1,100,,50217,2447,0,19 20,1,142,,50210,2447,0,19 20,1,58,,50208,2447,0,19 20,1
16000,'F2',658,,50226,2447,0,19 20,1,99,,50229,2447,0,19 20,1,101,,50225,2447,0,19 20,1,100,,50222,2447,0,19 20,1,100,,50228,2447,0,19 20,1,99,,50233,2447,0,19 20,1,101,,50223,2447,0,19 20,1,100,,50227,2447,0,19 20,1,100,,50234,2447,0,19 20,1,100,,50230,2447,0,19 20,1,100,,50224,2447,0,19 20,1,100,,50235,2447,0,19 20,1,100,,50231,2447,0,19 20,1,101,,50236,2447,0,19 20,1,99,,50232,2447,0,19 20,1
16000,'F8',658,,38429,2447,0,19 20,1,99,,38432,2447,0,19 20,1,101,,38428,2447,0,19 20,1,100,,38425,2447,0,19 20,1,100,,38431,2447,0,19 20,1,99,,38436,2447,0,19 20,1,101,,38426,2447,0,19 20,1,100,,38430,2447,0,19 20,1,100,,38437,2447,0,19 20,1,100,,38433,2447,0,19 20,1,100,,38427,2447,0,19 20,1,100,,38438,2447,0,19 20,1,100,,38434,2447,0,19 20,1,101,,38439,2447,0,19 20,1,99,,38435,2447,0,19 20,1
16000,'F9',658,,38445,2447,0,19 20,1,100,,38448,2447,0,19 20,1,100,,38451,2447,0,19 20,1,100,,38446,2447,0,19 20,1,100,,38452,2447,0,19 20,1,100,,38444,2447,0,19 20,1,100,,38453,2447,0,19 20,1,100,,38442,2447,0,19 20,1,100,,38440,2447,0,19 20,1,100,,38449,2447,0,19 20,1,100,,38447,2447,0,19 20,1,100,,38454,2447,0,19 20,1,100,,38450,2447,0,19 20,1,142,,38443,2447,0,19 20,1,58,,38441,2447,0,19 20,1
16000,'SA',658,,38459,2447,0,19 20,1,99,,16667,2447,0,19 20,1,101,,38458,2447,0,19 20,1,100,,38455,2447,0,19 20,1,100,,38461,2447,0,19 20,1,99,,38464,2447,0,19 20,1,101,,38456,2447,0,19 20,1,100,,38460,2447,0,19 20,1,100,,38465,2447,0,19 20,1,100,,16668,2447,0,19 20,1,100,,38457,2447,0,19 20,1,100,,38466,2447,0,19 20,1,100,,38462,2447,0,19 20,1,101,,38467,2447,0,19 20,1,99,,38463,2447,0,19 20,1
16000,'SE',612,,50239,2447,0,19 20,1,95,,50249,2447,0,19 20,1,38,,50247,2447,0,19 20,1,95,,50250,2447,0,19 20,1,89,,50248,2447,0,19 20,1,86,,50240,2447,0,19 20,1,100,,50241,2447,0,19 20,1,100,,50242,2447,0,19 20,1,100,,50251,2447,0,19 20,1,100,,50246,2447,0,19 20,1,98,,50253,2447,0,19 20,1,30,,50259,2447,0,19 20,1,68,,50237,2447,0,19 20,1,24,,50252,2447,0,19 20,1,70,,50254,2447,0,19 20,1,28,,50255,2447,0,19 20,1,70,,50245,2447,0,19 20,1,30,,50260,2447,0,19 20,1,70,,50243,2447,0,19 20,1,47,,50238,2447,0,19 20,1,100,,50244,2447,0,19 20,1,100,,50257,2447,0,19 20,1,92,,50256,2447,0,19 20,1,100,,50258,2447,0,19 20,1
