2300,'F2',658,,45829,7492,,,1,100,,45830,7492,,,1,100,,45821,7492,,,1,101,,45822,7492,,,1,99,,45825,7492,,,1,143,,45826,7492,,,1,57,,45831,7492,,,1,100,,45832,7492,,,1,100,,45828,7492,,,1,100,,45827,7492,,,1,100,,45823,7492,,,1,142,,45824,7492,,,1
2300,'F8',658,,27462,7492,,,1,100,,27463,7492,,,1,100,,27454,7492,,,1,101,,27455,7492,,,1,99,,27458,7492,,,1,143,,27459,7492,,,1,57,,27464,7492,,,1,100,,27465,7492,,,1,100,,27461,7492,,,1,100,,27460,7492,,,1,100,,27456,7492,,,1,142,,27457,7492,,,1
2300,'SA',658,,27474,7492,,,1,100,,27475,7492,,,1,100,,27466,7492,,,1,101,,27467,7492,,,1,99,,27470,7492,,,1,143,,27471,7492,,,1,57,,27476,7492,,,1,100,,27477,7492,,,1,100,,27473,7492,,,1,100,,27472,7492,,,1,100,,27468,7492,,,1,142,,27469,7492,,,1
2300,'SE',1000,,45837,7492,,,1,100,,45833,7492,,,1,100,,45836,7492,,,1,100,,45834,7492,,,1,100,,45835,7492,,,1
12300,'DI',628,,37610,7492,0,42 43,1,100,,37620,7492,0,42 43,1,100,,37611,7492,0,42 43,1,100,,37621,7492,0,42 43,1,100,,37612,7492,0,42 43,1,100,,37622,7492,0,42 43,1,105,,37613,7492,0,42 43,1,95,,37623,7492,0,42 43,1,100,,37614,7492,0,42 43,1,100,,37624,7492,0,42 43,1,100,,37615,7492,0,42 43,1,100,,37625,7492,0,42 43,1,100,,37616,7492,0,42 43,1,100,,37626,7492,0,42 43,1,100,,37617,7492,0,42 43,1,100,,37627,7492,0,42 43,1,100,,37618,7492,0,42 43,1,100,,37628,7492,0,42 43,1,100,,37619,7492,0,42 43,1
12300,'F1',628,,49910,7492,0,42 43,1,100,,49920,7492,0,42 43,1,100,,49911,7492,0,42 43,1,100,,49921,7492,0,42 43,1,100,,49912,7492,0,42 43,1,100,,49922,7492,0,42 43,1,105,,49913,7492,0,42 43,1,95,,49923,7492,0,42 43,1,100,,49914,7492,0,42 43,1,100,,49924,7492,0,42 43,1,100,,49915,7492,0,42 43,1,100,,49925,7492,0,42 43,1,100,,49916,7492,0,42 43,1,100,,49926,7492,0,42 43,1,100,,49917,7492,0,42 43,1,100,,49927,7492,0,42 43,1,100,,49918,7492,0,42 43,1,100,,49928,7492,0,42 43,1,100,,49919,7492,0,42 43,1
12300,'F2',628,,49930,7492,0,42 43,1,100,,49929,7492,0,42 43,1,100,,49931,7492,0,42 43,1,105,,49940,7492,0,42 43,1,99,,49932,7492,0,42 43,1,100,,49941,7492,0,42 43,1,100,,49933,7492,0,42 43,1,96,,49942,7492,0,42 43,1,100,,49934,7492,0,42 43,1,100,,49943,7492,0,42 43,1,104,,49935,7492,0,42 43,1,101,,49944,7492,0,42 43,1,99,,49936,7492,0,42 43,1,96,,49945,7492,0,42 43,1,100,,49937,7492,0,42 43,1,100,,49946,7492,0,42 43,1,100,,49938,7492,0,42 43,1,100,,49947,7492,0,42 43,1,100,,49939,7492,0,42 43,1
12300,'F8',628,,37705,7492,0,42 43,1,100,,37704,7492,0,42 43,1,100,,37706,7492,0,42 43,1,105,,37715,7492,0,42 43,1,99,,37707,7492,0,42 43,1,100,,37716,7492,0,42 43,1,100,,37708,7492,0,42 43,1,96,,37717,7492,0,42 43,1,100,,37709,7492,0,42 43,1,100,,37718,7492,0,42 43,1,104,,37710,7492,0,42 43,1,101,,37719,7492,0,42 43,1,99,,37711,7492,0,42 43,1,96,,37720,7492,0,42 43,1,100,,37712,7492,0,42 43,1,100,,37721,7492,0,42 43,1,100,,37713,7492,0,42 43,1,100,,37722,7492,0,42 43,1,100,,37714,7492,0,42 43,1
12300,'F9',628,,37723,7492,0,42 43,1,100,,37733,7492,0,42 43,1,100,,37724,7492,0,42 43,1,100,,37734,7492,0,42 43,1,100,,37725,7492,0,42 43,1,100,,37735,7492,0,42 43,1,105,,37726,7492,0,42 43,1,95,,37736,7492,0,42 43,1,100,,37727,7492,0,42 43,1,100,,37737,7492,0,42 43,1,100,,37728,7492,0,42 43,1,100,,37738,7492,0,42 43,1,100,,37729,7492,0,42 43,1,100,,37739,7492,0,42 43,1,100,,37730,7492,0,42 43,1,100,,37740,7492,0,42 43,1,100,,37731,7492,0,42 43,1,100,,37741,7492,0,42 43,1,100,,37732,7492,0,42 43,1
12300,'SA',628,,37743,7492,0,42 43,1,100,,37742,7492,0,42 43,1,100,,37744,7492,0,42 43,1,105,,37753,7492,0,42 43,1,99,,37745,7492,0,42 43,1,100,,37754,7492,0,42 43,1,100,,37746,7492,0,42 43,1,96,,37755,7492,0,42 43,1,100,,37747,7492,0,42 43,1,100,,37756,7492,0,42 43,1,104,,37748,7492,0,42 43,1,101,,37757,7492,0,42 43,1,99,,37749,7492,0,42 43,1,96,,37758,7492,0,42 43,1,100,,37750,7492,0,42 43,1,100,,37759,7492,0,42 43,1,100,,37751,7492,0,42 43,1,100,,37760,7492,0,42 43,1,100,,37752,7492,0,42 43,1
12300,'SE',521,,49961,7492,0,42 43,1,33,,49949,7492,0,42 43,1,55,,49984,7492,0,42 43,1,10,,49964,7492,0,42 43,1,10,,49954,7492,0,42 43,1,10,,49952,7492,0,42 43,1,12,,49967,7492,0,42 43,1,8,,49956,7492,0,42 43,1,52,,49968,7492,0,42 43,1,10,,49953,7492,0,42 43,1,21,,49970,7492,0,42 43,1,17,,49974,7492,0,42 43,1,70,,49965,7492,0,42 43,1,27,,49971,7492,0,42 43,1,69,,49951,7492,0,42 43,1,102,,49972,7492,0,42 43,1,100,,49957,7492,0,42 43,1,99,,49966,7492,0,42 43,1,103,,49958,7492,0,42 43,1,5,,49955,7492,0,42 43,1,93,,49969,7492,0,42 43,1,30,,49959,7492,0,42 43,1,72,,49976,7492,0,42 43,1,26,,49980,7492,0,42 43,1,71,,49975,7492,0,42 43,1,31,,49950,7492,0,42 43,1,71,,49960,7492,0,42 43,1,29,,49977,7492,0,42 43,1,75,,49973,7492,0,42 43,1,68,,49962,7492,0,42 43,1,30,,49981,7492,0,42 43,1,29,,49963,7492,0,42 43,1,70,,49948,7492,0,42 43,1,100,,49982,7492,0,42 43,1,100,,49978,7492,0,42 43,1,97,,49983,7492,0,42 43,1,100,,49979,7492,0,42 43,1
