800,'DI',614,,22786,12338,,,1,34,,22781,12338,,,1,70,,2441,12338,,,1,30,,2447,12338,,,1,70,,22787,12338,,,1,30,,22782,12338,,,1,74,,2442,12338,,,1,30,,2448,12338,,,1,70,,22788,12338,,,1,30,,22783,12338,,,1,70,,2443,12338,,,1,30,,2449,12338,,,1,72,,22789,12338,,,1,30,,2436,12338,,,1,70,,2444,12338,,,1,30,,2450,12338,,,1,70,,22790,12338,,,1,30,,22784,12338,,,1,70,,2445,12338,,,1,29,,22793,12338,,,1,70,,22791,12338,,,1,30,,22785,12338,,,1,68,,2446,12338,,,1,30,,22794,12338,,,1,72,,22792,12338,,,1,83,,2437,12338,,,1,99,,22795,12338,,,1,100,,2438,12338,,,1,99,,22796,12338,,,1,100,,2439,12338,,,1,100,,22797,12338,,,1,100,,2440,12338,,,1,100,,22780,12338,,,1
800,'F8',616,,22955,12338,,,1,30,,22938,12338,,,1,72,,22951,12338,,,1,30,,22953,12338,,,1,71,,22956,12338,,,1,30,,22939,12338,,,1,70,,22952,12338,,,1,32,,22954,12338,,,1,70,,22957,12338,,,1,32,,22940,12338,,,1,70,,22946,12338,,,1,30,,22962,12338,,,1,68,,22958,12338,,,1,32,,22941,12338,,,1,70,,22947,12338,,,1,30,,22963,12338,,,1,70,,22959,12338,,,1,30,,22966,12338,,,1,70,,22948,12338,,,1,30,,22964,12338,,,1,70,,22960,12338,,,1,30,,22967,12338,,,1,70,,22949,12338,,,1,30,,22965,12338,,,1,71,,22961,12338,,,1,28,,22934,12338,,,1,70,,22950,12338,,,1,86,,22942,12338,,,1,97,,22935,12338,,,1,100,,22943,12338,,,1,100,,22936,12338,,,1,100,,22944,12338,,,1,100,,22937,12338,,,1,100,,22945,12338,,,1
800,'F9',614,,22989,12338,,,1,34,,22969,12338,,,1,70,,22977,12338,,,1,30,,22983,12338,,,1,70,,22990,12338,,,1,30,,22970,12338,,,1,74,,22978,12338,,,1,30,,22984,12338,,,1,70,,22991,12338,,,1,30,,22971,12338,,,1,70,,22979,12338,,,1,30,,22985,12338,,,1,72,,22992,12338,,,1,30,,22972,12338,,,1,70,,22980,12338,,,1,30,,22986,12338,,,1,70,,22993,12338,,,1,30,,22987,12338,,,1,70,,22981,12338,,,1,29,,22996,12338,,,1,70,,22994,12338,,,1,30,,22988,12338,,,1,68,,22982,12338,,,1,30,,22997,12338,,,1,72,,22995,12338,,,1,83,,22973,12338,,,1,99,,22998,12338,,,1,100,,22974,12338,,,1,99,,22999,12338,,,1,100,,22975,12338,,,1,100,,23000,12338,,,1,100,,22976,12338,,,1,100,,22968,12338,,,1
800,'SA',616,,23022,12338,,,1,30,,23005,12338,,,1,72,,23018,12338,,,1,30,,23020,12338,,,1,71,,23023,12338,,,1,30,,23006,12338,,,1,70,,23019,12338,,,1,32,,23021,12338,,,1,70,,23024,12338,,,1,32,,23007,12338,,,1,70,,23013,12338,,,1,30,,23029,12338,,,1,68,,23025,12338,,,1,32,,23008,12338,,,1,70,,23014,12338,,,1,30,,23030,12338,,,1,70,,23026,12338,,,1,30,,2660,12338,,,1,70,,23015,12338,,,1,30,,23031,12338,,,1,70,,23027,12338,,,1,30,,2661,12338,,,1,70,,23016,12338,,,1,30,,23032,12338,,,1,71,,23028,12338,,,1,28,,23001,12338,,,1,70,,23017,12338,,,1,86,,23009,12338,,,1,97,,23002,12338,,,1,100,,23010,12338,,,1,100,,23003,12338,,,1,100,,23011,12338,,,1,100,,23004,12338,,,1,100,,23012,12338,,,1
800,'SE',522,,23067,12338,,,1,28,,23069,12338,,,1,62,,23076,12338,,,1,41,,23033,12338,,,1,65,,23048,12338,,,1,2,,23049,12338,,,1,6,,23068,12338,,,1,21,,23070,12338,,,1,59,,23061,12338,,,1,13,,23036,12338,,,1,15,,23037,12338,,,1,15,,23040,12338,,,1,55,,23034,12338,,,1,17,,23050,12338,,,1,15,,23046,12338,,,1,14,,23071,12338,,,1,55,,23042,12338,,,1,15,,23095,12338,,,1,15,,23038,12338,,,1,15,,23041,12338,,,1,55,,23035,12338,,,1,15,,23047,12338,,,1,15,,23051,12338,,,1,17,,23079,12338,,,1,55,,23072,12338,,,1,15,,23080,12338,,,1,15,,23054,12338,,,1,15,,23098,12338,,,1,55,,23099,12338,,,1,15,,23096,12338,,,1,15,,23085,12338,,,1,15,,23083,12338,,,1,55,,23062,12338,,,1,15,,23043,12338,,,1,15,,23081,12338,,,1,18,,23039,12338,,,1,55,,23097,12338,,,1,17,,23084,12338,,,1,14,,23093,12338,,,1,4,,23055,12338,,,1,13,,23052,12338,,,1,55,,23088,12338,,,1,15,,23087,12338,,,1,15,,23073,12338,,,1,15,,23044,12338,,,1,52,,23082,12338,,,1,12,,23100,12338,,,1,13,,23086,12338,,,1,11,,23066,12338,,,1,9,,23065,12338,,,1,52,,23094,12338,,,1,11,,23053,12338,,,1,12,,23089,12338,,,1,12,,23059,12338,,,1,7,,23060,12338,,,1,10,,23077,12338,,,1,50,,23045,12338,,,1,20,,23063,12338,,,1,27,,23090,12338,,,1,68,,23074,12338,,,1,28,,23078,12338,,,1,68,,23064,12338,,,1,30,,23091,12338,,,1,70,,23075,12338,,,1,85,,23056,12338,,,1,100,,23092,12338,,,1,96,,23057,12338,,,1,100,,23058,12338,,,1
4200,'DI',626,,29423,7650,,,1,100,,29424,7650,,,1,100,,29425,7650,,,1,100,,29426,7650,,,1,100,,29427,7650,,,1,101,,29428,7650,,,1,100,,29429,7650,,,1,100,,29430,7650,,,1,100,,29431,7650,,,1,100,,29432,7650,,,1,100,,29433,7650,,,1,100,,29434,7650,,,1,100,,29435,7650,,,1,100,,29436,7650,,,1,99,,29437,7650,,,1,100,,29438,7650,,,1,100,,29439,7650,,,1,100,,29440,7650,,,1,100,,29441,7650,,,1,100,,29442,7650,,,1
4200,'F8',626,,29543,7650,,,1,100,,29544,7650,,,1,100,,29545,7650,,,1,100,,29526,7650,,,1,100,,29527,7650,,,1,101,,29528,7650,,,1,100,,29529,7650,,,1,100,,29530,7650,,,1,100,,29531,7650,,,1,100,,29532,7650,,,1,100,,29533,7650,,,1,100,,29534,7650,,,1,100,,29535,7650,,,1,100,,29536,7650,,,1,99,,29537,7650,,,1,100,,29538,7650,,,1,100,,29539,7650,,,1,100,,29540,7650,,,1,100,,29541,7650,,,1,100,,29542,7650,,,1
4200,'F9',626,,29546,7650,,,1,100,,29547,7650,,,1,100,,29548,7650,,,1,100,,29549,7650,,,1,100,,29550,7650,,,1,101,,29551,7650,,,1,100,,29552,7650,,,1,100,,29553,7650,,,1,100,,29554,7650,,,1,100,,29555,7650,,,1,100,,29556,7650,,,1,100,,29557,7650,,,1,100,,29558,7650,,,1,100,,29559,7650,,,1,99,,29560,7650,,,1,100,,29561,7650,,,1,100,,29562,7650,,,1,100,,29563,7650,,,1,100,,29564,7650,,,1,100,,29565,7650,,,1
4200,'SA',626,,29583,7650,,,1,100,,29584,7650,,,1,100,,29585,7650,,,1,100,,29566,7650,,,1,100,,29567,7650,,,1,101,,29568,7650,,,1,100,,29569,7650,,,1,100,,29570,7650,,,1,100,,29571,7650,,,1,100,,29572,7650,,,1,100,,29573,7650,,,1,100,,29574,7650,,,1,100,,29575,7650,,,1,100,,29576,7650,,,1,99,,29577,7650,,,1,100,,29578,7650,,,1,100,,29579,7650,,,1,100,,29580,7650,,,1,100,,29581,7650,,,1,100,,29582,7650,,,1
4200,'SE',608,,29614,7650,,,1,36,,29596,7650,,,1,70,,29599,7650,,,1,12,,29595,7650,,,1,6,,29597,7650,,,1,6,,29592,7650,,,1,6,,29593,7650,,,1,62,,29591,7650,,,1,21,,29600,7650,,,1,74,,29627,7650,,,1,30,,29628,7650,,,1,70,,29594,7650,,,1,30,,29618,7650,,,1,70,,29598,7650,,,1,30,,29623,7650,,,1,70,,29601,7650,,,1,30,,29624,7650,,,1,70,,29587,7650,,,1,30,,29604,7650,,,1,70,,29602,7650,,,1,30,,29616,7650,,,1,70,,29626,7650,,,1,33,,29605,7650,,,1,70,,29621,7650,,,1,28,,29619,7650,,,1,24,,29625,7650,,,1,55,,29622,7650,,,1,13,,29586,7650,,,1,14,,29620,7650,,,1,13,,29615,7650,,,1,55,,29617,7650,,,1,27,,29603,7650,,,1,70,,29606,7650,,,1,31,,29610,7650,,,1,74,,29607,7650,,,1,30,,29611,7650,,,1,69,,29608,7650,,,1,30,,29612,7650,,,1,70,,29609,7650,,,1,30,,29613,7650,,,1,91,,29588,7650,,,1,100,,29589,7650,,,1,100,,29590,7650,,,1
44200,'SE',1626,,39998,11667,0,15,2,99,,39999,11667,0,15,2
