3100,'SE',628,,28368,3615,,,1,30,,28352,3615,,,1,70,,28351,3615,,,1,30,,28359,3615,,,1,70,,28361,3615,,,1,29,,28355,3615,,,1,70,,28360,3615,,,1,30,,28356,3615,,,1,70,,28367,3615,,,1,30,,28358,3615,,,1,70,,28343,3615,,,1,30,,28353,3615,,,1,70,,28365,3615,,,1,30,,28345,3615,,,1,70,,28336,3615,,,1,30,,28349,3615,,,1,71,,28357,3615,,,1,30,,28346,3615,,,1,70,,28362,3615,,,1,30,,28339,3615,,,1,70,,28354,3615,,,1,30,,28337,3615,,,1,70,,28340,3615,,,1,30,,28366,3615,,,1,70,,28338,3615,,,1,31,,28341,3615,,,1,70,,28347,3615,,,1,30,,28363,3615,,,1,69,,28350,3615,,,1,30,,28344,3615,,,1,70,,28364,3615,,,1,100,,28348,3615,,,1,99,,28342,3615,,,1
21400,'DI',919,,39011,6847,,,1,100,,39012,6847,,,1,100,,39013,6847,,,1,100,,39014,6847,,,1,100,,39015,6847,,,1,100,,39016,6847,,,1,100,,39017,6847,,,1,100,,39018,6847,,,1,100,,39019,6847,,,1,100,,39020,6847,,,1
21400,'F8',919,,39034,6847,,,1,100,,39035,6847,,,1,100,,39036,6847,,,1,100,,39037,6847,,,1,100,,39038,6847,,,1,100,,39039,6847,,,1,100,,39040,6847,,,1,100,,39041,6847,,,1,100,,39042,6847,,,1,100,,39043,6847,,,1
21400,'F9',919,,39044,6847,,,1,100,,39045,6847,,,1,100,,39046,6847,,,1,100,,39047,6847,,,1,100,,39048,6847,,,1,100,,39049,6847,,,1,100,,39050,6847,,,1,100,,39051,6847,,,1,100,,39052,6847,,,1,100,,39053,6847,,,1
21400,'SA',919,,39054,6847,,,1,100,,39055,6847,,,1,100,,39056,6847,,,1,100,,39057,6847,,,1,100,,39058,6847,,,1,100,,39059,6847,,,1,100,,39060,6847,,,1,100,,39061,6847,,,1,100,,39062,6847,,,1,100,,39063,6847,,,1
84800,'DI',641,,19758,5189,4,,2,70,,19759,5189,4,,2,30,,19760,5189,4,,2,70,,19761,5189,4,,2,30,,19762,5189,4,,2,70,,19763,5189,4,,2,30,,19764,5189,4,,2,70,,19765,5189,4,,2,30,,19766,5189,4,,2,70,,19767,5189,4,,2,30,,19768,5189,4,,2,70,,19769,5189,4,,2,30,,19770,5189,4,,2,70,,19771,5189,4,,2,30,,19772,5189,4,,2,70,,19773,5189,4,,2,30,,19774,5189,4,,2,70,,19775,5189,4,,2,30,,19776,5189,4,,2,70,,19777,5189,4,,2,30,,19778,5189,4,,2,70,,19779,5189,4,,2,30,,19780,5189,4,,2,70,,19781,5189,4,,2,30,,19782,5189,4,,2,70,,19783,5189,4,,2,30,,19784,5189,4,,2,70,,19785,5189,4,,2,30,,19786,5189,4,,2,70,,19787,5189,4,,2,30,,19788,5189,4,,2,70,,19789,5189,4,,2,30,,19790,5189,4,,2,70,,19791,5189,4,,2,30,,19792,5189,4,,2,70,,19793,5189,4,,2,30,,19794,5189,4,,2
84800,'F8',641,,42051,5189,4,,2,70,,42052,5189,4,,2,30,,42053,5189,4,,2,70,,42054,5189,4,,2,30,,42055,5189,4,,2,70,,42056,5189,4,,2,30,,42057,5189,4,,2,70,,42058,5189,4,,2,30,,42059,5189,4,,2,70,,42060,5189,4,,2,30,,42061,5189,4,,2,70,,42062,5189,4,,2,30,,42063,5189,4,,2,70,,42064,5189,4,,2,30,,42065,5189,4,,2,70,,42066,5189,4,,2,30,,42067,5189,4,,2,70,,42068,5189,4,,2,30,,42069,5189,4,,2,70,,42070,5189,4,,2,30,,42071,5189,4,,2,70,,42072,5189,4,,2,30,,42073,5189,4,,2,70,,42074,5189,4,,2,30,,42075,5189,4,,2,70,,42076,5189,4,,2,30,,42077,5189,4,,2,70,,42078,5189,4,,2,30,,42079,5189,4,,2,70,,42080,5189,4,,2,30,,42081,5189,4,,2,70,,42082,5189,4,,2,30,,42083,5189,4,,2,70,,42084,5189,4,,2,30,,42085,5189,4,,2,70,,42086,5189,4,,2,30,,42087,5189,4,,2
84800,'F9',641,,42088,5189,4,,2,70,,42089,5189,4,,2,30,,42090,5189,4,,2,70,,42091,5189,4,,2,30,,42092,5189,4,,2,70,,42093,5189,4,,2,30,,42094,5189,4,,2,70,,42095,5189,4,,2,30,,42096,5189,4,,2,70,,42097,5189,4,,2,30,,42098,5189,4,,2,70,,42099,5189,4,,2,30,,42100,5189,4,,2,70,,42101,5189,4,,2,30,,42102,5189,4,,2,70,,42103,5189,4,,2,30,,42104,5189,4,,2,70,,42105,5189,4,,2,30,,42106,5189,4,,2,70,,42107,5189,4,,2,30,,42108,5189,4,,2,70,,42109,5189,4,,2,30,,42110,5189,4,,2,70,,42111,5189,4,,2,30,,42112,5189,4,,2,70,,42113,5189,4,,2,30,,42114,5189,4,,2,70,,42115,5189,4,,2,30,,42116,5189,4,,2,70,,42117,5189,4,,2,30,,42118,5189,4,,2,70,,42119,5189,4,,2,30,,42120,5189,4,,2,70,,42121,5189,4,,2,30,,42122,5189,4,,2,70,,42123,5189,4,,2,30,,42124,5189,4,,2
84800,'SA',641,,19906,5189,4,,2,70,,19907,5189,4,,2,30,,19908,5189,4,,2,70,,19909,5189,4,,2,30,,19910,5189,4,,2,70,,19911,5189,4,,2,30,,19912,5189,4,,2,70,,19913,5189,4,,2,30,,19914,5189,4,,2,70,,19915,5189,4,,2,30,,19916,5189,4,,2,70,,19917,5189,4,,2,30,,19918,5189,4,,2,70,,19919,5189,4,,2,30,,19920,5189,4,,2,70,,19921,5189,4,,2,30,,19922,5189,4,,2,70,,19923,5189,4,,2,30,,19924,5189,4,,2,70,,19925,5189,4,,2,30,,19926,5189,4,,2,70,,19927,5189,4,,2,30,,19928,5189,4,,2,70,,19929,5189,4,,2,30,,19930,5189,4,,2,70,,19931,5189,4,,2,30,,19932,5189,4,,2,70,,19933,5189,4,,2,30,,19934,5189,4,,2,70,,19935,5189,4,,2,30,,19936,5189,4,,2,70,,19937,5189,4,,2,30,,19938,5189,4,,2,70,,19939,5189,4,,2,30,,19940,5189,4,,2,70,,19941,5189,4,,2,30,,19942,5189,4,,2
84801,'DI',641,,19943,0,,,2,70,,19944,0,,,2,30,,19945,0,,,2,70,,19946,0,,,2,30,,19947,0,,,2,70,,19948,0,,,2,30,,19949,0,,,2,70,,19950,0,,,2,30,,19951,0,,,2,70,,19952,0,,,2,30,,19953,0,,,2,70,,19954,0,,,2,30,,19955,0,,,2,70,,19956,0,,,2,30,,19957,0,,,2,70,,19958,0,,,2,30,,19959,0,,,2,70,,19960,0,,,2,30,,19961,0,,,2,70,,19962,0,,,2,30,,19963,0,,,2,70,,19964,0,,,2,30,,19965,0,,,2,70,,19966,0,,,2,30,,19967,0,,,2,70,,19968,0,,,2,30,,19969,0,,,2,70,,19970,0,,,2,30,,19971,0,,,2,70,,19972,0,,,2,30,,19973,0,,,2,70,,19974,0,,,2,30,,19975,0,,,2,70,,19976,0,,,2,30,,19977,0,,,2,70,,19978,0,,,2,30,,19979,0,,,2
84801,'F8',641,,42162,0,,,2,70,,42163,0,,,2,30,,42164,0,,,2,70,,42165,0,,,2,30,,42166,0,,,2,70,,42167,0,,,2,30,,42168,0,,,2,70,,42169,0,,,2,30,,42170,0,,,2,70,,42171,0,,,2,30,,42172,0,,,2,70,,42173,0,,,2,30,,42174,0,,,2,70,,42175,0,,,2,30,,42176,0,,,2,70,,42177,0,,,2,30,,42178,0,,,2,70,,42179,0,,,2,30,,42180,0,,,2,70,,42181,0,,,2,30,,42182,0,,,2,70,,42183,0,,,2,30,,42184,0,,,2,70,,42185,0,,,2,30,,42186,0,,,2,70,,42187,0,,,2,30,,42188,0,,,2,70,,42189,0,,,2,30,,42190,0,,,2,70,,42191,0,,,2,30,,42192,0,,,2,70,,42193,0,,,2,30,,42194,0,,,2,70,,42195,0,,,2,30,,42196,0,,,2,70,,42197,0,,,2,30,,42198,0,,,2
84801,'F9',641,,42199,0,,,2,70,,42200,0,,,2,30,,42201,0,,,2,70,,42202,0,,,2,30,,42203,0,,,2,70,,42204,0,,,2,30,,42205,0,,,2,70,,42206,0,,,2,30,,42207,0,,,2,70,,42208,0,,,2,30,,42209,0,,,2,70,,42210,0,,,2,30,,42211,0,,,2,70,,42212,0,,,2,30,,42213,0,,,2,70,,42214,0,,,2,30,,42215,0,,,2,70,,42216,0,,,2,30,,42217,0,,,2,70,,42218,0,,,2,30,,42219,0,,,2,70,,42220,0,,,2,30,,42221,0,,,2,70,,42222,0,,,2,30,,42223,0,,,2,70,,42224,0,,,2,30,,42225,0,,,2,70,,42226,0,,,2,30,,42227,0,,,2,70,,42228,0,,,2,30,,42229,0,,,2,70,,42230,0,,,2,30,,42231,0,,,2,70,,42232,0,,,2,30,,42233,0,,,2,70,,42234,0,,,2,30,,42235,0,,,2
84801,'SA',641,,20091,0,,,2,70,,20092,0,,,2,30,,20093,0,,,2,70,,20094,0,,,2,30,,20095,0,,,2,70,,20096,0,,,2,30,,20097,0,,,2,70,,20098,0,,,2,30,,20099,0,,,2,70,,20100,0,,,2,30,,20101,0,,,2,70,,20102,0,,,2,30,,20103,0,,,2,70,,20104,0,,,2,30,,20105,0,,,2,70,,20106,0,,,2,30,,20107,0,,,2,70,,20108,0,,,2,30,,20109,0,,,2,70,,20110,0,,,2,30,,20111,0,,,2,70,,20112,0,,,2,30,,20113,0,,,2,70,,20114,0,,,2,30,,20115,0,,,2,70,,20116,0,,,2,30,,20117,0,,,2,70,,20118,0,,,2,30,,20119,0,,,2,70,,20120,0,,,2,30,,20121,0,,,2,70,,20122,0,,,2,30,,20123,0,,,2,70,,20124,0,,,2,30,,20125,0,,,2,70,,20126,0,,,2,30,,20127,0,,,2
