900,'SE',1630,,44316,11021,0,28 30,2,74,,44315,11021,0,28 30,2,26,,44314,11021,0,28 30,2,27,,44313,11021,0,28 30,2,69,,44312,11021,0,28 30,2
5001,'DI',640,,31443,390,,,2,102,,31428,390,,,2,100,,31436,390,,,2,100,,31434,390,,,2,103,,31435,390,,,2,94,,31437,390,,,2,103,,31438,390,,,2,103,,31439,390,,,2,97,,31427,390,,,2,96,,31440,390,,,2,103,,31425,390,,,2,106,,31424,390,,,2,95,,31433,390,,,2,100,,31426,390,,,2,100,,31429,390,,,2,100,,31431,390,,,2,100,,31441,390,,,2,100,,31430,390,,,2,100,,31432,390,,,2,100,,31442,390,,,2
5001,'F1',640,,47447,390,,,2,102,,47432,390,,,2,100,,47440,390,,,2,100,,47438,390,,,2,103,,47439,390,,,2,94,,47441,390,,,2,103,,47442,390,,,2,103,,47443,390,,,2,97,,47431,390,,,2,96,,47444,390,,,2,103,,47429,390,,,2,106,,47428,390,,,2,95,,47437,390,,,2,100,,47430,390,,,2,100,,47433,390,,,2,100,,47435,390,,,2,100,,47445,390,,,2,100,,47434,390,,,2,100,,47436,390,,,2,100,,47446,390,,,2
5001,'F2',642,,47454,390,,,2,98,,47453,390,,,2,102,,47458,390,,,2,97,,47462,390,,,2,103,,47463,390,,,2,96,,47467,390,,,2,102,,47464,390,,,2,98,,47448,390,,,2,99,,47449,390,,,2,103,,47450,390,,,2,103,,47451,390,,,2,103,,47452,390,,,2,96,,47455,390,,,2,100,,47466,390,,,2,100,,47465,390,,,2,100,,47456,390,,,2,97,,47459,390,,,2,103,,47460,390,,,2,101,,47461,390,,,2,99,,47457,390,,,2
5001,'F8',642,,31519,390,,,2,98,,31518,390,,,2,102,,31523,390,,,2,97,,31527,390,,,2,103,,31528,390,,,2,96,,31532,390,,,2,102,,31529,390,,,2,98,,31513,390,,,2,99,,31514,390,,,2,103,,31515,390,,,2,103,,31516,390,,,2,103,,31517,390,,,2,96,,31520,390,,,2,100,,31531,390,,,2,100,,31530,390,,,2,100,,31521,390,,,2,97,,31524,390,,,2,103,,31525,390,,,2,101,,31526,390,,,2,99,,31522,390,,,2
5001,'F9',640,,31552,390,,,2,102,,31537,390,,,2,100,,31545,390,,,2,100,,31543,390,,,2,103,,31544,390,,,2,94,,31546,390,,,2,103,,31547,390,,,2,103,,31548,390,,,2,97,,31536,390,,,2,96,,31549,390,,,2,103,,31534,390,,,2,106,,31533,390,,,2,95,,31542,390,,,2,100,,31535,390,,,2,100,,31538,390,,,2,100,,31540,390,,,2,100,,31550,390,,,2,100,,31539,390,,,2,100,,31541,390,,,2,100,,31551,390,,,2
5001,'SA',642,,31559,390,,,2,98,,31558,390,,,2,102,,31563,390,,,2,97,,31567,390,,,2,103,,31568,390,,,2,96,,31572,390,,,2,102,,31569,390,,,2,98,,31553,390,,,2,99,,31554,390,,,2,103,,31555,390,,,2,103,,31556,390,,,2,103,,31557,390,,,2,96,,31560,390,,,2,100,,31571,390,,,2,100,,31570,390,,,2,100,,31561,390,,,2,97,,31564,390,,,2,103,,31565,390,,,2,101,,31566,390,,,2,99,,31562,390,,,2
5001,'SE',532,,47477,390,,,2,70,,47479,390,,,2,30,,47491,390,,,2,70,,47481,390,,,2,30,,47480,390,,,2,70,,47478,390,,,2,30,,47492,390,,,2,73,,47472,390,,,2,27,,47476,390,,,2,100,,47493,390,,,2,100,,47468,390,,,2,100,,47482,390,,,2,100,,47474,390,,,2,99,,47470,390,,,2,102,,47483,390,,,2,68,,47494,390,,,2,33,,47488,390,,,2,74,,47495,390,,,2,26,,47473,390,,,2,70,,47490,390,,,2,30,,47489,390,,,2,68,,47475,390,,,2,30,,47486,390,,,2,100,,47484,390,,,2,100,,47487,390,,,2,100,,47496,390,,,2,100,,47485,390,,,2,100,,47469,390,,,2,100,,47471,390,,,2
8800,'DI',732,,36639,12110,,,1,70,,36644,12110,,,1,30,,36650,12110,,,1,70,,36659,12110,,,1,30,,36640,12110,,,1,70,,36645,12110,,,1,32,,36651,12110,,,1,70,,36660,12110,,,1,30,,36641,12110,,,1,70,,36646,12110,,,1,31,,36652,12110,,,1,70,,36661,12110,,,1,30,,36642,12110,,,1,70,,36647,12110,,,1,30,,36653,12110,,,1,70,,15002,12110,,,1,30,,36654,12110,,,1,70,,36648,12110,,,1,30,,36662,12110,,,1,70,,15003,12110,,,1,30,,36655,12110,,,1,68,,36649,12110,,,1,30,,36663,12110,,,1,100,,36656,12110,,,1,100,,36664,12110,,,1,100,,36657,12110,,,1,100,,36665,12110,,,1,97,,36658,12110,,,1,100,,36638,12110,,,1,100,,36643,12110,,,1
8800,'F1',732,,49524,12110,,,1,70,,49529,12110,,,1,30,,49535,12110,,,1,70,,49544,12110,,,1,30,,49525,12110,,,1,70,,49530,12110,,,1,32,,49536,12110,,,1,70,,49545,12110,,,1,30,,49526,12110,,,1,70,,49531,12110,,,1,31,,49537,12110,,,1,70,,49546,12110,,,1,30,,49527,12110,,,1,70,,49532,12110,,,1,30,,49538,12110,,,1,70,,49521,12110,,,1,30,,49539,12110,,,1,70,,49533,12110,,,1,30,,49547,12110,,,1,70,,49522,12110,,,1,30,,49540,12110,,,1,68,,49534,12110,,,1,30,,49548,12110,,,1,100,,49541,12110,,,1,100,,49549,12110,,,1,100,,49542,12110,,,1,100,,49550,12110,,,1,97,,49543,12110,,,1,100,,49523,12110,,,1,100,,49528,12110,,,1
8800,'F2',732,,49554,12110,,,1,70,,49579,12110,,,1,31,,49575,12110,,,1,70,,49566,12110,,,1,31,,49559,12110,,,1,70,,49580,12110,,,1,32,,49576,12110,,,1,70,,49567,12110,,,1,30,,49560,12110,,,1,70,,49571,12110,,,1,30,,49556,12110,,,1,70,,49568,12110,,,1,30,,49561,12110,,,1,70,,49572,12110,,,1,30,,49557,12110,,,1,70,,49551,12110,,,1,30,,49562,12110,,,1,70,,49573,12110,,,1,30,,49558,12110,,,1,70,,49552,12110,,,1,31,,49581,12110,,,1,69,,49574,12110,,,1,31,,49569,12110,,,1,69,,49553,12110,,,1,30,,49563,12110,,,1,100,,49570,12110,,,1,98,,49564,12110,,,1,97,,49578,12110,,,1,100,,49565,12110,,,1,100,,49577,12110,,,1,100,,49555,12110,,,1
8800,'F8',732,,36775,12110,,,1,70,,36800,12110,,,1,31,,36796,12110,,,1,70,,36787,12110,,,1,31,,36780,12110,,,1,70,,36801,12110,,,1,32,,36797,12110,,,1,70,,36788,12110,,,1,30,,36781,12110,,,1,70,,36792,12110,,,1,30,,36777,12110,,,1,70,,36789,12110,,,1,30,,36782,12110,,,1,70,,36793,12110,,,1,30,,36778,12110,,,1,70,,36772,12110,,,1,30,,36783,12110,,,1,70,,36794,12110,,,1,30,,36779,12110,,,1,70,,36773,12110,,,1,31,,36802,12110,,,1,69,,36795,12110,,,1,31,,36790,12110,,,1,69,,36774,12110,,,1,30,,36784,12110,,,1,100,,36791,12110,,,1,98,,36785,12110,,,1,97,,36799,12110,,,1,100,,36786,12110,,,1,100,,36798,12110,,,1,100,,36776,12110,,,1
8800,'F9',732,,36806,12110,,,1,70,,36811,12110,,,1,30,,36817,12110,,,1,70,,36826,12110,,,1,30,,36807,12110,,,1,70,,36812,12110,,,1,32,,36818,12110,,,1,70,,36827,12110,,,1,30,,36808,12110,,,1,70,,36813,12110,,,1,31,,36819,12110,,,1,70,,36828,12110,,,1,30,,36809,12110,,,1,70,,36814,12110,,,1,30,,36820,12110,,,1,70,,36803,12110,,,1,30,,36821,12110,,,1,70,,36815,12110,,,1,30,,36829,12110,,,1,70,,36804,12110,,,1,30,,36822,12110,,,1,68,,36816,12110,,,1,30,,36830,12110,,,1,100,,36823,12110,,,1,100,,36831,12110,,,1,100,,36824,12110,,,1,100,,36832,12110,,,1,97,,36825,12110,,,1,100,,36805,12110,,,1,100,,36810,12110,,,1
8800,'SA',732,,36836,12110,,,1,70,,36860,12110,,,1,31,,36857,12110,,,1,70,,36848,12110,,,1,31,,36841,12110,,,1,70,,36861,12110,,,1,32,,36858,12110,,,1,70,,36849,12110,,,1,30,,36842,12110,,,1,70,,36853,12110,,,1,30,,36838,12110,,,1,70,,36850,12110,,,1,30,,36843,12110,,,1,70,,36854,12110,,,1,30,,36839,12110,,,1,70,,36833,12110,,,1,30,,36844,12110,,,1,70,,36855,12110,,,1,30,,36840,12110,,,1,70,,36834,12110,,,1,31,,36862,12110,,,1,69,,36856,12110,,,1,31,,36851,12110,,,1,69,,36835,12110,,,1,30,,36845,12110,,,1,100,,36852,12110,,,1,98,,36846,12110,,,1,97,,15203,12110,,,1,100,,36847,12110,,,1,100,,36859,12110,,,1,100,,36837,12110,,,1
8800,'SE',738,,49597,12110,,,1,21,,49625,12110,,,1,55,,49606,12110,,,1,14,,49611,12110,,,1,15,,49627,12110,,,1,15,,49600,12110,,,1,53,,49626,12110,,,1,29,,49586,12110,,,1,70,,49620,12110,,,1,30,,49621,12110,,,1,70,,49582,12110,,,1,33,,49588,12110,,,1,70,,49590,12110,,,1,30,,49584,12110,,,1,70,,49583,12110,,,1,30,,49593,12110,,,1,70,,49589,12110,,,1,34,,49623,12110,,,1,73,,49591,12110,,,1,18,,49601,12110,,,1,15,,49607,12110,,,1,55,,49598,12110,,,1,15,,49587,12110,,,1,15,,49629,12110,,,1,15,,49628,12110,,,1,53,,49624,12110,,,1,10,,49585,12110,,,1,12,,49614,12110,,,1,12,,49592,12110,,,1,10,,49602,12110,,,1,52,,49613,12110,,,1,11,,49608,12110,,,1,12,,49599,12110,,,1,12,,49604,12110,,,1,7,,49603,12110,,,1,59,,49605,12110,,,1,15,,49594,12110,,,1,22,,49622,12110,,,1,68,,49609,12110,,,1,30,,49596,12110,,,1,68,,49595,12110,,,1,30,,49615,12110,,,1,70,,49610,12110,,,1,30,,49618,12110,,,1,100,,49616,12110,,,1,99,,49619,12110,,,1,96,,49617,12110,,,1
