7700,'DI',742,,35010,16570,4,,1,100,,35013,16570,4,,1,100,,35011,16570,4,,1,100,,35014,16570,4,,1,100,,35012,16570,4,,1,100,,35009,16570,4,,1,100,,35015,16570,4,,1,100,,35018,16570,4,,1,100,,35008,16570,4,,1,100,,35019,16570,4,,1,100,,35020,16570,4,,1,100,,35021,16570,4,,1,99,,35016,16570,4,,1,100,,35022,16570,4,,1,100,,35017,16570,4,,1
7700,'F8',742,,35108,16570,4,,1,100,,35099,16570,4,,1,100,,35095,16570,4,,1,100,,35100,16570,4,,1,100,,35096,16570,4,,1,100,,35098,16570,4,,1,100,,35101,16570,4,,1,97,,35094,16570,4,,1,103,,35102,16570,4,,1,99,,35104,16570,4,,1,101,,35103,16570,4,,1,100,,35105,16570,4,,1,99,,35106,16570,4,,1,100,,35097,16570,4,,1,100,,35107,16570,4,,1
7700,'F9',742,,35111,16570,4,,1,100,,35114,16570,4,,1,100,,35112,16570,4,,1,100,,35115,16570,4,,1,100,,35113,16570,4,,1,100,,35110,16570,4,,1,100,,35116,16570,4,,1,100,,35119,16570,4,,1,100,,35109,16570,4,,1,100,,35120,16570,4,,1,100,,35121,16570,4,,1,100,,35122,16570,4,,1,99,,35117,16570,4,,1,100,,35123,16570,4,,1,100,,35118,16570,4,,1
7700,'SA',742,,35137,16570,4,,1,100,,35128,16570,4,,1,100,,35125,16570,4,,1,100,,35129,16570,4,,1,100,,13602,16570,4,,1,100,,35127,16570,4,,1,100,,35130,16570,4,,1,97,,35124,16570,4,,1,103,,35131,16570,4,,1,99,,35133,16570,4,,1,101,,35132,16570,4,,1,100,,35134,16570,4,,1,99,,35135,16570,4,,1,100,,35126,16570,4,,1,100,,35136,16570,4,,1
7700,'SE',634,,35141,16570,4,,1,15,,35142,16570,4,,1,60,,35147,16570,4,,1,18,,35150,16570,4,,1,73,,35153,16570,4,,1,23,,35148,16570,4,,1,22,,35152,16570,4,,1,55,,35143,16570,4,,1,31,,35151,16570,4,,1,70,,35154,16570,4,,1,30,,35149,16570,4,,1,70,,35144,16570,4,,1,30,,35156,16570,4,,1,70,,35155,16570,4,,1,30,,35158,16570,4,,1,71,,35159,16570,4,,1,33,,35157,16570,4,,1,70,,35160,16570,4,,1,30,,35164,16570,4,,1,68,,35166,16570,4,,1,20,,35169,16570,4,,1,20,,35173,16570,4,,1,60,,35161,16570,4,,1,5,,35139,16570,4,,1,15,,35165,16570,4,,1,19,,35145,16570,4,,1,58,,35167,16570,4,,1,18,,35170,16570,4,,1,18,,35174,16570,4,,1,18,,13636,16570,4,,1,57,,35162,16570,4,,1,20,,35146,16570,4,,1,18,,35168,16570,4,,1,2,,35172,16570,4,,1,58,,35171,16570,4,,1,15,,35163,16570,4,,1,30,,35175,16570,4,,1,71,,35177,16570,4,,1,31,,35140,16570,4,,1,66,,35138,16570,4,,1,30,,35176,16570,4,,1
7701,'DI',744,,35180,0,0,25 26,1,100,,35183,0,0,25 26,1,100,,35181,0,0,25 26,1,100,,35184,0,0,25 26,1,100,,35182,0,0,25 26,1,100,,35179,0,0,25 26,1,100,,35185,0,0,25 26,1,100,,35188,0,0,25 26,1,100,,35178,0,0,25 26,1,100,,35189,0,0,25 26,1,100,,35190,0,0,25 26,1,100,,35191,0,0,25 26,1,99,,35186,0,0,25 26,1,100,,35192,0,0,25 26,1,100,,35187,0,0,25 26,1
7701,'F8',744,,35276,0,0,25 26,1,100,,35267,0,0,25 26,1,100,,35263,0,0,25 26,1,100,,35268,0,0,25 26,1,100,,35264,0,0,25 26,1,100,,35266,0,0,25 26,1,100,,35269,0,0,25 26,1,97,,35262,0,0,25 26,1,103,,35270,0,0,25 26,1,99,,35272,0,0,25 26,1,101,,35271,0,0,25 26,1,100,,35273,0,0,25 26,1,99,,35274,0,0,25 26,1,100,,35265,0,0,25 26,1,100,,35275,0,0,25 26,1
7701,'F9',744,,35279,0,0,25 26,1,100,,35282,0,0,25 26,1,100,,35280,0,0,25 26,1,100,,35283,0,0,25 26,1,100,,35281,0,0,25 26,1,100,,35278,0,0,25 26,1,100,,35284,0,0,25 26,1,100,,35287,0,0,25 26,1,100,,35277,0,0,25 26,1,100,,35288,0,0,25 26,1,100,,35289,0,0,25 26,1,100,,35290,0,0,25 26,1,99,,35285,0,0,25 26,1,100,,35291,0,0,25 26,1,100,,35286,0,0,25 26,1
7701,'SA',744,,35305,0,0,25 26,1,100,,35296,0,0,25 26,1,100,,35293,0,0,25 26,1,100,,35297,0,0,25 26,1,100,,13757,0,0,25 26,1,100,,35295,0,0,25 26,1,100,,35298,0,0,25 26,1,97,,35292,0,0,25 26,1,103,,35299,0,0,25 26,1,99,,35301,0,0,25 26,1,101,,35300,0,0,25 26,1,100,,35302,0,0,25 26,1,99,,35303,0,0,25 26,1,100,,35294,0,0,25 26,1,100,,35304,0,0,25 26,1
7701,'SE',626,,35312,0,0,25 26,1,11,,35308,0,0,25 26,1,7,,35315,0,0,25 26,1,7,,35318,0,0,25 26,1,50,,35309,0,0,25 26,1,2,,35321,0,0,25 26,1,8,,35314,0,0,25 26,1,18,,35319,0,0,25 26,1,73,,35323,0,0,25 26,1,28,,35316,0,0,25 26,1,27,,35322,0,0,25 26,1,45,,35310,0,0,25 26,1,31,,35320,0,0,25 26,1,70,,35324,0,0,25 26,1,30,,35317,0,0,25 26,1,70,,35311,0,0,25 26,1,30,,35326,0,0,25 26,1,70,,35325,0,0,25 26,1,30,,35328,0,0,25 26,1,71,,35329,0,0,25 26,1,33,,35327,0,0,25 26,1,70,,35330,0,0,25 26,1,30,,35334,0,0,25 26,1,68,,35336,0,0,25 26,1,20,,35338,0,0,25 26,1,20,,35341,0,0,25 26,1,60,,35331,0,0,25 26,1,20,,35335,0,0,25 26,1,19,,35313,0,0,25 26,1,58,,35337,0,0,25 26,1,22,,35339,0,0,25 26,1,32,,13794,0,0,25 26,1,64,,35332,0,0,25 26,1,33,,35340,0,0,25 26,1,73,,35333,0,0,25 26,1,30,,35342,0,0,25 26,1,71,,35343,0,0,25 26,1,31,,35307,0,0,25 26,1,66,,35306,0,0,25 26,1
