6101,'DI',720,,32655,10657,,,2,30,,32652,10657,,,2,72,,32658,10657,,,2,17,,32656,10657,,,2,70,,32653,10657,,,2,30,,32659,10657,,,2,70,,32657,10657,,,2,30,,32654,10657,,,2,70,,32660,10657,,,2,30,,32661,10657,,,2,70,,32665,10657,,,2,30,,32669,10657,,,2,70,,32662,10657,,,2,30,,32666,10657,,,2,70,,32670,10657,,,2,30,,32663,10657,,,2,70,,32667,10657,,,2,30,,32671,10657,,,2,70,,32664,10657,,,2,34,,32668,10657,,,2,61,,32672,10657,,,2,35,,32674,10657,,,2,20,,32677,10657,,,2,80,,32673,10657,,,2,65,,32675,10657,,,2,30,,32678,10657,,,2,85,,32676,10657,,,2,100,,32679,10657,,,2,100,,32680,10657,,,2,100,,32681,10657,,,2
6101,'F8',720,,32803,10657,,,2,30,,32800,10657,,,2,72,,32806,10657,,,2,17,,32804,10657,,,2,70,,32801,10657,,,2,30,,32807,10657,,,2,70,,32805,10657,,,2,30,,32802,10657,,,2,70,,32808,10657,,,2,30,,32809,10657,,,2,70,,32813,10657,,,2,30,,32815,10657,,,2,70,,32810,10657,,,2,30,,32814,10657,,,2,70,,32816,10657,,,2,30,,32811,10657,,,2,70,,32817,10657,,,2,30,,32821,10657,,,2,70,,32812,10657,,,2,34,,32818,10657,,,2,61,,32822,10657,,,2,35,,32824,10657,,,2,20,,32819,10657,,,2,80,,32823,10657,,,2,65,,32825,10657,,,2,30,,32820,10657,,,2,85,,32826,10657,,,2,100,,32828,10657,,,2,100,,32827,10657,,,2,100,,32830,10657,,,2
6101,'F9',720,,32835,10657,,,2,30,,32832,10657,,,2,72,,32838,10657,,,2,17,,32836,10657,,,2,70,,32833,10657,,,2,30,,32839,10657,,,2,70,,32837,10657,,,2,30,,32834,10657,,,2,70,,32840,10657,,,2,30,,32841,10657,,,2,70,,32845,10657,,,2,30,,32849,10657,,,2,70,,32842,10657,,,2,30,,32846,10657,,,2,70,,32850,10657,,,2,30,,32843,10657,,,2,70,,32847,10657,,,2,30,,32851,10657,,,2,70,,32844,10657,,,2,34,,32848,10657,,,2,61,,32852,10657,,,2,35,,32854,10657,,,2,20,,32857,10657,,,2,80,,32853,10657,,,2,65,,32855,10657,,,2,30,,32858,10657,,,2,85,,32856,10657,,,2,100,,32859,10657,,,2,100,,32860,10657,,,2,100,,32861,10657,,,2
6101,'SA',720,,32867,10657,,,2,30,,32864,10657,,,2,72,,32870,10657,,,2,17,,32868,10657,,,2,70,,32865,10657,,,2,30,,32871,10657,,,2,70,,32869,10657,,,2,30,,32866,10657,,,2,70,,32872,10657,,,2,30,,32873,10657,,,2,70,,32877,10657,,,2,30,,32879,10657,,,2,70,,32874,10657,,,2,30,,32878,10657,,,2,70,,32880,10657,,,2,30,,32875,10657,,,2,70,,32881,10657,,,2,30,,32885,10657,,,2,70,,32876,10657,,,2,34,,32882,10657,,,2,61,,32886,10657,,,2,35,,32888,10657,,,2,20,,32883,10657,,,2,80,,32887,10657,,,2,65,,32889,10657,,,2,30,,32884,10657,,,2,85,,32890,10657,,,2,100,,32892,10657,,,2,100,,32891,10657,,,2,100,,32894,10657,,,2
6101,'SE',559,,32945,10657,,,2,70,,32947,10657,,,2,10,,32900,10657,,,2,16,,32903,10657,,,2,49,,32897,10657,,,2,14,,32906,10657,,,2,15,,32896,10657,,,2,7,,32910,10657,,,2,16,,32904,10657,,,2,49,,32909,10657,,,2,19,,32901,10657,,,2,24,,32898,10657,,,2,62,,32907,10657,,,2,15,,32911,10657,,,2,76,,32902,10657,,,2,30,,32899,10657,,,2,70,,32908,10657,,,2,32,,32946,10657,,,2,70,,32905,10657,,,2,30,,32912,10657,,,2,72,,32916,10657,,,2,30,,32913,10657,,,2,70,,32914,10657,,,2,33,,32918,10657,,,2,21,,32920,10657,,,2,67,,32923,10657,,,2,23,,32915,10657,,,2,60,,32917,10657,,,2,24,,32925,10657,,,2,4,,32927,10657,,,2,65,,32921,10657,,,2,7,,32922,10657,,,2,14,,32928,10657,,,2,13,,32929,10657,,,2,14,,32919,10657,,,2,54,,32932,10657,,,2,6,,32935,10657,,,2,15,,32926,10657,,,2,14,,32924,10657,,,2,64,,32937,10657,,,2,24,,32930,10657,,,2,28,,32940,10657,,,2,68,,32943,10657,,,2,30,,32933,10657,,,2,69,,32936,10657,,,2,29,,32944,10657,,,2,70,,32931,10657,,,2,29,,32941,10657,,,2,70,,32938,10657,,,2
8501,'SE',633,,36626,3275,,,2,69,,36625,3275,,,2,27,,36627,3275,,,2,30,,36624,3275,,,2
8601,'SE',621,,36635,2881,,,2,85,,36636,2881,,,2,30,,36637,2881,,,2
16101,'DI',554,,38767,2124,0,35 36,2,1172,,38766,2124,0,35 36,2
16101,'F8',554,,38824,2124,0,35 36,2,1172,,38825,2124,0,35 36,2
16101,'F9',554,,38838,2124,0,35 36,2,1172,,38837,2124,0,35 36,2
16101,'SA',554,,38849,2124,0,35 36,2,1172,,38850,2124,0,35 36,2
16101,'SE',630,,38867,2124,0,35 36,2,73,,38865,2124,0,35 36,2,32,,38868,2124,0,35 36,2,502,,38864,2124,0,35 36,2,372,,38870,2124,0,35 36,2,36,,38866,2124,0,35 36,2,78,,38869,2124,0,35 36,2
