301,'DI',634,,698,10058,,,1,100,,20863,10058,,,1,100,,699,10058,,,1,100,,20864,10058,,,1,100,,700,10058,,,1,100,,20865,10058,,,1,100,,701,10058,,,1,100,,20866,10058,,,1,100,,702,10058,,,1,100,,703,10058,,,1,100,,704,10058,,,1,100,,705,10058,,,1,100,,706,10058,,,1,100,,20856,10058,,,1,100,,20857,10058,,,1,100,,20858,10058,,,1,100,,20859,10058,,,1,100,,20860,10058,,,1,100,,20861,10058,,,1
301,'F1',634,,43287,10058,,,1,100,,43303,10058,,,1,100,,43288,10058,,,1,100,,43304,10058,,,1,100,,43289,10058,,,1,100,,43305,10058,,,1,100,,43290,10058,,,1,100,,43306,10058,,,1,100,,43291,10058,,,1,100,,43292,10058,,,1,100,,43293,10058,,,1,100,,43294,10058,,,1,100,,43295,10058,,,1,100,,43296,10058,,,1,100,,43297,10058,,,1,100,,43298,10058,,,1,100,,43299,10058,,,1,100,,43300,10058,,,1,100,,43301,10058,,,1
301,'F2',604,,43307,10058,,,1,30,,43315,10058,,,1,70,,43308,10058,,,1,30,,43325,10058,,,1,70,,43309,10058,,,1,30,,43316,10058,,,1,70,,43310,10058,,,1,30,,43326,10058,,,1,70,,43311,10058,,,1,30,,43327,10058,,,1,70,,43312,10058,,,1,30,,43317,10058,,,1,70,,43313,10058,,,1,30,,43318,10058,,,1,70,,43314,10058,,,1,30,,43334,10058,,,1,70,,43328,10058,,,1,30,,43319,10058,,,1,70,,43329,10058,,,1,30,,43335,10058,,,1,70,,43330,10058,,,1,30,,43336,10058,,,1,70,,43331,10058,,,1,30,,43337,10058,,,1,70,,43332,10058,,,1,30,,43338,10058,,,1,100,,43339,10058,,,1,100,,43320,10058,,,1,100,,43321,10058,,,1,100,,43322,10058,,,1,100,,43323,10058,,,1,100,,43340,10058,,,1
301,'F8',604,,20979,10058,,,1,30,,20987,10058,,,1,70,,20980,10058,,,1,30,,20997,10058,,,1,70,,20981,10058,,,1,30,,20988,10058,,,1,70,,20982,10058,,,1,30,,20998,10058,,,1,70,,20983,10058,,,1,30,,20999,10058,,,1,70,,20984,10058,,,1,30,,20989,10058,,,1,70,,20985,10058,,,1,30,,20990,10058,,,1,70,,20986,10058,,,1,30,,21006,10058,,,1,70,,21000,10058,,,1,30,,20991,10058,,,1,70,,21001,10058,,,1,30,,21007,10058,,,1,70,,21002,10058,,,1,30,,21008,10058,,,1,70,,21003,10058,,,1,30,,21009,10058,,,1,70,,21004,10058,,,1,30,,21010,10058,,,1,100,,21011,10058,,,1,100,,20992,10058,,,1,100,,20993,10058,,,1,100,,20994,10058,,,1,100,,20995,10058,,,1,100,,21012,10058,,,1
301,'F9',634,,21013,10058,,,1,100,,21029,10058,,,1,100,,21014,10058,,,1,100,,21030,10058,,,1,100,,21015,10058,,,1,100,,21031,10058,,,1,100,,21016,10058,,,1,100,,21032,10058,,,1,100,,21017,10058,,,1,100,,21018,10058,,,1,100,,21019,10058,,,1,100,,21020,10058,,,1,100,,21021,10058,,,1,100,,21022,10058,,,1,100,,21023,10058,,,1,100,,21024,10058,,,1,100,,21025,10058,,,1,100,,21026,10058,,,1,100,,21027,10058,,,1
301,'SA',604,,21033,10058,,,1,30,,21041,10058,,,1,70,,21034,10058,,,1,30,,21051,10058,,,1,70,,21035,10058,,,1,30,,21042,10058,,,1,70,,21036,10058,,,1,30,,21052,10058,,,1,70,,21037,10058,,,1,30,,21053,10058,,,1,70,,21038,10058,,,1,30,,21043,10058,,,1,70,,21039,10058,,,1,30,,21044,10058,,,1,70,,21040,10058,,,1,30,,21054,10058,,,1,70,,847,10058,,,1,30,,21045,10058,,,1,70,,848,10058,,,1,30,,21055,10058,,,1,70,,849,10058,,,1,30,,21056,10058,,,1,70,,850,10058,,,1,30,,21057,10058,,,1,70,,851,10058,,,1,30,,21058,10058,,,1,100,,21059,10058,,,1,100,,21046,10058,,,1,100,,21047,10058,,,1,100,,21048,10058,,,1,100,,21049,10058,,,1,100,,21060,10058,,,1
301,'SE',521,,43341,10058,,,1,30,,43349,10058,,,1,387,,43351,10058,,,1,70,,43357,10058,,,1,30,,43352,10058,,,1,70,,43358,10058,,,1,30,,43353,10058,,,1,70,,43359,10058,,,1,30,,43354,10058,,,1,70,,43360,10058,,,1,30,,43355,10058,,,1,70,,43361,10058,,,1,30,,43350,10058,,,1,472,,43364,10058,,,1,27,,43342,10058,,,1,67,,43362,10058,,,1,30,,43343,10058,,,1,70,,43363,10058,,,1,30,,43344,10058,,,1,70,,43356,10058,,,1,30,,43345,10058,,,1,100,,43346,10058,,,1,100,,43347,10058,,,1
400,'DI',649,,21120,21021,,,1,69,,21106,21021,,,1,30,,21112,21021,,,1,70,,21124,21021,,,1,30,,21121,21021,,,1,72,,21107,21021,,,1,30,,21113,21021,,,1,72,,21127,21021,,,1,30,,21129,21021,,,1,70,,21108,21021,,,1,33,,21114,21021,,,1,70,,21128,21021,,,1,27,,21130,21021,,,1,71,,21109,21021,,,1,32,,21135,21021,,,1,70,,21136,21021,,,1,28,,21131,21021,,,1,71,,21110,21021,,,1,29,,21115,21021,,,1,70,,21138,21021,,,1,32,,21118,21021,,,1,70,,21111,21021,,,1,30,,21116,21021,,,1,70,,21139,21021,,,1,30,,21119,21021,,,1,68,,21132,21021,,,1,30,,21137,21021,,,1,70,,21134,21021,,,1,30,,21126,21021,,,1,70,,21133,21021,,,1,30,,21122,21021,,,1,70,,21105,21021,,,1,30,,21117,21021,,,1,100,,21123,21021,,,1,100,,21125,21021,,,1
400,'F1',649,,43400,21021,,,1,69,,43386,21021,,,1,30,,43392,21021,,,1,70,,43404,21021,,,1,30,,43401,21021,,,1,72,,43387,21021,,,1,30,,43393,21021,,,1,72,,43407,21021,,,1,30,,43409,21021,,,1,70,,43388,21021,,,1,33,,43394,21021,,,1,70,,43408,21021,,,1,27,,43410,21021,,,1,71,,43389,21021,,,1,32,,43415,21021,,,1,70,,43416,21021,,,1,28,,43411,21021,,,1,71,,43390,21021,,,1,29,,43395,21021,,,1,70,,43418,21021,,,1,32,,43398,21021,,,1,70,,43391,21021,,,1,30,,43396,21021,,,1,70,,43419,21021,,,1,30,,43399,21021,,,1,68,,43412,21021,,,1,30,,43417,21021,,,1,70,,43414,21021,,,1,30,,43406,21021,,,1,70,,43413,21021,,,1,30,,43402,21021,,,1,70,,43385,21021,,,1,30,,43397,21021,,,1,100,,43403,21021,,,1,100,,43405,21021,,,1
400,'F2',649,,43425,21021,,,1,69,,43421,21021,,,1,30,,43429,21021,,,1,70,,43430,21021,,,1,30,,43426,21021,,,1,72,,43422,21021,,,1,30,,43448,21021,,,1,72,,43431,21021,,,1,31,,43427,21021,,,1,70,,43423,21021,,,1,32,,43449,21021,,,1,70,,43432,21021,,,1,30,,43442,21021,,,1,70,,43453,21021,,,1,30,,43440,21021,,,1,70,,43452,21021,,,1,30,,43436,21021,,,1,70,,43420,21021,,,1,30,,43433,21021,,,1,70,,43443,21021,,,1,30,,43454,21021,,,1,70,,43451,21021,,,1,30,,43439,21021,,,1,70,,43445,21021,,,1,28,,43438,21021,,,1,70,,43428,21021,,,1,30,,43444,21021,,,1,70,,43435,21021,,,1,30,,43424,21021,,,1,70,,43447,21021,,,1,30,,43434,21021,,,1,70,,43446,21021,,,1,30,,43450,21021,,,1,100,,43441,21021,,,1,100,,43437,21021,,,1
400,'F8',649,,21254,21021,,,1,69,,21250,21021,,,1,30,,21258,21021,,,1,70,,21259,21021,,,1,30,,21255,21021,,,1,72,,21251,21021,,,1,30,,21277,21021,,,1,72,,21260,21021,,,1,31,,21256,21021,,,1,70,,21252,21021,,,1,32,,21278,21021,,,1,70,,21261,21021,,,1,30,,21271,21021,,,1,70,,21282,21021,,,1,30,,21269,21021,,,1,70,,21281,21021,,,1,30,,21265,21021,,,1,70,,21249,21021,,,1,30,,21262,21021,,,1,70,,21272,21021,,,1,30,,21283,21021,,,1,70,,21280,21021,,,1,30,,21268,21021,,,1,70,,21274,21021,,,1,28,,21267,21021,,,1,70,,21257,21021,,,1,30,,21273,21021,,,1,70,,21264,21021,,,1,30,,21253,21021,,,1,70,,21276,21021,,,1,30,,21263,21021,,,1,70,,21275,21021,,,1,30,,21279,21021,,,1,100,,21270,21021,,,1,100,,21266,21021,,,1
400,'F9',649,,21299,21021,,,1,69,,21285,21021,,,1,30,,21291,21021,,,1,70,,21303,21021,,,1,30,,21300,21021,,,1,72,,21286,21021,,,1,30,,21292,21021,,,1,72,,21306,21021,,,1,30,,21308,21021,,,1,70,,21287,21021,,,1,33,,21293,21021,,,1,70,,21307,21021,,,1,27,,21309,21021,,,1,71,,21288,21021,,,1,32,,21314,21021,,,1,70,,21315,21021,,,1,28,,21310,21021,,,1,71,,21289,21021,,,1,29,,21294,21021,,,1,70,,21317,21021,,,1,32,,21297,21021,,,1,70,,21290,21021,,,1,30,,21295,21021,,,1,70,,21318,21021,,,1,30,,21298,21021,,,1,68,,21311,21021,,,1,30,,21316,21021,,,1,70,,21313,21021,,,1,30,,21305,21021,,,1,70,,21312,21021,,,1,30,,21301,21021,,,1,70,,21284,21021,,,1,30,,21296,21021,,,1,100,,21302,21021,,,1,100,,21304,21021,,,1
400,'SA',649,,1101,21021,,,1,69,,21319,21021,,,1,30,,1103,21021,,,1,70,,1104,21021,,,1,30,,1102,21021,,,1,72,,21320,21021,,,1,30,,21339,21021,,,1,72,,1105,21021,,,1,31,,21323,21021,,,1,70,,21321,21021,,,1,32,,21340,21021,,,1,70,,1106,21021,,,1,30,,21333,21021,,,1,70,,21344,21021,,,1,30,,21331,21021,,,1,70,,21343,21021,,,1,30,,21327,21021,,,1,70,,1099,21021,,,1,30,,1107,21021,,,1,70,,21334,21021,,,1,30,,21345,21021,,,1,70,,21342,21021,,,1,30,,21330,21021,,,1,70,,21336,21021,,,1,28,,21329,21021,,,1,70,,21324,21021,,,1,30,,21335,21021,,,1,70,,21326,21021,,,1,30,,21322,21021,,,1,70,,21338,21021,,,1,30,,21325,21021,,,1,70,,21337,21021,,,1,30,,21341,21021,,,1,100,,21332,21021,,,1,100,,21328,21021,,,1
400,'SE',946,,43461,21021,,,1,63,,43455,21021,,,1,31,,43476,21021,,,1,70,,43465,21021,,,1,30,,43462,21021,,,1,70,,43459,21021,,,1,30,,43463,21021,,,1,70,,43469,21021,,,1,30,,43456,21021,,,1,70,,43458,21021,,,1,29,,43478,21021,,,1,69,,43470,21021,,,1,327,,43457,21021,,,1,20,,43471,21021,,,1,71,,43472,21021,,,1,74,,43460,21021,,,1,30,,43475,21021,,,1,70,,43467,21021,,,1,28,,43468,21021,,,1,30,,43479,21021,,,1,70,,43466,21021,,,1,26,,43477,21021,,,1,70,,43474,21021,,,1,100,,43473,21021,,,1
1601,'DI',558,,25074,7253,,,2,100,,25075,7253,,,2,70,,25066,7253,,,2,30,,25076,7253,,,2,70,,25067,7253,,,2,30,,25077,7253,,,2,70,,25068,7253,,,2,30,,25078,7253,,,2,70,,25069,7253,,,2,30,,25079,7253,,,2,70,,25070,7253,,,2,30,,25080,7253,,,2,68,,25071,7253,,,2,32,,25081,7253,,,2,73,,25072,7253,,,2,27,,25082,7253,,,2,70,,25073,7253,,,2,30,,25083,7253,,,2,70,,25085,7253,,,2,30,,25084,7253,,,2,70,,25086,7253,,,2,30,,25088,7253,,,2,70,,25087,7253,,,2,30,,25089,7253,,,2,100,,25090,7253,,,2,100,,25091,7253,,,2,100,,25092,7253,,,2,100,,25093,7253,,,2,100,,25094,7253,,,2,100,,25095,7253,,,2,100,,25096,7253,,,2
1601,'F1',558,,44943,7253,,,2,100,,44944,7253,,,2,70,,44935,7253,,,2,30,,44945,7253,,,2,70,,44936,7253,,,2,30,,44946,7253,,,2,70,,44937,7253,,,2,30,,44947,7253,,,2,70,,44938,7253,,,2,30,,44948,7253,,,2,70,,44939,7253,,,2,30,,44949,7253,,,2,68,,44940,7253,,,2,32,,44950,7253,,,2,73,,44941,7253,,,2,27,,44951,7253,,,2,70,,44942,7253,,,2,30,,44952,7253,,,2,70,,44954,7253,,,2,30,,44953,7253,,,2,70,,44955,7253,,,2,30,,44957,7253,,,2,70,,44956,7253,,,2,30,,44958,7253,,,2,100,,44959,7253,,,2,100,,44960,7253,,,2,100,,44961,7253,,,2,100,,44962,7253,,,2,100,,44963,7253,,,2,100,,44964,7253,,,2,100,,44965,7253,,,2
1601,'F2',558,,44971,7253,,,2,100,,44972,7253,,,2,68,,44975,7253,,,2,32,,44973,7253,,,2,70,,44976,7253,,,2,30,,44974,7253,,,2,70,,44977,7253,,,2,30,,44993,7253,,,2,70,,44978,7253,,,2,30,,44994,7253,,,2,70,,44979,7253,,,2,30,,44995,7253,,,2,70,,44980,7253,,,2,30,,44996,7253,,,2,70,,44986,7253,,,2,30,,44966,7253,,,2,70,,44987,7253,,,2,30,,44967,7253,,,2,70,,44988,7253,,,2,30,,44968,7253,,,2,70,,44989,7253,,,2,30,,44969,7253,,,2,67,,44990,7253,,,2,33,,44970,7253,,,2,100,,44981,7253,,,2,100,,44982,7253,,,2,100,,44983,7253,,,2,100,,44984,7253,,,2,100,,44985,7253,,,2,100,,44991,7253,,,2,100,,44992,7253,,,2
1601,'F8',558,,25220,7253,,,2,100,,25221,7253,,,2,68,,25224,7253,,,2,32,,25222,7253,,,2,70,,25225,7253,,,2,30,,25223,7253,,,2,70,,25226,7253,,,2,30,,25242,7253,,,2,70,,25227,7253,,,2,30,,25243,7253,,,2,70,,25228,7253,,,2,30,,25244,7253,,,2,70,,25229,7253,,,2,30,,25245,7253,,,2,70,,25235,7253,,,2,30,,25215,7253,,,2,70,,25236,7253,,,2,30,,25216,7253,,,2,70,,25237,7253,,,2,30,,25217,7253,,,2,70,,25238,7253,,,2,30,,25218,7253,,,2,67,,25239,7253,,,2,33,,25219,7253,,,2,100,,25230,7253,,,2,100,,25231,7253,,,2,100,,25232,7253,,,2,100,,25233,7253,,,2,100,,25234,7253,,,2,100,,25240,7253,,,2,100,,25241,7253,,,2
1601,'F9',558,,25254,7253,,,2,100,,25255,7253,,,2,70,,25246,7253,,,2,30,,25256,7253,,,2,70,,25247,7253,,,2,30,,25257,7253,,,2,70,,25248,7253,,,2,30,,25258,7253,,,2,70,,25249,7253,,,2,30,,25259,7253,,,2,70,,25250,7253,,,2,30,,25260,7253,,,2,68,,25251,7253,,,2,32,,25261,7253,,,2,73,,25252,7253,,,2,27,,25262,7253,,,2,70,,25253,7253,,,2,30,,25263,7253,,,2,70,,25265,7253,,,2,30,,25264,7253,,,2,70,,25266,7253,,,2,30,,25268,7253,,,2,70,,25267,7253,,,2,30,,25269,7253,,,2,100,,25270,7253,,,2,100,,25271,7253,,,2,100,,25272,7253,,,2,100,,25273,7253,,,2,100,,25274,7253,,,2,100,,25275,7253,,,2,100,,25276,7253,,,2
1601,'SA',558,,25282,7253,,,2,100,,25283,7253,,,2,68,,25286,7253,,,2,32,,25284,7253,,,2,70,,25287,7253,,,2,30,,25285,7253,,,2,70,,25288,7253,,,2,30,,25304,7253,,,2,70,,25289,7253,,,2,30,,25305,7253,,,2,70,,25290,7253,,,2,30,,25306,7253,,,2,70,,25291,7253,,,2,30,,25307,7253,,,2,70,,25297,7253,,,2,30,,25277,7253,,,2,70,,25298,7253,,,2,30,,25278,7253,,,2,70,,25299,7253,,,2,30,,25279,7253,,,2,70,,25300,7253,,,2,30,,25280,7253,,,2,67,,25301,7253,,,2,33,,25281,7253,,,2,100,,25292,7253,,,2,100,,25293,7253,,,2,100,,25294,7253,,,2,100,,25295,7253,,,2,100,,25296,7253,,,2,100,,25302,7253,,,2,100,,25303,7253,,,2
1601,'SE',528,,45005,7253,,,2,30,,45008,7253,,,2,60,,45029,7253,,,2,20,,45010,7253,,,2,21,,45009,7253,,,2,60,,45034,7253,,,2,17,,45006,7253,,,2,15,,45012,7253,,,2,57,,45007,7253,,,2,15,,45011,7253,,,2,19,,45037,7253,,,2,61,,45013,7253,,,2,30,,45032,7253,,,2,70,,44997,7253,,,2,30,,45039,7253,,,2,70,,45027,7253,,,2,30,,45036,7253,,,2,70,,44998,7253,,,2,30,,45014,7253,,,2,70,,45028,7253,,,2,30,,45026,7253,,,2,70,,45003,7253,,,2,30,,45001,7253,,,2,71,,45002,7253,,,2,37,,45038,7253,,,2,60,,45015,7253,,,2,20,,45040,7253,,,2,18,,45030,7253,,,2,18,,45041,7253,,,2,55,,45031,7253,,,2,15,,45022,7253,,,2,15,,45033,7253,,,2,15,,45024,7253,,,2,60,,45035,7253,,,2,17,,45023,7253,,,2,70,,45025,7253,,,2,30,,45004,7253,,,2,67,,45016,7253,,,2,30,,44999,7253,,,2,28,,45017,7253,,,2,70,,45000,7253,,,2,30,,45018,7253,,,2,98,,45019,7253,,,2,100,,45020,7253,,,2,100,,45021,7253,,,2
1901,'DI',603,,25993,14397,,,2,100,,25994,14397,,,2,100,,25995,14397,,,2,100,,25996,14397,,,2,104,,25997,14397,,,2,100,,25998,14397,,,2,100,,25999,14397,,,2,100,,26000,14397,,,2,100,,26001,14397,,,2,100,,26002,14397,,,2,100,,26003,14397,,,2,100,,26004,14397,,,2,100,,26005,14397,,,2,100,,26006,14397,,,2,100,,26007,14397,,,2,100,,26008,14397,,,2,100,,26009,14397,,,2,100,,26010,14397,,,2,100,,26011,14397,,,2,100,,26012,14397,,,2
1901,'F1',603,,45266,14397,,,2,100,,45267,14397,,,2,100,,45268,14397,,,2,100,,45269,14397,,,2,104,,45270,14397,,,2,100,,45271,14397,,,2,100,,45272,14397,,,2,100,,45273,14397,,,2,100,,45274,14397,,,2,100,,45275,14397,,,2,100,,45276,14397,,,2,100,,45277,14397,,,2,100,,45278,14397,,,2,100,,45279,14397,,,2,100,,45280,14397,,,2,100,,45281,14397,,,2,100,,45282,14397,,,2,100,,45283,14397,,,2,100,,45284,14397,,,2,100,,45285,14397,,,2
1901,'F2',603,,45286,14397,,,2,30,,45296,14397,,,2,70,,45287,14397,,,2,30,,45297,14397,,,2,70,,45288,14397,,,2,30,,45298,14397,,,2,70,,45289,14397,,,2,30,,45299,14397,,,2,74,,45290,14397,,,2,30,,45300,14397,,,2,70,,45291,14397,,,2,30,,45301,14397,,,2,70,,45292,14397,,,2,30,,45313,14397,,,2,70,,45293,14397,,,2,30,,45314,14397,,,2,70,,45294,14397,,,2,30,,45315,14397,,,2,70,,45295,14397,,,2,30,,45316,14397,,,2,70,,45302,14397,,,2,30,,45317,14397,,,2,70,,45303,14397,,,2,30,,45318,14397,,,2,70,,45304,14397,,,2,30,,45319,14397,,,2,70,,45305,14397,,,2,100,,45306,14397,,,2,100,,45307,14397,,,2,100,,45308,14397,,,2,100,,45309,14397,,,2,100,,45310,14397,,,2,100,,45311,14397,,,2
1901,'F8',603,,26123,14397,,,2,30,,26133,14397,,,2,70,,26124,14397,,,2,30,,26134,14397,,,2,70,,26125,14397,,,2,30,,26135,14397,,,2,70,,26126,14397,,,2,30,,26136,14397,,,2,74,,26127,14397,,,2,30,,26137,14397,,,2,70,,26128,14397,,,2,30,,26138,14397,,,2,70,,26129,14397,,,2,30,,26150,14397,,,2,70,,26130,14397,,,2,30,,26151,14397,,,2,70,,26131,14397,,,2,30,,26152,14397,,,2,70,,26132,14397,,,2,30,,26153,14397,,,2,70,,26139,14397,,,2,30,,26154,14397,,,2,70,,26140,14397,,,2,30,,26155,14397,,,2,70,,26141,14397,,,2,30,,26156,14397,,,2,70,,26142,14397,,,2,100,,26143,14397,,,2,100,,26144,14397,,,2,100,,26145,14397,,,2,100,,26146,14397,,,2,100,,26147,14397,,,2,100,,26148,14397,,,2
1901,'F9',603,,26158,14397,,,2,100,,26159,14397,,,2,100,,26160,14397,,,2,100,,26161,14397,,,2,104,,26162,14397,,,2,100,,26163,14397,,,2,100,,26164,14397,,,2,100,,26165,14397,,,2,100,,26166,14397,,,2,100,,26167,14397,,,2,100,,26168,14397,,,2,100,,26169,14397,,,2,100,,26170,14397,,,2,100,,26171,14397,,,2,100,,26172,14397,,,2,100,,26173,14397,,,2,100,,26174,14397,,,2,100,,26175,14397,,,2,100,,26176,14397,,,2,100,,26177,14397,,,2
1901,'SA',603,,26178,14397,,,2,30,,26188,14397,,,2,70,,26179,14397,,,2,30,,26189,14397,,,2,70,,26180,14397,,,2,30,,26190,14397,,,2,70,,26181,14397,,,2,30,,26191,14397,,,2,74,,26182,14397,,,2,30,,26192,14397,,,2,70,,26183,14397,,,2,30,,26193,14397,,,2,70,,26184,14397,,,2,30,,26205,14397,,,2,70,,26185,14397,,,2,30,,26206,14397,,,2,70,,26186,14397,,,2,30,,26207,14397,,,2,70,,26187,14397,,,2,30,,26208,14397,,,2,70,,26194,14397,,,2,30,,26209,14397,,,2,70,,26195,14397,,,2,30,,26210,14397,,,2,70,,26196,14397,,,2,30,,26211,14397,,,2,70,,26197,14397,,,2,100,,26198,14397,,,2,100,,26199,14397,,,2,100,,26200,14397,,,2,100,,26201,14397,,,2,100,,26202,14397,,,2,100,,26203,14397,,,2
1901,'SE',522,,45320,14397,,,2,35,,45337,14397,,,2,379,,45341,14397,,,2,74,,45328,14397,,,2,30,,45342,14397,,,2,70,,45329,14397,,,2,30,,45343,14397,,,2,70,,45330,14397,,,2,30,,45344,14397,,,2,70,,45331,14397,,,2,30,,45338,14397,,,2,70,,45332,14397,,,2,32,,45339,14397,,,2,408,,45345,14397,,,2,64,,45340,14397,,,2,25,,45333,14397,,,2,70,,45321,14397,,,2,30,,45334,14397,,,2,70,,45322,14397,,,2,30,,45335,14397,,,2,69,,45323,14397,,,2,100,,45324,14397,,,2,100,,45325,14397,,,2,100,,45326,14397,,,2
2101,'DI',620,,27057,15436,,,1,30,,27051,15436,,,1,70,,27073,15436,,,1,29,,27075,15436,,,1,70,,27077,15436,,,1,30,,27068,15436,,,1,71,,27069,15436,,,1,30,,27074,15436,,,1,70,,27058,15436,,,1,27,,27071,15436,,,1,73,,27084,15436,,,1,30,,27082,15436,,,1,72,,27072,15436,,,1,30,,27059,15436,,,1,71,,27078,15436,,,1,35,,27070,15436,,,1,70,,27076,15436,,,1,30,,27085,15436,,,1,70,,27083,15436,,,1,30,,27060,15436,,,1,70,,27062,15436,,,1,30,,27052,15436,,,1,70,,27065,15436,,,1,30,,27061,15436,,,1,70,,27046,15436,,,1,30,,27053,15436,,,1,64,,27066,15436,,,1,27,,27050,15436,,,1,70,,27047,15436,,,1,30,,27049,15436,,,1,70,,27080,15436,,,1,30,,27063,15436,,,1,70,,27054,15436,,,1,30,,27067,15436,,,1,70,,27055,15436,,,1,30,,27056,15436,,,1,70,,27079,15436,,,1,30,,27081,15436,,,1
2101,'F1',620,,45688,15436,,,1,30,,45682,15436,,,1,70,,45704,15436,,,1,29,,45706,15436,,,1,70,,45708,15436,,,1,30,,45699,15436,,,1,71,,45700,15436,,,1,30,,45705,15436,,,1,70,,45689,15436,,,1,27,,45702,15436,,,1,73,,45715,15436,,,1,30,,45713,15436,,,1,72,,45703,15436,,,1,30,,45690,15436,,,1,71,,45709,15436,,,1,35,,45701,15436,,,1,70,,45707,15436,,,1,30,,45716,15436,,,1,70,,45714,15436,,,1,30,,45691,15436,,,1,70,,45693,15436,,,1,30,,45683,15436,,,1,70,,45696,15436,,,1,30,,45692,15436,,,1,70,,45677,15436,,,1,30,,45684,15436,,,1,64,,45697,15436,,,1,27,,45681,15436,,,1,70,,45678,15436,,,1,30,,45680,15436,,,1,70,,45711,15436,,,1,30,,45694,15436,,,1,70,,45685,15436,,,1,30,,45698,15436,,,1,70,,45686,15436,,,1,30,,45687,15436,,,1,70,,45710,15436,,,1,30,,45712,15436,,,1
2101,'F2',620,,45733,15436,,,1,30,,45724,15436,,,1,70,,45737,15436,,,1,30,,45746,15436,,,1,73,,45747,15436,,,1,30,,45735,15436,,,1,70,,45750,15436,,,1,30,,45738,15436,,,1,70,,45725,15436,,,1,25,,45720,15436,,,1,71,,45734,15436,,,1,34,,45739,15436,,,1,73,,45721,15436,,,1,26,,45726,15436,,,1,74,,45730,15436,,,1,32,,45743,15436,,,1,70,,45748,15436,,,1,30,,45740,15436,,,1,70,,45751,15436,,,1,30,,45744,15436,,,1,70,,45749,15436,,,1,30,,45741,15436,,,1,70,,45753,15436,,,1,30,,45727,15436,,,1,70,,45752,15436,,,1,30,,45742,15436,,,1,64,,45754,15436,,,1,27,,45717,15436,,,1,70,,45731,15436,,,1,30,,45745,15436,,,1,70,,45728,15436,,,1,30,,45736,15436,,,1,70,,45722,15436,,,1,30,,45732,15436,,,1,70,,45718,15436,,,1,30,,45729,15436,,,1,70,,45756,15436,,,1,30,,45723,15436,,,1,70,,45755,15436,,,1
2101,'F8',620,,27226,15436,,,1,30,,27217,15436,,,1,70,,27230,15436,,,1,30,,27239,15436,,,1,73,,27240,15436,,,1,30,,27228,15436,,,1,70,,27243,15436,,,1,30,,27231,15436,,,1,70,,27218,15436,,,1,25,,27213,15436,,,1,71,,27227,15436,,,1,34,,27232,15436,,,1,73,,27214,15436,,,1,26,,27219,15436,,,1,74,,27223,15436,,,1,32,,27236,15436,,,1,70,,27241,15436,,,1,30,,27233,15436,,,1,70,,27244,15436,,,1,30,,27237,15436,,,1,70,,27242,15436,,,1,30,,27234,15436,,,1,70,,27246,15436,,,1,30,,27220,15436,,,1,70,,27245,15436,,,1,30,,27235,15436,,,1,64,,27247,15436,,,1,27,,27210,15436,,,1,70,,27224,15436,,,1,30,,27238,15436,,,1,70,,27221,15436,,,1,30,,27229,15436,,,1,70,,27215,15436,,,1,30,,27225,15436,,,1,70,,27211,15436,,,1,30,,27222,15436,,,1,70,,27249,15436,,,1,30,,27216,15436,,,1,70,,27248,15436,,,1
2101,'F9',620,,27261,15436,,,1,30,,27255,15436,,,1,70,,27277,15436,,,1,29,,27279,15436,,,1,70,,27281,15436,,,1,30,,27272,15436,,,1,71,,27273,15436,,,1,30,,27278,15436,,,1,70,,27262,15436,,,1,27,,27275,15436,,,1,73,,27288,15436,,,1,30,,27286,15436,,,1,72,,27276,15436,,,1,30,,27263,15436,,,1,71,,27282,15436,,,1,35,,27274,15436,,,1,70,,27280,15436,,,1,30,,27289,15436,,,1,70,,27287,15436,,,1,30,,27264,15436,,,1,70,,27266,15436,,,1,30,,27256,15436,,,1,70,,27269,15436,,,1,30,,27265,15436,,,1,70,,27250,15436,,,1,30,,27257,15436,,,1,64,,27270,15436,,,1,27,,27254,15436,,,1,70,,27251,15436,,,1,30,,27253,15436,,,1,70,,27284,15436,,,1,30,,27267,15436,,,1,70,,27258,15436,,,1,30,,27271,15436,,,1,70,,27259,15436,,,1,30,,27260,15436,,,1,70,,27283,15436,,,1,30,,27285,15436,,,1
2101,'SA',620,,27306,15436,,,1,30,,27297,15436,,,1,70,,27310,15436,,,1,30,,27319,15436,,,1,73,,27320,15436,,,1,30,,27308,15436,,,1,70,,27321,15436,,,1,30,,27311,15436,,,1,70,,27298,15436,,,1,25,,27293,15436,,,1,71,,27307,15436,,,1,34,,27312,15436,,,1,73,,27294,15436,,,1,26,,27299,15436,,,1,74,,27303,15436,,,1,32,,27316,15436,,,1,70,,6523,15436,,,1,30,,27313,15436,,,1,70,,27322,15436,,,1,30,,27317,15436,,,1,70,,6524,15436,,,1,30,,27314,15436,,,1,70,,27324,15436,,,1,30,,27300,15436,,,1,70,,27323,15436,,,1,30,,27315,15436,,,1,64,,27325,15436,,,1,27,,27290,15436,,,1,70,,27304,15436,,,1,30,,27318,15436,,,1,70,,27301,15436,,,1,30,,27309,15436,,,1,70,,27295,15436,,,1,30,,27305,15436,,,1,70,,27291,15436,,,1,30,,27302,15436,,,1,70,,27326,15436,,,1,30,,27296,15436,,,1,70,,6535,15436,,,1
2101,'SE',518,,45761,15436,,,1,86,,45759,15436,,,1,400,,45757,15436,,,1,21,,45763,15436,,,1,27,,45765,15436,,,1,74,,45768,15436,,,1,30,,45781,15436,,,1,70,,45764,15436,,,1,32,,45770,15436,,,1,73,,45758,15436,,,1,70,,45760,15436,,,1,30,,45769,15436,,,1,81,,45773,15436,,,1,317,,45782,15436,,,1,20,,45778,15436,,,1,66,,45780,15436,,,1,26,,45766,15436,,,1,65,,45762,15436,,,1,30,,45772,15436,,,1,70,,45777,15436,,,1,29,,45775,15436,,,1,70,,45776,15436,,,1,30,,45779,15436,,,1,98,,45767,15436,,,1,97,,45774,15436,,,1
2301,'F2',625,,45845,9252,,,1,103,,45846,9252,,,1,103,,45847,9252,,,1,100,,45838,9252,,,1,103,,45839,9252,,,1,99,,45841,9252,,,1,103,,45842,9252,,,1,97,,45848,9252,,,1,99,,45849,9252,,,1,100,,45844,9252,,,1,100,,45843,9252,,,1,100,,45840,9252,,,1
2301,'F8',625,,27519,9252,,,1,103,,27520,9252,,,1,103,,27521,9252,,,1,100,,27512,9252,,,1,103,,27513,9252,,,1,99,,27515,9252,,,1,103,,27516,9252,,,1,97,,27522,9252,,,1,99,,27523,9252,,,1,100,,27518,9252,,,1,100,,27517,9252,,,1,100,,27514,9252,,,1
2301,'SA',625,,27531,9252,,,1,103,,27532,9252,,,1,103,,27533,9252,,,1,100,,27524,9252,,,1,103,,27525,9252,,,1,99,,27527,9252,,,1,103,,27528,9252,,,1,97,,27534,9252,,,1,99,,27535,9252,,,1,100,,27530,9252,,,1,100,,27529,9252,,,1,100,,27526,9252,,,1
2301,'SE',1034,,45854,9252,,,1,101,,45850,9252,,,1,101,,45853,9252,,,1,100,,45851,9252,,,1,100,,45852,9252,,,1
2901,'DI',720,,28112,9566,,,1,100,,28113,9566,,,1,100,,28114,9566,,,1,100,,28115,9566,,,1,100,,28116,9566,,,1,100,,28117,9566,,,1,100,,28118,9566,,,1,100,,28119,9566,,,1,100,,28120,9566,,,1,100,,28121,9566,,,1,100,,28122,9566,,,1,100,,28123,9566,,,1,98,,28124,9566,,,1,100,,28125,9566,,,1,100,,28126,9566,,,1,100,,28127,9566,,,1,100,,28128,9566,,,1,120,,28129,9566,,,1
2901,'F1',720,,46101,9566,,,1,100,,46102,9566,,,1,100,,46103,9566,,,1,100,,46104,9566,,,1,100,,46105,9566,,,1,100,,46106,9566,,,1,100,,46107,9566,,,1,100,,46108,9566,,,1,100,,46109,9566,,,1,100,,46110,9566,,,1,100,,46111,9566,,,1,100,,46112,9566,,,1,98,,46113,9566,,,1,100,,46114,9566,,,1,100,,46115,9566,,,1,100,,46116,9566,,,1,100,,46117,9566,,,1,120,,46118,9566,,,1
2901,'F2',720,,46133,9566,,,1,100,,46134,9566,,,1,100,,46135,9566,,,1,100,,46136,9566,,,1,100,,46137,9566,,,1,100,,46138,9566,,,1,100,,46120,9566,,,1,100,,46121,9566,,,1,99,,46122,9566,,,1,99,,46123,9566,,,1,99,,46124,9566,,,1,108,,46125,9566,,,1,97,,46126,9566,,,1,97,,46127,9566,,,1,99,,46128,9566,,,1,100,,46129,9566,,,1,100,,46130,9566,,,1,120,,46131,9566,,,1
2901,'F8',720,,28210,9566,,,1,100,,28211,9566,,,1,100,,28212,9566,,,1,100,,28213,9566,,,1,100,,28214,9566,,,1,100,,28215,9566,,,1,100,,28197,9566,,,1,100,,28198,9566,,,1,99,,28199,9566,,,1,99,,28200,9566,,,1,99,,28201,9566,,,1,108,,28202,9566,,,1,97,,28203,9566,,,1,97,,28204,9566,,,1,99,,28205,9566,,,1,100,,28206,9566,,,1,100,,28207,9566,,,1,120,,28208,9566,,,1
2901,'F9',720,,28216,9566,,,1,100,,28217,9566,,,1,100,,28218,9566,,,1,100,,28219,9566,,,1,100,,28220,9566,,,1,100,,28221,9566,,,1,100,,28222,9566,,,1,100,,28223,9566,,,1,100,,28224,9566,,,1,100,,28225,9566,,,1,100,,28226,9566,,,1,100,,28227,9566,,,1,98,,28228,9566,,,1,100,,28229,9566,,,1,100,,28230,9566,,,1,100,,28231,9566,,,1,100,,28232,9566,,,1,120,,28233,9566,,,1
2901,'SA',720,,28248,9566,,,1,100,,28249,9566,,,1,100,,28250,9566,,,1,100,,28251,9566,,,1,100,,28252,9566,,,1,100,,28253,9566,,,1,100,,28235,9566,,,1,100,,28236,9566,,,1,99,,28237,9566,,,1,99,,28238,9566,,,1,99,,28239,9566,,,1,108,,28240,9566,,,1,97,,28241,9566,,,1,97,,28242,9566,,,1,99,,28243,9566,,,1,100,,28244,9566,,,1,100,,28245,9566,,,1,120,,28246,9566,,,1
2901,'SE',652,,46151,9566,,,1,66,,46152,9566,,,1,37,,46147,9566,,,1,2,,46140,9566,,,1,67,,46155,9566,,,1,30,,46153,9566,,,1,68,,46143,9566,,,1,103,,46149,9566,,,1,100,,46148,9566,,,1,101,,46146,9566,,,1,100,,46139,9566,,,1,100,,46144,9566,,,1,102,,46156,9566,,,1,75,,46157,9566,,,1,24,,46165,9566,,,1,74,,46142,9566,,,1,20,,46161,9566,,,1,28,,46166,9566,,,1,52,,46141,9566,,,1,28,,46154,9566,,,1,28,,46150,9566,,,1,67,,46145,9566,,,1,98,,46162,9566,,,1,99,,46158,9566,,,1,98,,46159,9566,,,1,98,,46160,9566,,,1,120,,46163,9566,,,1
7101,'DI',538,,33239,6901,,,2,70,,33251,6901,,,2,29,,33246,6901,,,2,70,,33225,6901,,,2,30,,33249,6901,,,2,70,,33241,6901,,,2,30,,33252,6901,,,2,70,,33240,6901,,,2,31,,33222,6901,,,2,69,,33220,6901,,,2,31,,33221,6901,,,2,70,,33228,6901,,,2,30,,33242,6901,,,2,70,,33253,6901,,,2,30,,33247,6901,,,2,75,,33226,6901,,,2,25,,33248,6901,,,2,70,,33227,6901,,,2,30,,33250,6901,,,2,70,,33245,6901,,,2,30,,33235,6901,,,2,70,,33231,6901,,,2,30,,33238,6901,,,2,70,,33232,6901,,,2,28,,33229,6901,,,2,72,,33233,6901,,,2,30,,33230,6901,,,2,70,,33234,6901,,,2,100,,33236,6901,,,2,99,,33237,6901,,,2,100,,33244,6901,,,2,100,,33223,6901,,,2,100,,33224,6901,,,2
7101,'F1',538,,48160,6901,,,2,70,,48172,6901,,,2,29,,48167,6901,,,2,70,,48146,6901,,,2,30,,48170,6901,,,2,70,,48162,6901,,,2,30,,48173,6901,,,2,70,,48161,6901,,,2,31,,48143,6901,,,2,69,,48141,6901,,,2,31,,48142,6901,,,2,70,,48149,6901,,,2,30,,48163,6901,,,2,70,,48174,6901,,,2,30,,48168,6901,,,2,75,,48147,6901,,,2,25,,48169,6901,,,2,70,,48148,6901,,,2,30,,48171,6901,,,2,70,,48166,6901,,,2,30,,48156,6901,,,2,70,,48152,6901,,,2,30,,48159,6901,,,2,70,,48153,6901,,,2,28,,48150,6901,,,2,72,,48154,6901,,,2,30,,48151,6901,,,2,70,,48155,6901,,,2,100,,48157,6901,,,2,99,,48158,6901,,,2,100,,48165,6901,,,2,100,,48144,6901,,,2,100,,48145,6901,,,2
7101,'F2',538,,48187,6901,,,2,70,,48184,6901,,,2,29,,48208,6901,,,2,70,,48183,6901,,,2,30,,48178,6901,,,2,70,,48188,6901,,,2,31,,48209,6901,,,2,69,,48185,6901,,,2,30,,48175,6901,,,2,70,,48191,6901,,,2,31,,48204,6901,,,2,70,,48192,6901,,,2,30,,48205,6901,,,2,70,,48193,6901,,,2,30,,48206,6901,,,2,70,,48194,6901,,,2,30,,48207,6901,,,2,70,,48195,6901,,,2,30,,48198,6901,,,2,70,,48196,6901,,,2,30,,48199,6901,,,2,70,,48197,6901,,,2,30,,48200,6901,,,2,68,,48181,6901,,,2,30,,48201,6901,,,2,76,,48186,6901,,,2,26,,48202,6901,,,2,72,,48182,6901,,,2,98,,48189,6901,,,2,100,,48180,6901,,,2,100,,48179,6901,,,2,100,,48177,6901,,,2,100,,48176,6901,,,2,100,,48203,6901,,,2
7101,'F8',538,,33380,6901,,,2,70,,33377,6901,,,2,29,,33401,6901,,,2,70,,33376,6901,,,2,30,,33371,6901,,,2,70,,33381,6901,,,2,31,,33402,6901,,,2,69,,33378,6901,,,2,30,,33368,6901,,,2,70,,33384,6901,,,2,31,,33397,6901,,,2,70,,33385,6901,,,2,30,,33398,6901,,,2,70,,33386,6901,,,2,30,,33399,6901,,,2,70,,33387,6901,,,2,30,,33400,6901,,,2,70,,33388,6901,,,2,30,,33391,6901,,,2,70,,33389,6901,,,2,30,,33392,6901,,,2,70,,33390,6901,,,2,30,,33393,6901,,,2,68,,33374,6901,,,2,30,,33394,6901,,,2,76,,33379,6901,,,2,26,,33395,6901,,,2,72,,33375,6901,,,2,98,,33382,6901,,,2,100,,33373,6901,,,2,100,,33372,6901,,,2,100,,33370,6901,,,2,100,,33369,6901,,,2,100,,33396,6901,,,2
7101,'F9',538,,33422,6901,,,2,70,,33434,6901,,,2,29,,33429,6901,,,2,70,,33408,6901,,,2,30,,33432,6901,,,2,70,,33424,6901,,,2,30,,33435,6901,,,2,70,,33423,6901,,,2,31,,33405,6901,,,2,69,,33403,6901,,,2,31,,33404,6901,,,2,70,,33411,6901,,,2,30,,33425,6901,,,2,70,,33436,6901,,,2,30,,33430,6901,,,2,75,,33409,6901,,,2,25,,33431,6901,,,2,70,,33410,6901,,,2,30,,33433,6901,,,2,70,,33428,6901,,,2,30,,33418,6901,,,2,70,,33414,6901,,,2,30,,33421,6901,,,2,70,,33415,6901,,,2,28,,33412,6901,,,2,72,,33416,6901,,,2,30,,33413,6901,,,2,70,,33417,6901,,,2,100,,33419,6901,,,2,99,,33420,6901,,,2,100,,33427,6901,,,2,100,,33406,6901,,,2,100,,33407,6901,,,2
7101,'SA',538,,33449,6901,,,2,70,,33446,6901,,,2,29,,33468,6901,,,2,70,,33445,6901,,,2,30,,33440,6901,,,2,70,,33450,6901,,,2,31,,33469,6901,,,2,69,,33447,6901,,,2,30,,33437,6901,,,2,70,,33451,6901,,,2,31,,33464,6901,,,2,70,,33452,6901,,,2,30,,33465,6901,,,2,70,,33453,6901,,,2,30,,33466,6901,,,2,70,,33454,6901,,,2,30,,33467,6901,,,2,70,,33455,6901,,,2,30,,33458,6901,,,2,70,,33456,6901,,,2,30,,33459,6901,,,2,70,,33457,6901,,,2,30,,33460,6901,,,2,68,,33443,6901,,,2,30,,33461,6901,,,2,76,,33448,6901,,,2,26,,33462,6901,,,2,72,,33444,6901,,,2,98,,12078,6901,,,2,100,,33442,6901,,,2,100,,33441,6901,,,2,100,,33439,6901,,,2,100,,33438,6901,,,2,100,,33463,6901,,,2
7101,'SE',501,,48218,6901,,,2,30,,48214,6901,,,2,70,,48248,6901,,,2,30,,48216,6901,,,2,70,,48250,6901,,,2,17,,48231,6901,,,2,25,,48249,6901,,,2,60,,48210,6901,,,2,22,,48220,6901,,,2,18,,48212,6901,,,2,66,,48232,6901,,,2,31,,48213,6901,,,2,69,,48233,6901,,,2,30,,48221,6901,,,2,70,,48234,6901,,,2,30,,48237,6901,,,2,70,,48235,6901,,,2,30,,48222,6901,,,2,70,,48236,6901,,,2,30,,48246,6901,,,2,70,,48238,6901,,,2,30,,48225,6901,,,2,72,,48239,6901,,,2,31,,48247,6901,,,2,71,,48217,6901,,,2,41,,48244,6901,,,2,82,,48219,6901,,,2,76,,48253,6901,,,2,32,,48252,6901,,,2,66,,48215,6901,,,2,30,,48240,6901,,,2,68,,48223,6901,,,2,29,,48241,6901,,,2,70,,48251,6901,,,2,30,,48242,6901,,,2,70,,48211,6901,,,2,30,,48243,6901,,,2,70,,48228,6901,,,2,30,,48224,6901,,,2,70,,48229,6901,,,2,28,,48254,6901,,,2
7401,'DI',731,,34340,7409,,,1,100,,34344,7409,,,1,100,,34345,7409,,,1,100,,34346,7409,,,1,100,,34347,7409,,,1,99,,34348,7409,,,1,105,,34349,7409,,,1,96,,34337,7409,,,1,100,,34338,7409,,,1,100,,34350,7409,,,1,100,,34351,7409,,,1,104,,34352,7409,,,1,96,,34353,7409,,,1,100,,34354,7409,,,1,100,,34341,7409,,,1,100,,34342,7409,,,1,100,,34343,7409,,,1,100,,34339,7409,,,1
7401,'F1',731,,48579,7409,,,1,100,,48583,7409,,,1,100,,48584,7409,,,1,100,,48585,7409,,,1,100,,48586,7409,,,1,99,,48587,7409,,,1,105,,48588,7409,,,1,96,,48576,7409,,,1,100,,48577,7409,,,1,100,,48589,7409,,,1,100,,48590,7409,,,1,104,,48591,7409,,,1,96,,48592,7409,,,1,100,,48593,7409,,,1,100,,48580,7409,,,1,100,,48581,7409,,,1,100,,48582,7409,,,1,100,,48578,7409,,,1
7401,'F2',729,,48612,7409,,,1,102,,48597,7409,,,1,100,,48598,7409,,,1,99,,48599,7409,,,1,100,,48596,7409,,,1,101,,48600,7409,,,1,100,,48601,7409,,,1,100,,48602,7409,,,1,99,,48603,7409,,,1,101,,48604,7409,,,1,100,,48605,7409,,,1,102,,48594,7409,,,1,98,,48606,7409,,,1,100,,48607,7409,,,1,100,,48608,7409,,,1,100,,48609,7409,,,1,100,,48610,7409,,,1,100,,48611,7409,,,1,100,,48595,7409,,,1
7401,'F8',729,,34438,7409,,,1,102,,34423,7409,,,1,100,,34424,7409,,,1,99,,34425,7409,,,1,100,,34422,7409,,,1,101,,34426,7409,,,1,100,,34427,7409,,,1,100,,34428,7409,,,1,99,,34429,7409,,,1,101,,34430,7409,,,1,100,,34431,7409,,,1,102,,34420,7409,,,1,98,,34432,7409,,,1,100,,34433,7409,,,1,100,,34434,7409,,,1,100,,34435,7409,,,1,100,,34436,7409,,,1,100,,34437,7409,,,1,100,,34421,7409,,,1
7401,'F9',731,,34442,7409,,,1,100,,34446,7409,,,1,100,,34447,7409,,,1,100,,34448,7409,,,1,100,,34449,7409,,,1,99,,34450,7409,,,1,105,,34451,7409,,,1,96,,34439,7409,,,1,100,,34440,7409,,,1,100,,34452,7409,,,1,100,,34453,7409,,,1,104,,34454,7409,,,1,96,,34455,7409,,,1,100,,34456,7409,,,1,100,,34443,7409,,,1,100,,34444,7409,,,1,100,,34445,7409,,,1,100,,34441,7409,,,1
7401,'SA',729,,34475,7409,,,1,102,,34460,7409,,,1,100,,34461,7409,,,1,99,,34462,7409,,,1,100,,34459,7409,,,1,101,,34463,7409,,,1,100,,34464,7409,,,1,100,,34465,7409,,,1,99,,34466,7409,,,1,101,,34467,7409,,,1,100,,34468,7409,,,1,102,,34457,7409,,,1,98,,34469,7409,,,1,100,,34470,7409,,,1,100,,34471,7409,,,1,100,,34472,7409,,,1,100,,34473,7409,,,1,100,,34474,7409,,,1,100,,34458,7409,,,1
7401,'SE',631,,48639,7409,,,1,72,,48634,7409,,,1,26,,48638,7409,,,1,78,,48636,7409,,,1,26,,48635,7409,,,1,70,,48637,7409,,,1,29,,48631,7409,,,1,101,,48619,7409,,,1,100,,48622,7409,,,1,101,,48623,7409,,,1,100,,48624,7409,,,1,101,,48625,7409,,,1,101,,48613,7409,,,1,69,,48618,7409,,,1,27,,48626,7409,,,1,76,,48617,7409,,,1,29,,48632,7409,,,1,70,,48620,7409,,,1,28,,48627,7409,,,1,69,,48621,7409,,,1,28,,48628,7409,,,1,99,,48629,7409,,,1,100,,48630,7409,,,1,99,,48614,7409,,,1,100,,48615,7409,,,1,100,,48616,7409,,,1,100,,48633,7409,,,1
9901,'DI',927,,37415,28514,,,2,100,,37411,28514,,,2,100,,37403,28514,,,2,104,,37408,28514,,,2,100,,37401,28514,,,2,100,,37404,28514,,,2,100,,37416,28514,,,2,100,,37413,28514,,,2,100,,37410,28514,,,2,96,,37412,28514,,,2,104,,37407,28514,,,2,96,,37405,28514,,,2,100,,37406,28514,,,2,100,,37414,28514,,,2,100,,37417,28514,,,2
9901,'F1',927,,49838,28514,,,2,100,,49834,28514,,,2,100,,49826,28514,,,2,104,,49831,28514,,,2,100,,49824,28514,,,2,100,,49827,28514,,,2,100,,49839,28514,,,2,100,,49836,28514,,,2,100,,49833,28514,,,2,96,,49835,28514,,,2,104,,49830,28514,,,2,96,,49828,28514,,,2,100,,49829,28514,,,2,100,,49837,28514,,,2,100,,49840,28514,,,2
9901,'F2',822,,49845,28514,,,2,105,,49844,28514,,,2,98,,49856,28514,,,2,102,,49846,28514,,,2,104,,49852,28514,,,2,100,,49857,28514,,,2,100,,49847,28514,,,2,100,,49851,28514,,,2,98,,49848,28514,,,2,102,,49853,28514,,,2,96,,49858,28514,,,2,100,,49842,28514,,,2,100,,49849,28514,,,2,100,,49854,28514,,,2,100,,49843,28514,,,2,100,,49850,28514,,,2,100,,49841,28514,,,2
9901,'F8',822,,37487,28514,,,2,105,,37486,28514,,,2,98,,37498,28514,,,2,102,,37488,28514,,,2,104,,37494,28514,,,2,100,,37499,28514,,,2,100,,37489,28514,,,2,100,,37493,28514,,,2,98,,37490,28514,,,2,102,,37495,28514,,,2,96,,37500,28514,,,2,100,,37484,28514,,,2,100,,37491,28514,,,2,100,,37496,28514,,,2,100,,37485,28514,,,2,100,,37492,28514,,,2,100,,37483,28514,,,2
9901,'F9',927,,37516,28514,,,2,100,,37512,28514,,,2,100,,37504,28514,,,2,104,,37509,28514,,,2,100,,37502,28514,,,2,100,,37505,28514,,,2,100,,37517,28514,,,2,100,,37514,28514,,,2,100,,37511,28514,,,2,96,,37513,28514,,,2,104,,37508,28514,,,2,96,,37506,28514,,,2,100,,37507,28514,,,2,100,,37515,28514,,,2,100,,37518,28514,,,2
9901,'SA',822,,37523,28514,,,2,105,,37522,28514,,,2,98,,37534,28514,,,2,102,,37524,28514,,,2,104,,37530,28514,,,2,100,,37535,28514,,,2,100,,37525,28514,,,2,100,,37529,28514,,,2,98,,37526,28514,,,2,102,,37531,28514,,,2,96,,37536,28514,,,2,100,,37520,28514,,,2,100,,37527,28514,,,2,100,,37532,28514,,,2,100,,37521,28514,,,2,100,,37528,28514,,,2,100,,37519,28514,,,2
9901,'SE',1028,,49868,28514,,,2,100,,49870,28514,,,2,100,,49878,28514,,,2,101,,49867,28514,,,2,100,,49869,28514,,,2,99,,49871,28514,,,2,402,,49875,28514,,,2,98,,49880,28514,,,2,100,,49872,28514,,,2,100,,49877,28514,,,2,100,,49879,28514,,,2,100,,49873,28514,,,2
12301,'DI',559,,37798,23549,,,1,100,,37808,23549,,,1,100,,37799,23549,,,1,100,,37809,23549,,,1,142,,37800,23549,,,1,100,,37810,23549,,,1,100,,37801,23549,,,1,100,,37811,23549,,,1,100,,37802,23549,,,1,100,,37812,23549,,,1,100,,37803,23549,,,1,100,,37813,23549,,,1,100,,37804,23549,,,1,100,,37814,23549,,,1,100,,37805,23549,,,1,58,,37815,23549,,,1,100,,37806,23549,,,1,100,,37816,23549,,,1,100,,37807,23549,,,1,100,,37817,23549,,,1
12301,'F1',559,,49985,23549,,,1,100,,49995,23549,,,1,100,,49986,23549,,,1,100,,49996,23549,,,1,142,,49987,23549,,,1,100,,49997,23549,,,1,100,,49988,23549,,,1,100,,49998,23549,,,1,100,,49989,23549,,,1,100,,49999,23549,,,1,100,,49990,23549,,,1,100,,50000,23549,,,1,100,,49991,23549,,,1,100,,50001,23549,,,1,100,,49992,23549,,,1,58,,50002,23549,,,1,100,,49993,23549,,,1,100,,50003,23549,,,1,100,,49994,23549,,,1,100,,50004,23549,,,1
12301,'F2',557,,50007,23549,,,1,100,,50005,23549,,,1,100,,50008,23549,,,1,102,,50006,23549,,,1,100,,50009,23549,,,1,100,,50017,23549,,,1,100,,50010,23549,,,1,100,,50018,23549,,,1,100,,50011,23549,,,1,100,,50019,23549,,,1,100,,50012,23549,,,1,100,,50020,23549,,,1,100,,50013,23549,,,1,100,,50021,23549,,,1,100,,50014,23549,,,1,100,,50022,23549,,,1,100,,50015,23549,,,1,100,,50023,23549,,,1,100,,50016,23549,,,1,100,,50024,23549,,,1
12301,'F8',557,,37897,23549,,,1,100,,37895,23549,,,1,100,,37898,23549,,,1,102,,37896,23549,,,1,100,,37899,23549,,,1,100,,37907,23549,,,1,100,,37900,23549,,,1,100,,37908,23549,,,1,100,,37901,23549,,,1,100,,37909,23549,,,1,100,,37902,23549,,,1,100,,37910,23549,,,1,100,,37903,23549,,,1,100,,37911,23549,,,1,100,,37904,23549,,,1,100,,37912,23549,,,1,100,,37905,23549,,,1,100,,37913,23549,,,1,100,,37906,23549,,,1,100,,37914,23549,,,1
12301,'F9',559,,37915,23549,,,1,100,,37925,23549,,,1,100,,37916,23549,,,1,100,,37926,23549,,,1,142,,37917,23549,,,1,100,,37927,23549,,,1,100,,37918,23549,,,1,100,,37928,23549,,,1,100,,37919,23549,,,1,100,,37929,23549,,,1,100,,37920,23549,,,1,100,,37930,23549,,,1,100,,37921,23549,,,1,100,,37931,23549,,,1,100,,37922,23549,,,1,58,,37932,23549,,,1,100,,37923,23549,,,1,100,,37933,23549,,,1,100,,37924,23549,,,1,100,,37934,23549,,,1
12301,'SA',557,,37937,23549,,,1,100,,37935,23549,,,1,100,,37938,23549,,,1,102,,37936,23549,,,1,100,,37939,23549,,,1,100,,37947,23549,,,1,100,,37940,23549,,,1,100,,37948,23549,,,1,100,,37941,23549,,,1,100,,37949,23549,,,1,100,,37942,23549,,,1,100,,37950,23549,,,1,100,,37943,23549,,,1,100,,37951,23549,,,1,100,,37944,23549,,,1,100,,37952,23549,,,1,100,,37945,23549,,,1,100,,37953,23549,,,1,100,,37946,23549,,,1,100,,37954,23549,,,1
12301,'SE',546,,50041,23549,,,1,70,,50044,23549,,,1,22,,50029,23876,,,1,66,,50028,23876,,,1,15,,50030,23876,,,1,29,,50031,23876,,,1,70,,50026,23876,,,1,27,,50027,23876,,,1,70,,50025,23876,,,1,24,,50048,23549,,,1,70,,50042,23549,,,1,96,,50034,23549,,,1,102,,50046,23549,,,1,100,,50036,23549,,,1,100,,50043,23549,,,1,100,,50061,23549,,,1,11,,50035,23549,,,1,28,,50049,23549,,,1,60,,50053,23549,,,1,15,,50045,23549,,,1,19,,50055,23549,,,1,6,,50037,23549,,,1,56,,50040,23549,,,1,10,,50059,23549,,,1,6,,50051,23549,,,1,24,,50060,23549,,,1,66,,50050,23549,,,1,26,,50033,23549,,,1,71,,50038,23549,,,1,26,,50052,23549,,,1,74,,50047,23549,,,1,28,,50039,23549,,,1,70,,50056,23549,,,1,98,,50032,23549,,,1,57,,50057,23549,,,1,100,,50054,23549,,,1,157,,50058,23549,,,1
42101,'SE',2352,,50745,11633,,,1
