1500,'DI',746,,24371,10304,,,1,102,,24368,10304,,,1,100,,24365,10304,,,1,100,,24378,10304,,,1,100,,24383,10304,,,1,100,,24376,10304,,,1,100,,24372,10304,,,1,100,,24366,10304,,,1,100,,24380,10304,,,1,100,,24367,10304,,,1,100,,24375,10304,,,1,100,,24373,10304,,,1,97,,24377,10304,,,1,100,,24381,10304,,,1,100,,24379,10304,,,1,100,,24374,10304,,,1,100,,24369,10304,,,1,100,,24382,10304,,,1,100,,24370,10304,,,1
1500,'F8',747,,24474,10304,,,1,100,,24467,10304,,,1,100,,24461,10304,,,1,100,,24475,10304,,,1,107,,24469,10304,,,1,95,,24459,10304,,,1,100,,24471,10304,,,1,100,,24465,10304,,,1,100,,24470,10304,,,1,100,,24466,10304,,,1,100,,24462,10304,,,1,100,,24468,10304,,,1,100,,24472,10304,,,1,99,,24473,10304,,,1,100,,24460,10304,,,1,100,,24476,10304,,,1,100,,24463,10304,,,1,100,,24477,10304,,,1,100,,24464,10304,,,1
1500,'F9',746,,24484,10304,,,1,102,,24481,10304,,,1,100,,24478,10304,,,1,100,,24491,10304,,,1,100,,24496,10304,,,1,100,,24489,10304,,,1,100,,24485,10304,,,1,100,,24479,10304,,,1,100,,24493,10304,,,1,100,,24480,10304,,,1,100,,24488,10304,,,1,100,,24486,10304,,,1,97,,24490,10304,,,1,100,,24494,10304,,,1,100,,24492,10304,,,1,100,,24487,10304,,,1,100,,24482,10304,,,1,100,,24495,10304,,,1,100,,24483,10304,,,1
1500,'SA',747,,24512,10304,,,1,100,,24505,10304,,,1,100,,24499,10304,,,1,100,,24513,10304,,,1,107,,24507,10304,,,1,95,,24497,10304,,,1,100,,24509,10304,,,1,100,,24503,10304,,,1,100,,24508,10304,,,1,100,,24504,10304,,,1,100,,24500,10304,,,1,100,,24506,10304,,,1,100,,24510,10304,,,1,99,,24511,10304,,,1,100,,24498,10304,,,1,100,,24514,10304,,,1,100,,24501,10304,,,1,100,,24515,10304,,,1,100,,24502,10304,,,1
1500,'SE',610,,24552,10304,,,1,30,,24546,10304,,,1,72,,24517,10304,,,1,28,,24538,10304,,,1,75,,24544,10304,,,1,26,,24524,10304,,,1,73,,24540,10304,,,1,30,,24523,10304,,,1,68,,24545,10304,,,1,30,,24542,10304,,,1,70,,24518,10304,,,1,30,,24521,10304,,,1,70,,24543,10304,,,1,30,,24526,10304,,,1,70,,24522,10304,,,1,30,,24519,10304,,,1,70,,24548,10304,,,1,30,,24532,10304,,,1,73,,24547,10304,,,1,30,,24525,10304,,,1,66,,24527,10304,,,1,34,,24520,10304,,,1,82,,24536,10304,,,1,18,,24551,10304,,,1,70,,24533,10304,,,1,30,,24534,10304,,,1,68,,24549,10304,,,1,27,,24537,10304,,,1,70,,24530,10304,,,1,30,,24541,10304,,,1,70,,24550,10304,,,1,30,,24535,10304,,,1,70,,24516,10304,,,1,30,,24529,10304,,,1,100,,24531,10304,,,1,98,,24539,10304,,,1,100,,24528,10304,,,1
3001,'SE',609,,28292,7433,,,2,30,,28293,7433,,,2,71,,28294,7433,,,2,30,,28296,7433,,,2,72,,28295,7433,,,2,32,,28297,7433,,,2,764,,28300,7433,,,2,31,,28301,7433,,,2,68,,28298,7433,,,2,32,,28299,7433,,,2,71,,28302,7433,,,2
55000,'SE',1629,,40710,5130,,,2
65300,'SE',1622,,40815,6335,4,,2
65301,'SE',850,,40817,2627,,,2
66000,'SE',1629,,40829,8426,4,,2,1,,40830,8426,4,,2,1,,40831,8426,4,,2
66001,'SE',848,,40836,3845,,,2,1,,40835,3845,,,2,1,,40837,3845,,,2
69201,'SE',842,,40933,3787,,,2
69501,'SE',847,,40956,4723,,,2,1,,40957,4723,,,2
