6100,'DI',720,,32294,13090,,,2,89,,32298,13090,,,2,30,,32295,13090,,,2,70,,32301,13090,,,2,30,,32299,13090,,,2,70,,32296,13090,,,2,30,,32302,13090,,,2,70,,32304,13090,,,2,30,,32309,13090,,,2,70,,32314,13090,,,2,30,,32305,13090,,,2,70,,32310,13090,,,2,30,,32315,13090,,,2,70,,32306,13090,,,2,30,,32311,13090,,,2,70,,32317,13090,,,2,30,,32307,13090,,,2,74,,32312,13090,,,2,21,,32318,13090,,,2,75,,32321,13090,,,2,20,,32325,13090,,,2,80,,32319,13090,,,2,25,,32322,13090,,,2,70,,32326,13090,,,2,45,,32323,13090,,,2,100,,32327,13090,,,2,100,,32329,13090,,,2,100,,32331,13090,,,2,100,,32333,13090,,,2,100,,32334,13090,,,2
6100,'F1',720,,47781,13090,,,2,89,,47785,13090,,,2,30,,47782,13090,,,2,70,,47788,13090,,,2,30,,47786,13090,,,2,70,,47783,13090,,,2,30,,47789,13090,,,2,70,,47791,13090,,,2,30,,47796,13090,,,2,70,,47801,13090,,,2,30,,47792,13090,,,2,70,,47797,13090,,,2,30,,47802,13090,,,2,70,,47793,13090,,,2,30,,47798,13090,,,2,70,,47804,13090,,,2,30,,47794,13090,,,2,74,,47799,13090,,,2,21,,47805,13090,,,2,75,,47808,13090,,,2,20,,47812,13090,,,2,80,,47806,13090,,,2,25,,47809,13090,,,2,70,,47813,13090,,,2,45,,47810,13090,,,2,100,,47814,13090,,,2,100,,47816,13090,,,2,100,,47818,13090,,,2,100,,47820,13090,,,2,100,,47821,13090,,,2
6100,'F2',720,,47822,13090,,,2,89,,47826,13090,,,2,30,,47823,13090,,,2,70,,47829,13090,,,2,30,,47827,13090,,,2,70,,47824,13090,,,2,30,,47830,13090,,,2,70,,47832,13090,,,2,30,,47837,13090,,,2,70,,47840,13090,,,2,30,,47833,13090,,,2,70,,47838,13090,,,2,30,,47841,13090,,,2,70,,47834,13090,,,2,30,,47843,13090,,,2,70,,47848,13090,,,2,30,,47835,13090,,,2,74,,47844,13090,,,2,21,,47849,13090,,,2,75,,47852,13090,,,2,20,,47845,13090,,,2,80,,47850,13090,,,2,25,,47853,13090,,,2,70,,47846,13090,,,2,45,,47855,13090,,,2,100,,47858,13090,,,2,100,,47856,13090,,,2,100,,47860,13090,,,2,100,,47859,13090,,,2,100,,47861,13090,,,2
6100,'F8',720,,32473,13090,,,2,89,,32477,13090,,,2,30,,32474,13090,,,2,70,,32480,13090,,,2,30,,32478,13090,,,2,70,,32475,13090,,,2,30,,32481,13090,,,2,70,,32483,13090,,,2,30,,32488,13090,,,2,70,,32491,13090,,,2,30,,32484,13090,,,2,70,,32489,13090,,,2,30,,32492,13090,,,2,70,,32485,13090,,,2,30,,32494,13090,,,2,70,,32499,13090,,,2,30,,32486,13090,,,2,74,,32495,13090,,,2,21,,32500,13090,,,2,75,,32503,13090,,,2,20,,32496,13090,,,2,80,,32501,13090,,,2,25,,32504,13090,,,2,70,,32497,13090,,,2,45,,32506,13090,,,2,100,,32509,13090,,,2,100,,32507,13090,,,2,100,,32511,13090,,,2,100,,32510,13090,,,2,100,,32512,13090,,,2
6100,'F9',720,,32513,13090,,,2,89,,32517,13090,,,2,30,,32514,13090,,,2,70,,32520,13090,,,2,30,,32518,13090,,,2,70,,32515,13090,,,2,30,,32521,13090,,,2,70,,32523,13090,,,2,30,,32528,13090,,,2,70,,32533,13090,,,2,30,,32524,13090,,,2,70,,32529,13090,,,2,30,,32534,13090,,,2,70,,32525,13090,,,2,30,,32530,13090,,,2,70,,32536,13090,,,2,30,,32526,13090,,,2,74,,32531,13090,,,2,21,,32537,13090,,,2,75,,32540,13090,,,2,20,,32544,13090,,,2,80,,32538,13090,,,2,25,,32541,13090,,,2,70,,32545,13090,,,2,45,,32542,13090,,,2,100,,32546,13090,,,2,100,,32548,13090,,,2,100,,32550,13090,,,2,100,,32552,13090,,,2,100,,32553,13090,,,2
6100,'SA',720,,32554,13090,,,2,89,,32558,13090,,,2,30,,32555,13090,,,2,70,,32561,13090,,,2,30,,32559,13090,,,2,70,,32556,13090,,,2,30,,32562,13090,,,2,70,,32564,13090,,,2,30,,32569,13090,,,2,70,,32572,13090,,,2,30,,32565,13090,,,2,70,,32570,13090,,,2,30,,32573,13090,,,2,70,,32566,13090,,,2,30,,32575,13090,,,2,70,,32580,13090,,,2,30,,32567,13090,,,2,74,,32576,13090,,,2,21,,32581,13090,,,2,75,,32584,13090,,,2,20,,32577,13090,,,2,80,,32582,13090,,,2,25,,32585,13090,,,2,70,,32578,13090,,,2,45,,32587,13090,,,2,100,,32590,13090,,,2,100,,32588,13090,,,2,100,,32592,13090,,,2,100,,32591,13090,,,2,100,,32593,13090,,,2
6100,'SE',629,,47864,13090,,,2,28,,47862,13090,,,2,66,,47871,13090,,,2,9,,47876,13090,,,2,19,,47868,13090,,,2,66,,47865,13090,,,2,22,,47873,13090,,,2,15,,47878,13090,,,2,76,,47869,13090,,,2,70,,47866,13090,,,2,30,,47874,13090,,,2,71,,47918,13090,,,2,30,,47872,13090,,,2,70,,47879,13090,,,2,30,,47883,13090,,,2,70,,47880,13090,,,2,30,,47881,13090,,,2,73,,47885,13090,,,2,21,,47888,13090,,,2,27,,47893,13090,,,2,63,,47882,13090,,,2,20,,47884,13090,,,2,24,,47896,13090,,,2,44,,47899,13090,,,2,25,,47889,13090,,,2,7,,47891,13090,,,2,14,,47900,13090,,,2,53,,47901,13090,,,2,14,,47886,13090,,,2,15,,47905,13090,,,2,6,,47908,13090,,,2,18,,47897,13090,,,2,54,,47894,13090,,,2,24,,47910,13090,,,2,24,,47902,13090,,,2,68,,47913,13090,,,2,29,,47916,13090,,,2,70,,47906,13090,,,2,29,,47909,13090,,,2,70,,47917,13090,,,2,30,,47903,13090,,,2,68,,47914,13090,,,2,30,,47911,13090,,,2,69,,47907,13090,,,2,30,,47915,13090,,,2,70,,47912,13090,,,2
8500,'SE',1635,,49511,16380,,,2,24,,49510,16380,,,2,64,,49508,16380,,,2,28,,49509,16380,,,2
8600,'SE',1703,,49516,34181,,,2,100,,49517,34181,,,2
16100,'DI',630,,38650,16236,,,2,1172,,38649,16236,,,2
16100,'F1',630,,50332,16236,,,2,1172,,50331,16236,,,2
16100,'F2',630,,50344,16236,,,2,1102,,50345,16236,,,2
16100,'F8',630,,38707,16236,,,2,1102,,38708,16236,,,2
16100,'F9',630,,38721,16236,,,2,1172,,38720,16236,,,2
16100,'SA',630,,38733,16236,,,2,1102,,38734,16236,,,2
16100,'SE',708,,50359,16125,,,2,25,,50360,16125,,,2,25,,50358,16125,,,2,462,,50363,16236,,,2,389,,50361,16236,,,2,41,,50365,16236,,,2,80,,50362,16236,,,2,100,,50364,16236,,,2
