1401,'SE',555,,54266,2843,,,1,71,,54252,2843,,,1,20,,54259,2843,,,1,60,,54263,2843,,,1,20,,54255,2843,,,1,20,,54254,2843,,,1,61,,54253,2843,,,1,20,,54256,2843,,,1,16,,54262,2843,,,1,64,,54261,2843,,,1,650,,54258,2843,,,1,71,,54265,2843,,,1,30,,54257,2843,,,1,70,,54264,2843,,,1,30,,54251,2843,,,1,70,,54260,2843,,,1
3301,'DI',641,,56888,4841,,,2,101,,56889,4841,,,2,100,,56890,4841,,,2,100,,56891,4841,,,2,100,,56892,4841,,,2,100,,56893,4841,,,2,100,,56894,4841,,,2,100,,56895,4841,,,2,100,,56896,4841,,,2,101,,56897,4841,,,2,100,,56898,4841,,,2,98,,56899,4841,,,2,100,,56900,4841,,,2,100,,56901,4841,,,2,100,,56902,4841,,,2,100,,56903,4841,,,2,100,,56904,4841,,,2,100,,56905,4841,,,2,100,,56906,4841,,,2
3301,'F1',641,,56907,4841,,,2,101,,56908,4841,,,2,100,,56909,4841,,,2,100,,56910,4841,,,2,100,,56911,4841,,,2,100,,56912,4841,,,2,100,,56913,4841,,,2,100,,56914,4841,,,2,100,,56915,4841,,,2,101,,56916,4841,,,2,100,,56917,4841,,,2,98,,56918,4841,,,2,100,,56919,4841,,,2,100,,56920,4841,,,2,100,,56921,4841,,,2,100,,56922,4841,,,2,100,,56923,4841,,,2,100,,56924,4841,,,2,100,,56925,4841,,,2
3301,'F2',641,,56926,4841,,,2,101,,56927,4841,,,2,100,,56928,4841,,,2,100,,56929,4841,,,2,100,,56930,4841,,,2,100,,56931,4841,,,2,100,,56932,4841,,,2,100,,56933,4841,,,2,100,,56934,4841,,,2,101,,56935,4841,,,2,100,,56936,4841,,,2,98,,56937,4841,,,2,100,,56938,4841,,,2,100,,56939,4841,,,2,100,,56940,4841,,,2,100,,56941,4841,,,2,100,,56942,4841,,,2,100,,56943,4841,,,2,100,,56944,4841,,,2
3301,'SA',641,,56945,4841,,,2,101,,56946,4841,,,2,100,,56947,4841,,,2,100,,56948,4841,,,2,100,,56949,4841,,,2,100,,56950,4841,,,2,100,,56951,4841,,,2,100,,56952,4841,,,2,100,,56953,4841,,,2,101,,56954,4841,,,2,100,,56955,4841,,,2,98,,56956,4841,,,2,100,,56957,4841,,,2,100,,56958,4841,,,2,100,,56959,4841,,,2,100,,56960,4841,,,2,100,,56961,4841,,,2,100,,56962,4841,,,2,100,,56963,4841,,,2
3301,'SE',541,,56967,4841,,,2,70,,56984,4841,,,2,30,,56964,4841,,,2,15,,57000,4841,,,2,55,,56968,4841,,,2,13,,56998,4841,,,2,19,,56973,4841,,,2,15,,57003,4841,,,2,54,,56969,4841,,,2,15,,56991,4841,,,2,15,,56974,4841,,,2,70,,56975,4841,,,2,30,,56970,4841,,,2,70,,57002,4841,,,2,30,,56971,4841,,,2,70,,56976,4841,,,2,30,,56972,4841,,,2,70,,56977,4841,,,2,30,,56986,4841,,,2,70,,56993,4841,,,2,30,,56992,4841,,,2,70,,57004,4841,,,2,30,,56999,4841,,,2,71,,56994,4841,,,2,30,,56965,4841,,,2,70,,56985,4841,,,2,30,,56966,4841,,,2,68,,56978,4841,,,2,30,,56979,4841,,,2,70,,57001,4841,,,2,30,,56990,4841,,,2,81,,56980,4841,,,2,30,,56996,4841,,,2,70,,56981,4841,,,2,27,,56997,4841,,,2,70,,56982,4841,,,2,30,,56995,4841,,,2,70,,56983,4841,,,2,100,,56987,4841,,,2,100,,56988,4841,,,2,100,,56989,4841,,,2
11400,'DI',608,,61476,2843,,,1,100,,61477,2843,,,1,100,,61478,2843,,,1,100,,61479,2843,,,1,100,,61474,2843,,,1,100,,61475,2843,,,1,100,,61472,2843,,,1,100,,61473,2843,,,1,100,,61488,2843,,,1,100,,61489,2843,,,1,100,,61490,2843,,,1,100,,61480,2843,,,1,100,,61481,2843,,,1,100,,61482,2843,,,1,101,,61483,2843,,,1,100,,61484,2843,,,1,100,,61485,2843,,,1,100,,61486,2843,,,1,100,,61487,2843,,,1
11400,'F1',608,,61495,2843,,,1,100,,61496,2843,,,1,100,,61497,2843,,,1,100,,61498,2843,,,1,100,,61493,2843,,,1,100,,61494,2843,,,1,100,,61491,2843,,,1,100,,61492,2843,,,1,100,,61507,2843,,,1,100,,61508,2843,,,1,100,,61509,2843,,,1,100,,61499,2843,,,1,100,,61500,2843,,,1,100,,61501,2843,,,1,101,,61502,2843,,,1,100,,61503,2843,,,1,100,,61504,2843,,,1,100,,61505,2843,,,1,100,,61506,2843,,,1
11400,'F2',608,,61513,2843,,,1,100,,61514,2843,,,1,100,,61515,2843,,,1,100,,61516,2843,,,1,100,,61517,2843,,,1,100,,61518,2843,,,1,100,,61524,2843,,,1,100,,61525,2843,,,1,100,,61526,2843,,,1,100,,61527,2843,,,1,100,,61528,2843,,,1,100,,61510,2843,,,1,100,,61511,2843,,,1,100,,61512,2843,,,1,101,,61519,2843,,,1,100,,61520,2843,,,1,100,,61521,2843,,,1,100,,61522,2843,,,1,100,,61523,2843,,,1
11400,'SA',608,,61532,2843,,,1,100,,61533,2843,,,1,100,,61534,2843,,,1,100,,61535,2843,,,1,100,,61536,2843,,,1,100,,61537,2843,,,1,100,,61543,2843,,,1,100,,61544,2843,,,1,100,,61545,2843,,,1,100,,61546,2843,,,1,100,,61547,2843,,,1,100,,61529,2843,,,1,100,,61530,2843,,,1,100,,61531,2843,,,1,101,,61538,2843,,,1,100,,61539,2843,,,1,100,,61540,2843,,,1,100,,61541,2843,,,1,100,,61542,2843,,,1
11400,'SE',549,,61554,2843,,,1,69,,61574,2843,,,1,20,,61550,2843,,,1,20,,61558,2843,,,1,59,,61575,2843,,,1,17,,61580,2843,,,1,20,,61555,2843,,,1,64,,61585,2843,,,1,20,,61581,2843,,,1,20,,61556,2843,,,1,60,,61586,2843,,,1,20,,61582,2843,,,1,63,,61557,2843,,,1,17,,61587,2843,,,1,20,,61583,2843,,,1,20,,61559,2843,,,1,60,,61588,2843,,,1,20,,61584,2843,,,1,20,,61560,2843,,,1,60,,61577,2843,,,1,20,,61562,2843,,,1,20,,61561,2843,,,1,60,,61578,2843,,,1,20,,61563,2843,,,1,20,,61566,2843,,,1,60,,61579,2843,,,1,20,,61564,2843,,,1,20,,61567,2843,,,1,59,,61551,2843,,,1,21,,61548,2843,,,1,20,,61568,2843,,,1,60,,61576,2843,,,1,20,,61549,2843,,,1,20,,61595,2843,,,1,60,,61565,2843,,,1,20,,61569,2843,,,1,17,,61573,2843,,,1,63,,61552,2843,,,1,20,,61553,2843,,,1,70,,61589,2843,,,1,30,,61592,2843,,,1,71,,61590,2843,,,1,30,,61593,2843,,,1,70,,61591,2843,,,1,30,,61594,2843,,,1,100,,61570,2843,,,1,100,,61571,2843,,,1,100,,61572,2843,,,1
55101,'SE',906,,63467,3077,,,2
69301,'SE',836,,63581,1820,,,2,1,,63582,1820,,,2
