2301,'F2',608,,45845,2287,,,1,103,,45846,2287,,,1,101,,45847,2287,,,1,100,,45838,2287,,,1,103,,45839,2287,,,1,99,,45841,2287,,,1,103,,45842,2287,,,1,97,,45848,2287,,,1,99,,45849,2287,,,1,100,,45844,2287,,,1,100,,45843,2287,,,1,100,,45840,2287,,,1
2301,'F8',608,,27519,2287,,,1,103,,27520,2287,,,1,101,,27521,2287,,,1,100,,27512,2287,,,1,103,,27513,2287,,,1,99,,27515,2287,,,1,103,,27516,2287,,,1,97,,27522,2287,,,1,99,,27523,2287,,,1,100,,27518,2287,,,1,100,,27517,2287,,,1,100,,27514,2287,,,1
2301,'SA',608,,27531,2287,,,1,103,,27532,2287,,,1,101,,27533,2287,,,1,100,,27524,2287,,,1,103,,27525,2287,,,1,99,,27527,2287,,,1,103,,27528,2287,,,1,97,,27534,2287,,,1,99,,27535,2287,,,1,100,,27530,2287,,,1,100,,27529,2287,,,1,100,,27526,2287,,,1
2301,'SE',1016,,45854,2287,,,1,100,,45850,2287,,,1,100,,45853,2287,,,1,101,,45851,2287,,,1,100,,45852,2287,,,1
12301,'DI',542,,37798,16584,,,1,100,,37808,16584,,,1,100,,37799,16584,,,1,100,,37809,16584,,,1,101,,37800,16584,,,1,100,,37810,16584,,,1,100,,37801,16584,,,1,100,,37811,16584,,,1,100,,37802,16584,,,1,100,,37812,16584,,,1,100,,37803,16584,,,1,100,,37813,16584,,,1,100,,37804,16584,,,1,100,,37814,16584,,,1,100,,37805,16584,,,1,99,,37815,16584,,,1,100,,37806,16584,,,1,100,,37816,16584,,,1,100,,37807,16584,,,1,100,,37817,16584,,,1
12301,'F1',542,,49985,16584,,,1,100,,49995,16584,,,1,100,,49986,16584,,,1,100,,49996,16584,,,1,101,,49987,16584,,,1,100,,49997,16584,,,1,100,,49988,16584,,,1,100,,49998,16584,,,1,100,,49989,16584,,,1,100,,49999,16584,,,1,100,,49990,16584,,,1,100,,50000,16584,,,1,100,,49991,16584,,,1,100,,50001,16584,,,1,100,,49992,16584,,,1,99,,50002,16584,,,1,100,,49993,16584,,,1,100,,50003,16584,,,1,100,,49994,16584,,,1,100,,50004,16584,,,1
12301,'F2',541,,50007,16584,,,1,100,,50005,16584,,,1,100,,50008,16584,,,1,100,,50006,16584,,,1,100,,50009,16584,,,1,100,,50017,16584,,,1,100,,50010,16584,,,1,100,,50018,16584,,,1,100,,50011,16584,,,1,100,,50019,16584,,,1,100,,50012,16584,,,1,100,,50020,16584,,,1,100,,50013,16584,,,1,100,,50021,16584,,,1,100,,50014,16584,,,1,100,,50022,16584,,,1,100,,50015,16584,,,1,100,,50023,16584,,,1,100,,50016,16584,,,1,100,,50024,16584,,,1
12301,'F8',541,,37897,16584,,,1,100,,37895,16584,,,1,100,,37898,16584,,,1,100,,37896,16584,,,1,100,,37899,16584,,,1,100,,37907,16584,,,1,100,,37900,16584,,,1,100,,37908,16584,,,1,100,,37901,16584,,,1,100,,37909,16584,,,1,100,,37902,16584,,,1,100,,37910,16584,,,1,100,,37903,16584,,,1,100,,37911,16584,,,1,100,,37904,16584,,,1,100,,37912,16584,,,1,100,,37905,16584,,,1,100,,37913,16584,,,1,100,,37906,16584,,,1,100,,37914,16584,,,1
12301,'F9',542,,37915,16584,,,1,100,,37925,16584,,,1,100,,37916,16584,,,1,100,,37926,16584,,,1,101,,37917,16584,,,1,100,,37927,16584,,,1,100,,37918,16584,,,1,100,,37928,16584,,,1,100,,37919,16584,,,1,100,,37929,16584,,,1,100,,37920,16584,,,1,100,,37930,16584,,,1,100,,37921,16584,,,1,100,,37931,16584,,,1,100,,37922,16584,,,1,99,,37932,16584,,,1,100,,37923,16584,,,1,100,,37933,16584,,,1,100,,37924,16584,,,1,100,,37934,16584,,,1
12301,'SA',541,,37937,16584,,,1,100,,37935,16584,,,1,100,,37938,16584,,,1,100,,37936,16584,,,1,100,,37939,16584,,,1,100,,37947,16584,,,1,100,,37940,16584,,,1,100,,37948,16584,,,1,100,,37941,16584,,,1,100,,37949,16584,,,1,100,,37942,16584,,,1,100,,37950,16584,,,1,100,,37943,16584,,,1,100,,37951,16584,,,1,100,,37944,16584,,,1,100,,37952,16584,,,1,100,,37945,16584,,,1,100,,37953,16584,,,1,100,,37946,16584,,,1,100,,37954,16584,,,1
12301,'SE',528,,50041,16584,,,1,30,,50044,16584,,,1,60,,50029,16584,,,1,24,,50028,16584,,,1,15,,50030,16584,,,1,66,,50031,16584,,,1,30,,50026,16584,,,1,69,,50027,16584,,,1,30,,50025,16584,,,1,68,,50048,16584,,,1,30,,50042,16584,,,1,96,,50034,16584,,,1,101,,50046,16584,,,1,100,,50036,16584,,,1,100,,50043,16584,,,1,100,,50061,16584,,,1,11,,50035,16584,,,1,66,,50049,16584,,,1,20,,50053,16584,,,1,15,,50045,16584,,,1,59,,50055,16584,,,1,6,,50037,16584,,,1,15,,50040,16584,,,1,10,,50059,16584,,,1,6,,50051,16584,,,1,64,,50060,16584,,,1,27,,50050,16584,,,1,69,,50033,16584,,,1,31,,50038,16584,,,1,66,,50052,16584,,,1,34,,50047,16584,,,1,68,,50039,16584,,,1,30,,50056,16584,,,1,98,,50032,16584,,,1,98,,50057,16584,,,1,100,,50054,16584,,,1,118,,50058,16584,,,1
16101,'DI',614,,38767,10286,,,2,30,,38758,5564,,,2,70,,38755,5564,,,2,30,,38765,5564,,,2,70,,38759,5564,,,2,30,,38760,5564,,,2,70,,38762,5564,,,2,702,,38756,5564,,,2,28,,38761,5564,,,2,72,,38757,5564,,,2,30,,38766,10286,,,2,70,,38764,5564,,,2,32,,38763,5564,,,2
16101,'F1',614,,50378,10286,,,2,30,,50369,5564,,,2,70,,50366,5564,,,2,30,,50376,5564,,,2,70,,50370,5564,,,2,30,,50371,5564,,,2,70,,50373,5564,,,2,702,,50367,5564,,,2,28,,50372,5564,,,2,72,,50368,5564,,,2,30,,50377,10286,,,2,70,,50375,5564,,,2,32,,50374,5564,,,2
16101,'F2',614,,50390,10286,,,2,30,,50386,5564,,,2,70,,50383,5564,,,2,30,,50384,5564,,,2,70,,50381,5564,,,2,30,,50387,5564,,,2,70,,50385,5564,,,2,700,,50382,5564,,,2,31,,50379,5564,,,2,71,,50388,5564,,,2,30,,50391,10286,,,2,71,,50380,5564,,,2,31,,50389,5564,,,2
16101,'F8',614,,38824,10286,,,2,30,,38820,5564,,,2,70,,38817,5564,,,2,30,,38818,5564,,,2,70,,38815,5564,,,2,30,,38821,5564,,,2,70,,38819,5564,,,2,700,,38816,5564,,,2,31,,38813,5564,,,2,71,,38822,5564,,,2,30,,38825,10286,,,2,71,,38814,5564,,,2,31,,38823,5564,,,2
16101,'F9',614,,38838,10286,,,2,30,,38829,5564,,,2,70,,38826,5564,,,2,30,,38836,5564,,,2,70,,38830,5564,,,2,30,,38831,5564,,,2,70,,38833,5564,,,2,702,,38827,5564,,,2,28,,38832,5564,,,2,72,,38828,5564,,,2,30,,38837,10286,,,2,70,,38835,5564,,,2,32,,38834,5564,,,2
16101,'SA',614,,38849,10286,,,2,30,,17011,5564,,,2,70,,38843,5564,,,2,30,,38844,5564,,,2,70,,38841,5564,,,2,30,,38846,5564,,,2,70,,38845,5564,,,2,700,,38842,5564,,,2,31,,38839,5564,,,2,71,,38847,5564,,,2,30,,38850,10286,,,2,71,,38840,5564,,,2,31,,38848,5564,,,2
16101,'SE',608,,50396,5564,,,2,20,,50398,5564,,,2,24,,50408,10286,,,2,60,,50397,5564,,,2,13,,50406,10286,,,2,17,,50392,5564,,,2,16,,50409,10286,,,2,56,,50393,5564,,,2,23,,50401,5564,,,2,20,,50400,5564,,,2,57,,50399,5564,,,2,20,,50402,5564,,,2,325,,50407,10286,,,2,372,,50410,10286,,,2,15,,50394,5564,,,2,61,,50405,10286,,,2,20,,50403,5564,,,2,18,,50411,10286,,,2,61,,50395,5564,,,2,20,,50404,5564,,,2
