1000,'DI',640,,23472,6126,,,1,70,,23499,6126,,,1,30,,23497,6126,,,1,70,,23490,6126,,,1,38,,23473,6126,,,1,70,,23491,6126,,,1,30,,23474,6126,,,1,70,,23492,6126,,,1,30,,23475,6126,,,1,70,,23493,6126,,,1,30,,23476,6126,,,1,70,,23494,6126,,,1,30,,23477,6126,,,1,70,,23495,6126,,,1,30,,23478,6126,,,1,70,,23496,6126,,,1,30,,23479,6126,,,1,70,,23500,6126,,,1,30,,23480,6126,,,1,70,,23501,6126,,,1,30,,23481,6126,,,1,70,,23502,6126,,,1,30,,23482,6126,,,1,70,,23503,6126,,,1,41,,23483,6126,,,1,100,,23484,6126,,,1,100,,23485,6126,,,1,100,,23486,6126,,,1,100,,23487,6126,,,1,100,,23488,6126,,,1,100,,23489,6126,,,1
1000,'F1',640,,44325,6126,,,1,70,,44352,6126,,,1,30,,44350,6126,,,1,70,,44343,6126,,,1,38,,44326,6126,,,1,70,,44344,6126,,,1,30,,44327,6126,,,1,70,,44345,6126,,,1,30,,44328,6126,,,1,70,,44346,6126,,,1,30,,44329,6126,,,1,70,,44347,6126,,,1,30,,44330,6126,,,1,70,,44348,6126,,,1,30,,44331,6126,,,1,70,,44349,6126,,,1,30,,44332,6126,,,1,70,,44353,6126,,,1,30,,44333,6126,,,1,70,,44354,6126,,,1,30,,44334,6126,,,1,70,,44355,6126,,,1,30,,44335,6126,,,1,70,,44356,6126,,,1,41,,44336,6126,,,1,100,,44337,6126,,,1,100,,44338,6126,,,1,100,,44339,6126,,,1,100,,44340,6126,,,1,100,,44341,6126,,,1,100,,44342,6126,,,1
1000,'F2',610,,44368,6126,,,1,30,,44363,6126,,,1,70,,44357,6126,,,1,30,,44370,6126,,,1,70,,44369,6126,,,1,38,,44379,6126,,,1,70,,44378,6126,,,1,30,,44380,6126,,,1,70,,44386,6126,,,1,30,,44381,6126,,,1,70,,44387,6126,,,1,30,,44371,6126,,,1,71,,44388,6126,,,1,30,,44372,6126,,,1,70,,44389,6126,,,1,30,,44373,6126,,,1,70,,44358,6126,,,1,30,,44374,6126,,,1,70,,44359,6126,,,1,30,,44375,6126,,,1,70,,44360,6126,,,1,29,,44376,6126,,,1,71,,44361,6126,,,1,30,,44377,6126,,,1,70,,44362,6126,,,1,81,,44382,6126,,,1,100,,44383,6126,,,1,100,,44384,6126,,,1,100,,44385,6126,,,1,100,,44364,6126,,,1,100,,44365,6126,,,1,100,,44366,6126,,,1
1000,'F8',610,,23581,6126,,,1,30,,23576,6126,,,1,70,,23570,6126,,,1,30,,23583,6126,,,1,70,,23582,6126,,,1,38,,23592,6126,,,1,70,,23591,6126,,,1,30,,23593,6126,,,1,70,,23599,6126,,,1,30,,23594,6126,,,1,70,,23600,6126,,,1,30,,23584,6126,,,1,71,,23601,6126,,,1,30,,23585,6126,,,1,70,,23602,6126,,,1,30,,23586,6126,,,1,70,,23571,6126,,,1,30,,23587,6126,,,1,70,,23572,6126,,,1,30,,23588,6126,,,1,70,,23573,6126,,,1,29,,23589,6126,,,1,71,,23574,6126,,,1,30,,23590,6126,,,1,70,,23575,6126,,,1,81,,23595,6126,,,1,100,,23596,6126,,,1,100,,23597,6126,,,1,100,,23598,6126,,,1,100,,23577,6126,,,1,100,,23578,6126,,,1,100,,23579,6126,,,1
1000,'F9',640,,23603,6126,,,1,70,,23630,6126,,,1,30,,23628,6126,,,1,70,,23621,6126,,,1,38,,23604,6126,,,1,70,,23622,6126,,,1,30,,23605,6126,,,1,70,,23623,6126,,,1,30,,23606,6126,,,1,70,,23624,6126,,,1,30,,23607,6126,,,1,70,,23625,6126,,,1,30,,23608,6126,,,1,70,,23626,6126,,,1,30,,23609,6126,,,1,70,,23627,6126,,,1,30,,23610,6126,,,1,70,,23631,6126,,,1,30,,23611,6126,,,1,70,,23632,6126,,,1,30,,23612,6126,,,1,70,,23633,6126,,,1,30,,23613,6126,,,1,70,,23634,6126,,,1,41,,23614,6126,,,1,100,,23615,6126,,,1,100,,23616,6126,,,1,100,,23617,6126,,,1,100,,23618,6126,,,1,100,,23619,6126,,,1,100,,23620,6126,,,1
1000,'SA',610,,23646,6126,,,1,30,,23641,6126,,,1,70,,23635,6126,,,1,30,,23648,6126,,,1,70,,23647,6126,,,1,38,,23657,6126,,,1,70,,23656,6126,,,1,30,,23658,6126,,,1,70,,23664,6126,,,1,30,,23659,6126,,,1,70,,23665,6126,,,1,30,,23649,6126,,,1,71,,23666,6126,,,1,30,,23650,6126,,,1,70,,23667,6126,,,1,30,,23651,6126,,,1,70,,23636,6126,,,1,30,,23652,6126,,,1,70,,23637,6126,,,1,30,,23653,6126,,,1,70,,23638,6126,,,1,29,,23654,6126,,,1,71,,23639,6126,,,1,30,,23655,6126,,,1,70,,23640,6126,,,1,81,,23660,6126,,,1,100,,23661,6126,,,1,100,,23662,6126,,,1,100,,23663,6126,,,1,100,,23642,6126,,,1,100,,23643,6126,,,1,100,,23644,6126,,,1
1700,'DI',632,,25381,6015,,,1,100,,25366,6015,,,1,70,,25372,6015,,,1,30,,25379,6015,,,1,70,,25392,6015,,,1,30,,25382,6015,,,1,70,,25387,6015,,,1,30,,25367,6015,,,1,70,,25389,6015,,,1,30,,25377,6015,,,1,70,,25385,6015,,,1,30,,25393,6015,,,1,70,,25373,6015,,,1,30,,25388,6015,,,1,70,,25378,6015,,,1,30,,25376,6015,,,1,70,,25391,6015,,,1,29,,25383,6015,,,1,70,,25368,6015,,,1,31,,25375,6015,,,1,70,,25369,6015,,,1,30,,25364,6015,,,1,71,,25370,6015,,,1,30,,25363,6015,,,1,99,,25390,6015,,,1,100,,25384,6015,,,1,100,,25371,6015,,,1,100,,25386,6015,,,1,100,,25374,6015,,,1,100,,25365,6015,,,1,100,,25380,6015,,,1
1700,'F1',632,,45060,6015,,,1,100,,45045,6015,,,1,70,,45051,6015,,,1,30,,45058,6015,,,1,70,,45071,6015,,,1,30,,45061,6015,,,1,70,,45066,6015,,,1,30,,45046,6015,,,1,70,,45068,6015,,,1,30,,45056,6015,,,1,70,,45064,6015,,,1,30,,45072,6015,,,1,70,,45052,6015,,,1,30,,45067,6015,,,1,70,,45057,6015,,,1,30,,45055,6015,,,1,70,,45070,6015,,,1,29,,45062,6015,,,1,70,,45047,6015,,,1,31,,45054,6015,,,1,70,,45048,6015,,,1,30,,45043,6015,,,1,71,,45049,6015,,,1,30,,45042,6015,,,1,99,,45069,6015,,,1,100,,45063,6015,,,1,100,,45050,6015,,,1,100,,45065,6015,,,1,100,,45053,6015,,,1,100,,45044,6015,,,1,100,,45059,6015,,,1
1700,'F2',632,,45093,6015,,,1,100,,45102,6015,,,1,70,,45076,6015,,,1,30,,45088,6015,,,1,70,,45099,6015,,,1,30,,45086,6015,,,1,70,,45075,6015,,,1,30,,45094,6015,,,1,70,,45077,6015,,,1,30,,45081,6015,,,1,70,,45073,6015,,,1,30,,45083,6015,,,1,70,,45089,6015,,,1,30,,45095,6015,,,1,70,,45100,6015,,,1,30,,45082,6015,,,1,70,,45101,6015,,,1,30,,45090,6015,,,1,70,,45097,6015,,,1,29,,45096,6015,,,1,70,,45078,6015,,,1,31,,45080,6015,,,1,70,,45079,6015,,,1,31,,45084,6015,,,1,99,,45098,6015,,,1,100,,45091,6015,,,1,100,,45087,6015,,,1,100,,45085,6015,,,1,100,,45074,6015,,,1,100,,45103,6015,,,1,100,,45092,6015,,,1
1700,'F8',632,,25476,6015,,,1,100,,25485,6015,,,1,70,,25459,6015,,,1,30,,25471,6015,,,1,70,,25482,6015,,,1,30,,25469,6015,,,1,70,,25458,6015,,,1,30,,25477,6015,,,1,70,,25460,6015,,,1,30,,25464,6015,,,1,70,,25456,6015,,,1,30,,25466,6015,,,1,70,,25472,6015,,,1,30,,25478,6015,,,1,70,,25483,6015,,,1,30,,25465,6015,,,1,70,,25484,6015,,,1,30,,25473,6015,,,1,70,,25480,6015,,,1,29,,25479,6015,,,1,70,,25461,6015,,,1,31,,25463,6015,,,1,70,,25462,6015,,,1,31,,25467,6015,,,1,99,,25481,6015,,,1,100,,25474,6015,,,1,100,,25470,6015,,,1,100,,25468,6015,,,1,100,,25457,6015,,,1,100,,25486,6015,,,1,100,,25475,6015,,,1
1700,'F9',632,,25505,6015,,,1,100,,25490,6015,,,1,70,,25496,6015,,,1,30,,25503,6015,,,1,70,,25516,6015,,,1,30,,25506,6015,,,1,70,,25511,6015,,,1,30,,25491,6015,,,1,70,,25513,6015,,,1,30,,25501,6015,,,1,70,,25509,6015,,,1,30,,25517,6015,,,1,70,,25497,6015,,,1,30,,25512,6015,,,1,70,,25502,6015,,,1,30,,25500,6015,,,1,70,,25515,6015,,,1,29,,25507,6015,,,1,70,,25492,6015,,,1,31,,25499,6015,,,1,70,,25493,6015,,,1,30,,25488,6015,,,1,71,,25494,6015,,,1,30,,25487,6015,,,1,99,,25514,6015,,,1,100,,25508,6015,,,1,100,,25495,6015,,,1,100,,25510,6015,,,1,100,,25498,6015,,,1,100,,25489,6015,,,1,100,,25504,6015,,,1
1700,'SA',632,,25536,6015,,,1,100,,25545,6015,,,1,70,,25521,6015,,,1,30,,4923,6015,,,1,70,,25542,6015,,,1,30,,25531,6015,,,1,70,,25520,6015,,,1,30,,25537,6015,,,1,70,,25522,6015,,,1,30,,25526,6015,,,1,70,,25518,6015,,,1,30,,25528,6015,,,1,70,,25533,6015,,,1,30,,25538,6015,,,1,70,,25543,6015,,,1,30,,25527,6015,,,1,70,,25544,6015,,,1,30,,25534,6015,,,1,70,,25540,6015,,,1,29,,25539,6015,,,1,70,,25523,6015,,,1,31,,25525,6015,,,1,70,,25524,6015,,,1,31,,25529,6015,,,1,99,,25541,6015,,,1,100,,4934,6015,,,1,100,,25532,6015,,,1,100,,25530,6015,,,1,100,,25519,6015,,,1,100,,25546,6015,,,1,100,,25535,6015,,,1
7600,'SE',610,,48783,6480,,,1,21,,48784,6480,,,1,20,,48780,6480,,,1,68,,48764,6480,,,1,13,,48767,6480,,,1,21,,48770,6480,,,1,63,,48800,6480,,,1,27,,48768,6480,,,1,70,,48771,6480,,,1,30,,48762,6480,,,1,70,,48781,6480,,,1,30,,48773,6480,,,1,70,,48769,6480,,,1,30,,48765,6480,,,1,70,,48763,6480,,,1,30,,48802,6480,,,1,70,,48760,6480,,,1,30,,48782,6480,,,1,71,,48766,6480,,,1,34,,48772,6480,,,1,66,,48785,6480,,,1,32,,48787,6480,,,1,71,,48777,6480,,,1,24,,48797,6480,,,1,18,,48801,6480,,,1,60,,48803,6480,,,1,21,,48774,6480,,,1,18,,48798,6480,,,1,60,,48806,6480,,,1,27,,48786,6480,,,1,70,,48776,6480,,,1,30,,48761,6480,,,1,70,,48788,6480,,,1,30,,48804,6480,,,1,70,,48789,6480,,,1,30,,48805,6480,,,1,69,,48790,6480,,,1,30,,48794,6480,,,1,70,,48791,6480,,,1,30,,48795,6480,,,1,70,,48792,6480,,,1,30,,48796,6480,,,1,70,,48793,6480,,,1
