2200,'SE',632,,56042,8341,,,2,92,,56044,8341,,,2,25,,56043,8341,,,2,893,,56045,8341,,,2,80,,56047,8341,,,2,20,,56049,8341,,,2,70,,56046,8341,,,2,40,,56048,8341,,,2
2500,'DI',713,,56116,10838,,,2
2500,'F1',713,,56117,10838,,,2
2500,'F2',713,,56118,10838,,,2
2500,'SA',713,,56119,10838,,,2
2500,'SE',537,,56125,10838,,,2,70,,56127,10838,,,2,29,,56142,10838,,,2,19,,56140,10838,,,2,61,,56136,10838,,,2,19,,56128,10838,,,2,71,,56129,10838,,,2,28,,56131,10838,,,2,74,,56138,10838,,,2,30,,56126,10838,,,2,470,,56130,10838,,,2,30,,56137,10838,,,2,69,,56145,10838,,,2,13,,56144,10838,,,2,18,,56143,10838,,,2,72,,56132,10838,,,2,31,,56120,10838,,,2,69,,56133,10838,,,2,30,,56123,10838,,,2,69,,56121,10838,,,2,28,,56134,10838,,,2,70,,56122,10838,,,2,335,,56139,10838,,,2,83,,56141,10838,,,2,15,,56124,10838,,,2,85,,56135,10838,,,2
16100,'DI',619,,38650,12042,,,2,31,,62330,12042,0,35 36,2,70,,38648,12042,0,35 36,2,30,,62335,12042,0,35 36,2,70,,62334,12042,0,35 36,2,30,,62331,12042,0,35 36,2,702,,62336,12042,0,35 36,2,68,,62338,12042,0,35 36,2,32,,62337,12042,0,35 36,2,70,,62329,12042,0,35 36,2,29,,62339,12042,,,2,73,,62332,12042,0,35 36,2,30,,62333,12042,0,35 36,2
16100,'F1',619,,50332,12042,,,2,31,,62341,12042,0,35 36,2,70,,50330,12042,0,35 36,2,30,,62346,12042,0,35 36,2,70,,62345,12042,0,35 36,2,30,,62342,12042,0,35 36,2,702,,62347,12042,0,35 36,2,68,,62349,12042,0,35 36,2,32,,62348,12042,0,35 36,2,70,,62340,12042,0,35 36,2,29,,62350,12042,,,2,73,,62343,12042,0,35 36,2,30,,62344,12042,0,35 36,2
16100,'F2',619,,62363,12042,,,2,31,,62352,12042,0,35 36,2,70,,62355,12042,0,35 36,2,30,,62361,12042,0,35 36,2,70,,62357,12042,0,35 36,2,30,,62358,12042,0,35 36,2,700,,62359,12042,0,35 36,2,71,,62354,12042,0,35 36,2,31,,62360,12042,0,35 36,2,69,,62362,12042,,,2,32,,62351,12042,0,35 36,2,71,,62353,12042,0,35 36,2,29,,62356,12042,0,35 36,2
16100,'SA',619,,62376,12042,,,2,31,,62365,12042,0,35 36,2,70,,62368,12042,0,35 36,2,30,,62374,12042,0,35 36,2,70,,62370,12042,0,35 36,2,30,,62371,12042,0,35 36,2,700,,62372,12042,0,35 36,2,71,,62367,12042,0,35 36,2,31,,62373,12042,0,35 36,2,69,,62375,12042,,,2,32,,62364,12042,0,35 36,2,71,,62366,12042,0,35 36,2,29,,62369,12042,0,35 36,2
16100,'SE',658,,62391,11931,,,2,65,,62390,11931,,,2,25,,62389,11931,,,2,61,,62378,11931,0,35 36,2,21,,62377,11931,0,35 36,2,17,,62379,11931,0,35 36,2,363,,62392,12042,,,2,298,,62381,12042,0,35 36,2,30,,62386,12042,0,35 36,2,21,,62393,12042,,,2,60,,62382,12042,0,35 36,2,21,,62394,12042,,,2,60,,62388,12042,0,35 36,2,19,,62396,12042,,,2,20,,62387,12042,0,35 36,2,19,,62383,12042,0,35 36,2,60,,62395,12042,,,2,20,,62385,12042,0,35 36,2,20,,62380,12042,0,35 36,2,60,,62384,12042,0,35 36,2
