8801,'DI',612,,36910,1566,,,1,30,,36915,1566,,,1,70,,36921,1566,,,1,30,,36931,1566,,,1,69,,36911,1566,,,1,30,,36916,1566,,,1,70,,36922,1566,,,1,28,,36932,1566,,,1,69,,36912,1566,,,1,30,,36917,1566,,,1,69,,36923,1566,,,1,30,,36933,1566,,,1,70,,36913,1566,,,1,30,,36918,1566,,,1,70,,36924,1566,,,1,31,,36934,1566,,,1,70,,36914,1566,,,1,31,,36919,1566,,,1,71,,36925,1566,,,1,29,,15257,1566,,,1,70,,36926,1566,,,1,30,,36920,1566,,,1,70,,36935,1566,,,1,34,,15258,1566,,,1,62,,36927,1566,,,1,106,,36936,1566,,,1,101,,36928,1566,,,1,100,,36937,1566,,,1,100,,36929,1566,,,1,100,,36938,1566,,,1,99,,36930,1566,,,1
8801,'F8',610,,37048,1566,,,1,30,,37047,1566,,,1,70,,37069,1566,,,1,28,,37060,1566,,,1,70,,37049,1566,,,1,30,,37073,1566,,,1,70,,37070,1566,,,1,27,,37061,1566,,,1,70,,37053,1566,,,1,29,,37074,1566,,,1,70,,37071,1566,,,1,31,,37062,1566,,,1,70,,37054,1566,,,1,31,,37066,1566,,,1,68,,37050,1566,,,1,31,,37063,1566,,,1,70,,37055,1566,,,1,30,,37067,1566,,,1,70,,37051,1566,,,1,30,,37045,1566,,,1,71,,37056,1566,,,1,31,,37068,1566,,,1,68,,37052,1566,,,1,32,,37046,1566,,,1,22,,37075,1566,,,1,149,,37064,1566,,,1,100,,37057,1566,,,1,100,,37065,1566,,,1,100,,37058,1566,,,1,98,,37072,1566,,,1,100,,37059,1566,,,1
8801,'F9',612,,37078,1566,,,1,30,,37083,1566,,,1,70,,37089,1566,,,1,30,,37099,1566,,,1,69,,37079,1566,,,1,30,,37084,1566,,,1,70,,37090,1566,,,1,28,,37100,1566,,,1,69,,37080,1566,,,1,30,,37085,1566,,,1,69,,37091,1566,,,1,30,,37101,1566,,,1,70,,37081,1566,,,1,30,,37086,1566,,,1,70,,37092,1566,,,1,31,,37102,1566,,,1,70,,37082,1566,,,1,31,,37087,1566,,,1,71,,37093,1566,,,1,29,,37076,1566,,,1,70,,37094,1566,,,1,30,,37088,1566,,,1,70,,37103,1566,,,1,34,,37077,1566,,,1,62,,37095,1566,,,1,106,,37104,1566,,,1,101,,37096,1566,,,1,100,,37105,1566,,,1,100,,37097,1566,,,1,100,,37106,1566,,,1,99,,37098,1566,,,1
8801,'SA',610,,37110,1566,,,1,30,,37109,1566,,,1,70,,37131,1566,,,1,28,,37122,1566,,,1,70,,37111,1566,,,1,30,,37134,1566,,,1,70,,37132,1566,,,1,27,,37123,1566,,,1,70,,37115,1566,,,1,29,,37135,1566,,,1,70,,37133,1566,,,1,31,,37124,1566,,,1,70,,37116,1566,,,1,31,,37128,1566,,,1,68,,37112,1566,,,1,31,,37125,1566,,,1,70,,37117,1566,,,1,30,,37129,1566,,,1,70,,37113,1566,,,1,30,,37107,1566,,,1,71,,37118,1566,,,1,31,,37130,1566,,,1,68,,37114,1566,,,1,32,,37108,1566,,,1,22,,37136,1566,,,1,149,,37126,1566,,,1,100,,37119,1566,,,1,100,,37127,1566,,,1,100,,37120,1566,,,1,98,,15458,1566,,,1,100,,37121,1566,,,1
8801,'SE',606,,37137,1566,,,1,20,,37149,1566,,,1,15,,37139,1566,,,1,12,,15479,1566,,,1,47,,37141,1566,,,1,16,,37151,1566,,,1,9,,37146,1566,,,1,12,,37153,1566,,,1,12,,37143,1566,,,1,10,,37148,1566,,,1,61,,37178,1566,,,1,18,,37179,1566,,,1,70,,37180,1566,,,1,30,,37152,1566,,,1,70,,37167,1566,,,1,30,,37150,1566,,,1,70,,37147,1566,,,1,30,,37165,1566,,,1,70,,37168,1566,,,1,30,,37142,1566,,,1,70,,37140,1566,,,1,30,,37169,1566,,,1,72,,37144,1566,,,1,29,,37166,1566,,,1,9,,15486,1566,,,1,2,,15491,1566,,,1,2,,37159,1566,,,1,7,,37138,1566,,,1,57,,37160,1566,,,1,18,,37172,1566,,,1,12,,37170,1566,,,1,55,,37173,1566,,,1,15,,37175,1566,,,1,16,,37145,1566,,,1,15,,37154,1566,,,1,54,,37181,1566,,,1,16,,37158,1566,,,1,17,,37161,1566,,,1,17,,37162,1566,,,1,61,,37155,1566,,,1,27,,37176,1566,,,1,72,,37174,1566,,,1,30,,15492,1566,,,1,70,,37156,1566,,,1,30,,37177,1566,,,1,70,,37171,1566,,,1,102,,37157,1566,,,1,98,,37164,1566,,,1,100,,37163,1566,,,1
13201,'DI',704,,38200,1566,,,2,100,,38198,1566,,,2,100,,38199,1566,,,2,100,,38204,1566,,,2,100,,38201,1566,,,2,100,,38202,1566,,,2,100,,38205,1566,,,2,100,,38208,1566,,,2,100,,38206,1566,,,2,105,,38210,1566,,,2,95,,38209,1566,,,2,100,,38207,1566,,,2,101,,38211,1566,,,2,98,,38212,1566,,,2,100,,38203,1566,,,2,100,,38197,1566,,,2,100,,38213,1566,,,2,100,,38214,1566,,,2
13201,'F8',704,,38280,1566,,,2,100,,38296,1566,,,2,100,,38284,1566,,,2,100,,38279,1566,,,2,103,,38281,1566,,,2,97,,38285,1566,,,2,104,,38282,1566,,,2,96,,38295,1566,,,2,104,,38286,1566,,,2,96,,38288,1566,,,2,100,,38283,1566,,,2,100,,38287,1566,,,2,101,,38289,1566,,,2,98,,38291,1566,,,2,100,,38290,1566,,,2,100,,38293,1566,,,2,100,,38292,1566,,,2,100,,38294,1566,,,2
13201,'F9',704,,38300,1566,,,2,100,,38298,1566,,,2,100,,38299,1566,,,2,100,,38304,1566,,,2,100,,38301,1566,,,2,100,,38302,1566,,,2,100,,38305,1566,,,2,100,,38308,1566,,,2,100,,38306,1566,,,2,105,,38310,1566,,,2,95,,38309,1566,,,2,100,,38307,1566,,,2,101,,38311,1566,,,2,98,,38312,1566,,,2,100,,38303,1566,,,2,100,,38297,1566,,,2,100,,38313,1566,,,2,100,,38314,1566,,,2
13201,'SA',704,,38316,1566,,,2,100,,38332,1566,,,2,100,,38320,1566,,,2,100,,38315,1566,,,2,103,,38317,1566,,,2,97,,38321,1566,,,2,104,,38318,1566,,,2,96,,38331,1566,,,2,104,,38322,1566,,,2,96,,38324,1566,,,2,100,,38319,1566,,,2,100,,38323,1566,,,2,101,,38325,1566,,,2,98,,38327,1566,,,2,100,,38326,1566,,,2,100,,38329,1566,,,2,100,,38328,1566,,,2,100,,38330,1566,,,2
13201,'SE',539,,38339,1566,,,2,70,,38336,1566,,,2,30,,38345,1566,,,2,20,,38338,1566,,,2,61,,38343,1566,,,2,10,,38349,1566,,,2,10,,38347,1566,,,2,62,,38346,1566,,,2,19,,38340,1566,,,2,18,,38344,1566,,,2,20,,38348,1566,,,2,60,,38358,1566,,,2,19,,16560,1566,,,2,97,,38359,1566,,,2,99,,16564,1566,,,2,96,,38357,1566,,,2,100,,38350,1566,,,2,108,,38351,1566,,,2,97,,38341,1566,,,2,65,,38352,1566,,,2,19,,38355,1566,,,2,20,,38337,1566,,,2,63,,38342,1566,,,2,19,,38335,1566,,,2,20,,38353,1566,,,2,59,,38334,1566,,,2,40,,38356,1566,,,2
50501,'SE',904,,40633,2234,,,2
