2301,'F2',619,,45845,7076,,,1,103,,45846,7076,,,1,102,,45847,7076,,,1,100,,45838,7076,,,1,103,,45839,7076,,,1,99,,45841,7076,,,1,103,,45842,7076,,,1,97,,45848,7076,,,1,99,,45849,7076,,,1,100,,45844,7076,,,1,100,,45843,7076,,,1,100,,45840,7076,,,1
2301,'F8',619,,27519,7076,,,1,103,,27520,7076,,,1,102,,27521,7076,,,1,100,,27512,7076,,,1,103,,27513,7076,,,1,99,,27515,7076,,,1,103,,27516,7076,,,1,97,,27522,7076,,,1,99,,27523,7076,,,1,100,,27518,7076,,,1,100,,27517,7076,,,1,100,,27514,7076,,,1
2301,'SA',619,,27531,7076,,,1,103,,27532,7076,,,1,102,,27533,7076,,,1,100,,27524,7076,,,1,103,,27525,7076,,,1,99,,27527,7076,,,1,103,,27528,7076,,,1,97,,27534,7076,,,1,99,,27535,7076,,,1,100,,27530,7076,,,1,100,,27529,7076,,,1,100,,27526,7076,,,1
2301,'SE',1027,,45854,7076,,,1,101,,45850,7076,,,1,100,,45853,7076,,,1,101,,45851,7076,,,1,99,,45852,7076,,,1
12301,'DI',553,,37798,21373,,,1,100,,37808,21373,,,1,100,,37799,21373,,,1,100,,37809,21373,,,1,102,,37800,21373,,,1,100,,37810,21373,,,1,100,,37801,21373,,,1,100,,37811,21373,,,1,100,,37802,21373,,,1,100,,37812,21373,,,1,100,,37803,21373,,,1,100,,37813,21373,,,1,100,,37804,21373,,,1,100,,37814,21373,,,1,100,,37805,21373,,,1,98,,37815,21373,,,1,100,,37806,21373,,,1,100,,37816,21373,,,1,100,,37807,21373,,,1,100,,37817,21373,,,1
12301,'F1',553,,49985,21373,,,1,100,,49995,21373,,,1,100,,49986,21373,,,1,100,,49996,21373,,,1,102,,49987,21373,,,1,100,,49997,21373,,,1,100,,49988,21373,,,1,100,,49998,21373,,,1,100,,49989,21373,,,1,100,,49999,21373,,,1,100,,49990,21373,,,1,100,,50000,21373,,,1,100,,49991,21373,,,1,100,,50001,21373,,,1,100,,49992,21373,,,1,98,,50002,21373,,,1,100,,49993,21373,,,1,100,,50003,21373,,,1,100,,49994,21373,,,1,100,,50004,21373,,,1
12301,'F2',552,,50007,21373,,,1,100,,50005,21373,,,1,100,,50008,21373,,,1,101,,50006,21373,,,1,100,,50009,21373,,,1,100,,50017,21373,,,1,100,,50010,21373,,,1,100,,50018,21373,,,1,100,,50011,21373,,,1,100,,50019,21373,,,1,100,,50012,21373,,,1,100,,50020,21373,,,1,100,,50013,21373,,,1,100,,50021,21373,,,1,100,,50014,21373,,,1,100,,50022,21373,,,1,100,,50015,21373,,,1,100,,50023,21373,,,1,100,,50016,21373,,,1,100,,50024,21373,,,1
12301,'F8',552,,37897,21373,,,1,100,,37895,21373,,,1,100,,37898,21373,,,1,101,,37896,21373,,,1,100,,37899,21373,,,1,100,,37907,21373,,,1,100,,37900,21373,,,1,100,,37908,21373,,,1,100,,37901,21373,,,1,100,,37909,21373,,,1,100,,37902,21373,,,1,100,,37910,21373,,,1,100,,37903,21373,,,1,100,,37911,21373,,,1,100,,37904,21373,,,1,100,,37912,21373,,,1,100,,37905,21373,,,1,100,,37913,21373,,,1,100,,37906,21373,,,1,100,,37914,21373,,,1
12301,'F9',553,,37915,21373,,,1,100,,37925,21373,,,1,100,,37916,21373,,,1,100,,37926,21373,,,1,102,,37917,21373,,,1,100,,37927,21373,,,1,100,,37918,21373,,,1,100,,37928,21373,,,1,100,,37919,21373,,,1,100,,37929,21373,,,1,100,,37920,21373,,,1,100,,37930,21373,,,1,100,,37921,21373,,,1,100,,37931,21373,,,1,100,,37922,21373,,,1,98,,37932,21373,,,1,100,,37923,21373,,,1,100,,37933,21373,,,1,100,,37924,21373,,,1,100,,37934,21373,,,1
12301,'SA',552,,37937,21373,,,1,100,,37935,21373,,,1,100,,37938,21373,,,1,101,,37936,21373,,,1,100,,37939,21373,,,1,100,,37947,21373,,,1,100,,37940,21373,,,1,100,,37948,21373,,,1,100,,37941,21373,,,1,100,,37949,21373,,,1,100,,37942,21373,,,1,100,,37950,21373,,,1,100,,37943,21373,,,1,100,,37951,21373,,,1,100,,37944,21373,,,1,100,,37952,21373,,,1,100,,37945,21373,,,1,100,,37953,21373,,,1,100,,37946,21373,,,1,100,,37954,21373,,,1
12301,'SE',539,,50041,21373,,,1,70,,50044,21373,,,1,20,,50029,21373,,,1,26,,50028,21373,,,1,55,,50030,21373,,,1,28,,50031,21373,,,1,70,,50026,21373,,,1,28,,50027,21373,,,1,70,,50025,21373,,,1,26,,50048,21373,,,1,70,,50042,21373,,,1,56,,50034,21373,,,1,142,,50046,21373,,,1,100,,50036,21373,,,1,100,,50043,21373,,,1,100,,50061,21373,,,1,11,,50035,21373,,,1,27,,50049,21373,,,1,20,,50053,21373,,,1,55,,50045,21373,,,1,19,,50055,21373,,,1,6,,50037,21373,,,1,16,,50040,21373,,,1,50,,50059,21373,,,1,6,,50051,21373,,,1,24,,50060,21373,,,1,66,,50050,21373,,,1,27,,50033,21373,,,1,31,,50038,21373,,,1,66,,50052,21373,,,1,34,,50047,21373,,,1,68,,50039,21373,,,1,30,,50056,21373,,,1,98,,50032,21373,,,1,97,,50057,21373,,,1,100,,50054,21373,,,1,157,,50058,21373,,,1
17001,'SE',519,,50442,4073,0,48 49,2,30,,50443,4073,0,48 49,2,62,,50426,4073,0,48 49,2,30,,50430,4073,0,48 49,2,70,,50427,4073,0,48 49,2,31,,50431,4073,0,48 49,2,69,,50428,4073,0,48 49,2,35,,50432,4073,0,48 49,2,70,,50429,4073,0,48 49,2,616,,50438,4073,0,48 49,2,70,,50433,4073,0,48 49,2,30,,50439,4073,0,48 49,2,70,,50434,4073,0,48 49,2,30,,50440,4073,0,48 49,2,70,,50435,4073,0,48 49,2,30,,50441,4073,0,48 49,2,70,,50436,4073,0,48 49,2
