500,'DI',633,,21659,694,,,1,70,,21665,694,,,1,30,,21660,694,,,1,70,,21666,694,,,1,30,,21686,694,,,1,70,,21667,694,,,1,30,,21671,694,,,1,70,,21668,694,,,1,30,,21683,694,,,1,70,,21672,694,,,1,30,,21661,694,,,1,71,,21673,694,,,1,30,,21662,694,,,1,68,,21687,694,,,1,32,,21684,694,,,1,70,,21688,694,,,1,30,,21674,694,,,1,69,,21663,694,,,1,31,,21678,694,,,1,70,,21685,694,,,1,30,,21669,694,,,1,70,,21675,694,,,1,30,,21689,694,,,1,99,,21670,694,,,1,100,,21677,694,,,1,100,,21676,694,,,1,100,,21679,694,,,1,100,,21680,694,,,1,100,,21681,694,,,1,100,,21682,694,,,1
500,'F8',603,,21802,694,,,1,30,,21810,694,,,1,70,,21803,694,,,1,30,,21811,694,,,1,70,,21804,694,,,1,30,,21812,694,,,1,70,,21805,694,,,1,30,,21814,694,,,1,70,,21806,694,,,1,30,,21815,694,,,1,70,,21807,694,,,1,30,,21816,694,,,1,71,,21808,694,,,1,30,,21817,694,,,1,70,,21813,694,,,1,30,,21833,694,,,1,70,,21828,694,,,1,30,,21818,694,,,1,70,,21831,694,,,1,30,,21827,694,,,1,70,,21830,694,,,1,30,,21834,694,,,1,70,,21829,694,,,1,30,,21832,694,,,1,99,,21819,694,,,1,100,,21820,694,,,1,100,,21821,694,,,1,100,,21822,694,,,1,100,,21823,694,,,1,100,,21824,694,,,1,100,,21825,694,,,1,100,,21826,694,,,1
500,'F9',633,,21836,694,,,1,70,,21842,694,,,1,30,,21837,694,,,1,70,,21843,694,,,1,30,,21863,694,,,1,70,,21844,694,,,1,30,,21848,694,,,1,70,,21845,694,,,1,30,,21860,694,,,1,70,,21849,694,,,1,30,,21838,694,,,1,71,,21850,694,,,1,30,,21839,694,,,1,68,,21864,694,,,1,32,,21861,694,,,1,70,,21865,694,,,1,30,,21851,694,,,1,69,,21840,694,,,1,31,,21855,694,,,1,70,,21862,694,,,1,30,,21846,694,,,1,70,,21852,694,,,1,30,,21866,694,,,1,99,,21847,694,,,1,100,,21854,694,,,1,100,,21853,694,,,1,100,,21856,694,,,1,100,,21857,694,,,1,100,,21858,694,,,1,100,,21859,694,,,1
500,'SA',603,,21868,694,,,1,30,,21876,694,,,1,70,,21869,694,,,1,30,,21877,694,,,1,70,,21870,694,,,1,30,,21878,694,,,1,70,,21871,694,,,1,30,,21880,694,,,1,70,,21872,694,,,1,30,,21881,694,,,1,70,,21873,694,,,1,30,,21882,694,,,1,71,,21874,694,,,1,30,,21883,694,,,1,70,,21879,694,,,1,30,,21899,694,,,1,70,,21894,694,,,1,30,,21884,694,,,1,70,,21897,694,,,1,30,,21893,694,,,1,70,,21896,694,,,1,30,,21900,694,,,1,70,,21895,694,,,1,30,,21898,694,,,1,99,,21885,694,,,1,100,,21886,694,,,1,100,,21887,694,,,1,100,,21888,694,,,1,100,,21889,694,,,1,100,,21890,694,,,1,100,,21891,694,,,1,100,,21892,694,,,1
500,'SE',605,,21901,694,,,1,29,,21938,694,,,1,70,,21906,694,,,1,30,,21904,694,,,1,69,,21905,694,,,1,40,,21932,694,,,1,60,,21941,694,,,1,30,,21930,694,,,1,70,,21939,694,,,1,30,,21937,694,,,1,70,,21935,694,,,1,30,,21929,694,,,1,70,,21907,694,,,1,30,,21912,694,,,1,70,,21910,694,,,1,30,,21911,694,,,1,70,,21908,694,,,1,30,,21916,694,,,1,72,,21943,694,,,1,13,,21914,694,,,1,15,,21913,694,,,1,15,,21936,694,,,1,55,,21942,694,,,1,17,,21915,694,,,1,16,,21920,694,,,1,12,,21923,694,,,1,55,,21917,694,,,1,15,,21933,694,,,1,15,,21909,694,,,1,22,,21940,694,,,1,58,,21924,694,,,1,21,,21921,694,,,1,69,,21931,694,,,1,30,,21918,694,,,1,70,,21934,694,,,1,30,,21944,694,,,1,70,,21922,694,,,1,30,,21919,694,,,1,100,,21925,694,,,1,100,,21926,694,,,1,100,,21927,694,,,1,100,,21928,694,,,1
601,'DI',601,,22527,673,,,1,30,,22533,673,,,1,70,,22545,673,,,1,30,,22540,673,,,1,70,,22536,673,,,1,30,,22534,673,,,1,70,,22519,673,,,1,30,,22523,673,,,1,72,,22537,673,,,1,30,,22531,673,,,1,70,,22520,673,,,1,30,,2206,673,,,1,70,,2212,673,,,1,33,,22521,673,,,1,70,,22524,673,,,1,30,,22530,673,,,1,70,,22522,673,,,1,30,,22532,673,,,1,70,,22528,673,,,1,30,,22525,673,,,1,70,,22538,673,,,1,30,,22546,673,,,1,70,,22541,673,,,1,30,,22539,673,,,1,70,,22547,673,,,1,30,,22542,673,,,1,100,,22529,673,,,1,100,,22544,673,,,1,100,,22535,673,,,1,100,,22526,673,,,1,100,,22518,673,,,1,100,,22543,673,,,1
601,'F8',601,,22662,673,,,1,30,,22658,673,,,1,70,,22678,673,,,1,30,,22667,673,,,1,70,,22663,673,,,1,30,,22659,673,,,1,74,,22664,673,,,1,26,,22668,673,,,1,74,,22677,673,,,1,23,,22665,673,,,1,75,,22674,673,,,1,26,,22660,673,,,1,30,,22653,673,,,1,78,,22661,673,,,1,70,,22654,673,,,1,29,,22647,673,,,1,70,,22669,673,,,1,30,,22655,673,,,1,70,,22648,673,,,1,30,,22670,673,,,1,70,,22656,673,,,1,30,,22649,673,,,1,70,,22671,673,,,1,30,,22657,673,,,1,70,,22650,673,,,1,30,,22672,673,,,1,100,,22675,673,,,1,100,,22666,673,,,1,100,,22651,673,,,1,100,,22652,673,,,1,100,,22676,673,,,1,100,,22673,673,,,1
601,'F9',601,,22689,673,,,1,30,,22696,673,,,1,70,,22708,673,,,1,30,,22703,673,,,1,70,,22699,673,,,1,30,,22697,673,,,1,70,,22680,673,,,1,30,,22684,673,,,1,72,,22700,673,,,1,30,,22694,673,,,1,70,,22681,673,,,1,30,,22685,673,,,1,70,,22690,673,,,1,33,,22682,673,,,1,70,,22686,673,,,1,30,,22693,673,,,1,70,,22683,673,,,1,30,,22695,673,,,1,70,,22691,673,,,1,30,,22687,673,,,1,70,,22701,673,,,1,30,,22709,673,,,1,70,,22704,673,,,1,30,,22702,673,,,1,70,,22710,673,,,1,30,,22705,673,,,1,100,,22692,673,,,1,100,,22707,673,,,1,100,,22698,673,,,1,100,,22688,673,,,1,100,,22679,673,,,1,100,,22706,673,,,1
601,'SA',601,,22726,673,,,1,30,,22722,673,,,1,70,,22742,673,,,1,30,,22731,673,,,1,70,,22727,673,,,1,30,,22723,673,,,1,74,,22728,673,,,1,26,,22732,673,,,1,74,,22741,673,,,1,23,,22729,673,,,1,75,,22738,673,,,1,26,,22724,673,,,1,30,,22717,673,,,1,78,,22725,673,,,1,70,,22718,673,,,1,29,,22711,673,,,1,70,,22733,673,,,1,30,,22719,673,,,1,70,,22712,673,,,1,30,,22734,673,,,1,70,,22720,673,,,1,30,,22713,673,,,1,70,,22735,673,,,1,30,,22721,673,,,1,70,,22714,673,,,1,30,,22736,673,,,1,100,,22739,673,,,1,100,,22730,673,,,1,100,,22715,673,,,1,100,,22716,673,,,1,100,,22740,673,,,1,100,,22737,673,,,1
601,'SE',516,,22760,673,,,1,30,,22752,673,,,1,70,,22761,673,,,1,30,,22744,673,,,1,64,,22764,673,,,1,37,,22771,673,,,1,70,,22767,673,,,1,32,,22765,673,,,1,68,,22766,673,,,1,30,,22759,673,,,1,70,,22745,673,,,1,30,,22754,673,,,1,70,,22778,673,,,1,30,,22769,673,,,1,70,,22770,673,,,1,30,,22775,673,,,1,70,,22773,673,,,1,30,,22755,673,,,1,70,,22753,673,,,1,30,,22750,673,,,1,70,,22748,673,,,1,25,,22776,673,,,1,78,,22774,673,,,1,27,,22751,673,,,1,72,,22768,673,,,1,25,,22762,673,,,1,73,,22746,673,,,1,30,,22743,673,,,1,69,,22749,673,,,1,30,,22772,673,,,1,70,,22763,673,,,1,30,,22756,673,,,1,70,,22777,673,,,1,30,,22747,673,,,1,100,,22757,673,,,1,100,,22779,673,,,1,100,,22758,673,,,1
3801,'DI',609,,29083,694,,,1,100,,29090,694,,,1,100,,29088,694,,,1,100,,29084,694,,,1,100,,29091,694,,,1,100,,29079,694,,,1,100,,29096,694,,,1,100,,29082,694,,,1,98,,29089,694,,,1,99,,29092,694,,,1,102,,29080,694,,,1,101,,29085,694,,,1,100,,29086,694,,,1,100,,29081,694,,,1,100,,29093,694,,,1,100,,29087,694,,,1,100,,29094,694,,,1,100,,29097,694,,,1,100,,29095,694,,,1
3801,'F8',608,,29170,694,,,1,100,,29179,694,,,1,99,,29173,694,,,1,101,,29180,694,,,1,100,,29174,694,,,1,100,,29181,694,,,1,100,,29175,694,,,1,100,,29182,694,,,1,100,,29176,694,,,1,100,,29171,694,,,1,100,,29177,694,,,1,100,,29172,694,,,1,100,,29178,694,,,1,100,,29168,694,,,1,100,,29183,694,,,1,100,,29169,694,,,1,100,,29184,694,,,1,100,,29186,694,,,1,100,,29185,694,,,1
3801,'F9',609,,29191,694,,,1,100,,29198,694,,,1,100,,29196,694,,,1,100,,29192,694,,,1,100,,29199,694,,,1,100,,29187,694,,,1,100,,29204,694,,,1,100,,29190,694,,,1,98,,29197,694,,,1,99,,29200,694,,,1,102,,29188,694,,,1,101,,29193,694,,,1,100,,29194,694,,,1,100,,29189,694,,,1,100,,29201,694,,,1,100,,29195,694,,,1,100,,29202,694,,,1,100,,29205,694,,,1,100,,29203,694,,,1
3801,'SA',608,,29208,694,,,1,100,,29217,694,,,1,99,,29211,694,,,1,101,,29218,694,,,1,100,,29212,694,,,1,100,,29219,694,,,1,100,,29213,694,,,1,100,,29220,694,,,1,100,,29214,694,,,1,100,,29209,694,,,1,100,,29215,694,,,1,100,,29210,694,,,1,100,,29216,694,,,1,100,,29206,694,,,1,100,,29221,694,,,1,100,,29207,694,,,1,100,,29222,694,,,1,100,,29224,694,,,1,100,,29223,694,,,1
3801,'SE',518,,29225,694,,,1,30,,29237,694,,,1,70,,29228,694,,,1,34,,29238,694,,,1,73,,29231,694,,,1,24,,29230,694,,,1,69,,29240,694,,,1,35,,29239,694,,,1,70,,29249,694,,,1,35,,29253,694,,,1,100,,29255,694,,,1,100,,29242,694,,,1,100,,29256,694,,,1,98,,29243,694,,,1,97,,29247,694,,,1,55,,29250,694,,,1,17,,29234,694,,,1,21,,29244,694,,,1,61,,29226,694,,,1,20,,29229,694,,,1,21,,29241,694,,,1,60,,29254,694,,,1,19,,29252,694,,,1,22,,29233,694,,,1,59,,29235,694,,,1,20,,29248,694,,,1,80,,29245,694,,,1,95,,29251,694,,,1,100,,29246,694,,,1,100,,29232,694,,,1,100,,29236,694,,,1,100,,29227,694,,,1
4200,'DI',612,,29423,673,,,1,100,,29424,673,,,1,100,,29425,673,,,1,100,,29426,673,,,1,100,,29427,673,,,1,100,,29428,673,,,1,100,,29429,673,,,1,100,,29430,673,,,1,100,,29431,673,,,1,100,,29432,673,,,1,100,,29433,673,,,1,100,,29434,673,,,1,100,,29435,673,,,1,100,,29436,673,,,1,100,,29437,673,,,1,100,,29438,673,,,1,100,,29439,673,,,1,100,,29440,673,,,1,100,,29441,673,,,1,100,,29442,673,,,1
4200,'F8',612,,29543,673,,,1,100,,29544,673,,,1,100,,29545,673,,,1,100,,29526,673,,,1,100,,29527,673,,,1,100,,29528,673,,,1,100,,29529,673,,,1,100,,29530,673,,,1,100,,29531,673,,,1,100,,29532,673,,,1,100,,29533,673,,,1,100,,29534,673,,,1,100,,29535,673,,,1,100,,29536,673,,,1,100,,29537,673,,,1,100,,29538,673,,,1,100,,29539,673,,,1,100,,29540,673,,,1,100,,29541,673,,,1,100,,29542,673,,,1
4200,'F9',612,,29546,673,,,1,100,,29547,673,,,1,100,,29548,673,,,1,100,,29549,673,,,1,100,,29550,673,,,1,100,,29551,673,,,1,100,,29552,673,,,1,100,,29553,673,,,1,100,,29554,673,,,1,100,,29555,673,,,1,100,,29556,673,,,1,100,,29557,673,,,1,100,,29558,673,,,1,100,,29559,673,,,1,100,,29560,673,,,1,100,,29561,673,,,1,100,,29562,673,,,1,100,,29563,673,,,1,100,,29564,673,,,1,100,,29565,673,,,1
4200,'SA',612,,29583,673,,,1,100,,29584,673,,,1,100,,29585,673,,,1,100,,29566,673,,,1,100,,29567,673,,,1,100,,29568,673,,,1,100,,29569,673,,,1,100,,29570,673,,,1,100,,29571,673,,,1,100,,29572,673,,,1,100,,29573,673,,,1,100,,29574,673,,,1,100,,29575,673,,,1,100,,29576,673,,,1,100,,29577,673,,,1,100,,29578,673,,,1,100,,29579,673,,,1,100,,29580,673,,,1,100,,29581,673,,,1,100,,29582,673,,,1
4200,'SE',554,,29614,673,,,1,76,,29596,673,,,1,28,,29599,673,,,1,52,,29595,673,,,1,6,,29597,673,,,1,6,,29592,673,,,1,6,,29593,673,,,1,22,,29591,673,,,1,62,,29600,673,,,1,34,,29627,673,,,1,70,,29628,673,,,1,30,,29594,673,,,1,70,,29618,673,,,1,30,,29598,673,,,1,70,,29623,673,,,1,30,,29601,673,,,1,70,,29624,673,,,1,30,,29587,673,,,1,70,,29604,673,,,1,30,,29602,673,,,1,70,,29616,673,,,1,30,,29626,673,,,1,71,,29605,673,,,1,30,,29621,673,,,1,66,,29619,673,,,1,24,,29625,673,,,1,15,,29622,673,,,1,54,,29586,673,,,1,14,,29620,673,,,1,14,,29615,673,,,1,15,,29617,673,,,1,68,,29603,673,,,1,30,,29606,673,,,1,73,,29610,673,,,1,34,,29607,673,,,1,70,,29611,673,,,1,30,,29608,673,,,1,70,,29612,673,,,1,30,,29609,673,,,1,70,,29613,673,,,1,91,,29588,673,,,1,100,,29589,673,,,1,100,,29590,673,,,1
4301,'DI',758,,29856,694,0,40 41,1,100,,29849,694,0,40 41,1,100,,29850,694,0,40 41,1,100,,29851,694,0,40 41,1,101,,29852,694,0,40 41,1,99,,29841,694,0,40 41,1,100,,29842,694,0,40 41,1,100,,29847,694,0,40 41,1,100,,29848,694,0,40 41,1,100,,29853,694,0,40 41,1,100,,29843,694,0,40 41,1,100,,29844,694,0,40 41,1,100,,29845,694,0,40 41,1,100,,29854,694,0,40 41,1,100,,29846,694,0,40 41,1,100,,29857,694,0,40 41,1,100,,29855,694,0,40 41,1,100,,29858,694,0,40 41,1
4301,'F8',658,,29931,694,0,40 41,1,100,,29925,694,0,40 41,1,100,,29940,694,0,40 41,1,100,,29936,694,0,40 41,1,100,,29941,694,0,40 41,1,100,,29923,694,0,40 41,1,100,,29930,694,0,40 41,1,100,,29933,694,0,40 41,1,100,,29939,694,0,40 41,1,100,,29924,694,0,40 41,1,100,,29932,694,0,40 41,1,100,,29928,694,0,40 41,1,100,,29934,694,0,40 41,1,100,,29926,694,0,40 41,1,100,,29937,694,0,40 41,1,100,,29929,694,0,40 41,1,100,,29927,694,0,40 41,1,100,,29935,694,0,40 41,1,100,,29938,694,0,40 41,1
4301,'F9',758,,29957,694,0,40 41,1,100,,29950,694,0,40 41,1,100,,29951,694,0,40 41,1,100,,29952,694,0,40 41,1,101,,29953,694,0,40 41,1,99,,29942,694,0,40 41,1,100,,29943,694,0,40 41,1,100,,29948,694,0,40 41,1,100,,29949,694,0,40 41,1,100,,29954,694,0,40 41,1,100,,29944,694,0,40 41,1,100,,29945,694,0,40 41,1,100,,29946,694,0,40 41,1,100,,29955,694,0,40 41,1,100,,29947,694,0,40 41,1,100,,29958,694,0,40 41,1,100,,29956,694,0,40 41,1,100,,29959,694,0,40 41,1
4301,'SA',658,,29968,694,0,40 41,1,100,,29962,694,0,40 41,1,100,,29976,694,0,40 41,1,100,,29973,694,0,40 41,1,100,,29977,694,0,40 41,1,100,,29960,694,0,40 41,1,100,,29967,694,0,40 41,1,100,,29970,694,0,40 41,1,100,,8946,694,0,40 41,1,100,,29961,694,0,40 41,1,100,,29969,694,0,40 41,1,100,,29965,694,0,40 41,1,100,,29971,694,0,40 41,1,100,,29963,694,0,40 41,1,100,,29974,694,0,40 41,1,100,,29966,694,0,40 41,1,100,,29964,694,0,40 41,1,100,,29972,694,0,40 41,1,100,,29975,694,0,40 41,1
4301,'SE',645,,29995,694,0,40 41,1,73,,29998,694,0,40 41,1,33,,29979,694,0,40 41,1,62,,29989,694,0,40 41,1,40,,29999,694,0,40 41,1,65,,29978,694,0,40 41,1,30,,29996,694,0,40 41,1,100,,30000,694,0,40 41,1,100,,29980,694,0,40 41,1,100,,29988,694,0,40 41,1,100,,29981,694,0,40 41,1,96,,29997,694,0,40 41,1,74,,29993,694,0,40 41,1,26,,29982,694,0,40 41,1,81,,29983,694,0,40 41,1,26,,29985,694,0,40 41,1,69,,29994,694,0,40 41,1,31,,29991,694,0,40 41,1,70,,29987,694,0,40 41,1,30,,29990,694,0,40 41,1,100,,30003,694,0,40 41,1,100,,29984,694,0,40 41,1,100,,29986,694,0,40 41,1,99,,30001,694,0,40 41,1,100,,29992,694,0,40 41,1,100,,30002,694,0,40 41,1
5000,'DI',715,,31252,694,,,2,100,,31260,694,,,2,100,,31258,694,,,2,103,,31259,694,,,2,94,,31261,694,,,2,103,,31262,694,,,2,103,,31263,694,,,2,97,,31251,694,,,2,96,,31264,694,,,2,103,,31249,694,,,2,106,,31248,694,,,2,95,,31257,694,,,2,100,,31250,694,,,2,100,,31253,694,,,2,100,,31255,694,,,2,100,,31265,694,,,2,100,,31254,694,,,2,100,,31256,694,,,2,100,,31266,694,,,2
5000,'F8',615,,31342,694,,,2,98,,31341,694,,,2,102,,31346,694,,,2,97,,31350,694,,,2,103,,31351,694,,,2,96,,31355,694,,,2,102,,31352,694,,,2,98,,31336,694,,,2,99,,31337,694,,,2,103,,31338,694,,,2,103,,31339,694,,,2,103,,31340,694,,,2,96,,31343,694,,,2,100,,31354,694,,,2,100,,31353,694,,,2,100,,31344,694,,,2,97,,31347,694,,,2,103,,31348,694,,,2,101,,31349,694,,,2,99,,31345,694,,,2
5000,'F9',715,,31360,694,,,2,100,,31368,694,,,2,100,,31366,694,,,2,103,,31367,694,,,2,94,,31369,694,,,2,103,,31370,694,,,2,103,,31371,694,,,2,97,,31359,694,,,2,96,,31372,694,,,2,103,,31357,694,,,2,106,,31356,694,,,2,95,,31365,694,,,2,100,,31358,694,,,2,100,,31361,694,,,2,100,,31363,694,,,2,100,,31373,694,,,2,100,,31362,694,,,2,100,,31364,694,,,2,100,,31374,694,,,2
5000,'SA',615,,31382,694,,,2,98,,31381,694,,,2,102,,31386,694,,,2,97,,31390,694,,,2,103,,31391,694,,,2,96,,31395,694,,,2,102,,31392,694,,,2,98,,31376,694,,,2,99,,31377,694,,,2,103,,31378,694,,,2,103,,31379,694,,,2,103,,31380,694,,,2,96,,31383,694,,,2,100,,31394,694,,,2,100,,31393,694,,,2,100,,31384,694,,,2,97,,31387,694,,,2,103,,31388,694,,,2,101,,31389,694,,,2,99,,31385,694,,,2
5000,'SE',705,,31405,694,,,2,30,,31401,694,,,2,70,,31407,694,,,2,33,,31410,694,,,2,67,,31418,694,,,2,100,,31421,694,,,2,100,,31408,694,,,2,100,,31403,694,,,2,100,,31411,694,,,2,99,,31396,694,,,2,102,,31412,694,,,2,28,,31422,694,,,2,70,,31400,694,,,2,34,,31423,694,,,2,66,,31413,694,,,2,30,,31397,694,,,2,70,,31419,694,,,2,31,,31402,694,,,2,70,,31420,694,,,2,100,,31398,694,,,2,100,,31414,694,,,2,100,,31399,694,,,2,100,,31415,694,,,2,100,,31416,694,,,2,100,,31417,694,,,2
6000,'SE',623,,32223,673,,,1,83,,32224,673,,,1,37,,32232,673,,,1,87,,32225,673,,,1,101,,32231,673,,,1,100,,32221,673,,,1,100,,32226,673,,,1,100,,32222,673,,,1,100,,32239,673,,,1,100,,32234,673,,,1,96,,32235,673,,,1,30,,32230,673,,,1,64,,32227,673,,,1,24,,32228,673,,,1,68,,32219,673,,,1,28,,32236,673,,,1,66,,32229,673,,,1,30,,32233,673,,,1,69,,32237,673,,,1,99,,32218,673,,,1,100,,32238,673,,,1,100,,32216,673,,,1,50,,32220,673,,,1,100,,32217,673,,,1
16000,'DI',652,,38365,673,0,19 20,1,100,,38368,673,0,19 20,1,100,,38371,673,0,19 20,1,100,,38366,673,0,19 20,1,100,,38372,673,0,19 20,1,100,,38364,673,0,19 20,1,100,,38373,673,0,19 20,1,100,,38362,673,0,19 20,1,100,,38360,673,0,19 20,1,100,,38369,673,0,19 20,1,100,,38367,673,0,19 20,1,100,,38374,673,0,19 20,1,100,,38370,673,0,19 20,1,102,,38363,673,0,19 20,1,98,,38361,673,0,19 20,1
16000,'F8',652,,38429,673,0,19 20,1,99,,38432,673,0,19 20,1,101,,38428,673,0,19 20,1,100,,38425,673,0,19 20,1,100,,38431,673,0,19 20,1,99,,38436,673,0,19 20,1,101,,38426,673,0,19 20,1,100,,38430,673,0,19 20,1,100,,38437,673,0,19 20,1,100,,38433,673,0,19 20,1,100,,38427,673,0,19 20,1,100,,38438,673,0,19 20,1,100,,38434,673,0,19 20,1,101,,38439,673,0,19 20,1,99,,38435,673,0,19 20,1
16000,'F9',652,,38445,673,0,19 20,1,100,,38448,673,0,19 20,1,100,,38451,673,0,19 20,1,100,,38446,673,0,19 20,1,100,,38452,673,0,19 20,1,100,,38444,673,0,19 20,1,100,,38453,673,0,19 20,1,100,,38442,673,0,19 20,1,100,,38440,673,0,19 20,1,100,,38449,673,0,19 20,1,100,,38447,673,0,19 20,1,100,,38454,673,0,19 20,1,100,,38450,673,0,19 20,1,102,,38443,673,0,19 20,1,98,,38441,673,0,19 20,1
16000,'SA',652,,38459,673,0,19 20,1,99,,16667,673,0,19 20,1,101,,38458,673,0,19 20,1,100,,38455,673,0,19 20,1,100,,38461,673,0,19 20,1,99,,38464,673,0,19 20,1,101,,38456,673,0,19 20,1,100,,38460,673,0,19 20,1,100,,38465,673,0,19 20,1,100,,16668,673,0,19 20,1,100,,38457,673,0,19 20,1,100,,38466,673,0,19 20,1,100,,38462,673,0,19 20,1,101,,38467,673,0,19 20,1,99,,38463,673,0,19 20,1
16000,'SE',606,,38474,673,0,19 20,1,95,,38488,673,0,19 20,1,38,,38473,673,0,19 20,1,95,,38489,673,0,19 20,1,89,,38485,673,0,19 20,1,86,,38472,673,0,19 20,1,100,,38475,673,0,19 20,1,100,,38476,673,0,19 20,1,100,,38471,673,0,19 20,1,100,,38490,673,0,19 20,1,98,,38469,673,0,19 20,1,30,,38484,673,0,19 20,1,68,,38477,673,0,19 20,1,24,,38468,673,0,19 20,1,30,,38478,673,0,19 20,1,68,,38491,673,0,19 20,1,30,,38470,673,0,19 20,1,70,,38483,673,0,19 20,1,30,,38479,673,0,19 20,1,87,,38482,673,0,19 20,1,100,,38480,673,0,19 20,1,100,,38486,673,0,19 20,1,92,,38481,673,0,19 20,1,100,,38487,673,0,19 20,1
52601,'SE',912,,40648,5797,,,2,1,,40649,5797,,,2
54201,'SE',857,,40693,760,,,2
67001,'SE',841,,40865,760,,,2,1,,40864,760,,,2,1,,40863,760,,,2
