900,'SE',1632,,53729,11126,0,28 30,2,77,,53727,11126,0,28 30,2,22,,53726,11126,0,28 30,2,27,,53725,11126,0,28 30,2,69,,53728,11126,0,28 30,2
5001,'DI',640,,58111,495,,,2,102,,58105,495,,,2,100,,58106,495,,,2,100,,58112,495,,,2,103,,58113,495,,,2,94,,58107,495,,,2,103,,58108,495,,,2,103,,58109,495,,,2,97,,58097,495,,,2,96,,58099,495,,,2,103,,58100,495,,,2,106,,58101,495,,,2,95,,58114,495,,,2,100,,58110,495,,,2,100,,58104,495,,,2,100,,58102,495,,,2,100,,58116,495,,,2,100,,58103,495,,,2,100,,58098,495,,,2,100,,58115,495,,,2
5001,'F1',640,,58131,495,,,2,102,,58125,495,,,2,100,,58126,495,,,2,100,,58132,495,,,2,103,,58133,495,,,2,94,,58127,495,,,2,103,,58128,495,,,2,103,,58129,495,,,2,97,,58117,495,,,2,96,,58119,495,,,2,103,,58120,495,,,2,106,,58121,495,,,2,95,,58134,495,,,2,100,,58130,495,,,2,100,,58124,495,,,2,100,,58122,495,,,2,100,,58136,495,,,2,100,,58123,495,,,2,100,,58118,495,,,2,100,,58135,495,,,2
5001,'F2',642,,58137,495,,,2,98,,58141,495,,,2,102,,58143,495,,,2,97,,58151,495,,,2,103,,58148,495,,,2,96,,58152,495,,,2,102,,58138,495,,,2,98,,58142,495,,,2,99,,47449,495,,,2,103,,58153,495,,,2,103,,58154,495,,,2,103,,58155,495,,,2,96,,58139,495,,,2,100,,58145,495,,,2,100,,58144,495,,,2,100,,58146,495,,,2,97,,58149,495,,,2,103,,58150,495,,,2,101,,58140,495,,,2,99,,58147,495,,,2
5001,'SA',642,,58156,495,,,2,98,,58160,495,,,2,102,,58162,495,,,2,97,,58170,495,,,2,103,,58167,495,,,2,96,,58171,495,,,2,102,,58157,495,,,2,98,,58161,495,,,2,99,,31554,495,,,2,103,,58172,495,,,2,103,,58173,495,,,2,103,,58174,495,,,2,96,,58158,495,,,2,100,,58164,495,,,2,100,,58163,495,,,2,100,,58165,495,,,2,97,,58168,495,,,2,103,,58169,495,,,2,101,,58159,495,,,2,99,,58166,495,,,2
5001,'SE',532,,58198,495,,,2,70,,58182,495,,,2,30,,58177,495,,,2,70,,58194,495,,,2,30,,58187,495,,,2,70,,58180,495,,,2,30,,58186,495,,,2,73,,58181,495,,,2,27,,58178,495,,,2,100,,58201,495,,,2,100,,58193,495,,,2,100,,58176,495,,,2,100,,58183,495,,,2,99,,58190,495,,,2,102,,58184,495,,,2,68,,58188,495,,,2,33,,47488,495,,,2,74,,58189,495,,,2,26,,58191,495,,,2,70,,58179,495,,,2,30,,58196,495,,,2,68,,58199,495,,,2,30,,58192,495,,,2,100,,58195,495,,,2,100,,58197,495,,,2,100,,58185,495,,,2,100,,58175,495,,,2,100,,58202,495,,,2,100,,58200,495,,,2
8800,'DI',732,,60913,11796,,,1,70,,60910,11796,,,1,30,,60920,11796,,,1,70,,60927,11796,,,1,30,,60914,11796,,,1,70,,60911,11796,,,1,32,,60921,11796,,,1,70,,60928,11796,,,1,30,,60917,11796,,,1,70,,60912,11796,,,1,31,,60922,11796,,,1,70,,60926,11796,,,1,30,,60929,11796,,,1,70,,60909,11796,,,1,30,,60923,11796,,,1,70,,60907,11796,,,1,30,,60930,11796,,,1,70,,60918,11796,,,1,30,,60924,11796,,,1,70,,60908,11796,,,1,30,,60931,11796,,,1,68,,60919,11796,,,1,30,,60925,11796,,,1,100,,60933,11796,,,1,100,,60932,11796,,,1,100,,60934,11796,,,1,100,,60915,11796,,,1,97,,60935,11796,,,1,100,,60916,11796,,,1,100,,60906,11796,,,1
8800,'F1',732,,60943,11796,,,1,70,,60940,11796,,,1,30,,60950,11796,,,1,70,,60957,11796,,,1,30,,60944,11796,,,1,70,,60941,11796,,,1,32,,60951,11796,,,1,70,,60958,11796,,,1,30,,60947,11796,,,1,70,,60942,11796,,,1,31,,60952,11796,,,1,70,,60956,11796,,,1,30,,60959,11796,,,1,70,,60939,11796,,,1,30,,60953,11796,,,1,70,,60937,11796,,,1,30,,60960,11796,,,1,70,,60948,11796,,,1,30,,60954,11796,,,1,70,,60938,11796,,,1,30,,60961,11796,,,1,68,,60949,11796,,,1,30,,60955,11796,,,1,100,,60963,11796,,,1,100,,60962,11796,,,1,100,,60964,11796,,,1,100,,60945,11796,,,1,97,,60965,11796,,,1,100,,60946,11796,,,1,100,,60936,11796,,,1
8800,'F2',732,,60972,11796,,,1,70,,60978,11796,,,1,31,,60985,11796,,,1,70,,60987,11796,,,1,31,,60973,11796,,,1,70,,60979,11796,,,1,32,,60986,11796,,,1,70,,60988,11796,,,1,30,,60974,11796,,,1,70,,60980,11796,,,1,30,,60992,11796,,,1,70,,60989,11796,,,1,30,,60975,11796,,,1,70,,60981,11796,,,1,30,,60995,11796,,,1,70,,60967,11796,,,1,30,,60976,11796,,,1,70,,60970,11796,,,1,30,,60996,11796,,,1,70,,60968,11796,,,1,31,,60991,11796,,,1,69,,60971,11796,,,1,31,,60993,11796,,,1,69,,60969,11796,,,1,30,,60982,11796,,,1,100,,60994,11796,,,1,98,,60983,11796,,,1,97,,60990,11796,,,1,100,,60984,11796,,,1,100,,60966,11796,,,1,100,,60977,11796,,,1
8800,'SA',732,,61003,11796,,,1,70,,61009,11796,,,1,31,,61016,11796,,,1,70,,61018,11796,,,1,31,,61004,11796,,,1,70,,61010,11796,,,1,32,,61017,11796,,,1,70,,61019,11796,,,1,30,,61005,11796,,,1,70,,61011,11796,,,1,30,,61023,11796,,,1,70,,61020,11796,,,1,30,,61006,11796,,,1,70,,61012,11796,,,1,30,,61026,11796,,,1,70,,60998,11796,,,1,30,,61007,11796,,,1,70,,61001,11796,,,1,30,,61027,11796,,,1,70,,60999,11796,,,1,31,,61022,11796,,,1,69,,61002,11796,,,1,31,,61024,11796,,,1,69,,61000,11796,,,1,30,,61013,11796,,,1,100,,61025,11796,,,1,98,,61014,11796,,,1,97,,61021,11796,,,1,100,,61015,11796,,,1,100,,60997,11796,,,1,100,,61008,11796,,,1
8800,'SE',739,,61071,11796,,,1,2,,61048,11796,,,1,59,,61070,11796,,,1,15,,61042,11796,,,1,14,,61045,11796,,,1,15,,61046,11796,,,1,15,,61047,11796,,,1,53,,61034,11796,,,1,29,,61030,11796,,,1,70,,61059,11796,,,1,30,,61069,11796,,,1,70,,61031,11796,,,1,33,,61066,11796,,,1,70,,61067,11796,,,1,30,,61028,11796,,,1,70,,61062,11796,,,1,30,,61068,11796,,,1,70,,61060,11796,,,1,33,,61064,11796,,,1,73,,61063,11796,,,1,17,,61043,11796,,,1,16,,61074,11796,,,1,55,,61035,11796,,,1,15,,61072,11796,,,1,15,,61049,11796,,,1,15,,61061,11796,,,1,53,,61065,11796,,,1,11,,61029,11796,,,1,12,,61073,11796,,,1,12,,61054,11796,,,1,11,,61044,11796,,,1,51,,61036,11796,,,1,11,,61075,11796,,,1,12,,61037,11796,,,1,12,,61039,11796,,,1,7,,61050,11796,,,1,59,,61038,11796,,,1,15,,61076,11796,,,1,22,,61055,11796,,,1,68,,61040,11796,,,1,30,,61051,11796,,,1,68,,61077,11796,,,1,30,,61056,11796,,,1,70,,61041,11796,,,1,30,,61052,11796,,,1,100,,61057,11796,,,1,99,,61053,11796,,,1,95,,61058,11796,,,1
50500,'SE',1626,,63423,4916,,,2
