801,'DI',557,,23101,15504,,,1,70,,2745,15504,,,1,30,,2752,15504,,,1,70,,23108,15504,,,1,30,,23102,15504,,,1,72,,2746,15504,,,1,30,,2753,15504,,,1,70,,23109,15504,,,1,29,,23103,15504,,,1,70,,2747,15504,,,1,30,,2754,15504,,,1,69,,23110,15504,,,1,30,,23104,15504,,,1,70,,2748,15504,,,1,30,,2755,15504,,,1,70,,23111,15504,,,1,31,,2741,15504,,,1,70,,2749,15504,,,1,31,,2756,15504,,,1,70,,23112,15504,,,1,29,,23106,15504,,,1,70,,2750,15504,,,1,30,,23115,15504,,,1,70,,23113,15504,,,1,19,,23105,15504,,,1,53,,23107,15504,,,1,30,,2751,15504,,,1,28,,23116,15504,,,1,70,,23114,15504,,,1,85,,2742,15504,,,1,100,,23117,15504,,,1,100,,2743,15504,,,1,99,,23118,15504,,,1,100,,2744,15504,,,1,99,,23119,15504,,,1
801,'F1',557,,44174,15504,,,1,70,,44182,15504,,,1,30,,44189,15504,,,1,70,,44197,15504,,,1,30,,44175,15504,,,1,72,,44183,15504,,,1,30,,44190,15504,,,1,70,,44198,15504,,,1,29,,44176,15504,,,1,70,,44184,15504,,,1,30,,44191,15504,,,1,69,,44199,15504,,,1,30,,44177,15504,,,1,70,,44185,15504,,,1,30,,44192,15504,,,1,70,,44200,15504,,,1,31,,44178,15504,,,1,70,,44186,15504,,,1,31,,44193,15504,,,1,70,,44201,15504,,,1,29,,44195,15504,,,1,70,,44187,15504,,,1,30,,44204,15504,,,1,70,,44202,15504,,,1,19,,44194,15504,,,1,53,,44196,15504,,,1,30,,44188,15504,,,1,28,,44205,15504,,,1,70,,44203,15504,,,1,85,,44179,15504,,,1,100,,44206,15504,,,1,100,,44180,15504,,,1,99,,44207,15504,,,1,100,,44181,15504,,,1,99,,44208,15504,,,1
801,'F2',557,,44213,15504,,,1,70,,44225,15504,,,1,30,,44228,15504,,,1,70,,44231,15504,,,1,30,,44214,15504,,,1,72,,44226,15504,,,1,30,,44229,15504,,,1,70,,44232,15504,,,1,27,,44215,15504,,,1,69,,44227,15504,,,1,30,,44230,15504,,,1,70,,44233,15504,,,1,31,,44216,15504,,,1,70,,44221,15504,,,1,31,,44238,15504,,,1,70,,44234,15504,,,1,31,,44217,15504,,,1,70,,44222,15504,,,1,30,,44239,15504,,,1,70,,44235,15504,,,1,30,,44242,15504,,,1,70,,44223,15504,,,1,30,,44240,15504,,,1,70,,44236,15504,,,1,25,,44209,15504,,,1,50,,44243,15504,,,1,20,,44224,15504,,,1,30,,44241,15504,,,1,70,,44237,15504,,,1,90,,44210,15504,,,1,100,,44218,15504,,,1,100,,44211,15504,,,1,96,,44219,15504,,,1,100,,44212,15504,,,1,100,,44220,15504,,,1
801,'F8',557,,23268,15504,,,1,70,,23280,15504,,,1,30,,23283,15504,,,1,70,,23286,15504,,,1,30,,23269,15504,,,1,72,,23281,15504,,,1,30,,23284,15504,,,1,70,,23287,15504,,,1,27,,23270,15504,,,1,69,,23282,15504,,,1,30,,23285,15504,,,1,70,,23288,15504,,,1,31,,23271,15504,,,1,70,,23276,15504,,,1,31,,23293,15504,,,1,70,,23289,15504,,,1,31,,23272,15504,,,1,70,,23277,15504,,,1,30,,23294,15504,,,1,70,,23290,15504,,,1,30,,23297,15504,,,1,70,,23278,15504,,,1,30,,23295,15504,,,1,70,,23291,15504,,,1,25,,23264,15504,,,1,50,,23298,15504,,,1,20,,23279,15504,,,1,30,,23296,15504,,,1,70,,23292,15504,,,1,90,,23265,15504,,,1,100,,23273,15504,,,1,100,,23266,15504,,,1,96,,23274,15504,,,1,100,,23267,15504,,,1,100,,23275,15504,,,1
801,'F9',557,,23299,15504,,,1,70,,23307,15504,,,1,30,,23314,15504,,,1,70,,23322,15504,,,1,30,,23300,15504,,,1,72,,23308,15504,,,1,30,,23315,15504,,,1,70,,23323,15504,,,1,29,,23301,15504,,,1,70,,23309,15504,,,1,30,,23316,15504,,,1,69,,23324,15504,,,1,30,,23302,15504,,,1,70,,23310,15504,,,1,30,,23317,15504,,,1,70,,23325,15504,,,1,31,,23303,15504,,,1,70,,23311,15504,,,1,31,,23318,15504,,,1,70,,23326,15504,,,1,29,,23320,15504,,,1,70,,23312,15504,,,1,30,,23329,15504,,,1,70,,23327,15504,,,1,19,,23319,15504,,,1,53,,23321,15504,,,1,30,,23313,15504,,,1,28,,23330,15504,,,1,70,,23328,15504,,,1,85,,23304,15504,,,1,100,,23331,15504,,,1,100,,23305,15504,,,1,99,,23332,15504,,,1,100,,23306,15504,,,1,99,,23333,15504,,,1
801,'SA',557,,23338,15504,,,1,70,,23350,15504,,,1,30,,23353,15504,,,1,70,,23356,15504,,,1,30,,23339,15504,,,1,72,,23351,15504,,,1,30,,23354,15504,,,1,70,,23357,15504,,,1,27,,23340,15504,,,1,69,,23352,15504,,,1,30,,23355,15504,,,1,70,,23358,15504,,,1,31,,23341,15504,,,1,70,,23346,15504,,,1,31,,23363,15504,,,1,70,,23359,15504,,,1,31,,23342,15504,,,1,70,,23347,15504,,,1,30,,23364,15504,,,1,70,,23360,15504,,,1,30,,2977,15504,,,1,70,,23348,15504,,,1,30,,23365,15504,,,1,70,,23361,15504,,,1,25,,23334,15504,,,1,50,,2978,15504,,,1,20,,23349,15504,,,1,30,,23366,15504,,,1,70,,23362,15504,,,1,90,,23335,15504,,,1,100,,23343,15504,,,1,100,,23336,15504,,,1,96,,23344,15504,,,1,100,,23337,15504,,,1,100,,23345,15504,,,1
801,'SE',523,,44283,15504,,,1,33,,44246,15504,,,1,67,,44285,15504,,,1,21,,44287,15504,,,1,60,,44290,15504,,,1,15,,44288,15504,,,1,8,,44250,15504,,,1,16,,44268,15504,,,1,7,,44295,15504,,,1,8,,44247,15504,,,1,49,,44289,15504,,,1,22,,44286,15504,,,1,19,,44261,15504,,,1,58,,44291,15504,,,1,14,,44282,15504,,,1,15,,44251,15504,,,1,14,,44269,15504,,,1,55,,44248,15504,,,1,17,,44272,15504,,,1,15,,44259,15504,,,1,14,,44262,15504,,,1,55,,44265,15504,,,1,16,,44305,15504,,,1,15,,44252,15504,,,1,15,,44270,15504,,,1,55,,44249,15504,,,1,15,,44273,15504,,,1,15,,44275,15504,,,1,16,,44254,15504,,,1,55,,44263,15504,,,1,15,,44292,15504,,,1,15,,44306,15504,,,1,15,,44303,15504,,,1,55,,44271,15504,,,1,15,,44244,15504,,,1,15,,44274,15504,,,1,18,,44260,15504,,,1,55,,44255,15504,,,1,13,,44307,15504,,,1,22,,44266,15504,,,1,11,,44293,15504,,,1,50,,44253,15504,,,1,14,,44297,15504,,,1,16,,44296,15504,,,1,18,,44245,15504,,,1,55,,44276,15504,,,1,12,,44279,15504,,,1,16,,44264,15504,,,1,15,,44300,15504,,,1,55,,44267,15504,,,1,13,,44294,15504,,,1,21,,44298,15504,,,1,61,,44299,15504,,,1,27,,44280,15504,,,1,28,,44301,15504,,,1,71,,44284,15504,,,1,27,,44256,15504,,,1,73,,44308,15504,,,1,27,,44302,15504,,,1,52,,44277,15504,,,1,20,,44281,15504,,,1,29,,44257,15504,,,1,60,,44304,15504,,,1,92,,44278,15504,,,1,100,,44258,15504,,,1
2801,'DI',946,,27810,9181,,,1,100,,27815,9181,,,1,100,,27813,9181,,,1,101,,27811,9181,,,1,100,,27812,9181,,,1,100,,27816,9181,,,1,98,,27819,9181,,,1,99,,27818,9181,,,1,96,,27817,9181,,,1,105,,27814,9181,,,1
2801,'F1',946,,45978,9181,,,1,100,,45983,9181,,,1,100,,45981,9181,,,1,101,,45979,9181,,,1,100,,45980,9181,,,1,100,,45984,9181,,,1,98,,45987,9181,,,1,99,,45986,9181,,,1,96,,45985,9181,,,1,105,,45982,9181,,,1
2801,'F2',946,,45995,9181,,,1,100,,45990,9181,,,1,100,,45988,9181,,,1,101,,45992,9181,,,1,100,,45991,9181,,,1,100,,45993,9181,,,1,98,,45989,9181,,,1,96,,45997,9181,,,1,99,,45996,9181,,,1,105,,45994,9181,,,1
2801,'F8',946,,27885,9181,,,1,100,,27880,9181,,,1,100,,27878,9181,,,1,101,,27882,9181,,,1,100,,27881,9181,,,1,100,,27883,9181,,,1,98,,27879,9181,,,1,96,,27887,9181,,,1,99,,27886,9181,,,1,105,,27884,9181,,,1
2801,'F9',946,,27888,9181,,,1,100,,27893,9181,,,1,100,,27891,9181,,,1,101,,27889,9181,,,1,100,,27890,9181,,,1,100,,27894,9181,,,1,98,,27897,9181,,,1,99,,27896,9181,,,1,96,,27895,9181,,,1,105,,27892,9181,,,1
2801,'SA',946,,27904,9181,,,1,100,,27900,9181,,,1,100,,27898,9181,,,1,101,,27901,9181,,,1,100,,7052,9181,,,1,100,,27902,9181,,,1,98,,27899,9181,,,1,96,,27906,9181,,,1,99,,27905,9181,,,1,105,,27903,9181,,,1
2801,'SE',656,,46024,9181,,,1,60,,46030,10890,,,1,21,,46025,9181,,,1,19,,46031,10890,,,1,69,,46035,10890,,,1,21,,46019,9181,,,1,56,,46029,10890,,,1,28,,46023,9181,,,1,29,,46009,9181,,,1,70,,46001,9181,,,1,30,,46005,9181,,,1,70,,46010,9181,,,1,30,,46002,9181,,,1,70,,46006,9181,,,1,30,,46011,9181,,,1,70,,46003,9181,,,1,30,,46007,9181,,,1,71,,46012,9181,,,1,70,,46004,9181,,,1,21,,46013,9181,,,1,12,,46008,9181,,,1,17,,46015,9181,,,1,50,,46032,10890,,,1,17,,45999,9181,,,1,13,,46017,9181,,,1,15,,46021,9181,,,1,58,,46034,10890,,,1,13,,46014,9181,,,1,16,,46016,9181,,,1,13,,46033,10890,,,1,58,,46018,9181,,,1,14,,46020,9181,,,1,21,,46026,9181,,,1,21,,45998,9181,,,1,63,,46022,9181,,,1,100,,46000,9181,,,1,100,,46027,9181,,,1,100,,46028,9181,,,1
8801,'DI',644,,36910,14776,,,1,70,,36915,14776,,,1,30,,36921,14776,,,1,70,,36931,14776,,,1,30,,36911,14776,,,1,70,,36916,14776,,,1,30,,36922,14776,,,1,69,,36932,14776,,,1,29,,36912,14776,,,1,70,,36917,14776,,,1,30,,36923,14776,,,1,70,,36933,14776,,,1,30,,36913,14776,,,1,70,,36918,14776,,,1,30,,36924,14776,,,1,71,,36934,14776,,,1,30,,36914,14776,,,1,71,,36919,14776,,,1,30,,36925,14776,,,1,69,,15257,14776,,,1,30,,36926,14776,,,1,70,,36920,14776,,,1,30,,36935,14776,,,1,72,,15258,14776,,,1,22,,36927,14776,,,1,106,,36936,14776,,,1,100,,36928,14776,,,1,100,,36937,14776,,,1,98,,36929,14776,,,1,100,,36938,14776,,,1,99,,36930,14776,,,1
8801,'F1',644,,49632,14776,,,1,70,,49637,14776,,,1,30,,49643,14776,,,1,70,,49653,14776,,,1,30,,49633,14776,,,1,70,,49638,14776,,,1,30,,49644,14776,,,1,69,,49654,14776,,,1,29,,49634,14776,,,1,70,,49639,14776,,,1,30,,49645,14776,,,1,70,,49655,14776,,,1,30,,49635,14776,,,1,70,,49640,14776,,,1,30,,49646,14776,,,1,71,,49656,14776,,,1,30,,49636,14776,,,1,71,,49641,14776,,,1,30,,49647,14776,,,1,69,,49630,14776,,,1,30,,49648,14776,,,1,70,,49642,14776,,,1,30,,49657,14776,,,1,72,,49631,14776,,,1,22,,49649,14776,,,1,106,,49658,14776,,,1,100,,49650,14776,,,1,100,,49659,14776,,,1,98,,49651,14776,,,1,100,,49660,14776,,,1,99,,49652,14776,,,1
8801,'F2',642,,49664,14776,,,1,70,,49663,14776,,,1,30,,49685,14776,,,1,69,,49676,14776,,,1,30,,49665,14776,,,1,70,,49689,14776,,,1,32,,49686,14776,,,1,67,,49677,14776,,,1,30,,49669,14776,,,1,69,,49690,14776,,,1,30,,49687,14776,,,1,71,,49678,14776,,,1,30,,49670,14776,,,1,71,,49682,14776,,,1,28,,49666,14776,,,1,71,,49679,14776,,,1,30,,49671,14776,,,1,70,,49683,14776,,,1,30,,49667,14776,,,1,70,,49661,14776,,,1,30,,49672,14776,,,1,71,,49684,14776,,,1,28,,49668,14776,,,1,72,,49662,14776,,,1,21,,49691,14776,,,1,109,,49680,14776,,,1,100,,49673,14776,,,1,100,,49681,14776,,,1,100,,49674,14776,,,1,95,,49688,14776,,,1,100,,49675,14776,,,1
8801,'F8',642,,37048,14776,,,1,70,,37047,14776,,,1,30,,37069,14776,,,1,69,,37060,14776,,,1,30,,37049,14776,,,1,70,,37073,14776,,,1,32,,37070,14776,,,1,67,,37061,14776,,,1,30,,37053,14776,,,1,69,,37074,14776,,,1,30,,37071,14776,,,1,71,,37062,14776,,,1,30,,37054,14776,,,1,71,,37066,14776,,,1,28,,37050,14776,,,1,71,,37063,14776,,,1,30,,37055,14776,,,1,70,,37067,14776,,,1,30,,37051,14776,,,1,70,,37045,14776,,,1,30,,37056,14776,,,1,71,,37068,14776,,,1,28,,37052,14776,,,1,72,,37046,14776,,,1,21,,37075,14776,,,1,109,,37064,14776,,,1,100,,37057,14776,,,1,100,,37065,14776,,,1,100,,37058,14776,,,1,95,,37072,14776,,,1,100,,37059,14776,,,1
8801,'F9',644,,37078,14776,,,1,70,,37083,14776,,,1,30,,37089,14776,,,1,70,,37099,14776,,,1,30,,37079,14776,,,1,70,,37084,14776,,,1,30,,37090,14776,,,1,69,,37100,14776,,,1,29,,37080,14776,,,1,70,,37085,14776,,,1,30,,37091,14776,,,1,70,,37101,14776,,,1,30,,37081,14776,,,1,70,,37086,14776,,,1,30,,37092,14776,,,1,71,,37102,14776,,,1,30,,37082,14776,,,1,71,,37087,14776,,,1,30,,37093,14776,,,1,69,,37076,14776,,,1,30,,37094,14776,,,1,70,,37088,14776,,,1,30,,37103,14776,,,1,72,,37077,14776,,,1,22,,37095,14776,,,1,106,,37104,14776,,,1,100,,37096,14776,,,1,100,,37105,14776,,,1,98,,37097,14776,,,1,100,,37106,14776,,,1,99,,37098,14776,,,1
8801,'SA',642,,37110,14776,,,1,70,,37109,14776,,,1,30,,37131,14776,,,1,69,,37122,14776,,,1,30,,37111,14776,,,1,70,,37134,14776,,,1,32,,37132,14776,,,1,67,,37123,14776,,,1,30,,37115,14776,,,1,69,,37135,14776,,,1,30,,37133,14776,,,1,71,,37124,14776,,,1,30,,37116,14776,,,1,71,,37128,14776,,,1,28,,37112,14776,,,1,71,,37125,14776,,,1,30,,37117,14776,,,1,70,,37129,14776,,,1,30,,37113,14776,,,1,70,,37107,14776,,,1,30,,37118,14776,,,1,71,,37130,14776,,,1,28,,37114,14776,,,1,72,,37108,14776,,,1,21,,37136,14776,,,1,109,,37126,14776,,,1,100,,37119,14776,,,1,100,,37127,14776,,,1,100,,37120,14776,,,1,95,,15458,14776,,,1,100,,37121,14776,,,1
8801,'SE',639,,49700,14776,,,1,20,,49692,14776,,,1,50,,49714,14776,,,1,14,,49719,14776,,,1,8,,49702,14776,,,1,15,,49721,14776,,,1,55,,49720,14776,,,1,10,,49693,14776,,,1,6,,49710,14776,,,1,18,,49718,14776,,,1,18,,49708,14776,,,1,60,,49732,14776,,,1,30,,49734,14776,,,1,70,,49733,14776,,,1,30,,49697,14776,,,1,70,,49727,14776,,,1,30,,49728,14776,,,1,70,,49694,14776,,,1,30,,49699,14776,,,1,70,,49703,14776,,,1,30,,49696,14776,,,1,70,,49695,14776,,,1,33,,49705,14776,,,1,69,,49701,14776,,,1,20,,49713,14776,,,1,20,,49730,14776,,,1,58,,49722,14776,,,1,12,,49704,14776,,,1,15,,49711,14776,,,1,60,,49715,14776,,,1,12,,49709,14776,,,1,15,,49698,14776,,,1,14,,49736,14776,,,1,16,,49735,14776,,,1,54,,49731,14776,,,1,16,,49723,14776,,,1,17,,49712,14776,,,1,67,,49716,14776,,,1,32,,49737,14776,,,1,70,,49706,14776,,,1,27,,49729,14776,,,1,70,,49717,14776,,,1,30,,49707,14776,,,1,101,,49724,14776,,,1,98,,49726,14776,,,1,100,,49725,14776,,,1
