2201,'SE',528,,56051,194,,,2,92,,56052,194,,,2,25,,56050,194,,,2,70,,56054,194,,,2,30,,56053,194,,,2,908,,56055,194,,,2,80,,56056,194,,,2,20,,56057,194,,,2
6100,'DI',714,,58301,10940,,,2,89,,58305,10940,,,2,30,,58302,10940,,,2,70,,58308,10940,,,2,30,,58306,10940,,,2,70,,58303,10940,,,2,30,,58309,10940,,,2,70,,58311,10940,,,2,30,,58316,10940,,,2,70,,58321,10940,,,2,30,,58312,10940,,,2,70,,58317,10940,,,2,30,,58322,10940,,,2,70,,58313,10940,,,2,30,,58318,10940,,,2,70,,58324,10940,,,2,30,,58314,10940,,,2,74,,58319,10940,,,2,21,,58325,10940,,,2,75,,58328,10940,,,2,20,,58332,10940,,,2,80,,58326,10940,,,2,25,,58329,10940,,,2,30,,58333,10940,,,2,85,,58330,10940,,,2,100,,58334,10940,,,2,100,,58336,10940,,,2,100,,58338,10940,,,2,100,,58340,10940,,,2,100,,58341,10940,,,2
6100,'F1',714,,58342,10940,,,2,89,,58346,10940,,,2,30,,58343,10940,,,2,70,,58349,10940,,,2,30,,58347,10940,,,2,70,,58344,10940,,,2,30,,58350,10940,,,2,70,,58352,10940,,,2,30,,58357,10940,,,2,70,,58362,10940,,,2,30,,58353,10940,,,2,70,,58358,10940,,,2,30,,58363,10940,,,2,70,,58354,10940,,,2,30,,58359,10940,,,2,70,,58365,10940,,,2,30,,58355,10940,,,2,74,,58360,10940,,,2,21,,58366,10940,,,2,75,,58369,10940,,,2,20,,58373,10940,,,2,80,,58367,10940,,,2,25,,58370,10940,,,2,30,,58374,10940,,,2,85,,58371,10940,,,2,100,,58375,10940,,,2,100,,58377,10940,,,2,100,,58379,10940,,,2,100,,58381,10940,,,2,100,,58382,10940,,,2
6100,'F2',714,,58383,10940,,,2,89,,58387,10940,,,2,30,,58384,10940,,,2,70,,58390,10940,,,2,30,,58388,10940,,,2,70,,58385,10940,,,2,30,,58391,10940,,,2,70,,58393,10940,,,2,30,,58398,10940,,,2,70,,58401,10940,,,2,30,,58394,10940,,,2,70,,58399,10940,,,2,30,,58402,10940,,,2,70,,58395,10940,,,2,30,,58404,10940,,,2,70,,58409,10940,,,2,30,,58396,10940,,,2,74,,58405,10940,,,2,21,,58410,10940,,,2,75,,58413,10940,,,2,20,,58406,10940,,,2,80,,58411,10940,,,2,25,,58414,10940,,,2,30,,58407,10940,,,2,85,,58416,10940,,,2,100,,58419,10940,,,2,100,,58417,10940,,,2,100,,58421,10940,,,2,100,,58420,10940,,,2,100,,58422,10940,,,2
6100,'SA',714,,58423,10940,,,2,89,,58427,10940,,,2,30,,58424,10940,,,2,70,,58430,10940,,,2,30,,58428,10940,,,2,70,,58425,10940,,,2,30,,58431,10940,,,2,70,,58433,10940,,,2,30,,58438,10940,,,2,70,,58441,10940,,,2,30,,58434,10940,,,2,70,,58439,10940,,,2,30,,58442,10940,,,2,70,,58435,10940,,,2,30,,58444,10940,,,2,70,,58449,10940,,,2,30,,58436,10940,,,2,74,,58445,10940,,,2,21,,58450,10940,,,2,75,,58453,10940,,,2,20,,58446,10940,,,2,80,,58451,10940,,,2,25,,58454,10940,,,2,30,,58447,10940,,,2,85,,58456,10940,,,2,100,,58459,10940,,,2,100,,58457,10940,,,2,100,,58461,10940,,,2,100,,58460,10940,,,2,100,,58462,10940,,,2
6100,'SE',623,,58465,10940,,,2,28,,58463,10940,,,2,66,,58472,10940,,,2,9,,58477,10940,,,2,19,,58469,10940,,,2,66,,58466,10940,,,2,23,,58474,10940,,,2,15,,58479,10940,,,2,76,,58470,10940,,,2,30,,58467,10940,,,2,70,,58475,10940,,,2,31,,58519,10940,,,2,70,,58473,10940,,,2,30,,58480,10940,,,2,70,,58484,10940,,,2,30,,58481,10940,,,2,70,,58482,10940,,,2,33,,58486,10940,,,2,61,,58489,10940,,,2,27,,58494,10940,,,2,63,,58483,10940,,,2,20,,58485,10940,,,2,23,,58497,10940,,,2,4,,58500,10940,,,2,65,,58490,10940,,,2,7,,58492,10940,,,2,14,,58501,10940,,,2,13,,58502,10940,,,2,54,,58487,10940,,,2,15,,58506,10940,,,2,6,,58509,10940,,,2,18,,58498,10940,,,2,54,,58495,10940,,,2,24,,58511,10940,,,2,24,,58503,10940,,,2,68,,58514,10940,,,2,30,,58517,10940,,,2,70,,58507,10940,,,2,30,,58510,10940,,,2,70,,58518,10940,,,2,30,,58504,10940,,,2,68,,58515,10940,,,2,30,,58512,10940,,,2,69,,58508,10940,,,2,30,,58516,10940,,,2,70,,58513,10940,,,2
6101,'DI',727,,58524,13450,,,2,30,,58521,13450,,,2,72,,58527,13450,,,2,17,,58525,13450,,,2,70,,58522,13450,,,2,30,,58528,13450,,,2,70,,58526,13450,,,2,30,,58523,13450,,,2,70,,58529,13450,,,2,30,,58530,13450,,,2,70,,58534,13450,,,2,30,,58538,13450,,,2,70,,58531,13450,,,2,30,,58535,13450,,,2,70,,58539,13450,,,2,30,,58532,13450,,,2,70,,58536,13450,,,2,30,,58540,13450,,,2,70,,58533,13450,,,2,34,,58537,13450,,,2,61,,58541,13450,,,2,35,,58543,13450,,,2,60,,58546,13450,,,2,40,,58542,13450,,,2,65,,58544,13450,,,2,30,,58547,13450,,,2,85,,58545,13450,,,2,100,,58548,13450,,,2,100,,58549,13450,,,2,100,,58550,13450,,,2
6101,'F1',727,,58556,13450,,,2,30,,58553,13450,,,2,72,,58559,13450,,,2,17,,58557,13450,,,2,70,,58554,13450,,,2,30,,58560,13450,,,2,70,,58558,13450,,,2,30,,58555,13450,,,2,70,,58561,13450,,,2,30,,58562,13450,,,2,70,,58566,13450,,,2,30,,58570,13450,,,2,70,,58563,13450,,,2,30,,58567,13450,,,2,70,,58571,13450,,,2,30,,58564,13450,,,2,70,,58568,13450,,,2,30,,58572,13450,,,2,70,,58565,13450,,,2,34,,58569,13450,,,2,61,,58573,13450,,,2,35,,58575,13450,,,2,60,,58578,13450,,,2,40,,58574,13450,,,2,65,,58576,13450,,,2,30,,58579,13450,,,2,85,,58577,13450,,,2,100,,58580,13450,,,2,100,,58581,13450,,,2,100,,58582,13450,,,2
6101,'F2',727,,58588,13450,,,2,30,,58585,13450,,,2,72,,58591,13450,,,2,17,,58589,13450,,,2,70,,58586,13450,,,2,30,,58592,13450,,,2,70,,58590,13450,,,2,30,,58587,13450,,,2,70,,58593,13450,,,2,30,,58594,13450,,,2,70,,58598,13450,,,2,30,,58600,13450,,,2,70,,58595,13450,,,2,30,,58599,13450,,,2,70,,58601,13450,,,2,30,,58596,13450,,,2,70,,58602,13450,,,2,30,,58606,13450,,,2,70,,58597,13450,,,2,34,,58603,13450,,,2,61,,58607,13450,,,2,35,,58609,13450,,,2,60,,58604,13450,,,2,40,,58608,13450,,,2,65,,58610,13450,,,2,30,,58605,13450,,,2,85,,58611,13450,,,2,100,,58613,13450,,,2,100,,58612,13450,,,2,100,,58615,13450,,,2
6101,'SA',727,,58620,13450,,,2,30,,58617,13450,,,2,72,,58623,13450,,,2,17,,58621,13450,,,2,70,,58618,13450,,,2,30,,58624,13450,,,2,70,,58622,13450,,,2,30,,58619,13450,,,2,70,,58625,13450,,,2,30,,58626,13450,,,2,70,,58630,13450,,,2,30,,58632,13450,,,2,70,,58627,13450,,,2,30,,58631,13450,,,2,70,,58633,13450,,,2,30,,58628,13450,,,2,70,,58634,13450,,,2,30,,58638,13450,,,2,70,,58629,13450,,,2,34,,58635,13450,,,2,61,,58639,13450,,,2,35,,58641,13450,,,2,60,,58636,13450,,,2,40,,58640,13450,,,2,65,,58642,13450,,,2,30,,58637,13450,,,2,85,,58643,13450,,,2,100,,58645,13450,,,2,100,,58644,13450,,,2,100,,58647,13450,,,2
6101,'SE',607,,58698,13450,,,2,30,,58700,13450,,,2,10,,58653,13450,,,2,57,,58656,13450,,,2,9,,58650,13450,,,2,14,,58659,13450,,,2,14,,58649,13450,,,2,7,,58663,13450,,,2,56,,58657,13450,,,2,9,,58662,13450,,,2,19,,58654,13450,,,2,24,,58651,13450,,,2,62,,58660,13450,,,2,15,,58664,13450,,,2,76,,58655,13450,,,2,30,,58652,13450,,,2,70,,58661,13450,,,2,32,,58699,13450,,,2,70,,58658,13450,,,2,30,,58665,13450,,,2,72,,58669,13450,,,2,30,,58666,13450,,,2,70,,58667,13450,,,2,33,,58671,13450,,,2,61,,58673,13450,,,2,27,,58676,13450,,,2,23,,58668,13450,,,2,60,,58670,13450,,,2,24,,58678,13450,,,2,4,,58680,13450,,,2,65,,58674,13450,,,2,7,,58675,13450,,,2,14,,58681,13450,,,2,13,,58682,13450,,,2,14,,58672,13450,,,2,54,,58685,13450,,,2,6,,58688,13450,,,2,14,,58679,13450,,,2,14,,58677,13450,,,2,64,,58690,13450,,,2,24,,58683,13450,,,2,68,,58693,13450,,,2,28,,58696,13450,,,2,70,,58686,13450,,,2,29,,58689,13450,,,2,29,,58697,13450,,,2,70,,58684,13450,,,2,29,,58694,13450,,,2,70,,58691,13450,,,2
12001,'SE',559,,61742,194,,,2,71,,61737,194,,,2,26,,61734,194,,,2,77,,61738,194,,,2,69,,61733,194,,,2,32,,61739,194,,,2,795,,61741,194,,,2,72,,61736,194,,,2,36,,61735,194,,,2,22,,61732,194,,,2,69,,61740,194,,,2
16100,'DI',623,,38650,14086,,,2,1132,,62339,14086,,,2
16100,'F1',623,,50332,14086,,,2,1132,,62350,14086,,,2
16100,'F2',623,,62363,14086,,,2,1102,,62362,14086,,,2
16100,'SA',623,,62376,14086,,,2,1102,,62375,14086,,,2
16100,'SE',703,,62391,13975,,,2,25,,62390,13975,,,2,25,,62389,13975,,,2,462,,62392,14086,,,2,389,,62393,14086,,,2,41,,62394,14086,,,2,80,,62396,14086,,,2,100,,62395,14086,,,2
16101,'DI',601,,62407,4916,,,2,30,,62404,194,,,2,70,,62398,194,,,2,30,,38765,194,,,2,70,,62402,194,,,2,30,,62401,194,,,2,70,,62399,194,,,2,702,,62403,194,,,2,28,,62406,194,,,2,72,,62405,194,,,2,30,,62408,4916,,,2,70,,62397,194,,,2,32,,62400,194,,,2
16101,'F1',601,,62419,4916,,,2,30,,62416,194,,,2,70,,62410,194,,,2,30,,50376,194,,,2,70,,62414,194,,,2,30,,62413,194,,,2,70,,62411,194,,,2,702,,62415,194,,,2,28,,62418,194,,,2,72,,62417,194,,,2,30,,62420,4916,,,2,70,,62409,194,,,2,32,,62412,194,,,2
16101,'F2',601,,62433,4916,,,2,30,,62430,194,,,2,70,,62422,194,,,2,30,,62425,194,,,2,70,,62431,194,,,2,30,,62426,194,,,2,70,,62427,194,,,2,700,,62428,194,,,2,31,,62424,194,,,2,71,,62429,194,,,2,30,,62432,4916,,,2,71,,62421,194,,,2,31,,62423,194,,,2
16101,'SA',601,,62446,4916,,,2,30,,62443,194,,,2,70,,62435,194,,,2,30,,62438,194,,,2,70,,62444,194,,,2,30,,62439,194,,,2,70,,62440,194,,,2,700,,62441,194,,,2,31,,62437,194,,,2,71,,62442,194,,,2,30,,62445,4916,,,2,71,,62434,194,,,2,31,,62436,194,,,2
16101,'SE',556,,62453,194,,,2,60,,62452,194,,,2,22,,62463,4916,,,2,20,,62450,194,,,2,53,,62462,4916,,,2,17,,62455,194,,,2,16,,62464,4916,,,2,56,,62449,194,,,2,23,,62454,194,,,2,21,,62447,194,,,2,57,,62459,194,,,2,20,,62448,194,,,2,325,,62460,4916,,,2,372,,62461,4916,,,2,14,,62451,194,,,2,22,,62465,4916,,,2,59,,62458,194,,,2,19,,62466,4916,,,2,21,,62457,194,,,2,60,,62456,194,,,2
18501,'SE',1549,,62525,3390,,,2,61,,62524,3390,,,2,44,,62526,3390,,,2,65,,62523,3390,,,2
