3800,'DI',704,,57046,8111,,,1,100,,57049,8111,,,1,100,,57040,8111,,,1,101,,57053,8111,,,1,96,,57051,8111,,,1,100,,57055,8111,,,1,103,,57043,8111,,,1,100,,57050,8111,,,1,100,,57047,8111,,,1,101,,57054,8111,,,1,104,,57041,8111,,,1,101,,57048,8111,,,1,97,,57056,8111,,,1,100,,57044,8111,,,1,99,,57052,8111,,,1,101,,57057,8111,,,1,100,,57042,8111,,,1,100,,57045,8111,,,1
3800,'F1',704,,57064,8111,,,1,100,,57067,8111,,,1,100,,57058,8111,,,1,101,,57071,8111,,,1,96,,57069,8111,,,1,100,,57073,8111,,,1,103,,57061,8111,,,1,100,,57068,8111,,,1,100,,57065,8111,,,1,101,,57072,8111,,,1,104,,57059,8111,,,1,101,,57066,8111,,,1,97,,57074,8111,,,1,100,,57062,8111,,,1,99,,57070,8111,,,1,101,,57075,8111,,,1,100,,57060,8111,,,1,100,,57063,8111,,,1
3800,'F2',604,,57080,8111,,,1,100,,57083,8111,,,1,100,,57087,8111,,,1,100,,57077,8111,,,1,100,,57091,8111,,,1,100,,57078,8111,,,1,100,,57084,8111,,,1,104,,57093,8111,,,1,100,,57079,8111,,,1,100,,57088,8111,,,1,102,,57092,8111,,,1,100,,57089,8111,,,1,100,,57076,8111,,,1,97,,57094,8111,,,1,100,,57085,8111,,,1,99,,57081,8111,,,1,100,,57082,8111,,,1,101,,57090,8111,,,1,99,,57086,8111,,,1
3800,'SA',604,,57099,8111,,,1,100,,57102,8111,,,1,100,,57106,8111,,,1,100,,57096,8111,,,1,100,,57110,8111,,,1,100,,57097,8111,,,1,100,,57103,8111,,,1,104,,57112,8111,,,1,100,,57098,8111,,,1,100,,57107,8111,,,1,102,,57111,8111,,,1,100,,57108,8111,,,1,100,,57095,8111,,,1,97,,57113,8111,,,1,100,,57104,8111,,,1,99,,57100,8111,,,1,100,,57101,8111,,,1,101,,57109,8111,,,1,99,,57105,8111,,,1
3800,'SE',619,,57120,8111,,,1,21,,57122,8111,,,1,18,,57125,8111,,,1,58,,57126,8111,,,1,24,,57127,8111,,,1,12,,57128,8111,,,1,60,,57129,8111,,,1,24,,57119,8111,,,1,69,,57131,8111,,,1,18,,57133,8111,,,1,17,,57137,8111,,,1,70,,57134,8111,,,1,45,,57138,8111,,,1,100,,57115,8111,,,1,100,,57123,8111,,,1,102,,57139,8111,,,1,93,,57114,8111,,,1,67,,57116,8111,,,1,33,,57118,8111,,,1,70,,57124,8111,,,1,30,,57141,8111,,,1,72,,57130,8111,,,1,26,,57140,8111,,,1,65,,57142,8111,,,1,94,,57143,8111,,,1,100,,57136,8111,,,1,99,,57121,8111,,,1,99,,57132,8111,,,1,100,,57135,8111,,,1,100,,57117,8111,,,1
4201,'DI',557,,57375,8274,,,1,100,,57376,8274,,,1,100,,57377,8274,,,1,100,,57378,8274,,,1,100,,57379,8274,,,1,100,,57380,8274,,,1,100,,57381,8274,,,1,100,,57382,8274,,,1,100,,57383,8274,,,1,100,,57384,8274,,,1,100,,57385,8274,,,1,100,,57386,8274,,,1,100,,57387,8274,,,1,100,,57388,8274,,,1,99,,57389,8274,,,1,100,,57390,8274,,,1,100,,57391,8274,,,1,100,,57392,8274,,,1,100,,57393,8274,,,1,100,,57394,8274,,,1
4201,'F1',557,,57395,8274,,,1,100,,57396,8274,,,1,100,,57397,8274,,,1,100,,57398,8274,,,1,100,,57399,8274,,,1,100,,57400,8274,,,1,100,,57401,8274,,,1,100,,57402,8274,,,1,100,,57403,8274,,,1,100,,57404,8274,,,1,100,,57405,8274,,,1,100,,57406,8274,,,1,100,,57407,8274,,,1,100,,57408,8274,,,1,99,,57409,8274,,,1,100,,57410,8274,,,1,100,,57411,8274,,,1,100,,57412,8274,,,1,100,,57413,8274,,,1,100,,57414,8274,,,1
4201,'F2',557,,57415,8274,,,1,100,,57416,8274,,,1,100,,57417,8274,,,1,100,,57418,8274,,,1,100,,57419,8274,,,1,100,,57420,8274,,,1,100,,57421,8274,,,1,100,,57422,8274,,,1,100,,57423,8274,,,1,100,,57424,8274,,,1,100,,57425,8274,,,1,100,,57426,8274,,,1,100,,57427,8274,,,1,100,,57428,8274,,,1,99,,57429,8274,,,1,100,,57430,8274,,,1,100,,57431,8274,,,1,100,,57432,8274,,,1,100,,57433,8274,,,1,100,,57434,8274,,,1
4201,'SA',557,,57435,8274,,,1,100,,57436,8274,,,1,100,,57437,8274,,,1,100,,57438,8274,,,1,100,,57439,8274,,,1,100,,57440,8274,,,1,100,,57441,8274,,,1,100,,57442,8274,,,1,100,,57443,8274,,,1,100,,57444,8274,,,1,100,,57445,8274,,,1,100,,57446,8274,,,1,100,,57447,8274,,,1,100,,57448,8274,,,1,99,,57449,8274,,,1,100,,57450,8274,,,1,100,,57451,8274,,,1,100,,57452,8274,,,1,100,,57453,8274,,,1,100,,57454,8274,,,1
4201,'SE',527,,57463,8274,,,1,20,,57488,8274,,,1,70,,57470,8274,,,1,21,,57487,8274,,,1,14,,57465,8274,,,1,54,,57474,8274,,,1,14,,57471,8274,,,1,14,,57475,8274,,,1,14,,57483,8274,,,1,54,,57469,8274,,,1,23,,57472,8274,,,1,34,,57499,8274,,,1,77,,57495,8274,,,1,70,,57500,8274,,,1,30,,57473,8274,,,1,70,,57466,8274,,,1,30,,57467,8274,,,1,70,,57462,8274,,,1,30,,57486,8274,,,1,70,,57458,8274,,,1,30,,57455,8274,,,1,70,,57496,8274,,,1,30,,57464,8274,,,1,70,,57461,8274,,,1,4,,57468,8274,,,1,2,,57489,8274,,,1,2,,57484,8274,,,1,22,,57459,8274,,,1,70,,57476,8274,,,1,30,,57498,8274,,,1,68,,57456,8274,,,1,24,,57485,8274,,,1,17,,57460,8274,,,1,67,,57497,8274,,,1,29,,57457,8274,,,1,65,,57492,8274,,,1,35,,57477,8274,,,1,70,,57493,8274,,,1,30,,57478,8274,,,1,70,,57494,8274,,,1,29,,57479,8274,,,1,69,,57490,8274,,,1,30,,57480,8274,,,1,70,,57491,8274,,,1,50,,57481,8274,,,1,100,,57482,8274,,,1
5001,'DI',703,,58111,10301,,,2,102,,58105,10301,,,2,100,,58106,10301,,,2,100,,58112,10301,,,2,103,,58113,10301,,,2,94,,58107,10301,,,2,103,,58108,10301,,,2,103,,58109,10301,,,2,97,,58097,10301,,,2,96,,58099,10301,,,2,103,,58100,10301,,,2,106,,58101,10301,,,2,95,,58114,10301,,,2,100,,58110,10301,,,2,100,,58104,10301,,,2,100,,58102,10301,,,2,100,,58116,10301,,,2,100,,58103,10301,,,2,100,,58098,10301,,,2
5001,'F1',703,,58131,10301,,,2,102,,58125,10301,,,2,100,,58126,10301,,,2,100,,58132,10301,,,2,103,,58133,10301,,,2,94,,58127,10301,,,2,103,,58128,10301,,,2,103,,58129,10301,,,2,97,,58117,10301,,,2,96,,58119,10301,,,2,103,,58120,10301,,,2,106,,58121,10301,,,2,95,,58134,10301,,,2,100,,58130,10301,,,2,100,,58124,10301,,,2,100,,58122,10301,,,2,100,,58136,10301,,,2,100,,58123,10301,,,2,100,,58118,10301,,,2
5001,'F2',705,,58137,10301,,,2,98,,58141,10301,,,2,102,,58143,10301,,,2,97,,58151,10301,,,2,103,,58148,10301,,,2,96,,58152,10301,,,2,102,,58138,10301,,,2,98,,58142,10301,,,2,99,,47449,10301,,,2,103,,58153,10301,,,2,103,,58154,10301,,,2,103,,58155,10301,,,2,96,,58139,10301,,,2,100,,58145,10301,,,2,100,,58144,10301,,,2,100,,58146,10301,,,2,97,,58149,10301,,,2,103,,58150,10301,,,2,101,,58140,10301,,,2
5001,'SA',705,,58156,10301,,,2,98,,58160,10301,,,2,102,,58162,10301,,,2,97,,58170,10301,,,2,103,,58167,10301,,,2,96,,58171,10301,,,2,102,,58157,10301,,,2,98,,58161,10301,,,2,99,,31554,10301,,,2,103,,58172,10301,,,2,103,,58173,10301,,,2,103,,58174,10301,,,2,96,,58158,10301,,,2,100,,58164,10301,,,2,100,,58163,10301,,,2,100,,58165,10301,,,2,97,,58168,10301,,,2,103,,58169,10301,,,2,101,,58159,10301,,,2
5001,'SE',556,,58198,10301,,,2,70,,58182,10301,,,2,30,,58177,10301,,,2,72,,58194,10301,,,2,30,,58187,10301,,,2,70,,58180,10301,,,2,30,,58186,10301,,,2,70,,58181,10301,,,2,27,,58178,10301,,,2,100,,58201,10301,,,2,100,,58193,10301,,,2,100,,58176,10301,,,2,100,,58183,10301,,,2,99,,58190,10301,,,2,102,,58184,10301,,,2,68,,58188,10301,,,2,33,,47488,10301,,,2,74,,58189,10301,,,2,26,,58191,10301,,,2,70,,58179,10301,,,2,30,,58196,10301,,,2,98,,58192,10301,,,2,100,,58195,10301,,,2,100,,58197,10301,,,2,100,,58185,10301,,,2,100,,58175,10301,,,2,100,,58202,10301,,,2
6001,'SE',602,,58285,9646,,,1,22,,58279,9646,,,1,21,,58280,9646,,,1,68,,58286,9646,,,1,29,,58275,9646,,,1,68,,58283,9646,,,1,26,,58287,9646,,,1,13,,58297,9646,,,1,72,,58284,9646,,,1,100,,58276,9646,,,1,100,,58296,9646,,,1,100,,58281,9646,,,1,101,,58277,9646,,,1,100,,58282,9646,,,1,101,,58298,9646,,,1,99,,58288,9646,,,1,30,,58294,9646,,,1,67,,58278,9646,,,1,24,,58291,9646,,,1,67,,58290,9646,,,1,29,,58289,9646,,,1,69,,58292,9646,,,1,48,,58274,9646,,,1,100,,58299,9646,,,1,99,,58300,9646,,,1,100,,58293,9646,,,1,95,,58295,9646,,,1
16001,'DI',618,,62247,16040,,,1,99,,62248,16040,,,1,100,,62245,16040,,,1,100,,62252,16040,,,1,100,,62244,16040,,,1,100,,62238,16040,,,1,100,,62241,16040,,,1,100,,62249,16040,,,1,100,,62242,16040,,,1,100,,62253,16040,,,1,100,,62243,16040,,,1,100,,62246,16040,,,1,100,,62239,16040,,,1,100,,62250,16040,,,1,100,,62254,16040,,,1,103,,62240,16040,,,1,97,,62251,16040,,,1
16001,'F1',618,,62264,16040,,,1,99,,62265,16040,,,1,100,,62262,16040,,,1,100,,62269,16040,,,1,100,,62261,16040,,,1,100,,62255,16040,,,1,100,,62258,16040,,,1,100,,62266,16040,,,1,100,,62259,16040,,,1,100,,62270,16040,,,1,100,,62260,16040,,,1,100,,62263,16040,,,1,100,,62256,16040,,,1,100,,62267,16040,,,1,100,,62271,16040,,,1,103,,62257,16040,,,1,97,,62268,16040,,,1
16001,'F2',619,,62281,16040,,,1,99,,62272,16040,,,1,99,,62285,16040,,,1,100,,62273,16040,,,1,99,,62286,16040,,,1,101,,50278,16040,,,1,100,,62278,16040,,,1,100,,62282,16040,,,1,100,,62279,16040,,,1,100,,62276,16040,,,1,100,,62287,16040,,,1,100,,62277,16040,,,1,100,,62274,16040,,,1,101,,62283,16040,,,1,99,,62280,16040,,,1,103,,62275,16040,,,1,97,,62284,16040,,,1
16001,'SA',619,,62297,16040,,,1,99,,62288,16040,,,1,99,,62301,16040,,,1,100,,62289,16040,,,1,99,,62302,16040,,,1,101,,38598,16040,,,1,100,,62294,16040,,,1,100,,62298,16040,,,1,100,,62295,16040,,,1,100,,62292,16040,,,1,100,,62303,16040,,,1,100,,62293,16040,,,1,100,,62290,16040,,,1,101,,62299,16040,,,1,99,,62296,16040,,,1,103,,62291,16040,,,1,97,,62300,16040,,,1
16001,'SE',631,,62311,16040,,,1,28,,62320,16040,,,1,68,,62312,16040,,,1,29,,62313,16040,,,1,62,,62304,16040,,,1,23,,62322,16040,,,1,67,,62309,16040,,,1,43,,62305,16040,,,1,99,,62308,16040,,,1,93,,62321,16040,,,1,100,,62319,16040,,,1,100,,62314,16040,,,1,100,,62306,16040,,,1,99,,62323,16040,,,1,92,,62310,16040,,,1,97,,62324,16040,,,1,70,,62328,16040,,,1,27,,62326,16040,,,1,25,,62325,16040,,,1,65,,62315,16040,,,1,99,,62327,16040,,,1,100,,62307,16040,,,1,101,,62316,16040,,,1,100,,62318,16040,,,1,90,,62317,16040,,,1
54200,'SE',1640,,63454,7230,,,2
