5001,'DI',641,,58111,920,,,2,102,,58105,920,,,2,100,,58106,920,,,2,100,,58112,920,,,2,103,,58113,920,,,2,94,,58107,920,,,2,103,,58108,920,,,2,103,,58109,920,,,2,97,,58097,920,,,2,96,,58099,920,,,2,103,,58100,920,,,2,106,,58101,920,,,2,95,,58114,920,,,2,100,,58110,920,,,2,100,,58104,920,,,2,100,,58102,920,,,2,100,,58116,920,,,2,100,,58103,920,,,2,100,,58098,920,,,2,100,,58115,920,,,2
5001,'F1',641,,58131,920,,,2,102,,58125,920,,,2,100,,58126,920,,,2,100,,58132,920,,,2,103,,58133,920,,,2,94,,58127,920,,,2,103,,58128,920,,,2,103,,58129,920,,,2,97,,58117,920,,,2,96,,58119,920,,,2,103,,58120,920,,,2,106,,58121,920,,,2,95,,58134,920,,,2,100,,58130,920,,,2,100,,58124,920,,,2,100,,58122,920,,,2,100,,58136,920,,,2,100,,58123,920,,,2,100,,58118,920,,,2,100,,58135,920,,,2
5001,'F2',643,,58137,920,,,2,98,,58141,920,,,2,102,,58143,920,,,2,97,,58151,920,,,2,103,,58148,920,,,2,96,,58152,920,,,2,102,,58138,920,,,2,98,,58142,920,,,2,99,,47449,920,,,2,103,,58153,920,,,2,103,,58154,920,,,2,103,,58155,920,,,2,96,,58139,920,,,2,100,,58145,920,,,2,100,,58144,920,,,2,100,,58146,920,,,2,97,,58149,920,,,2,103,,58150,920,,,2,101,,58140,920,,,2,99,,58147,920,,,2
5001,'SA',643,,58156,920,,,2,98,,58160,920,,,2,102,,58162,920,,,2,97,,58170,920,,,2,103,,58167,920,,,2,96,,58171,920,,,2,102,,58157,920,,,2,98,,58161,920,,,2,99,,31554,920,,,2,103,,58172,920,,,2,103,,58173,920,,,2,103,,58174,920,,,2,96,,58158,920,,,2,100,,58164,920,,,2,100,,58163,920,,,2,100,,58165,920,,,2,97,,58168,920,,,2,103,,58169,920,,,2,101,,58159,920,,,2,99,,58166,920,,,2
5001,'SE',533,,58198,920,,,2,70,,58182,920,,,2,30,,58177,920,,,2,70,,58194,920,,,2,30,,58187,920,,,2,70,,58180,920,,,2,30,,58186,920,,,2,73,,58181,920,,,2,27,,58178,920,,,2,100,,58201,920,,,2,100,,58193,920,,,2,100,,58176,920,,,2,100,,58183,920,,,2,99,,58190,920,,,2,102,,58184,920,,,2,68,,58188,920,,,2,33,,47488,920,,,2,74,,58189,920,,,2,26,,58191,920,,,2,70,,58179,920,,,2,30,,58196,920,,,2,68,,58199,920,,,2,30,,58192,920,,,2,100,,58195,920,,,2,100,,58197,920,,,2,100,,58185,920,,,2,100,,58175,920,,,2,100,,58202,920,,,2,100,,58200,920,,,2
6001,'SE',548,,58285,4022,,,1,62,,58279,4022,,,1,21,,58280,4022,,,1,28,,58286,4022,,,1,68,,58275,4022,,,1,28,,58283,4022,,,1,66,,58287,4022,,,1,14,,58297,4022,,,1,73,,58284,4022,,,1,100,,58276,4022,,,1,100,,58296,4022,,,1,100,,58281,4022,,,1,101,,58277,4022,,,1,100,,58282,4022,,,1,101,,58298,4022,,,1,99,,58288,4022,,,1,30,,58294,4022,,,1,67,,58278,4022,,,1,24,,58291,4022,,,1,27,,58290,4022,,,1,69,,58289,4022,,,1,30,,58292,4022,,,1,88,,58274,4022,,,1,100,,58299,4022,,,1,100,,58300,4022,,,1,100,,58293,4022,,,1,95,,58295,4022,,,1
16001,'DI',605,,62247,10416,,,1,99,,62248,10416,,,1,100,,62245,10416,,,1,100,,62252,10416,,,1,100,,62244,10416,,,1,100,,62238,10416,,,1,100,,62241,10416,,,1,100,,62249,10416,,,1,100,,62242,10416,,,1,100,,62253,10416,,,1,100,,62243,10416,,,1,100,,62246,10416,,,1,100,,62239,10416,,,1,100,,62250,10416,,,1,100,,62254,10416,,,1,103,,62240,10416,,,1,97,,62251,10416,,,1
16001,'F1',605,,62264,10416,,,1,99,,62265,10416,,,1,100,,62262,10416,,,1,100,,62269,10416,,,1,100,,62261,10416,,,1,100,,62255,10416,,,1,100,,62258,10416,,,1,100,,62266,10416,,,1,100,,62259,10416,,,1,100,,62270,10416,,,1,100,,62260,10416,,,1,100,,62263,10416,,,1,100,,62256,10416,,,1,100,,62267,10416,,,1,100,,62271,10416,,,1,103,,62257,10416,,,1,97,,62268,10416,,,1
16001,'F2',606,,62281,10416,,,1,99,,62272,10416,,,1,99,,62285,10416,,,1,100,,62273,10416,,,1,99,,62286,10416,,,1,101,,50278,10416,,,1,100,,62278,10416,,,1,100,,62282,10416,,,1,100,,62279,10416,,,1,100,,62276,10416,,,1,100,,62287,10416,,,1,100,,62277,10416,,,1,100,,62274,10416,,,1,101,,62283,10416,,,1,99,,62280,10416,,,1,103,,62275,10416,,,1,97,,62284,10416,,,1
16001,'SA',606,,62297,10416,,,1,99,,62288,10416,,,1,99,,62301,10416,,,1,100,,62289,10416,,,1,99,,62302,10416,,,1,101,,38598,10416,,,1,100,,62294,10416,,,1,100,,62298,10416,,,1,100,,62295,10416,,,1,100,,62292,10416,,,1,100,,62303,10416,,,1,100,,62293,10416,,,1,100,,62290,10416,,,1,101,,62299,10416,,,1,99,,62296,10416,,,1,103,,62291,10416,,,1,97,,62300,10416,,,1
16001,'SE',617,,62311,10416,,,1,28,,62320,10416,,,1,68,,62312,10416,,,1,28,,62313,10416,,,1,63,,62304,10416,,,1,23,,62322,10416,,,1,28,,62309,10416,,,1,83,,62305,10416,,,1,98,,62308,10416,,,1,93,,62321,10416,,,1,100,,62319,10416,,,1,100,,62314,10416,,,1,100,,62306,10416,,,1,99,,62323,10416,,,1,93,,62310,10416,,,1,97,,62324,10416,,,1,30,,62328,10416,,,1,67,,62326,10416,,,1,25,,62325,10416,,,1,66,,62315,10416,,,1,99,,62327,10416,,,1,100,,62307,10416,,,1,101,,62316,10416,,,1,100,,62318,10416,,,1,50,,62317,10416,,,1
