600,'DI',630,,53007,2175,,,1,70,,53012,2175,,,1,30,,53004,2175,,,1,71,,53019,2175,,,1,30,,53025,2175,,,1,70,,52999,2175,,,1,31,,53013,2175,,,1,70,,53029,2175,,,1,30,,53008,2175,,,1,69,,53005,2175,,,1,31,,53000,2175,,,1,69,,53026,2175,,,1,30,,53021,2175,,,1,74,,53020,2175,,,1,29,,52998,2175,,,1,70,,53016,2175,,,1,27,,53027,2175,,,1,73,,53001,2175,,,1,30,,53010,2175,,,1,69,,53014,2175,,,1,31,,53017,2175,,,1,67,,53011,2175,,,1,30,,53015,2175,,,1,70,,53023,2175,,,1,29,,53006,2175,,,1,71,,53018,2175,,,1,104,,53009,2175,,,1,100,,53022,2175,,,1,100,,53002,2175,,,1,100,,53028,2175,,,1,100,,53024,2175,,,1,100,,53003,2175,,,1
600,'F1',630,,53039,2175,,,1,70,,53044,2175,,,1,30,,53036,2175,,,1,71,,53051,2175,,,1,30,,53057,2175,,,1,70,,53031,2175,,,1,31,,53045,2175,,,1,70,,53061,2175,,,1,30,,53040,2175,,,1,69,,53037,2175,,,1,31,,53032,2175,,,1,69,,53058,2175,,,1,30,,53053,2175,,,1,74,,53052,2175,,,1,29,,53030,2175,,,1,70,,53048,2175,,,1,27,,53059,2175,,,1,73,,53033,2175,,,1,30,,53042,2175,,,1,69,,53046,2175,,,1,31,,53049,2175,,,1,67,,53043,2175,,,1,30,,53047,2175,,,1,70,,53055,2175,,,1,29,,53038,2175,,,1,71,,53050,2175,,,1,104,,53041,2175,,,1,100,,53054,2175,,,1,100,,53034,2175,,,1,100,,53060,2175,,,1,100,,53056,2175,,,1,100,,53035,2175,,,1
600,'F2',630,,53087,2175,,,1,71,,53070,2175,,,1,29,,53081,2175,,,1,70,,53066,2175,,,1,34,,53082,2175,,,1,66,,53071,2175,,,1,35,,53063,2175,,,1,23,,53064,2175,,,1,72,,53089,2175,,,1,29,,53072,2175,,,1,70,,53077,2175,,,1,77,,53073,2175,,,1,30,,53078,2175,,,1,67,,53085,2175,,,1,31,,53074,2175,,,1,67,,53090,2175,,,1,30,,53086,2175,,,1,70,,53075,2175,,,1,30,,53083,2175,,,1,70,,53079,2175,,,1,30,,53076,2175,,,1,70,,53069,2175,,,1,30,,53080,2175,,,1,70,,53084,2175,,,1,30,,53065,2175,,,1,70,,43901,2175,,,1,105,,53062,2175,,,1,100,,53067,2175,,,1,100,,53088,2175,,,1,100,,53091,2175,,,1,100,,43899,2175,,,1,100,,53068,2175,,,1
600,'SA',630,,53117,2175,,,1,71,,53100,2175,,,1,29,,53111,2175,,,1,70,,53096,2175,,,1,34,,53112,2175,,,1,66,,53101,2175,,,1,35,,53093,2175,,,1,23,,53094,2175,,,1,72,,53119,2175,,,1,29,,53102,2175,,,1,70,,53107,2175,,,1,77,,53103,2175,,,1,30,,53108,2175,,,1,67,,53115,2175,,,1,31,,53104,2175,,,1,67,,53120,2175,,,1,30,,53116,2175,,,1,70,,53105,2175,,,1,30,,53113,2175,,,1,70,,53109,2175,,,1,30,,53106,2175,,,1,70,,53099,2175,,,1,30,,53110,2175,,,1,70,,53114,2175,,,1,30,,53095,2175,,,1,70,,22478,2175,,,1,105,,53092,2175,,,1,100,,53097,2175,,,1,100,,53118,2175,,,1,100,,53121,2175,,,1,100,,22476,2175,,,1,100,,53098,2175,,,1
600,'SE',542,,53147,2175,,,1,70,,53153,2175,,,1,30,,53134,2175,,,1,70,,53122,2175,,,1,31,,53130,2175,,,1,67,,53146,2175,,,1,33,,53139,2175,,,1,69,,53148,2175,,,1,30,,53129,2175,,,1,70,,53144,2175,,,1,30,,53127,2175,,,1,70,,53136,2175,,,1,30,,53150,2175,,,1,70,,53155,2175,,,1,30,,53156,2175,,,1,70,,53152,2175,,,1,30,,53151,2175,,,1,71,,53123,2175,,,1,28,,53142,2175,,,1,72,,53128,2175,,,1,30,,53140,2175,,,1,69,,53145,2175,,,1,37,,53133,2175,,,1,65,,53149,2175,,,1,30,,53132,2175,,,1,69,,53137,2175,,,1,30,,53157,2175,,,1,70,,53131,2175,,,1,29,,53141,2175,,,1,70,,53154,2175,,,1,30,,53126,2175,,,1,70,,53138,2175,,,1,100,,53135,2175,,,1,100,,53124,2175,,,1,100,,53143,2175,,,1,100,,53125,2175,,,1
1300,'DI',654,,53998,2175,,,1,100,,54005,2175,,,1,100,,54004,2175,,,1,100,,54014,2175,,,1,100,,54006,2175,,,1,100,,54002,2175,,,1,100,,54009,2175,,,1,95,,54015,2175,,,1,105,,54007,2175,,,1,100,,54000,2175,,,1,100,,54013,2175,,,1,100,,54010,2175,,,1,100,,54001,2175,,,1,100,,54003,2175,,,1,100,,54011,2175,,,1,100,,54008,2175,,,1,100,,53999,2175,,,1,100,,54016,2175,,,1,100,,54012,2175,,,1
1300,'F1',654,,54017,2175,,,1,100,,54024,2175,,,1,100,,54023,2175,,,1,100,,54033,2175,,,1,100,,54025,2175,,,1,100,,54021,2175,,,1,100,,54028,2175,,,1,95,,54034,2175,,,1,105,,54026,2175,,,1,100,,54019,2175,,,1,100,,54032,2175,,,1,100,,54029,2175,,,1,100,,54020,2175,,,1,100,,54022,2175,,,1,100,,54030,2175,,,1,100,,54027,2175,,,1,100,,54018,2175,,,1,100,,54035,2175,,,1,100,,54031,2175,,,1
1300,'F2',654,,54046,2175,,,1,100,,54036,2175,,,1,100,,54047,2175,,,1,101,,54048,2175,,,1,99,,54054,2175,,,1,100,,54049,2175,,,1,100,,54040,2175,,,1,100,,54042,2175,,,1,100,,54055,2175,,,1,100,,54038,2175,,,1,100,,54050,2175,,,1,100,,54043,2175,,,1,100,,54037,2175,,,1,100,,54041,2175,,,1,100,,54051,2175,,,1,100,,54044,2175,,,1,100,,54052,2175,,,1,100,,54045,2175,,,1,100,,54053,2175,,,1,100,,54039,2175,,,1
1300,'SA',654,,54066,2175,,,1,100,,54056,2175,,,1,100,,54067,2175,,,1,101,,54068,2175,,,1,99,,54074,2175,,,1,100,,54069,2175,,,1,100,,54060,2175,,,1,100,,54062,2175,,,1,100,,54075,2175,,,1,100,,54058,2175,,,1,100,,54070,2175,,,1,100,,54063,2175,,,1,100,,54057,2175,,,1,100,,54061,2175,,,1,100,,54071,2175,,,1,100,,54064,2175,,,1,100,,54072,2175,,,1,100,,54065,2175,,,1,100,,54073,2175,,,1,100,,54059,2175,,,1
1300,'SE',558,,54083,2175,,,1,73,,44516,2175,,,1,26,,54096,2175,,,1,72,,54095,2175,,,1,15,,44517,2175,,,1,15,,54076,2175,,,1,55,,54091,2175,,,1,25,,54084,2175,,,1,65,,54112,2175,,,1,29,,54080,2175,,,1,70,,54086,2175,,,1,30,,54093,2175,,,1,70,,54078,2175,,,1,30,,54101,2175,,,1,70,,54089,2175,,,1,30,,54113,2175,,,1,70,,54079,2175,,,1,30,,54111,2175,,,1,70,,54102,2175,,,1,30,,54097,2175,,,1,71,,54107,2175,,,1,30,,54090,2175,,,1,20,,54105,2175,,,1,60,,54104,2175,,,1,15,,54109,2175,,,1,13,,54106,2175,,,1,10,,54110,2175,,,1,57,,54088,2175,,,1,20,,54077,2175,,,1,20,,54094,2175,,,1,60,,54108,2175,,,1,26,,54098,2175,,,1,70,,54081,2175,,,1,32,,54082,2175,,,1,70,,54100,2175,,,1,30,,54103,2175,,,1,70,,54092,2175,,,1,100,,54099,2175,,,1,100,,54085,2175,,,1,100,,54087,2175,,,1,103,,44523,2175,,,1
1400,'SE',549,,54241,1960,,,1,70,,54248,1960,,,1,30,,54246,1960,,,1,70,,54242,1960,,,1,30,,54245,1960,,,1,69,,54244,1960,,,1,32,,54239,1960,,,1,694,,54250,1960,,,1,59,,54247,1960,,,1,22,,54249,1960,,,1,22,,54240,1960,,,1,58,,54235,1960,,,1,20,,54236,1960,,,1,20,,54238,1960,,,1,61,,54237,1960,,,1,19,,54243,1960,,,1
1500,'DI',725,,54267,1960,,,1,100,,54279,1960,,,1,100,,54276,1960,,,1,100,,54282,1960,,,1,100,,54275,1960,,,1,100,,54268,1960,,,1,100,,54278,1960,,,1,100,,54280,1960,,,1,100,,54270,1960,,,1,100,,54283,1960,,,1,100,,54273,1960,,,1,100,,54277,1960,,,1,100,,54271,1960,,,1,100,,54285,1960,,,1,100,,54284,1960,,,1,100,,54274,1960,,,1,100,,54269,1960,,,1,100,,54281,1960,,,1,100,,54272,1960,,,1
1500,'F1',725,,54286,1960,,,1,100,,54298,1960,,,1,100,,54295,1960,,,1,100,,54301,1960,,,1,100,,54294,1960,,,1,100,,54287,1960,,,1,100,,54297,1960,,,1,100,,54299,1960,,,1,100,,54289,1960,,,1,100,,54302,1960,,,1,100,,54292,1960,,,1,100,,54296,1960,,,1,100,,54290,1960,,,1,100,,54304,1960,,,1,100,,54303,1960,,,1,100,,54293,1960,,,1,100,,54288,1960,,,1,100,,54300,1960,,,1,100,,54291,1960,,,1
1500,'F2',726,,54317,1960,,,1,100,,54315,1960,,,1,100,,54310,1960,,,1,100,,54308,1960,,,1,105,,54320,1960,,,1,95,,44689,1960,,,1,100,,54313,1960,,,1,100,,54318,1960,,,1,100,,54305,1960,,,1,100,,54309,1960,,,1,100,,54321,1960,,,1,100,,54311,1960,,,1,100,,54314,1960,,,1,100,,54307,1960,,,1,100,,54316,1960,,,1,100,,54312,1960,,,1,100,,54306,1960,,,1,100,,44707,1960,,,1,100,,54319,1960,,,1
1500,'SA',726,,54334,1960,,,1,100,,54332,1960,,,1,100,,54327,1960,,,1,100,,54325,1960,,,1,105,,54337,1960,,,1,95,,24497,1960,,,1,100,,54330,1960,,,1,100,,54335,1960,,,1,100,,54322,1960,,,1,100,,54326,1960,,,1,100,,54338,1960,,,1,100,,54328,1960,,,1,100,,54331,1960,,,1,100,,54324,1960,,,1,100,,54333,1960,,,1,100,,54329,1960,,,1,100,,54323,1960,,,1,100,,24515,1960,,,1,100,,54336,1960,,,1
1500,'SE',548,,54343,1960,,,1,70,,54348,1960,,,1,30,,54342,1960,,,1,68,,54375,1960,,,1,33,,54363,1960,,,1,66,,54344,1960,,,1,34,,54367,1960,,,1,70,,54357,1960,,,1,29,,54353,1960,,,1,70,,54359,1960,,,1,30,,54371,1960,,,1,70,,54370,1960,,,1,30,,54360,1960,,,1,70,,54349,1960,,,1,30,,54339,1960,,,1,70,,54361,1960,,,1,30,,54350,1960,,,1,70,,54354,1960,,,1,31,,54352,1960,,,1,70,,54358,1960,,,1,24,,54351,1960,,,1,74,,54373,1960,,,1,40,,54347,1960,,,1,62,,54355,1960,,,1,30,,54374,1960,,,1,70,,54340,1960,,,1,30,,54372,1960,,,1,69,,54369,1960,,,1,30,,54368,1960,,,1,70,,54366,1960,,,1,30,,54364,1960,,,1,70,,54365,1960,,,1,30,,54356,1960,,,1,70,,54345,1960,,,1,100,,54362,1960,,,1,100,,54341,1960,,,1,100,,54346,1960,,,1
50600,'SE',919,,63425,2849,,,2
60600,'SE',1656,,63486,1771,,,2
61300,'SE',1654,,63495,1598,,,2
61400,'SE',1657,,63497,1945,,,2
