300,'DI',659,,52056,4309,,,1,100,,52049,4309,,,1,100,,52057,4309,,,1,100,,52050,4309,,,1,100,,52051,4309,,,1,100,,52059,4309,,,1,100,,52052,4309,,,1,100,,52053,4309,,,1,100,,52054,4309,,,1,100,,52058,4309,,,1,100,,494,4309,,,1,100,,495,4309,,,1,100,,52055,4309,,,1,100,,20629,4309,,,1,100,,20630,4309,,,1,100,,20631,4309,,,1,100,,20632,4309,,,1,100,,20633,4309,,,1,100,,20634,4309,,,1
300,'F1',659,,52067,4309,,,1,100,,52060,4309,,,1,100,,52068,4309,,,1,100,,52061,4309,,,1,100,,52062,4309,,,1,100,,52070,4309,,,1,100,,52063,4309,,,1,100,,52064,4309,,,1,100,,52065,4309,,,1,100,,52069,4309,,,1,100,,43204,4309,,,1,100,,43205,4309,,,1,100,,52066,4309,,,1,100,,43207,4309,,,1,100,,43208,4309,,,1,100,,43209,4309,,,1,100,,43210,4309,,,1,100,,43211,4309,,,1,100,,43212,4309,,,1
300,'F2',629,,52084,4309,,,1,30,,52071,4309,,,1,70,,52081,4309,,,1,30,,52088,4309,,,1,70,,52085,4309,,,1,30,,52072,4309,,,1,70,,52078,4309,,,1,30,,52073,4309,,,1,70,,52086,4309,,,1,30,,52089,4309,,,1,70,,52079,4309,,,1,30,,52092,4309,,,1,70,,52080,4309,,,1,30,,52093,4309,,,1,70,,43236,4309,,,1,30,,52094,4309,,,1,70,,43237,4309,,,1,30,,52087,4309,,,1,70,,52074,4309,,,1,30,,52098,4309,,,1,70,,52075,4309,,,1,30,,52099,4309,,,1,70,,52076,4309,,,1,30,,52100,4309,,,1,70,,52077,4309,,,1,30,,52090,4309,,,1,100,,52091,4309,,,1,100,,52095,4309,,,1,100,,52096,4309,,,1,100,,52097,4309,,,1,100,,52083,4309,,,1,100,,52082,4309,,,1
300,'SA',629,,52114,4309,,,1,30,,52101,4309,,,1,70,,52111,4309,,,1,30,,52118,4309,,,1,70,,52115,4309,,,1,30,,52102,4309,,,1,70,,52108,4309,,,1,30,,52103,4309,,,1,70,,52116,4309,,,1,30,,52119,4309,,,1,70,,52109,4309,,,1,30,,52122,4309,,,1,70,,52110,4309,,,1,30,,52123,4309,,,1,70,,624,4309,,,1,30,,52124,4309,,,1,70,,625,4309,,,1,30,,52117,4309,,,1,70,,52104,4309,,,1,30,,52128,4309,,,1,70,,52105,4309,,,1,30,,52129,4309,,,1,70,,52106,4309,,,1,30,,52130,4309,,,1,70,,52107,4309,,,1,30,,52120,4309,,,1,100,,52121,4309,,,1,100,,52125,4309,,,1,100,,52126,4309,,,1,100,,52127,4309,,,1,100,,52113,4309,,,1,100,,52112,4309,,,1
300,'SE',547,,52132,4309,,,1,83,,52154,4309,,,1,85,,52153,4309,,,1,35,,52133,4309,,,1,81,,52147,4309,,,1,69,,52162,4309,,,1,30,,52165,4309,,,1,70,,52163,4309,,,1,30,,52166,4309,,,1,70,,52148,4309,,,1,30,,52155,4309,,,1,70,,52134,4309,,,1,30,,52156,4309,,,1,70,,52135,4309,,,1,30,,52157,4309,,,1,70,,52136,4309,,,1,30,,52158,4309,,,1,70,,52137,4309,,,1,21,,52167,4309,,,1,18,,52159,4309,,,1,63,,52138,4309,,,1,21,,52168,4309,,,1,22,,52144,4309,,,1,58,,52164,4309,,,1,19,,52150,4309,,,1,20,,52131,4309,,,1,59,,52149,4309,,,1,32,,52151,4309,,,1,67,,52160,4309,,,1,29,,52152,4309,,,1,30,,52161,4309,,,1,70,,52145,4309,,,1,30,,52139,4309,,,1,70,,52146,4309,,,1,30,,52140,4309,,,1,100,,52141,4309,,,1,100,,52142,4309,,,1,100,,52143,4309,,,1
401,'DI',706,,52491,4251,,,1,30,,52485,4251,,,1,70,,52501,4251,,,1,32,,52494,4251,,,1,70,,52504,4251,,,1,30,,52486,4251,,,1,70,,52502,4251,,,1,30,,52495,4251,,,1,70,,52505,4251,,,1,30,,52487,4251,,,1,70,,52511,4251,,,1,30,,52509,4251,,,1,70,,52506,4251,,,1,31,,52488,4251,,,1,69,,52507,4251,,,1,30,,52512,4251,,,1,70,,52496,4251,,,1,32,,52489,4251,,,1,69,,52508,4251,,,1,30,,52513,4251,,,1,74,,52497,4251,,,1,25,,52498,4251,,,1,70,,52514,4251,,,1,30,,52510,4251,,,1,70,,52515,4251,,,1,31,,52499,4251,,,1,69,,52492,4251,,,1,30,,52516,4251,,,1,70,,52518,4251,,,1,100,,52517,4251,,,1,100,,52490,4251,,,1,100,,52503,4251,,,1
401,'F1',706,,52526,4251,,,1,30,,52520,4251,,,1,70,,52536,4251,,,1,32,,52529,4251,,,1,70,,52539,4251,,,1,30,,52521,4251,,,1,70,,52537,4251,,,1,30,,52530,4251,,,1,70,,52540,4251,,,1,30,,52522,4251,,,1,70,,52546,4251,,,1,30,,52544,4251,,,1,70,,52541,4251,,,1,31,,52523,4251,,,1,69,,52542,4251,,,1,30,,52547,4251,,,1,70,,52531,4251,,,1,32,,52524,4251,,,1,69,,52543,4251,,,1,30,,52548,4251,,,1,74,,52532,4251,,,1,25,,52533,4251,,,1,70,,52549,4251,,,1,30,,52545,4251,,,1,70,,52550,4251,,,1,31,,52534,4251,,,1,69,,52527,4251,,,1,30,,52551,4251,,,1,70,,52553,4251,,,1,100,,52552,4251,,,1,100,,52525,4251,,,1,100,,52538,4251,,,1
401,'F2',706,,52555,4251,,,1,30,,52574,4251,,,1,70,,52558,4251,,,1,32,,52562,4251,,,1,70,,52556,4251,,,1,30,,52575,4251,,,1,70,,52559,4251,,,1,30,,52563,4251,,,1,70,,52580,4251,,,1,30,,52578,4251,,,1,70,,52554,4251,,,1,30,,52565,4251,,,1,70,,52571,4251,,,1,30,,52566,4251,,,1,70,,52582,4251,,,1,30,,52560,4251,,,1,70,,52579,4251,,,1,30,,52576,4251,,,1,70,,52572,4251,,,1,30,,52568,4251,,,1,70,,52570,4251,,,1,30,,52583,4251,,,1,70,,52567,4251,,,1,30,,52586,4251,,,1,70,,52584,4251,,,1,30,,52585,4251,,,1,70,,52577,4251,,,1,30,,52587,4251,,,1,70,,52588,4251,,,1,100,,52581,4251,,,1,100,,52569,4251,,,1,100,,52564,4251,,,1
401,'SA',706,,52590,4251,,,1,30,,52609,4251,,,1,70,,52593,4251,,,1,32,,52597,4251,,,1,70,,52591,4251,,,1,30,,52610,4251,,,1,70,,52594,4251,,,1,30,,52598,4251,,,1,70,,52615,4251,,,1,30,,52613,4251,,,1,70,,52589,4251,,,1,30,,52600,4251,,,1,70,,52606,4251,,,1,30,,52601,4251,,,1,70,,52617,4251,,,1,30,,52595,4251,,,1,70,,52614,4251,,,1,30,,52611,4251,,,1,70,,52607,4251,,,1,30,,52603,4251,,,1,70,,52605,4251,,,1,30,,52618,4251,,,1,70,,52602,4251,,,1,30,,52621,4251,,,1,70,,52619,4251,,,1,30,,52620,4251,,,1,70,,52612,4251,,,1,30,,52622,4251,,,1,70,,52623,4251,,,1,100,,52616,4251,,,1,100,,52604,4251,,,1,100,,52599,4251,,,1
401,'SE',621,,52647,4251,,,1,21,,52625,4251,,,1,70,,52656,4251,,,1,33,,52643,4251,,,1,73,,52653,4251,,,1,30,,52652,4251,,,1,72,,52630,4251,,,1,30,,52637,4251,,,1,70,,52657,4251,,,1,30,,52636,4251,,,1,70,,52635,4251,,,1,30,,52626,4251,,,1,71,,52645,4251,,,1,32,,52662,4251,,,1,70,,52648,4251,,,1,30,,52629,4251,,,1,66,,52624,4251,,,1,34,,52632,4251,,,1,55,,52649,4251,,,1,23,,52633,4251,,,1,22,,52639,4251,,,1,59,,52627,4251,,,1,20,,52655,4251,,,1,23,,52644,4251,,,1,57,,52659,4251,,,1,20,,52661,4251,,,1,24,,52640,4251,,,1,57,,52651,4251,,,1,27,,52628,4251,,,1,70,,52660,4251,,,1,27,,52646,4251,,,1,69,,52658,4251,,,1,30,,52641,4251,,,1,70,,52654,4251,,,1,30,,52663,4251,,,1,100,,52650,4251,,,1,99,,52631,4251,,,1,100,,52642,4251,,,1
2100,'DI',601,,55641,4251,0,12 13,1,29,,55638,4251,0,12 13,1,70,,55648,4251,0,12 13,1,30,,55637,4251,0,12 13,1,71,,55645,4251,0,12 13,1,30,,55662,4251,0,12 13,1,70,,55635,4251,0,12 13,1,27,,55639,4251,0,12 13,1,73,,55642,4251,0,12 13,1,30,,55650,4251,0,12 13,1,72,,55640,4251,0,12 13,1,28,,55658,4251,0,12 13,1,71,,55631,4251,0,12 13,1,30,,55656,4251,0,12 13,1,70,,55649,4251,0,12 13,1,30,,55646,4251,0,12 13,1,70,,55654,4251,0,12 13,1,30,,55657,4251,0,12 13,1,70,,55643,4251,0,12 13,1,30,,55655,4251,0,12 13,1,70,,55632,4251,0,12 13,1,30,,55647,4251,0,12 13,1,70,,55661,4251,0,12 13,1,30,,55653,4251,0,12 13,1,70,,55651,4251,0,12 13,1,29,,55625,4251,0,12 13,1,70,,55644,4251,0,12 13,1,30,,55660,4251,0,12 13,1,70,,55633,4251,0,12 13,1,30,,55659,4251,0,12 13,1,70,,55622,4251,0,12 13,1,30,,55624,4251,0,12 13,1,70,,55652,4251,0,12 13,1,30,,55634,4251,0,12 13,1,70,,55627,4251,0,12 13,1,30,,55626,4251,0,12 13,1,70,,55628,4251,0,12 13,1,30,,55623,4251,0,12 13,1,70,,55636,4251,0,12 13,1
2100,'F1',601,,55682,4251,0,12 13,1,29,,55679,4251,0,12 13,1,70,,55689,4251,0,12 13,1,30,,55678,4251,0,12 13,1,71,,55686,4251,0,12 13,1,30,,55703,4251,0,12 13,1,70,,55676,4251,0,12 13,1,27,,55680,4251,0,12 13,1,73,,55683,4251,0,12 13,1,30,,55691,4251,0,12 13,1,72,,55681,4251,0,12 13,1,28,,55699,4251,0,12 13,1,71,,55672,4251,0,12 13,1,30,,55697,4251,0,12 13,1,70,,55690,4251,0,12 13,1,30,,55687,4251,0,12 13,1,70,,55695,4251,0,12 13,1,30,,55698,4251,0,12 13,1,70,,55684,4251,0,12 13,1,30,,55696,4251,0,12 13,1,70,,55673,4251,0,12 13,1,30,,55688,4251,0,12 13,1,70,,55702,4251,0,12 13,1,30,,55694,4251,0,12 13,1,70,,55692,4251,0,12 13,1,29,,55666,4251,0,12 13,1,70,,55685,4251,0,12 13,1,30,,55701,4251,0,12 13,1,70,,55674,4251,0,12 13,1,30,,55700,4251,0,12 13,1,70,,55663,4251,0,12 13,1,30,,55665,4251,0,12 13,1,70,,55693,4251,0,12 13,1,30,,55675,4251,0,12 13,1,70,,55668,4251,0,12 13,1,30,,55667,4251,0,12 13,1,70,,55669,4251,0,12 13,1,30,,55664,4251,0,12 13,1,70,,55677,4251,0,12 13,1
2100,'F2',601,,55738,4251,0,12 13,1,30,,55707,4251,0,12 13,1,70,,55728,4251,0,12 13,1,30,,55719,4251,0,12 13,1,70,,55709,4251,0,12 13,1,30,,55739,4251,0,12 13,1,70,,55734,4251,0,12 13,1,25,,55731,4251,0,12 13,1,31,,55723,4251,0,12 13,1,74,,55726,4251,0,12 13,1,73,,55732,4251,0,12 13,1,24,,55740,4251,0,12 13,1,74,,55716,4251,0,12 13,1,30,,55743,4251,0,12 13,1,70,,55735,4251,0,12 13,1,30,,55727,4251,0,12 13,1,70,,55710,4251,0,12 13,1,30,,55744,4251,0,12 13,1,70,,55736,4251,0,12 13,1,30,,55722,4251,0,12 13,1,70,,55711,4251,0,12 13,1,30,,55729,4251,0,12 13,1,70,,55737,4251,0,12 13,1,30,,55715,4251,0,12 13,1,70,,55712,4251,0,12 13,1,29,,55730,4251,0,12 13,1,70,,55741,4251,0,12 13,1,30,,55733,4251,0,12 13,1,70,,55704,4251,0,12 13,1,30,,55724,4251,0,12 13,1,70,,55713,4251,0,12 13,1,30,,55717,4251,0,12 13,1,70,,55720,4251,0,12 13,1,30,,55705,4251,0,12 13,1,70,,55742,4251,0,12 13,1,30,,55725,4251,0,12 13,1,70,,55721,4251,0,12 13,1,30,,55714,4251,0,12 13,1,69,,55718,4251,0,12 13,1
2100,'SA',601,,55779,4251,0,12 13,1,30,,55748,4251,0,12 13,1,70,,55769,4251,0,12 13,1,30,,55760,4251,0,12 13,1,70,,55750,4251,0,12 13,1,30,,55780,4251,0,12 13,1,70,,55775,4251,0,12 13,1,25,,55772,4251,0,12 13,1,31,,55764,4251,0,12 13,1,74,,55767,4251,0,12 13,1,73,,55773,4251,0,12 13,1,24,,55781,4251,0,12 13,1,74,,55757,4251,0,12 13,1,30,,55784,4251,0,12 13,1,70,,55776,4251,0,12 13,1,30,,55768,4251,0,12 13,1,70,,55751,4251,0,12 13,1,30,,55785,4251,0,12 13,1,70,,55777,4251,0,12 13,1,30,,55763,4251,0,12 13,1,70,,55752,4251,0,12 13,1,30,,55770,4251,0,12 13,1,70,,55778,4251,0,12 13,1,30,,55756,4251,0,12 13,1,70,,55753,4251,0,12 13,1,29,,55771,4251,0,12 13,1,70,,55782,4251,0,12 13,1,30,,55774,4251,0,12 13,1,70,,55745,4251,0,12 13,1,30,,55765,4251,0,12 13,1,70,,55754,4251,0,12 13,1,30,,55758,4251,0,12 13,1,70,,55761,4251,0,12 13,1,30,,55746,4251,0,12 13,1,70,,55783,4251,0,12 13,1,30,,55766,4251,0,12 13,1,70,,55762,4251,0,12 13,1,30,,55755,4251,0,12 13,1,69,,55759,4251,0,12 13,1
2100,'SE',546,,55787,4251,0,12 13,1,12,,45634,4251,0,12 13,1,50,,55812,4251,0,12 13,1,20,,55788,4251,0,12 13,1,15,,55813,4251,0,12 13,1,64,,45638,4251,0,12 13,1,12,,55803,4251,0,12 13,1,17,,55814,4251,0,12 13,1,23,,55816,4251,0,12 13,1,60,,55817,4251,0,12 13,1,20,,55811,4251,0,12 13,1,61,,55792,4251,0,12 13,1,29,,55789,4251,0,12 13,1,72,,55791,4251,0,12 13,1,30,,55786,4251,0,12 13,1,70,,55790,4251,0,12 13,1,30,,55804,4251,0,12 13,1,70,,55818,4251,0,12 13,1,30,,55805,4251,0,12 13,1,70,,55822,4251,0,12 13,1,30,,55794,4251,0,12 13,1,28,,55819,4251,0,12 13,1,76,,55833,4251,0,12 13,1,10,,55806,4251,0,12 13,1,57,,55831,4251,0,12 13,1,15,,55815,4251,0,12 13,1,15,,55795,4251,0,12 13,1,15,,55824,4251,0,12 13,1,55,,55820,4251,0,12 13,1,16,,55807,4251,0,12 13,1,19,,55828,4251,0,12 13,1,18,,55832,4251,0,12 13,1,50,,55799,4251,0,12 13,1,13,,55827,4251,0,12 13,1,15,,55796,4251,0,12 13,1,14,,55825,4251,0,12 13,1,55,,55821,4251,0,12 13,1,15,,55808,4251,0,12 13,1,20,,55829,4251,0,12 13,1,20,,55801,4251,0,12 13,1,59,,55823,4251,0,12 13,1,30,,55826,4251,0,12 13,1,70,,55809,4251,0,12 13,1,30,,55810,4251,0,12 13,1,70,,55797,4251,0,12 13,1,100,,55834,4251,0,12 13,1,100,,55830,4251,0,12 13,1,99,,55798,4251,0,12 13,1,100,,55802,4251,0,12 13,1
7700,'DI',714,,59947,5909,,,1,100,,59949,5909,,,1,100,,59948,5909,,,1,100,,59950,5909,,,1,100,,59951,5909,,,1,100,,59953,5909,,,1,100,,59952,5909,,,1,100,,59954,5909,,,1,100,,59945,5909,,,1,100,,59955,5909,,,1,100,,59946,5909,,,1,100,,59956,5909,,,1,100,,59957,5909,,,1,100,,59959,5909,,,1,100,,59958,5909,,,1
7700,'F1',714,,59962,5909,,,1,100,,59964,5909,,,1,100,,59963,5909,,,1,100,,59965,5909,,,1,100,,59966,5909,,,1,100,,59968,5909,,,1,100,,59967,5909,,,1,100,,59969,5909,,,1,100,,59960,5909,,,1,100,,59970,5909,,,1,100,,59961,5909,,,1,100,,59971,5909,,,1,100,,59972,5909,,,1,100,,59974,5909,,,1,100,,59973,5909,,,1
7700,'F2',714,,59975,5909,,,1,100,,59977,5909,,,1,100,,59976,5909,,,1,100,,59978,5909,,,1,100,,59980,5909,,,1,100,,59979,5909,,,1,100,,59981,5909,,,1,97,,59982,5909,,,1,103,,59983,5909,,,1,99,,59985,5909,,,1,101,,59984,5909,,,1,100,,59986,5909,,,1,100,,59987,5909,,,1,100,,59989,5909,,,1,100,,59988,5909,,,1
7700,'SA',714,,59990,5909,,,1,100,,59992,5909,,,1,100,,59991,5909,,,1,100,,59993,5909,,,1,100,,59995,5909,,,1,100,,59994,5909,,,1,100,,59996,5909,,,1,97,,59997,5909,,,1,103,,59998,5909,,,1,99,,60000,5909,,,1,101,,59999,5909,,,1,100,,60001,5909,,,1,100,,60002,5909,,,1,100,,60004,5909,,,1,100,,60003,5909,,,1
7700,'SE',602,,60026,5909,,,1,37,,60025,5909,,,1,76,,60027,5909,,,1,26,,60005,5909,,,1,71,,60007,5909,,,1,31,,60009,5909,,,1,70,,60028,5909,,,1,30,,60006,5909,,,1,70,,60008,5909,,,1,30,,60010,5909,,,1,72,,60029,5909,,,1,29,,60030,5909,,,1,71,,60031,5909,,,1,33,,60011,5909,,,1,70,,60032,5909,,,1,30,,60014,5909,,,1,68,,60020,5909,,,1,31,,60012,5909,,,1,60,,60036,5909,,,1,20,,60033,5909,,,1,5,,60042,5909,,,1,15,,60015,5909,,,1,58,,60023,5909,,,1,18,,60021,5909,,,1,18,,60039,5909,,,1,18,,60013,5909,,,1,56,,60017,5909,,,1,21,,60037,5909,,,1,20,,60016,5909,,,1,58,,60024,5909,,,1,2,,60034,5909,,,1,19,,60022,5909,,,1,17,,60040,5909,,,1,70,,60018,5909,,,1,32,,60038,5909,,,1,71,,60035,5909,,,1,27,,60041,5909,,,1,70,,60019,5909,,,1
42100,'SE',640,,62805,4251,0,12 13,1,71,,62796,4251,0,12 13,1,16,,62803,4251,0,12 13,1,722,,62799,4251,0,12 13,1,62,,62806,4251,0,12 13,1,30,,62804,4251,0,12 13,1,70,,62802,4251,0,12 13,1,32,,62800,4251,0,12 13,1,69,,62801,4251,0,12 13,1
53501,'SE',909,,63445,1646,,,2
90100,'DI',644,,63623,4309,,,1,72,,63616,4309,,,1,32,,63607,4309,,,1,68,,63612,4309,,,1,30,,63610,4309,,,1,67,,63626,4309,,,1,31,,63624,4309,,,1,68,,63622,4309,,,1,31,,63613,4309,,,1,71,,63629,4309,,,1,28,,63619,4309,,,1,70,,63627,4309,,,1,29,,63601,4309,,,1,65,,63614,4309,,,1,34,,63608,4309,,,1,70,,63599,4309,,,1,31,,63628,4309,,,1,70,,63604,4309,,,1,30,,63618,4309,,,1,68,,63611,4309,,,1,32,,63600,4309,,,1,72,,63625,4309,,,1,35,,63609,4309,,,1,70,,63617,4309,,,1,35,,63606,4309,,,1,100,,63620,4309,,,1,100,,63602,4309,,,1,100,,63605,4309,,,1,100,,63615,4309,,,1,100,,63621,4309,,,1,100,,63603,4309,,,1
90100,'F1',644,,63654,4309,,,1,72,,63647,4309,,,1,32,,63638,4309,,,1,68,,63643,4309,,,1,30,,63641,4309,,,1,67,,63657,4309,,,1,31,,63655,4309,,,1,68,,63653,4309,,,1,31,,63644,4309,,,1,71,,63660,4309,,,1,28,,63650,4309,,,1,70,,63658,4309,,,1,29,,63632,4309,,,1,65,,63645,4309,,,1,34,,63639,4309,,,1,70,,63630,4309,,,1,31,,63659,4309,,,1,70,,63635,4309,,,1,30,,63649,4309,,,1,68,,63642,4309,,,1,32,,63631,4309,,,1,72,,63656,4309,,,1,35,,63640,4309,,,1,70,,63648,4309,,,1,35,,63637,4309,,,1,100,,63651,4309,,,1,100,,63633,4309,,,1,100,,63636,4309,,,1,100,,63646,4309,,,1,100,,63652,4309,,,1,100,,63634,4309,,,1
90100,'F2',644,,63686,4309,,,1,72,,63680,4309,,,1,32,,63678,4309,,,1,68,,63683,4309,,,1,30,,63688,4309,,,1,67,,63666,4309,,,1,31,,63679,4309,,,1,68,,63687,4309,,,1,31,,63681,4309,,,1,71,,63689,4309,,,1,28,,63671,4309,,,1,70,,63668,4309,,,1,29,,63661,4309,,,1,65,,63675,4309,,,1,34,,63690,4309,,,1,70,,63672,4309,,,1,31,,63669,4309,,,1,70,,63662,4309,,,1,30,,63664,4309,,,1,68,,63684,4309,,,1,32,,63673,4309,,,1,72,,63667,4309,,,1,35,,63676,4309,,,1,70,,63663,4309,,,1,35,,63691,4309,,,1,100,,63670,4309,,,1,100,,63682,4309,,,1,100,,63674,4309,,,1,100,,63665,4309,,,1,100,,63685,4309,,,1,100,,63677,4309,,,1
90100,'SA',644,,63717,4309,,,1,72,,63711,4309,,,1,32,,63709,4309,,,1,68,,63714,4309,,,1,30,,63719,4309,,,1,67,,63697,4309,,,1,31,,63710,4309,,,1,68,,63718,4309,,,1,31,,63712,4309,,,1,71,,63720,4309,,,1,28,,63702,4309,,,1,70,,63699,4309,,,1,29,,63692,4309,,,1,65,,63706,4309,,,1,34,,63721,4309,,,1,70,,63703,4309,,,1,31,,63700,4309,,,1,70,,63693,4309,,,1,30,,63695,4309,,,1,68,,63715,4309,,,1,32,,63704,4309,,,1,72,,63698,4309,,,1,35,,63707,4309,,,1,70,,63694,4309,,,1,35,,63722,4309,,,1,100,,63701,4309,,,1,100,,63713,4309,,,1,100,,63705,4309,,,1,100,,63696,4309,,,1,100,,63716,4309,,,1,100,,63708,4309,,,1
90100,'SE',530,,63749,4309,,,1,80,,63758,4309,,,1,30,,63755,4309,,,1,76,,63756,4309,,,1,37,,63752,4309,,,1,75,,63731,4309,,,1,20,,63759,4309,,,1,60,,63733,4309,,,1,20,,63728,4309,,,1,20,,63757,4309,,,1,60,,63764,4309,,,1,20,,63723,4309,,,1,20,,63727,4309,,,1,60,,63732,4309,,,1,20,,63730,4309,,,1,20,,63734,4309,,,1,60,,63729,4309,,,1,20,,63767,4309,,,1,20,,63765,4309,,,1,60,,63735,4309,,,1,20,,63750,4309,,,1,20,,63762,4309,,,1,60,,63766,4309,,,1,20,,63736,4309,,,1,20,,63760,4309,,,1,63,,63768,4309,,,1,15,,63748,4309,,,1,15,,63771,4309,,,1,15,,63751,4309,,,1,57,,63774,4309,,,1,10,,63738,4309,,,1,10,,63776,4309,,,1,10,,63742,4309,,,1,10,,63724,4309,,,1,49,,63737,4309,,,1,10,,63754,4309,,,1,9,,63761,4309,,,1,10,,63763,4309,,,1,10,,63753,4309,,,1,10,,63769,4309,,,1,55,,63744,4309,,,1,15,,63772,4309,,,1,15,,63726,4309,,,1,15,,63739,4309,,,1,55,,63773,4309,,,1,20,,63770,4309,,,1,26,,63777,4309,,,1,70,,63741,4309,,,1,30,,63745,4309,,,1,70,,63746,4309,,,1,30,,63725,4309,,,1,70,,63778,4309,,,1,30,,63740,4309,,,1,70,,63743,4309,,,1,99,,63747,4309,,,1,100,,63775,4309,,,1
