69100,'SE',1610,,40924,0,,,2,1,,40925,0,,,2
69101,'SE',854,,40929,6650,4,,2,1,,40928,6650,4,,2
69200,'SE',1611,,40931,0,,,2
69201,'SE',855,,40933,8917,4,,2
69300,'SE',1610,,40936,0,,,2,1,,40937,0,,,2
69301,'SE',854,,40941,8273,4,,2,1,,40940,8273,4,,2
69400,'SE',1610,,40944,0,,,2,1,,40945,0,,,2
69401,'SE',854,,40948,8177,4,,2,1,,40949,8177,4,,2
69500,'SE',1610,,40953,0,,,2,1,,40952,0,,,2
69501,'SE',854,,40956,7206,4,,2,1,,40957,7206,4,,2
69600,'SE',1610,,40960,0,,,2,1,,40961,0,,,2
69601,'SE',855,,40964,9170,4,,2,1,,40965,9170,4,,2
69700,'SE',1610,,40968,0,,,2,1,,40969,0,,,2
69701,'SE',854,,40972,10013,4,,2,1,,40973,10013,4,,2
