2101,'DI',556,,27057,5058,,,1,70,,27051,5058,,,1,30,,27073,5058,,,1,69,,27075,5058,,,1,30,,27077,5058,,,1,70,,27068,5058,,,1,31,,27069,5058,,,1,70,,27074,5058,,,1,30,,27058,5058,,,1,67,,27071,5058,,,1,33,,27084,5058,,,1,70,,27082,5058,,,1,32,,27072,5058,,,1,70,,27059,5058,,,1,31,,27078,5058,,,1,73,,27070,5058,,,1,70,,27076,5058,,,1,30,,27085,5058,,,1,70,,27083,5058,,,1,30,,27060,5058,,,1,70,,27062,5058,,,1,30,,27052,5058,,,1,70,,27065,5058,,,1,30,,27061,5058,,,1,70,,27046,5058,,,1,30,,27053,5058,,,1,27,,27066,5058,,,1,67,,27050,5058,,,1,30,,27047,5058,,,1,70,,27049,5058,,,1,30,,27080,5058,,,1,70,,27063,5058,,,1,30,,27054,5058,,,1,70,,27067,5058,,,1,30,,27055,5058,,,1,70,,27056,5058,,,1,30,,27079,5058,,,1,70,,27081,5058,,,1,30,,27048,5058,,,1,70,,27064,5058,,,1
2101,'F1',556,,45688,5058,,,1,70,,45682,5058,,,1,30,,45704,5058,,,1,69,,45706,5058,,,1,30,,45708,5058,,,1,70,,45699,5058,,,1,31,,45700,5058,,,1,70,,45705,5058,,,1,30,,45689,5058,,,1,67,,45702,5058,,,1,33,,45715,5058,,,1,70,,45713,5058,,,1,32,,45703,5058,,,1,70,,45690,5058,,,1,31,,45709,5058,,,1,73,,45701,5058,,,1,70,,45707,5058,,,1,30,,45716,5058,,,1,70,,45714,5058,,,1,30,,45691,5058,,,1,70,,45693,5058,,,1,30,,45683,5058,,,1,70,,45696,5058,,,1,30,,45692,5058,,,1,70,,45677,5058,,,1,30,,45684,5058,,,1,27,,45697,5058,,,1,67,,45681,5058,,,1,30,,45678,5058,,,1,70,,45680,5058,,,1,30,,45711,5058,,,1,70,,45694,5058,,,1,30,,45685,5058,,,1,70,,45698,5058,,,1,30,,45686,5058,,,1,70,,45687,5058,,,1,30,,45710,5058,,,1,70,,45712,5058,,,1,30,,45679,5058,,,1,70,,45695,5058,,,1
2101,'F2',556,,45733,5058,,,1,70,,45724,5058,,,1,30,,45737,5058,,,1,70,,45746,5058,,,1,31,,45747,5058,,,1,70,,45735,5058,,,1,30,,45750,5058,,,1,70,,45738,5058,,,1,30,,45725,5058,,,1,65,,45720,5058,,,1,31,,45734,5058,,,1,74,,45739,5058,,,1,73,,45721,5058,,,1,26,,45726,5058,,,1,74,,45730,5058,,,1,32,,45743,5058,,,1,70,,45748,5058,,,1,30,,45740,5058,,,1,70,,45751,5058,,,1,30,,45744,5058,,,1,70,,45749,5058,,,1,30,,45741,5058,,,1,70,,45753,5058,,,1,30,,45727,5058,,,1,70,,45752,5058,,,1,30,,45742,5058,,,1,27,,45754,5058,,,1,67,,45717,5058,,,1,30,,45731,5058,,,1,70,,45745,5058,,,1,30,,45728,5058,,,1,70,,45736,5058,,,1,30,,45722,5058,,,1,70,,45732,5058,,,1,30,,45718,5058,,,1,70,,45729,5058,,,1,30,,45756,5058,,,1,70,,45723,5058,,,1,30,,45755,5058,,,1,70,,45719,5058,,,1
2101,'F8',556,,27226,5058,,,1,70,,27217,5058,,,1,30,,27230,5058,,,1,70,,27239,5058,,,1,31,,27240,5058,,,1,70,,27228,5058,,,1,30,,27243,5058,,,1,70,,27231,5058,,,1,30,,27218,5058,,,1,65,,27213,5058,,,1,31,,27227,5058,,,1,74,,27232,5058,,,1,73,,27214,5058,,,1,26,,27219,5058,,,1,74,,27223,5058,,,1,32,,27236,5058,,,1,70,,27241,5058,,,1,30,,27233,5058,,,1,70,,27244,5058,,,1,30,,27237,5058,,,1,70,,27242,5058,,,1,30,,27234,5058,,,1,70,,27246,5058,,,1,30,,27220,5058,,,1,70,,27245,5058,,,1,30,,27235,5058,,,1,27,,27247,5058,,,1,67,,27210,5058,,,1,30,,27224,5058,,,1,70,,27238,5058,,,1,30,,27221,5058,,,1,70,,27229,5058,,,1,30,,27215,5058,,,1,70,,27225,5058,,,1,30,,27211,5058,,,1,70,,27222,5058,,,1,30,,27249,5058,,,1,70,,27216,5058,,,1,30,,27248,5058,,,1,70,,27212,5058,,,1
2101,'F9',556,,27261,5058,,,1,70,,27255,5058,,,1,30,,27277,5058,,,1,69,,27279,5058,,,1,30,,27281,5058,,,1,70,,27272,5058,,,1,31,,27273,5058,,,1,70,,27278,5058,,,1,30,,27262,5058,,,1,67,,27275,5058,,,1,33,,27288,5058,,,1,70,,27286,5058,,,1,32,,27276,5058,,,1,70,,27263,5058,,,1,31,,27282,5058,,,1,73,,27274,5058,,,1,70,,27280,5058,,,1,30,,27289,5058,,,1,70,,27287,5058,,,1,30,,27264,5058,,,1,70,,27266,5058,,,1,30,,27256,5058,,,1,70,,27269,5058,,,1,30,,27265,5058,,,1,70,,27250,5058,,,1,30,,27257,5058,,,1,27,,27270,5058,,,1,67,,27254,5058,,,1,30,,27251,5058,,,1,70,,27253,5058,,,1,30,,27284,5058,,,1,70,,27267,5058,,,1,30,,27258,5058,,,1,70,,27271,5058,,,1,30,,27259,5058,,,1,70,,27260,5058,,,1,30,,27283,5058,,,1,70,,27285,5058,,,1,30,,27252,5058,,,1,70,,27268,5058,,,1
2101,'SA',556,,27306,5058,,,1,70,,27297,5058,,,1,30,,27310,5058,,,1,70,,27319,5058,,,1,31,,27320,5058,,,1,70,,27308,5058,,,1,30,,27321,5058,,,1,70,,27311,5058,,,1,30,,27298,5058,,,1,65,,27293,5058,,,1,31,,27307,5058,,,1,74,,27312,5058,,,1,73,,27294,5058,,,1,26,,27299,5058,,,1,74,,27303,5058,,,1,32,,27316,5058,,,1,70,,6523,5058,,,1,30,,27313,5058,,,1,70,,27322,5058,,,1,30,,27317,5058,,,1,70,,6524,5058,,,1,30,,27314,5058,,,1,70,,27324,5058,,,1,30,,27300,5058,,,1,70,,27323,5058,,,1,30,,27315,5058,,,1,27,,27325,5058,,,1,67,,27290,5058,,,1,30,,27304,5058,,,1,70,,27318,5058,,,1,30,,27301,5058,,,1,70,,27309,5058,,,1,30,,27295,5058,,,1,70,,27305,5058,,,1,30,,27291,5058,,,1,70,,27302,5058,,,1,30,,27326,5058,,,1,70,,27296,5058,,,1,30,,6535,5058,,,1,70,,27292,5058,,,1
2101,'SE',450,,45761,5058,,,1,86,,45759,5058,,,1,67,,45794,5058,,,1,15,,45788,5058,,,1,15,,45785,5058,,,1,13,,45786,5058,,,1,12,,45798,5058,,,1,52,,45799,5058,,,1,14,,45795,5058,,,1,15,,45797,5058,,,1,62,,45789,5058,,,1,18,,45790,5058,,,1,17,,45801,5058,,,1,23,,45793,5058,,,1,55,,45802,5058,,,1,20,,45757,5058,,,1,21,,45763,5058,,,1,67,,45765,5058,,,1,34,,45768,5058,,,1,70,,45781,5058,,,1,30,,45764,5058,,,1,71,,45770,5058,,,1,73,,45758,5058,,,1,30,,45760,5058,,,1,70,,45769,5058,,,1,34,,45773,5058,,,1,68,,45783,5058,,,1,30,,45784,5058,,,1,73,,45796,5058,,,1,15,,45791,5058,,,1,15,,45800,5058,,,1,15,,45803,5058,,,1,55,,45804,5058,,,1,18,,45792,5058,,,1,19,,45787,5058,,,1,17,,45782,5058,,,1,60,,45778,5058,,,1,26,,45780,5058,,,1,67,,45766,5058,,,1,25,,45762,5058,,,1,70,,45772,5058,,,1,30,,45777,5058,,,1,69,,45775,5058,,,1,30,,45776,5058,,,1,70,,45779,5058,,,1,99,,45767,5058,,,1,98,,45774,5058,,,1,55,,45771,5058,,,1
13200,'DI',839,,38037,4214,0,21 45,1,100,,38042,4214,0,21 45,1,100,,38038,4214,0,21 45,1,100,,38040,4214,0,21 45,1,100,,38043,4214,0,21 45,1,100,,38046,4214,0,21 45,1,100,,38044,4214,0,21 45,1,105,,38048,4214,0,21 45,1,95,,38047,4214,0,21 45,1,100,,38045,4214,0,21 45,1,102,,38049,4214,0,21 45,1,98,,38050,4214,0,21 45,1,100,,38041,4214,0,21 45,1,100,,38036,4214,0,21 45,1,100,,38051,4214,0,21 45,1,100,,38053,4214,0,21 45,1,100,,38039,4214,0,21 45,1,100,,38052,4214,0,21 45,1
13200,'F1',839,,50085,4214,0,21 45,1,100,,50090,4214,0,21 45,1,100,,50086,4214,0,21 45,1,100,,50088,4214,0,21 45,1,100,,50091,4214,0,21 45,1,100,,50094,4214,0,21 45,1,100,,50092,4214,0,21 45,1,105,,50096,4214,0,21 45,1,95,,50095,4214,0,21 45,1,100,,50093,4214,0,21 45,1,102,,50097,4214,0,21 45,1,98,,50098,4214,0,21 45,1,100,,50089,4214,0,21 45,1,100,,50084,4214,0,21 45,1,100,,50099,4214,0,21 45,1,100,,50101,4214,0,21 45,1,100,,50087,4214,0,21 45,1,100,,50100,4214,0,21 45,1
13200,'F2',739,,50120,4214,0,21 45,1,100,,50107,4214,0,21 45,1,100,,50102,4214,0,21 45,1,103,,50103,4214,0,21 45,1,97,,50108,4214,0,21 45,1,104,,50104,4214,0,21 45,1,96,,50119,4214,0,21 45,1,104,,50109,4214,0,21 45,1,96,,50111,4214,0,21 45,1,100,,50105,4214,0,21 45,1,100,,50110,4214,0,21 45,1,102,,50112,4214,0,21 45,1,98,,50114,4214,0,21 45,1,100,,50113,4214,0,21 45,1,100,,50116,4214,0,21 45,1,100,,50115,4214,0,21 45,1,100,,50118,4214,0,21 45,1,100,,50117,4214,0,21 45,1,100,,50106,4214,0,21 45,1
13200,'F8',739,,38135,4214,0,21 45,1,100,,38122,4214,0,21 45,1,100,,38117,4214,0,21 45,1,103,,38118,4214,0,21 45,1,97,,38123,4214,0,21 45,1,104,,38119,4214,0,21 45,1,96,,38134,4214,0,21 45,1,104,,38124,4214,0,21 45,1,96,,38126,4214,0,21 45,1,100,,38120,4214,0,21 45,1,100,,38125,4214,0,21 45,1,102,,38127,4214,0,21 45,1,98,,38129,4214,0,21 45,1,100,,38128,4214,0,21 45,1,100,,38131,4214,0,21 45,1,100,,38130,4214,0,21 45,1,100,,38133,4214,0,21 45,1,100,,38132,4214,0,21 45,1,100,,38121,4214,0,21 45,1
13200,'F9',839,,38137,4214,0,21 45,1,100,,38142,4214,0,21 45,1,100,,38138,4214,0,21 45,1,100,,38140,4214,0,21 45,1,100,,38143,4214,0,21 45,1,100,,38146,4214,0,21 45,1,100,,38144,4214,0,21 45,1,105,,38148,4214,0,21 45,1,95,,38147,4214,0,21 45,1,100,,38145,4214,0,21 45,1,102,,38149,4214,0,21 45,1,98,,38150,4214,0,21 45,1,100,,38141,4214,0,21 45,1,100,,38136,4214,0,21 45,1,100,,38151,4214,0,21 45,1,100,,38153,4214,0,21 45,1,100,,38139,4214,0,21 45,1,100,,38152,4214,0,21 45,1
13200,'SA',739,,38172,4214,0,21 45,1,100,,38159,4214,0,21 45,1,100,,38154,4214,0,21 45,1,103,,38155,4214,0,21 45,1,97,,38160,4214,0,21 45,1,104,,38156,4214,0,21 45,1,96,,38171,4214,0,21 45,1,104,,38161,4214,0,21 45,1,96,,38163,4214,0,21 45,1,100,,38157,4214,0,21 45,1,100,,38162,4214,0,21 45,1,102,,38164,4214,0,21 45,1,98,,38166,4214,0,21 45,1,100,,38165,4214,0,21 45,1,100,,38168,4214,0,21 45,1,100,,38167,4214,0,21 45,1,100,,38170,4214,0,21 45,1,100,,38169,4214,0,21 45,1,100,,38158,4214,0,21 45,1
13200,'SE',647,,50121,4214,0,21 45,1,63,,50133,4214,0,21 45,1,20,,50132,4214,0,21 45,1,22,,50130,4214,0,21 45,1,58,,50122,4214,0,21 45,1,22,,50134,4214,0,21 45,1,80,,50131,4214,0,21 45,1,96,,50127,4214,0,21 45,1,99,,50140,4214,0,21 45,1,96,,50125,4214,0,21 45,1,100,,50141,4214,0,21 45,1,108,,50144,4214,0,21 45,1,94,,50123,4214,0,21 45,1,24,,50135,4214,0,21 45,1,20,,50137,4214,0,21 45,1,60,,50129,4214,0,21 45,1,22,,50124,4214,0,21 45,1,20,,50136,4214,0,21 45,1,60,,50142,4214,0,21 45,1,20,,50128,4214,0,21 45,1,21,,50126,4214,0,21 45,1,59,,50139,4214,0,21 45,1,19,,50143,4214,0,21 45,1,19,,50138,4214,0,21 45,1
42101,'SE',551,,50750,1547,,,1,77,,50747,1547,,,1,23,,50749,1547,,,1,62,,50752,1547,,,1,17,,50748,1547,,,1,72,,50756,1547,,,1,724,,50754,1547,,,1,75,,50757,1547,,,1,19,,50755,1547,,,1,30,,50758,1547,,,1,71,,50746,1547,,,1,30,,50753,1547,,,1,576,,50745,1547,,,1
