8000,'DI',644,,35390,16607,4,,1,100,,35391,16607,4,,1,100,,35392,16607,4,,1,100,,35393,16607,4,,1,100,,35394,16607,4,,1,100,,35395,16607,4,,1,100,,35396,16607,4,,1,100,,35397,16607,4,,1,100,,35398,16607,4,,1,100,,35399,16607,4,,1,100,,35400,16607,4,,1,102,,35401,16607,4,,1,100,,35402,16607,4,,1,100,,35403,16607,4,,1,100,,35404,16607,4,,1,100,,35405,16607,4,,1,100,,35406,16607,4,,1,100,,35407,16607,4,,1,100,,35408,16607,4,,1
8000,'F1',644,,49010,16607,4,,1,100,,49011,16607,4,,1,100,,49012,16607,4,,1,100,,49013,16607,4,,1,100,,49014,16607,4,,1,100,,49015,16607,4,,1,100,,49016,16607,4,,1,100,,49017,16607,4,,1,100,,49018,16607,4,,1,100,,49019,16607,4,,1,100,,49020,16607,4,,1,102,,49021,16607,4,,1,100,,49022,16607,4,,1,100,,49023,16607,4,,1,100,,49024,16607,4,,1,100,,49025,16607,4,,1,100,,49026,16607,4,,1,100,,49027,16607,4,,1,100,,49028,16607,4,,1
8000,'F2',645,,49029,16607,4,,1,100,,49030,16607,4,,1,100,,49031,16607,4,,1,100,,49032,16607,4,,1,100,,49033,16607,4,,1,100,,49034,16607,4,,1,100,,49035,16607,4,,1,100,,49036,16607,4,,1,100,,49037,16607,4,,1,100,,49038,16607,4,,1,100,,49039,16607,4,,1,100,,49040,16607,4,,1,100,,49041,16607,4,,1,100,,49042,16607,4,,1,100,,49043,16607,4,,1,100,,49044,16607,4,,1,100,,49045,16607,4,,1,100,,49046,16607,4,,1,100,,49047,16607,4,,1
8000,'F8',645,,35470,16607,4,,1,100,,35471,16607,4,,1,100,,35472,16607,4,,1,100,,35473,16607,4,,1,100,,35474,16607,4,,1,100,,35475,16607,4,,1,100,,35476,16607,4,,1,100,,35477,16607,4,,1,100,,35478,16607,4,,1,100,,35479,16607,4,,1,100,,35480,16607,4,,1,100,,35481,16607,4,,1,100,,35482,16607,4,,1,100,,35483,16607,4,,1,100,,35484,16607,4,,1,100,,35485,16607,4,,1,100,,35486,16607,4,,1,100,,35487,16607,4,,1,100,,35488,16607,4,,1
8000,'F9',644,,35489,16607,4,,1,100,,35490,16607,4,,1,100,,35491,16607,4,,1,100,,35492,16607,4,,1,100,,35493,16607,4,,1,100,,35494,16607,4,,1,100,,35495,16607,4,,1,100,,35496,16607,4,,1,100,,35497,16607,4,,1,100,,35498,16607,4,,1,100,,35499,16607,4,,1,102,,35500,16607,4,,1,100,,35501,16607,4,,1,100,,35502,16607,4,,1,100,,35503,16607,4,,1,100,,35504,16607,4,,1,100,,35505,16607,4,,1,100,,35506,16607,4,,1,100,,35507,16607,4,,1
8000,'SA',645,,35508,16607,4,,1,100,,35509,16607,4,,1,100,,35510,16607,4,,1,100,,35511,16607,4,,1,100,,35512,16607,4,,1,100,,35513,16607,4,,1,100,,35514,16607,4,,1,100,,35515,16607,4,,1,100,,35516,16607,4,,1,100,,35517,16607,4,,1,100,,35518,16607,4,,1,100,,35519,16607,4,,1,100,,35520,16607,4,,1,100,,35521,16607,4,,1,100,,35522,16607,4,,1,100,,35523,16607,4,,1,100,,35524,16607,4,,1,100,,35525,16607,4,,1,100,,35526,16607,4,,1
8000,'SE',605,,49052,16607,4,,1,40,,49061,16607,4,,1,69,,49055,16607,4,,1,30,,49062,16607,4,,1,70,,49063,16607,4,,1,33,,49049,16607,4,,1,97,,49050,16607,4,,1,101,,49051,16607,4,,1,100,,49056,16607,4,,1,100,,49057,16607,4,,1,100,,49058,16607,4,,1,100,,49059,16607,4,,1,101,,49060,16607,4,,1,65,,49064,16607,4,,1,35,,49053,16607,4,,1,70,,49065,16607,4,,1,24,,49048,16607,4,,1,86,,49066,16607,4,,1,98,,49054,16607,4,,1,100,,49067,16607,4,,1,99,,49068,16607,4,,1,100,,49069,16607,4,,1,100,,49070,16607,4,,1,100,,49071,16607,4,,1
8001,'DI',644,,35550,0,,,1,100,,35551,0,,,1,100,,35552,0,,,1,100,,35553,0,,,1,100,,35554,0,,,1,100,,35555,0,,,1,100,,35556,0,,,1,100,,35557,0,,,1,100,,35558,0,,,1,100,,35559,0,,,1,100,,35560,0,,,1,102,,35561,0,,,1,100,,35562,0,,,1,100,,35563,0,,,1,100,,35564,0,,,1,100,,35565,0,,,1,100,,35566,0,,,1,100,,35567,0,,,1,100,,35568,0,,,1
8001,'F1',644,,49072,0,,,1,100,,49073,0,,,1,100,,49074,0,,,1,100,,49075,0,,,1,100,,49076,0,,,1,100,,49077,0,,,1,100,,49078,0,,,1,100,,49079,0,,,1,100,,49080,0,,,1,100,,49081,0,,,1,100,,49082,0,,,1,102,,49083,0,,,1,100,,49084,0,,,1,100,,49085,0,,,1,100,,49086,0,,,1,100,,49087,0,,,1,100,,49088,0,,,1,100,,49089,0,,,1,100,,49090,0,,,1
8001,'F2',645,,49091,0,,,1,100,,49092,0,,,1,100,,49093,0,,,1,100,,49094,0,,,1,100,,49095,0,,,1,100,,49096,0,,,1,100,,49097,0,,,1,100,,49098,0,,,1,100,,49099,0,,,1,100,,49100,0,,,1,100,,49101,0,,,1,100,,49102,0,,,1,100,,49103,0,,,1,100,,49104,0,,,1,100,,49105,0,,,1,100,,49106,0,,,1,100,,49107,0,,,1,100,,49108,0,,,1,100,,49109,0,,,1
8001,'F8',645,,35631,0,,,1,100,,35632,0,,,1,100,,35633,0,,,1,100,,35634,0,,,1,100,,35635,0,,,1,100,,35636,0,,,1,100,,35637,0,,,1,100,,35638,0,,,1,100,,35639,0,,,1,100,,35640,0,,,1,100,,35641,0,,,1,100,,35642,0,,,1,100,,35643,0,,,1,100,,35644,0,,,1,100,,35645,0,,,1,100,,35646,0,,,1,100,,35647,0,,,1,100,,35648,0,,,1,100,,35649,0,,,1
8001,'F9',644,,35650,0,,,1,100,,35651,0,,,1,100,,35652,0,,,1,100,,35653,0,,,1,100,,35654,0,,,1,100,,35655,0,,,1,100,,35656,0,,,1,100,,35657,0,,,1,100,,35658,0,,,1,100,,35659,0,,,1,100,,35660,0,,,1,102,,35661,0,,,1,100,,35662,0,,,1,100,,35663,0,,,1,100,,35664,0,,,1,100,,35665,0,,,1,100,,35666,0,,,1,100,,35667,0,,,1,100,,35668,0,,,1
8001,'SA',645,,35669,0,,,1,100,,35670,0,,,1,100,,35671,0,,,1,100,,35672,0,,,1,100,,35673,0,,,1,100,,35674,0,,,1,100,,35675,0,,,1,100,,35676,0,,,1,100,,35677,0,,,1,100,,35678,0,,,1,100,,35679,0,,,1,100,,35680,0,,,1,100,,35681,0,,,1,100,,35682,0,,,1,100,,35683,0,,,1,100,,35684,0,,,1,100,,35685,0,,,1,100,,35686,0,,,1,100,,35687,0,,,1
8001,'SE',541,,49115,0,,,1,70,,49114,0,,,1,36,,49124,0,,,1,69,,49118,0,,,1,30,,49125,0,,,1,70,,49126,0,,,1,33,,49111,0,,,1,97,,49112,0,,,1,100,,49113,0,,,1,100,,49119,0,,,1,100,,49120,0,,,1,100,,49121,0,,,1,100,,49122,0,,,1,102,,49123,0,,,1,65,,49127,0,,,1,35,,49116,0,,,1,70,,49128,0,,,1,24,,49110,0,,,1,89,,49129,0,,,1,93,,49117,0,,,1,100,,49130,0,,,1,99,,49131,0,,,1,100,,49132,0,,,1,100,,49133,0,,,1,100,,49134,0,,,1
