2901,'DI',710,,56439,5922,,,1,100,,56440,5922,,,1,100,,56441,5922,,,1,100,,56442,5922,,,1,100,,56443,5922,,,1,100,,56444,5922,,,1,100,,56445,5922,,,1,100,,56446,5922,,,1,100,,56447,5922,,,1,100,,56448,5922,,,1,100,,56449,5922,,,1,100,,56450,5922,,,1,98,,56451,5922,,,1,100,,56452,5922,,,1,100,,56453,5922,,,1,100,,56454,5922,,,1,100,,56455,5922,,,1,120,,56456,5922,,,1
2901,'F1',710,,56458,5922,,,1,100,,56459,5922,,,1,100,,56460,5922,,,1,100,,56461,5922,,,1,100,,56462,5922,,,1,100,,56463,5922,,,1,100,,56464,5922,,,1,100,,56465,5922,,,1,100,,56466,5922,,,1,100,,56467,5922,,,1,100,,56468,5922,,,1,100,,56469,5922,,,1,98,,56470,5922,,,1,100,,56471,5922,,,1,100,,56472,5922,,,1,100,,56473,5922,,,1,100,,56474,5922,,,1,120,,56475,5922,,,1
2901,'F2',710,,56485,5922,,,1,100,,56486,5922,,,1,100,,56487,5922,,,1,100,,56488,5922,,,1,100,,56489,5922,,,1,100,,56490,5922,,,1,100,,56491,5922,,,1,100,,56492,5922,,,1,99,,56493,5922,,,1,99,,56494,5922,,,1,99,,56495,5922,,,1,108,,56477,5922,,,1,97,,56478,5922,,,1,97,,56479,5922,,,1,99,,56480,5922,,,1,100,,56481,5922,,,1,100,,56482,5922,,,1,120,,56483,5922,,,1
2901,'SA',710,,56504,5922,,,1,100,,56505,5922,,,1,100,,56506,5922,,,1,100,,56507,5922,,,1,100,,56508,5922,,,1,100,,56509,5922,,,1,100,,56510,5922,,,1,100,,56511,5922,,,1,99,,56512,5922,,,1,99,,56513,5922,,,1,99,,56514,5922,,,1,108,,56496,5922,,,1,97,,56497,5922,,,1,97,,56498,5922,,,1,99,,56499,5922,,,1,100,,56500,5922,,,1,100,,56501,5922,,,1,120,,56502,5922,,,1
2901,'SE',640,,56526,5922,,,1,66,,56535,5922,,,1,36,,56538,5922,,,1,2,,56517,5922,,,1,67,,56541,5922,,,1,30,,56530,5922,,,1,69,,56539,5922,,,1,103,,56516,5922,,,1,100,,56537,5922,,,1,101,,56542,5922,,,1,100,,56534,5922,,,1,100,,56524,5922,,,1,101,,56536,5922,,,1,35,,56540,5922,,,1,65,,56515,5922,,,1,34,,56533,5922,,,1,60,,56518,5922,,,1,28,,56519,5922,,,1,13,,56529,5922,,,1,68,,56527,5922,,,1,28,,56520,5922,,,1,67,,56525,5922,,,1,99,,56528,5922,,,1,99,,56521,5922,,,1,98,,56522,5922,,,1,98,,56523,5922,,,1,121,,56531,5922,,,1
7700,'DI',658,,59947,248,,,1,100,,59949,248,,,1,100,,59948,248,,,1,100,,59950,248,,,1,100,,59951,248,,,1,100,,59953,248,,,1,100,,59952,248,,,1,100,,59954,248,,,1,100,,59945,248,,,1,100,,59955,248,,,1,100,,59946,248,,,1,100,,59956,248,,,1,100,,59957,248,,,1,100,,59959,248,,,1,100,,59958,248,,,1
7700,'F1',658,,59962,248,,,1,100,,59964,248,,,1,100,,59963,248,,,1,100,,59965,248,,,1,100,,59966,248,,,1,100,,59968,248,,,1,100,,59967,248,,,1,100,,59969,248,,,1,100,,59960,248,,,1,100,,59970,248,,,1,100,,59961,248,,,1,100,,59971,248,,,1,100,,59972,248,,,1,100,,59974,248,,,1,100,,59973,248,,,1
7700,'F2',658,,59975,248,,,1,100,,59977,248,,,1,100,,59976,248,,,1,100,,59978,248,,,1,100,,59980,248,,,1,100,,59979,248,,,1,100,,59981,248,,,1,97,,59982,248,,,1,103,,59983,248,,,1,99,,59985,248,,,1,101,,59984,248,,,1,100,,59986,248,,,1,100,,59987,248,,,1,100,,59989,248,,,1,100,,59988,248,,,1
7700,'SA',658,,59990,248,,,1,100,,59992,248,,,1,100,,59991,248,,,1,100,,59993,248,,,1,100,,59995,248,,,1,100,,59994,248,,,1,100,,59996,248,,,1,97,,59997,248,,,1,103,,59998,248,,,1,99,,60000,248,,,1,101,,59999,248,,,1,100,,60001,248,,,1,100,,60002,248,,,1,100,,60004,248,,,1,100,,60003,248,,,1
7700,'SE',548,,60026,248,,,1,77,,60025,248,,,1,34,,60027,248,,,1,64,,60005,248,,,1,31,,60007,248,,,1,71,,60009,248,,,1,32,,60028,248,,,1,70,,60006,248,,,1,30,,60008,248,,,1,70,,60010,248,,,1,32,,60029,248,,,1,69,,60030,248,,,1,31,,60031,248,,,1,72,,60011,248,,,1,70,,60032,248,,,1,30,,60014,248,,,1,28,,60020,248,,,1,70,,60012,248,,,1,20,,60036,248,,,1,60,,60033,248,,,1,5,,60042,248,,,1,15,,60015,248,,,1,18,,60023,248,,,1,58,,60021,248,,,1,18,,60039,248,,,1,18,,60013,248,,,1,16,,60017,248,,,1,62,,60037,248,,,1,20,,60016,248,,,1,18,,60024,248,,,1,2,,60034,248,,,1,60,,60022,248,,,1,18,,60040,248,,,1,70,,60018,248,,,1,32,,60038,248,,,1,71,,60035,248,,,1,29,,60041,248,,,1,70,,60019,248,,,1
