2301,'F2',607,,56098,1785,,,1,103,,56089,1785,,,1,100,,56091,1785,,,1,100,,56096,1785,,,1,103,,56097,1785,,,1,99,,56088,1785,,,1,103,,56094,1785,,,1,97,,56087,1785,,,1,99,,56090,1785,,,1,100,,56092,1785,,,1,100,,56093,1785,,,1,100,,56095,1785,,,1
2301,'SA',607,,56110,1785,,,1,103,,56101,1785,,,1,100,,56103,1785,,,1,100,,56108,1785,,,1,103,,56109,1785,,,1,99,,56100,1785,,,1,103,,56106,1785,,,1,97,,56099,1785,,,1,99,,56102,1785,,,1,100,,56104,1785,,,1,100,,56105,1785,,,1,100,,56107,1785,,,1
2301,'SE',1015,,56114,1785,,,1,100,,56111,1785,,,1,100,,56113,1785,,,1,101,,56115,1785,,,1,100,,56112,1785,,,1
12301,'DI',540,,37798,16082,,,1,100,,37808,16082,,,1,100,,37799,16082,,,1,100,,37809,16082,,,1,101,,37800,16082,,,1,100,,37810,16082,,,1,100,,37801,16082,,,1,100,,61842,16082,,,1,100,,37802,16082,,,1,100,,61843,16082,,,1,100,,37803,16082,,,1,100,,61844,16082,,,1,100,,61838,16082,,,1,100,,61845,16082,,,1,100,,61839,16082,,,1,99,,61846,16082,,,1,100,,61840,16082,,,1,100,,61847,16082,,,1,100,,61841,16082,,,1,100,,61848,16082,,,1
12301,'F1',540,,49985,16082,,,1,100,,49995,16082,,,1,100,,49986,16082,,,1,100,,49996,16082,,,1,101,,49987,16082,,,1,100,,49997,16082,,,1,100,,49988,16082,,,1,100,,61853,16082,,,1,100,,49989,16082,,,1,100,,61854,16082,,,1,100,,49990,16082,,,1,100,,61855,16082,,,1,100,,61849,16082,,,1,100,,61856,16082,,,1,100,,61850,16082,,,1,99,,61857,16082,,,1,100,,61851,16082,,,1,100,,61858,16082,,,1,100,,61852,16082,,,1,100,,61859,16082,,,1
12301,'F2',539,,61861,16082,,,1,100,,61860,16082,,,1,100,,61862,16082,,,1,100,,61868,16082,,,1,100,,61872,16082,,,1,100,,61863,16082,,,1,100,,61873,16082,,,1,100,,61864,16082,,,1,100,,61874,16082,,,1,100,,61865,16082,,,1,100,,61875,16082,,,1,100,,61866,16082,,,1,100,,61876,16082,,,1,100,,61867,16082,,,1,100,,61877,16082,,,1,100,,61869,16082,,,1,100,,61878,16082,,,1,100,,61870,16082,,,1,100,,61879,16082,,,1,100,,61871,16082,,,1
12301,'SA',539,,61881,16082,,,1,100,,61880,16082,,,1,100,,61882,16082,,,1,100,,61888,16082,,,1,100,,61892,16082,,,1,100,,61883,16082,,,1,100,,61893,16082,,,1,100,,61884,16082,,,1,100,,61894,16082,,,1,100,,61885,16082,,,1,100,,61895,16082,,,1,100,,61886,16082,,,1,100,,61896,16082,,,1,100,,61887,16082,,,1,100,,61897,16082,,,1,100,,61889,16082,,,1,100,,61898,16082,,,1,100,,61890,16082,,,1,100,,61899,16082,,,1,100,,61891,16082,,,1
12301,'SE',526,,61913,16082,,,1,30,,61916,16082,,,1,60,,50029,16082,,,1,24,,61904,16082,,,1,15,,61902,16082,,,1,66,,61901,16082,,,1,30,,61900,16082,,,1,69,,61903,16082,,,1,30,,61905,16082,,,1,68,,61910,16082,,,1,30,,61912,16082,,,1,96,,61909,16082,,,1,101,,61932,16082,,,1,100,,61908,16082,,,1,100,,61918,16082,,,1,100,,61922,16082,,,1,11,,61921,16082,,,1,66,,50049,16082,,,1,20,,50053,16082,,,1,15,,61927,16082,,,1,59,,61928,16082,,,1,6,,61924,16082,,,1,15,,61929,16082,,,1,10,,61931,16082,,,1,6,,61919,16082,,,1,64,,61926,16082,,,1,27,,50050,16082,,,1,69,,61911,16082,,,1,31,,61917,16082,,,1,66,,61920,16082,,,1,34,,61907,16082,,,1,68,,61906,16082,,,1,30,,61925,16082,,,1,98,,61930,16082,,,1,98,,61914,16082,,,1,100,,61923,16082,,,1,118,,61915,16082,,,1
16101,'DI',612,,62407,9784,,,2,30,,62404,5062,,,2,70,,62398,5062,,,2,30,,38765,5062,,,2,70,,62402,5062,,,2,30,,62401,5062,,,2,70,,62399,5062,,,2,702,,62403,5062,,,2,28,,62406,5062,,,2,72,,62405,5062,,,2,30,,62408,9784,,,2,70,,62397,5062,,,2,32,,62400,5062,,,2
16101,'F1',612,,62419,9784,,,2,30,,62416,5062,,,2,70,,62410,5062,,,2,30,,50376,5062,,,2,70,,62414,5062,,,2,30,,62413,5062,,,2,70,,62411,5062,,,2,702,,62415,5062,,,2,28,,62418,5062,,,2,72,,62417,5062,,,2,30,,62420,9784,,,2,70,,62409,5062,,,2,32,,62412,5062,,,2
16101,'F2',612,,62433,9784,,,2,30,,62430,5062,,,2,70,,62422,5062,,,2,30,,62425,5062,,,2,70,,62431,5062,,,2,30,,62426,5062,,,2,70,,62427,5062,,,2,700,,62428,5062,,,2,31,,62424,5062,,,2,71,,62429,5062,,,2,30,,62432,9784,,,2,71,,62421,5062,,,2,31,,62423,5062,,,2
16101,'SA',612,,62446,9784,,,2,30,,62443,5062,,,2,70,,62435,5062,,,2,30,,62438,5062,,,2,70,,62444,5062,,,2,30,,62439,5062,,,2,70,,62440,5062,,,2,700,,62441,5062,,,2,31,,62437,5062,,,2,71,,62442,5062,,,2,30,,62445,9784,,,2,71,,62434,5062,,,2,31,,62436,5062,,,2
16101,'SE',606,,62453,5062,,,2,20,,62452,5062,,,2,24,,62463,9784,,,2,60,,62450,5062,,,2,13,,62462,9784,,,2,17,,62455,5062,,,2,16,,62464,9784,,,2,56,,62449,5062,,,2,23,,62454,5062,,,2,20,,62447,5062,,,2,57,,62459,5062,,,2,20,,62448,5062,,,2,325,,62460,9784,,,2,372,,62461,9784,,,2,15,,62451,5062,,,2,61,,62465,9784,,,2,20,,62458,5062,,,2,18,,62466,9784,,,2,61,,62457,5062,,,2,20,,62456,5062,,,2
