301,'DI',631,,52169,9070,,,1,100,,52177,9070,,,1,100,,52170,9070,,,1,100,,52178,9070,,,1,100,,52171,9070,,,1,100,,52172,9070,,,1,100,,52180,9070,,,1,100,,52173,9070,,,1,100,,52174,9070,,,1,100,,52175,9070,,,1,100,,52179,9070,,,1,100,,705,9070,,,1,100,,706,9070,,,1,100,,52176,9070,,,1,100,,20857,9070,,,1,100,,20858,9070,,,1,100,,20859,9070,,,1,100,,20860,9070,,,1,100,,20861,9070,,,1
301,'F1',631,,52181,9070,,,1,100,,52189,9070,,,1,100,,52182,9070,,,1,100,,52190,9070,,,1,100,,52183,9070,,,1,100,,52184,9070,,,1,100,,52192,9070,,,1,100,,52185,9070,,,1,100,,52186,9070,,,1,100,,52187,9070,,,1,100,,52191,9070,,,1,100,,43294,9070,,,1,100,,43295,9070,,,1,100,,52188,9070,,,1,100,,43297,9070,,,1,100,,43298,9070,,,1,100,,43299,9070,,,1,100,,43300,9070,,,1,100,,43301,9070,,,1
301,'F2',601,,52203,9070,,,1,30,,52205,9070,,,1,70,,52208,9070,,,1,30,,52193,9070,,,1,70,,52204,9070,,,1,30,,52212,9070,,,1,70,,52209,9070,,,1,30,,52194,9070,,,1,70,,52200,9070,,,1,30,,52195,9070,,,1,70,,52210,9070,,,1,30,,52213,9070,,,1,70,,52201,9070,,,1,30,,52216,9070,,,1,70,,52202,9070,,,1,30,,52217,9070,,,1,70,,43328,9070,,,1,30,,52218,9070,,,1,70,,43329,9070,,,1,30,,52211,9070,,,1,70,,52196,9070,,,1,30,,52222,9070,,,1,70,,52197,9070,,,1,30,,52223,9070,,,1,70,,52198,9070,,,1,30,,52224,9070,,,1,100,,52214,9070,,,1,100,,52215,9070,,,1,100,,52219,9070,,,1,100,,52220,9070,,,1,100,,52221,9070,,,1,100,,52207,9070,,,1
301,'SA',601,,52235,9070,,,1,30,,52237,9070,,,1,70,,52240,9070,,,1,30,,52225,9070,,,1,70,,52236,9070,,,1,30,,52244,9070,,,1,70,,52241,9070,,,1,30,,52226,9070,,,1,70,,52232,9070,,,1,30,,52227,9070,,,1,70,,52242,9070,,,1,30,,52245,9070,,,1,70,,52233,9070,,,1,30,,52248,9070,,,1,70,,52234,9070,,,1,30,,52249,9070,,,1,70,,847,9070,,,1,30,,52250,9070,,,1,70,,848,9070,,,1,30,,52243,9070,,,1,70,,52228,9070,,,1,30,,52254,9070,,,1,70,,52229,9070,,,1,30,,52255,9070,,,1,70,,52230,9070,,,1,30,,52256,9070,,,1,100,,52246,9070,,,1,100,,52247,9070,,,1,100,,52251,9070,,,1,100,,52252,9070,,,1,100,,52253,9070,,,1,100,,52239,9070,,,1
301,'SE',519,,52257,9070,,,1,30,,52270,9070,,,1,72,,52283,9070,,,1,25,,52291,9070,,,1,61,,52295,9070,,,1,15,,52290,9070,,,1,16,,52269,9070,,,1,15,,52293,9070,,,1,55,,52300,9070,,,1,19,,52284,9070,,,1,21,,52294,9070,,,1,59,,52288,9070,,,1,28,,52278,9070,,,1,70,,52280,9070,,,1,30,,52279,9070,,,1,70,,52281,9070,,,1,30,,52268,9070,,,1,70,,52273,9070,,,1,30,,52258,9070,,,1,70,,52274,9070,,,1,30,,52259,9070,,,1,70,,52275,9070,,,1,30,,52260,9070,,,1,70,,52296,9070,,,1,32,,52285,9070,,,1,79,,52297,9070,,,1,84,,52301,9070,,,1,41,,52298,9070,,,1,78,,52282,9070,,,1,89,,52271,9070,,,1,27,,52276,9070,,,1,67,,52272,9070,,,1,30,,52277,9070,,,1,70,,52266,9070,,,1,30,,52261,9070,,,1,70,,52267,9070,,,1,30,,52262,9070,,,1,100,,52263,9070,,,1,100,,52264,9070,,,1
400,'DI',646,,52309,20033,,,1,69,,52302,20033,,,1,30,,52320,20033,,,1,70,,52312,20033,,,1,30,,52310,20033,,,1,72,,52303,20033,,,1,30,,52321,20033,,,1,72,,52313,20033,,,1,30,,52323,20033,,,1,70,,52304,20033,,,1,33,,52322,20033,,,1,70,,52314,20033,,,1,27,,52324,20033,,,1,71,,52305,20033,,,1,32,,52329,20033,,,1,70,,52327,20033,,,1,28,,52317,20033,,,1,71,,52306,20033,,,1,29,,52325,20033,,,1,70,,52330,20033,,,1,32,,52315,20033,,,1,70,,52307,20033,,,1,30,,52326,20033,,,1,70,,52331,20033,,,1,30,,52316,20033,,,1,68,,52318,20033,,,1,30,,52332,20033,,,1,70,,52328,20033,,,1,30,,52333,20033,,,1,70,,52319,20033,,,1,30,,52311,20033,,,1,70,,52334,20033,,,1,30,,52336,20033,,,1,100,,52335,20033,,,1,100,,52308,20033,,,1
400,'F1',646,,52344,20033,,,1,69,,52337,20033,,,1,30,,52355,20033,,,1,70,,52347,20033,,,1,30,,52345,20033,,,1,72,,52338,20033,,,1,30,,52356,20033,,,1,72,,52348,20033,,,1,30,,52358,20033,,,1,70,,52339,20033,,,1,33,,52357,20033,,,1,70,,52349,20033,,,1,27,,52359,20033,,,1,71,,52340,20033,,,1,32,,52364,20033,,,1,70,,52362,20033,,,1,28,,52352,20033,,,1,71,,52341,20033,,,1,29,,52360,20033,,,1,70,,52365,20033,,,1,32,,52350,20033,,,1,70,,52342,20033,,,1,30,,52361,20033,,,1,70,,52366,20033,,,1,30,,52351,20033,,,1,68,,52353,20033,,,1,30,,52367,20033,,,1,70,,52363,20033,,,1,30,,52368,20033,,,1,70,,52354,20033,,,1,30,,52346,20033,,,1,70,,52369,20033,,,1,30,,52371,20033,,,1,100,,52370,20033,,,1,100,,52343,20033,,,1
400,'F2',646,,52373,20033,,,1,69,,52391,20033,,,1,30,,52375,20033,,,1,70,,52380,20033,,,1,30,,52374,20033,,,1,72,,52392,20033,,,1,30,,52376,20033,,,1,72,,52381,20033,,,1,31,,52383,20033,,,1,70,,52393,20033,,,1,32,,52377,20033,,,1,70,,52382,20033,,,1,30,,52399,20033,,,1,70,,52397,20033,,,1,30,,52372,20033,,,1,70,,52384,20033,,,1,30,,52390,20033,,,1,70,,52385,20033,,,1,30,,52395,20033,,,1,70,,52378,20033,,,1,30,,52398,20033,,,1,70,,52394,20033,,,1,30,,52379,20033,,,1,70,,52387,20033,,,1,28,,52389,20033,,,1,70,,52401,20033,,,1,30,,52386,20033,,,1,70,,52404,20033,,,1,30,,52402,20033,,,1,70,,52403,20033,,,1,30,,52396,20033,,,1,70,,52405,20033,,,1,30,,52406,20033,,,1,100,,52400,20033,,,1,100,,52388,20033,,,1
400,'SA',646,,52408,20033,,,1,69,,52426,20033,,,1,30,,52410,20033,,,1,70,,52415,20033,,,1,30,,52409,20033,,,1,72,,52427,20033,,,1,30,,52411,20033,,,1,72,,52416,20033,,,1,31,,52418,20033,,,1,70,,52428,20033,,,1,32,,52412,20033,,,1,70,,52417,20033,,,1,30,,52434,20033,,,1,70,,52432,20033,,,1,30,,52407,20033,,,1,70,,52419,20033,,,1,30,,52425,20033,,,1,70,,52420,20033,,,1,30,,52430,20033,,,1,70,,52413,20033,,,1,30,,52433,20033,,,1,70,,52429,20033,,,1,30,,52414,20033,,,1,70,,52422,20033,,,1,28,,52424,20033,,,1,70,,52436,20033,,,1,30,,52421,20033,,,1,70,,52439,20033,,,1,30,,52437,20033,,,1,70,,52438,20033,,,1,30,,52431,20033,,,1,70,,52440,20033,,,1,30,,52441,20033,,,1,100,,52435,20033,,,1,100,,52423,20033,,,1
400,'SE',552,,52473,20033,,,1,65,,52469,20033,,,1,28,,52468,20033,,,1,60,,52475,20033,,,1,15,,52476,20033,,,1,20,,52467,20033,,,1,66,,52478,20033,,,1,19,,52470,20033,,,1,24,,52479,20033,,,1,9,,52483,20033,,,1,72,,52474,20033,,,1,13,,52453,20033,,,1,63,,52442,20033,,,1,30,,52455,20033,,,1,70,,52447,20033,,,1,30,,52448,20033,,,1,70,,52449,20033,,,1,30,,52451,20033,,,1,70,,52460,20033,,,1,30,,52461,20033,,,1,70,,52450,20033,,,1,29,,52446,20033,,,1,69,,52443,20033,,,1,34,,52477,20033,,,1,66,,52482,20033,,,1,38,,52480,20033,,,1,67,,52471,20033,,,1,30,,52472,20033,,,1,69,,52481,20033,,,1,24,,52459,20033,,,1,20,,52454,20033,,,1,71,,52464,20033,,,1,34,,52457,20033,,,1,70,,52444,20033,,,1,30,,52463,20033,,,1,67,,52465,20033,,,1,30,,52462,20033,,,1,70,,52452,20033,,,1,27,,52458,20033,,,1,70,,52466,20033,,,1,100,,52456,20033,,,1
901,'SE',633,,53731,13346,,,2,72,,53732,13346,,,2,33,,53733,13346,,,2,70,,53730,13346,,,2,28,,53734,13346,,,2,823,,53737,6808,,,2,79,,53736,6808,,,2,62,,53735,6808,,,2
1901,'DI',601,,55208,13408,,,2,100,,55209,13408,,,2,100,,55210,13408,,,2,100,,55211,13408,,,2,104,,55212,13408,,,2,100,,55213,13408,,,2,100,,55214,13408,,,2,100,,55215,13408,,,2,100,,55216,13408,,,2,100,,55217,13408,,,2,100,,55218,13408,,,2,100,,55219,13408,,,2,100,,55220,13408,,,2,100,,55221,13408,,,2,100,,55222,13408,,,2,100,,55223,13408,,,2,100,,55224,13408,,,2,100,,55226,13408,,,2,100,,55225,13408,,,2,100,,55227,13408,,,2
1901,'F1',601,,55228,13408,,,2,100,,55229,13408,,,2,100,,55230,13408,,,2,100,,55231,13408,,,2,104,,55232,13408,,,2,100,,55233,13408,,,2,100,,55234,13408,,,2,100,,55235,13408,,,2,100,,55236,13408,,,2,100,,55237,13408,,,2,100,,55238,13408,,,2,100,,55239,13408,,,2,100,,55240,13408,,,2,100,,55241,13408,,,2,100,,55242,13408,,,2,100,,55243,13408,,,2,100,,55244,13408,,,2,100,,55246,13408,,,2,100,,55245,13408,,,2,100,,55247,13408,,,2
1901,'F2',601,,55259,13408,,,2,30,,55280,13408,,,2,70,,55260,13408,,,2,30,,55281,13408,,,2,70,,55261,13408,,,2,30,,55251,13408,,,2,70,,55262,13408,,,2,30,,55252,13408,,,2,74,,55263,13408,,,2,30,,55253,13408,,,2,70,,55264,13408,,,2,30,,55254,13408,,,2,70,,55265,13408,,,2,30,,55255,13408,,,2,70,,55266,13408,,,2,30,,55256,13408,,,2,70,,55267,13408,,,2,30,,55257,13408,,,2,70,,55268,13408,,,2,30,,55258,13408,,,2,70,,55269,13408,,,2,30,,55248,13408,,,2,70,,55270,13408,,,2,30,,55249,13408,,,2,70,,55271,13408,,,2,30,,55250,13408,,,2,70,,55272,13408,,,2,100,,55273,13408,,,2,100,,55274,13408,,,2,100,,55275,13408,,,2,100,,55276,13408,,,2,100,,55277,13408,,,2,100,,55278,13408,,,2
1901,'SA',601,,55293,13408,,,2,30,,55314,13408,,,2,70,,55294,13408,,,2,30,,55315,13408,,,2,70,,55295,13408,,,2,30,,55285,13408,,,2,70,,55296,13408,,,2,30,,55286,13408,,,2,74,,55297,13408,,,2,30,,55287,13408,,,2,70,,55298,13408,,,2,30,,55288,13408,,,2,70,,55299,13408,,,2,30,,55289,13408,,,2,70,,55300,13408,,,2,30,,55290,13408,,,2,70,,55301,13408,,,2,30,,55291,13408,,,2,70,,55302,13408,,,2,30,,55292,13408,,,2,70,,55303,13408,,,2,30,,55282,13408,,,2,70,,55304,13408,,,2,30,,55283,13408,,,2,70,,55305,13408,,,2,30,,55284,13408,,,2,70,,55306,13408,,,2,100,,55307,13408,,,2,100,,55308,13408,,,2,100,,55309,13408,,,2,100,,55310,13408,,,2,100,,55311,13408,,,2,100,,55312,13408,,,2
1901,'SE',520,,55320,13408,,,2,35,,55319,13408,,,2,70,,55352,13408,,,2,22,,55342,11431,,,2,54,,55346,11431,,,2,15,,55340,11431,,,2,14,,55347,11431,,,2,12,,55344,11431,,,2,12,,55343,11431,,,2,52,,55349,11431,,,2,14,,55341,11431,,,2,21,,55348,11431,,,2,60,,55345,11431,,,2,33,,55337,13408,,,2,74,,55332,13408,,,2,30,,55338,13408,,,2,70,,55333,13408,,,2,30,,55323,13408,,,2,70,,55334,13408,,,2,30,,55324,13408,,,2,70,,55335,13408,,,2,30,,45338,13408,,,2,70,,55336,13408,,,2,32,,45339,13408,,,2,71,,55356,13408,,,2,30,,55358,13408,,,2,70,,55351,13408,,,2,21,,55350,13408,,,2,23,,55359,13408,,,2,60,,55355,13408,,,2,21,,55360,13408,,,2,17,,55357,13408,,,2,57,,55354,13408,,,2,19,,55353,13408,,,2,19,,55339,13408,,,2,64,,55329,13408,,,2,24,,55330,13408,,,2,70,,55325,13408,,,2,30,,55331,13408,,,2,70,,55326,13408,,,2,30,,55321,13408,,,2,69,,55327,13408,,,2,100,,55328,13408,,,2,100,,55316,13408,,,2,100,,55317,13408,,,2
2101,'DI',618,,55843,14448,,,1,30,,55842,14448,,,1,70,,55853,14448,,,1,29,,55850,14448,,,1,70,,55860,14448,,,1,30,,55849,14448,,,1,71,,55857,14448,,,1,30,,55874,14448,,,1,70,,55848,14448,,,1,27,,55851,14448,,,1,73,,55854,14448,,,1,30,,55862,14448,,,1,72,,55852,14448,,,1,30,,55870,14448,,,1,71,,55844,14448,,,1,34,,55868,14448,,,1,70,,55861,14448,,,1,30,,55858,14448,,,1,70,,55866,14448,,,1,30,,55869,14448,,,1,70,,55855,14448,,,1,30,,55867,14448,,,1,70,,55845,14448,,,1,30,,55859,14448,,,1,70,,55873,14448,,,1,30,,55865,14448,,,1,65,,55863,14448,,,1,27,,55838,14448,,,1,70,,55856,14448,,,1,30,,55872,14448,,,1,70,,55846,14448,,,1,30,,55871,14448,,,1,70,,55835,14448,,,1,30,,55837,14448,,,1,70,,55864,14448,,,1,30,,55847,14448,,,1,70,,55840,14448,,,1,30,,55839,14448,,,1
2101,'F1',618,,55883,14448,,,1,30,,55882,14448,,,1,70,,55893,14448,,,1,29,,55890,14448,,,1,70,,55900,14448,,,1,30,,55889,14448,,,1,71,,55897,14448,,,1,30,,55914,14448,,,1,70,,55888,14448,,,1,27,,55891,14448,,,1,73,,55894,14448,,,1,30,,55902,14448,,,1,72,,55892,14448,,,1,30,,55910,14448,,,1,71,,55884,14448,,,1,34,,55908,14448,,,1,70,,55901,14448,,,1,30,,55898,14448,,,1,70,,55906,14448,,,1,30,,55909,14448,,,1,70,,55895,14448,,,1,30,,55907,14448,,,1,70,,55885,14448,,,1,30,,55899,14448,,,1,70,,55913,14448,,,1,30,,55905,14448,,,1,65,,55903,14448,,,1,27,,55878,14448,,,1,70,,55896,14448,,,1,30,,55912,14448,,,1,70,,55886,14448,,,1,30,,55911,14448,,,1,70,,55875,14448,,,1,30,,55877,14448,,,1,70,,55904,14448,,,1,30,,55887,14448,,,1,70,,55880,14448,,,1,30,,55879,14448,,,1
2101,'F2',618,,55917,14448,,,1,30,,55919,14448,,,1,70,,55948,14448,,,1,30,,55918,14448,,,1,72,,55938,14448,,,1,30,,55929,14448,,,1,70,,55920,14448,,,1,30,,55949,14448,,,1,70,,55944,14448,,,1,25,,55941,14448,,,1,71,,55933,14448,,,1,34,,55936,14448,,,1,73,,55942,14448,,,1,26,,55950,14448,,,1,74,,55927,14448,,,1,32,,55953,14448,,,1,70,,55945,14448,,,1,30,,55937,14448,,,1,70,,55921,14448,,,1,30,,55954,14448,,,1,70,,55946,14448,,,1,30,,55932,14448,,,1,70,,55922,14448,,,1,30,,55939,14448,,,1,70,,55947,14448,,,1,30,,55926,14448,,,1,65,,55923,14448,,,1,27,,55940,14448,,,1,70,,55951,14448,,,1,30,,55943,14448,,,1,70,,55915,14448,,,1,30,,55934,14448,,,1,70,,55924,14448,,,1,30,,55928,14448,,,1,70,,55930,14448,,,1,30,,55916,14448,,,1,70,,55952,14448,,,1,30,,55935,14448,,,1,70,,55931,14448,,,1
2101,'SA',618,,55957,14448,,,1,30,,55959,14448,,,1,70,,55988,14448,,,1,30,,55958,14448,,,1,72,,55978,14448,,,1,30,,55969,14448,,,1,70,,55960,14448,,,1,30,,55989,14448,,,1,70,,55984,14448,,,1,25,,55981,14448,,,1,71,,55973,14448,,,1,34,,55976,14448,,,1,73,,55982,14448,,,1,26,,55990,14448,,,1,74,,55967,14448,,,1,32,,55993,14448,,,1,70,,55985,14448,,,1,30,,55977,14448,,,1,70,,55961,14448,,,1,30,,55994,14448,,,1,70,,55986,14448,,,1,30,,55972,14448,,,1,70,,55962,14448,,,1,30,,55979,14448,,,1,70,,55987,14448,,,1,30,,55966,14448,,,1,65,,55963,14448,,,1,27,,55980,14448,,,1,70,,55991,14448,,,1,30,,55983,14448,,,1,70,,55955,14448,,,1,30,,55974,14448,,,1,70,,55964,14448,,,1,30,,55968,14448,,,1,70,,55970,14448,,,1,30,,55956,14448,,,1,70,,55992,14448,,,1,30,,55975,14448,,,1,70,,55971,14448,,,1
2101,'SE',516,,55997,14448,,,1,86,,55996,14448,,,1,27,,56025,14448,,,1,15,,45788,14448,,,1,15,,56021,14448,,,1,55,,45786,14448,,,1,10,,56030,14448,,,1,10,,56027,14448,,,1,14,,56022,14448,,,1,10,,56032,14448,,,1,50,,56031,14448,,,1,10,,56023,14448,,,1,13,,45789,14448,,,1,18,,56028,14448,,,1,57,,56033,14448,,,1,22,,56035,14448,,,1,13,,56036,14448,,,1,60,,56010,14448,,,1,21,,56001,14448,,,1,27,,55998,14448,,,1,74,,56000,14448,,,1,30,,55995,14448,,,1,70,,55999,14448,,,1,32,,56005,14448,,,1,73,,56011,14448,,,1,30,,56006,14448,,,1,70,,56012,14448,,,1,80,,56002,14448,,,1,24,,56037,14448,,,1,70,,56026,14448,,,1,33,,56041,14448,,,1,15,,56034,14448,,,1,55,,56024,14448,,,1,13,,56039,14448,,,1,15,,56038,14448,,,1,18,,56029,14448,,,1,59,,56040,14448,,,1,16,,56019,14448,,,1,20,,56016,14448,,,1,66,,56014,14448,,,1,26,,56007,14448,,,1,65,,56017,14448,,,1,30,,56013,14448,,,1,70,,56015,14448,,,1,29,,56008,14448,,,1,70,,56009,14448,,,1,30,,56003,14448,,,1,98,,56020,14448,,,1,97,,56018,14448,,,1
12801,'SE',711,,61953,18732,,,2,822,,61952,18732,,,2,173,,61954,18732,,,2
42101,'SE',617,,62811,10645,,,1,38,,62809,10645,,,1,66,,62808,10645,,,1,22,,62819,10645,,,1,57,,62812,10645,,,1,32,,62817,10645,,,1,722,,62813,10645,,,1,75,,62820,10645,,,1,19,,62818,10645,,,1,70,,62816,10645,,,1,30,,62814,10645,,,1,68,,62815,10645,,,1,533,,62807,10645,,,1
42801,'DI',657,,62929,13137,,,1,154,,62930,13137,,,1,109,,62931,13137,,,1,106,,62932,13137,,,1,110,,62933,13137,,,1,75,,62939,13137,,,1,35,,62934,13137,,,1,76,,62940,13137,,,1,35,,62935,13137,,,1,77,,62941,13137,,,1,74,,62936,13137,,,1,36,,62942,13137,,,1,75,,62937,13137,,,1,84,,62943,13137,,,1,33,,62938,13137,,,1,108,,62944,13137,,,1,106,,62945,13137,,,1,108,,62946,13137,,,1,150,,62947,13137,,,1,114,,62948,13137,,,1
42801,'F1',657,,62949,13137,,,1,154,,62950,13137,,,1,109,,62951,13137,,,1,106,,62952,13137,,,1,110,,62953,13137,,,1,75,,62959,13137,,,1,35,,62954,13137,,,1,76,,62960,13137,,,1,35,,62955,13137,,,1,77,,62961,13137,,,1,74,,62956,13137,,,1,36,,62962,13137,,,1,75,,62957,13137,,,1,84,,62963,13137,,,1,33,,62958,13137,,,1,108,,62964,13137,,,1,106,,62965,13137,,,1,108,,62966,13137,,,1,150,,62967,13137,,,1,114,,62968,13137,,,1
42801,'F2',657,,62969,13137,,,1,154,,62970,13137,,,1,109,,62971,13137,,,1,106,,62972,13137,,,1,110,,62973,13137,,,1,75,,62979,13137,,,1,35,,62974,13137,,,1,76,,62980,13137,,,1,35,,62975,13137,,,1,77,,62981,13137,,,1,74,,62976,13137,,,1,36,,62982,13137,,,1,75,,62977,13137,,,1,84,,62983,13137,,,1,33,,62978,13137,,,1,108,,62984,13137,,,1,106,,62985,13137,,,1,108,,62986,13137,,,1,150,,62987,13137,,,1,114,,62988,13137,,,1
42801,'SA',657,,62989,13137,,,1,154,,62990,13137,,,1,109,,62991,13137,,,1,106,,62992,13137,,,1,110,,62993,13137,,,1,75,,62999,13137,,,1,35,,62994,13137,,,1,76,,63000,13137,,,1,35,,62995,13137,,,1,77,,63001,13137,,,1,74,,62996,13137,,,1,36,,63002,13137,,,1,75,,62997,13137,,,1,84,,63003,13137,,,1,33,,62998,13137,,,1,108,,63004,13137,,,1,106,,63005,13137,,,1,108,,63006,13137,,,1,150,,63007,13137,,,1,114,,63008,13137,,,1
42801,'SE',612,,63009,13137,,,1,40,,63019,13137,,,1,79,,63010,13137,,,1,78,,63020,13137,,,1,40,,63011,13137,,,1,71,,63021,13137,,,1,34,,63012,13137,,,1,72,,63022,13137,,,1,75,,63013,13137,,,1,35,,63023,13137,,,1,75,,63014,13137,,,1,35,,63024,13137,,,1,74,,63015,13137,,,1,33,,63025,13137,,,1,76,,63016,13137,,,1,75,,63026,13137,,,1,36,,63017,13137,,,1,77,,63027,13137,,,1,40,,63018,13137,,,1,79,,63028,13137,,,1,71,,63035,13137,,,1,39,,63029,13137,,,1,72,,63036,13137,,,1,35,,63030,13137,,,1,147,,63031,13137,,,1,108,,63032,13137,,,1,114,,63033,13137,,,1,105,,63034,13137,,,1
90101,'DI',629,,63792,22490,,,1,30,,63797,22490,,,1,70,,63791,22490,,,1,30,,63807,22490,,,1,73,,63804,22490,,,1,72,,63798,22490,,,1,32,,63786,22490,,,1,71,,63793,22490,,,1,30,,63789,22490,,,1,71,,63808,22490,,,1,31,,63805,22490,,,1,70,,63803,22490,,,1,31,,63794,22490,,,1,73,,63811,22490,,,1,28,,63800,22490,,,1,70,,63809,22490,,,1,29,,63781,22490,,,1,65,,63795,22490,,,1,35,,63787,22490,,,1,70,,63779,22490,,,1,31,,63810,22490,,,1,70,,63783,22490,,,1,30,,63799,22490,,,1,68,,63790,22490,,,1,30,,63780,22490,,,1,67,,63806,22490,,,1,35,,63788,22490,,,1,104,,63785,22490,,,1,97,,63801,22490,,,1,100,,63782,22490,,,1,100,,63784,22490,,,1,100,,63796,22490,,,1,100,,63802,22490,,,1
90101,'F1',629,,63825,22490,,,1,30,,63830,22490,,,1,70,,63824,22490,,,1,30,,63840,22490,,,1,73,,63837,22490,,,1,72,,63831,22490,,,1,32,,63819,22490,,,1,71,,63826,22490,,,1,30,,63822,22490,,,1,71,,63841,22490,,,1,31,,63838,22490,,,1,70,,63836,22490,,,1,31,,63827,22490,,,1,73,,63844,22490,,,1,28,,63833,22490,,,1,70,,63842,22490,,,1,29,,63814,22490,,,1,65,,63828,22490,,,1,35,,63820,22490,,,1,70,,63812,22490,,,1,31,,63843,22490,,,1,70,,63816,22490,,,1,30,,63832,22490,,,1,68,,63823,22490,,,1,30,,63813,22490,,,1,67,,63839,22490,,,1,35,,63821,22490,,,1,104,,63818,22490,,,1,97,,63834,22490,,,1,100,,63815,22490,,,1,100,,63817,22490,,,1,100,,63829,22490,,,1,100,,63835,22490,,,1
90101,'F2',629,,63860,22490,,,1,30,,63869,22490,,,1,70,,63864,22490,,,1,30,,63866,22490,,,1,73,,63872,22490,,,1,72,,63863,22490,,,1,32,,63861,22490,,,1,71,,63868,22490,,,1,30,,63874,22490,,,1,71,,63849,22490,,,1,31,,63862,22490,,,1,70,,63873,22490,,,1,31,,63865,22490,,,1,73,,63875,22490,,,1,28,,63854,22490,,,1,70,,63851,22490,,,1,29,,63845,22490,,,1,65,,63858,22490,,,1,35,,63876,22490,,,1,70,,63855,22490,,,1,31,,63852,22490,,,1,70,,63846,22490,,,1,30,,63847,22490,,,1,68,,63870,22490,,,1,30,,63856,22490,,,1,67,,63850,22490,,,1,35,,63859,22490,,,1,104,,63877,22490,,,1,97,,63853,22490,,,1,100,,63867,22490,,,1,100,,63857,22490,,,1,100,,63848,22490,,,1,100,,63871,22490,,,1
90101,'SA',629,,63893,22490,,,1,30,,63902,22490,,,1,70,,63897,22490,,,1,30,,63899,22490,,,1,73,,63905,22490,,,1,72,,63896,22490,,,1,32,,63894,22490,,,1,71,,63901,22490,,,1,30,,63907,22490,,,1,71,,63882,22490,,,1,31,,63895,22490,,,1,70,,63906,22490,,,1,31,,63898,22490,,,1,73,,63908,22490,,,1,28,,63887,22490,,,1,70,,63884,22490,,,1,29,,63878,22490,,,1,65,,63891,22490,,,1,35,,63909,22490,,,1,70,,63888,22490,,,1,31,,63885,22490,,,1,70,,63879,22490,,,1,30,,63880,22490,,,1,68,,63903,22490,,,1,30,,63889,22490,,,1,67,,63883,22490,,,1,35,,63892,22490,,,1,104,,63910,22490,,,1,97,,63886,22490,,,1,100,,63900,22490,,,1,100,,63890,22490,,,1,100,,63881,22490,,,1,100,,63904,22490,,,1
90101,'SE',612,,63942,22490,,,1,30,,63945,22490,,,1,16,,63949,22490,,,1,55,,63917,22490,,,1,15,,63939,22490,,,1,15,,63919,22490,,,1,15,,63924,22490,,,1,50,,63948,22490,,,1,17,,63922,22490,,,1,10,,63927,22490,,,1,10,,63943,22490,,,1,12,,63914,22490,,,1,48,,63918,22490,,,1,4,,63944,22490,,,1,10,,63946,22490,,,1,10,,63920,22490,,,1,12,,63954,22490,,,1,15,,63941,22490,,,1,52,,63923,22490,,,1,20,,63925,22490,,,1,20,,63950,22490,,,1,60,,63928,22490,,,1,20,,63915,22490,,,1,20,,63947,22490,,,1,60,,63955,22490,,,1,20,,63911,22490,,,1,20,,63913,22490,,,1,60,,63926,22490,,,1,20,,63921,22490,,,1,20,,63929,22490,,,1,60,,63916,22490,,,1,20,,63958,22490,,,1,20,,63956,22490,,,1,60,,63930,22490,,,1,20,,63940,22490,,,1,24,,63953,22490,,,1,60,,63957,22490,,,1,20,,63931,22490,,,1,20,,63951,22490,,,1,70,,63959,22490,,,1,28,,63961,22490,,,1,73,,63963,22490,,,1,27,,63933,22490,,,1,72,,63952,22490,,,1,30,,63960,22490,,,1,63,,63935,22490,,,1,30,,63912,22490,,,1,70,,63962,22490,,,1,31,,63964,22490,,,1,70,,63932,22490,,,1,30,,63936,22490,,,1,70,,63937,22490,,,1,100,,63965,22490,,,1,100,,63934,22490,,,1,100,,63938,22490,,,1
