2000,'DI',623,,26261,8627,,,2,100,,26264,8627,,,2,100,,26267,8627,,,2,100,,26259,8627,,,2,100,,26265,8627,,,2,97,,26268,8627,,,2,103,,26269,8627,,,2,100,,26266,8627,,,2,100,,26270,8627,,,2,100,,26262,8627,,,2,97,,26273,8627,,,2,103,,26274,8627,,,2,100,,26263,8627,,,2,100,,26271,8627,,,2,100,,26260,8627,,,2,100,,26275,8627,,,2,100,,26272,8627,,,2,100,,26276,8627,,,2,100,,26277,8627,,,2
2000,'F1',623,,45369,8627,,,2,100,,45372,8627,,,2,100,,45375,8627,,,2,100,,45367,8627,,,2,100,,45373,8627,,,2,97,,45376,8627,,,2,103,,45377,8627,,,2,100,,45374,8627,,,2,100,,45378,8627,,,2,100,,45370,8627,,,2,97,,45381,8627,,,2,103,,45382,8627,,,2,100,,45371,8627,,,2,100,,45379,8627,,,2,100,,45368,8627,,,2,100,,45383,8627,,,2,100,,45380,8627,,,2,100,,45384,8627,,,2,100,,45385,8627,,,2
2000,'F2',626,,45404,8627,,,2,100,,45398,8627,,,2,100,,45395,8627,,,2,100,,45389,8627,,,2,100,,45391,8627,,,2,100,,45390,8627,,,2,100,,45399,8627,,,2,100,,45392,8627,,,2,100,,45393,8627,,,2,100,,45403,8627,,,2,96,,45400,8627,,,2,104,,45401,8627,,,2,104,,45402,8627,,,2,96,,45387,8627,,,2,100,,45396,8627,,,2,100,,45394,8627,,,2,100,,45386,8627,,,2,100,,45405,8627,,,2,100,,45397,8627,,,2,100,,45388,8627,,,2
2000,'F8',626,,26384,8627,,,2,100,,26378,8627,,,2,100,,26375,8627,,,2,100,,26369,8627,,,2,100,,26371,8627,,,2,100,,26370,8627,,,2,100,,26379,8627,,,2,100,,26372,8627,,,2,100,,26373,8627,,,2,100,,26383,8627,,,2,96,,26380,8627,,,2,104,,26381,8627,,,2,104,,26382,8627,,,2,96,,26367,8627,,,2,100,,26376,8627,,,2,100,,26374,8627,,,2,100,,26366,8627,,,2,100,,26385,8627,,,2,100,,26377,8627,,,2,100,,26368,8627,,,2
2000,'F9',623,,26388,8627,,,2,100,,26391,8627,,,2,100,,26394,8627,,,2,100,,26386,8627,,,2,100,,26392,8627,,,2,97,,26395,8627,,,2,103,,26396,8627,,,2,100,,26393,8627,,,2,100,,26397,8627,,,2,100,,26389,8627,,,2,97,,26400,8627,,,2,103,,26401,8627,,,2,100,,26390,8627,,,2,100,,26398,8627,,,2,100,,26387,8627,,,2,100,,26402,8627,,,2,100,,26399,8627,,,2,100,,26403,8627,,,2,100,,26404,8627,,,2
2000,'SA',626,,26422,8627,,,2,100,,5701,8627,,,2,100,,26414,8627,,,2,100,,26408,8627,,,2,100,,26410,8627,,,2,100,,26409,8627,,,2,100,,26417,8627,,,2,100,,26411,8627,,,2,100,,26412,8627,,,2,100,,26421,8627,,,2,96,,26418,8627,,,2,104,,26419,8627,,,2,104,,26420,8627,,,2,96,,26406,8627,,,2,100,,26415,8627,,,2,100,,26413,8627,,,2,100,,26405,8627,,,2,100,,26423,8627,,,2,100,,26416,8627,,,2,100,,26407,8627,,,2
2000,'SE',545,,45423,8627,,,2,60,,45444,8627,,,2,25,,45421,8627,,,2,20,,45438,8627,,,2,60,,45446,8036,,,2,13,,45447,8036,,,2,11,,45448,8036,,,2,18,,45449,8036,,,2,61,,45450,8036,,,2,32,,45451,8036,,,2,70,,45452,8036,,,2,29,,45441,8627,,,2,71,,45406,8627,,,2,30,,45411,8627,,,2,70,,45419,8627,,,2,30,,45424,8627,,,2,70,,45414,8627,,,2,30,,45412,8627,,,2,70,,45420,8627,,,2,30,,45442,8627,,,2,70,,45415,8627,,,2,30,,45413,8627,,,2,70,,45418,8627,,,2,23,,45426,8627,,,2,15,,45434,8627,,,2,55,,45407,8627,,,2,15,,45439,8627,,,2,15,,45409,8627,,,2,13,,45436,8627,,,2,57,,45435,8627,,,2,16,,45408,8627,,,2,14,,45427,8627,,,2,14,,45410,8627,,,2,54,,45437,8627,,,2,13,,45425,8627,,,2,13,,45428,8627,,,2,15,,45440,8627,,,2,68,,45417,8627,,,2,30,,45429,8627,,,2,70,,45432,8627,,,2,30,,45422,8627,,,2,70,,45445,8627,,,2,30,,45430,8627,,,2,100,,45433,8627,,,2,100,,45431,8627,,,2,100,,45416,8627,,,2,100,,45443,8627,,,2
2901,'DI',701,,28112,1851,,,1,100,,28113,1851,,,1,100,,28114,1851,,,1,100,,28115,1851,,,1,100,,28116,1851,,,1,100,,28117,1851,,,1,100,,28118,1851,,,1,100,,28119,1851,,,1,100,,28120,1851,,,1,100,,28121,1851,,,1,100,,28122,1851,,,1,100,,28123,1851,,,1,99,,28124,1851,,,1,100,,28125,1851,,,1,100,,28126,1851,,,1,100,,28127,1851,,,1,100,,28128,1851,,,1,120,,28129,1851,,,1,100,,28130,1851,,,1
2901,'F1',701,,46101,1851,,,1,100,,46102,1851,,,1,100,,46103,1851,,,1,100,,46104,1851,,,1,100,,46105,1851,,,1,100,,46106,1851,,,1,100,,46107,1851,,,1,100,,46108,1851,,,1,100,,46109,1851,,,1,100,,46110,1851,,,1,100,,46111,1851,,,1,100,,46112,1851,,,1,99,,46113,1851,,,1,100,,46114,1851,,,1,100,,46115,1851,,,1,100,,46116,1851,,,1,100,,46117,1851,,,1,120,,46118,1851,,,1,100,,46119,1851,,,1
2901,'F2',701,,46133,1851,,,1,100,,46134,1851,,,1,100,,46135,1851,,,1,100,,46136,1851,,,1,100,,46137,1851,,,1,100,,46138,1851,,,1,100,,46120,1851,,,1,100,,46121,1851,,,1,99,,46122,1851,,,1,59,,46123,1851,,,1,99,,46124,1851,,,1,148,,46125,1851,,,1,98,,46126,1851,,,1,97,,46127,1851,,,1,99,,46128,1851,,,1,100,,46129,1851,,,1,100,,46130,1851,,,1,120,,46131,1851,,,1,100,,46132,1851,,,1
2901,'F8',701,,28210,1851,,,1,100,,28211,1851,,,1,100,,28212,1851,,,1,100,,28213,1851,,,1,100,,28214,1851,,,1,100,,28215,1851,,,1,100,,28197,1851,,,1,100,,28198,1851,,,1,99,,28199,1851,,,1,59,,28200,1851,,,1,99,,28201,1851,,,1,148,,28202,1851,,,1,98,,28203,1851,,,1,97,,28204,1851,,,1,99,,28205,1851,,,1,100,,28206,1851,,,1,100,,28207,1851,,,1,120,,28208,1851,,,1,100,,28209,1851,,,1
2901,'F9',701,,28216,1851,,,1,100,,28217,1851,,,1,100,,28218,1851,,,1,100,,28219,1851,,,1,100,,28220,1851,,,1,100,,28221,1851,,,1,100,,28222,1851,,,1,100,,28223,1851,,,1,100,,28224,1851,,,1,100,,28225,1851,,,1,100,,28226,1851,,,1,100,,28227,1851,,,1,99,,28228,1851,,,1,100,,28229,1851,,,1,100,,28230,1851,,,1,100,,28231,1851,,,1,100,,28232,1851,,,1,120,,28233,1851,,,1,100,,28234,1851,,,1
2901,'SA',701,,28248,1851,,,1,100,,28249,1851,,,1,100,,28250,1851,,,1,100,,28251,1851,,,1,100,,28252,1851,,,1,100,,28253,1851,,,1,100,,28235,1851,,,1,100,,28236,1851,,,1,99,,28237,1851,,,1,59,,28238,1851,,,1,99,,28239,1851,,,1,148,,28240,1851,,,1,98,,28241,1851,,,1,97,,28242,1851,,,1,99,,28243,1851,,,1,100,,28244,1851,,,1,100,,28245,1851,,,1,120,,28246,1851,,,1,100,,28247,1851,,,1
2901,'SE',631,,46151,1851,,,1,26,,46152,1851,,,1,72,,46147,1851,,,1,5,,46140,1851,,,1,67,,46155,1851,,,1,30,,46153,1851,,,1,70,,46143,1851,,,1,103,,46149,1851,,,1,100,,46148,1851,,,1,101,,46146,1851,,,1,100,,46139,1851,,,1,100,,46144,1851,,,1,99,,46156,1851,,,1,35,,46157,1851,,,1,66,,46165,1851,,,1,34,,46142,1851,,,1,20,,46161,1851,,,1,69,,46166,1851,,,1,13,,46141,1851,,,1,68,,46154,1851,,,1,28,,46150,1851,,,1,67,,46145,1851,,,1,99,,46162,1851,,,1,99,,46158,1851,,,1,99,,46159,1851,,,1,58,,46160,1851,,,1,161,,46163,1851,,,1,96,,46164,1851,,,1
12301,'DI',521,,37798,5373,,,1,100,,37808,5373,,,1,100,,37799,5373,,,1,100,,37809,5373,,,1,100,,37800,5373,,,1,100,,37810,5373,,,1,100,,37801,5373,,,1,100,,37811,5373,,,1,100,,37802,5373,,,1,100,,37812,5373,,,1,100,,37803,5373,,,1,100,,37813,5373,,,1,100,,37804,5373,,,1,100,,37814,5373,,,1,100,,37805,5373,,,1,100,,37815,5373,,,1,100,,37806,5373,,,1,100,,37816,5373,,,1,100,,37807,5373,,,1,100,,37817,5373,,,1
12301,'F1',521,,49985,5373,,,1,100,,49995,5373,,,1,100,,49986,5373,,,1,100,,49996,5373,,,1,100,,49987,5373,,,1,100,,49997,5373,,,1,100,,49988,5373,,,1,100,,49998,5373,,,1,100,,49989,5373,,,1,100,,49999,5373,,,1,100,,49990,5373,,,1,100,,50000,5373,,,1,100,,49991,5373,,,1,100,,50001,5373,,,1,100,,49992,5373,,,1,100,,50002,5373,,,1,100,,49993,5373,,,1,100,,50003,5373,,,1,100,,49994,5373,,,1,100,,50004,5373,,,1
12301,'F2',521,,50007,5373,,,1,100,,50005,5373,,,1,100,,50008,5373,,,1,100,,50006,5373,,,1,100,,50009,5373,,,1,100,,50017,5373,,,1,100,,50010,5373,,,1,100,,50018,5373,,,1,100,,50011,5373,,,1,100,,50019,5373,,,1,100,,50012,5373,,,1,100,,50020,5373,,,1,100,,50013,5373,,,1,100,,50021,5373,,,1,100,,50014,5373,,,1,100,,50022,5373,,,1,100,,50015,5373,,,1,100,,50023,5373,,,1,100,,50016,5373,,,1,100,,50024,5373,,,1
12301,'F8',521,,37897,5373,,,1,100,,37895,5373,,,1,100,,37898,5373,,,1,100,,37896,5373,,,1,100,,37899,5373,,,1,100,,37907,5373,,,1,100,,37900,5373,,,1,100,,37908,5373,,,1,100,,37901,5373,,,1,100,,37909,5373,,,1,100,,37902,5373,,,1,100,,37910,5373,,,1,100,,37903,5373,,,1,100,,37911,5373,,,1,100,,37904,5373,,,1,100,,37912,5373,,,1,100,,37905,5373,,,1,100,,37913,5373,,,1,100,,37906,5373,,,1,100,,37914,5373,,,1
12301,'F9',521,,37915,5373,,,1,100,,37925,5373,,,1,100,,37916,5373,,,1,100,,37926,5373,,,1,100,,37917,5373,,,1,100,,37927,5373,,,1,100,,37918,5373,,,1,100,,37928,5373,,,1,100,,37919,5373,,,1,100,,37929,5373,,,1,100,,37920,5373,,,1,100,,37930,5373,,,1,100,,37921,5373,,,1,100,,37931,5373,,,1,100,,37922,5373,,,1,100,,37932,5373,,,1,100,,37923,5373,,,1,100,,37933,5373,,,1,100,,37924,5373,,,1,100,,37934,5373,,,1
12301,'SA',521,,37937,5373,,,1,100,,37935,5373,,,1,100,,37938,5373,,,1,100,,37936,5373,,,1,100,,37939,5373,,,1,100,,37947,5373,,,1,100,,37940,5373,,,1,100,,37948,5373,,,1,100,,37941,5373,,,1,100,,37949,5373,,,1,100,,37942,5373,,,1,100,,37950,5373,,,1,100,,37943,5373,,,1,100,,37951,5373,,,1,100,,37944,5373,,,1,100,,37952,5373,,,1,100,,37945,5373,,,1,100,,37953,5373,,,1,100,,37946,5373,,,1,100,,37954,5373,,,1
12301,'SE',506,,50041,5373,,,1,30,,50044,5373,,,1,20,,50029,5373,,,1,60,,50028,5373,,,1,15,,50030,5373,,,1,25,,50031,5373,,,1,70,,50026,5373,,,1,31,,50027,5373,,,1,70,,50025,5373,,,1,29,,50048,5373,,,1,70,,50042,5373,,,1,96,,50034,5373,,,1,100,,50046,5373,,,1,100,,50036,5373,,,1,100,,50043,5373,,,1,100,,50061,5373,,,1,11,,50035,5373,,,1,24,,50049,5373,,,1,60,,50053,5373,,,1,15,,50045,5373,,,1,19,,50055,5373,,,1,6,,50037,5373,,,1,56,,50040,5373,,,1,10,,50059,5373,,,1,6,,50051,5373,,,1,24,,50060,5373,,,1,69,,50050,5373,,,1,30,,50033,5373,,,1,71,,50038,5373,,,1,26,,50052,5373,,,1,74,,50047,5373,,,1,28,,50039,5373,,,1,70,,50056,5373,,,1,98,,50032,5373,,,1,100,,50057,5373,,,1,100,,50054,5373,,,1,120,,50058,5373,,,1
