400,'DI',640,,52302,5558,,,1,70,,52320,5558,,,1,30,,52312,5558,,,1,70,,52310,5558,,,1,32,,52303,5558,,,1,70,,52321,5558,,,1,32,,52313,5558,,,1,70,,52323,5558,,,1,30,,52304,5558,,,1,71,,52322,5558,,,1,30,,52314,5558,,,1,67,,52324,5558,,,1,31,,52305,5558,,,1,72,,52329,5558,,,1,30,,52327,5558,,,1,68,,52317,5558,,,1,31,,52306,5558,,,1,69,,52325,5558,,,1,30,,52330,5558,,,1,72,,52315,5558,,,1,30,,52307,5558,,,1,70,,52326,5558,,,1,30,,52331,5558,,,1,72,,52316,5558,,,1,28,,52318,5558,,,1,70,,52332,5558,,,1,30,,52328,5558,,,1,70,,52333,5558,,,1,30,,52319,5558,,,1,70,,52311,5558,,,1,30,,52334,5558,,,1,70,,52336,5558,,,1,100,,52335,5558,,,1,100,,52308,5558,,,1
400,'F1',640,,52337,5558,,,1,70,,52355,5558,,,1,30,,52347,5558,,,1,70,,52345,5558,,,1,32,,52338,5558,,,1,70,,52356,5558,,,1,32,,52348,5558,,,1,70,,52358,5558,,,1,30,,52339,5558,,,1,71,,52357,5558,,,1,30,,52349,5558,,,1,67,,52359,5558,,,1,31,,52340,5558,,,1,72,,52364,5558,,,1,30,,52362,5558,,,1,68,,52352,5558,,,1,31,,52341,5558,,,1,69,,52360,5558,,,1,30,,52365,5558,,,1,72,,52350,5558,,,1,30,,52342,5558,,,1,70,,52361,5558,,,1,30,,52366,5558,,,1,72,,52351,5558,,,1,28,,52353,5558,,,1,70,,52367,5558,,,1,30,,52363,5558,,,1,70,,52368,5558,,,1,30,,52354,5558,,,1,70,,52346,5558,,,1,30,,52369,5558,,,1,70,,52371,5558,,,1,100,,52370,5558,,,1,100,,52343,5558,,,1
400,'F2',640,,52391,5558,,,1,70,,52375,5558,,,1,30,,52380,5558,,,1,70,,52374,5558,,,1,32,,52392,5558,,,1,70,,52376,5558,,,1,32,,52381,5558,,,1,71,,52383,5558,,,1,30,,52393,5558,,,1,70,,52377,5558,,,1,30,,52382,5558,,,1,70,,52399,5558,,,1,30,,52397,5558,,,1,70,,52372,5558,,,1,30,,52384,5558,,,1,70,,52390,5558,,,1,30,,52385,5558,,,1,70,,52395,5558,,,1,30,,52378,5558,,,1,70,,52398,5558,,,1,30,,52394,5558,,,1,70,,52379,5558,,,1,30,,52387,5558,,,1,70,,52389,5558,,,1,30,,52401,5558,,,1,70,,52386,5558,,,1,30,,52404,5558,,,1,70,,52402,5558,,,1,30,,52403,5558,,,1,70,,52396,5558,,,1,30,,52405,5558,,,1,70,,52406,5558,,,1,100,,52400,5558,,,1,100,,52388,5558,,,1
400,'SA',640,,52426,5558,,,1,70,,52410,5558,,,1,30,,52415,5558,,,1,70,,52409,5558,,,1,32,,52427,5558,,,1,70,,52411,5558,,,1,32,,52416,5558,,,1,71,,52418,5558,,,1,30,,52428,5558,,,1,70,,52412,5558,,,1,30,,52417,5558,,,1,70,,52434,5558,,,1,30,,52432,5558,,,1,70,,52407,5558,,,1,30,,52419,5558,,,1,70,,52425,5558,,,1,30,,52420,5558,,,1,70,,52430,5558,,,1,30,,52413,5558,,,1,70,,52433,5558,,,1,30,,52429,5558,,,1,70,,52414,5558,,,1,30,,52422,5558,,,1,70,,52424,5558,,,1,30,,52436,5558,,,1,70,,52421,5558,,,1,30,,52439,5558,,,1,70,,52437,5558,,,1,30,,52438,5558,,,1,70,,52431,5558,,,1,30,,52440,5558,,,1,70,,52441,5558,,,1,100,,52435,5558,,,1,100,,52423,5558,,,1
400,'SE',607,,52468,5558,,,1,20,,52475,5558,,,1,15,,52476,5558,,,1,60,,52467,5558,,,1,26,,52478,5558,,,1,17,,52470,5558,,,1,64,,52479,5558,,,1,12,,52483,5558,,,1,32,,52474,5558,,,1,53,,52453,5558,,,1,23,,52442,5558,,,1,29,,52455,5558,,,1,70,,52447,5558,,,1,30,,52448,5558,,,1,70,,52449,5558,,,1,30,,52451,5558,,,1,70,,52460,5558,,,1,30,,52461,5558,,,1,70,,52450,5558,,,1,29,,52446,5558,,,1,69,,52443,5558,,,1,32,,52477,5558,,,1,66,,52482,5558,,,1,35,,52480,5558,,,1,70,,52471,5558,,,1,30,,52472,5558,,,1,71,,52481,5558,,,1,24,,52459,5558,,,1,60,,52454,5558,,,1,33,,52464,5558,,,1,74,,52457,5558,,,1,30,,52444,5558,,,1,70,,52463,5558,,,1,29,,52465,5558,,,1,70,,52462,5558,,,1,30,,52452,5558,,,1,69,,52458,5558,,,1,30,,52466,5558,,,1,100,,52456,5558,,,1,100,,52445,5558,,,1
2100,'DI',520,,55630,11092,0,12 13,1,30,,55629,11092,0,12 13,1,70,,55641,11092,0,12 13,1,29,,55638,11092,0,12 13,1,70,,55648,11092,0,12 13,1,30,,55637,11092,0,12 13,1,71,,55645,11092,0,12 13,1,30,,55662,11092,0,12 13,1,70,,55635,11092,0,12 13,1,27,,55639,11092,0,12 13,1,73,,55642,11092,0,12 13,1,30,,55650,11092,0,12 13,1,72,,55640,11092,0,12 13,1,28,,55658,11092,0,12 13,1,71,,55631,11092,0,12 13,1,30,,55656,11092,0,12 13,1,70,,55649,11092,0,12 13,1,30,,55646,11092,0,12 13,1,70,,55654,11092,0,12 13,1,30,,55657,11092,0,12 13,1,70,,55643,11092,0,12 13,1,30,,55655,11092,0,12 13,1,70,,55632,11092,0,12 13,1,30,,55647,11092,0,12 13,1,70,,55661,11092,0,12 13,1,30,,55653,11092,0,12 13,1,70,,55651,11092,0,12 13,1,29,,55625,11092,0,12 13,1,70,,55644,11092,0,12 13,1,30,,55660,11092,0,12 13,1,70,,55633,11092,0,12 13,1,30,,55659,11092,0,12 13,1,70,,55622,11092,0,12 13,1,30,,55624,11092,0,12 13,1,70,,55652,11092,0,12 13,1,30,,55634,11092,0,12 13,1,70,,55627,11092,0,12 13,1,30,,55626,11092,0,12 13,1,70,,55628,11092,0,12 13,1,30,,55623,11092,0,12 13,1,70,,55636,11092,0,12 13,1
2100,'F1',520,,55671,11092,0,12 13,1,30,,55670,11092,0,12 13,1,70,,55682,11092,0,12 13,1,29,,55679,11092,0,12 13,1,70,,55689,11092,0,12 13,1,30,,55678,11092,0,12 13,1,71,,55686,11092,0,12 13,1,30,,55703,11092,0,12 13,1,70,,55676,11092,0,12 13,1,27,,55680,11092,0,12 13,1,73,,55683,11092,0,12 13,1,30,,55691,11092,0,12 13,1,72,,55681,11092,0,12 13,1,28,,55699,11092,0,12 13,1,71,,55672,11092,0,12 13,1,30,,55697,11092,0,12 13,1,70,,55690,11092,0,12 13,1,30,,55687,11092,0,12 13,1,70,,55695,11092,0,12 13,1,30,,55698,11092,0,12 13,1,70,,55684,11092,0,12 13,1,30,,55696,11092,0,12 13,1,70,,55673,11092,0,12 13,1,30,,55688,11092,0,12 13,1,70,,55702,11092,0,12 13,1,30,,55694,11092,0,12 13,1,70,,55692,11092,0,12 13,1,29,,55666,11092,0,12 13,1,70,,55685,11092,0,12 13,1,30,,55701,11092,0,12 13,1,70,,55674,11092,0,12 13,1,30,,55700,11092,0,12 13,1,70,,55663,11092,0,12 13,1,30,,55665,11092,0,12 13,1,70,,55693,11092,0,12 13,1,30,,55675,11092,0,12 13,1,70,,55668,11092,0,12 13,1,30,,55667,11092,0,12 13,1,70,,55669,11092,0,12 13,1,30,,55664,11092,0,12 13,1,70,,55677,11092,0,12 13,1
2100,'F2',520,,55706,11092,0,12 13,1,30,,55708,11092,0,12 13,1,70,,55738,11092,0,12 13,1,30,,55707,11092,0,12 13,1,70,,55728,11092,0,12 13,1,30,,55719,11092,0,12 13,1,70,,55709,11092,0,12 13,1,30,,55739,11092,0,12 13,1,70,,55734,11092,0,12 13,1,25,,55731,11092,0,12 13,1,71,,55723,11092,0,12 13,1,34,,55726,11092,0,12 13,1,73,,55732,11092,0,12 13,1,24,,55740,11092,0,12 13,1,74,,55716,11092,0,12 13,1,30,,55743,11092,0,12 13,1,70,,55735,11092,0,12 13,1,30,,55727,11092,0,12 13,1,70,,55710,11092,0,12 13,1,30,,55744,11092,0,12 13,1,70,,55736,11092,0,12 13,1,30,,55722,11092,0,12 13,1,70,,55711,11092,0,12 13,1,30,,55729,11092,0,12 13,1,70,,55737,11092,0,12 13,1,30,,55715,11092,0,12 13,1,70,,55712,11092,0,12 13,1,29,,55730,11092,0,12 13,1,70,,55741,11092,0,12 13,1,30,,55733,11092,0,12 13,1,70,,55704,11092,0,12 13,1,30,,55724,11092,0,12 13,1,70,,55713,11092,0,12 13,1,30,,55717,11092,0,12 13,1,70,,55720,11092,0,12 13,1,30,,55705,11092,0,12 13,1,70,,55742,11092,0,12 13,1,30,,55725,11092,0,12 13,1,70,,55721,11092,0,12 13,1,30,,55714,11092,0,12 13,1,69,,55718,11092,0,12 13,1
2100,'SA',520,,55747,11092,0,12 13,1,30,,55749,11092,0,12 13,1,70,,55779,11092,0,12 13,1,30,,55748,11092,0,12 13,1,70,,55769,11092,0,12 13,1,30,,55760,11092,0,12 13,1,70,,55750,11092,0,12 13,1,30,,55780,11092,0,12 13,1,70,,55775,11092,0,12 13,1,25,,55772,11092,0,12 13,1,71,,55764,11092,0,12 13,1,34,,55767,11092,0,12 13,1,73,,55773,11092,0,12 13,1,24,,55781,11092,0,12 13,1,74,,55757,11092,0,12 13,1,30,,55784,11092,0,12 13,1,70,,55776,11092,0,12 13,1,30,,55768,11092,0,12 13,1,70,,55751,11092,0,12 13,1,30,,55785,11092,0,12 13,1,70,,55777,11092,0,12 13,1,30,,55763,11092,0,12 13,1,70,,55752,11092,0,12 13,1,30,,55770,11092,0,12 13,1,70,,55778,11092,0,12 13,1,30,,55756,11092,0,12 13,1,70,,55753,11092,0,12 13,1,29,,55771,11092,0,12 13,1,70,,55782,11092,0,12 13,1,30,,55774,11092,0,12 13,1,70,,55745,11092,0,12 13,1,30,,55765,11092,0,12 13,1,70,,55754,11092,0,12 13,1,30,,55758,11092,0,12 13,1,70,,55761,11092,0,12 13,1,30,,55746,11092,0,12 13,1,70,,55783,11092,0,12 13,1,30,,55766,11092,0,12 13,1,70,,55762,11092,0,12 13,1,30,,55755,11092,0,12 13,1,69,,55759,11092,0,12 13,1
2100,'SE',534,,55800,11092,0,12 13,1,15,,45637,11092,0,12 13,1,55,,55787,11092,0,12 13,1,12,,45634,11092,0,12 13,1,10,,55812,11092,0,12 13,1,20,,55788,11092,0,12 13,1,56,,55813,11092,0,12 13,1,9,,55793,11092,0,12 13,1,15,,45638,11092,0,12 13,1,16,,55803,11092,0,12 13,1,17,,55814,11092,0,12 13,1,63,,55816,11092,0,12 13,1,19,,55817,11092,0,12 13,1,60,,55811,11092,0,12 13,1,21,,55792,11092,0,12 13,1,27,,55789,11092,0,12 13,1,72,,55791,11092,0,12 13,1,30,,55786,11092,0,12 13,1,70,,55790,11092,0,12 13,1,30,,55804,11092,0,12 13,1,72,,55818,11092,0,12 13,1,30,,55805,11092,0,12 13,1,70,,55822,11092,0,12 13,1,30,,55794,11092,0,12 13,1,68,,55819,11092,0,12 13,1,81,,55833,11092,0,12 13,1,7,,55806,11092,0,12 13,1,17,,55831,11092,0,12 13,1,15,,55815,11092,0,12 13,1,15,,55795,11092,0,12 13,1,55,,55824,11092,0,12 13,1,15,,55820,11092,0,12 13,1,16,,55807,11092,0,12 13,1,59,,55828,11092,0,12 13,1,18,,55832,11092,0,12 13,1,10,,55799,11092,0,12 13,1,11,,55827,11092,0,12 13,1,15,,55796,11092,0,12 13,1,53,,55825,11092,0,12 13,1,15,,55821,11092,0,12 13,1,15,,55808,11092,0,12 13,1,20,,55829,11092,0,12 13,1,60,,55801,11092,0,12 13,1,17,,55823,11092,0,12 13,1,70,,55826,11092,0,12 13,1,30,,55809,11092,0,12 13,1,70,,55810,11092,0,12 13,1,30,,55797,11092,0,12 13,1,100,,55834,11092,0,12 13,1,100,,55830,11092,0,12 13,1,97,,55798,11092,0,12 13,1,100,,55802,11092,0,12 13,1
3200,'DI',610,,56554,5558,0,44,1,101,,56555,5558,0,44,1,99,,56556,5558,0,44,1,102,,56562,5558,0,44,1,100,,56561,5558,0,44,1,100,,56557,5558,0,44,1,101,,56558,5558,0,44,1,101,,56565,5558,0,44,1,98,,56563,5558,0,44,1,104,,56559,5558,0,44,1,96,,56566,5558,0,44,1,100,,56564,5558,0,44,1,100,,56567,5558,0,44,1,100,,56570,5558,0,44,1,100,,56568,5558,0,44,1,100,,56572,5558,0,44,1,100,,56571,5558,0,44,1,100,,56569,5558,0,44,1,100,,56573,5558,0,44,1,99,,56560,5558,0,44,1
3200,'F1',610,,56574,5558,0,44,1,101,,56575,5558,0,44,1,99,,56576,5558,0,44,1,102,,56582,5558,0,44,1,100,,56581,5558,0,44,1,100,,56577,5558,0,44,1,101,,56578,5558,0,44,1,101,,56585,5558,0,44,1,98,,56583,5558,0,44,1,104,,56579,5558,0,44,1,96,,56586,5558,0,44,1,100,,56584,5558,0,44,1,100,,56587,5558,0,44,1,100,,56590,5558,0,44,1,100,,56588,5558,0,44,1,100,,56592,5558,0,44,1,100,,56591,5558,0,44,1,100,,56589,5558,0,44,1,100,,56593,5558,0,44,1,99,,56580,5558,0,44,1
3200,'F2',610,,56595,5558,0,44,1,101,,56596,5558,0,44,1,96,,56601,5558,0,44,1,103,,56603,5558,0,44,1,101,,56594,5558,0,44,1,101,,56602,5558,0,44,1,99,,56604,5558,0,44,1,104,,56605,5558,0,44,1,102,,56607,5558,0,44,1,97,,56597,5558,0,44,1,98,,56606,5558,0,44,1,100,,56608,5558,0,44,1,100,,56598,5558,0,44,1,100,,56609,5558,0,44,1,100,,56613,5558,0,44,1,100,,56611,5558,0,44,1,100,,56610,5558,0,44,1,100,,56599,5558,0,44,1,100,,56612,5558,0,44,1,99,,56600,5558,0,44,1
3200,'SA',610,,56615,5558,0,44,1,101,,56616,5558,0,44,1,96,,56621,5558,0,44,1,103,,56623,5558,0,44,1,101,,56614,5558,0,44,1,101,,56622,5558,0,44,1,99,,56624,5558,0,44,1,104,,56625,5558,0,44,1,102,,56627,5558,0,44,1,97,,56617,5558,0,44,1,98,,56626,5558,0,44,1,100,,56628,5558,0,44,1,100,,56618,5558,0,44,1,100,,56629,5558,0,44,1,100,,56633,5558,0,44,1,100,,56631,5558,0,44,1,100,,56630,5558,0,44,1,100,,56619,5558,0,44,1,100,,56632,5558,0,44,1,99,,56620,5558,0,44,1
3200,'SE',622,,56649,5558,,,1,32,,56650,5558,,,1,64,,56655,5558,,,1,32,,56648,5558,,,1,76,,56658,5558,,,1,19,,56634,5558,0,44,1,96,,56641,5558,0,44,1,100,,56636,5558,0,44,1,100,,56647,5558,0,44,1,100,,56640,5558,0,44,1,100,,56642,5558,0,44,1,104,,56644,5558,0,44,1,106,,56656,5558,,,1,68,,56654,5558,,,1,30,,56652,5558,,,1,70,,56657,5558,,,1,25,,56651,5558,,,1,74,,56659,5558,,,1,25,,56653,5558,,,1,73,,56645,5558,0,44,1,30,,56639,5558,0,44,1,100,,56643,5558,0,44,1,99,,56646,5558,0,44,1,100,,56635,5558,0,44,1,99,,56637,5558,0,44,1,101,,56638,5558,0,44,1
42100,'SE',537,,62797,10696,0,12 13,1,76,,62795,10696,0,12 13,1,23,,62794,10696,0,12 13,1,22,,62805,10696,0,12 13,1,57,,62798,10696,0,12 13,1,14,,62796,10696,0,12 13,1,17,,62803,10696,0,12 13,1,765,,62799,10696,0,12 13,1,23,,62806,10696,0,12 13,1,70,,62804,10696,0,12 13,1,30,,62802,10696,0,12 13,1,71,,62800,10696,0,12 13,1,28,,62801,10696,0,12 13,1
52100,'SE',1631,,63428,5301,,,2
64000,'SE',1620,,63503,4881,,,2,1,,63504,4881,,,2,1,,63505,4881,,,2
64001,'SE',831,,63508,588,,,2,1,,63507,588,,,2,1,,63506,588,,,2
69700,'SE',1633,,63595,7666,,,2,1,,63596,7666,,,2
69701,'SE',831,,63598,1313,,,2,1,,63597,1313,,,2
