2000,'DI',624,,26261,8994,,,2,100,,26264,8994,,,2,100,,26267,8994,,,2,100,,26259,8994,,,2,100,,26265,8994,,,2,97,,26268,8994,,,2,103,,26269,8994,,,2,100,,26266,8994,,,2,100,,26270,8994,,,2,100,,26262,8994,,,2,97,,26273,8994,,,2,103,,26274,8994,,,2,100,,26263,8994,,,2,100,,26271,8994,,,2,100,,26260,8994,,,2,100,,26275,8994,,,2,100,,26272,8994,,,2,100,,26276,8994,,,2,100,,26277,8994,,,2
2000,'F8',627,,26384,8994,,,2,100,,26378,8994,,,2,100,,26375,8994,,,2,100,,26369,8994,,,2,100,,26371,8994,,,2,100,,26370,8994,,,2,100,,26379,8994,,,2,100,,26372,8994,,,2,100,,26373,8994,,,2,100,,26383,8994,,,2,96,,26380,8994,,,2,104,,26381,8994,,,2,104,,26382,8994,,,2,96,,26367,8994,,,2,100,,26376,8994,,,2,100,,26374,8994,,,2,100,,26366,8994,,,2,100,,26385,8994,,,2,100,,26377,8994,,,2,100,,26368,8994,,,2
2000,'F9',624,,26388,8994,,,2,100,,26391,8994,,,2,100,,26394,8994,,,2,100,,26386,8994,,,2,100,,26392,8994,,,2,97,,26395,8994,,,2,103,,26396,8994,,,2,100,,26393,8994,,,2,100,,26397,8994,,,2,100,,26389,8994,,,2,97,,26400,8994,,,2,103,,26401,8994,,,2,100,,26390,8994,,,2,100,,26398,8994,,,2,100,,26387,8994,,,2,100,,26402,8994,,,2,100,,26399,8994,,,2,100,,26403,8994,,,2,100,,26404,8994,,,2
2000,'SA',627,,26422,8994,,,2,100,,5701,8994,,,2,100,,26414,8994,,,2,100,,26408,8994,,,2,100,,26410,8994,,,2,100,,26409,8994,,,2,100,,26417,8994,,,2,100,,26411,8994,,,2,100,,26412,8994,,,2,100,,26421,8994,,,2,96,,26418,8994,,,2,104,,26419,8994,,,2,104,,26420,8994,,,2,96,,26406,8994,,,2,100,,26415,8994,,,2,100,,26413,8994,,,2,100,,26405,8994,,,2,100,,26423,8994,,,2,100,,26416,8994,,,2,100,,26407,8994,,,2
2000,'SE',546,,26438,8994,,,2,60,,26464,8994,,,2,24,,26447,8994,,,2,71,,26439,8994,,,2,14,,26470,8403,,,2,9,,26468,8403,,,2,8,,26472,8403,,,2,10,,26465,8403,,,2,11,,26467,8403,,,2,6,,26466,8403,,,2,54,,26471,8403,,,2,32,,26469,8403,,,2,71,,26473,8403,,,2,29,,26425,8994,,,2,71,,26455,8994,,,2,30,,26431,8994,,,2,70,,26458,8994,,,2,30,,26428,8994,,,2,70,,26452,8994,,,2,30,,26432,8994,,,2,70,,26460,8994,,,2,30,,26429,8994,,,2,70,,26451,8994,,,2,30,,26433,8994,,,2,70,,26440,8994,,,2,21,,26442,8994,,,2,17,,26435,8994,,,2,55,,26427,8994,,,2,15,,26436,8994,,,2,15,,26453,8994,,,2,17,,26443,8994,,,2,50,,26459,8994,,,2,13,,26444,8994,,,2,11,,26446,8994,,,2,12,,26441,8994,,,2,13,,26454,8994,,,2,51,,26434,8994,,,2,14,,26462,8994,,,2,13,,26445,8994,,,2,15,,26457,8994,,,2,68,,26424,8994,,,2,30,,26456,8994,,,2,70,,26463,8994,,,2,30,,26437,8994,,,2,70,,26461,8994,,,2,30,,26448,8994,,,2,100,,26430,8994,,,2,100,,26449,8994,,,2,100,,26426,8994,,,2,100,,26450,8994,,,2
2901,'DI',701,,28112,2218,,,1,100,,28113,2218,,,1,100,,28114,2218,,,1,100,,28115,2218,,,1,100,,28116,2218,,,1,100,,28117,2218,,,1,100,,28118,2218,,,1,100,,28119,2218,,,1,100,,28120,2218,,,1,100,,28121,2218,,,1,100,,28122,2218,,,1,100,,28123,2218,,,1,100,,28124,2218,,,1,100,,28125,2218,,,1,100,,28126,2218,,,1,100,,28127,2218,,,1,100,,28128,2218,,,1,120,,28129,2218,,,1,100,,28130,2218,,,1
2901,'F8',701,,28210,2218,,,1,100,,28211,2218,,,1,100,,28212,2218,,,1,100,,28213,2218,,,1,100,,28214,2218,,,1,100,,28215,2218,,,1,100,,28197,2218,,,1,100,,28198,2218,,,1,99,,28199,2218,,,1,59,,28200,2218,,,1,99,,28201,2218,,,1,148,,28202,2218,,,1,99,,28203,2218,,,1,97,,28204,2218,,,1,99,,28205,2218,,,1,100,,28206,2218,,,1,100,,28207,2218,,,1,120,,28208,2218,,,1,100,,28209,2218,,,1
2901,'F9',701,,28216,2218,,,1,100,,28217,2218,,,1,100,,28218,2218,,,1,100,,28219,2218,,,1,100,,28220,2218,,,1,100,,28221,2218,,,1,100,,28222,2218,,,1,100,,28223,2218,,,1,100,,28224,2218,,,1,100,,28225,2218,,,1,100,,28226,2218,,,1,100,,28227,2218,,,1,100,,28228,2218,,,1,100,,28229,2218,,,1,100,,28230,2218,,,1,100,,28231,2218,,,1,100,,28232,2218,,,1,120,,28233,2218,,,1,100,,28234,2218,,,1
2901,'SA',701,,28248,2218,,,1,100,,28249,2218,,,1,100,,28250,2218,,,1,100,,28251,2218,,,1,100,,28252,2218,,,1,100,,28253,2218,,,1,100,,28235,2218,,,1,100,,28236,2218,,,1,99,,28237,2218,,,1,59,,28238,2218,,,1,99,,28239,2218,,,1,148,,28240,2218,,,1,99,,28241,2218,,,1,97,,28242,2218,,,1,99,,28243,2218,,,1,100,,28244,2218,,,1,100,,28245,2218,,,1,120,,28246,2218,,,1,100,,28247,2218,,,1
2901,'SE',631,,28267,2218,,,1,26,,7376,2218,,,1,73,,28278,2218,,,1,5,,28269,2218,,,1,67,,28263,2218,,,1,30,,28266,2218,,,1,69,,28268,2218,,,1,103,,28262,2218,,,1,100,,28280,2218,,,1,101,,28261,2218,,,1,100,,28256,2218,,,1,100,,28259,2218,,,1,100,,28257,2218,,,1,35,,28270,2218,,,1,66,,28271,2218,,,1,34,,28258,2218,,,1,60,,28260,2218,,,1,28,,28265,2218,,,1,14,,28279,2218,,,1,68,,28264,2218,,,1,28,,28272,2218,,,1,67,,28255,2218,,,1,99,,28254,2218,,,1,99,,28273,2218,,,1,99,,28274,2218,,,1,98,,28275,2218,,,1,121,,28276,2218,,,1,96,,28277,2218,,,1
57001,'SE',821,,40728,2736,,,2
