2901,'DI',657,,28112,229,,,1,100,,28113,229,,,1,100,,28114,229,,,1,100,,28115,229,,,1,100,,28116,229,,,1,100,,28117,229,,,1,100,,28118,229,,,1,100,,28119,229,,,1,100,,28120,229,,,1,100,,28121,229,,,1,100,,28122,229,,,1,100,,28123,229,,,1,100,,28124,229,,,1,100,,28125,229,,,1,100,,28126,229,,,1,100,,28127,229,,,1,100,,28128,229,,,1,160,,28129,229,,,1,100,,28130,229,,,1
2901,'F1',657,,46101,229,,,1,100,,46102,229,,,1,100,,46103,229,,,1,100,,46104,229,,,1,100,,46105,229,,,1,100,,46106,229,,,1,100,,46107,229,,,1,100,,46108,229,,,1,100,,46109,229,,,1,100,,46110,229,,,1,100,,46111,229,,,1,100,,46112,229,,,1,100,,46113,229,,,1,100,,46114,229,,,1,100,,46115,229,,,1,100,,46116,229,,,1,100,,46117,229,,,1,160,,46118,229,,,1,100,,46119,229,,,1
2901,'F2',657,,46133,229,,,1,100,,46134,229,,,1,100,,46135,229,,,1,100,,46136,229,,,1,100,,46137,229,,,1,100,,46138,229,,,1,100,,46120,229,,,1,100,,46121,229,,,1,99,,46122,229,,,1,99,,46123,229,,,1,99,,46124,229,,,1,148,,46125,229,,,1,99,,46126,229,,,1,57,,46127,229,,,1,99,,46128,229,,,1,100,,46129,229,,,1,100,,46130,229,,,1,160,,46131,229,,,1,100,,46132,229,,,1
2901,'F8',657,,28210,229,,,1,100,,28211,229,,,1,100,,28212,229,,,1,100,,28213,229,,,1,100,,28214,229,,,1,100,,28215,229,,,1,100,,28197,229,,,1,100,,28198,229,,,1,99,,28199,229,,,1,99,,28200,229,,,1,99,,28201,229,,,1,148,,28202,229,,,1,99,,28203,229,,,1,57,,28204,229,,,1,99,,28205,229,,,1,100,,28206,229,,,1,100,,28207,229,,,1,160,,28208,229,,,1,100,,28209,229,,,1
2901,'F9',657,,28216,229,,,1,100,,28217,229,,,1,100,,28218,229,,,1,100,,28219,229,,,1,100,,28220,229,,,1,100,,28221,229,,,1,100,,28222,229,,,1,100,,28223,229,,,1,100,,28224,229,,,1,100,,28225,229,,,1,100,,28226,229,,,1,100,,28227,229,,,1,100,,28228,229,,,1,100,,28229,229,,,1,100,,28230,229,,,1,100,,28231,229,,,1,100,,28232,229,,,1,160,,28233,229,,,1,100,,28234,229,,,1
2901,'SA',657,,28248,229,,,1,100,,28249,229,,,1,100,,28250,229,,,1,100,,28251,229,,,1,100,,28252,229,,,1,100,,28253,229,,,1,100,,28235,229,,,1,100,,28236,229,,,1,99,,28237,229,,,1,99,,28238,229,,,1,99,,28239,229,,,1,148,,28240,229,,,1,99,,28241,229,,,1,57,,28242,229,,,1,99,,28243,229,,,1,100,,28244,229,,,1,100,,28245,229,,,1,160,,28246,229,,,1,100,,28247,229,,,1
2901,'SE',627,,46151,229,,,1,26,,46152,229,,,1,72,,46147,229,,,1,5,,46140,229,,,1,27,,46155,229,,,1,70,,46153,229,,,1,30,,46143,229,,,1,143,,46149,229,,,1,100,,46148,229,,,1,101,,46146,229,,,1,100,,46139,229,,,1,100,,46144,229,,,1,99,,46156,229,,,1,35,,46157,229,,,1,66,,46165,229,,,1,34,,46142,229,,,1,20,,46161,229,,,1,69,,46166,229,,,1,14,,46141,229,,,1,68,,46154,229,,,1,28,,46150,229,,,1,67,,46145,229,,,1,99,,46162,229,,,1,59,,46158,229,,,1,99,,46159,229,,,1,98,,46160,229,,,1,161,,46163,229,,,1,96,,46164,229,,,1
12301,'DI',512,,37798,229,,,1,100,,37808,229,,,1,100,,37799,229,,,1,100,,37809,229,,,1,100,,37800,229,,,1,100,,37810,229,,,1,100,,37801,229,,,1,100,,37811,229,,,1,100,,37802,229,,,1,100,,37812,229,,,1,100,,37803,229,,,1,100,,37813,229,,,1,100,,37804,229,,,1,100,,37814,229,,,1,100,,37805,229,,,1,100,,37815,229,,,1,100,,37806,229,,,1,100,,37816,229,,,1,100,,37807,229,,,1,100,,37817,229,,,1
12301,'F1',512,,49985,229,,,1,100,,49995,229,,,1,100,,49986,229,,,1,100,,49996,229,,,1,100,,49987,229,,,1,100,,49997,229,,,1,100,,49988,229,,,1,100,,49998,229,,,1,100,,49989,229,,,1,100,,49999,229,,,1,100,,49990,229,,,1,100,,50000,229,,,1,100,,49991,229,,,1,100,,50001,229,,,1,100,,49992,229,,,1,100,,50002,229,,,1,100,,49993,229,,,1,100,,50003,229,,,1,100,,49994,229,,,1,100,,50004,229,,,1
12301,'F2',512,,50007,229,,,1,100,,50005,229,,,1,100,,50008,229,,,1,100,,50006,229,,,1,100,,50009,229,,,1,100,,50017,229,,,1,100,,50010,229,,,1,100,,50018,229,,,1,100,,50011,229,,,1,100,,50019,229,,,1,100,,50012,229,,,1,100,,50020,229,,,1,100,,50013,229,,,1,100,,50021,229,,,1,100,,50014,229,,,1,100,,50022,229,,,1,100,,50015,229,,,1,100,,50023,229,,,1,100,,50016,229,,,1,100,,50024,229,,,1
12301,'F8',512,,37897,229,,,1,100,,37895,229,,,1,100,,37898,229,,,1,100,,37896,229,,,1,100,,37899,229,,,1,100,,37907,229,,,1,100,,37900,229,,,1,100,,37908,229,,,1,100,,37901,229,,,1,100,,37909,229,,,1,100,,37902,229,,,1,100,,37910,229,,,1,100,,37903,229,,,1,100,,37911,229,,,1,100,,37904,229,,,1,100,,37912,229,,,1,100,,37905,229,,,1,100,,37913,229,,,1,100,,37906,229,,,1,100,,37914,229,,,1
12301,'F9',512,,37915,229,,,1,100,,37925,229,,,1,100,,37916,229,,,1,100,,37926,229,,,1,100,,37917,229,,,1,100,,37927,229,,,1,100,,37918,229,,,1,100,,37928,229,,,1,100,,37919,229,,,1,100,,37929,229,,,1,100,,37920,229,,,1,100,,37930,229,,,1,100,,37921,229,,,1,100,,37931,229,,,1,100,,37922,229,,,1,100,,37932,229,,,1,100,,37923,229,,,1,100,,37933,229,,,1,100,,37924,229,,,1,100,,37934,229,,,1
12301,'SA',512,,37937,229,,,1,100,,37935,229,,,1,100,,37938,229,,,1,100,,37936,229,,,1,100,,37939,229,,,1,100,,37947,229,,,1,100,,37940,229,,,1,100,,37948,229,,,1,100,,37941,229,,,1,100,,37949,229,,,1,100,,37942,229,,,1,100,,37950,229,,,1,100,,37943,229,,,1,100,,37951,229,,,1,100,,37944,229,,,1,100,,37952,229,,,1,100,,37945,229,,,1,100,,37953,229,,,1,100,,37946,229,,,1,100,,37954,229,,,1
12301,'SE',457,,50041,229,,,1,70,,50044,229,,,1,20,,50029,229,,,1,60,,50028,229,,,1,15,,50030,229,,,1,25,,50031,229,,,1,70,,50026,229,,,1,30,,50027,229,,,1,70,,50025,229,,,1,30,,50048,229,,,1,70,,50042,229,,,1,96,,50034,229,,,1,100,,50046,229,,,1,100,,50036,229,,,1,100,,50043,229,,,1,100,,50061,229,,,1,11,,50035,229,,,1,23,,50049,229,,,1,60,,50053,229,,,1,15,,50045,229,,,1,19,,50055,229,,,1,6,,50037,229,,,1,55,,50040,229,,,1,10,,50059,229,,,1,6,,50051,229,,,1,24,,50060,229,,,1,70,,50050,229,,,1,31,,50033,229,,,1,71,,50038,229,,,1,26,,50052,229,,,1,74,,50047,229,,,1,28,,50039,229,,,1,70,,50056,229,,,1,98,,50032,229,,,1,100,,50057,229,,,1,100,,50054,229,,,1,120,,50058,229,,,1
