800,'DI',624,,22786,17507,,,1,34,,22781,17507,,,1,70,,2441,17507,,,1,30,,2447,17507,,,1,70,,22787,17507,,,1,30,,22782,17507,,,1,76,,2442,17507,,,1,70,,2448,17507,,,1,30,,22788,17507,,,1,70,,22783,17507,,,1,30,,2443,17507,,,1,70,,2449,17507,,,1,32,,22789,17507,,,1,70,,2436,17507,,,1,30,,2444,17507,,,1,70,,2450,17507,,,1,30,,22790,17507,,,1,70,,22784,17507,,,1,30,,2445,17507,,,1,69,,22793,17507,,,1,30,,22791,17507,,,1,70,,22785,17507,,,1,25,,2446,17507,,,1,70,,22794,17507,,,1,32,,22792,17507,,,1,83,,2437,17507,,,1,98,,22795,17507,,,1,100,,2438,17507,,,1,99,,22796,17507,,,1,100,,2439,17507,,,1,100,,22797,17507,,,1
800,'F8',626,,22955,17507,,,1,30,,22938,17507,,,1,72,,22951,17507,,,1,30,,22953,17507,,,1,72,,22956,17507,,,1,70,,22939,17507,,,1,30,,22952,17507,,,1,74,,22954,17507,,,1,30,,22957,17507,,,1,72,,22940,17507,,,1,30,,22946,17507,,,1,70,,22962,17507,,,1,28,,22958,17507,,,1,72,,22941,17507,,,1,30,,22947,17507,,,1,70,,22963,17507,,,1,30,,22959,17507,,,1,70,,22966,17507,,,1,28,,22948,17507,,,1,70,,22964,17507,,,1,30,,22960,17507,,,1,70,,22967,17507,,,1,30,,22949,17507,,,1,70,,22965,17507,,,1,30,,22961,17507,,,1,68,,22934,17507,,,1,30,,22950,17507,,,1,86,,22942,17507,,,1,96,,22935,17507,,,1,100,,22943,17507,,,1,100,,22936,17507,,,1,100,,22944,17507,,,1
800,'F9',624,,22989,17507,,,1,34,,22969,17507,,,1,70,,22977,17507,,,1,30,,22983,17507,,,1,70,,22990,17507,,,1,30,,22970,17507,,,1,76,,22978,17507,,,1,70,,22984,17507,,,1,30,,22991,17507,,,1,70,,22971,17507,,,1,30,,22979,17507,,,1,70,,22985,17507,,,1,32,,22992,17507,,,1,70,,22972,17507,,,1,30,,22980,17507,,,1,70,,22986,17507,,,1,30,,22993,17507,,,1,70,,22987,17507,,,1,30,,22981,17507,,,1,69,,22996,17507,,,1,30,,22994,17507,,,1,70,,22988,17507,,,1,25,,22982,17507,,,1,70,,22997,17507,,,1,32,,22995,17507,,,1,83,,22973,17507,,,1,98,,22998,17507,,,1,100,,22974,17507,,,1,99,,22999,17507,,,1,100,,22975,17507,,,1,100,,23000,17507,,,1
800,'SA',626,,23022,17507,,,1,30,,23005,17507,,,1,72,,23018,17507,,,1,30,,23020,17507,,,1,72,,23023,17507,,,1,70,,23006,17507,,,1,30,,23019,17507,,,1,74,,23021,17507,,,1,30,,23024,17507,,,1,72,,23007,17507,,,1,30,,23013,17507,,,1,70,,23029,17507,,,1,28,,23025,17507,,,1,72,,23008,17507,,,1,30,,23014,17507,,,1,70,,23030,17507,,,1,30,,23026,17507,,,1,70,,2660,17507,,,1,28,,23015,17507,,,1,70,,23031,17507,,,1,30,,23027,17507,,,1,70,,2661,17507,,,1,30,,23016,17507,,,1,70,,23032,17507,,,1,30,,23028,17507,,,1,68,,23001,17507,,,1,30,,23017,17507,,,1,86,,23009,17507,,,1,96,,23002,17507,,,1,100,,23010,17507,,,1,100,,23003,17507,,,1,100,,23011,17507,,,1
800,'SE',532,,23067,17507,,,1,68,,23069,17507,,,1,22,,23076,17507,,,1,85,,23033,17507,,,1,25,,23048,17507,,,1,2,,23049,17507,,,1,6,,23068,17507,,,1,61,,23070,17507,,,1,19,,23061,17507,,,1,13,,23036,17507,,,1,15,,23037,17507,,,1,55,,23040,17507,,,1,15,,23034,17507,,,1,17,,23050,17507,,,1,15,,23046,17507,,,1,53,,23071,17507,,,1,15,,23042,17507,,,1,15,,23095,17507,,,1,15,,23038,17507,,,1,55,,23041,17507,,,1,15,,23035,17507,,,1,15,,23047,17507,,,1,15,,23051,17507,,,1,57,,23079,17507,,,1,15,,23072,17507,,,1,15,,23080,17507,,,1,15,,23054,17507,,,1,55,,23098,17507,,,1,15,,23099,17507,,,1,15,,23096,17507,,,1,15,,23085,17507,,,1,55,,23083,17507,,,1,15,,23062,17507,,,1,16,,23043,17507,,,1,15,,23081,17507,,,1,58,,23039,17507,,,1,15,,23097,17507,,,1,17,,23084,17507,,,1,14,,23093,17507,,,1,4,,23055,17507,,,1,53,,23052,17507,,,1,15,,23088,17507,,,1,15,,23087,17507,,,1,15,,23073,17507,,,1,55,,23044,17507,,,1,12,,23082,17507,,,1,12,,23100,17507,,,1,13,,23086,17507,,,1,51,,23066,17507,,,1,9,,23065,17507,,,1,12,,23094,17507,,,1,8,,23053,17507,,,1,12,,23089,17507,,,1,12,,23059,17507,,,1,47,,23060,17507,,,1,10,,23077,17507,,,1,10,,23045,17507,,,1,20,,23063,17507,,,1,67,,23090,17507,,,1,28,,23074,17507,,,1,68,,23078,17507,,,1,28,,23064,17507,,,1,70,,23091,17507,,,1,30,,23075,17507,,,1,85,,23056,17507,,,1,100,,23092,17507,,,1
9801,'SE',730,,37240,8930,,,2,874,,37241,8930,,,2,32,,37244,8930,,,2,66,,37243,8930,,,2,31,,37238,8930,,,2,26,,37239,8930,,,2,70,,37242,8930,,,2
9900,'DI',830,,37260,14401,0,19 20,2,100,,37256,14401,0,19 20,2,100,,37248,14401,0,19 20,2,101,,37253,14401,0,19 20,2,100,,37246,14401,0,19 20,2,100,,37249,14401,0,19 20,2,100,,37261,14401,0,19 20,2,100,,37258,14401,0,19 20,2,100,,37255,14401,0,19 20,2,99,,37257,14401,0,19 20,2,104,,37252,14401,0,19 20,2,96,,37250,14401,0,19 20,2,100,,37251,14401,0,19 20,2,100,,37259,14401,0,19 20,2,100,,37262,14401,0,19 20,2,100,,37254,14401,0,19 20,2,100,,37247,14401,0,19 20,2
9900,'F8',725,,37327,14401,0,19 20,2,105,,37326,14401,0,19 20,2,98,,37338,14401,0,19 20,2,102,,37328,14401,0,19 20,2,101,,37334,14401,0,19 20,2,100,,37339,14401,0,19 20,2,100,,37329,14401,0,19 20,2,100,,37333,14401,0,19 20,2,98,,37330,14401,0,19 20,2,102,,37335,14401,0,19 20,2,99,,37340,14401,0,19 20,2,100,,37324,14401,0,19 20,2,100,,37331,14401,0,19 20,2,100,,37336,14401,0,19 20,2,100,,37325,14401,0,19 20,2,100,,37332,14401,0,19 20,2,100,,37323,14401,0,19 20,2,100,,37337,14401,0,19 20,2,100,,37341,14401,0,19 20,2
9900,'F9',830,,37356,14401,0,19 20,2,100,,37352,14401,0,19 20,2,100,,37344,14401,0,19 20,2,101,,37349,14401,0,19 20,2,100,,37342,14401,0,19 20,2,100,,37345,14401,0,19 20,2,100,,37357,14401,0,19 20,2,100,,37354,14401,0,19 20,2,100,,37351,14401,0,19 20,2,99,,37353,14401,0,19 20,2,104,,37348,14401,0,19 20,2,96,,37346,14401,0,19 20,2,100,,37347,14401,0,19 20,2,100,,37355,14401,0,19 20,2,100,,37358,14401,0,19 20,2,100,,37350,14401,0,19 20,2,100,,37343,14401,0,19 20,2
9900,'SA',725,,37363,14401,0,19 20,2,105,,37362,14401,0,19 20,2,98,,37374,14401,0,19 20,2,102,,37364,14401,0,19 20,2,101,,37370,14401,0,19 20,2,100,,37375,14401,0,19 20,2,100,,37365,14401,0,19 20,2,100,,37369,14401,0,19 20,2,98,,37366,14401,0,19 20,2,102,,37371,14401,0,19 20,2,99,,37376,14401,0,19 20,2,100,,37360,14401,0,19 20,2,100,,37367,14401,0,19 20,2,100,,37372,14401,0,19 20,2,100,,37361,14401,0,19 20,2,100,,37368,14401,0,19 20,2,100,,37359,14401,0,19 20,2,100,,37373,14401,0,19 20,2,100,,37377,14401,0,19 20,2
9900,'SE',724,,37389,14401,0,19 20,2,76,,37387,14401,0,19 20,2,30,,37379,14401,0,19 20,2,100,,37388,14401,0,19 20,2,100,,37380,14401,0,19 20,2,100,,37378,14401,0,19 20,2,100,,37381,14401,0,19 20,2,100,,37383,14401,0,19 20,2,98,,37390,14401,0,19 20,2,97,,37391,14401,0,19 20,2,306,,37382,14401,0,19 20,2,98,,37385,14401,0,19 20,2,100,,37384,14401,0,19 20,2,100,,37392,14401,0,19 20,2,100,,37394,14401,0,19 20,2,100,,37386,14401,0,19 20,2,100,,37393,14401,0,19 20,2,100,,37395,14401,0,19 20,2
9901,'DI',911,,37415,15912,0,19 20,2,100,,37411,15912,0,19 20,2,100,,37403,15912,0,19 20,2,102,,37408,15912,0,19 20,2,100,,37401,15912,0,19 20,2,100,,37404,15912,0,19 20,2,100,,37416,15912,0,19 20,2,100,,37413,15912,0,19 20,2,100,,37410,15912,0,19 20,2,98,,37412,15912,0,19 20,2,104,,37407,15912,0,19 20,2,96,,37405,15912,0,19 20,2,100,,37406,15912,0,19 20,2,100,,37414,15912,0,19 20,2,100,,37417,15912,0,19 20,2
9901,'F8',806,,37487,15912,0,19 20,2,105,,37486,15912,0,19 20,2,98,,37498,15912,0,19 20,2,102,,37488,15912,0,19 20,2,102,,37494,15912,0,19 20,2,100,,37499,15912,0,19 20,2,100,,37489,15912,0,19 20,2,100,,37493,15912,0,19 20,2,98,,37490,15912,0,19 20,2,102,,37495,15912,0,19 20,2,98,,37500,15912,0,19 20,2,100,,37484,15912,0,19 20,2,100,,37491,15912,0,19 20,2,100,,37496,15912,0,19 20,2,100,,37485,15912,0,19 20,2,100,,37492,15912,0,19 20,2,100,,37483,15912,0,19 20,2
9901,'F9',911,,37516,15912,0,19 20,2,100,,37512,15912,0,19 20,2,100,,37504,15912,0,19 20,2,102,,37509,15912,0,19 20,2,100,,37502,15912,0,19 20,2,100,,37505,15912,0,19 20,2,100,,37517,15912,0,19 20,2,100,,37514,15912,0,19 20,2,100,,37511,15912,0,19 20,2,98,,37513,15912,0,19 20,2,104,,37508,15912,0,19 20,2,96,,37506,15912,0,19 20,2,100,,37507,15912,0,19 20,2,100,,37515,15912,0,19 20,2,100,,37518,15912,0,19 20,2
9901,'SA',806,,37523,15912,0,19 20,2,105,,37522,15912,0,19 20,2,98,,37534,15912,0,19 20,2,102,,37524,15912,0,19 20,2,102,,37530,15912,0,19 20,2,100,,37535,15912,0,19 20,2,100,,37525,15912,0,19 20,2,100,,37529,15912,0,19 20,2,98,,37526,15912,0,19 20,2,102,,37531,15912,0,19 20,2,98,,37536,15912,0,19 20,2,100,,37520,15912,0,19 20,2,100,,37527,15912,0,19 20,2,100,,37532,15912,0,19 20,2,100,,37521,15912,0,19 20,2,100,,37528,15912,0,19 20,2,100,,37519,15912,0,19 20,2
9901,'SE',910,,37560,15912,0,19 20,2,100,,37553,15912,0,19 20,2,100,,37546,15912,0,19 20,2,100,,37545,15912,0,19 20,2,101,,37547,15912,0,19 20,2,100,,37549,15912,0,19 20,2,98,,37554,15912,0,19 20,2,97,,37563,15912,0,19 20,2,30,,37561,15912,0,19 20,2,66,,37565,15912,0,19 20,2,38,,37559,15912,0,19 20,2,69,,37562,15912,0,19 20,2,27,,37564,15912,0,19 20,2,76,,37548,15912,0,19 20,2,98,,37551,15912,0,19 20,2,100,,37550,15912,0,19 20,2,100,,37555,15912,0,19 20,2,100,,37557,15912,0,19 20,2,100,,37552,15912,0,19 20,2
16001,'DI',556,,38498,5882,0,19 20,1,99,,38493,5882,0,19 20,1,100,,38499,5882,0,19 20,1,100,,38502,5882,0,19 20,1,100,,38505,5882,0,19 20,1,100,,38500,5882,0,19 20,1,100,,38506,5882,0,19 20,1,100,,38497,5882,0,19 20,1,100,,38507,5882,0,19 20,1,100,,38495,5882,0,19 20,1,100,,38492,5882,0,19 20,1,100,,38503,5882,0,19 20,1,100,,38501,5882,0,19 20,1,100,,38508,5882,0,19 20,1,100,,38504,5882,0,19 20,1,103,,38496,5882,0,19 20,1,97,,38494,5882,0,19 20,1
16001,'F8',557,,38572,5882,0,19 20,1,99,,38570,5882,0,19 20,1,99,,38568,5882,0,19 20,1,100,,38573,5882,0,19 20,1,99,,38567,5882,0,19 20,1,101,,38564,5882,0,19 20,1,100,,38571,5882,0,19 20,1,100,,38577,5882,0,19 20,1,100,,38565,5882,0,19 20,1,100,,38569,5882,0,19 20,1,100,,38578,5882,0,19 20,1,100,,38574,5882,0,19 20,1,100,,38566,5882,0,19 20,1,101,,38579,5882,0,19 20,1,99,,38575,5882,0,19 20,1,103,,38580,5882,0,19 20,1,97,,38576,5882,0,19 20,1
16001,'F9',556,,38587,5882,0,19 20,1,99,,38582,5882,0,19 20,1,100,,38588,5882,0,19 20,1,100,,38591,5882,0,19 20,1,100,,38594,5882,0,19 20,1,100,,38589,5882,0,19 20,1,100,,38595,5882,0,19 20,1,100,,38586,5882,0,19 20,1,100,,38596,5882,0,19 20,1,100,,38584,5882,0,19 20,1,100,,38581,5882,0,19 20,1,100,,38592,5882,0,19 20,1,100,,38590,5882,0,19 20,1,100,,38597,5882,0,19 20,1,100,,38593,5882,0,19 20,1,103,,38585,5882,0,19 20,1,97,,38583,5882,0,19 20,1
16001,'SA',557,,38606,5882,0,19 20,1,99,,38604,5882,0,19 20,1,99,,38602,5882,0,19 20,1,100,,16801,5882,0,19 20,1,99,,38601,5882,0,19 20,1,101,,38598,5882,0,19 20,1,100,,38605,5882,0,19 20,1,100,,38609,5882,0,19 20,1,100,,38599,5882,0,19 20,1,100,,38603,5882,0,19 20,1,100,,38610,5882,0,19 20,1,100,,16802,5882,0,19 20,1,100,,38600,5882,0,19 20,1,101,,38611,5882,0,19 20,1,99,,38607,5882,0,19 20,1,103,,38612,5882,0,19 20,1,97,,38608,5882,0,19 20,1
16001,'SE',608,,38616,5882,0,19 20,1,28,,38617,5882,0,19 20,1,66,,38621,5882,0,19 20,1,27,,38623,5882,0,19 20,1,24,,38633,5882,0,19 20,1,63,,38635,5882,0,19 20,1,28,,38620,5882,0,19 20,1,84,,38634,5882,0,19 20,1,98,,38631,5882,0,19 20,1,93,,38619,5882,0,19 20,1,100,,38622,5882,0,19 20,1,100,,38624,5882,0,19 20,1,100,,38618,5882,0,19 20,1,99,,38636,5882,0,19 20,1,92,,38614,5882,0,19 20,1,97,,38625,5882,0,19 20,1,30,,38613,5882,0,19 20,1,67,,38626,5882,0,19 20,1,25,,38637,5882,0,19 20,1,26,,38615,5882,0,19 20,1,101,,38627,5882,0,19 20,1,100,,38630,5882,0,19 20,1,102,,38628,5882,0,19 20,1,100,,38632,5882,0,19 20,1,90,,38629,5882,0,19 20,1
