6101,'DI',737,,58524,21540,4,,2,70,,58521,21540,4,,2,32,,58527,21540,4,,2,17,,58525,21540,4,,2,70,,58522,21540,4,,2,30,,58528,21540,4,,2,70,,58526,21540,4,,2,30,,58523,21540,4,,2,70,,58529,21540,4,,2,30,,58530,21540,4,,2,70,,58534,21540,4,,2,30,,58538,21540,4,,2,70,,58531,21540,4,,2,30,,58535,21540,4,,2,70,,58539,21540,4,,2,30,,58532,21540,4,,2,70,,58536,21540,4,,2,30,,58540,21540,4,,2,70,,58533,21540,4,,2,74,,58537,21540,4,,2,21,,58541,21540,4,,2,35,,58543,21540,4,,2,60,,58546,21540,4,,2,40,,58542,21540,4,,2,65,,58544,21540,4,,2,30,,58547,21540,4,,2,85,,58545,21540,4,,2,100,,58548,21540,4,,2,100,,58549,21540,4,,2,100,,58550,21540,4,,2
6101,'F1',737,,58556,21540,4,,2,70,,58553,21540,4,,2,32,,58559,21540,4,,2,17,,58557,21540,4,,2,70,,58554,21540,4,,2,30,,58560,21540,4,,2,70,,58558,21540,4,,2,30,,58555,21540,4,,2,70,,58561,21540,4,,2,30,,58562,21540,4,,2,70,,58566,21540,4,,2,30,,58570,21540,4,,2,70,,58563,21540,4,,2,30,,58567,21540,4,,2,70,,58571,21540,4,,2,30,,58564,21540,4,,2,70,,58568,21540,4,,2,30,,58572,21540,4,,2,70,,58565,21540,4,,2,74,,58569,21540,4,,2,21,,58573,21540,4,,2,35,,58575,21540,4,,2,60,,58578,21540,4,,2,40,,58574,21540,4,,2,65,,58576,21540,4,,2,30,,58579,21540,4,,2,85,,58577,21540,4,,2,100,,58580,21540,4,,2,100,,58581,21540,4,,2,100,,58582,21540,4,,2
6101,'F2',737,,58588,21540,4,,2,70,,58585,21540,4,,2,32,,58591,21540,4,,2,17,,58589,21540,4,,2,70,,58586,21540,4,,2,30,,58592,21540,4,,2,70,,58590,21540,4,,2,30,,58587,21540,4,,2,70,,58593,21540,4,,2,30,,58594,21540,4,,2,70,,58598,21540,4,,2,30,,58600,21540,4,,2,70,,58595,21540,4,,2,30,,58599,21540,4,,2,70,,58601,21540,4,,2,30,,58596,21540,4,,2,70,,58602,21540,4,,2,30,,58606,21540,4,,2,70,,58597,21540,4,,2,74,,58603,21540,4,,2,21,,58607,21540,4,,2,35,,58609,21540,4,,2,60,,58604,21540,4,,2,40,,58608,21540,4,,2,65,,58610,21540,4,,2,30,,58605,21540,4,,2,85,,58611,21540,4,,2,100,,58613,21540,4,,2,100,,58612,21540,4,,2,100,,58615,21540,4,,2
6101,'SA',737,,58620,21540,4,,2,70,,58617,21540,4,,2,32,,58623,21540,4,,2,17,,58621,21540,4,,2,70,,58618,21540,4,,2,30,,58624,21540,4,,2,70,,58622,21540,4,,2,30,,58619,21540,4,,2,70,,58625,21540,4,,2,30,,58626,21540,4,,2,70,,58630,21540,4,,2,30,,58632,21540,4,,2,70,,58627,21540,4,,2,30,,58631,21540,4,,2,70,,58633,21540,4,,2,30,,58628,21540,4,,2,70,,58634,21540,4,,2,30,,58638,21540,4,,2,70,,58629,21540,4,,2,74,,58635,21540,4,,2,21,,58639,21540,4,,2,35,,58641,21540,4,,2,60,,58636,21540,4,,2,40,,58640,21540,4,,2,65,,58642,21540,4,,2,30,,58637,21540,4,,2,85,,58643,21540,4,,2,100,,58645,21540,4,,2,100,,58644,21540,4,,2,100,,58647,21540,4,,2
6101,'SE',625,,58698,21540,4,,2,30,,58700,21540,4,,2,50,,58653,21540,4,,2,20,,58656,21540,4,,2,9,,58650,21540,4,,2,14,,58659,21540,4,,2,54,,58649,21540,4,,2,7,,58663,21540,4,,2,16,,58657,21540,4,,2,9,,58662,21540,4,,2,19,,58654,21540,4,,2,64,,58651,21540,4,,2,20,,58660,21540,4,,2,15,,58664,21540,4,,2,75,,58655,21540,4,,2,30,,58652,21540,4,,2,70,,58661,21540,4,,2,32,,58699,21540,4,,2,70,,58658,21540,4,,2,30,,58665,21540,4,,2,73,,58669,21540,4,,2,71,,58666,21540,4,,2,32,,58667,21540,4,,2,74,,58671,21540,4,,2,21,,58673,21540,4,,2,27,,58676,21540,4,,2,63,,58668,21540,4,,2,20,,58670,21540,4,,2,64,,58678,21540,4,,2,4,,58680,21540,4,,2,25,,58674,21540,4,,2,7,,58675,21540,4,,2,11,,58681,21540,4,,2,53,,58682,21540,4,,2,14,,58672,21540,4,,2,12,,58685,21540,4,,2,6,,58688,21540,4,,2,11,,58679,21540,4,,2,54,,58677,21540,4,,2,24,,58690,21540,4,,2,24,,58683,21540,4,,2,68,,58693,21540,4,,2,27,,58696,21540,4,,2,70,,58686,21540,4,,2,29,,58689,21540,4,,2,68,,58697,21540,4,,2,30,,58684,21540,4,,2,69,,58694,21540,4,,2,30,,58691,21540,4,,2
46101,'DI',609,,63211,11681,4,,2,40,,63214,11681,4,,2,103,,63215,11681,4,,2,97,,63216,11681,4,,2,70,,63212,11681,4,,2,30,,63217,11681,4,,2,70,,63213,11681,4,,2,30,,63218,11681,4,,2,70,,63219,11681,4,,2,30,,63223,11681,4,,2,70,,63220,11681,4,,2,30,,63224,11681,4,,2,70,,63221,11681,4,,2,30,,63225,11681,4,,2,70,,63222,11681,4,,2,100,,63226,11681,4,,2,100,,63227,11681,4,,2,91,,63228,11681,4,,2,39,,63230,11681,4,,2,74,,63229,11681,4,,2,26,,63231,11681,4,,2,95,,63232,11681,4,,2,105,,63233,11681,4,,2,100,,63234,11681,4,,2,100,,63235,11681,4,,2,100,,63236,11681,4,,2
46101,'F1',609,,63237,11681,4,,2,40,,63240,11681,4,,2,103,,63241,11681,4,,2,97,,63242,11681,4,,2,70,,63238,11681,4,,2,30,,63243,11681,4,,2,70,,63239,11681,4,,2,30,,63244,11681,4,,2,70,,63245,11681,4,,2,30,,63249,11681,4,,2,70,,63246,11681,4,,2,30,,63250,11681,4,,2,70,,63247,11681,4,,2,30,,63251,11681,4,,2,70,,63248,11681,4,,2,100,,63252,11681,4,,2,100,,63253,11681,4,,2,91,,63254,11681,4,,2,39,,63256,11681,4,,2,74,,63255,11681,4,,2,26,,63257,11681,4,,2,95,,63258,11681,4,,2,105,,63259,11681,4,,2,100,,63260,11681,4,,2,100,,63261,11681,4,,2,100,,63262,11681,4,,2
46101,'F2',609,,63267,11681,4,,2,40,,63270,11681,4,,2,103,,63271,11681,4,,2,97,,63272,11681,4,,2,70,,63268,11681,4,,2,30,,63273,11681,4,,2,70,,63269,11681,4,,2,30,,63274,11681,4,,2,70,,63275,11681,4,,2,30,,63279,11681,4,,2,70,,63276,11681,4,,2,30,,63280,11681,4,,2,70,,63277,11681,4,,2,30,,63281,11681,4,,2,70,,63278,11681,4,,2,100,,63282,11681,4,,2,100,,63283,11681,4,,2,91,,63284,11681,4,,2,39,,63286,11681,4,,2,74,,63285,11681,4,,2,26,,63287,11681,4,,2,95,,63288,11681,4,,2,105,,63264,11681,4,,2,100,,63263,11681,4,,2,100,,63265,11681,4,,2,100,,63266,11681,4,,2
46101,'SA',609,,63293,11681,4,,2,40,,63296,11681,4,,2,103,,63297,11681,4,,2,97,,63298,11681,4,,2,70,,63294,11681,4,,2,30,,63299,11681,4,,2,70,,63295,11681,4,,2,30,,63300,11681,4,,2,70,,63301,11681,4,,2,30,,63305,11681,4,,2,70,,63302,11681,4,,2,30,,63306,11681,4,,2,70,,63303,11681,4,,2,30,,63307,11681,4,,2,70,,63304,11681,4,,2,100,,63308,11681,4,,2,100,,63309,11681,4,,2,91,,63310,11681,4,,2,39,,63312,11681,4,,2,74,,63311,11681,4,,2,26,,63313,11681,4,,2,95,,63314,11681,4,,2,105,,63290,11681,4,,2,100,,63289,11681,4,,2,100,,63291,11681,4,,2,100,,63292,11681,4,,2
46101,'SE',458,,63315,11681,4,,2,68,,63347,11681,4,,2,26,,63317,11681,4,,2,60,,63316,11681,4,,2,106,,63345,11681,4,,2,37,,63343,11681,4,,2,147,,63344,11681,4,,2,25,,63319,11681,4,,2,79,,63348,11681,4,,2,37,,63320,11681,4,,2,70,,63321,11681,4,,2,30,,63318,11681,4,,2,70,,63322,11681,4,,2,30,,63323,11681,4,,2,70,,63326,11681,4,,2,30,,63328,11681,4,,2,73,,63329,11681,4,,2,32,,63324,11681,4,,2,97,,63330,11681,4,,2,84,,63327,11681,4,,2,24,,63346,11681,4,,2,67,,63331,11681,4,,2,34,,63325,11681,4,,2,69,,63340,11681,4,,2,33,,63332,11681,4,,2,80,,63334,11681,4,,2,68,,63336,11681,4,,2,30,,63338,11681,4,,2,69,,63333,11681,4,,2,30,,63341,11681,4,,2,70,,63339,11681,4,,2,30,,63335,11681,4,,2,70,,63337,11681,4,,2,29,,63342,11681,4,,2
46201,'DI',634,,63384,11681,4,,2,98,,63382,11681,4,,2,98,,63385,11681,4,,2,626,,63386,11681,4,,2,98,,63383,11681,4,,2,100,,63387,11681,4,,2
46201,'F1',634,,63390,11681,4,,2,98,,63388,11681,4,,2,98,,63391,11681,4,,2,626,,63392,11681,4,,2,98,,63389,11681,4,,2,100,,63393,11681,4,,2
46201,'F2',634,,63396,11681,4,,2,98,,63394,11681,4,,2,98,,63397,11681,4,,2,626,,63398,11681,4,,2,98,,63395,11681,4,,2,100,,63399,11681,4,,2
46201,'SA',634,,63402,11681,4,,2,98,,63400,11681,4,,2,98,,63403,11681,4,,2,626,,63404,11681,4,,2,98,,63401,11681,4,,2,100,,63405,11681,4,,2
46201,'SE',632,,63407,11681,4,,2,73,,63406,11681,4,,2,33,,63410,11681,4,,2,76,,63408,11681,4,,2,24,,63409,11681,4,,2,619,,63411,11681,4,,2,101,,63413,11681,4,,2,85,,63414,11681,4,,2,16,,63412,11681,4,,2
