600,'DI',644,,53007,7290,,,1,70,,53012,7290,,,1,30,,53004,7290,,,1,71,,53019,7290,,,1,30,,53025,7290,,,1,70,,52999,7290,,,1,31,,53013,7290,,,1,70,,53029,7290,,,1,30,,53008,7290,,,1,69,,53005,7290,,,1,31,,53000,7290,,,1,70,,53026,7290,,,1,30,,53021,7290,,,1,74,,53020,7290,,,1,29,,52998,7290,,,1,70,,53016,7290,,,1,27,,53027,7290,,,1,73,,53001,7290,,,1,30,,53010,7290,,,1,69,,53014,7290,,,1,31,,53017,7290,,,1,67,,53011,7290,,,1,30,,53015,7290,,,1,70,,53023,7290,,,1,27,,53006,7290,,,1,71,,53018,7290,,,1,104,,53009,7290,,,1,100,,53022,7290,,,1,99,,53002,7290,,,1,100,,53028,7290,,,1,100,,53024,7290,,,1,100,,53003,7290,,,1
600,'F1',644,,53039,7290,,,1,70,,53044,7290,,,1,30,,53036,7290,,,1,71,,53051,7290,,,1,30,,53057,7290,,,1,70,,53031,7290,,,1,31,,53045,7290,,,1,70,,53061,7290,,,1,30,,53040,7290,,,1,69,,53037,7290,,,1,31,,53032,7290,,,1,70,,53058,7290,,,1,30,,53053,7290,,,1,74,,53052,7290,,,1,29,,53030,7290,,,1,70,,53048,7290,,,1,27,,53059,7290,,,1,73,,53033,7290,,,1,30,,53042,7290,,,1,69,,53046,7290,,,1,31,,53049,7290,,,1,67,,53043,7290,,,1,30,,53047,7290,,,1,70,,53055,7290,,,1,27,,53038,7290,,,1,71,,53050,7290,,,1,104,,53041,7290,,,1,100,,53054,7290,,,1,99,,53034,7290,,,1,100,,53060,7290,,,1,100,,53056,7290,,,1,100,,53035,7290,,,1
600,'F2',644,,53087,7290,,,1,71,,53070,7290,,,1,29,,53081,7290,,,1,70,,53066,7290,,,1,34,,53082,7290,,,1,66,,53071,7290,,,1,35,,53063,7290,,,1,63,,53064,7290,,,1,32,,53089,7290,,,1,69,,53072,7290,,,1,30,,53077,7290,,,1,78,,53073,7290,,,1,30,,53078,7290,,,1,67,,53085,7290,,,1,31,,53074,7290,,,1,67,,53090,7290,,,1,30,,53086,7290,,,1,70,,53075,7290,,,1,30,,53083,7290,,,1,70,,53079,7290,,,1,30,,53076,7290,,,1,70,,53069,7290,,,1,30,,53080,7290,,,1,70,,53084,7290,,,1,30,,53065,7290,,,1,70,,43901,7290,,,1,105,,53062,7290,,,1,100,,53067,7290,,,1,99,,53088,7290,,,1,100,,53091,7290,,,1,100,,43899,7290,,,1,100,,53068,7290,,,1
600,'SA',644,,53117,7290,,,1,71,,53100,7290,,,1,29,,53111,7290,,,1,70,,53096,7290,,,1,34,,53112,7290,,,1,66,,53101,7290,,,1,35,,53093,7290,,,1,63,,53094,7290,,,1,32,,53119,7290,,,1,69,,53102,7290,,,1,30,,53107,7290,,,1,78,,53103,7290,,,1,30,,53108,7290,,,1,67,,53115,7290,,,1,31,,53104,7290,,,1,67,,53120,7290,,,1,30,,53116,7290,,,1,70,,53105,7290,,,1,30,,53113,7290,,,1,70,,53109,7290,,,1,30,,53106,7290,,,1,70,,53099,7290,,,1,30,,53110,7290,,,1,70,,53114,7290,,,1,30,,53095,7290,,,1,70,,22478,7290,,,1,105,,53092,7290,,,1,100,,53097,7290,,,1,99,,53118,7290,,,1,100,,53121,7290,,,1,100,,22476,7290,,,1,100,,53098,7290,,,1
600,'SE',555,,53147,7290,,,1,70,,53153,7290,,,1,30,,53134,7290,,,1,73,,53122,7290,,,1,72,,53130,7290,,,1,27,,53146,7290,,,1,73,,53139,7290,,,1,28,,53148,7290,,,1,30,,53129,7290,,,1,70,,53144,7290,,,1,30,,53127,7290,,,1,70,,53136,7290,,,1,72,,53150,7290,,,1,30,,53155,7290,,,1,70,,53156,7290,,,1,30,,53152,7290,,,1,70,,53151,7290,,,1,31,,53123,7290,,,1,69,,53142,7290,,,1,32,,53128,7290,,,1,70,,53140,7290,,,1,29,,53145,7290,,,1,78,,53133,7290,,,1,25,,53149,7290,,,1,69,,53132,7290,,,1,28,,53137,7290,,,1,28,,53157,7290,,,1,70,,53131,7290,,,1,28,,53141,7290,,,1,70,,53154,7290,,,1,29,,53126,7290,,,1,70,,53138,7290,,,1,100,,53135,7290,,,1,100,,53124,7290,,,1,100,,53143,7290,,,1,100,,53125,7290,,,1
1500,'DI',744,,54267,9386,,,1,101,,54279,9386,,,1,100,,54276,9386,,,1,100,,54282,9386,,,1,100,,54275,9386,,,1,100,,54268,9386,,,1,100,,54278,9386,,,1,100,,54280,9386,,,1,100,,54270,9386,,,1,100,,54283,9386,,,1,100,,54273,9386,,,1,100,,54277,9386,,,1,98,,54271,9386,,,1,100,,54285,9386,,,1,100,,54284,9386,,,1,100,,54274,9386,,,1,100,,54269,9386,,,1,100,,54281,9386,,,1,100,,54272,9386,,,1
1500,'F1',744,,54286,9386,,,1,101,,54298,9386,,,1,100,,54295,9386,,,1,100,,54301,9386,,,1,100,,54294,9386,,,1,100,,54287,9386,,,1,100,,54297,9386,,,1,100,,54299,9386,,,1,100,,54289,9386,,,1,100,,54302,9386,,,1,100,,54292,9386,,,1,100,,54296,9386,,,1,98,,54290,9386,,,1,100,,54304,9386,,,1,100,,54303,9386,,,1,100,,54293,9386,,,1,100,,54288,9386,,,1,100,,54300,9386,,,1,100,,54291,9386,,,1
1500,'F2',745,,54317,9386,,,1,100,,54315,9386,,,1,100,,54310,9386,,,1,100,,54308,9386,,,1,107,,54320,9386,,,1,95,,44689,9386,,,1,100,,54313,9386,,,1,100,,54318,9386,,,1,100,,54305,9386,,,1,100,,54309,9386,,,1,100,,54321,9386,,,1,100,,54311,9386,,,1,100,,54314,9386,,,1,99,,54307,9386,,,1,100,,54316,9386,,,1,100,,54312,9386,,,1,100,,54306,9386,,,1,100,,44707,9386,,,1,100,,54319,9386,,,1
1500,'SA',745,,54334,9386,,,1,100,,54332,9386,,,1,100,,54327,9386,,,1,100,,54325,9386,,,1,107,,54337,9386,,,1,95,,24497,9386,,,1,100,,54330,9386,,,1,100,,54335,9386,,,1,100,,54322,9386,,,1,100,,54326,9386,,,1,100,,54338,9386,,,1,100,,54328,9386,,,1,100,,54331,9386,,,1,99,,54324,9386,,,1,100,,54333,9386,,,1,100,,54329,9386,,,1,100,,54323,9386,,,1,100,,24515,9386,,,1,100,,54336,9386,,,1
1500,'SE',607,,54343,9386,,,1,30,,54348,9386,,,1,71,,54342,9386,,,1,28,,54375,9386,,,1,74,,54363,9386,,,1,26,,54344,9386,,,1,74,,54367,9386,,,1,30,,54357,9386,,,1,68,,54353,9386,,,1,30,,54359,9386,,,1,70,,54371,9386,,,1,30,,54370,9386,,,1,70,,54360,9386,,,1,30,,54349,9386,,,1,70,,54339,9386,,,1,30,,54361,9386,,,1,70,,54350,9386,,,1,30,,54354,9386,,,1,72,,54352,9386,,,1,30,,54358,9386,,,1,66,,54351,9386,,,1,34,,54373,9386,,,1,82,,54347,9386,,,1,18,,54355,9386,,,1,70,,54374,9386,,,1,30,,54340,9386,,,1,70,,54372,9386,,,1,27,,54369,9386,,,1,70,,54368,9386,,,1,30,,54366,9386,,,1,70,,54364,9386,,,1,30,,54365,9386,,,1,70,,54356,9386,,,1,30,,54345,9386,,,1,100,,54362,9386,,,1,98,,54341,9386,,,1,100,,54346,9386,,,1
3701,'SE',645,,57033,5828,,,2,70,,57034,5828,,,2,30,,57036,5828,,,2,70,,57035,5828,,,2,30,,57037,5828,,,2,780,,57038,1088,,,2,76,,57039,1088,,,2
60600,'SE',1717,,63486,6887,,,2
65001,'SE',849,,63516,9681,,,2
