501,'DI',601,,52825,2575,0,28 29,1,30,,52832,2575,0,28 29,1,70,,52826,2575,0,28 29,1,30,,52833,2575,0,28 29,1,70,,52827,2575,0,28 29,1,30,,52834,2575,0,28 29,1,70,,52828,2575,0,28 29,1,30,,52835,2575,0,28 29,1,70,,52840,2575,0,28 29,1,30,,52836,2575,0,28 29,1,70,,52851,2575,0,28 29,1,30,,52837,2575,0,28 29,1,70,,52849,2575,0,28 29,1,33,,52838,2575,0,28 29,1,70,,52855,2575,0,28 29,1,28,,52846,2575,0,28 29,1,72,,52843,2575,0,28 29,1,30,,52839,2575,0,28 29,1,70,,52848,2575,0,28 29,1,29,,52850,2575,0,28 29,1,71,,52829,2575,0,28 29,1,30,,52847,2575,0,28 29,1,70,,52852,2575,0,28 29,1,30,,52856,2575,0,28 29,1,70,,52841,2575,0,28 29,1,98,,52830,2575,0,28 29,1,100,,52853,2575,0,28 29,1,100,,52844,2575,0,28 29,1,100,,52831,2575,0,28 29,1,100,,52854,2575,0,28 29,1,100,,52842,2575,0,28 29,1,100,,52845,2575,4,,1
501,'F1',601,,52857,2575,0,28 29,1,30,,52864,2575,0,28 29,1,70,,52858,2575,0,28 29,1,30,,52865,2575,0,28 29,1,70,,52859,2575,0,28 29,1,30,,52866,2575,0,28 29,1,70,,52860,2575,0,28 29,1,30,,52867,2575,0,28 29,1,70,,52872,2575,0,28 29,1,30,,52868,2575,0,28 29,1,70,,52883,2575,0,28 29,1,30,,52869,2575,0,28 29,1,70,,52881,2575,0,28 29,1,33,,52870,2575,0,28 29,1,70,,52887,2575,0,28 29,1,28,,52878,2575,0,28 29,1,72,,52875,2575,0,28 29,1,30,,52871,2575,0,28 29,1,70,,52880,2575,0,28 29,1,29,,52882,2575,0,28 29,1,71,,52861,2575,0,28 29,1,30,,52879,2575,0,28 29,1,70,,52884,2575,0,28 29,1,30,,52888,2575,0,28 29,1,70,,52873,2575,0,28 29,1,98,,52862,2575,0,28 29,1,100,,52885,2575,0,28 29,1,100,,52876,2575,0,28 29,1,100,,52863,2575,0,28 29,1,100,,52886,2575,0,28 29,1,100,,52874,2575,0,28 29,1,100,,52877,2575,4,,1
501,'F2',531,,52889,2575,0,28 29,1,70,,43758,2575,0,28 29,1,30,,52890,2575,0,28 29,1,70,,43759,2575,0,28 29,1,30,,52891,2575,0,28 29,1,70,,52901,2575,0,28 29,1,30,,43753,2575,0,28 29,1,70,,52898,2575,0,28 29,1,30,,43754,2575,0,28 29,1,70,,52904,2575,0,28 29,1,30,,43755,2575,0,28 29,1,70,,52909,2575,0,28 29,1,30,,43756,2575,0,28 29,1,70,,52906,2575,0,28 29,1,33,,52899,2575,0,28 29,1,70,,52902,2575,0,28 29,1,30,,43762,2575,0,28 29,1,70,,52914,2575,0,28 29,1,30,,43777,2575,0,28 29,1,70,,52900,2575,0,28 29,1,30,,52893,2575,0,28 29,1,70,,52895,2575,0,28 29,1,30,,52892,2575,0,28 29,1,70,,52910,2575,0,28 29,1,30,,52894,2575,0,28 29,1,70,,52905,2575,0,28 29,1,98,,52896,2575,0,28 29,1,100,,52911,2575,0,28 29,1,100,,52903,2575,0,28 29,1,100,,52897,2575,0,28 29,1,100,,52912,2575,0,28 29,1,100,,52913,2575,0,28 29,1,100,,52907,2575,0,28 29,1,100,,52908,2575,4,,1
501,'SA',531,,52915,2575,0,28 29,1,70,,22174,2575,0,28 29,1,30,,52916,2575,0,28 29,1,70,,22175,2575,0,28 29,1,30,,52917,2575,0,28 29,1,70,,52927,2575,0,28 29,1,30,,22169,2575,0,28 29,1,70,,52924,2575,0,28 29,1,30,,22170,2575,0,28 29,1,70,,52930,2575,0,28 29,1,30,,22171,2575,0,28 29,1,70,,52935,2575,0,28 29,1,30,,22172,2575,0,28 29,1,70,,52932,2575,0,28 29,1,33,,52925,2575,0,28 29,1,70,,52928,2575,0,28 29,1,30,,22178,2575,0,28 29,1,70,,52940,2575,0,28 29,1,30,,22193,2575,0,28 29,1,70,,52926,2575,0,28 29,1,30,,52919,2575,0,28 29,1,70,,52921,2575,0,28 29,1,30,,52918,2575,0,28 29,1,70,,52936,2575,0,28 29,1,30,,52920,2575,0,28 29,1,70,,52931,2575,0,28 29,1,98,,52922,2575,0,28 29,1,100,,52937,2575,0,28 29,1,100,,52929,2575,0,28 29,1,100,,52923,2575,0,28 29,1,100,,52938,2575,0,28 29,1,100,,52939,2575,0,28 29,1,100,,52933,2575,0,28 29,1,100,,52934,2575,4,,1
501,'SE',443,,52941,2575,,,1,65,,52968,2575,0,28 29,1,20,,52979,2575,0,28 29,1,20,,52942,2575,0,28 29,1,55,,52975,2575,0,28 29,1,15,,52985,2575,0,28 29,1,15,,52980,2575,0,28 29,1,9,,52972,2575,0,28 29,1,9,,52946,2575,0,28 29,1,52,,52976,2575,0,28 29,1,10,,52949,2575,0,28 29,1,10,,52950,2575,0,28 29,1,10,,52945,2575,0,28 29,1,10,,52982,2575,0,28 29,1,10,,52997,2575,0,28 29,1,50,,52947,2575,0,28 29,1,10,,52984,2575,0,28 29,1,11,,52994,2575,0,28 29,1,9,,52951,2575,0,28 29,1,20,,52943,2575,0,28 29,1,60,,52948,2575,0,28 29,1,20,,52995,2575,0,28 29,1,70,,52944,2575,0,28 29,1,30,,52966,2575,0,28 29,1,70,,52981,2575,0,28 29,1,30,,52973,2575,0,28 29,1,70,,52952,2575,0,28 29,1,30,,52954,2575,0,28 29,1,71,,52970,2575,0,28 29,1,30,,52959,2575,0,28 29,1,70,,52956,2575,0,28 29,1,30,,52977,2575,0,28 29,1,70,,52990,2575,0,28 29,1,34,,52955,2575,0,28 29,1,13,,52989,2575,4,,1,55,,52960,2575,0,28 29,1,17,,52961,2575,4,,1,15,,52986,2575,0,28 29,1,17,,52969,2575,4,,1,56,,52971,2575,0,28 29,1,12,,52962,2575,4,,1,15,,52953,2575,0,28 29,1,15,,52987,2575,4,,1,55,,52974,2575,0,28 29,1,22,,52992,2575,0,28 29,1,16,,52978,2575,4,,1,61,,52957,2575,0,28 29,1,25,,52993,2575,0,28 29,1,70,,52983,2575,0,28 29,1,30,,52988,2575,0,28 29,1,70,,52996,2575,0,28 29,1,30,,52967,2575,0,28 29,1,70,,52958,2575,0,28 29,1,100,,52991,2575,0,28 29,1,100,,52963,2575,0,28 29,1,100,,52964,2575,0,28 29,1,100,,52965,2575,4,,1
900,'SE',1634,,53729,12201,0,28 30,2,78,,53727,12201,0,28 30,2,22,,53726,12201,0,28 30,2,67,,53725,12201,0,28 30,2,28,,53728,12201,0,28 30,2
6000,'SE',639,,58258,8688,,,1,85,,58256,8688,,,1,77,,58259,8688,,,1,47,,58257,8688,,,1,101,,58251,8688,,,1,100,,58269,8688,,,1,100,,58254,8688,,,1,101,,58252,8688,,,1,100,,58255,8688,,,1,100,,58271,8688,,,1,99,,58260,8688,,,1,70,,58267,8688,,,1,25,,58253,8688,,,1,64,,58264,8688,,,1,27,,58262,8688,,,1,67,,58261,8688,,,1,25,,58265,8688,,,1,30,,58263,8688,,,1,67,,58250,8688,,,1,99,,58272,8688,,,1,99,,58273,8688,,,1,100,,58266,8688,,,1,90,,58268,8688,,,1,100,,58270,8688,,,1
16000,'DI',710,,62163,8688,0,19 20,1,100,,62168,8688,0,19 20,1,100,,62162,8688,0,19 20,1,100,,62156,8688,0,19 20,1,100,,62159,8688,0,19 20,1,100,,62165,8688,0,19 20,1,100,,62160,8688,0,19 20,1,100,,62169,8688,0,19 20,1,100,,62161,8688,0,19 20,1,100,,62164,8688,0,19 20,1,100,,62157,8688,0,19 20,1,100,,62166,8688,0,19 20,1,100,,62170,8688,0,19 20,1,102,,62158,8688,0,19 20,1,98,,62167,8688,0,19 20,1
16000,'F1',710,,62178,8688,0,19 20,1,100,,62183,8688,0,19 20,1,100,,62177,8688,0,19 20,1,100,,62171,8688,0,19 20,1,100,,62174,8688,0,19 20,1,100,,62180,8688,0,19 20,1,100,,62175,8688,0,19 20,1,100,,62184,8688,0,19 20,1,100,,62176,8688,0,19 20,1,100,,62179,8688,0,19 20,1,100,,62172,8688,0,19 20,1,100,,62181,8688,0,19 20,1,100,,62185,8688,0,19 20,1,102,,62173,8688,0,19 20,1,98,,62182,8688,0,19 20,1
16000,'F2',710,,62197,8688,0,19 20,1,99,,62186,8688,0,19 20,1,101,,62198,8688,0,19 20,1,100,,50222,8688,0,19 20,1,100,,62191,8688,0,19 20,1,99,,62194,8688,0,19 20,1,101,,62192,8688,0,19 20,1,100,,62189,8688,0,19 20,1,100,,62199,8688,0,19 20,1,100,,62190,8688,0,19 20,1,100,,62187,8688,0,19 20,1,100,,62195,8688,0,19 20,1,100,,62193,8688,0,19 20,1,101,,62188,8688,0,19 20,1,99,,62196,8688,0,19 20,1
16000,'SA',710,,62211,8688,0,19 20,1,99,,62200,8688,0,19 20,1,101,,62212,8688,0,19 20,1,100,,38455,8688,0,19 20,1,100,,62205,8688,0,19 20,1,99,,62208,8688,0,19 20,1,101,,62206,8688,0,19 20,1,100,,62203,8688,0,19 20,1,100,,62213,8688,0,19 20,1,100,,62204,8688,0,19 20,1,100,,62201,8688,0,19 20,1,100,,62209,8688,0,19 20,1,100,,62207,8688,0,19 20,1,101,,62202,8688,0,19 20,1,99,,62210,8688,0,19 20,1
16000,'SE',624,,62221,8688,0,19 20,1,95,,62214,8688,0,19 20,1,81,,62219,8688,0,19 20,1,52,,62215,8688,0,19 20,1,89,,62218,8688,0,19 20,1,86,,62230,8688,0,19 20,1,101,,62228,8688,0,19 20,1,100,,62222,8688,0,19 20,1,100,,62216,8688,0,19 20,1,100,,62231,8688,0,19 20,1,101,,62220,8688,0,19 20,1,30,,62229,8688,0,19 20,1,68,,62232,8688,0,19 20,1,24,,62237,8688,0,19 20,1,72,,62234,8688,0,19 20,1,26,,62233,8688,0,19 20,1,68,,62223,8688,0,19 20,1,30,,62236,8688,0,19 20,1,70,,62235,8688,0,19 20,1,87,,62217,8688,0,19 20,1,98,,62224,8688,0,19 20,1,99,,62226,8688,0,19 20,1,52,,62225,8688,0,19 20,1,100,,62227,8688,0,19 20,1
53800,'SE',1625,,63448,2052,,,2
