3201,'DI',535,,28612,4397,,,1,99,,28613,4397,,,1,101,,28614,4397,,,1,99,,28615,4397,,,1,102,,28616,4397,,,1,100,,28619,4397,,,1,101,,28621,4397,,,1,101,,28617,4397,,,1,103,,28623,4397,,,1,98,,28622,4397,,,1,104,,28625,4397,,,1,96,,28624,4397,,,1,100,,28627,4397,,,1,100,,28626,4397,,,1,99,,28620,4397,,,1,100,,28610,4397,,,1,100,,28628,4397,,,1,100,,28630,4397,,,1,100,,28618,4397,,,1,100,,28629,4397,,,1,99,,28611,4397,,,1
3201,'F1',535,,46314,4397,,,1,99,,46315,4397,,,1,101,,46316,4397,,,1,99,,46317,4397,,,1,102,,46318,4397,,,1,100,,46321,4397,,,1,101,,46323,4397,,,1,101,,46319,4397,,,1,103,,46325,4397,,,1,98,,46324,4397,,,1,104,,46327,4397,,,1,96,,46326,4397,,,1,100,,46329,4397,,,1,100,,46328,4397,,,1,99,,46322,4397,,,1,100,,46312,4397,,,1,100,,46330,4397,,,1,100,,46332,4397,,,1,100,,46320,4397,,,1,100,,46331,4397,,,1,99,,46313,4397,,,1
3201,'F2',535,,46334,4397,,,1,99,,46335,4397,,,1,101,,46336,4397,,,1,96,,46337,4397,,,1,103,,46338,4397,,,1,101,,46344,4397,,,1,102,,46339,4397,,,1,99,,46353,4397,,,1,106,,46345,4397,,,1,102,,46340,4397,,,1,97,,46341,4397,,,1,98,,46346,4397,,,1,100,,46347,4397,,,1,100,,46342,4397,,,1,99,,46349,4397,,,1,100,,46348,4397,,,1,100,,46350,4397,,,1,100,,46352,4397,,,1,100,,46351,4397,,,1,100,,46343,4397,,,1,99,,46333,4397,,,1
3201,'F8',535,,28702,4397,,,1,99,,28703,4397,,,1,101,,28704,4397,,,1,96,,28705,4397,,,1,103,,28706,4397,,,1,101,,28712,4397,,,1,102,,28707,4397,,,1,99,,28721,4397,,,1,106,,28713,4397,,,1,102,,28708,4397,,,1,97,,28709,4397,,,1,98,,28714,4397,,,1,100,,28715,4397,,,1,100,,28710,4397,,,1,99,,28717,4397,,,1,100,,28716,4397,,,1,100,,28718,4397,,,1,100,,28720,4397,,,1,100,,28719,4397,,,1,100,,28711,4397,,,1,99,,28701,4397,,,1
3201,'F9',535,,28724,4397,,,1,99,,28725,4397,,,1,101,,28726,4397,,,1,99,,28727,4397,,,1,102,,28728,4397,,,1,100,,28731,4397,,,1,101,,28733,4397,,,1,101,,28729,4397,,,1,103,,28735,4397,,,1,98,,28734,4397,,,1,104,,28737,4397,,,1,96,,28736,4397,,,1,100,,28739,4397,,,1,100,,28738,4397,,,1,99,,28732,4397,,,1,100,,28722,4397,,,1,100,,28740,4397,,,1,100,,28742,4397,,,1,100,,28730,4397,,,1,100,,28741,4397,,,1,99,,28723,4397,,,1
3201,'SA',535,,28744,4397,,,1,99,,28745,4397,,,1,101,,28746,4397,,,1,96,,28747,4397,,,1,103,,28748,4397,,,1,101,,28754,4397,,,1,102,,28749,4397,,,1,99,,28763,4397,,,1,106,,28755,4397,,,1,102,,28750,4397,,,1,97,,28751,4397,,,1,98,,28756,4397,,,1,100,,28757,4397,,,1,100,,28752,4397,,,1,99,,28759,4397,,,1,100,,28758,4397,,,1,100,,28760,4397,,,1,100,,28762,4397,,,1,100,,28761,4397,,,1,100,,28753,4397,,,1,99,,28743,4397,,,1
3201,'SE',510,,46376,8684,,,1,30,,46367,8684,,,1,70,,46375,8684,,,1,29,,46371,8684,,,1,75,,46368,8684,,,1,27,,46369,8684,,,1,64,,46381,8684,,,1,30,,46372,8684,,,1,75,,46380,8684,,,1,96,,46357,4397,,,1,101,,46359,4397,,,1,100,,46354,4397,,,1,100,,46365,4397,,,1,100,,46355,4397,,,1,103,,46358,4397,,,1,105,,46360,4397,,,1,20,,46379,8684,,,1,70,,46374,8684,,,1,30,,46366,8684,,,1,70,,46378,8684,,,1,23,,46373,8684,,,1,73,,46377,8684,,,1,25,,46370,8684,,,1,87,,46363,4397,,,1,100,,46362,4397,,,1,98,,46364,4397,,,1,100,,46356,4397,,,1,98,,46361,4397,,,1
13201,'DI',716,,38200,7147,,,1,100,,38198,7147,,,1,100,,38199,7147,,,1,100,,38204,7147,,,1,100,,38201,7147,,,1,100,,38202,7147,,,1,100,,38205,7147,,,1,100,,38208,7147,,,1,100,,38206,7147,,,1,105,,38210,7147,,,1,95,,38209,7147,,,1,100,,38207,7147,,,1,101,,38211,7147,,,1,98,,38212,7147,,,1,100,,38203,7147,,,1,100,,38197,7147,,,1,100,,38213,7147,,,1,100,,38214,7147,,,1
13201,'F1',716,,50148,7147,,,1,100,,50146,7147,,,1,100,,50147,7147,,,1,100,,50152,7147,,,1,100,,50149,7147,,,1,100,,50150,7147,,,1,100,,50153,7147,,,1,100,,50156,7147,,,1,100,,50154,7147,,,1,105,,50158,7147,,,1,95,,50157,7147,,,1,100,,50155,7147,,,1,101,,50159,7147,,,1,98,,50160,7147,,,1,100,,50151,7147,,,1,100,,50145,7147,,,1,100,,50161,7147,,,1,100,,50162,7147,,,1
13201,'F2',716,,50164,7147,,,1,100,,50180,7147,,,1,100,,50168,7147,,,1,100,,50163,7147,,,1,103,,50165,7147,,,1,97,,50169,7147,,,1,104,,50166,7147,,,1,96,,50179,7147,,,1,104,,50170,7147,,,1,96,,50172,7147,,,1,100,,50167,7147,,,1,100,,50171,7147,,,1,101,,50173,7147,,,1,98,,50175,7147,,,1,100,,50174,7147,,,1,100,,50177,7147,,,1,100,,50176,7147,,,1,100,,50178,7147,,,1
13201,'F8',716,,38280,7147,,,1,100,,38296,7147,,,1,100,,38284,7147,,,1,100,,38279,7147,,,1,103,,38281,7147,,,1,97,,38285,7147,,,1,104,,38282,7147,,,1,96,,38295,7147,,,1,104,,38286,7147,,,1,96,,38288,7147,,,1,100,,38283,7147,,,1,100,,38287,7147,,,1,101,,38289,7147,,,1,98,,38291,7147,,,1,100,,38290,7147,,,1,100,,38293,7147,,,1,100,,38292,7147,,,1,100,,38294,7147,,,1
13201,'F9',716,,38300,7147,,,1,100,,38298,7147,,,1,100,,38299,7147,,,1,100,,38304,7147,,,1,100,,38301,7147,,,1,100,,38302,7147,,,1,100,,38305,7147,,,1,100,,38308,7147,,,1,100,,38306,7147,,,1,105,,38310,7147,,,1,95,,38309,7147,,,1,100,,38307,7147,,,1,101,,38311,7147,,,1,98,,38312,7147,,,1,100,,38303,7147,,,1,100,,38297,7147,,,1,100,,38313,7147,,,1,100,,38314,7147,,,1
13201,'SA',716,,38316,7147,,,1,100,,38332,7147,,,1,100,,38320,7147,,,1,100,,38315,7147,,,1,103,,38317,7147,,,1,97,,38321,7147,,,1,104,,38318,7147,,,1,96,,38331,7147,,,1,104,,38322,7147,,,1,96,,38324,7147,,,1,100,,38319,7147,,,1,100,,38323,7147,,,1,101,,38325,7147,,,1,98,,38327,7147,,,1,100,,38326,7147,,,1,100,,38329,7147,,,1,100,,38328,7147,,,1,100,,38330,7147,,,1
13201,'SE',549,,50185,7147,,,1,70,,50190,7147,,,1,32,,50195,7147,,,1,60,,50198,7147,,,1,22,,50181,7147,,,1,22,,50196,7147,,,1,60,,50194,7147,,,1,18,,50192,7147,,,1,18,,50182,7147,,,1,60,,50197,7147,,,1,18,,50189,7147,,,1,22,,50193,7147,,,1,96,,50187,7147,,,1,99,,50203,7147,,,1,96,,50186,7147,,,1,100,,50204,7147,,,1,110,,50206,7147,,,1,97,,50183,7147,,,1,64,,50199,7147,,,1,20,,50201,7147,,,1,19,,50191,7147,,,1,63,,50184,7147,,,1,19,,50200,7147,,,1,19,,50205,7147,,,1,59,,50188,7147,,,1,40,,50202,7147,,,1
