1701,'DI',608,,54947,10683,,,1,100,,54951,10683,,,1,30,,54963,10683,,,1,70,,54967,10683,,,1,30,,54945,10683,,,1,70,,54952,10683,,,1,30,,25578,10683,,,1,70,,54948,10683,,,1,30,,54946,10683,,,1,70,,54965,10683,,,1,30,,54956,10683,,,1,70,,54953,10683,,,1,30,,54964,10683,,,1,70,,54942,10683,,,1,30,,54957,10683,,,1,70,,54955,10683,,,1,30,,54940,10683,,,1,70,,54954,10683,,,1,30,,54961,10683,,,1,69,,54949,10683,,,1,30,,54937,10683,,,1,71,,54950,10683,,,1,30,,54938,10683,,,1,70,,54941,10683,,,1,31,,54939,10683,,,1,70,,54944,10683,,,1,99,,54966,10683,,,1,100,,54962,10683,,,1,100,,54958,10683,,,1,100,,54943,10683,,,1,100,,54959,10683,,,1,100,,25549,10683,,,1
1701,'F1',608,,54978,10683,,,1,100,,54982,10683,,,1,30,,54994,10683,,,1,70,,54998,10683,,,1,30,,54976,10683,,,1,70,,54983,10683,,,1,30,,45135,10683,,,1,70,,54979,10683,,,1,30,,54977,10683,,,1,70,,54996,10683,,,1,30,,54987,10683,,,1,70,,54984,10683,,,1,30,,54995,10683,,,1,70,,54973,10683,,,1,30,,54988,10683,,,1,70,,54986,10683,,,1,30,,54971,10683,,,1,70,,54985,10683,,,1,30,,54992,10683,,,1,69,,54980,10683,,,1,30,,54968,10683,,,1,71,,54981,10683,,,1,30,,54969,10683,,,1,70,,54972,10683,,,1,31,,54970,10683,,,1,70,,54975,10683,,,1,99,,54997,10683,,,1,100,,54993,10683,,,1,100,,54989,10683,,,1,100,,54974,10683,,,1,100,,54990,10683,,,1,100,,45106,10683,,,1
1701,'F2',608,,55010,10683,,,1,100,,55007,10683,,,1,30,,55017,10683,,,1,70,,55011,10683,,,1,30,,55026,10683,,,1,70,,55001,10683,,,1,30,,55018,10683,,,1,70,,55012,10683,,,1,30,,55027,10683,,,1,70,,55002,10683,,,1,30,,55019,10683,,,1,70,,55006,10683,,,1,30,,54999,10683,,,1,70,,55005,10683,,,1,30,,55029,10683,,,1,70,,55003,10683,,,1,30,,55013,10683,,,1,70,,55020,10683,,,1,30,,55000,10683,,,1,70,,55008,10683,,,1,30,,55028,10683,,,1,69,,55023,10683,,,1,30,,55014,10683,,,1,71,,55024,10683,,,1,30,,55015,10683,,,1,71,,55025,10683,,,1,99,,55030,10683,,,1,100,,55021,10683,,,1,100,,55004,10683,,,1,100,,55016,10683,,,1,100,,55009,10683,,,1,100,,55022,10683,,,1
1701,'SA',608,,55043,10683,,,1,100,,55040,10683,,,1,30,,55050,10683,,,1,70,,55044,10683,,,1,30,,55059,10683,,,1,70,,55034,10683,,,1,30,,55051,10683,,,1,70,,55045,10683,,,1,30,,55060,10683,,,1,70,,55035,10683,,,1,30,,55052,10683,,,1,70,,55039,10683,,,1,30,,55032,10683,,,1,70,,55038,10683,,,1,30,,55062,10683,,,1,70,,55036,10683,,,1,30,,55046,10683,,,1,70,,55053,10683,,,1,30,,55033,10683,,,1,70,,55041,10683,,,1,30,,55061,10683,,,1,69,,55056,10683,,,1,30,,55047,10683,,,1,71,,55057,10683,,,1,30,,55048,10683,,,1,71,,55058,10683,,,1,99,,55063,10683,,,1,100,,55054,10683,,,1,100,,55037,10683,,,1,100,,55049,10683,,,1,100,,55042,10683,,,1,100,,55055,10683,,,1
2501,'DI',1615,,56146,15765,,,2
2501,'F1',1615,,56147,15765,,,2
2501,'F2',1615,,56148,15765,,,2
2501,'SA',1615,,56149,15765,,,2
2501,'SE',526,,56159,14128,,,2,30,,56162,14128,,,2,63,,56171,14128,,,2,34,,56160,14128,,,2,76,,56177,15765,,,2,30,,56175,15765,,,2,65,,56161,14128,,,2,30,,56163,14128,,,2,68,,56165,14128,,,2,505,,56172,14128,,,2,31,,56164,14128,,,2,72,,56170,14128,,,2,71,,56181,15765,,,2,20,,56180,15765,,,2,12,,56178,15765,,,2,9,,56155,14128,,,2,59,,56166,14128,,,2,14,,56152,14128,,,2,15,,56150,14128,,,2,28,,56167,14128,,,2,67,,56154,14128,,,2,29,,56151,14128,,,2,99,,56153,14128,,,2,385,,56174,14128,,,2,86,,56176,15765,,,2,12,,56156,14128,,,2,75,,56169,14128,,,2
7601,'SE',520,,59914,7800,,,1,30,,59944,7800,,,1,70,,59925,7800,,,1,27,,59941,7800,,,1,61,,59924,7800,,,1,20,,59926,7800,,,1,21,,59900,7800,,,1,4,,59921,7800,,,1,5,,59906,7800,,,1,55,,59927,7800,,,1,21,,59901,7800,,,1,21,,59943,7800,,,1,66,,59928,7800,,,1,30,,59922,7800,,,1,70,,59903,7800,,,1,30,,59910,7800,,,1,70,,59915,7800,,,1,30,,59942,7800,,,1,70,,59920,7800,,,1,30,,59940,7800,,,1,70,,59907,7800,,,1,30,,59904,7800,,,1,70,,59911,7800,,,1,32,,59908,7800,,,1,75,,59912,7800,,,1,26,,59919,7800,,,1,72,,59917,7800,,,1,75,,59916,7800,,,1,24,,59933,7800,,,1,15,,59939,7800,,,1,19,,59902,7800,,,1,61,,59909,7800,,,1,17,,59934,7800,,,1,18,,59905,7800,,,1,66,,59913,7800,,,1,30,,59918,7800,,,1,70,,59899,7800,,,1,29,,59929,7800,,,1,70,,59935,7800,,,1,30,,59930,7800,,,1,70,,59936,7800,,,1,29,,59923,7800,,,1,70,,59937,7800,,,1,30,,59931,7800,,,1,70,,59938,7800,,,1,30,,59932,7800,,,1
