1901,'DI',538,,55208,334,,,2,100,,55209,334,,,2,100,,55210,334,,,2,100,,55211,334,,,2,104,,55212,334,,,2,100,,55213,334,,,2,100,,55214,334,,,2,100,,55215,334,,,2,100,,55216,334,,,2,100,,55217,334,,,2,100,,55218,334,,,2,100,,55219,334,,,2,100,,55220,334,,,2,100,,55221,334,,,2,100,,55222,334,,,2,100,,55223,334,,,2,100,,55224,334,,,2,100,,55226,334,,,2,100,,55225,334,,,2,100,,55227,334,,,2,100,,25992,334,,,2
1901,'F1',538,,55228,334,,,2,100,,55229,334,,,2,100,,55230,334,,,2,100,,55231,334,,,2,104,,55232,334,,,2,100,,55233,334,,,2,100,,55234,334,,,2,100,,55235,334,,,2,100,,55236,334,,,2,100,,55237,334,,,2,100,,55238,334,,,2,100,,55239,334,,,2,100,,55240,334,,,2,100,,55241,334,,,2,100,,55242,334,,,2,100,,55243,334,,,2,100,,55244,334,,,2,100,,55246,334,,,2,100,,55245,334,,,2,100,,55247,334,,,2,100,,45265,334,,,2
1901,'F2',538,,55259,334,,,2,70,,55280,334,,,2,30,,55260,334,,,2,70,,55281,334,,,2,30,,55261,334,,,2,70,,55251,334,,,2,30,,55262,334,,,2,70,,55252,334,,,2,34,,55263,334,,,2,70,,55253,334,,,2,30,,55264,334,,,2,70,,55254,334,,,2,30,,55265,334,,,2,70,,55255,334,,,2,30,,55266,334,,,2,70,,55256,334,,,2,30,,55267,334,,,2,70,,55257,334,,,2,30,,55268,334,,,2,70,,55258,334,,,2,30,,55269,334,,,2,70,,55248,334,,,2,30,,55270,334,,,2,70,,55249,334,,,2,30,,55271,334,,,2,70,,55250,334,,,2,30,,55272,334,,,2,100,,55273,334,,,2,100,,55274,334,,,2,100,,55275,334,,,2,100,,55276,334,,,2,100,,55277,334,,,2,100,,55278,334,,,2,100,,55279,334,,,2
1901,'SA',538,,55293,334,,,2,70,,55314,334,,,2,30,,55294,334,,,2,70,,55315,334,,,2,30,,55295,334,,,2,70,,55285,334,,,2,30,,55296,334,,,2,70,,55286,334,,,2,34,,55297,334,,,2,70,,55287,334,,,2,30,,55298,334,,,2,70,,55288,334,,,2,30,,55299,334,,,2,70,,55289,334,,,2,30,,55300,334,,,2,70,,55290,334,,,2,30,,55301,334,,,2,70,,55291,334,,,2,30,,55302,334,,,2,70,,55292,334,,,2,30,,55303,334,,,2,70,,55282,334,,,2,30,,55304,334,,,2,70,,55283,334,,,2,30,,55305,334,,,2,70,,55284,334,,,2,30,,55306,334,,,2,100,,55307,334,,,2,100,,55308,334,,,2,100,,55309,334,,,2,100,,55310,334,,,2,100,,55311,334,,,2,100,,55312,334,,,2,100,,55313,334,,,2
1901,'SE',457,,55320,334,,,2,75,,55319,334,,,2,70,,55352,334,,,2,22,,55342,334,,,2,14,,55346,334,,,2,15,,55340,334,,,2,52,,55347,334,,,2,12,,55344,334,,,2,12,,55343,334,,,2,12,,55349,334,,,2,15,,55341,334,,,2,61,,55348,334,,,2,20,,55345,334,,,2,72,,55337,334,,,2,34,,55332,334,,,2,70,,55338,334,,,2,30,,55333,334,,,2,70,,55323,334,,,2,30,,55334,334,,,2,70,,55324,334,,,2,30,,55335,334,,,2,70,,45338,334,,,2,30,,55336,334,,,2,72,,45339,334,,,2,30,,55356,334,,,2,70,,55358,334,,,2,29,,55351,334,,,2,61,,55350,334,,,2,23,,55359,334,,,2,20,,55355,334,,,2,61,,55360,334,,,2,18,,55357,334,,,2,17,,55354,334,,,2,61,,55353,334,,,2,19,,55339,334,,,2,24,,55329,334,,,2,65,,55330,334,,,2,30,,55325,334,,,2,70,,55331,334,,,2,30,,55326,334,,,2,70,,55321,334,,,2,30,,55327,334,,,2,70,,55322,334,,,2,30,,55328,334,,,2,100,,55316,334,,,2,100,,55317,334,,,2,100,,55318,334,,,2
5000,'DI',636,,58006,10631,,,2,102,,58000,10631,,,2,100,,58001,10631,,,2,100,,58007,10631,,,2,103,,58008,10631,,,2,94,,58002,10631,,,2,103,,58003,10631,,,2,103,,58004,10631,,,2,97,,57992,10631,,,2,96,,57994,10631,,,2,103,,57995,10631,,,2,106,,57996,10631,,,2,95,,58009,10631,,,2,100,,58005,10631,,,2,100,,57999,10631,,,2,100,,57997,10631,,,2,100,,58011,10631,,,2,100,,57998,10631,,,2,100,,57993,10631,,,2,100,,58010,10631,,,2
5000,'F1',636,,58026,10631,,,2,102,,58020,10631,,,2,100,,58021,10631,,,2,100,,58027,10631,,,2,103,,58028,10631,,,2,94,,58022,10631,,,2,103,,58023,10631,,,2,103,,58024,10631,,,2,97,,58012,10631,,,2,96,,58014,10631,,,2,103,,58015,10631,,,2,106,,58016,10631,,,2,95,,58029,10631,,,2,100,,58025,10631,,,2,100,,58019,10631,,,2,100,,58017,10631,,,2,100,,58031,10631,,,2,100,,58018,10631,,,2,100,,58013,10631,,,2,100,,58030,10631,,,2
5000,'F2',638,,58032,10631,,,2,98,,58036,10631,,,2,102,,58038,10631,,,2,97,,58046,10631,,,2,103,,58043,10631,,,2,96,,58047,10631,,,2,102,,58033,10631,,,2,98,,58037,10631,,,2,99,,47381,10631,,,2,103,,58048,10631,,,2,103,,58049,10631,,,2,103,,58050,10631,,,2,96,,58034,10631,,,2,100,,58040,10631,,,2,100,,58039,10631,,,2,100,,58041,10631,,,2,97,,58044,10631,,,2,103,,58045,10631,,,2,101,,58035,10631,,,2,99,,58042,10631,,,2
5000,'SA',638,,58051,10631,,,2,98,,58055,10631,,,2,102,,58057,10631,,,2,97,,58065,10631,,,2,103,,58062,10631,,,2,96,,58066,10631,,,2,102,,58052,10631,,,2,98,,58056,10631,,,2,99,,31377,10631,,,2,103,,58067,10631,,,2,103,,58068,10631,,,2,103,,58069,10631,,,2,96,,58053,10631,,,2,100,,58059,10631,,,2,100,,58058,10631,,,2,100,,58060,10631,,,2,97,,58063,10631,,,2,103,,58064,10631,,,2,101,,58054,10631,,,2,99,,58061,10631,,,2
5000,'SE',558,,58077,10631,,,2,70,,58072,10631,,,2,30,,58089,10631,,,2,70,,58082,10631,,,2,30,,58075,10631,,,2,70,,58081,10631,,,2,73,,58076,10631,,,2,27,,58073,10631,,,2,100,,58095,10631,,,2,100,,58088,10631,,,2,100,,58071,10631,,,2,100,,58078,10631,,,2,99,,58085,10631,,,2,102,,58079,10631,,,2,28,,58083,10631,,,2,72,,47419,10631,,,2,74,,58084,10631,,,2,26,,58086,10631,,,2,30,,58074,10631,,,2,70,,58091,10631,,,2,29,,58093,10631,,,2,70,,58087,10631,,,2,100,,58090,10631,,,2,100,,58092,10631,,,2,100,,58080,10631,,,2,100,,58070,10631,,,2,100,,58096,10631,,,2,100,,58094,10631,,,2
50500,'SE',1623,,63423,3665,,,2
53901,'SE',911,,63451,7162,,,2
