401,'DI',612,,52484,19147,,,1,30,,52500,19147,,,1,70,,52493,19147,,,1,30,,52491,19147,,,1,70,,52485,19147,,,1,30,,52501,19147,,,1,72,,52494,19147,,,1,30,,52504,19147,,,1,70,,52486,19147,,,1,30,,52502,19147,,,1,70,,52495,19147,,,1,30,,52505,19147,,,1,70,,52487,19147,,,1,30,,52511,19147,,,1,70,,52509,19147,,,1,30,,52506,19147,,,1,71,,52488,19147,,,1,29,,52507,19147,,,1,70,,52512,19147,,,1,30,,52496,19147,,,1,72,,52489,19147,,,1,29,,52508,19147,,,1,70,,52513,19147,,,1,34,,52497,19147,,,1,65,,52498,19147,,,1,30,,52514,19147,,,1,70,,52510,19147,,,1,30,,52515,19147,,,1,71,,52499,19147,,,1,29,,52492,19147,,,1,70,,52516,19147,,,1,30,,52518,19147,,,1,100,,52517,19147,,,1,100,,52490,19147,,,1,100,,52503,19147,,,1
401,'F1',612,,52519,19147,,,1,30,,52535,19147,,,1,70,,52528,19147,,,1,30,,52526,19147,,,1,70,,52520,19147,,,1,30,,52536,19147,,,1,72,,52529,19147,,,1,30,,52539,19147,,,1,70,,52521,19147,,,1,30,,52537,19147,,,1,70,,52530,19147,,,1,30,,52540,19147,,,1,70,,52522,19147,,,1,30,,52546,19147,,,1,70,,52544,19147,,,1,30,,52541,19147,,,1,71,,52523,19147,,,1,29,,52542,19147,,,1,70,,52547,19147,,,1,30,,52531,19147,,,1,72,,52524,19147,,,1,29,,52543,19147,,,1,70,,52548,19147,,,1,34,,52532,19147,,,1,65,,52533,19147,,,1,30,,52549,19147,,,1,70,,52545,19147,,,1,30,,52550,19147,,,1,71,,52534,19147,,,1,29,,52527,19147,,,1,70,,52551,19147,,,1,30,,52553,19147,,,1,100,,52552,19147,,,1,100,,52525,19147,,,1,100,,52538,19147,,,1
401,'F2',612,,52573,19147,,,1,30,,52557,19147,,,1,70,,52561,19147,,,1,30,,52555,19147,,,1,70,,52574,19147,,,1,30,,52558,19147,,,1,72,,52562,19147,,,1,30,,52556,19147,,,1,70,,52575,19147,,,1,30,,52559,19147,,,1,70,,52563,19147,,,1,30,,52580,19147,,,1,70,,52578,19147,,,1,32,,52554,19147,,,1,70,,52565,19147,,,1,30,,52571,19147,,,1,70,,52566,19147,,,1,30,,52582,19147,,,1,70,,52560,19147,,,1,30,,52579,19147,,,1,70,,52576,19147,,,1,30,,52572,19147,,,1,70,,52568,19147,,,1,30,,52570,19147,,,1,70,,52583,19147,,,1,28,,52567,19147,,,1,70,,52586,19147,,,1,30,,52584,19147,,,1,70,,52585,19147,,,1,30,,52577,19147,,,1,70,,52587,19147,,,1,30,,52588,19147,,,1,100,,52581,19147,,,1,100,,52569,19147,,,1,100,,52564,19147,,,1
401,'SA',612,,52608,19147,,,1,30,,52592,19147,,,1,70,,52596,19147,,,1,30,,52590,19147,,,1,70,,52609,19147,,,1,30,,52593,19147,,,1,72,,52597,19147,,,1,30,,52591,19147,,,1,70,,52610,19147,,,1,30,,52594,19147,,,1,70,,52598,19147,,,1,30,,52615,19147,,,1,70,,52613,19147,,,1,32,,52589,19147,,,1,70,,52600,19147,,,1,30,,52606,19147,,,1,70,,52601,19147,,,1,30,,52617,19147,,,1,70,,52595,19147,,,1,30,,52614,19147,,,1,70,,52611,19147,,,1,30,,52607,19147,,,1,70,,52603,19147,,,1,30,,52605,19147,,,1,70,,52618,19147,,,1,28,,52602,19147,,,1,70,,52621,19147,,,1,30,,52619,19147,,,1,70,,52620,19147,,,1,30,,52612,19147,,,1,70,,52622,19147,,,1,30,,52623,19147,,,1,100,,52616,19147,,,1,100,,52604,19147,,,1,100,,52599,19147,,,1
401,'SE',617,,52638,19147,,,1,22,,52634,19147,,,1,18,,52647,19147,,,1,61,,52625,19147,,,1,35,,52656,19147,,,1,74,,52643,19147,,,1,73,,52653,19147,,,1,30,,52652,19147,,,1,70,,52630,19147,,,1,30,,52637,19147,,,1,70,,52657,19147,,,1,30,,52636,19147,,,1,70,,52635,19147,,,1,30,,52626,19147,,,1,73,,52645,19147,,,1,32,,52662,19147,,,1,70,,52648,19147,,,1,30,,52629,19147,,,1,66,,52624,19147,,,1,34,,52632,19147,,,1,15,,52649,19147,,,1,63,,52633,19147,,,1,24,,52639,19147,,,1,19,,52627,19147,,,1,60,,52655,19147,,,1,24,,52644,19147,,,1,13,,52659,19147,,,1,60,,52661,19147,,,1,24,,52640,19147,,,1,15,,52651,19147,,,1,67,,52628,19147,,,1,30,,52660,19147,,,1,67,,52646,19147,,,1,27,,52658,19147,,,1,70,,52641,19147,,,1,30,,52654,19147,,,1,70,,52663,19147,,,1,100,,52650,19147,,,1,96,,52631,19147,,,1,100,,52642,19147,,,1
3201,'DI',544,,56660,8938,,,1,99,,56661,8938,,,1,101,,56662,8938,,,1,99,,56663,8938,,,1,102,,56669,8938,,,1,100,,56668,8938,,,1,102,,56664,8938,,,1,102,,56665,8938,,,1,103,,56672,8938,,,1,98,,56670,8938,,,1,104,,56666,8938,,,1,96,,56673,8938,,,1,99,,56671,8938,,,1,99,,56674,8938,,,1,99,,56677,8938,,,1,100,,56675,8938,,,1,100,,56679,8938,,,1,100,,56678,8938,,,1,100,,56676,8938,,,1,100,,56680,8938,,,1,99,,56667,8938,,,1
3201,'F1',544,,56681,8938,,,1,99,,56682,8938,,,1,101,,56683,8938,,,1,99,,56684,8938,,,1,102,,56690,8938,,,1,100,,56689,8938,,,1,102,,56685,8938,,,1,102,,56686,8938,,,1,103,,56693,8938,,,1,98,,56691,8938,,,1,104,,56687,8938,,,1,96,,56694,8938,,,1,99,,56692,8938,,,1,99,,56695,8938,,,1,99,,56698,8938,,,1,100,,56696,8938,,,1,100,,56700,8938,,,1,100,,56699,8938,,,1,100,,56697,8938,,,1,100,,56701,8938,,,1,99,,56688,8938,,,1
3201,'F2',544,,56703,8938,,,1,99,,56704,8938,,,1,101,,56705,8938,,,1,96,,56710,8938,,,1,103,,56712,8938,,,1,101,,56702,8938,,,1,103,,56711,8938,,,1,100,,56713,8938,,,1,106,,56714,8938,,,1,102,,56716,8938,,,1,97,,56706,8938,,,1,98,,56715,8938,,,1,99,,56717,8938,,,1,99,,56707,8938,,,1,99,,56718,8938,,,1,100,,56722,8938,,,1,100,,56720,8938,,,1,100,,56719,8938,,,1,100,,56708,8938,,,1,100,,56721,8938,,,1,99,,56709,8938,,,1
3201,'SA',544,,56724,8938,,,1,99,,56725,8938,,,1,101,,56726,8938,,,1,96,,56731,8938,,,1,103,,56733,8938,,,1,101,,56723,8938,,,1,103,,56732,8938,,,1,100,,56734,8938,,,1,106,,56735,8938,,,1,102,,56737,8938,,,1,97,,56727,8938,,,1,98,,56736,8938,,,1,99,,56738,8938,,,1,99,,56728,8938,,,1,99,,56739,8938,,,1,100,,56743,8938,,,1,100,,56741,8938,,,1,100,,56740,8938,,,1,100,,56729,8938,,,1,100,,56742,8938,,,1,99,,56730,8938,,,1
3201,'SE',521,,56767,13224,,,1,30,,56758,13224,,,1,70,,56764,13224,,,1,31,,56757,13224,,,1,76,,56759,13224,,,1,27,,56760,13224,,,1,64,,56766,13224,,,1,31,,56756,13224,,,1,75,,56770,13224,,,1,92,,56750,8938,,,1,101,,56745,8938,,,1,100,,56755,8938,,,1,100,,56749,8938,,,1,100,,56751,8938,,,1,103,,56753,8938,,,1,105,,56746,8938,,,1,22,,56768,13224,,,1,71,,56765,13224,,,1,30,,56762,13224,,,1,70,,56769,13224,,,1,23,,56761,13224,,,1,70,,56771,13224,,,1,25,,56763,13224,,,1,86,,56748,8938,,,1,100,,56752,8938,,,1,98,,56754,8938,,,1,100,,56744,8938,,,1,98,,56747,8938,,,1
53200,'SE',1639,,63436,9158,,,2,1,,63437,9158,,,2
