2001,'DI',543,,55490,4330,,,2,100,,55504,4330,,,2,100,,55495,4330,,,2,100,,55491,4330,,,2,100,,55502,4330,,,2,100,,55496,4330,,,2,97,,55487,4330,,,2,103,,55488,4330,,,2,100,,55505,4330,,,2,100,,55503,4330,,,2,100,,55500,4330,,,2,97,,55492,4330,,,2,103,,55493,4330,,,2,100,,55501,4330,,,2,100,,55497,4330,,,2,100,,55489,4330,,,2,100,,55498,4330,,,2,100,,55494,4330,,,2,100,,55499,4330,,,2
2001,'F1',543,,55510,4330,,,2,100,,55524,4330,,,2,100,,55515,4330,,,2,100,,55511,4330,,,2,100,,55522,4330,,,2,100,,55516,4330,,,2,97,,55507,4330,,,2,103,,55508,4330,,,2,100,,55525,4330,,,2,100,,55523,4330,,,2,100,,55520,4330,,,2,97,,55512,4330,,,2,103,,55513,4330,,,2,100,,55521,4330,,,2,100,,55517,4330,,,2,100,,55509,4330,,,2,100,,55518,4330,,,2,100,,55514,4330,,,2,100,,55519,4330,,,2
2001,'F2',544,,55539,4330,,,2,100,,55541,4330,,,2,100,,55540,4330,,,2,100,,55542,4330,,,2,100,,55534,4330,,,2,100,,55527,4330,,,2,100,,55535,4330,,,2,100,,55528,4330,,,2,100,,55536,4330,,,2,100,,55529,4330,,,2,100,,55537,4330,,,2,96,,55543,4330,,,2,104,,55544,4330,,,2,104,,55545,4330,,,2,96,,55531,4330,,,2,100,,55538,4330,,,2,100,,55532,4330,,,2,100,,55530,4330,,,2,100,,55533,4330,,,2,100,,55546,4330,,,2
2001,'SA',544,,55559,4330,,,2,100,,55561,4330,,,2,100,,55560,4330,,,2,100,,55562,4330,,,2,100,,55554,4330,,,2,100,,55547,4330,,,2,100,,55555,4330,,,2,100,,55548,4330,,,2,100,,55556,4330,,,2,100,,55549,4330,,,2,100,,55557,4330,,,2,96,,55563,4330,,,2,104,,55564,4330,,,2,104,,55565,4330,,,2,96,,55551,4330,,,2,100,,55558,4330,,,2,100,,55552,4330,,,2,100,,55550,4330,,,2,100,,55553,4330,,,2,100,,55566,4330,,,2
2001,'SE',530,,55584,4330,,,2,76,,55567,4330,,,2,20,,55605,4330,,,2,15,,55615,4330,,,2,9,,55610,4330,,,2,9,,55588,4330,,,2,49,,55591,4330,,,2,9,,55592,4330,,,2,4,,55568,4330,,,2,14,,55572,4330,,,2,10,,55586,4330,,,2,8,,55585,4330,,,2,50,,55612,4330,,,2,11,,55589,4330,,,2,6,,55569,4330,,,2,14,,55593,4330,,,2,71,,55587,4330,,,2,31,,55578,4330,,,2,70,,55580,4330,,,2,31,,55571,4330,,,2,70,,55616,4330,,,2,30,,55579,4330,,,2,70,,55590,4330,,,2,30,,55620,4330,,,2,70,,55617,4330,,,2,30,,55574,4330,,,2,70,,55573,4330,,,2,30,,55581,4330,,,2,70,,55618,4330,,,2,31,,55609,4330,,,2,21,,55613,4330,,,2,57,,55596,4330,,,2,15,,55606,4330,,,2,15,,55621,4330,,,2,55,,55594,4330,,,2,16,,55601,4330,,,2,11,,55597,4330,,,2,13,,55575,4330,,,2,9,,55607,4330,,,2,52,,55598,4330,,,2,13,,55595,4330,,,2,11,,55611,4330,,,2,14,,55619,4330,,,2,13,,55576,4330,,,2,55,,55608,4330,,,2,28,,55614,4330,,,2,70,,55577,4330,,,2,30,,55603,4330,,,2,70,,55582,4330,,,2,30,,55583,4330,,,2,70,,55604,4330,,,2,100,,55602,4330,,,2,100,,55599,4330,,,2,100,,55570,4330,,,2
2200,'SE',625,,56042,5964,,,2,92,,56044,5964,,,2,25,,56043,5964,,,2,893,,56045,5964,,,2,80,,56047,5964,,,2,20,,56049,5964,,,2,70,,56046,5964,,,2,40,,56048,5964,,,2
16100,'DI',615,,38650,9665,,,2,30,,62330,9665,0,35 36,2,70,,38648,9665,0,35 36,2,30,,62335,9665,0,35 36,2,70,,62334,9665,0,35 36,2,30,,62331,9665,0,35 36,2,702,,62336,9665,0,35 36,2,68,,62338,9665,0,35 36,2,32,,62337,9665,0,35 36,2,70,,62329,9665,0,35 36,2,30,,62339,9665,,,2,72,,62332,9665,0,35 36,2,30,,62333,9665,0,35 36,2
16100,'F1',615,,50332,9665,,,2,30,,62341,9665,0,35 36,2,70,,50330,9665,0,35 36,2,30,,62346,9665,0,35 36,2,70,,62345,9665,0,35 36,2,30,,62342,9665,0,35 36,2,702,,62347,9665,0,35 36,2,68,,62349,9665,0,35 36,2,32,,62348,9665,0,35 36,2,70,,62340,9665,0,35 36,2,30,,62350,9665,,,2,72,,62343,9665,0,35 36,2,30,,62344,9665,0,35 36,2
16100,'F2',615,,62363,9665,,,2,30,,62352,9665,0,35 36,2,70,,62355,9665,0,35 36,2,30,,62361,9665,0,35 36,2,70,,62357,9665,0,35 36,2,30,,62358,9665,0,35 36,2,700,,62359,9665,0,35 36,2,71,,62354,9665,0,35 36,2,31,,62360,9665,0,35 36,2,70,,62362,9665,,,2,31,,62351,9665,0,35 36,2,71,,62353,9665,0,35 36,2,29,,62356,9665,0,35 36,2
16100,'SA',615,,62376,9665,,,2,30,,62365,9665,0,35 36,2,70,,62368,9665,0,35 36,2,30,,62374,9665,0,35 36,2,70,,62370,9665,0,35 36,2,30,,62371,9665,0,35 36,2,700,,62372,9665,0,35 36,2,71,,62367,9665,0,35 36,2,31,,62373,9665,0,35 36,2,70,,62375,9665,,,2,31,,62364,9665,0,35 36,2,71,,62366,9665,0,35 36,2,29,,62369,9665,0,35 36,2
16100,'SE',654,,62391,9554,,,2,64,,62390,9554,,,2,25,,62389,9554,,,2,61,,62378,9554,0,35 36,2,21,,62377,9554,0,35 36,2,17,,62379,9554,0,35 36,2,363,,62392,9665,,,2,298,,62381,9665,0,35 36,2,30,,62386,9665,0,35 36,2,21,,62393,9665,,,2,60,,62382,9665,0,35 36,2,21,,62394,9665,,,2,20,,62388,9665,0,35 36,2,60,,62396,9665,,,2,20,,62387,9665,0,35 36,2,19,,62383,9665,0,35 36,2,60,,62395,9665,,,2,20,,62385,9665,0,35 36,2,20,,62380,9665,0,35 36,2,60,,62384,9665,0,35 36,2
57000,'SE',1619,,63472,11768,,,2
67300,'SE',1502,,63547,4557,,,2
