7700,'DI',730,,59947,11667,,,1,100,,59949,11667,,,1,100,,59948,11667,,,1,100,,59950,11667,,,1,100,,59951,11667,,,1,100,,59953,11667,,,1,100,,59952,11667,,,1,100,,59954,11667,,,1,100,,59945,11667,,,1,100,,59955,11667,,,1,100,,59946,11667,,,1,100,,59956,11667,,,1,99,,59957,11667,,,1,100,,59959,11667,,,1,100,,59958,11667,,,1
7700,'F1',730,,59962,11667,,,1,100,,59964,11667,,,1,100,,59963,11667,,,1,100,,59965,11667,,,1,100,,59966,11667,,,1,100,,59968,11667,,,1,100,,59967,11667,,,1,100,,59969,11667,,,1,100,,59960,11667,,,1,100,,59970,11667,,,1,100,,59961,11667,,,1,100,,59971,11667,,,1,99,,59972,11667,,,1,100,,59974,11667,,,1,100,,59973,11667,,,1
7700,'F2',730,,59975,11667,,,1,100,,59977,11667,,,1,100,,59976,11667,,,1,100,,59978,11667,,,1,100,,59980,11667,,,1,100,,59979,11667,,,1,100,,59981,11667,,,1,97,,59982,11667,,,1,103,,59983,11667,,,1,99,,59985,11667,,,1,101,,59984,11667,,,1,100,,59986,11667,,,1,99,,59987,11667,,,1,100,,59989,11667,,,1,100,,59988,11667,,,1
7700,'SA',730,,59990,11667,,,1,100,,59992,11667,,,1,100,,59991,11667,,,1,100,,59993,11667,,,1,100,,59995,11667,,,1,100,,59994,11667,,,1,100,,59996,11667,,,1,97,,59997,11667,,,1,103,,59998,11667,,,1,99,,60000,11667,,,1,101,,59999,11667,,,1,100,,60001,11667,,,1,99,,60002,11667,,,1,100,,60004,11667,,,1,100,,60003,11667,,,1
7700,'SE',616,,60026,11667,,,1,37,,60025,11667,,,1,77,,60027,11667,,,1,28,,60005,11667,,,1,71,,60007,11667,,,1,71,,60009,11667,,,1,30,,60028,11667,,,1,70,,60006,11667,,,1,30,,60008,11667,,,1,70,,60010,11667,,,1,32,,60029,11667,,,1,69,,60030,11667,,,1,31,,60031,11667,,,1,74,,60011,11667,,,1,30,,60032,11667,,,1,70,,60014,11667,,,1,28,,60020,11667,,,1,72,,60012,11667,,,1,20,,60036,11667,,,1,20,,60033,11667,,,1,5,,60042,11667,,,1,55,,60015,11667,,,1,19,,60023,11667,,,1,18,,60021,11667,,,1,58,,60039,11667,,,1,17,,60013,11667,,,1,16,,60017,11667,,,1,20,,60037,11667,,,1,60,,60016,11667,,,1,18,,60024,11667,,,1,2,,60034,11667,,,1,18,,60022,11667,,,1,56,,60040,11667,,,1,30,,60018,11667,,,1,72,,60038,11667,,,1,31,,60035,11667,,,1,66,,60041,11667,,,1,30,,60019,11667,,,1
90100,'DI',700,,63623,10028,,,1,32,,63616,10028,,,1,72,,63607,10028,,,1,28,,63612,10028,,,1,70,,63610,10028,,,1,27,,63626,10028,,,1,71,,63624,10028,,,1,28,,63622,10028,,,1,31,,63613,10028,,,1,71,,63629,10028,,,1,28,,63619,10028,,,1,70,,63627,10028,,,1,29,,63601,10028,,,1,65,,63614,10028,,,1,35,,63608,10028,,,1,70,,63599,10028,,,1,31,,63628,10028,,,1,70,,63604,10028,,,1,30,,63618,10028,,,1,68,,63611,10028,,,1,32,,63600,10028,,,1,72,,63625,10028,,,1,75,,63609,10028,,,1,30,,63617,10028,,,1,75,,63606,10028,,,1,99,,63620,10028,,,1,100,,63602,10028,,,1,100,,63605,10028,,,1,100,,63615,10028,,,1,100,,63621,10028,,,1,100,,63603,10028,,,1
90100,'F1',700,,63654,10028,,,1,32,,63647,10028,,,1,72,,63638,10028,,,1,28,,63643,10028,,,1,70,,63641,10028,,,1,27,,63657,10028,,,1,71,,63655,10028,,,1,28,,63653,10028,,,1,31,,63644,10028,,,1,71,,63660,10028,,,1,28,,63650,10028,,,1,70,,63658,10028,,,1,29,,63632,10028,,,1,65,,63645,10028,,,1,35,,63639,10028,,,1,70,,63630,10028,,,1,31,,63659,10028,,,1,70,,63635,10028,,,1,30,,63649,10028,,,1,68,,63642,10028,,,1,32,,63631,10028,,,1,72,,63656,10028,,,1,75,,63640,10028,,,1,30,,63648,10028,,,1,75,,63637,10028,,,1,99,,63651,10028,,,1,100,,63633,10028,,,1,100,,63636,10028,,,1,100,,63646,10028,,,1,100,,63652,10028,,,1,100,,63634,10028,,,1
90100,'F2',700,,63686,10028,,,1,32,,63680,10028,,,1,72,,63678,10028,,,1,28,,63683,10028,,,1,70,,63688,10028,,,1,27,,63666,10028,,,1,71,,63679,10028,,,1,28,,63687,10028,,,1,31,,63681,10028,,,1,71,,63689,10028,,,1,28,,63671,10028,,,1,70,,63668,10028,,,1,29,,63661,10028,,,1,65,,63675,10028,,,1,35,,63690,10028,,,1,70,,63672,10028,,,1,31,,63669,10028,,,1,70,,63662,10028,,,1,30,,63664,10028,,,1,68,,63684,10028,,,1,32,,63673,10028,,,1,72,,63667,10028,,,1,75,,63676,10028,,,1,30,,63663,10028,,,1,75,,63691,10028,,,1,99,,63670,10028,,,1,100,,63682,10028,,,1,100,,63674,10028,,,1,100,,63665,10028,,,1,100,,63685,10028,,,1,100,,63677,10028,,,1
90100,'SA',700,,63717,10028,,,1,32,,63711,10028,,,1,72,,63709,10028,,,1,28,,63714,10028,,,1,70,,63719,10028,,,1,27,,63697,10028,,,1,71,,63710,10028,,,1,28,,63718,10028,,,1,31,,63712,10028,,,1,71,,63720,10028,,,1,28,,63702,10028,,,1,70,,63699,10028,,,1,29,,63692,10028,,,1,65,,63706,10028,,,1,35,,63721,10028,,,1,70,,63703,10028,,,1,31,,63700,10028,,,1,70,,63693,10028,,,1,30,,63695,10028,,,1,68,,63715,10028,,,1,32,,63704,10028,,,1,72,,63698,10028,,,1,75,,63707,10028,,,1,30,,63694,10028,,,1,75,,63722,10028,,,1,99,,63701,10028,,,1,100,,63713,10028,,,1,100,,63705,10028,,,1,100,,63696,10028,,,1,100,,63716,10028,,,1,100,,63708,10028,,,1
90100,'SE',547,,63749,10028,,,1,80,,63758,10028,,,1,30,,63755,10028,,,1,77,,63756,10028,,,1,78,,63752,10028,,,1,35,,63731,10028,,,1,60,,63759,10028,,,1,20,,63733,10028,,,1,20,,63728,10028,,,1,60,,63757,10028,,,1,20,,63764,10028,,,1,20,,63723,10028,,,1,60,,63727,10028,,,1,20,,63732,10028,,,1,20,,63730,10028,,,1,60,,63734,10028,,,1,20,,63729,10028,,,1,20,,63767,10028,,,1,60,,63765,10028,,,1,20,,63735,10028,,,1,20,,63750,10028,,,1,60,,63762,10028,,,1,20,,63766,10028,,,1,20,,63736,10028,,,1,60,,63760,10028,,,1,24,,63768,10028,,,1,15,,63748,10028,,,1,55,,63771,10028,,,1,15,,63751,10028,,,1,17,,63774,10028,,,1,10,,63738,10028,,,1,10,,63776,10028,,,1,50,,63742,10028,,,1,10,,63724,10028,,,1,9,,63737,10028,,,1,8,,63754,10028,,,1,9,,63761,10028,,,1,10,,63763,10028,,,1,10,,63753,10028,,,1,50,,63769,10028,,,1,15,,63744,10028,,,1,15,,63772,10028,,,1,15,,63726,10028,,,1,55,,63739,10028,,,1,15,,63773,10028,,,1,20,,63770,10028,,,1,65,,63777,10028,,,1,30,,63741,10028,,,1,70,,63745,10028,,,1,30,,63746,10028,,,1,70,,63725,10028,,,1,30,,63778,10028,,,1,70,,63740,10028,,,1,30,,63743,10028,,,1,98,,63747,10028,,,1,100,,63775,10028,,,1
