2900,'DI',655,,27945,9468,,,1,100,,27946,9468,,,1,100,,27947,9468,,,1,100,,27948,9468,,,1,100,,27949,9468,,,1,100,,27950,9468,,,1,100,,27951,9468,,,1,100,,27952,9468,,,1,100,,27953,9468,,,1,100,,27954,9468,,,1,100,,27955,9468,,,1,100,,27956,9468,,,1,100,,27957,9468,,,1,100,,27958,9468,,,1,100,,27959,9468,,,1,100,,27960,9468,,,1,100,,27961,9468,,,1,100,,27962,9468,,,1,160,,27963,9468,,,1
2900,'F8',654,,28042,9468,,,1,100,,28043,9468,,,1,100,,28044,9468,,,1,100,,28045,9468,,,1,100,,28046,9468,,,1,100,,28047,9468,,,1,100,,28029,9468,,,1,100,,28030,9468,,,1,99,,28031,9468,,,1,99,,28032,9468,,,1,99,,28033,9468,,,1,108,,28034,9468,,,1,99,,28035,9468,,,1,97,,28036,9468,,,1,99,,28037,9468,,,1,100,,28038,9468,,,1,100,,28039,9468,,,1,100,,28040,9468,,,1,160,,28041,9468,,,1
2900,'F9',655,,28048,9468,,,1,100,,28049,9468,,,1,100,,28050,9468,,,1,100,,28051,9468,,,1,100,,28052,9468,,,1,100,,28053,9468,,,1,100,,28054,9468,,,1,100,,28055,9468,,,1,100,,28056,9468,,,1,100,,28057,9468,,,1,100,,28058,9468,,,1,100,,28059,9468,,,1,100,,28060,9468,,,1,100,,28061,9468,,,1,100,,28062,9468,,,1,100,,28063,9468,,,1,100,,28064,9468,,,1,100,,28065,9468,,,1,160,,28066,9468,,,1
2900,'SA',654,,28080,9468,,,1,100,,28081,9468,,,1,100,,28082,9468,,,1,100,,28083,9468,,,1,100,,28084,9468,,,1,100,,28085,9468,,,1,100,,28067,9468,,,1,100,,28068,9468,,,1,99,,28069,9468,,,1,99,,28070,9468,,,1,99,,28071,9468,,,1,108,,28072,9468,,,1,99,,28073,9468,,,1,97,,28074,9468,,,1,99,,28075,9468,,,1,100,,28076,9468,,,1,100,,28077,9468,,,1,100,,28078,9468,,,1,160,,28079,9468,,,1
2900,'SE',623,,28099,9468,,,1,26,,7225,9468,,,1,77,,28101,9468,,,1,27,,28095,9468,,,1,70,,28098,9468,,,1,31,,28100,9468,,,1,103,,28094,9468,,,1,100,,28111,9468,,,1,100,,28093,9468,,,1,100,,28088,9468,,,1,100,,28091,9468,,,1,99,,28089,9468,,,1,75,,28102,9468,,,1,26,,28103,9468,,,1,74,,28090,9468,,,1,20,,28092,9468,,,1,69,,28097,9468,,,1,13,,28110,9468,,,1,69,,28096,9468,,,1,28,,28104,9468,,,1,27,,28087,9468,,,1,99,,28086,9468,,,1,99,,28105,9468,,,1,99,,28106,9468,,,1,99,,28107,9468,,,1,100,,28108,9468,,,1,157,,28109,9468,,,1
12300,'DI',700,,37610,23684,0,28 30,1,100,,37620,23684,0,28 30,1,100,,37611,23684,0,28 30,1,100,,37621,23684,0,28 30,1,100,,37612,23684,0,28 30,1,100,,37622,23684,0,28 30,1,105,,37613,23684,0,28 30,1,95,,37623,23684,0,28 30,1,100,,37614,23684,0,28 30,1,100,,37624,23684,0,28 30,1,100,,37615,23684,0,28 30,1,100,,37625,23684,0,28 30,1,100,,37616,23684,0,28 30,1,100,,37626,23684,0,28 30,1,100,,37617,23684,0,28 30,1,100,,37627,23684,0,28 30,1,100,,37618,23684,0,28 30,1,100,,37628,23684,0,28 30,1,100,,37619,23684,0,28 30,1
12300,'F8',700,,37705,23684,0,28 30,1,100,,37704,23684,0,28 30,1,100,,37706,23684,0,28 30,1,105,,37715,23684,0,28 30,1,99,,37707,23684,0,28 30,1,100,,37716,23684,0,28 30,1,100,,37708,23684,0,28 30,1,96,,37717,23684,0,28 30,1,100,,37709,23684,0,28 30,1,100,,37718,23684,0,28 30,1,104,,37710,23684,0,28 30,1,101,,37719,23684,0,28 30,1,99,,37711,23684,0,28 30,1,96,,37720,23684,0,28 30,1,100,,37712,23684,0,28 30,1,100,,37721,23684,0,28 30,1,100,,37713,23684,0,28 30,1,100,,37722,23684,0,28 30,1,100,,37714,23684,0,28 30,1
12300,'F9',700,,37723,23684,0,28 30,1,100,,37733,23684,0,28 30,1,100,,37724,23684,0,28 30,1,100,,37734,23684,0,28 30,1,100,,37725,23684,0,28 30,1,100,,37735,23684,0,28 30,1,105,,37726,23684,0,28 30,1,95,,37736,23684,0,28 30,1,100,,37727,23684,0,28 30,1,100,,37737,23684,0,28 30,1,100,,37728,23684,0,28 30,1,100,,37738,23684,0,28 30,1,100,,37729,23684,0,28 30,1,100,,37739,23684,0,28 30,1,100,,37730,23684,0,28 30,1,100,,37740,23684,0,28 30,1,100,,37731,23684,0,28 30,1,100,,37741,23684,0,28 30,1,100,,37732,23684,0,28 30,1
12300,'SA',700,,37743,23684,0,28 30,1,100,,37742,23684,0,28 30,1,100,,37744,23684,0,28 30,1,105,,37753,23684,0,28 30,1,99,,37745,23684,0,28 30,1,100,,37754,23684,0,28 30,1,100,,37746,23684,0,28 30,1,96,,37755,23684,0,28 30,1,100,,37747,23684,0,28 30,1,100,,37756,23684,0,28 30,1,104,,37748,23684,0,28 30,1,101,,37757,23684,0,28 30,1,99,,37749,23684,0,28 30,1,96,,37758,23684,0,28 30,1,100,,37750,23684,0,28 30,1,100,,37759,23684,0,28 30,1,100,,37751,23684,0,28 30,1,100,,37760,23684,0,28 30,1,100,,37752,23684,0,28 30,1
12300,'SE',559,,37780,23684,0,28 30,1,73,,37761,23684,0,28 30,1,15,,37768,23684,0,28 30,1,10,,37762,23684,0,28 30,1,50,,37782,23684,0,28 30,1,10,,37773,23684,0,28 30,1,14,,37783,23684,0,28 30,1,8,,37763,23684,0,28 30,1,12,,37787,23684,0,28 30,1,50,,37764,23684,0,28 30,1,21,,37788,23684,0,28 30,1,17,,37784,23684,0,28 30,1,70,,37790,23684,0,28 30,1,25,,37789,23684,0,28 30,1,69,,37770,23684,0,28 30,1,102,,37765,23684,0,28 30,1,100,,37775,23684,0,28 30,1,99,,37785,23684,0,28 30,1,105,,37777,23684,0,28 30,1,5,,37774,23684,0,28 30,1,93,,37781,23684,0,28 30,1,30,,37791,23684,0,28 30,1,71,,37778,23684,0,28 30,1,26,,37776,23684,0,28 30,1,70,,37793,23684,0,28 30,1,31,,37795,23684,0,28 30,1,71,,37767,23684,0,28 30,1,25,,37779,23684,0,28 30,1,75,,37766,23684,0,28 30,1,28,,37792,23684,0,28 30,1,70,,37786,23684,0,28 30,1,28,,37769,23684,0,28 30,1,70,,37794,23684,0,28 30,1,100,,37771,23684,0,28 30,1,100,,37796,23684,0,28 30,1,56,,37772,23684,0,28 30,1,100,,37797,23684,0,28 30,1
57000,'SE',1628,,40726,15746,,,2
