801,'DI',652,,23108,586,,,1,70,,23102,586,,,1,31,,2746,586,,,1,70,,2753,586,,,1,30,,23109,586,,,1,67,,23103,586,,,1,30,,2747,586,,,1,70,,2754,586,,,1,26,,23110,586,,,1,70,,23104,586,,,1,30,,2748,586,,,1,70,,2755,586,,,1,30,,23111,586,,,1,71,,2741,586,,,1,30,,2749,586,,,1,71,,2756,586,,,1,30,,23112,586,,,1,70,,23106,586,,,1,30,,2750,586,,,1,70,,23115,586,,,1,30,,23113,586,,,1,59,,23105,586,,,1,17,,23107,586,,,1,30,,2751,586,,,1,68,,23116,586,,,1,30,,23114,586,,,1,85,,2742,586,,,1,103,,23117,586,,,1,100,,2743,586,,,1,100,,23118,586,,,1,100,,2744,586,,,1,99,,23119,586,,,1
801,'F8',653,,23286,586,,,1,70,,23269,586,,,1,30,,23281,586,,,1,70,,23284,586,,,1,30,,23287,586,,,1,67,,23270,586,,,1,26,,23282,586,,,1,70,,23285,586,,,1,30,,23288,586,,,1,71,,23271,586,,,1,30,,23276,586,,,1,71,,23293,586,,,1,28,,23289,586,,,1,71,,23272,586,,,1,30,,23277,586,,,1,70,,23294,586,,,1,30,,23290,586,,,1,70,,23297,586,,,1,30,,23278,586,,,1,70,,23295,586,,,1,30,,23291,586,,,1,65,,23264,586,,,1,10,,23298,586,,,1,25,,23279,586,,,1,70,,23296,586,,,1,30,,23292,586,,,1,91,,23265,586,,,1,100,,23273,586,,,1,100,,23266,586,,,1,100,,23274,586,,,1,100,,23267,586,,,1,102,,23275,586,,,1
801,'F9',652,,23322,586,,,1,70,,23300,586,,,1,31,,23308,586,,,1,70,,23315,586,,,1,30,,23323,586,,,1,67,,23301,586,,,1,30,,23309,586,,,1,70,,23316,586,,,1,26,,23324,586,,,1,70,,23302,586,,,1,30,,23310,586,,,1,70,,23317,586,,,1,30,,23325,586,,,1,71,,23303,586,,,1,30,,23311,586,,,1,71,,23318,586,,,1,30,,23326,586,,,1,70,,23320,586,,,1,30,,23312,586,,,1,70,,23329,586,,,1,30,,23327,586,,,1,59,,23319,586,,,1,17,,23321,586,,,1,30,,23313,586,,,1,68,,23330,586,,,1,30,,23328,586,,,1,85,,23304,586,,,1,103,,23331,586,,,1,100,,23305,586,,,1,100,,23332,586,,,1,100,,23306,586,,,1,99,,23333,586,,,1
801,'SA',653,,23356,586,,,1,70,,23339,586,,,1,30,,23351,586,,,1,70,,23354,586,,,1,30,,23357,586,,,1,67,,23340,586,,,1,26,,23352,586,,,1,70,,23355,586,,,1,30,,23358,586,,,1,71,,23341,586,,,1,30,,23346,586,,,1,71,,23363,586,,,1,28,,23359,586,,,1,71,,23342,586,,,1,30,,23347,586,,,1,70,,23364,586,,,1,30,,23360,586,,,1,70,,2977,586,,,1,30,,23348,586,,,1,70,,23365,586,,,1,30,,23361,586,,,1,65,,23334,586,,,1,10,,2978,586,,,1,25,,23349,586,,,1,70,,23366,586,,,1,30,,23362,586,,,1,91,,23335,586,,,1,100,,23343,586,,,1,100,,23336,586,,,1,100,,23344,586,,,1,100,,23337,586,,,1,102,,23345,586,,,1
801,'SE',549,,23401,586,,,1,61,,23403,586,,,1,22,,23410,586,,,1,11,,23413,586,,,1,9,,23372,586,,,1,48,,23376,586,,,1,9,,23383,586,,,1,9,,23368,586,,,1,11,,23395,586,,,1,22,,23402,586,,,1,60,,23404,586,,,1,18,,23394,586,,,1,13,,23371,586,,,1,15,,23373,586,,,1,55,,23377,586,,,1,15,,23369,586,,,1,17,,23386,586,,,1,15,,23382,586,,,1,54,,23405,586,,,1,15,,23379,586,,,1,15,,23430,586,,,1,15,,23374,586,,,1,55,,23378,586,,,1,15,,23370,586,,,1,15,,23384,586,,,1,15,,23387,586,,,1,56,,23414,586,,,1,15,,23406,586,,,1,15,,23416,586,,,1,15,,23389,586,,,1,55,,23433,586,,,1,15,,23439,586,,,1,15,,23431,586,,,1,15,,23421,586,,,1,55,,23419,586,,,1,15,,23396,586,,,1,13,,23438,586,,,1,59,,23380,586,,,1,11,,23417,586,,,1,10,,23375,586,,,1,14,,23432,586,,,1,16,,23420,586,,,1,55,,23429,586,,,1,15,,23388,586,,,1,14,,23424,586,,,1,16,,23423,586,,,1,55,,23407,586,,,1,15,,23381,586,,,1,17,,23418,586,,,1,61,,23422,586,,,1,24,,23399,586,,,1,27,,23425,586,,,1,68,,23411,586,,,1,31,,23397,586,,,1,70,,23426,586,,,1,33,,23408,586,,,1,67,,23412,586,,,1,15,,23390,586,,,1,20,,23398,586,,,1,69,,23427,586,,,1,20,,23409,586,,,1,93,,23391,586,,,1,100,,23392,586,,,1
9800,'SE',629,,37227,13393,,,2,74,,37228,13393,,,2,23,,37223,13393,,,2,76,,37222,13393,,,2,28,,37226,13393,,,2,70,,37221,13393,,,2,32,,37225,13393,,,2,524,,37224,13393,,,2
16000,'DI',719,,38365,11460,,,1,100,,38368,11460,,,1,100,,38371,11460,,,1,100,,38366,11460,,,1,100,,38372,11460,,,1,100,,38364,11460,,,1,100,,38373,11460,,,1,100,,38362,11460,,,1,100,,38360,11460,,,1,100,,38369,11460,,,1,100,,38367,11460,,,1,100,,38374,11460,,,1,100,,38370,11460,,,1,102,,38363,11460,,,1,98,,38361,11460,,,1
16000,'F8',719,,38429,11460,,,1,99,,38432,11460,,,1,101,,38428,11460,,,1,100,,38425,11460,,,1,100,,38431,11460,,,1,99,,38436,11460,,,1,101,,38426,11460,,,1,100,,38430,11460,,,1,100,,38437,11460,,,1,100,,38433,11460,,,1,100,,38427,11460,,,1,100,,38438,11460,,,1,100,,38434,11460,,,1,101,,38439,11460,,,1,99,,38435,11460,,,1
16000,'F9',719,,38445,11460,,,1,100,,38448,11460,,,1,100,,38451,11460,,,1,100,,38446,11460,,,1,100,,38452,11460,,,1,100,,38444,11460,,,1,100,,38453,11460,,,1,100,,38442,11460,,,1,100,,38440,11460,,,1,100,,38449,11460,,,1,100,,38447,11460,,,1,100,,38454,11460,,,1,100,,38450,11460,,,1,102,,38443,11460,,,1,98,,38441,11460,,,1
16000,'SA',719,,38459,11460,,,1,99,,16667,11460,,,1,101,,38458,11460,,,1,100,,38455,11460,,,1,100,,38461,11460,,,1,99,,38464,11460,,,1,101,,38456,11460,,,1,100,,38460,11460,,,1,100,,38465,11460,,,1,100,,16668,11460,,,1,100,,38457,11460,,,1,100,,38466,11460,,,1,100,,38462,11460,,,1,101,,38467,11460,,,1,99,,38463,11460,,,1
16000,'SE',629,,38474,11460,,,1,95,,38488,11460,,,1,82,,38473,11460,,,1,52,,38489,11460,,,1,90,,38485,11460,,,1,86,,38472,11460,,,1,101,,38475,11460,,,1,100,,38476,11460,,,1,100,,38471,11460,,,1,100,,38490,11460,,,1,101,,38469,11460,,,1,70,,38484,11460,,,1,28,,38477,11460,,,1,24,,38468,11460,,,1,74,,38478,11460,,,1,25,,38491,11460,,,1,67,,38470,11460,,,1,30,,38483,11460,,,1,70,,38479,11460,,,1,87,,38482,11460,,,1,98,,38480,11460,,,1,98,,38486,11460,,,1,52,,38481,11460,,,1,100,,38487,11460,,,1
