3800,'DI',704,,57046,8263,,,1,100,,57049,8263,,,1,100,,57040,8263,,,1,101,,57053,8263,,,1,96,,57051,8263,,,1,100,,57055,8263,,,1,103,,57043,8263,,,1,100,,57050,8263,,,1,100,,57047,8263,,,1,101,,57054,8263,,,1,104,,57041,8263,,,1,101,,57048,8263,,,1,97,,57056,8263,,,1,100,,57044,8263,,,1,99,,57052,8263,,,1,101,,57057,8263,,,1,100,,57042,8263,,,1,100,,57045,8263,,,1
3800,'F1',704,,57064,8263,,,1,100,,57067,8263,,,1,100,,57058,8263,,,1,101,,57071,8263,,,1,96,,57069,8263,,,1,100,,57073,8263,,,1,103,,57061,8263,,,1,100,,57068,8263,,,1,100,,57065,8263,,,1,101,,57072,8263,,,1,104,,57059,8263,,,1,101,,57066,8263,,,1,97,,57074,8263,,,1,100,,57062,8263,,,1,99,,57070,8263,,,1,101,,57075,8263,,,1,100,,57060,8263,,,1,100,,57063,8263,,,1
3800,'F2',604,,57080,8263,,,1,100,,57083,8263,,,1,100,,57087,8263,,,1,100,,57077,8263,,,1,100,,57091,8263,,,1,100,,57078,8263,,,1,100,,57084,8263,,,1,104,,57093,8263,,,1,100,,57079,8263,,,1,100,,57088,8263,,,1,102,,57092,8263,,,1,100,,57089,8263,,,1,100,,57076,8263,,,1,97,,57094,8263,,,1,100,,57085,8263,,,1,99,,57081,8263,,,1,100,,57082,8263,,,1,101,,57090,8263,,,1,99,,57086,8263,,,1
3800,'SA',604,,57099,8263,,,1,100,,57102,8263,,,1,100,,57106,8263,,,1,100,,57096,8263,,,1,100,,57110,8263,,,1,100,,57097,8263,,,1,100,,57103,8263,,,1,104,,57112,8263,,,1,100,,57098,8263,,,1,100,,57107,8263,,,1,102,,57111,8263,,,1,100,,57108,8263,,,1,100,,57095,8263,,,1,97,,57113,8263,,,1,100,,57104,8263,,,1,99,,57100,8263,,,1,100,,57101,8263,,,1,101,,57109,8263,,,1,99,,57105,8263,,,1
3800,'SE',620,,57120,8263,,,1,21,,57122,8263,,,1,18,,57125,8263,,,1,58,,57126,8263,,,1,24,,57127,8263,,,1,12,,57128,8263,,,1,60,,57129,8263,,,1,24,,57119,8263,,,1,69,,57131,8263,,,1,18,,57133,8263,,,1,17,,57137,8263,,,1,70,,57134,8263,,,1,45,,57138,8263,,,1,100,,57115,8263,,,1,100,,57123,8263,,,1,101,,57139,8263,,,1,94,,57114,8263,,,1,67,,57116,8263,,,1,32,,57118,8263,,,1,70,,57124,8263,,,1,30,,57141,8263,,,1,73,,57130,8263,,,1,26,,57140,8263,,,1,65,,57142,8263,,,1,94,,57143,8263,,,1,100,,57136,8263,,,1,99,,57121,8263,,,1,99,,57132,8263,,,1,100,,57135,8263,,,1,100,,57117,8263,,,1
4201,'DI',558,,57375,8426,,,1,100,,57376,8426,,,1,100,,57377,8426,,,1,100,,57378,8426,,,1,100,,57379,8426,,,1,100,,57380,8426,,,1,100,,57381,8426,,,1,100,,57382,8426,,,1,100,,57383,8426,,,1,100,,57384,8426,,,1,100,,57385,8426,,,1,100,,57386,8426,,,1,100,,57387,8426,,,1,100,,57388,8426,,,1,99,,57389,8426,,,1,100,,57390,8426,,,1,100,,57391,8426,,,1,100,,57392,8426,,,1,100,,57393,8426,,,1,100,,57394,8426,,,1
4201,'F1',558,,57395,8426,,,1,100,,57396,8426,,,1,100,,57397,8426,,,1,100,,57398,8426,,,1,100,,57399,8426,,,1,100,,57400,8426,,,1,100,,57401,8426,,,1,100,,57402,8426,,,1,100,,57403,8426,,,1,100,,57404,8426,,,1,100,,57405,8426,,,1,100,,57406,8426,,,1,100,,57407,8426,,,1,100,,57408,8426,,,1,99,,57409,8426,,,1,100,,57410,8426,,,1,100,,57411,8426,,,1,100,,57412,8426,,,1,100,,57413,8426,,,1,100,,57414,8426,,,1
4201,'F2',558,,57415,8426,,,1,100,,57416,8426,,,1,100,,57417,8426,,,1,100,,57418,8426,,,1,100,,57419,8426,,,1,100,,57420,8426,,,1,100,,57421,8426,,,1,100,,57422,8426,,,1,100,,57423,8426,,,1,100,,57424,8426,,,1,100,,57425,8426,,,1,100,,57426,8426,,,1,100,,57427,8426,,,1,100,,57428,8426,,,1,99,,57429,8426,,,1,100,,57430,8426,,,1,100,,57431,8426,,,1,100,,57432,8426,,,1,100,,57433,8426,,,1,100,,57434,8426,,,1
4201,'SA',558,,57435,8426,,,1,100,,57436,8426,,,1,100,,57437,8426,,,1,100,,57438,8426,,,1,100,,57439,8426,,,1,100,,57440,8426,,,1,100,,57441,8426,,,1,100,,57442,8426,,,1,100,,57443,8426,,,1,100,,57444,8426,,,1,100,,57445,8426,,,1,100,,57446,8426,,,1,100,,57447,8426,,,1,100,,57448,8426,,,1,99,,57449,8426,,,1,100,,57450,8426,,,1,100,,57451,8426,,,1,100,,57452,8426,,,1,100,,57453,8426,,,1,100,,57454,8426,,,1
4201,'SE',528,,57463,8426,,,1,20,,57488,8426,,,1,70,,57470,8426,,,1,21,,57487,8426,,,1,14,,57465,8426,,,1,54,,57474,8426,,,1,14,,57471,8426,,,1,14,,57475,8426,,,1,14,,57483,8426,,,1,54,,57469,8426,,,1,23,,57472,8426,,,1,74,,57499,8426,,,1,37,,57495,8426,,,1,70,,57500,8426,,,1,30,,57473,8426,,,1,70,,57466,8426,,,1,30,,57467,8426,,,1,70,,57462,8426,,,1,30,,57486,8426,,,1,70,,57458,8426,,,1,30,,57455,8426,,,1,70,,57496,8426,,,1,30,,57464,8426,,,1,70,,57461,8426,,,1,4,,57468,8426,,,1,2,,57489,8426,,,1,2,,57484,8426,,,1,22,,57459,8426,,,1,70,,57476,8426,,,1,30,,57498,8426,,,1,68,,57456,8426,,,1,24,,57485,8426,,,1,17,,57460,8426,,,1,67,,57497,8426,,,1,29,,57457,8426,,,1,65,,57492,8426,,,1,35,,57477,8426,,,1,70,,57493,8426,,,1,30,,57478,8426,,,1,70,,57494,8426,,,1,29,,57479,8426,,,1,69,,57490,8426,,,1,30,,57480,8426,,,1,70,,57491,8426,,,1,90,,57481,8426,,,1,100,,57482,8426,,,1
5001,'DI',704,,58111,10452,,,2,102,,58105,10452,,,2,100,,58106,10452,,,2,100,,58112,10452,,,2,103,,58113,10452,,,2,94,,58107,10452,,,2,103,,58108,10452,,,2,103,,58109,10452,,,2,97,,58097,10452,,,2,96,,58099,10452,,,2,103,,58100,10452,,,2,106,,58101,10452,,,2,95,,58114,10452,,,2,100,,58110,10452,,,2,100,,58104,10452,,,2,100,,58102,10452,,,2,100,,58116,10452,,,2,100,,58103,10452,,,2,100,,58098,10452,,,2
5001,'F1',704,,58131,10452,,,2,102,,58125,10452,,,2,100,,58126,10452,,,2,100,,58132,10452,,,2,103,,58133,10452,,,2,94,,58127,10452,,,2,103,,58128,10452,,,2,103,,58129,10452,,,2,97,,58117,10452,,,2,96,,58119,10452,,,2,103,,58120,10452,,,2,106,,58121,10452,,,2,95,,58134,10452,,,2,100,,58130,10452,,,2,100,,58124,10452,,,2,100,,58122,10452,,,2,100,,58136,10452,,,2,100,,58123,10452,,,2,100,,58118,10452,,,2
5001,'F2',706,,58137,10452,,,2,98,,58141,10452,,,2,102,,58143,10452,,,2,97,,58151,10452,,,2,103,,58148,10452,,,2,96,,58152,10452,,,2,102,,58138,10452,,,2,98,,58142,10452,,,2,99,,47449,10452,,,2,103,,58153,10452,,,2,103,,58154,10452,,,2,103,,58155,10452,,,2,96,,58139,10452,,,2,100,,58145,10452,,,2,100,,58144,10452,,,2,100,,58146,10452,,,2,97,,58149,10452,,,2,103,,58150,10452,,,2,101,,58140,10452,,,2
5001,'SA',706,,58156,10452,,,2,98,,58160,10452,,,2,102,,58162,10452,,,2,97,,58170,10452,,,2,103,,58167,10452,,,2,96,,58171,10452,,,2,102,,58157,10452,,,2,98,,58161,10452,,,2,99,,31554,10452,,,2,103,,58172,10452,,,2,103,,58173,10452,,,2,103,,58174,10452,,,2,96,,58158,10452,,,2,100,,58164,10452,,,2,100,,58163,10452,,,2,100,,58165,10452,,,2,97,,58168,10452,,,2,103,,58169,10452,,,2,101,,58159,10452,,,2
5001,'SE',557,,58198,10452,,,2,70,,58182,10452,,,2,30,,58177,10452,,,2,72,,58194,10452,,,2,30,,58187,10452,,,2,70,,58180,10452,,,2,30,,58186,10452,,,2,70,,58181,10452,,,2,27,,58178,10452,,,2,100,,58201,10452,,,2,100,,58193,10452,,,2,100,,58176,10452,,,2,100,,58183,10452,,,2,99,,58190,10452,,,2,102,,58184,10452,,,2,68,,58188,10452,,,2,33,,47488,10452,,,2,74,,58189,10452,,,2,26,,58191,10452,,,2,70,,58179,10452,,,2,30,,58196,10452,,,2,98,,58192,10452,,,2,100,,58195,10452,,,2,100,,58197,10452,,,2,100,,58185,10452,,,2,100,,58175,10452,,,2,100,,58202,10452,,,2
6001,'SE',603,,58285,9798,,,1,22,,58279,9798,,,1,21,,58280,9798,,,1,68,,58286,9798,,,1,29,,58275,9798,,,1,68,,58283,9798,,,1,26,,58287,9798,,,1,13,,58297,9798,,,1,72,,58284,9798,,,1,100,,58276,9798,,,1,100,,58296,9798,,,1,100,,58281,9798,,,1,101,,58277,9798,,,1,100,,58282,9798,,,1,101,,58298,9798,,,1,99,,58288,9798,,,1,30,,58294,9798,,,1,67,,58278,9798,,,1,24,,58291,9798,,,1,67,,58290,9798,,,1,29,,58289,9798,,,1,69,,58292,9798,,,1,48,,58274,9798,,,1,100,,58299,9798,,,1,99,,58300,9798,,,1,100,,58293,9798,,,1,95,,58295,9798,,,1
16001,'DI',619,,62247,16192,,,1,99,,62248,16192,,,1,100,,62245,16192,,,1,100,,62252,16192,,,1,100,,62244,16192,,,1,100,,62238,16192,,,1,100,,62241,16192,,,1,100,,62249,16192,,,1,100,,62242,16192,,,1,100,,62253,16192,,,1,100,,62243,16192,,,1,100,,62246,16192,,,1,100,,62239,16192,,,1,100,,62250,16192,,,1,100,,62254,16192,,,1,103,,62240,16192,,,1,97,,62251,16192,,,1
16001,'F1',619,,62264,16192,,,1,99,,62265,16192,,,1,100,,62262,16192,,,1,100,,62269,16192,,,1,100,,62261,16192,,,1,100,,62255,16192,,,1,100,,62258,16192,,,1,100,,62266,16192,,,1,100,,62259,16192,,,1,100,,62270,16192,,,1,100,,62260,16192,,,1,100,,62263,16192,,,1,100,,62256,16192,,,1,100,,62267,16192,,,1,100,,62271,16192,,,1,103,,62257,16192,,,1,97,,62268,16192,,,1
16001,'F2',620,,62281,16192,,,1,99,,62272,16192,,,1,99,,62285,16192,,,1,100,,62273,16192,,,1,99,,62286,16192,,,1,101,,50278,16192,,,1,100,,62278,16192,,,1,100,,62282,16192,,,1,100,,62279,16192,,,1,100,,62276,16192,,,1,100,,62287,16192,,,1,100,,62277,16192,,,1,100,,62274,16192,,,1,101,,62283,16192,,,1,99,,62280,16192,,,1,103,,62275,16192,,,1,97,,62284,16192,,,1
16001,'SA',620,,62297,16192,,,1,99,,62288,16192,,,1,99,,62301,16192,,,1,100,,62289,16192,,,1,99,,62302,16192,,,1,101,,38598,16192,,,1,100,,62294,16192,,,1,100,,62298,16192,,,1,100,,62295,16192,,,1,100,,62292,16192,,,1,100,,62303,16192,,,1,100,,62293,16192,,,1,100,,62290,16192,,,1,101,,62299,16192,,,1,99,,62296,16192,,,1,103,,62291,16192,,,1,97,,62300,16192,,,1
16001,'SE',632,,62311,16192,,,1,68,,62320,16192,,,1,28,,62312,16192,,,1,29,,62313,16192,,,1,62,,62304,16192,,,1,23,,62322,16192,,,1,67,,62309,16192,,,1,43,,62305,16192,,,1,99,,62308,16192,,,1,93,,62321,16192,,,1,100,,62319,16192,,,1,100,,62314,16192,,,1,100,,62306,16192,,,1,99,,62323,16192,,,1,92,,62310,16192,,,1,97,,62324,16192,,,1,70,,62328,16192,,,1,27,,62326,16192,,,1,25,,62325,16192,,,1,65,,62315,16192,,,1,99,,62327,16192,,,1,100,,62307,16192,,,1,101,,62316,16192,,,1,100,,62318,16192,,,1,90,,62317,16192,,,1
54200,'SE',1641,,63454,7382,,,2
