2500,'DI',705,,27541,6489,,,2
2500,'F1',705,,45855,6489,,,2
2500,'F2',705,,45856,6489,,,2
2500,'F8',705,,27570,6489,,,2
2500,'F9',705,,27571,6489,,,2
2500,'SA',705,,27572,6489,,,2
2500,'SE',527,,45864,6489,,,2,30,,45875,6489,,,2,69,,45879,6489,,,2,19,,45878,6489,,,2,61,,45874,6489,,,2,19,,45866,6489,,,2,29,,45857,6489,,,2,68,,45868,6489,,,2,36,,45867,6489,,,2,70,,45861,6489,,,2,430,,45869,6489,,,2,70,,45859,6489,,,2,29,,45881,6489,,,2,53,,45877,6489,,,2,18,,45880,6489,,,2,31,,45860,6489,,,2,72,,45862,6489,,,2,69,,45870,6489,,,2,29,,45858,6489,,,2,71,,45863,6489,,,2,28,,45871,6489,,,2,30,,45865,6489,,,2,375,,45876,6489,,,2,83,,45882,6489,,,2,15,,45872,6489,,,2,85,,45873,6489,,,2
8100,'DI',702,,35724,6709,,,1,100,,35713,6709,,,1,103,,35720,6709,,,1,100,,35714,6709,,,1,100,,35722,6709,,,1,100,,35726,6709,,,1,100,,35727,6709,,,1,100,,35717,6709,,,1,100,,35721,6709,,,1,100,,35712,6709,,,1,96,,35725,6709,,,1,108,,35715,6709,,,1,96,,35723,6709,,,1,100,,35716,6709,,,1,100,,35728,6709,,,1,100,,35718,6709,,,1,100,,35730,6709,,,1,100,,35729,6709,,,1,100,,35719,6709,,,1
8100,'F1',702,,49147,6709,,,1,100,,49136,6709,,,1,103,,49143,6709,,,1,100,,49137,6709,,,1,100,,49145,6709,,,1,100,,49149,6709,,,1,100,,49150,6709,,,1,100,,49140,6709,,,1,100,,49144,6709,,,1,100,,49135,6709,,,1,96,,49148,6709,,,1,108,,49138,6709,,,1,96,,49146,6709,,,1,100,,49139,6709,,,1,100,,49151,6709,,,1,100,,49141,6709,,,1,100,,49153,6709,,,1,100,,49152,6709,,,1,100,,49142,6709,,,1
8100,'F2',702,,49165,6709,,,1,100,,49171,6709,,,1,103,,49166,6709,,,1,100,,49167,6709,,,1,100,,49172,6709,,,1,100,,49154,6709,,,1,100,,49156,6709,,,1,100,,49161,6709,,,1,100,,49168,6709,,,1,100,,49173,6709,,,1,100,,49159,6709,,,1,104,,49162,6709,,,1,96,,49169,6709,,,1,100,,49155,6709,,,1,100,,49163,6709,,,1,100,,49158,6709,,,1,100,,49170,6709,,,1,100,,49164,6709,,,1,100,,49160,6709,,,1,100,,49157,6709,,,1
8100,'F8',702,,35809,6709,,,1,100,,35815,6709,,,1,103,,35810,6709,,,1,100,,35811,6709,,,1,100,,35816,6709,,,1,100,,35798,6709,,,1,100,,35800,6709,,,1,100,,35805,6709,,,1,100,,35812,6709,,,1,100,,35817,6709,,,1,100,,35803,6709,,,1,104,,35806,6709,,,1,96,,35813,6709,,,1,100,,35799,6709,,,1,100,,35807,6709,,,1,100,,35802,6709,,,1,100,,35814,6709,,,1,100,,35808,6709,,,1,100,,35804,6709,,,1,100,,35801,6709,,,1
8100,'F9',702,,35830,6709,,,1,100,,35819,6709,,,1,103,,35826,6709,,,1,100,,35820,6709,,,1,100,,35828,6709,,,1,100,,35832,6709,,,1,100,,35833,6709,,,1,100,,35823,6709,,,1,100,,35827,6709,,,1,100,,35818,6709,,,1,96,,35831,6709,,,1,108,,35821,6709,,,1,96,,35829,6709,,,1,100,,35822,6709,,,1,100,,35834,6709,,,1,100,,35824,6709,,,1,100,,35836,6709,,,1,100,,35835,6709,,,1,100,,35825,6709,,,1
8100,'SA',702,,35848,6709,,,1,100,,35854,6709,,,1,103,,35849,6709,,,1,100,,35850,6709,,,1,100,,14262,6709,,,1,100,,35837,6709,,,1,100,,35839,6709,,,1,100,,35844,6709,,,1,100,,35851,6709,,,1,100,,35855,6709,,,1,100,,35842,6709,,,1,104,,35845,6709,,,1,96,,35852,6709,,,1,100,,35838,6709,,,1,100,,35846,6709,,,1,100,,35841,6709,,,1,100,,35853,6709,,,1,100,,35847,6709,,,1,100,,35843,6709,,,1,100,,35840,6709,,,1
8100,'SE',624,,49185,6709,,,1,78,,49197,6709,,,1,30,,49186,6709,,,1,71,,49195,6709,,,1,29,,49176,6709,,,1,76,,49196,6709,,,1,98,,49179,6709,,,1,100,,49189,6709,,,1,100,,49177,6709,,,1,100,,49198,6709,,,1,100,,49187,6709,,,1,100,,49180,6709,,,1,30,,49188,6709,,,1,72,,49184,6709,,,1,30,,49174,6709,,,1,70,,49175,6709,,,1,30,,49190,6709,,,1,70,,49199,6709,,,1,30,,49178,6709,,,1,67,,49193,6709,,,1,100,,49181,6709,,,1,100,,49183,6709,,,1,100,,49194,6709,,,1,100,,49191,6709,,,1,100,,49182,6709,,,1,100,,49192,6709,,,1,100,,49200,6709,,,1
