8000,'DI',636,,35390,14148,0,50,1,100,,35391,14148,0,50,1,100,,35392,14148,0,50,1,100,,35393,14148,0,50,1,100,,35394,14148,0,50,1,100,,35395,14148,0,50,1,100,,35396,14148,0,50,1,100,,35397,14148,0,50,1,100,,35398,14148,0,50,1,100,,35399,14148,0,50,1,100,,35400,14148,0,50,1,101,,35401,14148,0,50,1,100,,35402,14148,0,50,1,100,,35403,14148,0,50,1,100,,35404,14148,0,50,1,100,,35405,14148,0,50,1,100,,35406,14148,0,50,1,100,,35407,14148,0,50,1,100,,35408,14148,0,50,1
8000,'F1',636,,49010,14148,0,50,1,100,,49011,14148,0,50,1,100,,49012,14148,0,50,1,100,,49013,14148,0,50,1,100,,49014,14148,0,50,1,100,,49015,14148,0,50,1,100,,49016,14148,0,50,1,100,,49017,14148,0,50,1,100,,49018,14148,0,50,1,100,,49019,14148,0,50,1,100,,49020,14148,0,50,1,101,,49021,14148,0,50,1,100,,49022,14148,0,50,1,100,,49023,14148,0,50,1,100,,49024,14148,0,50,1,100,,49025,14148,0,50,1,100,,49026,14148,0,50,1,100,,49027,14148,0,50,1,100,,49028,14148,0,50,1
8000,'F2',636,,49029,14148,0,50,1,100,,49030,14148,0,50,1,100,,49031,14148,0,50,1,100,,49032,14148,0,50,1,100,,49033,14148,0,50,1,100,,49034,14148,0,50,1,100,,49035,14148,0,50,1,100,,49036,14148,0,50,1,100,,49037,14148,0,50,1,100,,49038,14148,0,50,1,100,,49039,14148,0,50,1,100,,49040,14148,0,50,1,100,,49041,14148,0,50,1,100,,49042,14148,0,50,1,100,,49043,14148,0,50,1,100,,49044,14148,0,50,1,100,,49045,14148,0,50,1,100,,49046,14148,0,50,1,100,,49047,14148,0,50,1
8000,'F8',636,,35470,14148,0,50,1,100,,35471,14148,0,50,1,100,,35472,14148,0,50,1,100,,35473,14148,0,50,1,100,,35474,14148,0,50,1,100,,35475,14148,0,50,1,100,,35476,14148,0,50,1,100,,35477,14148,0,50,1,100,,35478,14148,0,50,1,100,,35479,14148,0,50,1,100,,35480,14148,0,50,1,100,,35481,14148,0,50,1,100,,35482,14148,0,50,1,100,,35483,14148,0,50,1,100,,35484,14148,0,50,1,100,,35485,14148,0,50,1,100,,35486,14148,0,50,1,100,,35487,14148,0,50,1,100,,35488,14148,0,50,1
8000,'F9',636,,35489,14148,0,50,1,100,,35490,14148,0,50,1,100,,35491,14148,0,50,1,100,,35492,14148,0,50,1,100,,35493,14148,0,50,1,100,,35494,14148,0,50,1,100,,35495,14148,0,50,1,100,,35496,14148,0,50,1,100,,35497,14148,0,50,1,100,,35498,14148,0,50,1,100,,35499,14148,0,50,1,101,,35500,14148,0,50,1,100,,35501,14148,0,50,1,100,,35502,14148,0,50,1,100,,35503,14148,0,50,1,100,,35504,14148,0,50,1,100,,35505,14148,0,50,1,100,,35506,14148,0,50,1,100,,35507,14148,0,50,1
8000,'SA',636,,35508,14148,0,50,1,100,,35509,14148,0,50,1,100,,35510,14148,0,50,1,100,,35511,14148,0,50,1,100,,35512,14148,0,50,1,100,,35513,14148,0,50,1,100,,35514,14148,0,50,1,100,,35515,14148,0,50,1,100,,35516,14148,0,50,1,100,,35517,14148,0,50,1,100,,35518,14148,0,50,1,100,,35519,14148,0,50,1,100,,35520,14148,0,50,1,100,,35521,14148,0,50,1,100,,35522,14148,0,50,1,100,,35523,14148,0,50,1,100,,35524,14148,0,50,1,100,,35525,14148,0,50,1,100,,35526,14148,0,50,1
8000,'SE',557,,49052,14148,0,50,1,80,,49061,14148,0,50,1,69,,49055,14148,0,50,1,30,,49062,14148,0,50,1,70,,49063,14148,0,50,1,33,,49049,14148,0,50,1,97,,49050,14148,0,50,1,101,,49051,14148,0,50,1,100,,49056,14148,0,50,1,100,,49057,14148,0,50,1,100,,49058,14148,0,50,1,100,,49059,14148,0,50,1,101,,49060,14148,0,50,1,65,,49064,14148,0,50,1,35,,49053,14148,0,50,1,70,,49065,14148,0,50,1,24,,49048,14148,0,50,1,86,,49066,14148,0,50,1,99,,49054,14148,0,50,1,100,,49067,14148,0,50,1,99,,49068,14148,0,50,1,100,,49069,14148,0,50,1,100,,49070,14148,0,50,1,100,,49071,14148,0,50,1
8401,'SE',636,,49487,8717,,,2,15,,49486,8717,,,2,65,,49483,8717,,,2,21,,49507,8717,,,2,64,,49493,8717,,,2,16,,49492,8717,,,2,20,,49475,8717,,,2,19,,49504,8717,,,2,66,,49482,8717,,,2,87,,49489,8717,,,2,101,,49490,8717,,,2,100,,49505,8717,,,2,100,,49481,8717,,,2,100,,49484,8717,,,2,96,,49494,8717,,,2,5,,49476,8717,,,2,38,,49480,8717,,,2,59,,49485,8717,,,2,20,,49491,8717,,,2,21,,49488,8717,,,2,62,,49479,8717,,,2,19,,49496,8717,,,2,20,,49506,8717,,,2,58,,49495,8717,,,2,21,,49478,8717,,,2,19,,49477,8717,,,2,60,,49503,8717,,,2,100,,49497,8717,,,2,99,,49498,8717,,,2,100,,49499,8717,,,2,100,,49500,8717,,,2,100,,49501,8717,,,2,100,,49502,8717,,,2
8601,'SE',617,,49518,1003,,,2,85,,49519,1003,,,2,30,,49520,1003,,,2
18000,'SE',1613,,50448,14148,0,50,2,31,,50444,14148,0,50,2,58,,50447,14148,0,50,2,24,,50449,14148,0,50,2,32,,50445,14148,0,50,2,70,,50446,14148,0,50,2,20,,50450,14148,0,50,2
