6100,'DI',716,,32294,11708,,,2,89,,32298,11708,,,2,30,,32295,11708,,,2,70,,32301,11708,,,2,30,,32299,11708,,,2,70,,32296,11708,,,2,30,,32302,11708,,,2,70,,32304,11708,,,2,30,,32309,11708,,,2,70,,32314,11708,,,2,30,,32305,11708,,,2,70,,32310,11708,,,2,30,,32315,11708,,,2,70,,32306,11708,,,2,30,,32311,11708,,,2,70,,32317,11708,,,2,30,,32307,11708,,,2,74,,32312,11708,,,2,21,,32318,11708,,,2,75,,32321,11708,,,2,20,,32325,11708,,,2,80,,32319,11708,,,2,25,,32322,11708,,,2,70,,32326,11708,,,2,45,,32323,11708,,,2,100,,32327,11708,,,2,100,,32329,11708,,,2,100,,32331,11708,,,2,100,,32333,11708,,,2,100,,32334,11708,,,2
6100,'F1',716,,47781,11708,,,2,89,,47785,11708,,,2,30,,47782,11708,,,2,70,,47788,11708,,,2,30,,47786,11708,,,2,70,,47783,11708,,,2,30,,47789,11708,,,2,70,,47791,11708,,,2,30,,47796,11708,,,2,70,,47801,11708,,,2,30,,47792,11708,,,2,70,,47797,11708,,,2,30,,47802,11708,,,2,70,,47793,11708,,,2,30,,47798,11708,,,2,70,,47804,11708,,,2,30,,47794,11708,,,2,74,,47799,11708,,,2,21,,47805,11708,,,2,75,,47808,11708,,,2,20,,47812,11708,,,2,80,,47806,11708,,,2,25,,47809,11708,,,2,70,,47813,11708,,,2,45,,47810,11708,,,2,100,,47814,11708,,,2,100,,47816,11708,,,2,100,,47818,11708,,,2,100,,47820,11708,,,2,100,,47821,11708,,,2
6100,'F2',716,,47822,11708,,,2,89,,47826,11708,,,2,30,,47823,11708,,,2,70,,47829,11708,,,2,30,,47827,11708,,,2,70,,47824,11708,,,2,30,,47830,11708,,,2,70,,47832,11708,,,2,30,,47837,11708,,,2,70,,47840,11708,,,2,30,,47833,11708,,,2,70,,47838,11708,,,2,30,,47841,11708,,,2,70,,47834,11708,,,2,30,,47843,11708,,,2,70,,47848,11708,,,2,30,,47835,11708,,,2,74,,47844,11708,,,2,21,,47849,11708,,,2,75,,47852,11708,,,2,20,,47845,11708,,,2,80,,47850,11708,,,2,25,,47853,11708,,,2,70,,47846,11708,,,2,45,,47855,11708,,,2,100,,47858,11708,,,2,100,,47856,11708,,,2,100,,47860,11708,,,2,100,,47859,11708,,,2,100,,47861,11708,,,2
6100,'F8',716,,32473,11708,,,2,89,,32477,11708,,,2,30,,32474,11708,,,2,70,,32480,11708,,,2,30,,32478,11708,,,2,70,,32475,11708,,,2,30,,32481,11708,,,2,70,,32483,11708,,,2,30,,32488,11708,,,2,70,,32491,11708,,,2,30,,32484,11708,,,2,70,,32489,11708,,,2,30,,32492,11708,,,2,70,,32485,11708,,,2,30,,32494,11708,,,2,70,,32499,11708,,,2,30,,32486,11708,,,2,74,,32495,11708,,,2,21,,32500,11708,,,2,75,,32503,11708,,,2,20,,32496,11708,,,2,80,,32501,11708,,,2,25,,32504,11708,,,2,70,,32497,11708,,,2,45,,32506,11708,,,2,100,,32509,11708,,,2,100,,32507,11708,,,2,100,,32511,11708,,,2,100,,32510,11708,,,2,100,,32512,11708,,,2
6100,'F9',716,,32513,11708,,,2,89,,32517,11708,,,2,30,,32514,11708,,,2,70,,32520,11708,,,2,30,,32518,11708,,,2,70,,32515,11708,,,2,30,,32521,11708,,,2,70,,32523,11708,,,2,30,,32528,11708,,,2,70,,32533,11708,,,2,30,,32524,11708,,,2,70,,32529,11708,,,2,30,,32534,11708,,,2,70,,32525,11708,,,2,30,,32530,11708,,,2,70,,32536,11708,,,2,30,,32526,11708,,,2,74,,32531,11708,,,2,21,,32537,11708,,,2,75,,32540,11708,,,2,20,,32544,11708,,,2,80,,32538,11708,,,2,25,,32541,11708,,,2,70,,32545,11708,,,2,45,,32542,11708,,,2,100,,32546,11708,,,2,100,,32548,11708,,,2,100,,32550,11708,,,2,100,,32552,11708,,,2,100,,32553,11708,,,2
6100,'SA',716,,32554,11708,,,2,89,,32558,11708,,,2,30,,32555,11708,,,2,70,,32561,11708,,,2,30,,32559,11708,,,2,70,,32556,11708,,,2,30,,32562,11708,,,2,70,,32564,11708,,,2,30,,32569,11708,,,2,70,,32572,11708,,,2,30,,32565,11708,,,2,70,,32570,11708,,,2,30,,32573,11708,,,2,70,,32566,11708,,,2,30,,32575,11708,,,2,70,,32580,11708,,,2,30,,32567,11708,,,2,74,,32576,11708,,,2,21,,32581,11708,,,2,75,,32584,11708,,,2,20,,32577,11708,,,2,80,,32582,11708,,,2,25,,32585,11708,,,2,70,,32578,11708,,,2,45,,32587,11708,,,2,100,,32590,11708,,,2,100,,32588,11708,,,2,100,,32592,11708,,,2,100,,32591,11708,,,2,100,,32593,11708,,,2
6100,'SE',625,,47864,11708,,,2,28,,47862,11708,,,2,66,,47871,11708,,,2,9,,47876,11708,,,2,19,,47868,11708,,,2,66,,47865,11708,,,2,23,,47873,11708,,,2,15,,47878,11708,,,2,76,,47869,11708,,,2,30,,47866,11708,,,2,70,,47874,11708,,,2,31,,47918,11708,,,2,70,,47872,11708,,,2,30,,47879,11708,,,2,70,,47883,11708,,,2,30,,47880,11708,,,2,70,,47881,11708,,,2,73,,47885,11708,,,2,21,,47888,11708,,,2,27,,47893,11708,,,2,63,,47882,11708,,,2,20,,47884,11708,,,2,23,,47896,11708,,,2,4,,47899,11708,,,2,65,,47889,11708,,,2,7,,47891,11708,,,2,14,,47900,11708,,,2,13,,47901,11708,,,2,54,,47886,11708,,,2,15,,47905,11708,,,2,6,,47908,11708,,,2,18,,47897,11708,,,2,54,,47894,11708,,,2,24,,47910,11708,,,2,24,,47902,11708,,,2,68,,47913,11708,,,2,30,,47916,11708,,,2,70,,47906,11708,,,2,29,,47909,11708,,,2,70,,47917,11708,,,2,30,,47903,11708,,,2,68,,47914,11708,,,2,30,,47911,11708,,,2,69,,47907,11708,,,2,30,,47915,11708,,,2,70,,47912,11708,,,2
16100,'DI',626,,38650,14853,,,2,1132,,38649,14853,,,2
16100,'F1',626,,50332,14853,,,2,1132,,50331,14853,,,2
16100,'F2',626,,50344,14853,,,2,1102,,50345,14853,,,2
16100,'F8',626,,38707,14853,,,2,1102,,38708,14853,,,2
16100,'F9',626,,38721,14853,,,2,1132,,38720,14853,,,2
16100,'SA',626,,38733,14853,,,2,1102,,38734,14853,,,2
16100,'SE',705,,50359,14742,,,2,25,,50360,14742,,,2,25,,50358,14742,,,2,462,,50363,14853,,,2,389,,50361,14853,,,2,41,,50365,14853,,,2,80,,50362,14853,,,2,100,,50364,14853,,,2
