2300,'F2',642,,45829,1202,,,1,100,,45830,1202,,,1,100,,45821,1202,,,1,101,,45822,1202,,,1,99,,45825,1202,,,1,103,,45826,1202,,,1,97,,45831,1202,,,1,100,,45832,1202,,,1,100,,45828,1202,,,1,100,,45827,1202,,,1,100,,45823,1202,,,1,102,,45824,1202,,,1
2300,'F8',642,,27462,1202,,,1,100,,27463,1202,,,1,100,,27454,1202,,,1,101,,27455,1202,,,1,99,,27458,1202,,,1,103,,27459,1202,,,1,97,,27464,1202,,,1,100,,27465,1202,,,1,100,,27461,1202,,,1,100,,27460,1202,,,1,100,,27456,1202,,,1,102,,27457,1202,,,1
2300,'SA',642,,27474,1202,,,1,100,,27475,1202,,,1,100,,27466,1202,,,1,101,,27467,1202,,,1,99,,27470,1202,,,1,103,,27471,1202,,,1,97,,27476,1202,,,1,100,,27477,1202,,,1,100,,27473,1202,,,1,100,,27472,1202,,,1,100,,27468,1202,,,1,102,,27469,1202,,,1
2300,'SE',943,,45837,1202,,,1,100,,45833,1202,,,1,100,,45836,1202,,,1,100,,45834,1202,,,1,100,,45835,1202,,,1
7400,'DI',758,,34185,1202,,,1,100,,34186,1202,,,1,100,,34187,1202,,,1,100,,34188,1202,,,1,99,,34189,1202,,,1,145,,34190,1202,,,1,56,,34179,1202,,,1,100,,34180,1202,,,1,100,,34191,1202,,,1,100,,34192,1202,,,1,144,,34193,1202,,,1,56,,34194,1202,,,1,100,,34195,1202,,,1,100,,34182,1202,,,1,100,,34183,1202,,,1,100,,34184,1202,,,1,100,,34181,1202,,,1
7400,'F1',758,,48521,1202,,,1,100,,48522,1202,,,1,100,,48523,1202,,,1,100,,48524,1202,,,1,99,,48525,1202,,,1,145,,48526,1202,,,1,56,,48515,1202,,,1,100,,48516,1202,,,1,100,,48527,1202,,,1,100,,48528,1202,,,1,144,,48529,1202,,,1,56,,48530,1202,,,1,100,,48531,1202,,,1,100,,48518,1202,,,1,100,,48519,1202,,,1,100,,48520,1202,,,1,100,,48517,1202,,,1
7400,'F2',758,,48535,1202,,,1,100,,48536,1202,,,1,99,,48537,1202,,,1,100,,48534,1202,,,1,101,,48538,1202,,,1,100,,48539,1202,,,1,100,,48540,1202,,,1,99,,48541,1202,,,1,101,,48542,1202,,,1,100,,48543,1202,,,1,142,,48532,1202,,,1,58,,48544,1202,,,1,100,,48545,1202,,,1,100,,48546,1202,,,1,100,,48547,1202,,,1,100,,48548,1202,,,1,100,,48549,1202,,,1,100,,48533,1202,,,1
7400,'F8',758,,34261,1202,,,1,100,,34262,1202,,,1,99,,34263,1202,,,1,100,,34260,1202,,,1,101,,34264,1202,,,1,100,,34265,1202,,,1,100,,34266,1202,,,1,99,,34267,1202,,,1,101,,34268,1202,,,1,100,,34269,1202,,,1,142,,34258,1202,,,1,58,,34270,1202,,,1,100,,34271,1202,,,1,100,,34272,1202,,,1,100,,34273,1202,,,1,100,,34274,1202,,,1,100,,34275,1202,,,1,100,,34259,1202,,,1
7400,'F9',758,,34282,1202,,,1,100,,34283,1202,,,1,100,,34284,1202,,,1,100,,34285,1202,,,1,99,,34286,1202,,,1,145,,34287,1202,,,1,56,,34276,1202,,,1,100,,34277,1202,,,1,100,,34288,1202,,,1,100,,34289,1202,,,1,144,,34290,1202,,,1,56,,34291,1202,,,1,100,,34292,1202,,,1,100,,34279,1202,,,1,100,,34280,1202,,,1,100,,34281,1202,,,1,100,,34278,1202,,,1
7400,'SA',758,,34296,1202,,,1,100,,34297,1202,,,1,99,,34298,1202,,,1,100,,34295,1202,,,1,101,,34299,1202,,,1,100,,34300,1202,,,1,100,,34301,1202,,,1,99,,34302,1202,,,1,101,,34303,1202,,,1,100,,34304,1202,,,1,142,,34293,1202,,,1,58,,34305,1202,,,1,100,,34306,1202,,,1,100,,34307,1202,,,1,100,,34308,1202,,,1,100,,34309,1202,,,1,100,,34310,1202,,,1,100,,34294,1202,,,1
7400,'SE',627,,48551,1202,,,1,25,,48560,1202,,,1,78,,48553,1202,,,1,25,,48552,1202,,,1,69,,48554,1202,,,1,32,,48573,1202,,,1,101,,48561,1202,,,1,100,,48564,1202,,,1,100,,48565,1202,,,1,100,,48566,1202,,,1,101,,48567,1202,,,1,100,,48550,1202,,,1,70,,48559,1202,,,1,27,,48568,1202,,,1,74,,48558,1202,,,1,29,,48574,1202,,,1,70,,48562,1202,,,1,30,,48569,1202,,,1,70,,48563,1202,,,1,29,,48570,1202,,,1,100,,48571,1202,,,1,100,,48572,1202,,,1,100,,48555,1202,,,1,100,,48556,1202,,,1,100,,48557,1202,,,1,100,,48575,1202,,,1
12300,'DI',613,,37610,1202,0,42 43,1,100,,37620,1202,0,42 43,1,100,,37611,1202,0,42 43,1,100,,37621,1202,0,42 43,1,100,,37612,1202,0,42 43,1,100,,37622,1202,0,42 43,1,105,,37613,1202,0,42 43,1,95,,37623,1202,0,42 43,1,100,,37614,1202,0,42 43,1,100,,37624,1202,0,42 43,1,100,,37615,1202,0,42 43,1,100,,37625,1202,0,42 43,1,100,,37616,1202,0,42 43,1,100,,37626,1202,0,42 43,1,100,,37617,1202,0,42 43,1,100,,37627,1202,0,42 43,1,100,,37618,1202,0,42 43,1,100,,37628,1202,0,42 43,1,100,,37619,1202,0,42 43,1
12300,'F1',613,,49910,1202,0,42 43,1,100,,49920,1202,0,42 43,1,100,,49911,1202,0,42 43,1,100,,49921,1202,0,42 43,1,100,,49912,1202,0,42 43,1,100,,49922,1202,0,42 43,1,105,,49913,1202,0,42 43,1,95,,49923,1202,0,42 43,1,100,,49914,1202,0,42 43,1,100,,49924,1202,0,42 43,1,100,,49915,1202,0,42 43,1,100,,49925,1202,0,42 43,1,100,,49916,1202,0,42 43,1,100,,49926,1202,0,42 43,1,100,,49917,1202,0,42 43,1,100,,49927,1202,0,42 43,1,100,,49918,1202,0,42 43,1,100,,49928,1202,0,42 43,1,100,,49919,1202,0,42 43,1
12300,'F2',612,,49930,1202,0,42 43,1,100,,49929,1202,0,42 43,1,100,,49931,1202,0,42 43,1,105,,49940,1202,0,42 43,1,99,,49932,1202,0,42 43,1,100,,49941,1202,0,42 43,1,100,,49933,1202,0,42 43,1,96,,49942,1202,0,42 43,1,100,,49934,1202,0,42 43,1,100,,49943,1202,0,42 43,1,104,,49935,1202,0,42 43,1,101,,49944,1202,0,42 43,1,99,,49936,1202,0,42 43,1,96,,49945,1202,0,42 43,1,100,,49937,1202,0,42 43,1,100,,49946,1202,0,42 43,1,100,,49938,1202,0,42 43,1,100,,49947,1202,0,42 43,1,100,,49939,1202,0,42 43,1
12300,'F8',612,,37705,1202,0,42 43,1,100,,37704,1202,0,42 43,1,100,,37706,1202,0,42 43,1,105,,37715,1202,0,42 43,1,99,,37707,1202,0,42 43,1,100,,37716,1202,0,42 43,1,100,,37708,1202,0,42 43,1,96,,37717,1202,0,42 43,1,100,,37709,1202,0,42 43,1,100,,37718,1202,0,42 43,1,104,,37710,1202,0,42 43,1,101,,37719,1202,0,42 43,1,99,,37711,1202,0,42 43,1,96,,37720,1202,0,42 43,1,100,,37712,1202,0,42 43,1,100,,37721,1202,0,42 43,1,100,,37713,1202,0,42 43,1,100,,37722,1202,0,42 43,1,100,,37714,1202,0,42 43,1
12300,'F9',613,,37723,1202,0,42 43,1,100,,37733,1202,0,42 43,1,100,,37724,1202,0,42 43,1,100,,37734,1202,0,42 43,1,100,,37725,1202,0,42 43,1,100,,37735,1202,0,42 43,1,105,,37726,1202,0,42 43,1,95,,37736,1202,0,42 43,1,100,,37727,1202,0,42 43,1,100,,37737,1202,0,42 43,1,100,,37728,1202,0,42 43,1,100,,37738,1202,0,42 43,1,100,,37729,1202,0,42 43,1,100,,37739,1202,0,42 43,1,100,,37730,1202,0,42 43,1,100,,37740,1202,0,42 43,1,100,,37731,1202,0,42 43,1,100,,37741,1202,0,42 43,1,100,,37732,1202,0,42 43,1
12300,'SA',612,,37743,1202,0,42 43,1,100,,37742,1202,0,42 43,1,100,,37744,1202,0,42 43,1,105,,37753,1202,0,42 43,1,99,,37745,1202,0,42 43,1,100,,37754,1202,0,42 43,1,100,,37746,1202,0,42 43,1,96,,37755,1202,0,42 43,1,100,,37747,1202,0,42 43,1,100,,37756,1202,0,42 43,1,104,,37748,1202,0,42 43,1,101,,37757,1202,0,42 43,1,99,,37749,1202,0,42 43,1,96,,37758,1202,0,42 43,1,100,,37750,1202,0,42 43,1,100,,37759,1202,0,42 43,1,100,,37751,1202,0,42 43,1,100,,37760,1202,0,42 43,1,100,,37752,1202,0,42 43,1
12300,'SE',505,,49961,1202,0,42 43,1,33,,49949,1202,0,42 43,1,15,,49984,1202,0,42 43,1,50,,49964,1202,0,42 43,1,10,,49954,1202,0,42 43,1,10,,49952,1202,0,42 43,1,10,,49967,1202,0,42 43,1,8,,49956,1202,0,42 43,1,12,,49968,1202,0,42 43,1,50,,49953,1202,0,42 43,1,21,,49970,1202,0,42 43,1,17,,49974,1202,0,42 43,1,69,,49965,1202,0,42 43,1,29,,49971,1202,0,42 43,1,69,,49951,1202,0,42 43,1,102,,49972,1202,0,42 43,1,100,,49957,1202,0,42 43,1,99,,49966,1202,0,42 43,1,101,,49958,1202,0,42 43,1,5,,49955,1202,0,42 43,1,93,,49969,1202,0,42 43,1,30,,49959,1202,0,42 43,1,70,,49976,1202,0,42 43,1,26,,49980,1202,0,42 43,1,71,,49975,1202,0,42 43,1,31,,49950,1202,0,42 43,1,71,,49960,1202,0,42 43,1,31,,49977,1202,0,42 43,1,76,,49973,1202,0,42 43,1,28,,49962,1202,0,42 43,1,70,,49981,1202,0,42 43,1,30,,49963,1202,0,42 43,1,70,,49948,1202,0,42 43,1,100,,49982,1202,0,42 43,1,100,,49978,1202,0,42 43,1,100,,49983,1202,0,42 43,1,100,,49979,1202,0,42 43,1
