300,'DI',657,,52056,3355,,,1,100,,52049,3355,,,1,100,,52057,3355,,,1,100,,52050,3355,,,1,100,,52051,3355,,,1,100,,52059,3355,,,1,100,,52052,3355,,,1,100,,52053,3355,,,1,100,,52054,3355,,,1,100,,52058,3355,,,1,100,,494,3355,,,1,100,,495,3355,,,1,100,,52055,3355,,,1,100,,20629,3355,,,1,100,,20630,3355,,,1,100,,20631,3355,,,1,100,,20632,3355,,,1,100,,20633,3355,,,1,100,,20634,3355,,,1
300,'F1',657,,52067,3355,,,1,100,,52060,3355,,,1,100,,52068,3355,,,1,100,,52061,3355,,,1,100,,52062,3355,,,1,100,,52070,3355,,,1,100,,52063,3355,,,1,100,,52064,3355,,,1,100,,52065,3355,,,1,100,,52069,3355,,,1,100,,43204,3355,,,1,100,,43205,3355,,,1,100,,52066,3355,,,1,100,,43207,3355,,,1,100,,43208,3355,,,1,100,,43209,3355,,,1,100,,43210,3355,,,1,100,,43211,3355,,,1,100,,43212,3355,,,1
300,'F2',627,,52084,3355,,,1,30,,52071,3355,,,1,70,,52081,3355,,,1,30,,52088,3355,,,1,70,,52085,3355,,,1,30,,52072,3355,,,1,70,,52078,3355,,,1,30,,52073,3355,,,1,70,,52086,3355,,,1,30,,52089,3355,,,1,70,,52079,3355,,,1,30,,52092,3355,,,1,70,,52080,3355,,,1,30,,52093,3355,,,1,70,,43236,3355,,,1,30,,52094,3355,,,1,70,,43237,3355,,,1,30,,52087,3355,,,1,70,,52074,3355,,,1,30,,52098,3355,,,1,70,,52075,3355,,,1,30,,52099,3355,,,1,70,,52076,3355,,,1,30,,52100,3355,,,1,70,,52077,3355,,,1,30,,52090,3355,,,1,100,,52091,3355,,,1,100,,52095,3355,,,1,100,,52096,3355,,,1,100,,52097,3355,,,1,100,,52083,3355,,,1,100,,52082,3355,,,1
300,'SA',627,,52114,3355,,,1,30,,52101,3355,,,1,70,,52111,3355,,,1,30,,52118,3355,,,1,70,,52115,3355,,,1,30,,52102,3355,,,1,70,,52108,3355,,,1,30,,52103,3355,,,1,70,,52116,3355,,,1,30,,52119,3355,,,1,70,,52109,3355,,,1,30,,52122,3355,,,1,70,,52110,3355,,,1,30,,52123,3355,,,1,70,,624,3355,,,1,30,,52124,3355,,,1,70,,625,3355,,,1,30,,52117,3355,,,1,70,,52104,3355,,,1,30,,52128,3355,,,1,70,,52105,3355,,,1,30,,52129,3355,,,1,70,,52106,3355,,,1,30,,52130,3355,,,1,70,,52107,3355,,,1,30,,52120,3355,,,1,100,,52121,3355,,,1,100,,52125,3355,,,1,100,,52126,3355,,,1,100,,52127,3355,,,1,100,,52113,3355,,,1,100,,52112,3355,,,1
300,'SE',545,,52132,3355,,,1,82,,52154,3355,,,1,85,,52153,3355,,,1,35,,52133,3355,,,1,81,,52147,3355,,,1,29,,52162,3355,,,1,70,,52165,3355,,,1,30,,52163,3355,,,1,70,,52166,3355,,,1,30,,52148,3355,,,1,70,,52155,3355,,,1,30,,52134,3355,,,1,70,,52156,3355,,,1,30,,52135,3355,,,1,70,,52157,3355,,,1,30,,52136,3355,,,1,70,,52158,3355,,,1,30,,52137,3355,,,1,61,,52167,3355,,,1,18,,52159,3355,,,1,23,,52138,3355,,,1,61,,52168,3355,,,1,22,,52144,3355,,,1,58,,52164,3355,,,1,19,,52150,3355,,,1,20,,52131,3355,,,1,19,,52149,3355,,,1,72,,52151,3355,,,1,27,,52160,3355,,,1,70,,52152,3355,,,1,30,,52161,3355,,,1,70,,52145,3355,,,1,30,,52139,3355,,,1,70,,52146,3355,,,1,30,,52140,3355,,,1,100,,52141,3355,,,1,100,,52142,3355,,,1,100,,52143,3355,,,1
401,'DI',704,,52491,3297,,,1,30,,52485,3297,,,1,70,,52501,3297,,,1,32,,52494,3297,,,1,70,,52504,3297,,,1,30,,52486,3297,,,1,70,,52502,3297,,,1,30,,52495,3297,,,1,70,,52505,3297,,,1,30,,52487,3297,,,1,70,,52511,3297,,,1,30,,52509,3297,,,1,70,,52506,3297,,,1,31,,52488,3297,,,1,69,,52507,3297,,,1,30,,52512,3297,,,1,70,,52496,3297,,,1,32,,52489,3297,,,1,69,,52508,3297,,,1,30,,52513,3297,,,1,74,,52497,3297,,,1,25,,52498,3297,,,1,70,,52514,3297,,,1,30,,52510,3297,,,1,70,,52515,3297,,,1,31,,52499,3297,,,1,69,,52492,3297,,,1,30,,52516,3297,,,1,70,,52518,3297,,,1,100,,52517,3297,,,1,100,,52490,3297,,,1,100,,52503,3297,,,1
401,'F1',704,,52526,3297,,,1,30,,52520,3297,,,1,70,,52536,3297,,,1,32,,52529,3297,,,1,70,,52539,3297,,,1,30,,52521,3297,,,1,70,,52537,3297,,,1,30,,52530,3297,,,1,70,,52540,3297,,,1,30,,52522,3297,,,1,70,,52546,3297,,,1,30,,52544,3297,,,1,70,,52541,3297,,,1,31,,52523,3297,,,1,69,,52542,3297,,,1,30,,52547,3297,,,1,70,,52531,3297,,,1,32,,52524,3297,,,1,69,,52543,3297,,,1,30,,52548,3297,,,1,74,,52532,3297,,,1,25,,52533,3297,,,1,70,,52549,3297,,,1,30,,52545,3297,,,1,70,,52550,3297,,,1,31,,52534,3297,,,1,69,,52527,3297,,,1,30,,52551,3297,,,1,70,,52553,3297,,,1,100,,52552,3297,,,1,100,,52525,3297,,,1,100,,52538,3297,,,1
401,'F2',704,,52555,3297,,,1,30,,52574,3297,,,1,70,,52558,3297,,,1,32,,52562,3297,,,1,70,,52556,3297,,,1,30,,52575,3297,,,1,70,,52559,3297,,,1,30,,52563,3297,,,1,70,,52580,3297,,,1,30,,52578,3297,,,1,70,,52554,3297,,,1,30,,52565,3297,,,1,70,,52571,3297,,,1,30,,52566,3297,,,1,70,,52582,3297,,,1,30,,52560,3297,,,1,70,,52579,3297,,,1,30,,52576,3297,,,1,70,,52572,3297,,,1,30,,52568,3297,,,1,70,,52570,3297,,,1,30,,52583,3297,,,1,70,,52567,3297,,,1,30,,52586,3297,,,1,70,,52584,3297,,,1,30,,52585,3297,,,1,70,,52577,3297,,,1,30,,52587,3297,,,1,70,,52588,3297,,,1,100,,52581,3297,,,1,100,,52569,3297,,,1,100,,52564,3297,,,1
401,'SA',704,,52590,3297,,,1,30,,52609,3297,,,1,70,,52593,3297,,,1,32,,52597,3297,,,1,70,,52591,3297,,,1,30,,52610,3297,,,1,70,,52594,3297,,,1,30,,52598,3297,,,1,70,,52615,3297,,,1,30,,52613,3297,,,1,70,,52589,3297,,,1,30,,52600,3297,,,1,70,,52606,3297,,,1,30,,52601,3297,,,1,70,,52617,3297,,,1,30,,52595,3297,,,1,70,,52614,3297,,,1,30,,52611,3297,,,1,70,,52607,3297,,,1,30,,52603,3297,,,1,70,,52605,3297,,,1,30,,52618,3297,,,1,70,,52602,3297,,,1,30,,52621,3297,,,1,70,,52619,3297,,,1,30,,52620,3297,,,1,70,,52612,3297,,,1,30,,52622,3297,,,1,70,,52623,3297,,,1,100,,52616,3297,,,1,100,,52604,3297,,,1,100,,52599,3297,,,1
401,'SE',619,,52647,3297,,,1,21,,52625,3297,,,1,69,,52656,3297,,,1,33,,52643,3297,,,1,73,,52653,3297,,,1,30,,52652,3297,,,1,72,,52630,3297,,,1,30,,52637,3297,,,1,70,,52657,3297,,,1,30,,52636,3297,,,1,70,,52635,3297,,,1,30,,52626,3297,,,1,71,,52645,3297,,,1,32,,52662,3297,,,1,70,,52648,3297,,,1,30,,52629,3297,,,1,66,,52624,3297,,,1,34,,52632,3297,,,1,55,,52649,3297,,,1,23,,52633,3297,,,1,22,,52639,3297,,,1,59,,52627,3297,,,1,20,,52655,3297,,,1,22,,52644,3297,,,1,57,,52659,3297,,,1,20,,52661,3297,,,1,24,,52640,3297,,,1,58,,52651,3297,,,1,27,,52628,3297,,,1,70,,52660,3297,,,1,27,,52646,3297,,,1,69,,52658,3297,,,1,30,,52641,3297,,,1,70,,52654,3297,,,1,30,,52663,3297,,,1,100,,52650,3297,,,1,100,,52631,3297,,,1,100,,52642,3297,,,1
900,'SE',652,,53723,3355,0,58 7,2,70,,53722,3355,0,58 7,2,30,,53724,3355,0,58 7,2,860,,53729,3355,0,58 7,2,36,,53727,3355,0,58 7,2,66,,53726,3355,0,58 7,2,28,,53725,3355,0,58 7,2,70,,53728,3355,0,58 7,2
1900,'DI',622,,55065,3355,0,9,2,100,,55066,3355,0,9,2,100,,55067,3355,0,9,2,104,,55068,3355,0,9,2,100,,55069,3355,0,9,2,100,,55070,3355,0,9,2,100,,55071,3355,0,9,2,100,,55072,3355,0,9,2,100,,55073,3355,0,9,2,100,,55074,3355,0,9,2,100,,55075,3355,0,9,2,100,,55076,3355,0,9,2,100,,55077,3355,0,9,2,100,,55078,3355,0,9,2,100,,55079,3355,0,9,2,100,,55080,3355,0,9,2,100,,55082,3355,0,9,2,100,,55081,3355,0,9,2,100,,55083,3355,0,9,2,100,,25743,3355,0,9,2
1900,'F1',622,,55084,3355,0,9,2,100,,55085,3355,0,9,2,100,,55086,3355,0,9,2,104,,55087,3355,0,9,2,100,,55088,3355,0,9,2,100,,55089,3355,0,9,2,100,,55090,3355,0,9,2,100,,55091,3355,0,9,2,100,,55092,3355,0,9,2,100,,55093,3355,0,9,2,100,,55094,3355,0,9,2,100,,55095,3355,0,9,2,100,,55096,3355,0,9,2,100,,55097,3355,0,9,2,100,,55098,3355,0,9,2,100,,55099,3355,0,9,2,100,,55101,3355,0,9,2,100,,55100,3355,0,9,2,100,,55102,3355,0,9,2,100,,45170,3355,0,9,2
1900,'F2',622,,55114,3355,0,9,2,30,,55134,3355,0,9,2,70,,55115,3355,0,9,2,30,,55106,3355,0,9,2,70,,55116,3355,0,9,2,30,,55107,3355,0,9,2,74,,55117,3355,0,9,2,30,,55108,3355,0,9,2,70,,55118,3355,0,9,2,30,,55109,3355,0,9,2,70,,55119,3355,0,9,2,30,,55110,3355,0,9,2,70,,55120,3355,0,9,2,30,,55111,3355,0,9,2,70,,55121,3355,0,9,2,30,,55112,3355,0,9,2,70,,55122,3355,0,9,2,30,,55113,3355,0,9,2,70,,55123,3355,0,9,2,30,,55103,3355,0,9,2,70,,55124,3355,0,9,2,30,,55104,3355,0,9,2,70,,55125,3355,0,9,2,30,,55105,3355,0,9,2,70,,55126,3355,0,9,2,100,,55127,3355,0,9,2,100,,55128,3355,0,9,2,100,,55129,3355,0,9,2,100,,55130,3355,0,9,2,100,,55131,3355,0,9,2,100,,55132,3355,0,9,2,100,,55133,3355,0,9,2
1900,'SA',622,,55146,3355,0,9,2,30,,55166,3355,0,9,2,70,,55147,3355,0,9,2,30,,55138,3355,0,9,2,70,,55148,3355,0,9,2,30,,55139,3355,0,9,2,74,,55149,3355,0,9,2,30,,55140,3355,0,9,2,70,,55150,3355,0,9,2,30,,55141,3355,0,9,2,70,,55151,3355,0,9,2,30,,55142,3355,0,9,2,70,,55152,3355,0,9,2,30,,55143,3355,0,9,2,70,,55153,3355,0,9,2,30,,55144,3355,0,9,2,70,,55154,3355,0,9,2,30,,55145,3355,0,9,2,70,,55155,3355,0,9,2,30,,55135,3355,0,9,2,70,,55156,3355,0,9,2,30,,55136,3355,0,9,2,70,,55157,3355,0,9,2,30,,55137,3355,0,9,2,70,,55158,3355,0,9,2,100,,55159,3355,0,9,2,100,,55160,3355,0,9,2,100,,55161,3355,0,9,2,100,,55162,3355,0,9,2,100,,55163,3355,0,9,2,100,,55164,3355,0,9,2,100,,55165,3355,0,9,2
1900,'SE',545,,55176,3355,0,9,2,76,,55179,3355,0,9,2,27,,55181,3355,0,9,2,52,,55177,3355,0,9,2,12,,55174,3355,0,9,2,12,,55206,3355,0,9,2,15,,55170,3355,0,9,2,61,,55204,3355,0,9,2,20,,55178,3355,0,9,2,32,,55199,3355,0,9,2,74,,55193,3355,0,9,2,30,,55201,3355,0,9,2,70,,55194,3355,0,9,2,30,,55182,3355,0,9,2,70,,55195,3355,0,9,2,30,,55183,3355,0,9,2,70,,55196,3355,0,9,2,30,,45245,3355,0,9,2,70,,55197,3355,0,9,2,31,,45246,3355,0,9,2,70,,55198,3355,0,9,2,30,,55202,3355,0,9,2,67,,55175,3355,0,9,2,21,,55171,3355,0,9,2,62,,55203,3355,0,9,2,20,,55190,3355,0,9,2,21,,55205,3355,0,9,2,59,,55200,3355,0,9,2,17,,55188,3355,0,9,2,22,,55180,3355,0,9,2,60,,55207,3355,0,9,2,24,,55189,3355,0,9,2,26,,55191,3355,0,9,2,70,,55184,3355,0,9,2,30,,55192,3355,0,9,2,70,,55185,3355,0,9,2,30,,55172,3355,0,9,2,70,,55186,3355,0,9,2,30,,55173,3355,0,9,2,70,,55187,3355,0,9,2,100,,55167,3355,0,9,2,100,,55168,3355,0,9,2,100,,55169,3355,0,9,2
2100,'DI',559,,55641,3297,0,12 13,1,69,,55638,3297,0,12 13,1,30,,55648,3297,0,12 13,1,70,,55637,3297,0,12 13,1,31,,55645,3297,0,12 13,1,70,,55662,3297,0,12 13,1,30,,55635,3297,0,12 13,1,67,,55639,3297,0,12 13,1,33,,55642,3297,0,12 13,1,70,,55650,3297,0,12 13,1,72,,55640,3297,0,12 13,1,27,,55658,3297,0,12 13,1,31,,55631,3297,0,12 13,1,70,,55656,3297,0,12 13,1,30,,55649,3297,0,12 13,1,70,,55646,3297,0,12 13,1,30,,55654,3297,0,12 13,1,70,,55657,3297,0,12 13,1,30,,55643,3297,0,12 13,1,70,,55655,3297,0,12 13,1,30,,55632,3297,0,12 13,1,70,,55647,3297,0,12 13,1,30,,55661,3297,0,12 13,1,70,,55653,3297,0,12 13,1,30,,55651,3297,0,12 13,1,70,,55625,3297,0,12 13,1,30,,55644,3297,0,12 13,1,70,,55660,3297,0,12 13,1,30,,55633,3297,0,12 13,1,70,,55659,3297,0,12 13,1,30,,55622,3297,0,12 13,1,70,,55624,3297,0,12 13,1,30,,55652,3297,0,12 13,1,70,,55634,3297,0,12 13,1,30,,55627,3297,0,12 13,1,70,,55626,3297,0,12 13,1,30,,55628,3297,0,12 13,1,70,,55623,3297,0,12 13,1,30,,55636,3297,0,12 13,1
2100,'F1',559,,55682,3297,0,12 13,1,69,,55679,3297,0,12 13,1,30,,55689,3297,0,12 13,1,70,,55678,3297,0,12 13,1,31,,55686,3297,0,12 13,1,70,,55703,3297,0,12 13,1,30,,55676,3297,0,12 13,1,67,,55680,3297,0,12 13,1,33,,55683,3297,0,12 13,1,70,,55691,3297,0,12 13,1,72,,55681,3297,0,12 13,1,27,,55699,3297,0,12 13,1,31,,55672,3297,0,12 13,1,70,,55697,3297,0,12 13,1,30,,55690,3297,0,12 13,1,70,,55687,3297,0,12 13,1,30,,55695,3297,0,12 13,1,70,,55698,3297,0,12 13,1,30,,55684,3297,0,12 13,1,70,,55696,3297,0,12 13,1,30,,55673,3297,0,12 13,1,70,,55688,3297,0,12 13,1,30,,55702,3297,0,12 13,1,70,,55694,3297,0,12 13,1,30,,55692,3297,0,12 13,1,70,,55666,3297,0,12 13,1,30,,55685,3297,0,12 13,1,70,,55701,3297,0,12 13,1,30,,55674,3297,0,12 13,1,70,,55700,3297,0,12 13,1,30,,55663,3297,0,12 13,1,70,,55665,3297,0,12 13,1,30,,55693,3297,0,12 13,1,70,,55675,3297,0,12 13,1,30,,55668,3297,0,12 13,1,70,,55667,3297,0,12 13,1,30,,55669,3297,0,12 13,1,70,,55664,3297,0,12 13,1,30,,55677,3297,0,12 13,1
2100,'F2',559,,55738,3297,0,12 13,1,70,,55707,3297,0,12 13,1,30,,55728,3297,0,12 13,1,70,,55719,3297,0,12 13,1,30,,55709,3297,0,12 13,1,70,,55739,3297,0,12 13,1,30,,55734,3297,0,12 13,1,65,,55731,3297,0,12 13,1,31,,55723,3297,0,12 13,1,74,,55726,3297,0,12 13,1,73,,55732,3297,0,12 13,1,23,,55740,3297,0,12 13,1,34,,55716,3297,0,12 13,1,70,,55743,3297,0,12 13,1,30,,55735,3297,0,12 13,1,70,,55727,3297,0,12 13,1,30,,55710,3297,0,12 13,1,70,,55744,3297,0,12 13,1,30,,55736,3297,0,12 13,1,70,,55722,3297,0,12 13,1,30,,55711,3297,0,12 13,1,70,,55729,3297,0,12 13,1,30,,55737,3297,0,12 13,1,70,,55715,3297,0,12 13,1,30,,55712,3297,0,12 13,1,70,,55730,3297,0,12 13,1,30,,55741,3297,0,12 13,1,70,,55733,3297,0,12 13,1,30,,55704,3297,0,12 13,1,70,,55724,3297,0,12 13,1,30,,55713,3297,0,12 13,1,70,,55717,3297,0,12 13,1,30,,55720,3297,0,12 13,1,70,,55705,3297,0,12 13,1,30,,55742,3297,0,12 13,1,70,,55725,3297,0,12 13,1,30,,55721,3297,0,12 13,1,70,,55714,3297,0,12 13,1,29,,55718,3297,0,12 13,1
2100,'SA',559,,55779,3297,0,12 13,1,70,,55748,3297,0,12 13,1,30,,55769,3297,0,12 13,1,70,,55760,3297,0,12 13,1,30,,55750,3297,0,12 13,1,70,,55780,3297,0,12 13,1,30,,55775,3297,0,12 13,1,65,,55772,3297,0,12 13,1,31,,55764,3297,0,12 13,1,74,,55767,3297,0,12 13,1,73,,55773,3297,0,12 13,1,23,,55781,3297,0,12 13,1,34,,55757,3297,0,12 13,1,70,,55784,3297,0,12 13,1,30,,55776,3297,0,12 13,1,70,,55768,3297,0,12 13,1,30,,55751,3297,0,12 13,1,70,,55785,3297,0,12 13,1,30,,55777,3297,0,12 13,1,70,,55763,3297,0,12 13,1,30,,55752,3297,0,12 13,1,70,,55770,3297,0,12 13,1,30,,55778,3297,0,12 13,1,70,,55756,3297,0,12 13,1,30,,55753,3297,0,12 13,1,70,,55771,3297,0,12 13,1,30,,55782,3297,0,12 13,1,70,,55774,3297,0,12 13,1,30,,55745,3297,0,12 13,1,70,,55765,3297,0,12 13,1,30,,55754,3297,0,12 13,1,70,,55758,3297,0,12 13,1,30,,55761,3297,0,12 13,1,70,,55746,3297,0,12 13,1,30,,55783,3297,0,12 13,1,70,,55766,3297,0,12 13,1,30,,55762,3297,0,12 13,1,70,,55755,3297,0,12 13,1,29,,55759,3297,0,12 13,1
2100,'SE',544,,55787,3297,0,12 13,1,12,,45634,3297,0,12 13,1,50,,55812,3297,0,12 13,1,20,,55788,3297,0,12 13,1,14,,55813,3297,0,12 13,1,64,,45638,3297,0,12 13,1,12,,55803,3297,0,12 13,1,17,,55814,3297,0,12 13,1,23,,55816,3297,0,12 13,1,60,,55817,3297,0,12 13,1,20,,55811,3297,0,12 13,1,21,,55792,3297,0,12 13,1,69,,55789,3297,0,12 13,1,32,,55791,3297,0,12 13,1,70,,55786,3297,0,12 13,1,30,,55790,3297,0,12 13,1,70,,55804,3297,0,12 13,1,30,,55818,3297,0,12 13,1,70,,55805,3297,0,12 13,1,30,,55822,3297,0,12 13,1,70,,55794,3297,0,12 13,1,28,,55819,3297,0,12 13,1,76,,55833,3297,0,12 13,1,10,,55806,3297,0,12 13,1,17,,55831,3297,0,12 13,1,55,,55815,3297,0,12 13,1,15,,55795,3297,0,12 13,1,15,,55824,3297,0,12 13,1,15,,55820,3297,0,12 13,1,56,,55807,3297,0,12 13,1,19,,55828,3297,0,12 13,1,18,,55832,3297,0,12 13,1,50,,55799,3297,0,12 13,1,13,,55827,3297,0,12 13,1,15,,55796,3297,0,12 13,1,14,,55825,3297,0,12 13,1,15,,55821,3297,0,12 13,1,55,,55808,3297,0,12 13,1,20,,55829,3297,0,12 13,1,20,,55801,3297,0,12 13,1,59,,55823,3297,0,12 13,1,30,,55826,3297,0,12 13,1,70,,55809,3297,0,12 13,1,30,,55810,3297,0,12 13,1,70,,55797,3297,0,12 13,1,100,,55834,3297,0,12 13,1,100,,55830,3297,0,12 13,1,100,,55798,3297,0,12 13,1,100,,55802,3297,0,12 13,1
7700,'DI',712,,59947,4956,,,1,100,,59949,4956,,,1,100,,59948,4956,,,1,100,,59950,4956,,,1,100,,59951,4956,,,1,100,,59953,4956,,,1,100,,59952,4956,,,1,100,,59954,4956,,,1,100,,59945,4956,,,1,100,,59955,4956,,,1,100,,59946,4956,,,1,100,,59956,4956,,,1,99,,59957,4956,,,1,100,,59959,4956,,,1,100,,59958,4956,,,1
7700,'F1',712,,59962,4956,,,1,100,,59964,4956,,,1,100,,59963,4956,,,1,100,,59965,4956,,,1,100,,59966,4956,,,1,100,,59968,4956,,,1,100,,59967,4956,,,1,100,,59969,4956,,,1,100,,59960,4956,,,1,100,,59970,4956,,,1,100,,59961,4956,,,1,100,,59971,4956,,,1,99,,59972,4956,,,1,100,,59974,4956,,,1,100,,59973,4956,,,1
7700,'F2',712,,59975,4956,,,1,100,,59977,4956,,,1,100,,59976,4956,,,1,100,,59978,4956,,,1,100,,59980,4956,,,1,100,,59979,4956,,,1,100,,59981,4956,,,1,97,,59982,4956,,,1,103,,59983,4956,,,1,99,,59985,4956,,,1,101,,59984,4956,,,1,100,,59986,4956,,,1,99,,59987,4956,,,1,100,,59989,4956,,,1,100,,59988,4956,,,1
7700,'SA',712,,59990,4956,,,1,100,,59992,4956,,,1,100,,59991,4956,,,1,100,,59993,4956,,,1,100,,59995,4956,,,1,100,,59994,4956,,,1,100,,59996,4956,,,1,97,,59997,4956,,,1,103,,59998,4956,,,1,99,,60000,4956,,,1,101,,59999,4956,,,1,100,,60001,4956,,,1,99,,60002,4956,,,1,100,,60004,4956,,,1,100,,60003,4956,,,1
7700,'SE',600,,60026,4956,,,1,37,,60025,4956,,,1,76,,60027,4956,,,1,26,,60005,4956,,,1,71,,60007,4956,,,1,31,,60009,4956,,,1,70,,60028,4956,,,1,30,,60006,4956,,,1,70,,60008,4956,,,1,30,,60010,4956,,,1,72,,60029,4956,,,1,29,,60030,4956,,,1,71,,60031,4956,,,1,33,,60011,4956,,,1,70,,60032,4956,,,1,30,,60014,4956,,,1,68,,60020,4956,,,1,30,,60012,4956,,,1,60,,60036,4956,,,1,20,,60033,4956,,,1,5,,60042,4956,,,1,15,,60015,4956,,,1,59,,60023,4956,,,1,18,,60021,4956,,,1,18,,60039,4956,,,1,18,,60013,4956,,,1,56,,60017,4956,,,1,20,,60037,4956,,,1,20,,60016,4956,,,1,58,,60024,4956,,,1,2,,60034,4956,,,1,19,,60022,4956,,,1,17,,60040,4956,,,1,70,,60018,4956,,,1,32,,60038,4956,,,1,71,,60035,4956,,,1,28,,60041,4956,,,1,70,,60019,4956,,,1
42100,'SE',636,,62805,3297,0,12 13,1,71,,62796,3297,0,12 13,1,17,,62803,3297,0,12 13,1,722,,62799,3297,0,12 13,1,62,,62806,3297,0,12 13,1,30,,62804,3297,0,12 13,1,70,,62802,3297,0,12 13,1,31,,62800,3297,0,12 13,1,70,,62801,3297,0,12 13,1
90100,'DI',642,,63623,3355,,,1,72,,63616,3355,,,1,32,,63607,3355,,,1,68,,63612,3355,,,1,30,,63610,3355,,,1,67,,63626,3355,,,1,31,,63624,3355,,,1,68,,63622,3355,,,1,31,,63613,3355,,,1,71,,63629,3355,,,1,28,,63619,3355,,,1,70,,63627,3355,,,1,29,,63601,3355,,,1,65,,63614,3355,,,1,34,,63608,3355,,,1,70,,63599,3355,,,1,31,,63628,3355,,,1,70,,63604,3355,,,1,30,,63618,3355,,,1,68,,63611,3355,,,1,32,,63600,3355,,,1,72,,63625,3355,,,1,35,,63609,3355,,,1,70,,63617,3355,,,1,35,,63606,3355,,,1,100,,63620,3355,,,1,100,,63602,3355,,,1,100,,63605,3355,,,1,100,,63615,3355,,,1,100,,63621,3355,,,1,100,,63603,3355,,,1
90100,'F1',642,,63654,3355,,,1,72,,63647,3355,,,1,32,,63638,3355,,,1,68,,63643,3355,,,1,30,,63641,3355,,,1,67,,63657,3355,,,1,31,,63655,3355,,,1,68,,63653,3355,,,1,31,,63644,3355,,,1,71,,63660,3355,,,1,28,,63650,3355,,,1,70,,63658,3355,,,1,29,,63632,3355,,,1,65,,63645,3355,,,1,34,,63639,3355,,,1,70,,63630,3355,,,1,31,,63659,3355,,,1,70,,63635,3355,,,1,30,,63649,3355,,,1,68,,63642,3355,,,1,32,,63631,3355,,,1,72,,63656,3355,,,1,35,,63640,3355,,,1,70,,63648,3355,,,1,35,,63637,3355,,,1,100,,63651,3355,,,1,100,,63633,3355,,,1,100,,63636,3355,,,1,100,,63646,3355,,,1,100,,63652,3355,,,1,100,,63634,3355,,,1
90100,'F2',642,,63686,3355,,,1,72,,63680,3355,,,1,32,,63678,3355,,,1,68,,63683,3355,,,1,30,,63688,3355,,,1,67,,63666,3355,,,1,31,,63679,3355,,,1,68,,63687,3355,,,1,31,,63681,3355,,,1,71,,63689,3355,,,1,28,,63671,3355,,,1,70,,63668,3355,,,1,29,,63661,3355,,,1,65,,63675,3355,,,1,34,,63690,3355,,,1,70,,63672,3355,,,1,31,,63669,3355,,,1,70,,63662,3355,,,1,30,,63664,3355,,,1,68,,63684,3355,,,1,32,,63673,3355,,,1,72,,63667,3355,,,1,35,,63676,3355,,,1,70,,63663,3355,,,1,35,,63691,3355,,,1,100,,63670,3355,,,1,100,,63682,3355,,,1,100,,63674,3355,,,1,100,,63665,3355,,,1,100,,63685,3355,,,1,100,,63677,3355,,,1
90100,'SA',642,,63717,3355,,,1,72,,63711,3355,,,1,32,,63709,3355,,,1,68,,63714,3355,,,1,30,,63719,3355,,,1,67,,63697,3355,,,1,31,,63710,3355,,,1,68,,63718,3355,,,1,31,,63712,3355,,,1,71,,63720,3355,,,1,28,,63702,3355,,,1,70,,63699,3355,,,1,29,,63692,3355,,,1,65,,63706,3355,,,1,34,,63721,3355,,,1,70,,63703,3355,,,1,31,,63700,3355,,,1,70,,63693,3355,,,1,30,,63695,3355,,,1,68,,63715,3355,,,1,32,,63704,3355,,,1,72,,63698,3355,,,1,35,,63707,3355,,,1,70,,63694,3355,,,1,35,,63722,3355,,,1,100,,63701,3355,,,1,100,,63713,3355,,,1,100,,63705,3355,,,1,100,,63696,3355,,,1,100,,63716,3355,,,1,100,,63708,3355,,,1
90100,'SE',528,,63749,3355,,,1,80,,63758,3355,,,1,30,,63755,3355,,,1,75,,63756,3355,,,1,37,,63752,3355,,,1,75,,63731,3355,,,1,20,,63759,3355,,,1,60,,63733,3355,,,1,20,,63728,3355,,,1,20,,63757,3355,,,1,60,,63764,3355,,,1,20,,63723,3355,,,1,20,,63727,3355,,,1,60,,63732,3355,,,1,20,,63730,3355,,,1,20,,63734,3355,,,1,60,,63729,3355,,,1,20,,63767,3355,,,1,20,,63765,3355,,,1,60,,63735,3355,,,1,20,,63750,3355,,,1,20,,63762,3355,,,1,60,,63766,3355,,,1,20,,63736,3355,,,1,20,,63760,3355,,,1,63,,63768,3355,,,1,15,,63748,3355,,,1,15,,63771,3355,,,1,15,,63751,3355,,,1,57,,63774,3355,,,1,10,,63738,3355,,,1,10,,63776,3355,,,1,10,,63742,3355,,,1,10,,63724,3355,,,1,9,,63737,3355,,,1,50,,63754,3355,,,1,9,,63761,3355,,,1,10,,63763,3355,,,1,10,,63753,3355,,,1,10,,63769,3355,,,1,55,,63744,3355,,,1,15,,63772,3355,,,1,15,,63726,3355,,,1,15,,63739,3355,,,1,55,,63773,3355,,,1,20,,63770,3355,,,1,26,,63777,3355,,,1,70,,63741,3355,,,1,30,,63745,3355,,,1,70,,63746,3355,,,1,30,,63725,3355,,,1,70,,63778,3355,,,1,30,,63740,3355,,,1,70,,63743,3355,,,1,100,,63747,3355,,,1,100,,63775,3355,,,1
