400,'DI',634,,52302,3092,,,1,70,,52320,3092,,,1,30,,52312,3092,,,1,70,,52310,3092,,,1,32,,52303,3092,,,1,70,,52321,3092,,,1,32,,52313,3092,,,1,70,,52323,3092,,,1,30,,52304,3092,,,1,71,,52322,3092,,,1,30,,52314,3092,,,1,67,,52324,3092,,,1,31,,52305,3092,,,1,72,,52329,3092,,,1,30,,52327,3092,,,1,68,,52317,3092,,,1,31,,52306,3092,,,1,69,,52325,3092,,,1,30,,52330,3092,,,1,72,,52315,3092,,,1,30,,52307,3092,,,1,70,,52326,3092,,,1,30,,52331,3092,,,1,72,,52316,3092,,,1,28,,52318,3092,,,1,70,,52332,3092,,,1,30,,52328,3092,,,1,70,,52333,3092,,,1,30,,52319,3092,,,1,70,,52311,3092,,,1,30,,52334,3092,,,1,70,,52336,3092,,,1,100,,52335,3092,,,1,100,,52308,3092,,,1
400,'F2',634,,52391,3092,,,1,70,,52375,3092,,,1,30,,52380,3092,,,1,70,,52374,3092,,,1,32,,52392,3092,,,1,70,,52376,3092,,,1,32,,52381,3092,,,1,71,,52383,3092,,,1,30,,52393,3092,,,1,70,,52377,3092,,,1,30,,52382,3092,,,1,70,,52399,3092,,,1,30,,52397,3092,,,1,70,,52372,3092,,,1,30,,52384,3092,,,1,70,,52390,3092,,,1,30,,52385,3092,,,1,70,,52395,3092,,,1,30,,52378,3092,,,1,70,,52398,3092,,,1,30,,52394,3092,,,1,70,,52379,3092,,,1,30,,52387,3092,,,1,70,,52389,3092,,,1,30,,52401,3092,,,1,70,,52386,3092,,,1,30,,52404,3092,,,1,70,,52402,3092,,,1,30,,52403,3092,,,1,70,,52396,3092,,,1,30,,52405,3092,,,1,70,,52406,3092,,,1,100,,52400,3092,,,1,100,,52388,3092,,,1
400,'SA',634,,52426,3092,,,1,70,,52410,3092,,,1,30,,52415,3092,,,1,70,,52409,3092,,,1,32,,52427,3092,,,1,70,,52411,3092,,,1,32,,52416,3092,,,1,71,,52418,3092,,,1,30,,52428,3092,,,1,70,,52412,3092,,,1,30,,52417,3092,,,1,70,,52434,3092,,,1,30,,52432,3092,,,1,70,,52407,3092,,,1,30,,52419,3092,,,1,70,,52425,3092,,,1,30,,52420,3092,,,1,70,,52430,3092,,,1,30,,52413,3092,,,1,70,,52433,3092,,,1,30,,52429,3092,,,1,70,,52414,3092,,,1,30,,52422,3092,,,1,70,,52424,3092,,,1,30,,52436,3092,,,1,70,,52421,3092,,,1,30,,52439,3092,,,1,70,,52437,3092,,,1,30,,52438,3092,,,1,70,,52431,3092,,,1,30,,52440,3092,,,1,70,,52441,3092,,,1,100,,52435,3092,,,1,100,,52423,3092,,,1
400,'SE',600,,52468,3092,,,1,20,,52475,3092,,,1,15,,52476,3092,,,1,20,,52467,3092,,,1,66,,52478,3092,,,1,18,,52470,3092,,,1,64,,52479,3092,,,1,11,,52483,3092,,,1,32,,52474,3092,,,1,13,,52453,3092,,,1,63,,52442,3092,,,1,31,,52455,3092,,,1,70,,52447,3092,,,1,30,,52448,3092,,,1,70,,52449,3092,,,1,30,,52451,3092,,,1,70,,52460,3092,,,1,30,,52461,3092,,,1,70,,52450,3092,,,1,29,,52446,3092,,,1,69,,52443,3092,,,1,31,,52477,3092,,,1,66,,52482,3092,,,1,34,,52480,3092,,,1,71,,52471,3092,,,1,30,,52472,3092,,,1,70,,52481,3092,,,1,24,,52459,3092,,,1,60,,52454,3092,,,1,34,,52464,3092,,,1,74,,52457,3092,,,1,30,,52444,3092,,,1,70,,52463,3092,,,1,30,,52465,3092,,,1,70,,52462,3092,,,1,30,,52452,3092,,,1,69,,52458,3092,,,1,30,,52466,3092,,,1,100,,52456,3092,,,1,100,,52445,3092,,,1
3200,'DI',606,,56554,3092,0,44,1,101,,56555,3092,0,44,1,99,,56556,3092,0,44,1,101,,56562,3092,0,44,1,100,,56561,3092,0,44,1,100,,56557,3092,0,44,1,101,,56558,3092,0,44,1,100,,56565,3092,0,44,1,98,,56563,3092,0,44,1,104,,56559,3092,0,44,1,96,,56566,3092,0,44,1,101,,56564,3092,0,44,1,100,,56567,3092,0,44,1,100,,56570,3092,0,44,1,100,,56568,3092,0,44,1,100,,56572,3092,0,44,1,100,,56571,3092,0,44,1,100,,56569,3092,0,44,1,100,,56573,3092,0,44,1,100,,56560,3092,0,44,1
3200,'F2',606,,56595,3092,0,44,1,101,,56596,3092,0,44,1,96,,56601,3092,0,44,1,102,,56603,3092,0,44,1,101,,56594,3092,0,44,1,101,,56602,3092,0,44,1,99,,56604,3092,0,44,1,103,,56605,3092,0,44,1,102,,56607,3092,0,44,1,97,,56597,3092,0,44,1,98,,56606,3092,0,44,1,101,,56608,3092,0,44,1,100,,56598,3092,0,44,1,100,,56609,3092,0,44,1,100,,56613,3092,0,44,1,100,,56611,3092,0,44,1,100,,56610,3092,0,44,1,100,,56599,3092,0,44,1,100,,56612,3092,0,44,1,100,,56600,3092,0,44,1
3200,'SA',606,,56615,3092,0,44,1,101,,56616,3092,0,44,1,96,,56621,3092,0,44,1,102,,56623,3092,0,44,1,101,,56614,3092,0,44,1,101,,56622,3092,0,44,1,99,,56624,3092,0,44,1,103,,56625,3092,0,44,1,102,,56627,3092,0,44,1,97,,56617,3092,0,44,1,98,,56626,3092,0,44,1,101,,56628,3092,0,44,1,100,,56618,3092,0,44,1,100,,56629,3092,0,44,1,100,,56633,3092,0,44,1,100,,56631,3092,0,44,1,100,,56630,3092,0,44,1,100,,56619,3092,0,44,1,100,,56632,3092,0,44,1,100,,56620,3092,0,44,1
3200,'SE',616,,56649,3092,,,1,32,,56650,3092,,,1,64,,56655,3092,,,1,31,,56648,3092,,,1,76,,56658,3092,,,1,20,,56634,3092,0,44,1,96,,56641,3092,0,44,1,100,,56636,3092,0,44,1,100,,56647,3092,0,44,1,100,,56640,3092,0,44,1,100,,56642,3092,0,44,1,104,,56644,3092,0,44,1,104,,56656,3092,,,1,68,,56654,3092,,,1,30,,56652,3092,,,1,71,,56657,3092,,,1,25,,56651,3092,,,1,74,,56659,3092,,,1,25,,56653,3092,,,1,74,,56645,3092,0,44,1,30,,56639,3092,0,44,1,100,,56643,3092,0,44,1,100,,56646,3092,0,44,1,100,,56635,3092,0,44,1,100,,56637,3092,0,44,1,101,,56638,3092,0,44,1
53201,'SE',902,,63438,1999,,,2,1,,63439,1999,,,2
64000,'SE',1629,,63503,7816,,,2,1,,63504,7816,,,2,1,,63505,7816,,,2
64001,'SE',839,,63508,3522,,,2,1,,63507,3522,,,2,1,,63506,3522,,,2
69700,'SE',1642,,63595,10601,,,2,1,,63596,10601,,,2
69701,'SE',839,,63598,4247,,,2,1,,63597,4247,,,2
