2201,'SE',532,,45814,1426,,,2,92,,45816,1426,,,2,25,,45815,1426,,,2,70,,45818,1426,,,2,30,,45817,1426,,,2,908,,45819,1426,,,2,80,,45820,1426,,,2,20,,45813,1426,,,2
2501,'DI',1558,,27599,7193,,,2
2501,'F1',1558,,45883,7193,,,2
2501,'F2',1558,,45884,7193,,,2
2501,'F8',1558,,27634,7193,,,2
2501,'F9',1558,,27635,7193,,,2
2501,'SA',1558,,27636,7193,,,2
2501,'SE',636,,45908,5557,,,2,75,,45912,7193,,,2,30,,45911,7193,,,2,66,,45898,5557,,,2,30,,45885,5557,,,2,68,,45900,5557,,,2,505,,45890,5557,,,2,30,,45901,5557,,,2,71,,45887,5557,,,2,31,,45914,7193,,,2,59,,45910,7193,,,2,12,,45913,7193,,,2,9,,45906,5557,,,2,19,,45889,5557,,,2,14,,45888,5557,,,2,58,,45892,5557,,,2,28,,45902,5557,,,2,68,,45886,5557,,,2,29,,45893,5557,,,2,99,,45896,5557,,,2,385,,45909,5557,,,2,86,,45915,7193,,,2,13,,45904,5557,,,2,35,,45905,5557,,,2
16101,'DI',603,,38767,6148,,,2,30,,38758,1426,,,2,70,,38755,1426,,,2,30,,38765,1426,,,2,70,,38759,1426,,,2,30,,38760,1426,,,2,70,,38762,1426,,,2,702,,38756,1426,,,2,28,,38761,1426,,,2,72,,38757,1426,,,2,30,,38766,6148,,,2,70,,38764,1426,,,2,32,,38763,1426,,,2
16101,'F1',603,,50378,6148,,,2,30,,50369,1426,,,2,70,,50366,1426,,,2,30,,50376,1426,,,2,70,,50370,1426,,,2,30,,50371,1426,,,2,70,,50373,1426,,,2,702,,50367,1426,,,2,28,,50372,1426,,,2,72,,50368,1426,,,2,30,,50377,6148,,,2,70,,50375,1426,,,2,32,,50374,1426,,,2
16101,'F2',603,,50390,6148,,,2,30,,50386,1426,,,2,70,,50383,1426,,,2,30,,50384,1426,,,2,70,,50381,1426,,,2,30,,50387,1426,,,2,70,,50385,1426,,,2,700,,50382,1426,,,2,31,,50379,1426,,,2,71,,50388,1426,,,2,30,,50391,6148,,,2,71,,50380,1426,,,2,31,,50389,1426,,,2
16101,'F8',603,,38824,6148,,,2,30,,38820,1426,,,2,70,,38817,1426,,,2,30,,38818,1426,,,2,70,,38815,1426,,,2,30,,38821,1426,,,2,70,,38819,1426,,,2,700,,38816,1426,,,2,31,,38813,1426,,,2,71,,38822,1426,,,2,30,,38825,6148,,,2,71,,38814,1426,,,2,31,,38823,1426,,,2
16101,'F9',603,,38838,6148,,,2,30,,38829,1426,,,2,70,,38826,1426,,,2,30,,38836,1426,,,2,70,,38830,1426,,,2,30,,38831,1426,,,2,70,,38833,1426,,,2,702,,38827,1426,,,2,28,,38832,1426,,,2,72,,38828,1426,,,2,30,,38837,6148,,,2,70,,38835,1426,,,2,32,,38834,1426,,,2
16101,'SA',603,,38849,6148,,,2,30,,17011,1426,,,2,70,,38843,1426,,,2,30,,38844,1426,,,2,70,,38841,1426,,,2,30,,38846,1426,,,2,70,,38845,1426,,,2,700,,38842,1426,,,2,31,,38839,1426,,,2,71,,38847,1426,,,2,30,,38850,6148,,,2,71,,38840,1426,,,2,31,,38848,1426,,,2
16101,'SE',558,,50396,1426,,,2,60,,50398,1426,,,2,22,,50408,6148,,,2,60,,50397,1426,,,2,13,,50406,6148,,,2,17,,50392,1426,,,2,16,,50409,6148,,,2,56,,50393,1426,,,2,23,,50401,1426,,,2,21,,50400,1426,,,2,57,,50399,1426,,,2,20,,50402,1426,,,2,325,,50407,6148,,,2,372,,50410,6148,,,2,15,,50394,1426,,,2,21,,50405,6148,,,2,60,,50403,1426,,,2,18,,50411,6148,,,2,21,,50395,1426,,,2,60,,50404,1426,,,2
