1000,'DI',639,,23472,5451,,,1,70,,23499,5451,,,1,30,,23497,5451,,,1,70,,23490,5451,,,1,38,,23473,5451,,,1,70,,23491,5451,,,1,30,,23474,5451,,,1,70,,23492,5451,,,1,30,,23475,5451,,,1,70,,23493,5451,,,1,30,,23476,5451,,,1,70,,23494,5451,,,1,30,,23477,5451,,,1,70,,23495,5451,,,1,30,,23478,5451,,,1,70,,23496,5451,,,1,30,,23479,5451,,,1,70,,23500,5451,,,1,30,,23480,5451,,,1,70,,23501,5451,,,1,30,,23481,5451,,,1,70,,23502,5451,,,1,30,,23482,5451,,,1,70,,23503,5451,,,1,41,,23483,5451,,,1,100,,23484,5451,,,1,100,,23485,5451,,,1,100,,23486,5451,,,1,100,,23487,5451,,,1,100,,23488,5451,,,1,100,,23489,5451,,,1
1000,'F1',639,,44325,5451,,,1,70,,44352,5451,,,1,30,,44350,5451,,,1,70,,44343,5451,,,1,38,,44326,5451,,,1,70,,44344,5451,,,1,30,,44327,5451,,,1,70,,44345,5451,,,1,30,,44328,5451,,,1,70,,44346,5451,,,1,30,,44329,5451,,,1,70,,44347,5451,,,1,30,,44330,5451,,,1,70,,44348,5451,,,1,30,,44331,5451,,,1,70,,44349,5451,,,1,30,,44332,5451,,,1,70,,44353,5451,,,1,30,,44333,5451,,,1,70,,44354,5451,,,1,30,,44334,5451,,,1,70,,44355,5451,,,1,30,,44335,5451,,,1,70,,44356,5451,,,1,41,,44336,5451,,,1,100,,44337,5451,,,1,100,,44338,5451,,,1,100,,44339,5451,,,1,100,,44340,5451,,,1,100,,44341,5451,,,1,100,,44342,5451,,,1
1000,'F2',609,,44368,5451,,,1,30,,44363,5451,,,1,70,,44357,5451,,,1,30,,44370,5451,,,1,70,,44369,5451,,,1,38,,44379,5451,,,1,70,,44378,5451,,,1,30,,44380,5451,,,1,70,,44386,5451,,,1,30,,44381,5451,,,1,70,,44387,5451,,,1,30,,44371,5451,,,1,71,,44388,5451,,,1,30,,44372,5451,,,1,70,,44389,5451,,,1,30,,44373,5451,,,1,70,,44358,5451,,,1,30,,44374,5451,,,1,70,,44359,5451,,,1,30,,44375,5451,,,1,70,,44360,5451,,,1,29,,44376,5451,,,1,71,,44361,5451,,,1,30,,44377,5451,,,1,70,,44362,5451,,,1,41,,44382,5451,,,1,100,,44383,5451,,,1,100,,44384,5451,,,1,100,,44385,5451,,,1,100,,44364,5451,,,1,100,,44365,5451,,,1,100,,44366,5451,,,1
1000,'F8',609,,23581,5451,,,1,30,,23576,5451,,,1,70,,23570,5451,,,1,30,,23583,5451,,,1,70,,23582,5451,,,1,38,,23592,5451,,,1,70,,23591,5451,,,1,30,,23593,5451,,,1,70,,23599,5451,,,1,30,,23594,5451,,,1,70,,23600,5451,,,1,30,,23584,5451,,,1,71,,23601,5451,,,1,30,,23585,5451,,,1,70,,23602,5451,,,1,30,,23586,5451,,,1,70,,23571,5451,,,1,30,,23587,5451,,,1,70,,23572,5451,,,1,30,,23588,5451,,,1,70,,23573,5451,,,1,29,,23589,5451,,,1,71,,23574,5451,,,1,30,,23590,5451,,,1,70,,23575,5451,,,1,41,,23595,5451,,,1,100,,23596,5451,,,1,100,,23597,5451,,,1,100,,23598,5451,,,1,100,,23577,5451,,,1,100,,23578,5451,,,1,100,,23579,5451,,,1
1000,'F9',639,,23603,5451,,,1,70,,23630,5451,,,1,30,,23628,5451,,,1,70,,23621,5451,,,1,38,,23604,5451,,,1,70,,23622,5451,,,1,30,,23605,5451,,,1,70,,23623,5451,,,1,30,,23606,5451,,,1,70,,23624,5451,,,1,30,,23607,5451,,,1,70,,23625,5451,,,1,30,,23608,5451,,,1,70,,23626,5451,,,1,30,,23609,5451,,,1,70,,23627,5451,,,1,30,,23610,5451,,,1,70,,23631,5451,,,1,30,,23611,5451,,,1,70,,23632,5451,,,1,30,,23612,5451,,,1,70,,23633,5451,,,1,30,,23613,5451,,,1,70,,23634,5451,,,1,41,,23614,5451,,,1,100,,23615,5451,,,1,100,,23616,5451,,,1,100,,23617,5451,,,1,100,,23618,5451,,,1,100,,23619,5451,,,1,100,,23620,5451,,,1
1000,'SA',609,,23646,5451,,,1,30,,23641,5451,,,1,70,,23635,5451,,,1,30,,23648,5451,,,1,70,,23647,5451,,,1,38,,23657,5451,,,1,70,,23656,5451,,,1,30,,23658,5451,,,1,70,,23664,5451,,,1,30,,23659,5451,,,1,70,,23665,5451,,,1,30,,23649,5451,,,1,71,,23666,5451,,,1,30,,23650,5451,,,1,70,,23667,5451,,,1,30,,23651,5451,,,1,70,,23636,5451,,,1,30,,23652,5451,,,1,70,,23637,5451,,,1,30,,23653,5451,,,1,70,,23638,5451,,,1,29,,23654,5451,,,1,71,,23639,5451,,,1,30,,23655,5451,,,1,70,,23640,5451,,,1,41,,23660,5451,,,1,100,,23661,5451,,,1,100,,23662,5451,,,1,100,,23663,5451,,,1,100,,23642,5451,,,1,100,,23643,5451,,,1,100,,23644,5451,,,1
1700,'DI',631,,25381,5340,,,1,100,,25366,5340,,,1,70,,25372,5340,,,1,30,,25379,5340,,,1,70,,25392,5340,,,1,30,,25382,5340,,,1,70,,25387,5340,,,1,30,,25367,5340,,,1,70,,25389,5340,,,1,30,,25377,5340,,,1,70,,25385,5340,,,1,30,,25393,5340,,,1,70,,25373,5340,,,1,30,,25388,5340,,,1,70,,25378,5340,,,1,30,,25376,5340,,,1,70,,25391,5340,,,1,29,,25383,5340,,,1,70,,25368,5340,,,1,31,,25375,5340,,,1,70,,25369,5340,,,1,30,,25364,5340,,,1,71,,25370,5340,,,1,30,,25363,5340,,,1,99,,25390,5340,,,1,100,,25384,5340,,,1,100,,25371,5340,,,1,100,,25386,5340,,,1,100,,25374,5340,,,1,100,,25365,5340,,,1,100,,25380,5340,,,1
1700,'F1',631,,45060,5340,,,1,100,,45045,5340,,,1,70,,45051,5340,,,1,30,,45058,5340,,,1,70,,45071,5340,,,1,30,,45061,5340,,,1,70,,45066,5340,,,1,30,,45046,5340,,,1,70,,45068,5340,,,1,30,,45056,5340,,,1,70,,45064,5340,,,1,30,,45072,5340,,,1,70,,45052,5340,,,1,30,,45067,5340,,,1,70,,45057,5340,,,1,30,,45055,5340,,,1,70,,45070,5340,,,1,29,,45062,5340,,,1,70,,45047,5340,,,1,31,,45054,5340,,,1,70,,45048,5340,,,1,30,,45043,5340,,,1,71,,45049,5340,,,1,30,,45042,5340,,,1,99,,45069,5340,,,1,100,,45063,5340,,,1,100,,45050,5340,,,1,100,,45065,5340,,,1,100,,45053,5340,,,1,100,,45044,5340,,,1,100,,45059,5340,,,1
1700,'F2',631,,45093,5340,,,1,100,,45102,5340,,,1,70,,45076,5340,,,1,30,,45088,5340,,,1,70,,45099,5340,,,1,30,,45086,5340,,,1,70,,45075,5340,,,1,30,,45094,5340,,,1,70,,45077,5340,,,1,30,,45081,5340,,,1,70,,45073,5340,,,1,30,,45083,5340,,,1,70,,45089,5340,,,1,30,,45095,5340,,,1,70,,45100,5340,,,1,30,,45082,5340,,,1,70,,45101,5340,,,1,30,,45090,5340,,,1,70,,45097,5340,,,1,29,,45096,5340,,,1,70,,45078,5340,,,1,31,,45080,5340,,,1,70,,45079,5340,,,1,31,,45084,5340,,,1,99,,45098,5340,,,1,100,,45091,5340,,,1,100,,45087,5340,,,1,100,,45085,5340,,,1,100,,45074,5340,,,1,100,,45103,5340,,,1,100,,45092,5340,,,1
1700,'F8',631,,25476,5340,,,1,100,,25485,5340,,,1,70,,25459,5340,,,1,30,,25471,5340,,,1,70,,25482,5340,,,1,30,,25469,5340,,,1,70,,25458,5340,,,1,30,,25477,5340,,,1,70,,25460,5340,,,1,30,,25464,5340,,,1,70,,25456,5340,,,1,30,,25466,5340,,,1,70,,25472,5340,,,1,30,,25478,5340,,,1,70,,25483,5340,,,1,30,,25465,5340,,,1,70,,25484,5340,,,1,30,,25473,5340,,,1,70,,25480,5340,,,1,29,,25479,5340,,,1,70,,25461,5340,,,1,31,,25463,5340,,,1,70,,25462,5340,,,1,31,,25467,5340,,,1,99,,25481,5340,,,1,100,,25474,5340,,,1,100,,25470,5340,,,1,100,,25468,5340,,,1,100,,25457,5340,,,1,100,,25486,5340,,,1,100,,25475,5340,,,1
1700,'F9',631,,25505,5340,,,1,100,,25490,5340,,,1,70,,25496,5340,,,1,30,,25503,5340,,,1,70,,25516,5340,,,1,30,,25506,5340,,,1,70,,25511,5340,,,1,30,,25491,5340,,,1,70,,25513,5340,,,1,30,,25501,5340,,,1,70,,25509,5340,,,1,30,,25517,5340,,,1,70,,25497,5340,,,1,30,,25512,5340,,,1,70,,25502,5340,,,1,30,,25500,5340,,,1,70,,25515,5340,,,1,29,,25507,5340,,,1,70,,25492,5340,,,1,31,,25499,5340,,,1,70,,25493,5340,,,1,30,,25488,5340,,,1,71,,25494,5340,,,1,30,,25487,5340,,,1,99,,25514,5340,,,1,100,,25508,5340,,,1,100,,25495,5340,,,1,100,,25510,5340,,,1,100,,25498,5340,,,1,100,,25489,5340,,,1,100,,25504,5340,,,1
1700,'SA',631,,25536,5340,,,1,100,,25545,5340,,,1,70,,25521,5340,,,1,30,,4923,5340,,,1,70,,25542,5340,,,1,30,,25531,5340,,,1,70,,25520,5340,,,1,30,,25537,5340,,,1,70,,25522,5340,,,1,30,,25526,5340,,,1,70,,25518,5340,,,1,30,,25528,5340,,,1,70,,25533,5340,,,1,30,,25538,5340,,,1,70,,25543,5340,,,1,30,,25527,5340,,,1,70,,25544,5340,,,1,30,,25534,5340,,,1,70,,25540,5340,,,1,29,,25539,5340,,,1,70,,25523,5340,,,1,31,,25525,5340,,,1,70,,25524,5340,,,1,31,,25529,5340,,,1,99,,25541,5340,,,1,100,,4934,5340,,,1,100,,25532,5340,,,1,100,,25530,5340,,,1,100,,25519,5340,,,1,100,,25546,5340,,,1,100,,25535,5340,,,1
7600,'SE',609,,48783,5806,,,1,21,,48784,5806,,,1,20,,48780,5806,,,1,68,,48764,5806,,,1,13,,48767,5806,,,1,20,,48770,5806,,,1,63,,48800,5806,,,1,27,,48768,5806,,,1,71,,48771,5806,,,1,30,,48762,5806,,,1,70,,48781,5806,,,1,30,,48773,5806,,,1,70,,48769,5806,,,1,30,,48765,5806,,,1,70,,48763,5806,,,1,30,,48802,5806,,,1,70,,48760,5806,,,1,30,,48782,5806,,,1,71,,48766,5806,,,1,34,,48772,5806,,,1,66,,48785,5806,,,1,32,,48787,5806,,,1,71,,48777,5806,,,1,24,,48797,5806,,,1,18,,48801,5806,,,1,60,,48803,5806,,,1,21,,48774,5806,,,1,18,,48798,5806,,,1,60,,48806,5806,,,1,27,,48786,5806,,,1,70,,48776,5806,,,1,30,,48761,5806,,,1,70,,48788,5806,,,1,30,,48804,5806,,,1,70,,48789,5806,,,1,30,,48805,5806,,,1,69,,48790,5806,,,1,30,,48794,5806,,,1,70,,48791,5806,,,1,30,,48795,5806,,,1,70,,48792,5806,,,1,30,,48796,5806,,,1,70,,48793,5806,,,1
16100,'DI',605,,38650,5451,,,2,30,,38638,5451,0,35 36,2,70,,38648,5451,0,35 36,2,30,,38641,5451,0,35 36,2,70,,38642,5451,0,35 36,2,30,,38644,5451,0,35 36,2,702,,38639,5451,0,35 36,2,68,,38643,5451,0,35 36,2,32,,38640,5451,0,35 36,2,70,,38646,5451,0,35 36,2,30,,38649,5451,,,2,72,,38645,5451,0,35 36,2,30,,38647,5451,0,35 36,2
16100,'F1',605,,50332,5451,,,2,30,,50320,5451,0,35 36,2,70,,50330,5451,0,35 36,2,30,,50323,5451,0,35 36,2,70,,50324,5451,0,35 36,2,30,,50326,5451,0,35 36,2,702,,50321,5451,0,35 36,2,68,,50325,5451,0,35 36,2,32,,50322,5451,0,35 36,2,70,,50328,5451,0,35 36,2,30,,50331,5451,,,2,72,,50327,5451,0,35 36,2,30,,50329,5451,0,35 36,2
16100,'F2',605,,50344,5451,,,2,30,,50337,5451,0,35 36,2,70,,50338,5451,0,35 36,2,30,,50335,5451,0,35 36,2,70,,50341,5451,0,35 36,2,30,,50339,5451,0,35 36,2,700,,50336,5451,0,35 36,2,71,,50333,5451,0,35 36,2,31,,50342,5451,0,35 36,2,70,,50345,5451,,,2,31,,50334,5451,0,35 36,2,71,,50343,5451,0,35 36,2,29,,50340,5451,0,35 36,2
16100,'F8',605,,38707,5451,,,2,30,,38700,5451,0,35 36,2,70,,38701,5451,0,35 36,2,30,,38698,5451,0,35 36,2,70,,38704,5451,0,35 36,2,30,,38702,5451,0,35 36,2,700,,38699,5451,0,35 36,2,71,,38696,5451,0,35 36,2,31,,38705,5451,0,35 36,2,70,,38708,5451,,,2,31,,38697,5451,0,35 36,2,71,,38706,5451,0,35 36,2,29,,38703,5451,0,35 36,2
16100,'F9',605,,38721,5451,,,2,30,,38709,5451,0,35 36,2,70,,38719,5451,0,35 36,2,30,,38712,5451,0,35 36,2,70,,38713,5451,0,35 36,2,30,,38715,5451,0,35 36,2,702,,38710,5451,0,35 36,2,68,,38714,5451,0,35 36,2,32,,38711,5451,0,35 36,2,70,,38717,5451,0,35 36,2,30,,38720,5451,,,2,72,,38716,5451,0,35 36,2,30,,38718,5451,0,35 36,2
16100,'SA',605,,38733,5451,,,2,30,,38726,5451,0,35 36,2,70,,38727,5451,0,35 36,2,30,,38724,5451,0,35 36,2,70,,38730,5451,0,35 36,2,30,,38728,5451,0,35 36,2,700,,38725,5451,0,35 36,2,71,,38722,5451,0,35 36,2,31,,38731,5451,0,35 36,2,70,,38734,5451,,,2,31,,38723,5451,0,35 36,2,71,,38732,5451,0,35 36,2,29,,38729,5451,0,35 36,2
16100,'SE',645,,50359,5340,,,2,64,,50360,5340,,,2,25,,50358,5340,,,2,20,,50348,5340,0,35 36,2,61,,50347,5340,0,35 36,2,18,,50346,5340,0,35 36,2,322,,50363,5451,,,2,297,,50350,5451,0,35 36,2,70,,50349,5451,0,35 36,2,21,,50361,5451,,,2,60,,50351,5451,0,35 36,2,20,,50365,5451,,,2,20,,50354,5451,0,35 36,2,60,,50362,5451,,,2,20,,50352,5451,0,35 36,2,20,,50355,5451,0,35 36,2,60,,50364,5451,,,2,20,,50357,5451,0,35 36,2,20,,50353,5451,0,35 36,2,60,,50356,5451,0,35 36,2
41000,'SE',552,,50536,5340,,,2,60,,50529,5340,,,2,23,,50543,5340,,,2,7,,50532,5340,,,2,67,,50535,5340,,,2,12,,50534,5340,,,2,23,,50539,5340,,,2,11,,50544,5340,,,2,54,,50540,5340,,,2,18,,50546,5340,,,2,18,,50538,5340,,,2,70,,50541,5340,,,2,29,,50571,5451,,,2,70,,50570,5451,,,2,30,,50572,5451,,,2,70,,50549,5451,,,2,30,,50547,5451,,,2,70,,50553,5451,,,2,30,,50573,5451,,,2,70,,50550,5451,,,2,30,,50548,5451,,,2,71,,50554,5451,,,2,30,,50560,5451,,,2,66,,50555,5451,,,2,30,,50561,5451,,,2,60,,50551,5451,,,2,12,,50562,5451,,,2,15,,50579,5451,,,2,18,,50574,5451,,,2,12,,50578,5451,,,2,62,,50563,5451,,,2,32,,50575,5451,,,2,65,,50568,5451,,,2,30,,50576,5451,,,2,69,,50569,5451,,,2,30,,50577,5451,,,2,70,,50552,5451,,,2,30,,50564,5451,,,2,70,,50556,5451,,,2,30,,50567,5451,,,2,70,,50557,5451,,,2,30,,50565,5451,,,2,70,,50558,5451,,,2,100,,50559,5451,,,2,100,,50566,5451,,,2
41700,'SE',604,,50639,5340,,,2,18,,50637,5340,,,2,25,,50632,5340,,,2,12,,50634,5340,,,2,52,,50636,5340,,,2,8,,50638,5340,,,2,10,,50641,5340,,,2,12,,50635,5340,,,2,11,,50633,5340,,,2,55,,50642,5340,,,2,24,,50631,5340,,,2,71,,50640,5340,,,2,28,,50644,5451,,,2,70,,50664,5451,,,2,30,,50657,5451,,,2,70,,50665,5451,,,2,30,,50658,5451,,,2,70,,50666,5451,,,2,30,,50659,5451,,,2,70,,50667,5451,,,2,30,,50660,5451,,,2,70,,50668,5451,,,2,30,,50643,5451,,,2,26,,50649,5451,,,2,70,,50672,5451,,,2,25,,50654,5451,,,2,68,,50645,5451,,,2,18,,50674,5451,,,2,15,,50655,5451,,,2,52,,50646,5451,,,2,10,,50661,5451,,,2,15,,50673,5451,,,2,14,,50647,5451,,,2,15,,50656,5451,,,2,75,,50675,5451,,,2,70,,50662,5451,,,2,29,,50676,5451,,,2,70,,50663,5451,,,2,30,,50677,5451,,,2,70,,50648,5451,,,2,30,,50678,5451,,,2,70,,50669,5451,,,2,30,,50650,5451,,,2,70,,50670,5451,,,2,30,,50651,5451,,,2,69,,50671,5451,,,2,30,,50679,5451,,,2,70,,50653,5451,,,2,32,,50652,5451,,,2
