2501,'DI',1605,,27599,11029,,,2
2501,'F8',1605,,27634,11029,,,2
2501,'F9',1605,,27635,11029,,,2
2501,'SA',1605,,27636,11029,,,2
2501,'SE',517,,27641,9393,,,2,30,,27643,9393,,,2,63,,27638,9393,,,2,34,,27642,9393,,,2,75,,27663,11029,,,2,30,,27662,11029,,,2,66,,27644,9393,,,2,30,,27646,9393,,,2,67,,27647,9393,,,2,505,,27658,9393,,,2,31,,27648,9393,,,2,72,,27649,9393,,,2,31,,27666,11029,,,2,59,,27665,11029,,,2,12,,27664,11029,,,2,9,,27639,9393,,,2,19,,27651,9393,,,2,54,,27650,9393,,,2,17,,27654,9393,,,2,28,,27656,9393,,,2,67,,27659,9393,,,2,29,,27655,9393,,,2,99,,27653,9393,,,2,385,,27661,9393,,,2,86,,27668,11029,,,2,12,,27660,9393,,,2,75,,27652,9393,,,2
8101,'DI',636,,35898,15459,,,1,100,,35895,15459,,,1,100,,35884,15459,,,1,103,,35891,15459,,,1,100,,35885,15459,,,1,100,,35893,15459,,,1,100,,35897,15459,,,1,100,,35899,15459,,,1,100,,35888,15459,,,1,100,,35892,15459,,,1,100,,35883,15459,,,1,96,,35896,15459,,,1,108,,35886,15459,,,1,96,,35894,15459,,,1,100,,35887,15459,,,1,100,,35900,15459,,,1,100,,35889,15459,,,1,100,,35902,15459,,,1,100,,35901,15459,,,1
8101,'F8',636,,35979,15459,,,1,100,,35986,15459,,,1,100,,35992,15459,,,1,103,,35987,15459,,,1,100,,35988,15459,,,1,100,,35993,15459,,,1,100,,35974,15459,,,1,100,,35976,15459,,,1,100,,35982,15459,,,1,100,,35989,15459,,,1,100,,35994,15459,,,1,100,,35980,15459,,,1,104,,35983,15459,,,1,96,,35990,15459,,,1,100,,35975,15459,,,1,100,,35984,15459,,,1,100,,35978,15459,,,1,100,,35991,15459,,,1,100,,35985,15459,,,1,100,,35981,15459,,,1
8101,'F9',636,,36010,15459,,,1,100,,36007,15459,,,1,100,,35996,15459,,,1,103,,36003,15459,,,1,100,,35997,15459,,,1,100,,36005,15459,,,1,100,,36009,15459,,,1,100,,36011,15459,,,1,100,,36000,15459,,,1,100,,36004,15459,,,1,100,,35995,15459,,,1,96,,36008,15459,,,1,108,,35998,15459,,,1,96,,36006,15459,,,1,100,,35999,15459,,,1,100,,36012,15459,,,1,100,,36001,15459,,,1,100,,36014,15459,,,1,100,,36013,15459,,,1
8101,'SA',636,,36020,15459,,,1,100,,36027,15459,,,1,100,,36033,15459,,,1,103,,36028,15459,,,1,100,,36029,15459,,,1,100,,14421,15459,,,1,100,,36015,15459,,,1,100,,36017,15459,,,1,100,,36023,15459,,,1,100,,36030,15459,,,1,100,,36034,15459,,,1,100,,36021,15459,,,1,104,,36024,15459,,,1,96,,36031,15459,,,1,100,,36016,15459,,,1,100,,36025,15459,,,1,100,,36019,15459,,,1,100,,36032,15459,,,1,100,,36026,15459,,,1,100,,36022,15459,,,1
8101,'SE',607,,36052,15459,,,1,30,,36049,15459,,,1,22,,36038,15459,,,1,78,,36050,15459,,,1,70,,36045,15459,,,1,31,,36055,15459,,,1,69,,36051,15459,,,1,36,,36043,15459,,,1,98,,36035,15459,,,1,100,,36053,15459,,,1,100,,36044,15459,,,1,100,,36062,15459,,,1,100,,36060,15459,,,1,100,,36041,15459,,,1,71,,36058,15459,,,1,31,,36063,15459,,,1,70,,36054,15459,,,1,30,,36046,15459,,,1,70,,36037,15459,,,1,30,,36059,15459,,,1,70,,36047,15459,,,1,26,,36036,15459,,,1,100,,36042,15459,,,1,100,,36039,15459,,,1,100,,36056,15459,,,1,100,,36061,15459,,,1,100,,36040,15459,,,1,100,,36057,15459,,,1
