3201,'DI',534,,28612,3866,,,2,99,,28613,3866,,,2,101,,28614,3866,,,2,99,,28615,3866,,,2,102,,28616,3866,,,2,100,,28619,3866,,,2,101,,28621,3866,,,2,101,,28617,3866,,,2,103,,28623,3866,,,2,98,,28622,3866,,,2,104,,28625,3866,,,2,96,,28624,3866,,,2,100,,28627,3866,,,2,100,,28626,3866,,,2,99,,28620,3866,,,2,100,,28610,3866,,,2,100,,28628,3866,,,2,100,,28630,3866,,,2,100,,28618,3866,,,2,100,,28629,3866,,,2,99,,28611,3866,,,2
3201,'F8',534,,28702,3866,,,2,99,,28703,3866,,,2,101,,28704,3866,,,2,96,,28705,3866,,,2,103,,28706,3866,,,2,101,,28712,3866,,,2,102,,28707,3866,,,2,99,,28721,3866,,,2,106,,28713,3866,,,2,102,,28708,3866,,,2,97,,28709,3866,,,2,98,,28714,3866,,,2,100,,28715,3866,,,2,100,,28710,3866,,,2,99,,28717,3866,,,2,100,,28716,3866,,,2,100,,28718,3866,,,2,100,,28720,3866,,,2,100,,28719,3866,,,2,100,,28711,3866,,,2,99,,28701,3866,,,2
3201,'F9',534,,28724,3866,,,2,99,,28725,3866,,,2,101,,28726,3866,,,2,99,,28727,3866,,,2,102,,28728,3866,,,2,100,,28731,3866,,,2,101,,28733,3866,,,2,101,,28729,3866,,,2,103,,28735,3866,,,2,98,,28734,3866,,,2,104,,28737,3866,,,2,96,,28736,3866,,,2,100,,28739,3866,,,2,100,,28738,3866,,,2,99,,28732,3866,,,2,100,,28722,3866,,,2,100,,28740,3866,,,2,100,,28742,3866,,,2,100,,28730,3866,,,2,100,,28741,3866,,,2,99,,28723,3866,,,2
3201,'SA',534,,28744,3866,,,2,99,,28745,3866,,,2,101,,28746,3866,,,2,96,,28747,3866,,,2,103,,28748,3866,,,2,101,,28754,3866,,,2,102,,28749,3866,,,2,99,,28763,3866,,,2,106,,28755,3866,,,2,102,,28750,3866,,,2,97,,28751,3866,,,2,98,,28756,3866,,,2,100,,28757,3866,,,2,100,,28752,3866,,,2,99,,28759,3866,,,2,100,,28758,3866,,,2,100,,28760,3866,,,2,100,,28762,3866,,,2,100,,28761,3866,,,2,100,,28753,3866,,,2,99,,28743,3866,,,2
3201,'SE',509,,28779,8153,,,2,30,,28785,8153,,,2,70,,28783,8153,,,2,29,,28788,8153,,,2,75,,28786,8153,,,2,27,,28780,8153,,,2,64,,28777,8153,,,2,30,,28784,8153,,,2,75,,28775,8153,,,2,96,,28771,3866,,,2,101,,28772,3866,,,2,100,,28774,3866,,,2,100,,28766,3866,,,2,100,,7845,3866,,,2,103,,28767,3866,,,2,105,,28764,3866,,,2,20,,28778,8153,,,2,70,,28782,8153,,,2,30,,28789,8153,,,2,70,,28787,8153,,,2,23,,28781,8153,,,2,73,,28790,8153,,,2,25,,28776,8153,,,2,87,,28773,3866,,,2,100,,28769,3866,,,2,98,,28770,3866,,,2,100,,28765,3866,,,2,98,,28768,3866,,,2
13201,'DI',715,,38200,6616,,,2,100,,38198,6616,,,2,100,,38199,6616,,,2,100,,38204,6616,,,2,100,,38201,6616,,,2,100,,38202,6616,,,2,100,,38205,6616,,,2,100,,38208,6616,,,2,100,,38206,6616,,,2,105,,38210,6616,,,2,95,,38209,6616,,,2,100,,38207,6616,,,2,101,,38211,6616,,,2,98,,38212,6616,,,2,100,,38203,6616,,,2,100,,38197,6616,,,2,100,,38213,6616,,,2,100,,38214,6616,,,2
13201,'F8',715,,38280,6616,,,2,100,,38296,6616,,,2,100,,38284,6616,,,2,100,,38279,6616,,,2,103,,38281,6616,,,2,97,,38285,6616,,,2,104,,38282,6616,,,2,96,,38295,6616,,,2,104,,38286,6616,,,2,96,,38288,6616,,,2,100,,38283,6616,,,2,100,,38287,6616,,,2,101,,38289,6616,,,2,98,,38291,6616,,,2,100,,38290,6616,,,2,100,,38293,6616,,,2,100,,38292,6616,,,2,100,,38294,6616,,,2
13201,'F9',715,,38300,6616,,,2,100,,38298,6616,,,2,100,,38299,6616,,,2,100,,38304,6616,,,2,100,,38301,6616,,,2,100,,38302,6616,,,2,100,,38305,6616,,,2,100,,38308,6616,,,2,100,,38306,6616,,,2,105,,38310,6616,,,2,95,,38309,6616,,,2,100,,38307,6616,,,2,101,,38311,6616,,,2,98,,38312,6616,,,2,100,,38303,6616,,,2,100,,38297,6616,,,2,100,,38313,6616,,,2,100,,38314,6616,,,2
13201,'SA',715,,38316,6616,,,2,100,,38332,6616,,,2,100,,38320,6616,,,2,100,,38315,6616,,,2,103,,38317,6616,,,2,97,,38321,6616,,,2,104,,38318,6616,,,2,96,,38331,6616,,,2,104,,38322,6616,,,2,96,,38324,6616,,,2,100,,38319,6616,,,2,100,,38323,6616,,,2,101,,38325,6616,,,2,98,,38327,6616,,,2,100,,38326,6616,,,2,100,,38329,6616,,,2,100,,38328,6616,,,2,100,,38330,6616,,,2
13201,'SE',548,,38339,6616,,,2,70,,38336,6616,,,2,32,,38345,6616,,,2,60,,38338,6616,,,2,24,,38343,6616,,,2,10,,38349,6616,,,2,10,,38347,6616,,,2,62,,38346,6616,,,2,18,,38340,6616,,,2,16,,38344,6616,,,2,60,,38348,6616,,,2,20,,38358,6616,,,2,19,,16560,6616,,,2,97,,38359,6616,,,2,99,,16564,6616,,,2,96,,38357,6616,,,2,100,,38350,6616,,,2,110,,38351,6616,,,2,51,,38354,6616,,,2,3,,38333,6616,,,2,43,,38341,6616,,,2,65,,38352,6616,,,2,19,,38355,6616,,,2,19,,38337,6616,,,2,63,,38342,6616,,,2,19,,38335,6616,,,2,19,,38353,6616,,,2,59,,38334,6616,,,2,40,,38356,6616,,,2
54000,'SE',1630,,40687,4206,,,2
