4200,'DI',622,,57252,5373,,,1,100,,57253,5373,,,1,100,,57254,5373,,,1,100,,57255,5373,,,1,100,,57256,5373,,,1,101,,57257,5373,,,1,100,,57258,5373,,,1,100,,57259,5373,,,1,100,,57260,5373,,,1,100,,57261,5373,,,1,100,,57262,5373,,,1,100,,57263,5373,,,1,100,,57264,5373,,,1,100,,57265,5373,,,1,99,,57266,5373,,,1,100,,57267,5373,,,1,100,,57268,5373,,,1,100,,57269,5373,,,1,100,,57270,5373,,,1,100,,57271,5373,,,1
4200,'F1',622,,57272,5373,,,1,100,,57273,5373,,,1,100,,57274,5373,,,1,100,,57275,5373,,,1,100,,57276,5373,,,1,101,,57277,5373,,,1,100,,57278,5373,,,1,100,,57279,5373,,,1,100,,57280,5373,,,1,100,,57281,5373,,,1,100,,57282,5373,,,1,100,,57283,5373,,,1,100,,57284,5373,,,1,100,,57285,5373,,,1,99,,57286,5373,,,1,100,,57287,5373,,,1,100,,57288,5373,,,1,100,,57289,5373,,,1,100,,57290,5373,,,1,100,,57291,5373,,,1
4200,'F2',622,,57292,5373,,,1,100,,57293,5373,,,1,100,,57294,5373,,,1,100,,57295,5373,,,1,100,,57296,5373,,,1,101,,57297,5373,,,1,100,,57298,5373,,,1,100,,57299,5373,,,1,100,,57300,5373,,,1,100,,57301,5373,,,1,100,,57302,5373,,,1,100,,57303,5373,,,1,100,,57304,5373,,,1,100,,57305,5373,,,1,99,,57306,5373,,,1,100,,57307,5373,,,1,100,,57308,5373,,,1,100,,57309,5373,,,1,100,,57310,5373,,,1,100,,57311,5373,,,1
4200,'SA',622,,57312,5373,,,1,100,,57313,5373,,,1,100,,57314,5373,,,1,100,,57315,5373,,,1,100,,57316,5373,,,1,101,,57317,5373,,,1,100,,57318,5373,,,1,100,,57319,5373,,,1,100,,57320,5373,,,1,100,,57321,5373,,,1,100,,57322,5373,,,1,100,,57323,5373,,,1,100,,57324,5373,,,1,100,,57325,5373,,,1,99,,57326,5373,,,1,100,,57327,5373,,,1,100,,57328,5373,,,1,100,,57329,5373,,,1,100,,57330,5373,,,1,100,,57331,5373,,,1
4200,'SE',604,,57363,5373,,,1,36,,57346,5373,,,1,70,,57360,5373,,,1,12,,57345,5373,,,1,6,,57340,5373,,,1,6,,57349,5373,,,1,6,,57347,5373,,,1,62,,57350,5373,,,1,21,,57373,5373,,,1,34,,57369,5373,,,1,70,,57374,5373,,,1,30,,57348,5373,,,1,70,,57342,5373,,,1,30,,57343,5373,,,1,70,,57339,5373,,,1,30,,57362,5373,,,1,70,,57335,5373,,,1,30,,57332,5373,,,1,70,,57370,5373,,,1,30,,57341,5373,,,1,70,,57338,5373,,,1,30,,57336,5373,,,1,72,,57351,5373,,,1,30,,57372,5373,,,1,67,,57333,5373,,,1,24,,57361,5373,,,1,55,,57337,5373,,,1,14,,57344,5373,,,1,14,,57371,5373,,,1,14,,57352,5373,,,1,55,,57334,5373,,,1,27,,57366,5373,,,1,30,,57353,5373,,,1,71,,57367,5373,,,1,74,,57354,5373,,,1,30,,57368,5373,,,1,69,,57355,5373,,,1,30,,57364,5373,,,1,70,,57356,5373,,,1,30,,57365,5373,,,1,91,,57357,5373,,,1,100,,57358,5373,,,1,100,,57359,5373,,,1
6000,'SE',633,,58258,5373,,,1,84,,58256,5373,,,1,37,,58259,5373,,,1,86,,58257,5373,,,1,101,,58251,5373,,,1,100,,58269,5373,,,1,100,,58254,5373,,,1,100,,58252,5373,,,1,100,,58255,5373,,,1,100,,58271,5373,,,1,98,,58260,5373,,,1,70,,58267,5373,,,1,25,,58253,5373,,,1,24,,58264,5373,,,1,68,,58262,5373,,,1,27,,58261,5373,,,1,65,,58265,5373,,,1,30,,58263,5373,,,1,68,,58250,5373,,,1,99,,58272,5373,,,1,99,,58273,5373,,,1,100,,58266,5373,,,1,90,,58268,5373,,,1,100,,58270,5373,,,1
16000,'DI',703,,62163,5373,0,19 20,1,100,,62168,5373,0,19 20,1,100,,62162,5373,0,19 20,1,100,,62156,5373,0,19 20,1,100,,62159,5373,0,19 20,1,100,,62165,5373,0,19 20,1,100,,62160,5373,0,19 20,1,100,,62169,5373,0,19 20,1,100,,62161,5373,0,19 20,1,100,,62164,5373,0,19 20,1,100,,62157,5373,0,19 20,1,100,,62166,5373,0,19 20,1,100,,62170,5373,0,19 20,1,102,,62158,5373,0,19 20,1,98,,62167,5373,0,19 20,1
16000,'F1',703,,62178,5373,0,19 20,1,100,,62183,5373,0,19 20,1,100,,62177,5373,0,19 20,1,100,,62171,5373,0,19 20,1,100,,62174,5373,0,19 20,1,100,,62180,5373,0,19 20,1,100,,62175,5373,0,19 20,1,100,,62184,5373,0,19 20,1,100,,62176,5373,0,19 20,1,100,,62179,5373,0,19 20,1,100,,62172,5373,0,19 20,1,100,,62181,5373,0,19 20,1,100,,62185,5373,0,19 20,1,102,,62173,5373,0,19 20,1,98,,62182,5373,0,19 20,1
16000,'F2',703,,62197,5373,0,19 20,1,99,,62186,5373,0,19 20,1,101,,62198,5373,0,19 20,1,100,,50222,5373,0,19 20,1,100,,62191,5373,0,19 20,1,99,,62194,5373,0,19 20,1,101,,62192,5373,0,19 20,1,100,,62189,5373,0,19 20,1,100,,62199,5373,0,19 20,1,100,,62190,5373,0,19 20,1,100,,62187,5373,0,19 20,1,100,,62195,5373,0,19 20,1,100,,62193,5373,0,19 20,1,101,,62188,5373,0,19 20,1,99,,62196,5373,0,19 20,1
16000,'SA',703,,62211,5373,0,19 20,1,99,,62200,5373,0,19 20,1,101,,62212,5373,0,19 20,1,100,,38455,5373,0,19 20,1,100,,62205,5373,0,19 20,1,99,,62208,5373,0,19 20,1,101,,62206,5373,0,19 20,1,100,,62203,5373,0,19 20,1,100,,62213,5373,0,19 20,1,100,,62204,5373,0,19 20,1,100,,62201,5373,0,19 20,1,100,,62209,5373,0,19 20,1,100,,62207,5373,0,19 20,1,101,,62202,5373,0,19 20,1,99,,62210,5373,0,19 20,1
16000,'SE',617,,62221,5373,0,19 20,1,95,,62214,5373,0,19 20,1,39,,62219,5373,0,19 20,1,94,,62215,5373,0,19 20,1,89,,62218,5373,0,19 20,1,86,,62230,5373,0,19 20,1,101,,62228,5373,0,19 20,1,100,,62222,5373,0,19 20,1,100,,62216,5373,0,19 20,1,100,,62231,5373,0,19 20,1,98,,62220,5373,0,19 20,1,30,,62229,5373,0,19 20,1,68,,62232,5373,0,19 20,1,24,,62237,5373,0,19 20,1,71,,62234,5373,0,19 20,1,27,,62233,5373,0,19 20,1,70,,62223,5373,0,19 20,1,30,,62236,5373,0,19 20,1,70,,62235,5373,0,19 20,1,47,,62217,5373,0,19 20,1,99,,62224,5373,0,19 20,1,100,,62226,5373,0,19 20,1,92,,62225,5373,0,19 20,1,100,,62227,5373,0,19 20,1
54201,'SE',909,,63455,5459,,,2
