2301,'F2',613,,45845,4530,,,1,103,,45846,4530,,,1,101,,45847,4530,,,1,100,,45838,4530,,,1,103,,45839,4530,,,1,99,,45841,4530,,,1,103,,45842,4530,,,1,97,,45848,4530,,,1,99,,45849,4530,,,1,100,,45844,4530,,,1,100,,45843,4530,,,1,100,,45840,4530,,,1
2301,'F8',613,,27519,4530,,,1,103,,27520,4530,,,1,101,,27521,4530,,,1,100,,27512,4530,,,1,103,,27513,4530,,,1,99,,27515,4530,,,1,103,,27516,4530,,,1,97,,27522,4530,,,1,99,,27523,4530,,,1,100,,27518,4530,,,1,100,,27517,4530,,,1,100,,27514,4530,,,1
2301,'SA',613,,27531,4530,,,1,103,,27532,4530,,,1,101,,27533,4530,,,1,100,,27524,4530,,,1,103,,27525,4530,,,1,99,,27527,4530,,,1,103,,27528,4530,,,1,97,,27534,4530,,,1,99,,27535,4530,,,1,100,,27530,4530,,,1,100,,27529,4530,,,1,100,,27526,4530,,,1
2301,'SE',1021,,45854,4530,,,1,100,,45850,4530,,,1,100,,45853,4530,,,1,101,,45851,4530,,,1,101,,45852,4530,,,1
12301,'DI',547,,37798,18827,,,1,100,,37808,18827,,,1,100,,37799,18827,,,1,100,,37809,18827,,,1,101,,37800,18827,,,1,100,,37810,18827,,,1,100,,37801,18827,,,1,100,,37811,18827,,,1,100,,37802,18827,,,1,100,,37812,18827,,,1,100,,37803,18827,,,1,100,,37813,18827,,,1,100,,37804,18827,,,1,100,,37814,18827,,,1,100,,37805,18827,,,1,99,,37815,18827,,,1,100,,37806,18827,,,1,100,,37816,18827,,,1,100,,37807,18827,,,1,100,,37817,18827,,,1
12301,'F1',547,,49985,18827,,,1,100,,49995,18827,,,1,100,,49986,18827,,,1,100,,49996,18827,,,1,101,,49987,18827,,,1,100,,49997,18827,,,1,100,,49988,18827,,,1,100,,49998,18827,,,1,100,,49989,18827,,,1,100,,49999,18827,,,1,100,,49990,18827,,,1,100,,50000,18827,,,1,100,,49991,18827,,,1,100,,50001,18827,,,1,100,,49992,18827,,,1,99,,50002,18827,,,1,100,,49993,18827,,,1,100,,50003,18827,,,1,100,,49994,18827,,,1,100,,50004,18827,,,1
12301,'F2',546,,50007,18827,,,1,100,,50005,18827,,,1,100,,50008,18827,,,1,100,,50006,18827,,,1,100,,50009,18827,,,1,100,,50017,18827,,,1,100,,50010,18827,,,1,100,,50018,18827,,,1,100,,50011,18827,,,1,100,,50019,18827,,,1,100,,50012,18827,,,1,100,,50020,18827,,,1,100,,50013,18827,,,1,100,,50021,18827,,,1,100,,50014,18827,,,1,100,,50022,18827,,,1,100,,50015,18827,,,1,100,,50023,18827,,,1,100,,50016,18827,,,1,100,,50024,18827,,,1
12301,'F8',546,,37897,18827,,,1,100,,37895,18827,,,1,100,,37898,18827,,,1,100,,37896,18827,,,1,100,,37899,18827,,,1,100,,37907,18827,,,1,100,,37900,18827,,,1,100,,37908,18827,,,1,100,,37901,18827,,,1,100,,37909,18827,,,1,100,,37902,18827,,,1,100,,37910,18827,,,1,100,,37903,18827,,,1,100,,37911,18827,,,1,100,,37904,18827,,,1,100,,37912,18827,,,1,100,,37905,18827,,,1,100,,37913,18827,,,1,100,,37906,18827,,,1,100,,37914,18827,,,1
12301,'F9',547,,37915,18827,,,1,100,,37925,18827,,,1,100,,37916,18827,,,1,100,,37926,18827,,,1,101,,37917,18827,,,1,100,,37927,18827,,,1,100,,37918,18827,,,1,100,,37928,18827,,,1,100,,37919,18827,,,1,100,,37929,18827,,,1,100,,37920,18827,,,1,100,,37930,18827,,,1,100,,37921,18827,,,1,100,,37931,18827,,,1,100,,37922,18827,,,1,99,,37932,18827,,,1,100,,37923,18827,,,1,100,,37933,18827,,,1,100,,37924,18827,,,1,100,,37934,18827,,,1
12301,'SA',546,,37937,18827,,,1,100,,37935,18827,,,1,100,,37938,18827,,,1,100,,37936,18827,,,1,100,,37939,18827,,,1,100,,37947,18827,,,1,100,,37940,18827,,,1,100,,37948,18827,,,1,100,,37941,18827,,,1,100,,37949,18827,,,1,100,,37942,18827,,,1,100,,37950,18827,,,1,100,,37943,18827,,,1,100,,37951,18827,,,1,100,,37944,18827,,,1,100,,37952,18827,,,1,100,,37945,18827,,,1,100,,37953,18827,,,1,100,,37946,18827,,,1,100,,37954,18827,,,1
12301,'SE',533,,50041,18827,,,1,70,,50044,18827,,,1,20,,50029,18827,,,1,25,,50028,18827,,,1,55,,50030,18827,,,1,27,,50031,18827,,,1,70,,50026,18827,,,1,28,,50027,18827,,,1,30,,50025,18827,,,1,68,,50048,18827,,,1,30,,50042,18827,,,1,96,,50034,18827,,,1,101,,50046,18827,,,1,100,,50036,18827,,,1,100,,50043,18827,,,1,100,,50061,18827,,,1,51,,50035,18827,,,1,27,,50049,18827,,,1,20,,50053,18827,,,1,55,,50045,18827,,,1,19,,50055,18827,,,1,6,,50037,18827,,,1,15,,50040,18827,,,1,10,,50059,18827,,,1,46,,50051,18827,,,1,24,,50060,18827,,,1,27,,50050,18827,,,1,67,,50033,18827,,,1,31,,50038,18827,,,1,66,,50052,18827,,,1,34,,50047,18827,,,1,68,,50039,18827,,,1,30,,50056,18827,,,1,98,,50032,18827,,,1,98,,50057,18827,,,1,100,,50054,18827,,,1,157,,50058,18827,,,1
17001,'SE',513,,50442,1526,0,48 49,2,30,,50443,1526,0,48 49,2,62,,50426,1526,0,48 49,2,30,,50430,1526,0,48 49,2,70,,50427,1526,0,48 49,2,30,,50431,1526,0,48 49,2,70,,50428,1526,0,48 49,2,35,,50432,1526,0,48 49,2,70,,50429,1526,0,48 49,2,616,,50438,1526,0,48 49,2,30,,50433,1526,0,48 49,2,70,,50439,1526,0,48 49,2,30,,50434,1526,0,48 49,2,70,,50440,1526,0,48 49,2,30,,50435,1526,0,48 49,2,70,,50441,1526,0,48 49,2,30,,50436,1526,0,48 49,2
