800,'DI',552,,53345,2457,,,1,71,,53319,2457,,,1,30,,53327,2457,,,1,70,,53333,2457,,,1,30,,53346,2457,,,1,70,,53320,2457,,,1,31,,53328,2457,,,1,70,,53334,2457,,,1,30,,53347,2457,,,1,70,,53321,2457,,,1,30,,53329,2457,,,1,70,,53335,2457,,,1,30,,53348,2457,,,1,70,,53322,2457,,,1,30,,53330,2457,,,1,70,,53342,2457,,,1,30,,53349,2457,,,1,70,,53343,2457,,,1,30,,53331,2457,,,1,70,,53336,2457,,,1,30,,53350,2457,,,1,70,,53344,2457,,,1,30,,53332,2457,,,1,70,,53337,2457,,,1,32,,53351,2457,,,1,83,,53323,2457,,,1,100,,53338,2457,,,1,100,,53324,2457,,,1,99,,53339,2457,,,1,100,,53325,2457,,,1,100,,53340,2457,,,1,100,,53326,2457,,,1,100,,53341,2457,,,1
800,'F1',552,,53378,2457,,,1,71,,53352,2457,,,1,30,,53360,2457,,,1,70,,53366,2457,,,1,30,,53379,2457,,,1,70,,53353,2457,,,1,31,,53361,2457,,,1,70,,53367,2457,,,1,30,,53380,2457,,,1,70,,53354,2457,,,1,30,,53362,2457,,,1,70,,53368,2457,,,1,30,,53381,2457,,,1,70,,53355,2457,,,1,30,,53363,2457,,,1,70,,53375,2457,,,1,30,,53382,2457,,,1,70,,53376,2457,,,1,30,,53364,2457,,,1,70,,53369,2457,,,1,30,,53383,2457,,,1,70,,53377,2457,,,1,30,,53365,2457,,,1,70,,53370,2457,,,1,32,,53384,2457,,,1,83,,53356,2457,,,1,100,,53371,2457,,,1,100,,53357,2457,,,1,99,,53372,2457,,,1,100,,53358,2457,,,1,100,,53373,2457,,,1,100,,53359,2457,,,1,100,,53374,2457,,,1
800,'F2',551,,53405,2457,,,1,70,,53389,2457,,,1,32,,53393,2457,,,1,70,,53400,2457,,,1,31,,53406,2457,,,1,70,,53390,2457,,,1,30,,53394,2457,,,1,70,,53401,2457,,,1,30,,53407,2457,,,1,70,,53391,2457,,,1,30,,53395,2457,,,1,70,,53402,2457,,,1,28,,53408,2457,,,1,72,,53392,2457,,,1,30,,53396,2457,,,1,70,,53403,2457,,,1,30,,53409,2457,,,1,70,,44107,2457,,,1,30,,53397,2457,,,1,70,,53415,2457,,,1,30,,53410,2457,,,1,70,,44108,2457,,,1,30,,53398,2457,,,1,70,,53416,2457,,,1,32,,53411,2457,,,1,68,,53385,2457,,,1,30,,53399,2457,,,1,86,,53412,2457,,,1,99,,53386,2457,,,1,100,,53413,2457,,,1,100,,53387,2457,,,1,100,,53414,2457,,,1,100,,53388,2457,,,1,100,,53404,2457,,,1
800,'SA',551,,53437,2457,,,1,70,,53421,2457,,,1,32,,53425,2457,,,1,70,,53432,2457,,,1,31,,53438,2457,,,1,70,,53422,2457,,,1,30,,53426,2457,,,1,70,,53433,2457,,,1,30,,53439,2457,,,1,70,,53423,2457,,,1,30,,53427,2457,,,1,70,,53434,2457,,,1,28,,53440,2457,,,1,72,,53424,2457,,,1,30,,53428,2457,,,1,70,,53435,2457,,,1,30,,53441,2457,,,1,70,,2660,2457,,,1,30,,53429,2457,,,1,70,,53447,2457,,,1,30,,53442,2457,,,1,70,,2661,2457,,,1,30,,53430,2457,,,1,70,,53448,2457,,,1,32,,53443,2457,,,1,68,,53417,2457,,,1,30,,53431,2457,,,1,86,,53444,2457,,,1,99,,53418,2457,,,1,100,,53445,2457,,,1,100,,53419,2457,,,1,100,,53446,2457,,,1,100,,53420,2457,,,1,100,,53436,2457,,,1
800,'SE',452,,44153,2457,,,1,68,,53469,2457,,,1,22,,53461,2457,,,1,81,,53449,2457,,,1,30,,44154,2457,,,1,61,,53470,2457,,,1,19,,53451,2457,,,1,13,,53485,2457,,,1,55,,53452,2457,,,1,15,,53481,2457,,,1,15,,53475,2457,,,1,17,,53488,2457,,,1,55,,44124,2457,,,1,15,,53471,2457,,,1,15,,53462,2457,,,1,15,,53486,2457,,,1,55,,53453,2457,,,1,15,,53482,2457,,,1,15,,53476,2457,,,1,15,,53489,2457,,,1,55,,53450,2457,,,1,15,,53457,2457,,,1,15,,53472,2457,,,1,15,,53466,2457,,,1,55,,53487,2457,,,1,15,,53505,2457,,,1,15,,53483,2457,,,1,15,,53479,2457,,,1,55,,53490,2457,,,1,15,,53492,2457,,,1,15,,53507,2457,,,1,15,,53495,2457,,,1,55,,53467,2457,,,1,16,,53454,2457,,,1,15,,53506,2457,,,1,14,,53477,2457,,,1,54,,53460,2457,,,1,4,,53491,2457,,,1,13,,53498,2457,,,1,15,,53493,2457,,,1,15,,53458,2457,,,1,55,,53478,2457,,,1,15,,53496,2457,,,1,12,,53468,2457,,,1,12,,53511,2457,,,1,13,,53484,2457,,,1,51,,53459,2457,,,1,12,,53503,2457,,,1,12,,53508,2457,,,1,11,,53499,2457,,,1,12,,53494,2457,,,1,52,,53504,2457,,,1,12,,53480,2457,,,1,10,,53473,2457,,,1,10,,53497,2457,,,1,20,,53500,2457,,,1,67,,53509,2457,,,1,30,,53512,2457,,,1,70,,53474,2457,,,1,29,,53501,2457,,,1,70,,53510,2457,,,1,30,,53513,2457,,,1,85,,53463,2457,,,1,100,,53502,2457,,,1,99,,53464,2457,,,1,100,,53465,2457,,,1
2800,'DI',847,,56189,2457,0,32 33,1,100,,56184,2457,0,32 33,1,100,,56188,2457,0,32 33,1,100,,56185,2457,0,32 33,1,100,,56187,2457,0,32 33,1,100,,56183,2457,0,32 33,1,100,,56186,2457,0,32 33,1,101,,56182,2457,0,32 33,1,99,,56190,2457,0,32 33,1,100,,56191,2457,0,32 33,1
2800,'F1',847,,56199,2457,0,32 33,1,100,,56194,2457,0,32 33,1,100,,56198,2457,0,32 33,1,100,,56195,2457,0,32 33,1,100,,56197,2457,0,32 33,1,100,,56193,2457,0,32 33,1,100,,56196,2457,0,32 33,1,101,,56192,2457,0,32 33,1,99,,56200,2457,0,32 33,1,100,,56201,2457,0,32 33,1
2800,'F2',849,,56207,2457,0,32 33,1,98,,56205,2457,0,32 33,1,103,,56202,2457,0,32 33,1,97,,56208,2457,0,32 33,1,101,,45930,2457,0,32 33,1,100,,56210,2457,0,32 33,1,99,,56204,2457,0,32 33,1,103,,56203,2457,0,32 33,1,99,,56206,2457,0,32 33,1,98,,56209,2457,0,32 33,1
2800,'SA',849,,56216,2457,0,32 33,1,98,,56214,2457,0,32 33,1,103,,56211,2457,0,32 33,1,97,,56217,2457,0,32 33,1,101,,6923,2457,0,32 33,1,100,,56219,2457,0,32 33,1,99,,56213,2457,0,32 33,1,103,,56212,2457,0,32 33,1,99,,56215,2457,0,32 33,1,98,,56218,2457,0,32 33,1
2800,'SE',611,,56256,2457,0,32 33,1,46,,56253,2457,0,32 33,1,62,,56259,2457,0,32 33,1,3,,56252,2457,0,32 33,1,16,,56233,2457,0,32 33,1,13,,56240,2457,0,32 33,1,55,,56258,2457,0,32 33,1,15,,56220,2457,0,32 33,1,14,,56222,2457,0,32 33,1,18,,56221,2457,0,32 33,1,70,,56236,2457,0,32 33,1,30,,56241,2457,0,32 33,1,70,,56232,2457,0,32 33,1,30,,56223,2457,0,32 33,1,70,,56242,2457,0,32 33,1,30,,56226,2457,0,32 33,1,70,,56224,2457,0,32 33,1,30,,56243,2457,0,32 33,1,70,,56227,2457,0,32 33,1,30,,56225,2457,0,32 33,1,70,,56238,2457,0,32 33,1,31,,56254,2457,0,32 33,1,56,,56244,2457,0,32 33,1,14,,56229,2457,0,32 33,1,15,,56246,2457,0,32 33,1,15,,56257,2457,0,32 33,1,55,,56228,2457,0,32 33,1,14,,56231,2457,0,32 33,1,12,,56255,2457,0,32 33,1,12,,56245,2457,0,32 33,1,12,,56230,2457,0,32 33,1,52,,56235,2457,0,32 33,1,12,,56247,2457,0,32 33,1,12,,56239,2457,0,32 33,1,11,,45957,2457,0,32 33,1,12,,56249,2457,0,32 33,1,52,,56250,2457,0,32 33,1,13,,56248,2457,0,32 33,1,95,,56234,2457,0,32 33,1,100,,56251,2457,0,32 33,1,99,,56237,2457,0,32 33,1
8100,'DI',653,,60369,2390,,,1,100,,60378,2390,,,1,103,,60364,2390,,,1,100,,60381,2390,,,1,100,,60379,2390,,,1,100,,60366,2390,,,1,100,,60365,2390,,,1,100,,60373,2390,,,1,100,,60375,2390,,,1,100,,60382,2390,,,1,96,,60367,2390,,,1,148,,60377,2390,,,1,56,,60371,2390,,,1,100,,60370,2390,,,1,100,,60376,2390,,,1,100,,60372,2390,,,1,100,,60374,2390,,,1,100,,60368,2390,,,1,100,,60380,2390,,,1
8100,'F1',653,,60388,2390,,,1,100,,60397,2390,,,1,103,,60383,2390,,,1,100,,60400,2390,,,1,100,,60398,2390,,,1,100,,60385,2390,,,1,100,,60384,2390,,,1,100,,60392,2390,,,1,100,,60394,2390,,,1,100,,60401,2390,,,1,96,,60386,2390,,,1,148,,60396,2390,,,1,56,,60390,2390,,,1,100,,60389,2390,,,1,100,,60395,2390,,,1,100,,60391,2390,,,1,100,,60393,2390,,,1,100,,60387,2390,,,1,100,,60399,2390,,,1
8100,'F2',653,,60405,2390,,,1,100,,60403,2390,,,1,103,,60420,2390,,,1,100,,60406,2390,,,1,100,,60409,2390,,,1,100,,60410,2390,,,1,100,,60413,2390,,,1,100,,60411,2390,,,1,100,,60404,2390,,,1,100,,60402,2390,,,1,100,,60412,2390,,,1,144,,60414,2390,,,1,56,,60407,2390,,,1,100,,60408,2390,,,1,100,,60415,2390,,,1,100,,60417,2390,,,1,100,,60421,2390,,,1,100,,60416,2390,,,1,100,,60418,2390,,,1,100,,60419,2390,,,1
8100,'SA',653,,60425,2390,,,1,100,,60423,2390,,,1,103,,60440,2390,,,1,100,,60426,2390,,,1,100,,60429,2390,,,1,100,,60430,2390,,,1,100,,60433,2390,,,1,100,,60431,2390,,,1,100,,60424,2390,,,1,100,,60422,2390,,,1,100,,60432,2390,,,1,144,,60434,2390,,,1,56,,60427,2390,,,1,100,,60428,2390,,,1,100,,60435,2390,,,1,100,,60437,2390,,,1,100,,60441,2390,,,1,100,,60436,2390,,,1,100,,60438,2390,,,1,100,,60439,2390,,,1
8100,'SE',614,,60444,2390,,,1,38,,60453,2390,,,1,69,,60443,2390,,,1,31,,60459,2390,,,1,69,,60450,2390,,,1,36,,60464,2390,,,1,99,,60445,2390,,,1,100,,60449,2390,,,1,100,,60451,2390,,,1,100,,60465,2390,,,1,100,,60466,2390,,,1,100,,60446,2390,,,1,69,,60448,2390,,,1,32,,60460,2390,,,1,70,,60467,2390,,,1,30,,60463,2390,,,1,70,,60442,2390,,,1,30,,60455,2390,,,1,70,,60457,2390,,,1,29,,60454,2390,,,1,100,,60447,2390,,,1,100,,60452,2390,,,1,100,,60461,2390,,,1,100,,60456,2390,,,1,100,,60468,2390,,,1,100,,60462,2390,,,1,100,,60458,2390,,,1
8800,'DI',708,,60913,2457,,,1,30,,60910,2457,,,1,70,,60920,2457,,,1,30,,60927,2457,,,1,70,,60914,2457,,,1,30,,60911,2457,,,1,71,,60921,2457,,,1,30,,60928,2457,,,1,70,,60917,2457,,,1,30,,60912,2457,,,1,70,,60922,2457,,,1,30,,60926,2457,,,1,70,,60929,2457,,,1,30,,60909,2457,,,1,70,,60923,2457,,,1,30,,60907,2457,,,1,70,,60930,2457,,,1,30,,60918,2457,,,1,70,,60924,2457,,,1,30,,60908,2457,,,1,70,,60931,2457,,,1,30,,60919,2457,,,1,70,,60925,2457,,,1,100,,60933,2457,,,1,100,,60932,2457,,,1,100,,60934,2457,,,1,100,,60915,2457,,,1,98,,60935,2457,,,1,100,,60916,2457,,,1,100,,60906,2457,,,1
8800,'F1',708,,60943,2457,,,1,30,,60940,2457,,,1,70,,60950,2457,,,1,30,,60957,2457,,,1,70,,60944,2457,,,1,30,,60941,2457,,,1,71,,60951,2457,,,1,30,,60958,2457,,,1,70,,60947,2457,,,1,30,,60942,2457,,,1,70,,60952,2457,,,1,30,,60956,2457,,,1,70,,60959,2457,,,1,30,,60939,2457,,,1,70,,60953,2457,,,1,30,,60937,2457,,,1,70,,60960,2457,,,1,30,,60948,2457,,,1,70,,60954,2457,,,1,30,,60938,2457,,,1,70,,60961,2457,,,1,30,,60949,2457,,,1,70,,60955,2457,,,1,100,,60963,2457,,,1,100,,60962,2457,,,1,100,,60964,2457,,,1,100,,60945,2457,,,1,98,,60965,2457,,,1,100,,60946,2457,,,1,100,,60936,2457,,,1
8800,'F2',708,,60972,2457,,,1,30,,60978,2457,,,1,71,,60985,2457,,,1,30,,60987,2457,,,1,70,,60973,2457,,,1,30,,60979,2457,,,1,70,,60986,2457,,,1,30,,60988,2457,,,1,70,,60974,2457,,,1,30,,60980,2457,,,1,70,,60992,2457,,,1,30,,60989,2457,,,1,70,,60975,2457,,,1,30,,60981,2457,,,1,70,,60995,2457,,,1,30,,60967,2457,,,1,70,,60976,2457,,,1,30,,60970,2457,,,1,70,,60996,2457,,,1,30,,60968,2457,,,1,71,,60991,2457,,,1,29,,60971,2457,,,1,71,,60993,2457,,,1,29,,60969,2457,,,1,70,,60982,2457,,,1,100,,60994,2457,,,1,100,,60983,2457,,,1,99,,60990,2457,,,1,100,,60984,2457,,,1,100,,60966,2457,,,1,100,,60977,2457,,,1
8800,'SA',708,,61003,2457,,,1,30,,61009,2457,,,1,71,,61016,2457,,,1,30,,61018,2457,,,1,70,,61004,2457,,,1,30,,61010,2457,,,1,70,,61017,2457,,,1,30,,61019,2457,,,1,70,,61005,2457,,,1,30,,61011,2457,,,1,70,,61023,2457,,,1,30,,61020,2457,,,1,70,,61006,2457,,,1,30,,61012,2457,,,1,70,,61026,2457,,,1,30,,60998,2457,,,1,70,,61007,2457,,,1,30,,61001,2457,,,1,70,,61027,2457,,,1,30,,60999,2457,,,1,71,,61022,2457,,,1,29,,61002,2457,,,1,71,,61024,2457,,,1,29,,61000,2457,,,1,70,,61013,2457,,,1,100,,61025,2457,,,1,100,,61014,2457,,,1,99,,61021,2457,,,1,100,,61015,2457,,,1,100,,60997,2457,,,1,100,,61008,2457,,,1
8800,'SE',706,,61071,2457,,,1,21,,61070,2457,,,1,15,,61042,2457,,,1,14,,61045,2457,,,1,55,,61046,2457,,,1,15,,61047,2457,,,1,15,,61034,2457,,,1,69,,61030,2457,,,1,30,,61059,2457,,,1,70,,61069,2457,,,1,30,,61031,2457,,,1,70,,61066,2457,,,1,30,,61067,2457,,,1,70,,61028,2457,,,1,30,,61062,2457,,,1,70,,61068,2457,,,1,30,,61060,2457,,,1,71,,61064,2457,,,1,30,,61063,2457,,,1,17,,61043,2457,,,1,56,,61074,2457,,,1,15,,61035,2457,,,1,15,,61072,2457,,,1,15,,61049,2457,,,1,55,,61061,2457,,,1,13,,61065,2457,,,1,12,,61029,2457,,,1,12,,61073,2457,,,1,52,,61054,2457,,,1,13,,61044,2457,,,1,11,,61036,2457,,,1,11,,61075,2457,,,1,12,,61037,2457,,,1,52,,61039,2457,,,1,12,,61050,2457,,,1,19,,61038,2457,,,1,15,,61076,2457,,,1,62,,61055,2457,,,1,30,,61040,2457,,,1,70,,61051,2457,,,1,29,,61077,2457,,,1,70,,61056,2457,,,1,30,,61041,2457,,,1,70,,61052,2457,,,1,100,,61057,2457,,,1,99,,61053,2457,,,1,100,,61058,2457,,,1
