401,'DI',618,,52484,21007,,,1,30,,52500,21007,,,1,70,,52493,21007,,,1,30,,52491,21007,,,1,70,,52485,21007,,,1,30,,52501,21007,,,1,72,,52494,21007,,,1,30,,52504,21007,,,1,70,,52486,21007,,,1,30,,52502,21007,,,1,70,,52495,21007,,,1,30,,52505,21007,,,1,70,,52487,21007,,,1,30,,52511,21007,,,1,70,,52509,21007,,,1,30,,52506,21007,,,1,71,,52488,21007,,,1,29,,52507,21007,,,1,70,,52512,21007,,,1,30,,52496,21007,,,1,72,,52489,21007,,,1,29,,52508,21007,,,1,70,,52513,21007,,,1,34,,52497,21007,,,1,65,,52498,21007,,,1,30,,52514,21007,,,1,70,,52510,21007,,,1,30,,52515,21007,,,1,71,,52499,21007,,,1,29,,52492,21007,,,1,70,,52516,21007,,,1,30,,52518,21007,,,1,100,,52517,21007,,,1,100,,52490,21007,,,1,100,,52503,21007,,,1
401,'F1',618,,52519,21007,,,1,30,,52535,21007,,,1,70,,52528,21007,,,1,30,,52526,21007,,,1,70,,52520,21007,,,1,30,,52536,21007,,,1,72,,52529,21007,,,1,30,,52539,21007,,,1,70,,52521,21007,,,1,30,,52537,21007,,,1,70,,52530,21007,,,1,30,,52540,21007,,,1,70,,52522,21007,,,1,30,,52546,21007,,,1,70,,52544,21007,,,1,30,,52541,21007,,,1,71,,52523,21007,,,1,29,,52542,21007,,,1,70,,52547,21007,,,1,30,,52531,21007,,,1,72,,52524,21007,,,1,29,,52543,21007,,,1,70,,52548,21007,,,1,34,,52532,21007,,,1,65,,52533,21007,,,1,30,,52549,21007,,,1,70,,52545,21007,,,1,30,,52550,21007,,,1,71,,52534,21007,,,1,29,,52527,21007,,,1,70,,52551,21007,,,1,30,,52553,21007,,,1,100,,52552,21007,,,1,100,,52525,21007,,,1,100,,52538,21007,,,1
401,'F2',618,,52573,21007,,,1,30,,52557,21007,,,1,70,,52561,21007,,,1,30,,52555,21007,,,1,70,,52574,21007,,,1,30,,52558,21007,,,1,72,,52562,21007,,,1,30,,52556,21007,,,1,70,,52575,21007,,,1,30,,52559,21007,,,1,70,,52563,21007,,,1,30,,52580,21007,,,1,70,,52578,21007,,,1,32,,52554,21007,,,1,70,,52565,21007,,,1,30,,52571,21007,,,1,70,,52566,21007,,,1,30,,52582,21007,,,1,70,,52560,21007,,,1,30,,52579,21007,,,1,70,,52576,21007,,,1,30,,52572,21007,,,1,70,,52568,21007,,,1,30,,52570,21007,,,1,70,,52583,21007,,,1,28,,52567,21007,,,1,70,,52586,21007,,,1,30,,52584,21007,,,1,70,,52585,21007,,,1,30,,52577,21007,,,1,70,,52587,21007,,,1,30,,52588,21007,,,1,100,,52581,21007,,,1,100,,52569,21007,,,1,100,,52564,21007,,,1
401,'SA',618,,52608,21007,,,1,30,,52592,21007,,,1,70,,52596,21007,,,1,30,,52590,21007,,,1,70,,52609,21007,,,1,30,,52593,21007,,,1,72,,52597,21007,,,1,30,,52591,21007,,,1,70,,52610,21007,,,1,30,,52594,21007,,,1,70,,52598,21007,,,1,30,,52615,21007,,,1,70,,52613,21007,,,1,32,,52589,21007,,,1,70,,52600,21007,,,1,30,,52606,21007,,,1,70,,52601,21007,,,1,30,,52617,21007,,,1,70,,52595,21007,,,1,30,,52614,21007,,,1,70,,52611,21007,,,1,30,,52607,21007,,,1,70,,52603,21007,,,1,30,,52605,21007,,,1,70,,52618,21007,,,1,28,,52602,21007,,,1,70,,52621,21007,,,1,30,,52619,21007,,,1,70,,52620,21007,,,1,30,,52612,21007,,,1,70,,52622,21007,,,1,30,,52623,21007,,,1,100,,52616,21007,,,1,100,,52604,21007,,,1,100,,52599,21007,,,1
401,'SE',624,,52638,21007,,,1,22,,52634,21007,,,1,58,,52647,21007,,,1,21,,52625,21007,,,1,76,,52656,21007,,,1,33,,52643,21007,,,1,73,,52653,21007,,,1,30,,52652,21007,,,1,70,,52630,21007,,,1,30,,52637,21007,,,1,70,,52657,21007,,,1,30,,52636,21007,,,1,70,,52635,21007,,,1,30,,52626,21007,,,1,74,,52645,21007,,,1,32,,52662,21007,,,1,70,,52648,21007,,,1,30,,52629,21007,,,1,66,,52624,21007,,,1,34,,52632,21007,,,1,15,,52649,21007,,,1,63,,52633,21007,,,1,26,,52639,21007,,,1,59,,52627,21007,,,1,20,,52655,21007,,,1,22,,52644,21007,,,1,53,,52659,21007,,,1,20,,52661,21007,,,1,24,,52640,21007,,,1,14,,52651,21007,,,1,67,,52628,21007,,,1,30,,52660,21007,,,1,67,,52646,21007,,,1,27,,52658,21007,,,1,70,,52641,21007,,,1,30,,52654,21007,,,1,70,,52663,21007,,,1,100,,52650,21007,,,1,95,,52631,21007,,,1,100,,52642,21007,,,1
1400,'SE',615,,54241,14891,,,1,30,,54248,14891,,,1,70,,54246,14891,,,1,30,,54242,14891,,,1,70,,54245,14891,,,1,29,,54244,14891,,,1,72,,54239,14891,,,1,694,,54250,14891,,,1,19,,54247,14891,,,1,28,,54249,14891,,,1,62,,54240,14891,,,1,17,,54235,14891,,,1,20,,54236,14891,,,1,57,,54238,14891,,,1,21,,54237,14891,,,1,19,,54243,14891,,,1
3201,'DI',550,,56660,10798,,,1,99,,56661,10798,,,1,101,,56662,10798,,,1,100,,56663,10798,,,1,102,,56669,10798,,,1,101,,56668,10798,,,1,102,,56664,10798,,,1,103,,56665,10798,,,1,143,,56672,10798,,,1,58,,56670,10798,,,1,143,,56666,10798,,,1,56,,56673,10798,,,1,97,,56671,10798,,,1,99,,56674,10798,,,1,99,,56677,10798,,,1,99,,56675,10798,,,1,100,,56679,10798,,,1,100,,56678,10798,,,1,100,,56676,10798,,,1,100,,56680,10798,,,1,99,,56667,10798,,,1
3201,'F1',550,,56681,10798,,,1,99,,56682,10798,,,1,101,,56683,10798,,,1,100,,56684,10798,,,1,102,,56690,10798,,,1,101,,56689,10798,,,1,102,,56685,10798,,,1,103,,56686,10798,,,1,143,,56693,10798,,,1,58,,56691,10798,,,1,143,,56687,10798,,,1,56,,56694,10798,,,1,97,,56692,10798,,,1,99,,56695,10798,,,1,99,,56698,10798,,,1,99,,56696,10798,,,1,100,,56700,10798,,,1,100,,56699,10798,,,1,100,,56697,10798,,,1,100,,56701,10798,,,1,99,,56688,10798,,,1
3201,'F2',550,,56703,10798,,,1,99,,56704,10798,,,1,101,,56705,10798,,,1,97,,56710,10798,,,1,103,,56712,10798,,,1,102,,56702,10798,,,1,103,,56711,10798,,,1,101,,56713,10798,,,1,146,,56714,10798,,,1,102,,56716,10798,,,1,96,,56706,10798,,,1,58,,56715,10798,,,1,97,,56717,10798,,,1,99,,56707,10798,,,1,99,,56718,10798,,,1,99,,56722,10798,,,1,100,,56720,10798,,,1,100,,56719,10798,,,1,100,,56708,10798,,,1,100,,56721,10798,,,1,99,,56709,10798,,,1
3201,'SA',550,,56724,10798,,,1,99,,56725,10798,,,1,101,,56726,10798,,,1,97,,56731,10798,,,1,103,,56733,10798,,,1,102,,56723,10798,,,1,103,,56732,10798,,,1,101,,56734,10798,,,1,146,,56735,10798,,,1,102,,56737,10798,,,1,96,,56727,10798,,,1,58,,56736,10798,,,1,97,,56738,10798,,,1,99,,56728,10798,,,1,99,,56739,10798,,,1,99,,56743,10798,,,1,100,,56741,10798,,,1,100,,56740,10798,,,1,100,,56729,10798,,,1,100,,56742,10798,,,1,99,,56730,10798,,,1
3201,'SE',528,,56767,15085,,,1,30,,56758,15085,,,1,70,,56764,15085,,,1,31,,56757,15085,,,1,76,,56759,15085,,,1,68,,56760,15085,,,1,24,,56766,15085,,,1,30,,56756,15085,,,1,75,,56770,15085,,,1,93,,56750,10798,,,1,101,,56745,10798,,,1,100,,56755,10798,,,1,100,,56749,10798,,,1,100,,56751,10798,,,1,103,,56753,10798,,,1,105,,56746,10798,,,1,21,,56768,15085,,,1,72,,56765,15085,,,1,30,,56762,15085,,,1,70,,56769,15085,,,1,23,,56761,15085,,,1,70,,56771,15085,,,1,25,,56763,15085,,,1,85,,56748,10798,,,1,100,,56752,10798,,,1,98,,56754,10798,,,1,100,,56744,10798,,,1,97,,56747,10798,,,1
11401,'DI',651,,61600,7247,,,1,101,,61601,7247,,,1,100,,61602,7247,,,1,100,,61603,7247,,,1,100,,61598,7247,,,1,100,,61599,7247,,,1,100,,61596,7247,,,1,100,,61597,7247,,,1,100,,61612,7247,,,1,100,,61613,7247,,,1,102,,61614,7247,,,1,99,,61604,7247,,,1,100,,61605,7247,,,1,100,,61606,7247,,,1,98,,61607,7247,,,1,100,,61608,7247,,,1,100,,61609,7247,,,1,100,,61610,7247,,,1,100,,61611,7247,,,1
11401,'F1',651,,61619,7247,,,1,101,,61620,7247,,,1,100,,61621,7247,,,1,100,,61622,7247,,,1,100,,61617,7247,,,1,100,,61618,7247,,,1,100,,61615,7247,,,1,100,,61616,7247,,,1,100,,61631,7247,,,1,100,,61632,7247,,,1,102,,61633,7247,,,1,99,,61623,7247,,,1,100,,61624,7247,,,1,100,,61625,7247,,,1,98,,61626,7247,,,1,100,,61627,7247,,,1,100,,61628,7247,,,1,100,,61629,7247,,,1,100,,61630,7247,,,1
11401,'F2',651,,61637,7247,,,1,101,,61638,7247,,,1,100,,61639,7247,,,1,100,,61640,7247,,,1,100,,61641,7247,,,1,100,,61642,7247,,,1,100,,61648,7247,,,1,100,,61649,7247,,,1,100,,61650,7247,,,1,100,,61651,7247,,,1,102,,61652,7247,,,1,99,,61634,7247,,,1,100,,61635,7247,,,1,100,,61636,7247,,,1,98,,61643,7247,,,1,100,,61644,7247,,,1,100,,61645,7247,,,1,100,,61646,7247,,,1,100,,61647,7247,,,1
11401,'SA',651,,61656,7247,,,1,101,,61657,7247,,,1,100,,61658,7247,,,1,100,,61659,7247,,,1,100,,61660,7247,,,1,100,,61661,7247,,,1,100,,61667,7247,,,1,100,,61668,7247,,,1,100,,61669,7247,,,1,100,,61670,7247,,,1,102,,61671,7247,,,1,99,,61653,7247,,,1,100,,61654,7247,,,1,100,,61655,7247,,,1,98,,61662,7247,,,1,100,,61663,7247,,,1,100,,61664,7247,,,1,100,,61665,7247,,,1,100,,61666,7247,,,1
11401,'SE',601,,61698,7247,,,1,30,,61678,7247,,,1,70,,61699,7247,,,1,22,,61674,7247,,,1,20,,61682,7247,,,1,60,,61700,7247,,,1,17,,61705,7247,,,1,20,,61679,7247,,,1,63,,61710,7247,,,1,19,,61706,7247,,,1,20,,61680,7247,,,1,60,,61711,7247,,,1,20,,61707,7247,,,1,23,,61681,7247,,,1,57,,61712,7247,,,1,20,,61708,7247,,,1,20,,61683,7247,,,1,60,,61713,7247,,,1,20,,61709,7247,,,1,20,,61684,7247,,,1,60,,61702,7247,,,1,20,,61686,7247,,,1,20,,61685,7247,,,1,60,,61703,7247,,,1,20,,61687,7247,,,1,20,,61690,7247,,,1,60,,61704,7247,,,1,20,,61688,7247,,,1,20,,61691,7247,,,1,60,,61675,7247,,,1,19,,61672,7247,,,1,24,,61692,7247,,,1,60,,61701,7247,,,1,20,,61673,7247,,,1,20,,61720,7247,,,1,58,,61689,7247,,,1,20,,61693,7247,,,1,17,,61697,7247,,,1,63,,61676,7247,,,1,20,,61677,7247,,,1,30,,61714,7247,,,1,68,,61717,7247,,,1,30,,61715,7247,,,1,70,,61718,7247,,,1,30,,61716,7247,,,1,70,,61719,7247,,,1,100,,61694,7247,,,1,100,,61695,7247,,,1,100,,61696,7247,,,1
13201,'DI',731,,62059,12220,,,1,100,,62060,12220,,,1,101,,62057,12220,,,1,100,,62055,12220,,,1,100,,62061,12220,,,1,100,,62058,12220,,,1,100,,62062,12220,,,1,100,,62056,12220,,,1,100,,62064,12220,,,1,105,,62063,12220,,,1,95,,62066,12220,,,1,100,,62065,12220,,,1,101,,62067,12220,,,1,96,,62071,12220,,,1,100,,62069,12220,,,1,100,,62068,12220,,,1,100,,62072,12220,,,1,100,,62070,12220,,,1
13201,'F1',731,,62077,12220,,,1,100,,62078,12220,,,1,101,,62075,12220,,,1,100,,62073,12220,,,1,100,,62079,12220,,,1,100,,62076,12220,,,1,100,,62080,12220,,,1,100,,62074,12220,,,1,100,,62082,12220,,,1,105,,62081,12220,,,1,95,,62084,12220,,,1,100,,62083,12220,,,1,101,,62085,12220,,,1,96,,62089,12220,,,1,100,,62087,12220,,,1,100,,62086,12220,,,1,100,,62090,12220,,,1,100,,62088,12220,,,1
13201,'F2',731,,62094,12220,,,1,100,,62097,12220,,,1,101,,62092,12220,,,1,100,,62095,12220,,,1,103,,62098,12220,,,1,97,,62091,12220,,,1,104,,62096,12220,,,1,96,,62099,12220,,,1,104,,62100,12220,,,1,96,,62102,12220,,,1,100,,62093,12220,,,1,100,,62101,12220,,,1,101,,62103,12220,,,1,96,,62106,12220,,,1,100,,62104,12220,,,1,100,,62108,12220,,,1,100,,62107,12220,,,1,100,,62105,12220,,,1
13201,'SA',731,,62112,12220,,,1,100,,62115,12220,,,1,101,,62110,12220,,,1,100,,62113,12220,,,1,103,,62116,12220,,,1,97,,62109,12220,,,1,104,,62114,12220,,,1,96,,62117,12220,,,1,104,,62118,12220,,,1,96,,62120,12220,,,1,100,,62111,12220,,,1,100,,62119,12220,,,1,101,,62121,12220,,,1,96,,62124,12220,,,1,100,,62122,12220,,,1,100,,62126,12220,,,1,100,,62125,12220,,,1,100,,62123,12220,,,1
13201,'SE',603,,62151,12220,,,1,30,,62132,12220,,,1,75,,62140,12220,,,1,20,,62129,12220,,,1,25,,62138,12220,,,1,50,,62130,12220,,,1,10,,62142,12220,,,1,22,,62141,12220,,,1,17,,62136,12220,,,1,55,,62139,12220,,,1,20,,62143,12220,,,1,19,,62131,12220,,,1,59,,62137,12220,,,1,97,,62144,12220,,,1,99,,62135,12220,,,1,56,,62146,12220,,,1,100,,62127,12220,,,1,151,,62153,12220,,,1,11,,62134,12220,,,1,3,,62149,12220,,,1,83,,62147,12220,,,1,25,,62154,12220,,,1,21,,62150,12220,,,1,58,,62133,12220,,,1,23,,62148,12220,,,1,19,,62152,12220,,,1,57,,62145,12220,,,1,19,,62128,12220,,,1,80,,62155,12220,,,1
69300,'SE',1633,,63579,8012,,,2,1,,63580,8012,,,2
