101,'DI',626,,51926,3853,,,1,100,,51927,3853,,,1,100,,51928,3853,,,1,100,,51921,3853,,,1,100,,51922,3853,,,1,100,,51923,3853,,,1,100,,51924,3853,,,1,100,,51925,3853,,,1,101,,51930,3853,,,1,100,,51929,3853,,,1,98,,51911,3853,,,1,100,,51912,3853,,,1,100,,51913,3853,,,1,100,,51914,3853,,,1,100,,51915,3853,,,1,100,,51916,3853,,,1,100,,51917,3853,,,1,100,,51918,3853,,,1,100,,51919,3853,,,1,100,,51920,3853,,,1
101,'F1',626,,51946,3853,,,1,100,,51947,3853,,,1,100,,51948,3853,,,1,100,,51941,3853,,,1,100,,51942,3853,,,1,100,,51943,3853,,,1,100,,51944,3853,,,1,100,,51945,3853,,,1,101,,51950,3853,,,1,100,,51949,3853,,,1,98,,51931,3853,,,1,100,,51932,3853,,,1,100,,51933,3853,,,1,100,,51934,3853,,,1,100,,51935,3853,,,1,100,,51936,3853,,,1,100,,51937,3853,,,1,100,,51938,3853,,,1,100,,51939,3853,,,1,100,,51940,3853,,,1
101,'F2',556,,51951,3853,,,1,70,,43132,3853,,,1,30,,51952,3853,,,1,70,,43133,3853,,,1,30,,51953,3853,,,1,70,,43134,3853,,,1,30,,51954,3853,,,1,70,,43135,3853,,,1,30,,51963,3853,,,1,70,,43136,3853,,,1,30,,51964,3853,,,1,70,,43137,3853,,,1,30,,51955,3853,,,1,70,,51965,3853,,,1,30,,51969,3853,,,1,70,,51975,3853,,,1,31,,51970,3853,,,1,70,,51976,3853,,,1,30,,51971,3853,,,1,70,,51977,3853,,,1,28,,51966,3853,,,1,70,,51972,3853,,,1,30,,51967,3853,,,1,70,,51973,3853,,,1,30,,51968,3853,,,1,70,,51974,3853,,,1,100,,51956,3853,,,1,100,,51957,3853,,,1,100,,51958,3853,,,1,100,,51959,3853,,,1,100,,51960,3853,,,1,100,,51961,3853,,,1,100,,51962,3853,,,1
101,'SA',556,,51978,3853,,,1,70,,20561,3853,,,1,30,,51979,3853,,,1,70,,20562,3853,,,1,30,,51980,3853,,,1,70,,20563,3853,,,1,30,,51981,3853,,,1,70,,20564,3853,,,1,30,,51990,3853,,,1,70,,20565,3853,,,1,30,,51991,3853,,,1,70,,20566,3853,,,1,30,,51982,3853,,,1,70,,51992,3853,,,1,30,,51996,3853,,,1,70,,52002,3853,,,1,31,,51997,3853,,,1,70,,52003,3853,,,1,30,,51998,3853,,,1,70,,52004,3853,,,1,28,,51993,3853,,,1,70,,51999,3853,,,1,30,,51994,3853,,,1,70,,52000,3853,,,1,30,,51995,3853,,,1,70,,52001,3853,,,1,100,,51983,3853,,,1,100,,51984,3853,,,1,100,,51985,3853,,,1,100,,51986,3853,,,1,100,,51987,3853,,,1,100,,51988,3853,,,1,100,,51989,3853,,,1
101,'SE',508,,52025,3853,,,1,30,,52026,3853,,,1,20,,52024,3853,,,1,60,,52005,3853,,,1,20,,52020,3853,,,1,16,,52044,3853,,,1,62,,52007,3853,,,1,10,,52006,3853,,,1,20,,52023,3853,,,1,55,,52041,3853,,,1,15,,52038,3853,,,1,15,,52008,3853,,,1,14,,52039,3853,,,1,60,,52047,3853,,,1,20,,52009,3853,,,1,20,,52017,3853,,,1,70,,52042,3853,,,1,30,,52030,3853,,,1,70,,52028,3853,,,1,30,,52048,3853,,,1,70,,52037,3853,,,1,31,,52045,3853,,,1,70,,52022,3853,,,1,30,,52018,3853,,,1,70,,52031,3853,,,1,30,,52029,3853,,,1,71,,52019,3853,,,1,33,,52033,3853,,,1,57,,52035,3853,,,1,35,,52015,3853,,,1,71,,52021,3853,,,1,34,,52016,3853,,,1,65,,52043,3853,,,1,27,,52046,3853,,,1,75,,52034,3853,,,1,28,,52027,3853,,,1,70,,52040,3853,,,1,30,,52032,3853,,,1,68,,52010,3853,,,1,30,,52036,3853,,,1,70,,52011,3853,,,1,100,,52012,3853,,,1,99,,52013,3853,,,1,100,,52014,3853,,,1
601,'DI',612,,53163,4726,,,1,30,,53166,4726,,,1,70,,53167,4726,,,1,30,,53172,4726,,,1,70,,53164,4726,,,1,30,,53179,4726,,,1,70,,53185,4726,,,1,30,,53159,4726,,,1,74,,53173,4726,,,1,30,,53189,4726,,,1,70,,53168,4726,,,1,30,,53165,4726,,,1,70,,53160,4726,,,1,33,,53186,4726,,,1,70,,53181,4726,,,1,30,,53180,4726,,,1,70,,53158,4726,,,1,30,,53176,4726,,,1,70,,53187,4726,,,1,30,,53161,4726,,,1,70,,53170,4726,,,1,30,,53174,4726,,,1,70,,53177,4726,,,1,28,,53171,4726,,,1,70,,53175,4726,,,1,30,,53183,4726,,,1,100,,53178,4726,,,1,100,,53169,4726,,,1,100,,53182,4726,,,1,100,,53162,4726,,,1,100,,53188,4726,,,1,100,,53184,4726,,,1
601,'F1',612,,53195,4726,,,1,30,,53198,4726,,,1,70,,53199,4726,,,1,30,,53204,4726,,,1,70,,53196,4726,,,1,30,,53211,4726,,,1,70,,53217,4726,,,1,30,,53191,4726,,,1,74,,53205,4726,,,1,30,,53221,4726,,,1,70,,53200,4726,,,1,30,,53197,4726,,,1,70,,53192,4726,,,1,33,,53218,4726,,,1,70,,53213,4726,,,1,30,,53212,4726,,,1,70,,53190,4726,,,1,30,,53208,4726,,,1,70,,53219,4726,,,1,30,,53193,4726,,,1,70,,53202,4726,,,1,30,,53206,4726,,,1,70,,53209,4726,,,1,28,,53203,4726,,,1,70,,53207,4726,,,1,30,,53215,4726,,,1,100,,53210,4726,,,1,100,,53201,4726,,,1,100,,53214,4726,,,1,100,,53194,4726,,,1,100,,53220,4726,,,1,100,,53216,4726,,,1
601,'F2',612,,53228,4726,,,1,30,,53225,4726,,,1,70,,53247,4726,,,1,30,,53230,4726,,,1,70,,53241,4726,,,1,30,,53226,4726,,,1,74,,53242,4726,,,1,26,,53231,4726,,,1,76,,53223,4726,,,1,23,,53224,4726,,,1,75,,53249,4726,,,1,26,,53232,4726,,,1,70,,53237,4726,,,1,38,,53233,4726,,,1,70,,53238,4726,,,1,29,,53245,4726,,,1,70,,53234,4726,,,1,30,,53250,4726,,,1,70,,53246,4726,,,1,30,,53235,4726,,,1,70,,53243,4726,,,1,30,,53239,4726,,,1,70,,53236,4726,,,1,28,,53229,4726,,,1,70,,53240,4726,,,1,30,,53244,4726,,,1,100,,44001,4726,,,1,100,,53222,4726,,,1,100,,53227,4726,,,1,100,,53248,4726,,,1,100,,53251,4726,,,1,100,,43999,4726,,,1
601,'SA',612,,53258,4726,,,1,30,,53255,4726,,,1,70,,53277,4726,,,1,30,,53260,4726,,,1,70,,53271,4726,,,1,30,,53256,4726,,,1,74,,53272,4726,,,1,26,,53261,4726,,,1,76,,53253,4726,,,1,23,,53254,4726,,,1,75,,53279,4726,,,1,26,,53262,4726,,,1,70,,53267,4726,,,1,38,,53263,4726,,,1,70,,53268,4726,,,1,29,,53275,4726,,,1,70,,53264,4726,,,1,30,,53280,4726,,,1,70,,53276,4726,,,1,30,,53265,4726,,,1,70,,53273,4726,,,1,30,,53269,4726,,,1,70,,53266,4726,,,1,28,,53259,4726,,,1,70,,53270,4726,,,1,30,,53274,4726,,,1,100,,22739,4726,,,1,100,,53252,4726,,,1,100,,53257,4726,,,1,100,,53278,4726,,,1,100,,53281,4726,,,1,100,,22737,4726,,,1
601,'SE',526,,53290,4726,,,1,30,,53289,4726,,,1,72,,53305,4726,,,1,31,,53311,4726,,,1,64,,53294,4726,,,1,77,,53282,4726,,,1,29,,53292,4726,,,1,72,,53295,4726,,,1,28,,53298,4726,,,1,30,,53306,4726,,,1,70,,53291,4726,,,1,30,,53304,4726,,,1,70,,53288,4726,,,1,30,,53296,4726,,,1,70,,53284,4726,,,1,30,,53315,4726,,,1,70,,53316,4726,,,1,30,,53310,4726,,,1,70,,53308,4726,,,1,71,,53285,4726,,,1,30,,53301,4726,,,1,26,,53302,4726,,,1,78,,53299,4726,,,1,66,,53309,4726,,,1,32,,53312,4726,,,1,25,,53314,4726,,,1,72,,53317,4726,,,1,30,,53297,4726,,,1,68,,53318,4726,,,1,30,,53293,4726,,,1,70,,53300,4726,,,1,30,,53313,4726,,,1,70,,53307,4726,,,1,30,,53286,4726,,,1,98,,53283,4726,,,1,100,,53287,4726,,,1,100,,53303,4726,,,1
5501,'SE',627,,58217,3707,,,2,20,,58221,3707,,,2,55,,58223,3707,,,2,15,,58219,3707,,,2,15,,58218,3707,,,2,15,,58225,3707,,,2,55,,58222,3707,,,2,15,,58224,3707,,,2,20,,58220,3707,,,2
50001,'SE',848,,63416,5649,,,2,4,,63416,7135,,,2
50101,'SE',746,,63419,4141,,,2,100,,63420,4141,,,2
53000,'SE',1633,,63434,5978,,,2
65000,'SE',1642,,63515,10542,,,2
