2500,'DI',707,,56116,7926,,,2
2500,'F1',707,,56117,7926,,,2
2500,'F2',707,,56118,7926,,,2
2500,'SA',707,,56119,7926,,,2
2500,'SE',529,,56125,7926,,,2,30,,56127,7926,,,2,69,,56142,7926,,,2,19,,56140,7926,,,2,61,,56136,7926,,,2,19,,56128,7926,,,2,29,,56129,7926,,,2,68,,56131,7926,,,2,77,,56138,7926,,,2,30,,56126,7926,,,2,470,,56130,7926,,,2,30,,56137,7926,,,2,69,,56145,7926,,,2,13,,56144,7926,,,2,18,,56143,7926,,,2,71,,56132,7926,,,2,32,,56120,7926,,,2,69,,56133,7926,,,2,29,,56123,7926,,,2,71,,56121,7926,,,2,28,,56134,7926,,,2,70,,56122,7926,,,2,335,,56139,7926,,,2,83,,56141,7926,,,2,15,,56124,7926,,,2,85,,56135,7926,,,2
12301,'DI',515,,37798,1948,,,1,100,,37808,1948,,,1,100,,37799,1948,,,1,100,,37809,1948,,,1,100,,37800,1948,,,1,100,,37810,1948,,,1,100,,37801,1948,,,1,100,,61842,1948,,,1,100,,37802,1948,,,1,100,,61843,1948,,,1,100,,37803,1948,,,1,100,,61844,1948,,,1,100,,61838,1948,,,1,100,,61845,1948,,,1,100,,61839,1948,,,1,100,,61846,1948,,,1,100,,61840,1948,,,1,100,,61847,1948,,,1,100,,61841,1948,,,1,100,,61848,1948,,,1
12301,'F1',515,,49985,1948,,,1,100,,49995,1948,,,1,100,,49986,1948,,,1,100,,49996,1948,,,1,100,,49987,1948,,,1,100,,49997,1948,,,1,100,,49988,1948,,,1,100,,61853,1948,,,1,100,,49989,1948,,,1,100,,61854,1948,,,1,100,,49990,1948,,,1,100,,61855,1948,,,1,100,,61849,1948,,,1,100,,61856,1948,,,1,100,,61850,1948,,,1,100,,61857,1948,,,1,100,,61851,1948,,,1,100,,61858,1948,,,1,100,,61852,1948,,,1,100,,61859,1948,,,1
12301,'F2',515,,61861,1948,,,1,100,,61860,1948,,,1,100,,61862,1948,,,1,100,,61868,1948,,,1,100,,61872,1948,,,1,100,,61863,1948,,,1,100,,61873,1948,,,1,100,,61864,1948,,,1,100,,61874,1948,,,1,100,,61865,1948,,,1,100,,61875,1948,,,1,100,,61866,1948,,,1,100,,61876,1948,,,1,100,,61867,1948,,,1,100,,61877,1948,,,1,100,,61869,1948,,,1,100,,61878,1948,,,1,100,,61870,1948,,,1,100,,61879,1948,,,1,100,,61871,1948,,,1
12301,'SA',515,,61881,1948,,,1,100,,61880,1948,,,1,100,,61882,1948,,,1,100,,61888,1948,,,1,100,,61892,1948,,,1,100,,61883,1948,,,1,100,,61893,1948,,,1,100,,61884,1948,,,1,100,,61894,1948,,,1,100,,61885,1948,,,1,100,,61895,1948,,,1,100,,61886,1948,,,1,100,,61896,1948,,,1,100,,61887,1948,,,1,100,,61897,1948,,,1,100,,61889,1948,,,1,100,,61898,1948,,,1,100,,61890,1948,,,1,100,,61899,1948,,,1,100,,61891,1948,,,1
12301,'SE',500,,61913,1948,,,1,30,,61916,1948,,,1,20,,50029,1948,,,1,60,,61904,1948,,,1,15,,61902,1948,,,1,25,,61901,1948,,,1,70,,61900,1948,,,1,30,,61903,1948,,,1,70,,61905,1948,,,1,30,,61910,1948,,,1,70,,61912,1948,,,1,96,,61909,1948,,,1,100,,61932,1948,,,1,100,,61908,1948,,,1,100,,61918,1948,,,1,100,,61922,1948,,,1,11,,61921,1948,,,1,23,,50049,1948,,,1,60,,50053,1948,,,1,15,,61927,1948,,,1,19,,61928,1948,,,1,6,,61924,1948,,,1,55,,61929,1948,,,1,10,,61931,1948,,,1,6,,61919,1948,,,1,24,,61926,1948,,,1,70,,50050,1948,,,1,31,,61911,1948,,,1,71,,61917,1948,,,1,26,,61920,1948,,,1,74,,61907,1948,,,1,28,,61906,1948,,,1,70,,61925,1948,,,1,98,,61930,1948,,,1,100,,61914,1948,,,1,100,,61923,1948,,,1,120,,61915,1948,,,1
