3301,'DI',647,,56888,6936,,,2,102,,56889,6936,,,2,100,,56890,6936,,,2,100,,56891,6936,,,2,100,,56892,6936,,,2,100,,56893,6936,,,2,100,,56894,6936,,,2,100,,56895,6936,,,2,100,,56896,6936,,,2,100,,56897,6936,,,2,101,,56898,6936,,,2,97,,56899,6936,,,2,100,,56900,6936,,,2,100,,56901,6936,,,2,100,,56902,6936,,,2,100,,56903,6936,,,2,100,,56904,6936,,,2,100,,56905,6936,,,2,100,,56906,6936,,,2
3301,'F1',647,,56907,6936,,,2,102,,56908,6936,,,2,100,,56909,6936,,,2,100,,56910,6936,,,2,100,,56911,6936,,,2,100,,56912,6936,,,2,100,,56913,6936,,,2,100,,56914,6936,,,2,100,,56915,6936,,,2,100,,56916,6936,,,2,101,,56917,6936,,,2,97,,56918,6936,,,2,100,,56919,6936,,,2,100,,56920,6936,,,2,100,,56921,6936,,,2,100,,56922,6936,,,2,100,,56923,6936,,,2,100,,56924,6936,,,2,100,,56925,6936,,,2
3301,'F2',647,,56926,6936,,,2,102,,56927,6936,,,2,100,,56928,6936,,,2,100,,56929,6936,,,2,100,,56930,6936,,,2,100,,56931,6936,,,2,100,,56932,6936,,,2,100,,56933,6936,,,2,100,,56934,6936,,,2,100,,56935,6936,,,2,101,,56936,6936,,,2,97,,56937,6936,,,2,100,,56938,6936,,,2,100,,56939,6936,,,2,100,,56940,6936,,,2,100,,56941,6936,,,2,100,,56942,6936,,,2,100,,56943,6936,,,2,100,,56944,6936,,,2
3301,'SA',647,,56945,6936,,,2,102,,56946,6936,,,2,100,,56947,6936,,,2,100,,56948,6936,,,2,100,,56949,6936,,,2,100,,56950,6936,,,2,100,,56951,6936,,,2,100,,56952,6936,,,2,100,,56953,6936,,,2,100,,56954,6936,,,2,101,,56955,6936,,,2,97,,56956,6936,,,2,100,,56957,6936,,,2,100,,56958,6936,,,2,100,,56959,6936,,,2,100,,56960,6936,,,2,100,,56961,6936,,,2,100,,56962,6936,,,2,100,,56963,6936,,,2
3301,'SE',547,,56967,6936,,,2,70,,56984,6936,,,2,30,,56964,6936,,,2,55,,57000,6936,,,2,15,,56968,6936,,,2,13,,56998,6936,,,2,20,,56973,6936,,,2,55,,57003,6936,,,2,14,,56969,6936,,,2,15,,56991,6936,,,2,15,,56974,6936,,,2,70,,56975,6936,,,2,30,,56970,6936,,,2,70,,57002,6936,,,2,30,,56971,6936,,,2,70,,56976,6936,,,2,30,,56972,6936,,,2,70,,56977,6936,,,2,30,,56986,6936,,,2,70,,56993,6936,,,2,30,,56992,6936,,,2,70,,57004,6936,,,2,30,,56999,6936,,,2,70,,56994,6936,,,2,30,,56965,6936,,,2,70,,56985,6936,,,2,31,,56966,6936,,,2,67,,56978,6936,,,2,30,,56979,6936,,,2,70,,57001,6936,,,2,30,,56990,6936,,,2,81,,56980,6936,,,2,30,,56996,6936,,,2,70,,56981,6936,,,2,27,,56997,6936,,,2,70,,56982,6936,,,2,30,,56995,6936,,,2,70,,56983,6936,,,2,100,,56987,6936,,,2,100,,56988,6936,,,2,100,,56989,6936,,,2
4401,'DI',649,,57640,6856,,,2,101,,57641,6856,,,2,100,,57637,6856,,,2,100,,57625,6856,,,2,100,,57634,6856,,,2,100,,57626,6856,,,2,100,,57635,6856,,,2,100,,57623,6856,,,2,100,,57638,6856,,,2,101,,57636,6856,,,2,100,,57627,6856,,,2,99,,57639,6856,,,2,100,,57624,6856,,,2,99,,57628,6856,,,2,100,,57629,6856,,,2,100,,57630,6856,,,2,100,,57631,6856,,,2,100,,57632,6856,,,2,100,,57633,6856,,,2
4401,'F1',649,,57659,6856,,,2,101,,57660,6856,,,2,100,,57656,6856,,,2,100,,57644,6856,,,2,100,,57653,6856,,,2,100,,57645,6856,,,2,100,,57654,6856,,,2,100,,57642,6856,,,2,100,,57657,6856,,,2,101,,57655,6856,,,2,100,,57646,6856,,,2,99,,57658,6856,,,2,100,,57643,6856,,,2,99,,57647,6856,,,2,100,,57648,6856,,,2,100,,57649,6856,,,2,100,,57650,6856,,,2,100,,57651,6856,,,2,100,,57652,6856,,,2
4401,'F2',649,,57676,6856,,,2,101,,57677,6856,,,2,100,,57679,6856,,,2,100,,57675,6856,,,2,100,,57668,6856,,,2,100,,57666,6856,,,2,100,,57662,6856,,,2,100,,57678,6856,,,2,100,,57664,6856,,,2,101,,57663,6856,,,2,100,,57661,6856,,,2,99,,57667,6856,,,2,100,,57665,6856,,,2,99,,57669,6856,,,2,100,,57670,6856,,,2,100,,57671,6856,,,2,100,,57672,6856,,,2,100,,57673,6856,,,2,100,,57674,6856,,,2
4401,'SA',649,,57695,6856,,,2,101,,57696,6856,,,2,100,,57698,6856,,,2,100,,57694,6856,,,2,100,,57687,6856,,,2,100,,57685,6856,,,2,100,,57681,6856,,,2,100,,57697,6856,,,2,100,,57683,6856,,,2,101,,57682,6856,,,2,100,,57680,6856,,,2,99,,57686,6856,,,2,100,,57684,6856,,,2,99,,57688,6856,,,2,100,,57689,6856,,,2,100,,57690,6856,,,2,100,,57691,6856,,,2,100,,57692,6856,,,2,100,,57693,6856,,,2
4401,'SE',547,,57703,6856,,,2,70,,57740,6856,,,2,30,,57704,6856,,,2,55,,57741,6856,,,2,15,,57709,6856,,,2,15,,57707,6856,,,2,20,,57705,6856,,,2,53,,57699,6856,,,2,15,,57710,6856,,,2,15,,57708,6856,,,2,15,,57700,6856,,,2,55,,57706,6856,,,2,13,,57736,6856,,,2,30,,57713,6856,,,2,70,,57711,6856,,,2,30,,57714,6856,,,2,70,,57712,6856,,,2,30,,57715,6856,,,2,70,,57717,6856,,,2,30,,57716,6856,,,2,70,,57718,6856,,,2,30,,57722,6856,,,2,70,,57719,6856,,,2,30,,57723,6856,,,2,71,,57720,6856,,,2,30,,57701,6856,,,2,55,,57743,6856,,,2,13,,57744,6856,,,2,17,,57745,6856,,,2,15,,57742,6856,,,2,55,,57724,6856,,,2,15,,57702,6856,,,2,15,,57729,6856,,,2,15,,57731,6856,,,2,55,,57730,6856,,,2,15,,57721,6856,,,2,30,,57735,6856,,,2,68,,57725,6856,,,2,30,,57732,6856,,,2,70,,57726,6856,,,2,30,,57733,6856,,,2,70,,57727,6856,,,2,30,,57734,6856,,,2,70,,57728,6856,,,2,100,,57737,6856,,,2,100,,57738,6856,,,2,100,,57739,6856,,,2
