300,'DI',656,,20635,2610,,,1,100,,488,2610,,,1,100,,20636,2610,,,1,100,,489,2610,,,1,100,,20637,2610,,,1,100,,490,2610,,,1,100,,20638,2610,,,1,100,,491,2610,,,1,100,,492,2610,,,1,100,,493,2610,,,1,100,,494,2610,,,1,100,,495,2610,,,1,100,,20628,2610,,,1,100,,20629,2610,,,1,100,,20630,2610,,,1,100,,20631,2610,,,1,100,,20632,2610,,,1,100,,20633,2610,,,1,100,,20634,2610,,,1
300,'F1',656,,43213,2610,,,1,100,,43198,2610,,,1,100,,43214,2610,,,1,100,,43199,2610,,,1,100,,43215,2610,,,1,100,,43200,2610,,,1,100,,43216,2610,,,1,100,,43201,2610,,,1,100,,43202,2610,,,1,100,,43203,2610,,,1,100,,43204,2610,,,1,100,,43205,2610,,,1,100,,43206,2610,,,1,100,,43207,2610,,,1,100,,43208,2610,,,1,100,,43209,2610,,,1,100,,43210,2610,,,1,100,,43211,2610,,,1,100,,43212,2610,,,1
300,'F2',626,,43217,2610,,,1,30,,43233,2610,,,1,70,,43218,2610,,,1,30,,43224,2610,,,1,70,,43219,2610,,,1,30,,43234,2610,,,1,70,,43220,2610,,,1,30,,43235,2610,,,1,70,,43221,2610,,,1,30,,43225,2610,,,1,70,,43222,2610,,,1,30,,43226,2610,,,1,70,,43223,2610,,,1,30,,43242,2610,,,1,70,,43236,2610,,,1,30,,43227,2610,,,1,70,,43237,2610,,,1,30,,43243,2610,,,1,70,,43238,2610,,,1,30,,43244,2610,,,1,70,,43239,2610,,,1,30,,43245,2610,,,1,70,,43240,2610,,,1,30,,43246,2610,,,1,70,,43241,2610,,,1,30,,43247,2610,,,1,100,,43228,2610,,,1,100,,43229,2610,,,1,100,,43230,2610,,,1,100,,43231,2610,,,1,100,,43248,2610,,,1,100,,43232,2610,,,1
300,'F8',626,,20741,2610,,,1,30,,20757,2610,,,1,70,,20742,2610,,,1,30,,20748,2610,,,1,70,,20743,2610,,,1,30,,20758,2610,,,1,70,,20744,2610,,,1,30,,20759,2610,,,1,70,,20745,2610,,,1,30,,20749,2610,,,1,70,,20746,2610,,,1,30,,20750,2610,,,1,70,,20747,2610,,,1,30,,20766,2610,,,1,70,,20760,2610,,,1,30,,20751,2610,,,1,70,,20761,2610,,,1,30,,20767,2610,,,1,70,,20762,2610,,,1,30,,20768,2610,,,1,70,,20763,2610,,,1,30,,20769,2610,,,1,70,,20764,2610,,,1,30,,20770,2610,,,1,70,,20765,2610,,,1,30,,20771,2610,,,1,100,,20752,2610,,,1,100,,20753,2610,,,1,100,,20754,2610,,,1,100,,20755,2610,,,1,100,,20772,2610,,,1,100,,20756,2610,,,1
300,'F9',656,,20788,2610,,,1,100,,20773,2610,,,1,100,,20789,2610,,,1,100,,20774,2610,,,1,100,,20790,2610,,,1,100,,20775,2610,,,1,100,,20791,2610,,,1,100,,20776,2610,,,1,100,,20777,2610,,,1,100,,20778,2610,,,1,100,,20779,2610,,,1,100,,20780,2610,,,1,100,,20781,2610,,,1,100,,20782,2610,,,1,100,,20783,2610,,,1,100,,20784,2610,,,1,100,,20785,2610,,,1,100,,20786,2610,,,1,100,,20787,2610,,,1
300,'SA',626,,20792,2610,,,1,30,,20808,2610,,,1,70,,20793,2610,,,1,30,,20799,2610,,,1,70,,20794,2610,,,1,30,,20809,2610,,,1,70,,20795,2610,,,1,30,,20810,2610,,,1,70,,20796,2610,,,1,30,,20800,2610,,,1,70,,20797,2610,,,1,30,,20801,2610,,,1,70,,20798,2610,,,1,30,,20811,2610,,,1,70,,624,2610,,,1,30,,20802,2610,,,1,70,,625,2610,,,1,30,,20812,2610,,,1,70,,626,2610,,,1,30,,20813,2610,,,1,70,,627,2610,,,1,30,,20814,2610,,,1,70,,628,2610,,,1,30,,20815,2610,,,1,70,,629,2610,,,1,30,,20816,2610,,,1,100,,20803,2610,,,1,100,,20804,2610,,,1,100,,20805,2610,,,1,100,,20806,2610,,,1,100,,20817,2610,,,1,100,,20807,2610,,,1
300,'SE',544,,43252,2610,,,1,82,,43283,2610,,,1,80,,43249,2610,,,1,40,,43272,2610,,,1,80,,43261,2610,,,1,30,,43266,2610,,,1,70,,43273,2610,,,1,30,,43267,2610,,,1,70,,43274,2610,,,1,30,,43268,2610,,,1,70,,43275,2610,,,1,30,,43269,2610,,,1,70,,43276,2610,,,1,30,,43270,2610,,,1,70,,43277,2610,,,1,30,,43262,2610,,,1,70,,43278,2610,,,1,29,,43263,2610,,,1,61,,43250,2610,,,1,18,,43279,2610,,,1,23,,43264,2610,,,1,61,,43251,2610,,,1,22,,43282,2610,,,1,18,,43285,2610,,,1,59,,43265,2610,,,1,20,,43284,2610,,,1,19,,43253,2610,,,1,73,,43286,2610,,,1,27,,43254,2610,,,1,70,,43280,2610,,,1,30,,43255,2610,,,1,70,,43281,2610,,,1,30,,43256,2610,,,1,70,,43271,2610,,,1,30,,43257,2610,,,1,100,,43258,2610,,,1,100,,43259,2610,,,1,100,,43260,2610,,,1
401,'DI',703,,21399,2553,,,1,30,,21385,2553,,,1,70,,21392,2553,,,1,32,,21405,2553,,,1,70,,21407,2553,,,1,30,,21386,2553,,,1,70,,21393,2553,,,1,30,,21406,2553,,,1,70,,21408,2553,,,1,30,,21387,2553,,,1,70,,21413,2553,,,1,30,,21414,2553,,,1,70,,21409,2553,,,1,31,,21388,2553,,,1,69,,21394,2553,,,1,30,,21416,2553,,,1,70,,21397,2553,,,1,32,,21389,2553,,,1,69,,21395,2553,,,1,30,,21417,2553,,,1,74,,21398,2553,,,1,25,,21410,2553,,,1,70,,21415,2553,,,1,30,,21412,2553,,,1,70,,21390,2553,,,1,31,,21411,2553,,,1,69,,21400,2553,,,1,30,,21383,2553,,,1,70,,21396,2553,,,1,100,,21402,2553,,,1,100,,21404,2553,,,1,100,,21401,2553,,,1
401,'F1',703,,43513,2553,,,1,30,,43499,2553,,,1,70,,43506,2553,,,1,32,,43519,2553,,,1,70,,43521,2553,,,1,30,,43500,2553,,,1,70,,43507,2553,,,1,30,,43520,2553,,,1,70,,43522,2553,,,1,30,,43501,2553,,,1,70,,43527,2553,,,1,30,,43528,2553,,,1,70,,43523,2553,,,1,31,,43502,2553,,,1,69,,43508,2553,,,1,30,,43530,2553,,,1,70,,43511,2553,,,1,32,,43503,2553,,,1,69,,43509,2553,,,1,30,,43531,2553,,,1,74,,43512,2553,,,1,25,,43524,2553,,,1,70,,43529,2553,,,1,30,,43526,2553,,,1,70,,43504,2553,,,1,31,,43525,2553,,,1,69,,43514,2553,,,1,30,,43497,2553,,,1,70,,43510,2553,,,1,100,,43516,2553,,,1,100,,43518,2553,,,1,100,,43515,2553,,,1
401,'F2',703,,43537,2553,,,1,30,,43534,2553,,,1,70,,43541,2553,,,1,32,,43543,2553,,,1,70,,43538,2553,,,1,30,,43535,2553,,,1,70,,43561,2553,,,1,30,,43544,2553,,,1,70,,43555,2553,,,1,30,,43565,2553,,,1,70,,43553,2553,,,1,30,,43564,2553,,,1,70,,43548,2553,,,1,30,,43532,2553,,,1,70,,43545,2553,,,1,30,,43556,2553,,,1,70,,43566,2553,,,1,30,,43563,2553,,,1,70,,43552,2553,,,1,30,,43558,2553,,,1,70,,43551,2553,,,1,30,,43539,2553,,,1,70,,43557,2553,,,1,30,,43547,2553,,,1,70,,43536,2553,,,1,30,,43560,2553,,,1,70,,43546,2553,,,1,30,,43559,2553,,,1,70,,43562,2553,,,1,100,,43554,2553,,,1,100,,43550,2553,,,1,100,,43549,2553,,,1
401,'F8',703,,21531,2553,,,1,30,,21528,2553,,,1,70,,21535,2553,,,1,32,,21537,2553,,,1,70,,21532,2553,,,1,30,,21529,2553,,,1,70,,21555,2553,,,1,30,,21538,2553,,,1,70,,21549,2553,,,1,30,,21559,2553,,,1,70,,21547,2553,,,1,30,,21558,2553,,,1,70,,21542,2553,,,1,30,,21526,2553,,,1,70,,21539,2553,,,1,30,,21550,2553,,,1,70,,21560,2553,,,1,30,,21557,2553,,,1,70,,21546,2553,,,1,30,,21552,2553,,,1,70,,21545,2553,,,1,30,,21533,2553,,,1,70,,21551,2553,,,1,30,,21541,2553,,,1,70,,21530,2553,,,1,30,,21554,2553,,,1,70,,21540,2553,,,1,30,,21553,2553,,,1,70,,21556,2553,,,1,100,,21548,2553,,,1,100,,21544,2553,,,1,100,,21543,2553,,,1
401,'F9',703,,21577,2553,,,1,30,,21563,2553,,,1,70,,21570,2553,,,1,32,,21583,2553,,,1,70,,21585,2553,,,1,30,,21564,2553,,,1,70,,21571,2553,,,1,30,,21584,2553,,,1,70,,21586,2553,,,1,30,,21565,2553,,,1,70,,21591,2553,,,1,30,,21592,2553,,,1,70,,21587,2553,,,1,31,,21566,2553,,,1,69,,21572,2553,,,1,30,,21594,2553,,,1,70,,21575,2553,,,1,32,,21567,2553,,,1,69,,21573,2553,,,1,30,,21595,2553,,,1,74,,21576,2553,,,1,25,,21588,2553,,,1,70,,21593,2553,,,1,30,,21590,2553,,,1,70,,21568,2553,,,1,31,,21589,2553,,,1,69,,21578,2553,,,1,30,,21561,2553,,,1,70,,21574,2553,,,1,100,,21580,2553,,,1,100,,21582,2553,,,1,100,,21579,2553,,,1
401,'SA',703,,1358,2553,,,1,30,,21597,2553,,,1,70,,1361,2553,,,1,32,,1363,2553,,,1,70,,1359,2553,,,1,30,,21598,2553,,,1,70,,21616,2553,,,1,30,,1364,2553,,,1,70,,21610,2553,,,1,30,,21620,2553,,,1,70,,21608,2553,,,1,30,,21619,2553,,,1,70,,21603,2553,,,1,30,,1356,2553,,,1,70,,1365,2553,,,1,30,,21611,2553,,,1,70,,21621,2553,,,1,30,,21618,2553,,,1,70,,21607,2553,,,1,30,,21613,2553,,,1,70,,21606,2553,,,1,30,,21600,2553,,,1,70,,21612,2553,,,1,30,,21602,2553,,,1,70,,21599,2553,,,1,30,,21615,2553,,,1,70,,21601,2553,,,1,30,,21614,2553,,,1,70,,21617,2553,,,1,100,,21609,2553,,,1,100,,21605,2553,,,1,100,,21604,2553,,,1
401,'SE',618,,43571,2553,,,1,21,,43584,2553,,,1,69,,43600,2553,,,1,32,,43574,2553,,,1,73,,43593,2553,,,1,30,,43575,2553,,,1,73,,43570,2553,,,1,30,,43592,2553,,,1,70,,43568,2553,,,1,30,,43572,2553,,,1,70,,43602,2553,,,1,30,,43594,2553,,,1,70,,43576,2553,,,1,32,,43606,2553,,,1,70,,43585,2553,,,1,30,,43567,2553,,,1,66,,43581,2553,,,1,34,,43586,2553,,,1,55,,43579,2553,,,1,23,,43582,2553,,,1,22,,43605,2553,,,1,59,,43577,2553,,,1,20,,43569,2553,,,1,22,,43595,2553,,,1,57,,43573,2553,,,1,20,,43596,2553,,,1,24,,43603,2553,,,1,58,,43578,2553,,,1,27,,43599,2553,,,1,70,,43591,2553,,,1,27,,43589,2553,,,1,70,,43604,2553,,,1,30,,43590,2553,,,1,70,,43601,2553,,,1,30,,43598,2553,,,1,100,,43597,2553,,,1,100,,43588,2553,,,1,100,,43583,2553,,,1
900,'SE',651,,44309,2610,0,58 7,2,69,,44311,2610,0,58 7,2,30,,44310,2610,0,58 7,2,861,,44316,2610,0,58 7,2,33,,44315,2610,0,58 7,2,67,,44314,2610,0,58 7,2,29,,44313,2610,0,58 7,2,70,,44312,2610,0,58 7,2
1900,'DI',621,,25744,2610,0,9,2,100,,25745,2610,0,9,2,100,,25746,2610,0,9,2,104,,25747,2610,0,9,2,100,,25748,2610,0,9,2,100,,25749,2610,0,9,2,100,,25750,2610,0,9,2,100,,25751,2610,0,9,2,100,,25752,2610,0,9,2,100,,25753,2610,0,9,2,100,,25754,2610,0,9,2,100,,25755,2610,0,9,2,100,,25756,2610,0,9,2,100,,25757,2610,0,9,2,100,,25758,2610,0,9,2,100,,25759,2610,0,9,2,100,,25760,2610,0,9,2,100,,25761,2610,0,9,2,100,,25762,2610,0,9,2,100,,25743,2610,0,9,2
1900,'F1',621,,45171,2610,0,9,2,100,,45172,2610,0,9,2,100,,45173,2610,0,9,2,104,,45174,2610,0,9,2,100,,45175,2610,0,9,2,100,,45176,2610,0,9,2,100,,45177,2610,0,9,2,100,,45178,2610,0,9,2,100,,45179,2610,0,9,2,100,,45180,2610,0,9,2,100,,45181,2610,0,9,2,100,,45182,2610,0,9,2,100,,45183,2610,0,9,2,100,,45184,2610,0,9,2,100,,45185,2610,0,9,2,100,,45186,2610,0,9,2,100,,45187,2610,0,9,2,100,,45188,2610,0,9,2,100,,45189,2610,0,9,2,100,,45170,2610,0,9,2
1900,'F2',621,,45190,2610,0,9,2,30,,45199,2610,0,9,2,70,,45191,2610,0,9,2,30,,45200,2610,0,9,2,70,,45192,2610,0,9,2,30,,45201,2610,0,9,2,74,,45193,2610,0,9,2,30,,45202,2610,0,9,2,70,,45194,2610,0,9,2,30,,45203,2610,0,9,2,70,,45195,2610,0,9,2,30,,45215,2610,0,9,2,70,,45196,2610,0,9,2,30,,45216,2610,0,9,2,70,,45197,2610,0,9,2,30,,45217,2610,0,9,2,70,,45198,2610,0,9,2,30,,45218,2610,0,9,2,70,,45204,2610,0,9,2,30,,45219,2610,0,9,2,70,,45205,2610,0,9,2,30,,45220,2610,0,9,2,70,,45206,2610,0,9,2,30,,45221,2610,0,9,2,70,,45207,2610,0,9,2,100,,45208,2610,0,9,2,100,,45209,2610,0,9,2,100,,45210,2610,0,9,2,100,,45211,2610,0,9,2,100,,45212,2610,0,9,2,100,,45213,2610,0,9,2,100,,45214,2610,0,9,2
1900,'F8',621,,25865,2610,0,9,2,30,,25874,2610,0,9,2,70,,25866,2610,0,9,2,30,,25875,2610,0,9,2,70,,25867,2610,0,9,2,30,,25876,2610,0,9,2,74,,25868,2610,0,9,2,30,,25877,2610,0,9,2,70,,25869,2610,0,9,2,30,,25878,2610,0,9,2,70,,25870,2610,0,9,2,30,,25890,2610,0,9,2,70,,25871,2610,0,9,2,30,,25891,2610,0,9,2,70,,25872,2610,0,9,2,30,,25892,2610,0,9,2,70,,25873,2610,0,9,2,30,,25893,2610,0,9,2,70,,25879,2610,0,9,2,30,,25894,2610,0,9,2,70,,25880,2610,0,9,2,30,,25895,2610,0,9,2,70,,25881,2610,0,9,2,30,,25896,2610,0,9,2,70,,25882,2610,0,9,2,100,,25883,2610,0,9,2,100,,25884,2610,0,9,2,100,,25885,2610,0,9,2,100,,25886,2610,0,9,2,100,,25887,2610,0,9,2,100,,25888,2610,0,9,2,100,,25889,2610,0,9,2
1900,'F9',621,,25898,2610,0,9,2,100,,25899,2610,0,9,2,100,,25900,2610,0,9,2,104,,25901,2610,0,9,2,100,,25902,2610,0,9,2,100,,25903,2610,0,9,2,100,,25904,2610,0,9,2,100,,25905,2610,0,9,2,100,,25906,2610,0,9,2,100,,25907,2610,0,9,2,100,,25908,2610,0,9,2,100,,25909,2610,0,9,2,100,,25910,2610,0,9,2,100,,25911,2610,0,9,2,100,,25912,2610,0,9,2,100,,25913,2610,0,9,2,100,,25914,2610,0,9,2,100,,25915,2610,0,9,2,100,,25916,2610,0,9,2,100,,25897,2610,0,9,2
1900,'SA',621,,25917,2610,0,9,2,30,,25926,2610,0,9,2,70,,25918,2610,0,9,2,30,,25927,2610,0,9,2,70,,25919,2610,0,9,2,30,,25928,2610,0,9,2,74,,25920,2610,0,9,2,30,,25929,2610,0,9,2,70,,25921,2610,0,9,2,30,,25930,2610,0,9,2,70,,25922,2610,0,9,2,30,,25942,2610,0,9,2,70,,25923,2610,0,9,2,30,,25943,2610,0,9,2,70,,25924,2610,0,9,2,30,,25944,2610,0,9,2,70,,25925,2610,0,9,2,30,,25945,2610,0,9,2,70,,25931,2610,0,9,2,30,,25946,2610,0,9,2,70,,25932,2610,0,9,2,30,,25947,2610,0,9,2,70,,25933,2610,0,9,2,30,,25948,2610,0,9,2,70,,25934,2610,0,9,2,100,,25935,2610,0,9,2,100,,25936,2610,0,9,2,100,,25937,2610,0,9,2,100,,25938,2610,0,9,2,100,,25939,2610,0,9,2,100,,25940,2610,0,9,2,100,,25941,2610,0,9,2
1900,'SE',544,,45243,2610,0,9,2,76,,45256,2610,0,9,2,27,,45262,2610,0,9,2,12,,45244,2610,0,9,2,51,,45241,2610,0,9,2,12,,45242,2610,0,9,2,15,,45254,2610,0,9,2,21,,45255,2610,0,9,2,60,,45230,2610,0,9,2,32,,45250,2610,0,9,2,75,,45231,2610,0,9,2,30,,45251,2610,0,9,2,70,,45232,2610,0,9,2,30,,45252,2610,0,9,2,70,,45233,2610,0,9,2,30,,45253,2610,0,9,2,70,,45234,2610,0,9,2,30,,45245,2610,0,9,2,70,,45235,2610,0,9,2,30,,45246,2610,0,9,2,70,,45259,2610,0,9,2,30,,45263,2610,0,9,2,67,,45236,2610,0,9,2,21,,45222,2610,0,9,2,62,,45247,2610,0,9,2,20,,45261,2610,0,9,2,21,,45257,2610,0,9,2,59,,45258,2610,0,9,2,17,,45248,2610,0,9,2,22,,45264,2610,0,9,2,60,,45260,2610,0,9,2,24,,45249,2610,0,9,2,27,,45237,2610,0,9,2,70,,45223,2610,0,9,2,30,,45238,2610,0,9,2,70,,45224,2610,0,9,2,30,,45239,2610,0,9,2,70,,45225,2610,0,9,2,30,,45240,2610,0,9,2,70,,45226,2610,0,9,2,100,,45227,2610,0,9,2,100,,45228,2610,0,9,2,100,,45229,2610,0,9,2
2100,'DI',558,,26733,2553,0,12 13,1,69,,26735,2553,0,12 13,1,30,,26737,2553,0,12 13,1,70,,26728,2553,0,12 13,1,31,,26729,2553,0,12 13,1,70,,26734,2553,0,12 13,1,30,,26718,2553,0,12 13,1,67,,26731,2553,0,12 13,1,33,,26744,2553,0,12 13,1,70,,26742,2553,0,12 13,1,72,,26732,2553,0,12 13,1,27,,26719,2553,0,12 13,1,31,,26738,2553,0,12 13,1,70,,26730,2553,0,12 13,1,30,,26736,2553,0,12 13,1,70,,26745,2553,0,12 13,1,30,,26743,2553,0,12 13,1,70,,26720,2553,0,12 13,1,30,,26722,2553,0,12 13,1,70,,26711,2553,0,12 13,1,30,,26725,2553,0,12 13,1,70,,26721,2553,0,12 13,1,30,,26705,2553,0,12 13,1,70,,26712,2553,0,12 13,1,30,,26726,2553,0,12 13,1,70,,26709,2553,0,12 13,1,30,,26706,2553,0,12 13,1,70,,26708,2553,0,12 13,1,30,,26740,2553,0,12 13,1,70,,26723,2553,0,12 13,1,30,,26713,2553,0,12 13,1,70,,26727,2553,0,12 13,1,30,,26714,2553,0,12 13,1,70,,26716,2553,0,12 13,1,30,,26739,2553,0,12 13,1,70,,26741,2553,0,12 13,1,30,,26707,2553,0,12 13,1,70,,26724,2553,0,12 13,1,30,,26715,2553,0,12 13,1
2100,'F1',558,,45573,2553,0,12 13,1,69,,45575,2553,0,12 13,1,30,,45577,2553,0,12 13,1,70,,45568,2553,0,12 13,1,31,,45569,2553,0,12 13,1,70,,45574,2553,0,12 13,1,30,,45558,2553,0,12 13,1,67,,45571,2553,0,12 13,1,33,,45584,2553,0,12 13,1,70,,45582,2553,0,12 13,1,72,,45572,2553,0,12 13,1,27,,45559,2553,0,12 13,1,31,,45578,2553,0,12 13,1,70,,45570,2553,0,12 13,1,30,,45576,2553,0,12 13,1,70,,45585,2553,0,12 13,1,30,,45583,2553,0,12 13,1,70,,45560,2553,0,12 13,1,30,,45562,2553,0,12 13,1,70,,45551,2553,0,12 13,1,30,,45565,2553,0,12 13,1,70,,45561,2553,0,12 13,1,30,,45545,2553,0,12 13,1,70,,45552,2553,0,12 13,1,30,,45566,2553,0,12 13,1,70,,45549,2553,0,12 13,1,30,,45546,2553,0,12 13,1,70,,45548,2553,0,12 13,1,30,,45580,2553,0,12 13,1,70,,45563,2553,0,12 13,1,30,,45553,2553,0,12 13,1,70,,45567,2553,0,12 13,1,30,,45554,2553,0,12 13,1,70,,45556,2553,0,12 13,1,30,,45579,2553,0,12 13,1,70,,45581,2553,0,12 13,1,30,,45547,2553,0,12 13,1,70,,45564,2553,0,12 13,1,30,,45555,2553,0,12 13,1
2100,'F2',558,,45607,2553,0,12 13,1,70,,45616,2553,0,12 13,1,30,,45617,2553,0,12 13,1,70,,45605,2553,0,12 13,1,30,,45620,2553,0,12 13,1,70,,45608,2553,0,12 13,1,30,,45595,2553,0,12 13,1,65,,45590,2553,0,12 13,1,31,,45604,2553,0,12 13,1,74,,45609,2553,0,12 13,1,73,,45591,2553,0,12 13,1,23,,45596,2553,0,12 13,1,34,,45600,2553,0,12 13,1,70,,45613,2553,0,12 13,1,30,,45618,2553,0,12 13,1,70,,45610,2553,0,12 13,1,30,,45621,2553,0,12 13,1,70,,45614,2553,0,12 13,1,30,,45619,2553,0,12 13,1,70,,45611,2553,0,12 13,1,30,,45623,2553,0,12 13,1,70,,45597,2553,0,12 13,1,30,,45622,2553,0,12 13,1,70,,45612,2553,0,12 13,1,30,,45624,2553,0,12 13,1,70,,45586,2553,0,12 13,1,30,,45601,2553,0,12 13,1,70,,45615,2553,0,12 13,1,30,,45598,2553,0,12 13,1,70,,45606,2553,0,12 13,1,30,,45592,2553,0,12 13,1,70,,45602,2553,0,12 13,1,30,,45588,2553,0,12 13,1,70,,45599,2553,0,12 13,1,30,,45626,2553,0,12 13,1,70,,45593,2553,0,12 13,1,30,,45625,2553,0,12 13,1,70,,45589,2553,0,12 13,1,29,,45587,2553,0,12 13,1
2100,'F8',558,,26895,2553,0,12 13,1,70,,26904,2553,0,12 13,1,30,,26905,2553,0,12 13,1,70,,26893,2553,0,12 13,1,30,,26908,2553,0,12 13,1,70,,26896,2553,0,12 13,1,30,,26883,2553,0,12 13,1,65,,26878,2553,0,12 13,1,31,,26892,2553,0,12 13,1,74,,26897,2553,0,12 13,1,73,,26879,2553,0,12 13,1,23,,26884,2553,0,12 13,1,34,,26888,2553,0,12 13,1,70,,26901,2553,0,12 13,1,30,,26906,2553,0,12 13,1,70,,26898,2553,0,12 13,1,30,,26909,2553,0,12 13,1,70,,26902,2553,0,12 13,1,30,,26907,2553,0,12 13,1,70,,26899,2553,0,12 13,1,30,,26911,2553,0,12 13,1,70,,26885,2553,0,12 13,1,30,,26910,2553,0,12 13,1,70,,26900,2553,0,12 13,1,30,,26912,2553,0,12 13,1,70,,26874,2553,0,12 13,1,30,,26889,2553,0,12 13,1,70,,26903,2553,0,12 13,1,30,,26886,2553,0,12 13,1,70,,26894,2553,0,12 13,1,30,,26880,2553,0,12 13,1,70,,26890,2553,0,12 13,1,30,,26876,2553,0,12 13,1,70,,26887,2553,0,12 13,1,30,,26914,2553,0,12 13,1,70,,26881,2553,0,12 13,1,30,,26913,2553,0,12 13,1,70,,26877,2553,0,12 13,1,29,,26875,2553,0,12 13,1
2100,'F9',558,,26943,2553,0,12 13,1,69,,26945,2553,0,12 13,1,30,,26947,2553,0,12 13,1,70,,26938,2553,0,12 13,1,31,,26939,2553,0,12 13,1,70,,26944,2553,0,12 13,1,30,,26928,2553,0,12 13,1,67,,26941,2553,0,12 13,1,33,,26954,2553,0,12 13,1,70,,26952,2553,0,12 13,1,72,,26942,2553,0,12 13,1,27,,26929,2553,0,12 13,1,31,,26948,2553,0,12 13,1,70,,26940,2553,0,12 13,1,30,,26946,2553,0,12 13,1,70,,26955,2553,0,12 13,1,30,,26953,2553,0,12 13,1,70,,26930,2553,0,12 13,1,30,,26932,2553,0,12 13,1,70,,26921,2553,0,12 13,1,30,,26935,2553,0,12 13,1,70,,26931,2553,0,12 13,1,30,,26915,2553,0,12 13,1,70,,26922,2553,0,12 13,1,30,,26936,2553,0,12 13,1,70,,26919,2553,0,12 13,1,30,,26916,2553,0,12 13,1,70,,26918,2553,0,12 13,1,30,,26950,2553,0,12 13,1,70,,26933,2553,0,12 13,1,30,,26923,2553,0,12 13,1,70,,26937,2553,0,12 13,1,30,,26924,2553,0,12 13,1,70,,26926,2553,0,12 13,1,30,,26949,2553,0,12 13,1,70,,26951,2553,0,12 13,1,30,,26917,2553,0,12 13,1,70,,26934,2553,0,12 13,1,30,,26925,2553,0,12 13,1
2100,'SA',558,,26977,2553,0,12 13,1,70,,26986,2553,0,12 13,1,30,,26987,2553,0,12 13,1,70,,26975,2553,0,12 13,1,30,,26988,2553,0,12 13,1,70,,26978,2553,0,12 13,1,30,,26965,2553,0,12 13,1,65,,26960,2553,0,12 13,1,31,,26974,2553,0,12 13,1,74,,26979,2553,0,12 13,1,73,,26961,2553,0,12 13,1,23,,26966,2553,0,12 13,1,34,,26970,2553,0,12 13,1,70,,26983,2553,0,12 13,1,30,,6221,2553,0,12 13,1,70,,26980,2553,0,12 13,1,30,,26989,2553,0,12 13,1,70,,26984,2553,0,12 13,1,30,,6222,2553,0,12 13,1,70,,26981,2553,0,12 13,1,30,,26991,2553,0,12 13,1,70,,26967,2553,0,12 13,1,30,,26990,2553,0,12 13,1,70,,26982,2553,0,12 13,1,30,,26992,2553,0,12 13,1,70,,26956,2553,0,12 13,1,30,,26971,2553,0,12 13,1,70,,26985,2553,0,12 13,1,30,,26968,2553,0,12 13,1,70,,26976,2553,0,12 13,1,30,,26962,2553,0,12 13,1,70,,26972,2553,0,12 13,1,30,,26958,2553,0,12 13,1,70,,26969,2553,0,12 13,1,30,,26993,2553,0,12 13,1,70,,26963,2553,0,12 13,1,30,,6233,2553,0,12 13,1,70,,26959,2553,0,12 13,1,29,,26957,2553,0,12 13,1
2100,'SE',543,,45633,2553,0,12 13,1,12,,45634,2553,0,12 13,1,52,,45660,2553,0,12 13,1,12,,45661,2553,0,12 13,1,23,,45659,2553,0,12 13,1,61,,45638,2553,0,12 13,1,11,,45641,2553,0,12 13,1,17,,45665,2553,0,12 13,1,23,,45648,2553,0,12 13,1,60,,45666,2553,0,12 13,1,20,,45627,2553,0,12 13,1,21,,45639,2553,0,12 13,1,70,,45643,2553,0,12 13,1,32,,45649,2553,0,12 13,1,70,,45675,2553,0,12 13,1,30,,45640,2553,0,12 13,1,70,,45656,2553,0,12 13,1,30,,45628,2553,0,12 13,1,70,,45631,2553,0,12 13,1,30,,45653,2553,0,12 13,1,69,,45662,2553,0,12 13,1,31,,45629,2553,0,12 13,1,70,,45632,2553,0,12 13,1,30,,45654,2553,0,12 13,1,55,,45642,2553,0,12 13,1,15,,45663,2553,0,12 13,1,15,,45667,2553,0,12 13,1,15,,45669,2553,0,12 13,1,56,,45644,2553,0,12 13,1,19,,45635,2553,0,12 13,1,18,,45676,2553,0,12 13,1,50,,45655,2553,0,12 13,1,13,,45672,2553,0,12 13,1,15,,45650,2553,0,12 13,1,14,,45674,2553,0,12 13,1,15,,45651,2553,0,12 13,1,55,,45645,2553,0,12 13,1,20,,45636,2553,0,12 13,1,20,,45630,2553,0,12 13,1,60,,45658,2553,0,12 13,1,30,,45671,2553,0,12 13,1,70,,45668,2553,0,12 13,1,30,,45670,2553,0,12 13,1,70,,45673,2553,0,12 13,1,100,,45646,2553,0,12 13,1,100,,45664,2553,0,12 13,1,100,,45657,2553,0,12 13,1,100,,45647,2553,0,12 13,1
42100,'SE',635,,50738,2553,0,12 13,1,71,,50737,2553,0,12 13,1,16,,50742,2553,0,12 13,1,722,,50740,2553,0,12 13,1,61,,50743,2553,0,12 13,1,30,,50741,2553,0,12 13,1,70,,50744,2553,0,12 13,1,31,,50732,2553,0,12 13,1,70,,50739,2553,0,12 13,1
