400,'DI',640,,52309,16764,,,1,69,,52302,16764,,,1,30,,52320,16764,,,1,70,,52312,16764,,,1,30,,52310,16764,,,1,72,,52303,16764,,,1,30,,52321,16764,,,1,72,,52313,16764,,,1,30,,52323,16764,,,1,70,,52304,16764,,,1,32,,52322,16764,,,1,70,,52314,16764,,,1,27,,52324,16764,,,1,71,,52305,16764,,,1,32,,52329,16764,,,1,70,,52327,16764,,,1,28,,52317,16764,,,1,71,,52306,16764,,,1,29,,52325,16764,,,1,70,,52330,16764,,,1,32,,52315,16764,,,1,70,,52307,16764,,,1,30,,52326,16764,,,1,70,,52331,16764,,,1,30,,52316,16764,,,1,68,,52318,16764,,,1,30,,52332,16764,,,1,70,,52328,16764,,,1,30,,52333,16764,,,1,70,,52319,16764,,,1,30,,52311,16764,,,1,70,,52334,16764,,,1,30,,52336,16764,,,1,100,,52335,16764,,,1,100,,52308,16764,,,1
400,'F1',640,,52344,16764,,,1,69,,52337,16764,,,1,30,,52355,16764,,,1,70,,52347,16764,,,1,30,,52345,16764,,,1,72,,52338,16764,,,1,30,,52356,16764,,,1,72,,52348,16764,,,1,30,,52358,16764,,,1,70,,52339,16764,,,1,32,,52357,16764,,,1,70,,52349,16764,,,1,27,,52359,16764,,,1,71,,52340,16764,,,1,32,,52364,16764,,,1,70,,52362,16764,,,1,28,,52352,16764,,,1,71,,52341,16764,,,1,29,,52360,16764,,,1,70,,52365,16764,,,1,32,,52350,16764,,,1,70,,52342,16764,,,1,30,,52361,16764,,,1,70,,52366,16764,,,1,30,,52351,16764,,,1,68,,52353,16764,,,1,30,,52367,16764,,,1,70,,52363,16764,,,1,30,,52368,16764,,,1,70,,52354,16764,,,1,30,,52346,16764,,,1,70,,52369,16764,,,1,30,,52371,16764,,,1,100,,52370,16764,,,1,100,,52343,16764,,,1
400,'F2',640,,52373,16764,,,1,69,,52391,16764,,,1,30,,52375,16764,,,1,70,,52380,16764,,,1,30,,52374,16764,,,1,72,,52392,16764,,,1,30,,52376,16764,,,1,72,,52381,16764,,,1,31,,52383,16764,,,1,70,,52393,16764,,,1,31,,52377,16764,,,1,70,,52382,16764,,,1,30,,52399,16764,,,1,70,,52397,16764,,,1,30,,52372,16764,,,1,70,,52384,16764,,,1,30,,52390,16764,,,1,70,,52385,16764,,,1,30,,52395,16764,,,1,70,,52378,16764,,,1,30,,52398,16764,,,1,70,,52394,16764,,,1,30,,52379,16764,,,1,70,,52387,16764,,,1,28,,52389,16764,,,1,70,,52401,16764,,,1,30,,52386,16764,,,1,70,,52404,16764,,,1,30,,52402,16764,,,1,70,,52403,16764,,,1,30,,52396,16764,,,1,70,,52405,16764,,,1,30,,52406,16764,,,1,100,,52400,16764,,,1,100,,52388,16764,,,1
400,'SA',640,,52408,16764,,,1,69,,52426,16764,,,1,30,,52410,16764,,,1,70,,52415,16764,,,1,30,,52409,16764,,,1,72,,52427,16764,,,1,30,,52411,16764,,,1,72,,52416,16764,,,1,31,,52418,16764,,,1,70,,52428,16764,,,1,31,,52412,16764,,,1,70,,52417,16764,,,1,30,,52434,16764,,,1,70,,52432,16764,,,1,30,,52407,16764,,,1,70,,52419,16764,,,1,30,,52425,16764,,,1,70,,52420,16764,,,1,30,,52430,16764,,,1,70,,52413,16764,,,1,30,,52433,16764,,,1,70,,52429,16764,,,1,30,,52414,16764,,,1,70,,52422,16764,,,1,28,,52424,16764,,,1,70,,52436,16764,,,1,30,,52421,16764,,,1,70,,52439,16764,,,1,30,,52437,16764,,,1,70,,52438,16764,,,1,30,,52431,16764,,,1,70,,52440,16764,,,1,30,,52441,16764,,,1,100,,52435,16764,,,1,100,,52423,16764,,,1
400,'SE',542,,52473,16764,,,1,65,,52469,16764,,,1,28,,52468,16764,,,1,20,,52475,16764,,,1,55,,52476,16764,,,1,20,,52467,16764,,,1,26,,52478,16764,,,1,60,,52470,16764,,,1,24,,52479,16764,,,1,9,,52483,16764,,,1,72,,52474,16764,,,1,13,,52453,16764,,,1,23,,52442,16764,,,1,70,,52455,16764,,,1,30,,52447,16764,,,1,70,,52448,16764,,,1,30,,52449,16764,,,1,70,,52451,16764,,,1,30,,52460,16764,,,1,70,,52461,16764,,,1,30,,52450,16764,,,1,69,,52446,16764,,,1,29,,52443,16764,,,1,73,,52477,16764,,,1,26,,52482,16764,,,1,77,,52480,16764,,,1,69,,52471,16764,,,1,30,,52472,16764,,,1,29,,52481,16764,,,1,64,,52459,16764,,,1,20,,52454,16764,,,1,72,,52464,16764,,,1,34,,52457,16764,,,1,70,,52444,16764,,,1,30,,52463,16764,,,1,68,,52465,16764,,,1,30,,52462,16764,,,1,70,,52452,16764,,,1,27,,52458,16764,,,1,70,,52466,16764,,,1,100,,52456,16764,,,1
7701,'DI',825,,60045,11319,,,1,100,,60047,11319,,,1,100,,60046,11319,,,1,100,,60048,11319,,,1,100,,60049,11319,,,1,100,,60051,11319,,,1,100,,60050,11319,,,1,102,,60052,11319,,,1,100,,60043,11319,,,1,100,,60053,11319,,,1,100,,60044,11319,,,1,97,,60054,11319,,,1,98,,60055,11319,,,1,100,,60057,11319,,,1,100,,60056,11319,,,1
7701,'F1',825,,60060,11319,,,1,100,,60062,11319,,,1,100,,60061,11319,,,1,100,,60063,11319,,,1,100,,60064,11319,,,1,100,,60066,11319,,,1,100,,60065,11319,,,1,102,,60067,11319,,,1,100,,60058,11319,,,1,100,,60068,11319,,,1,100,,60059,11319,,,1,97,,60069,11319,,,1,98,,60070,11319,,,1,100,,60072,11319,,,1,100,,60071,11319,,,1
7701,'F2',825,,60073,11319,,,1,100,,60075,11319,,,1,100,,60074,11319,,,1,100,,60076,11319,,,1,100,,60078,11319,,,1,100,,60077,11319,,,1,100,,60079,11319,,,1,102,,60080,11319,,,1,100,,60081,11319,,,1,100,,60083,11319,,,1,100,,60082,11319,,,1,97,,60084,11319,,,1,98,,60085,11319,,,1,100,,60087,11319,,,1,100,,60086,11319,,,1
7701,'SA',825,,60088,11319,,,1,100,,60090,11319,,,1,100,,60089,11319,,,1,100,,60091,11319,,,1,100,,60093,11319,,,1,100,,60092,11319,,,1,100,,60094,11319,,,1,102,,60095,11319,,,1,100,,60096,11319,,,1,100,,60098,11319,,,1,100,,60097,11319,,,1,97,,60099,11319,,,1,98,,60100,11319,,,1,100,,60102,11319,,,1,100,,60101,11319,,,1
7701,'SE',646,,60103,11319,,,1,11,,60106,11319,,,1,47,,60124,11319,,,1,7,,60107,11319,,,1,10,,60108,11319,,,1,5,,60111,11319,,,1,6,,60112,11319,,,1,18,,60113,11319,,,1,72,,60126,11319,,,1,30,,60104,11319,,,1,67,,60125,11319,,,1,4,,60109,11319,,,1,31,,60114,11319,,,1,71,,60127,11319,,,1,30,,60105,11319,,,1,70,,60110,11319,,,1,30,,60115,11319,,,1,72,,60128,11319,,,1,29,,60129,11319,,,1,71,,60130,11319,,,1,73,,60116,11319,,,1,30,,60131,11319,,,1,70,,60118,11319,,,1,28,,60122,11319,,,1,73,,60117,11319,,,1,30,,60134,11319,,,1,71,,60119,11319,,,1,25,,60123,11319,,,1,30,,60137,11319,,,1,75,,60120,11319,,,1,70,,60135,11319,,,1,28,,60132,11319,,,1,29,,60138,11319,,,1,70,,60121,11319,,,1,72,,60136,11319,,,1,27,,60133,11319,,,1,26,,60139,11319,,,1
42101,'SE',607,,62811,7377,,,1,38,,62809,7377,,,1,65,,62808,7377,,,1,22,,62819,7377,,,1,17,,62812,7377,,,1,72,,62817,7377,,,1,722,,62813,7377,,,1,75,,62820,7377,,,1,20,,62818,7377,,,1,70,,62816,7377,,,1,29,,62814,7377,,,1,69,,62815,7377,,,1,534,,62807,7377,,,1
60700,'SE',1608,,63487,3200,,,2,1,,63488,3200,,,2
90101,'DI',622,,63792,18996,,,1,30,,63797,18996,,,1,70,,63791,18996,,,1,30,,63807,18996,,,1,73,,63804,18996,,,1,32,,63798,18996,,,1,72,,63786,18996,,,1,71,,63793,18996,,,1,30,,63789,18996,,,1,70,,63808,18996,,,1,31,,63805,18996,,,1,70,,63803,18996,,,1,31,,63794,18996,,,1,73,,63811,18996,,,1,28,,63800,18996,,,1,70,,63809,18996,,,1,29,,63781,18996,,,1,25,,63795,18996,,,1,75,,63787,18996,,,1,70,,63779,18996,,,1,31,,63810,18996,,,1,70,,63783,18996,,,1,30,,63799,18996,,,1,68,,63790,18996,,,1,30,,63780,18996,,,1,27,,63806,18996,,,1,75,,63788,18996,,,1,104,,63785,18996,,,1,97,,63801,18996,,,1,100,,63782,18996,,,1,100,,63784,18996,,,1,100,,63796,18996,,,1,100,,63802,18996,,,1
90101,'F1',622,,63825,18996,,,1,30,,63830,18996,,,1,70,,63824,18996,,,1,30,,63840,18996,,,1,73,,63837,18996,,,1,32,,63831,18996,,,1,72,,63819,18996,,,1,71,,63826,18996,,,1,30,,63822,18996,,,1,70,,63841,18996,,,1,31,,63838,18996,,,1,70,,63836,18996,,,1,31,,63827,18996,,,1,73,,63844,18996,,,1,28,,63833,18996,,,1,70,,63842,18996,,,1,29,,63814,18996,,,1,25,,63828,18996,,,1,75,,63820,18996,,,1,70,,63812,18996,,,1,31,,63843,18996,,,1,70,,63816,18996,,,1,30,,63832,18996,,,1,68,,63823,18996,,,1,30,,63813,18996,,,1,27,,63839,18996,,,1,75,,63821,18996,,,1,104,,63818,18996,,,1,97,,63834,18996,,,1,100,,63815,18996,,,1,100,,63817,18996,,,1,100,,63829,18996,,,1,100,,63835,18996,,,1
90101,'F2',622,,63860,18996,,,1,30,,63869,18996,,,1,70,,63864,18996,,,1,30,,63866,18996,,,1,73,,63872,18996,,,1,32,,63863,18996,,,1,72,,63861,18996,,,1,71,,63868,18996,,,1,30,,63874,18996,,,1,70,,63849,18996,,,1,31,,63862,18996,,,1,70,,63873,18996,,,1,31,,63865,18996,,,1,73,,63875,18996,,,1,28,,63854,18996,,,1,70,,63851,18996,,,1,29,,63845,18996,,,1,25,,63858,18996,,,1,75,,63876,18996,,,1,70,,63855,18996,,,1,31,,63852,18996,,,1,70,,63846,18996,,,1,30,,63847,18996,,,1,68,,63870,18996,,,1,30,,63856,18996,,,1,27,,63850,18996,,,1,75,,63859,18996,,,1,104,,63877,18996,,,1,97,,63853,18996,,,1,100,,63867,18996,,,1,100,,63857,18996,,,1,100,,63848,18996,,,1,100,,63871,18996,,,1
90101,'SA',622,,63893,18996,,,1,30,,63902,18996,,,1,70,,63897,18996,,,1,30,,63899,18996,,,1,73,,63905,18996,,,1,32,,63896,18996,,,1,72,,63894,18996,,,1,71,,63901,18996,,,1,30,,63907,18996,,,1,70,,63882,18996,,,1,31,,63895,18996,,,1,70,,63906,18996,,,1,31,,63898,18996,,,1,73,,63908,18996,,,1,28,,63887,18996,,,1,70,,63884,18996,,,1,29,,63878,18996,,,1,25,,63891,18996,,,1,75,,63909,18996,,,1,70,,63888,18996,,,1,31,,63885,18996,,,1,70,,63879,18996,,,1,30,,63880,18996,,,1,68,,63903,18996,,,1,30,,63889,18996,,,1,27,,63883,18996,,,1,75,,63892,18996,,,1,104,,63910,18996,,,1,97,,63886,18996,,,1,100,,63900,18996,,,1,100,,63890,18996,,,1,100,,63881,18996,,,1,100,,63904,18996,,,1
90101,'SE',604,,63942,18996,,,1,30,,63945,18996,,,1,16,,63949,18996,,,1,55,,63917,18996,,,1,15,,63939,18996,,,1,15,,63919,18996,,,1,15,,63924,18996,,,1,50,,63948,18996,,,1,16,,63922,18996,,,1,10,,63927,18996,,,1,10,,63943,18996,,,1,12,,63914,18996,,,1,8,,63918,18996,,,1,45,,63944,18996,,,1,10,,63946,18996,,,1,10,,63920,18996,,,1,12,,63954,18996,,,1,15,,63941,18996,,,1,52,,63923,18996,,,1,20,,63925,18996,,,1,20,,63950,18996,,,1,60,,63928,18996,,,1,20,,63915,18996,,,1,20,,63947,18996,,,1,60,,63955,18996,,,1,20,,63911,18996,,,1,20,,63913,18996,,,1,60,,63926,18996,,,1,20,,63921,18996,,,1,20,,63929,18996,,,1,60,,63916,18996,,,1,20,,63958,18996,,,1,20,,63956,18996,,,1,60,,63930,18996,,,1,20,,63940,18996,,,1,23,,63953,18996,,,1,60,,63957,18996,,,1,20,,63931,18996,,,1,20,,63951,18996,,,1,70,,63959,18996,,,1,29,,63961,18996,,,1,73,,63963,18996,,,1,27,,63933,18996,,,1,72,,63952,18996,,,1,30,,63960,18996,,,1,63,,63935,18996,,,1,30,,63912,18996,,,1,70,,63962,18996,,,1,31,,63964,18996,,,1,70,,63932,18996,,,1,30,,63936,18996,,,1,70,,63937,18996,,,1,100,,63965,18996,,,1,100,,63934,18996,,,1,100,,63938,18996,,,1
