2000,'DI',617,,26261,5322,,,2,100,,26264,5322,,,2,100,,26267,5322,,,2,100,,26259,5322,,,2,100,,26265,5322,,,2,97,,26268,5322,,,2,103,,26269,5322,,,2,100,,26266,5322,,,2,100,,26270,5322,,,2,100,,26262,5322,,,2,97,,26273,5322,,,2,103,,26274,5322,,,2,100,,26263,5322,,,2,100,,26271,5322,,,2,100,,26260,5322,,,2,100,,26275,5322,,,2,100,,26272,5322,,,2,100,,26276,5322,,,2,100,,26277,5322,,,2
2000,'F1',617,,45369,5322,,,2,100,,45372,5322,,,2,100,,45375,5322,,,2,100,,45367,5322,,,2,100,,45373,5322,,,2,97,,45376,5322,,,2,103,,45377,5322,,,2,100,,45374,5322,,,2,100,,45378,5322,,,2,100,,45370,5322,,,2,97,,45381,5322,,,2,103,,45382,5322,,,2,100,,45371,5322,,,2,100,,45379,5322,,,2,100,,45368,5322,,,2,100,,45383,5322,,,2,100,,45380,5322,,,2,100,,45384,5322,,,2,100,,45385,5322,,,2
2000,'F2',618,,45404,5322,,,2,100,,45398,5322,,,2,100,,45395,5322,,,2,100,,45389,5322,,,2,100,,45391,5322,,,2,100,,45390,5322,,,2,100,,45399,5322,,,2,100,,45392,5322,,,2,100,,45393,5322,,,2,100,,45403,5322,,,2,96,,45400,5322,,,2,104,,45401,5322,,,2,104,,45402,5322,,,2,96,,45387,5322,,,2,100,,45396,5322,,,2,100,,45394,5322,,,2,100,,45386,5322,,,2,100,,45405,5322,,,2,100,,45397,5322,,,2,100,,45388,5322,,,2
2000,'F8',618,,26384,5322,,,2,100,,26378,5322,,,2,100,,26375,5322,,,2,100,,26369,5322,,,2,100,,26371,5322,,,2,100,,26370,5322,,,2,100,,26379,5322,,,2,100,,26372,5322,,,2,100,,26373,5322,,,2,100,,26383,5322,,,2,96,,26380,5322,,,2,104,,26381,5322,,,2,104,,26382,5322,,,2,96,,26367,5322,,,2,100,,26376,5322,,,2,100,,26374,5322,,,2,100,,26366,5322,,,2,100,,26385,5322,,,2,100,,26377,5322,,,2,100,,26368,5322,,,2
2000,'F9',617,,26388,5322,,,2,100,,26391,5322,,,2,100,,26394,5322,,,2,100,,26386,5322,,,2,100,,26392,5322,,,2,97,,26395,5322,,,2,103,,26396,5322,,,2,100,,26393,5322,,,2,100,,26397,5322,,,2,100,,26389,5322,,,2,97,,26400,5322,,,2,103,,26401,5322,,,2,100,,26390,5322,,,2,100,,26398,5322,,,2,100,,26387,5322,,,2,100,,26402,5322,,,2,100,,26399,5322,,,2,100,,26403,5322,,,2,100,,26404,5322,,,2
2000,'SA',618,,26422,5322,,,2,100,,5701,5322,,,2,100,,26414,5322,,,2,100,,26408,5322,,,2,100,,26410,5322,,,2,100,,26409,5322,,,2,100,,26417,5322,,,2,100,,26411,5322,,,2,100,,26412,5322,,,2,100,,26421,5322,,,2,96,,26418,5322,,,2,104,,26419,5322,,,2,104,,26420,5322,,,2,96,,26406,5322,,,2,100,,26415,5322,,,2,100,,26413,5322,,,2,100,,26405,5322,,,2,100,,26423,5322,,,2,100,,26416,5322,,,2,100,,26407,5322,,,2
2000,'SE',537,,45423,5322,,,2,20,,45444,5322,,,2,65,,45421,5322,,,2,20,,45438,5322,,,2,59,,45446,4731,,,2,13,,45447,4731,,,2,11,,45448,4731,,,2,18,,45449,4731,,,2,61,,45450,4731,,,2,32,,45451,4731,,,2,70,,45452,4731,,,2,30,,45441,5322,,,2,72,,45406,5322,,,2,30,,45411,5322,,,2,70,,45419,5322,,,2,30,,45424,5322,,,2,70,,45414,5322,,,2,30,,45412,5322,,,2,70,,45420,5322,,,2,30,,45442,5322,,,2,70,,45415,5322,,,2,30,,45413,5322,,,2,68,,45418,5322,,,2,23,,45426,5322,,,2,15,,45434,5322,,,2,15,,45407,5322,,,2,55,,45439,5322,,,2,15,,45409,5322,,,2,13,,45436,5322,,,2,17,,45435,5322,,,2,56,,45408,5322,,,2,14,,45427,5322,,,2,14,,45410,5322,,,2,14,,45437,5322,,,2,53,,45425,5322,,,2,13,,45428,5322,,,2,15,,45440,5322,,,2,70,,45417,5322,,,2,30,,45429,5322,,,2,70,,45432,5322,,,2,30,,45422,5322,,,2,70,,45445,5322,,,2,30,,45430,5322,,,2,100,,45433,5322,,,2,100,,45431,5322,,,2,100,,45416,5322,,,2,100,,45443,5322,,,2
2500,'DI',701,,27541,4593,,,2
2500,'F1',701,,45855,4593,,,2
2500,'F2',701,,45856,4593,,,2
2500,'F8',701,,27570,4593,,,2
2500,'F9',701,,27571,4593,,,2
2500,'SA',701,,27572,4593,,,2
2500,'SE',523,,45864,4593,,,2,30,,45875,4593,,,2,69,,45879,4593,,,2,19,,45878,4593,,,2,61,,45874,4593,,,2,19,,45866,4593,,,2,29,,45857,4593,,,2,68,,45868,4593,,,2,36,,45867,4593,,,2,70,,45861,4593,,,2,430,,45869,4593,,,2,70,,45859,4593,,,2,29,,45881,4593,,,2,53,,45877,4593,,,2,18,,45880,4593,,,2,31,,45860,4593,,,2,72,,45862,4593,,,2,29,,45870,4593,,,2,69,,45858,4593,,,2,31,,45863,4593,,,2,68,,45871,4593,,,2,30,,45865,4593,,,2,375,,45876,4593,,,2,83,,45882,4593,,,2,15,,45872,4593,,,2,85,,45873,4593,,,2
8100,'DI',658,,35724,4813,,,1,100,,35713,4813,,,1,143,,35720,4813,,,1,100,,35714,4813,,,1,100,,35722,4813,,,1,100,,35726,4813,,,1,100,,35727,4813,,,1,100,,35717,4813,,,1,100,,35721,4813,,,1,100,,35712,4813,,,1,56,,35725,4813,,,1,148,,35715,4813,,,1,96,,35723,4813,,,1,100,,35716,4813,,,1,100,,35728,4813,,,1,100,,35718,4813,,,1,100,,35730,4813,,,1,100,,35729,4813,,,1,100,,35719,4813,,,1
8100,'F1',658,,49147,4813,,,1,100,,49136,4813,,,1,143,,49143,4813,,,1,100,,49137,4813,,,1,100,,49145,4813,,,1,100,,49149,4813,,,1,100,,49150,4813,,,1,100,,49140,4813,,,1,100,,49144,4813,,,1,100,,49135,4813,,,1,56,,49148,4813,,,1,148,,49138,4813,,,1,96,,49146,4813,,,1,100,,49139,4813,,,1,100,,49151,4813,,,1,100,,49141,4813,,,1,100,,49153,4813,,,1,100,,49152,4813,,,1,100,,49142,4813,,,1
8100,'F2',658,,49165,4813,,,1,100,,49171,4813,,,1,143,,49166,4813,,,1,100,,49167,4813,,,1,100,,49172,4813,,,1,100,,49154,4813,,,1,100,,49156,4813,,,1,100,,49161,4813,,,1,100,,49168,4813,,,1,100,,49173,4813,,,1,100,,49159,4813,,,1,104,,49162,4813,,,1,96,,49169,4813,,,1,100,,49155,4813,,,1,100,,49163,4813,,,1,100,,49158,4813,,,1,100,,49170,4813,,,1,100,,49164,4813,,,1,100,,49160,4813,,,1,100,,49157,4813,,,1
8100,'F8',658,,35809,4813,,,1,100,,35815,4813,,,1,143,,35810,4813,,,1,100,,35811,4813,,,1,100,,35816,4813,,,1,100,,35798,4813,,,1,100,,35800,4813,,,1,100,,35805,4813,,,1,100,,35812,4813,,,1,100,,35817,4813,,,1,100,,35803,4813,,,1,104,,35806,4813,,,1,96,,35813,4813,,,1,100,,35799,4813,,,1,100,,35807,4813,,,1,100,,35802,4813,,,1,100,,35814,4813,,,1,100,,35808,4813,,,1,100,,35804,4813,,,1,100,,35801,4813,,,1
8100,'F9',658,,35830,4813,,,1,100,,35819,4813,,,1,143,,35826,4813,,,1,100,,35820,4813,,,1,100,,35828,4813,,,1,100,,35832,4813,,,1,100,,35833,4813,,,1,100,,35823,4813,,,1,100,,35827,4813,,,1,100,,35818,4813,,,1,56,,35831,4813,,,1,148,,35821,4813,,,1,96,,35829,4813,,,1,100,,35822,4813,,,1,100,,35834,4813,,,1,100,,35824,4813,,,1,100,,35836,4813,,,1,100,,35835,4813,,,1,100,,35825,4813,,,1
8100,'SA',658,,35848,4813,,,1,100,,35854,4813,,,1,143,,35849,4813,,,1,100,,35850,4813,,,1,100,,14262,4813,,,1,100,,35837,4813,,,1,100,,35839,4813,,,1,100,,35844,4813,,,1,100,,35851,4813,,,1,100,,35855,4813,,,1,100,,35842,4813,,,1,104,,35845,4813,,,1,96,,35852,4813,,,1,100,,35838,4813,,,1,100,,35846,4813,,,1,100,,35841,4813,,,1,100,,35853,4813,,,1,100,,35847,4813,,,1,100,,35843,4813,,,1,100,,35840,4813,,,1
8100,'SE',619,,49185,4813,,,1,38,,49197,4813,,,1,70,,49186,4813,,,1,31,,49195,4813,,,1,69,,49176,4813,,,1,76,,49196,4813,,,1,98,,49179,4813,,,1,100,,49189,4813,,,1,100,,49177,4813,,,1,100,,49198,4813,,,1,100,,49187,4813,,,1,100,,49180,4813,,,1,30,,49188,4813,,,1,72,,49184,4813,,,1,30,,49174,4813,,,1,70,,49175,4813,,,1,30,,49190,4813,,,1,70,,49199,4813,,,1,30,,49178,4813,,,1,68,,49193,4813,,,1,100,,49181,4813,,,1,100,,49183,4813,,,1,100,,49194,4813,,,1,100,,49191,4813,,,1,100,,49182,4813,,,1,100,,49192,4813,,,1,100,,49200,4813,,,1
12500,'SE',756,,50066,4731,,,2,57,,50068,4731,,,2,20,,50064,4731,,,2,10,,50067,4731,,,2,14,,50069,4731,,,2,47,,50070,4731,,,2,15,,50065,4731,,,2,19,,50062,4731,,,2,67,,50063,4731,,,2
