101,'DI',627,,51926,4263,,,1,100,,51927,4263,,,1,100,,51928,4263,,,1,100,,51921,4263,,,1,100,,51922,4263,,,1,100,,51923,4263,,,1,100,,51924,4263,,,1,100,,51925,4263,,,1,101,,51930,4263,,,1,100,,51929,4263,,,1,98,,51911,4263,,,1,100,,51912,4263,,,1,100,,51913,4263,,,1,100,,51914,4263,,,1,100,,51915,4263,,,1,100,,51916,4263,,,1,100,,51917,4263,,,1,100,,51918,4263,,,1,100,,51919,4263,,,1,100,,51920,4263,,,1
101,'F1',627,,51946,4263,,,1,100,,51947,4263,,,1,100,,51948,4263,,,1,100,,51941,4263,,,1,100,,51942,4263,,,1,100,,51943,4263,,,1,100,,51944,4263,,,1,100,,51945,4263,,,1,101,,51950,4263,,,1,100,,51949,4263,,,1,98,,51931,4263,,,1,100,,51932,4263,,,1,100,,51933,4263,,,1,100,,51934,4263,,,1,100,,51935,4263,,,1,100,,51936,4263,,,1,100,,51937,4263,,,1,100,,51938,4263,,,1,100,,51939,4263,,,1,100,,51940,4263,,,1
101,'F2',557,,51951,4263,,,1,70,,43132,4263,,,1,30,,51952,4263,,,1,70,,43133,4263,,,1,30,,51953,4263,,,1,70,,43134,4263,,,1,30,,51954,4263,,,1,70,,43135,4263,,,1,30,,51963,4263,,,1,70,,43136,4263,,,1,30,,51964,4263,,,1,70,,43137,4263,,,1,30,,51955,4263,,,1,70,,51965,4263,,,1,30,,51969,4263,,,1,70,,51975,4263,,,1,31,,51970,4263,,,1,70,,51976,4263,,,1,30,,51971,4263,,,1,70,,51977,4263,,,1,28,,51966,4263,,,1,70,,51972,4263,,,1,30,,51967,4263,,,1,70,,51973,4263,,,1,30,,51968,4263,,,1,70,,51974,4263,,,1,100,,51956,4263,,,1,100,,51957,4263,,,1,100,,51958,4263,,,1,100,,51959,4263,,,1,100,,51960,4263,,,1,100,,51961,4263,,,1,100,,51962,4263,,,1
101,'SA',557,,51978,4263,,,1,70,,20561,4263,,,1,30,,51979,4263,,,1,70,,20562,4263,,,1,30,,51980,4263,,,1,70,,20563,4263,,,1,30,,51981,4263,,,1,70,,20564,4263,,,1,30,,51990,4263,,,1,70,,20565,4263,,,1,30,,51991,4263,,,1,70,,20566,4263,,,1,30,,51982,4263,,,1,70,,51992,4263,,,1,30,,51996,4263,,,1,70,,52002,4263,,,1,31,,51997,4263,,,1,70,,52003,4263,,,1,30,,51998,4263,,,1,70,,52004,4263,,,1,28,,51993,4263,,,1,70,,51999,4263,,,1,30,,51994,4263,,,1,70,,52000,4263,,,1,30,,51995,4263,,,1,70,,52001,4263,,,1,100,,51983,4263,,,1,100,,51984,4263,,,1,100,,51985,4263,,,1,100,,51986,4263,,,1,100,,51987,4263,,,1,100,,51988,4263,,,1,100,,51989,4263,,,1
101,'SE',509,,52025,4263,,,1,30,,52026,4263,,,1,20,,52024,4263,,,1,60,,52005,4263,,,1,20,,52020,4263,,,1,16,,52044,4263,,,1,62,,52007,4263,,,1,10,,52006,4263,,,1,20,,52023,4263,,,1,55,,52041,4263,,,1,15,,52038,4263,,,1,15,,52008,4263,,,1,14,,52039,4263,,,1,60,,52047,4263,,,1,20,,52009,4263,,,1,20,,52017,4263,,,1,70,,52042,4263,,,1,30,,52030,4263,,,1,70,,52028,4263,,,1,30,,52048,4263,,,1,70,,52037,4263,,,1,31,,52045,4263,,,1,70,,52022,4263,,,1,30,,52018,4263,,,1,70,,52031,4263,,,1,30,,52029,4263,,,1,71,,52019,4263,,,1,33,,52033,4263,,,1,57,,52035,4263,,,1,35,,52015,4263,,,1,71,,52021,4263,,,1,34,,52016,4263,,,1,65,,52043,4263,,,1,27,,52046,4263,,,1,75,,52034,4263,,,1,28,,52027,4263,,,1,70,,52040,4263,,,1,30,,52032,4263,,,1,68,,52010,4263,,,1,30,,52036,4263,,,1,70,,52011,4263,,,1,100,,52012,4263,,,1,99,,52013,4263,,,1,100,,52014,4263,,,1
601,'DI',613,,53163,5135,,,1,30,,53166,5135,,,1,70,,53167,5135,,,1,30,,53172,5135,,,1,70,,53164,5135,,,1,30,,53179,5135,,,1,70,,53185,5135,,,1,30,,53159,5135,,,1,74,,53173,5135,,,1,30,,53189,5135,,,1,70,,53168,5135,,,1,30,,53165,5135,,,1,70,,53160,5135,,,1,33,,53186,5135,,,1,70,,53181,5135,,,1,30,,53180,5135,,,1,70,,53158,5135,,,1,30,,53176,5135,,,1,70,,53187,5135,,,1,30,,53161,5135,,,1,70,,53170,5135,,,1,30,,53174,5135,,,1,70,,53177,5135,,,1,28,,53171,5135,,,1,70,,53175,5135,,,1,30,,53183,5135,,,1,100,,53178,5135,,,1,100,,53169,5135,,,1,100,,53182,5135,,,1,100,,53162,5135,,,1,100,,53188,5135,,,1,100,,53184,5135,,,1
601,'F1',613,,53195,5135,,,1,30,,53198,5135,,,1,70,,53199,5135,,,1,30,,53204,5135,,,1,70,,53196,5135,,,1,30,,53211,5135,,,1,70,,53217,5135,,,1,30,,53191,5135,,,1,74,,53205,5135,,,1,30,,53221,5135,,,1,70,,53200,5135,,,1,30,,53197,5135,,,1,70,,53192,5135,,,1,33,,53218,5135,,,1,70,,53213,5135,,,1,30,,53212,5135,,,1,70,,53190,5135,,,1,30,,53208,5135,,,1,70,,53219,5135,,,1,30,,53193,5135,,,1,70,,53202,5135,,,1,30,,53206,5135,,,1,70,,53209,5135,,,1,28,,53203,5135,,,1,70,,53207,5135,,,1,30,,53215,5135,,,1,100,,53210,5135,,,1,100,,53201,5135,,,1,100,,53214,5135,,,1,100,,53194,5135,,,1,100,,53220,5135,,,1,100,,53216,5135,,,1
601,'F2',613,,53228,5135,,,1,30,,53225,5135,,,1,70,,53247,5135,,,1,30,,53230,5135,,,1,70,,53241,5135,,,1,30,,53226,5135,,,1,74,,53242,5135,,,1,26,,53231,5135,,,1,76,,53223,5135,,,1,23,,53224,5135,,,1,75,,53249,5135,,,1,26,,53232,5135,,,1,70,,53237,5135,,,1,38,,53233,5135,,,1,70,,53238,5135,,,1,29,,53245,5135,,,1,70,,53234,5135,,,1,30,,53250,5135,,,1,70,,53246,5135,,,1,30,,53235,5135,,,1,70,,53243,5135,,,1,30,,53239,5135,,,1,70,,53236,5135,,,1,28,,53229,5135,,,1,70,,53240,5135,,,1,30,,53244,5135,,,1,100,,44001,5135,,,1,100,,53222,5135,,,1,100,,53227,5135,,,1,100,,53248,5135,,,1,100,,53251,5135,,,1,100,,43999,5135,,,1
601,'SA',613,,53258,5135,,,1,30,,53255,5135,,,1,70,,53277,5135,,,1,30,,53260,5135,,,1,70,,53271,5135,,,1,30,,53256,5135,,,1,74,,53272,5135,,,1,26,,53261,5135,,,1,76,,53253,5135,,,1,23,,53254,5135,,,1,75,,53279,5135,,,1,26,,53262,5135,,,1,70,,53267,5135,,,1,38,,53263,5135,,,1,70,,53268,5135,,,1,29,,53275,5135,,,1,70,,53264,5135,,,1,30,,53280,5135,,,1,70,,53276,5135,,,1,30,,53265,5135,,,1,70,,53273,5135,,,1,30,,53269,5135,,,1,70,,53266,5135,,,1,28,,53259,5135,,,1,70,,53270,5135,,,1,30,,53274,5135,,,1,100,,22739,5135,,,1,100,,53252,5135,,,1,100,,53257,5135,,,1,100,,53278,5135,,,1,100,,53281,5135,,,1,100,,22737,5135,,,1
601,'SE',527,,53290,5135,,,1,30,,53289,5135,,,1,72,,53305,5135,,,1,71,,53311,5135,,,1,24,,53294,5135,,,1,77,,53282,5135,,,1,29,,53292,5135,,,1,72,,53295,5135,,,1,28,,53298,5135,,,1,70,,53306,5135,,,1,30,,53291,5135,,,1,70,,53304,5135,,,1,30,,53288,5135,,,1,70,,53296,5135,,,1,30,,53284,5135,,,1,70,,53315,5135,,,1,30,,53316,5135,,,1,70,,53310,5135,,,1,30,,53308,5135,,,1,72,,53285,5135,,,1,30,,53301,5135,,,1,26,,53302,5135,,,1,78,,53299,5135,,,1,66,,53309,5135,,,1,31,,53312,5135,,,1,25,,53314,5135,,,1,72,,53317,5135,,,1,70,,53297,5135,,,1,28,,53318,5135,,,1,30,,53293,5135,,,1,70,,53300,5135,,,1,30,,53313,5135,,,1,70,,53307,5135,,,1,30,,53286,5135,,,1,98,,53283,5135,,,1,100,,53287,5135,,,1,100,,53303,5135,,,1
5501,'SE',628,,58217,4117,,,2,20,,58221,4117,,,2,55,,58223,4117,,,2,15,,58219,4117,,,2,15,,58218,4117,,,2,15,,58225,4117,,,2,55,,58222,4117,,,2,15,,58224,4117,,,2,20,,58220,4117,,,2
50001,'SE',853,,63416,7544,,,2
50101,'SE',748,,63419,4551,,,2,100,,63420,4551,,,2
60001,'SE',900,,63479,2935,,,2
65000,'SE',1643,,63515,10951,,,2
