2800,'DI',911,,27669,11882,4,,1,101,,27674,11882,4,,1,102,,27672,11882,4,,1,100,,27670,11882,4,,1,100,,27671,11882,4,,1,100,,27675,11882,4,,1,100,,27678,11882,4,,1,101,,27677,11882,4,,1,99,,27676,11882,4,,1,100,,27673,11882,4,,1
2800,'F1',911,,45917,11882,4,,1,101,,45922,11882,4,,1,102,,45920,11882,4,,1,100,,45918,11882,4,,1,100,,45919,11882,4,,1,100,,45923,11882,4,,1,100,,45926,11882,4,,1,101,,45925,11882,4,,1,99,,45924,11882,4,,1,100,,45921,11882,4,,1
2800,'F2',913,,45934,11882,4,,1,99,,45929,11882,4,,1,105,,45927,11882,4,,1,97,,45931,11882,4,,1,101,,45930,11882,4,,1,100,,45932,11882,4,,1,99,,45928,11882,4,,1,103,,45936,11882,4,,1,99,,45935,11882,4,,1,98,,45933,11882,4,,1
2800,'F8',913,,27747,11882,4,,1,99,,27742,11882,4,,1,105,,27740,11882,4,,1,97,,27744,11882,4,,1,101,,27743,11882,4,,1,100,,27745,11882,4,,1,99,,27741,11882,4,,1,103,,27749,11882,4,,1,99,,27748,11882,4,,1,98,,27746,11882,4,,1
2800,'F9',911,,27750,11882,4,,1,101,,27755,11882,4,,1,102,,27753,11882,4,,1,100,,27751,11882,4,,1,100,,27752,11882,4,,1,100,,27756,11882,4,,1,100,,27759,11882,4,,1,101,,27758,11882,4,,1,99,,27757,11882,4,,1,100,,27754,11882,4,,1
2800,'SA',913,,27766,11882,4,,1,99,,27762,11882,4,,1,105,,27760,11882,4,,1,97,,27763,11882,4,,1,101,,6923,11882,4,,1,100,,27764,11882,4,,1,99,,27761,11882,4,,1,103,,27768,11882,4,,1,99,,27767,11882,4,,1,98,,27765,11882,4,,1
2800,'SE',638,,45971,11882,,,1,85,,45972,11882,,,1,23,,45976,11882,,,1,3,,45977,11882,,,1,56,,45950,11882,4,,1,13,,45962,11882,4,,1,12,,45970,11882,,,1,18,,45961,11882,4,,1,54,,45966,11882,4,,1,18,,45951,11882,4,,1,30,,45942,11882,4,,1,70,,45946,11882,4,,1,30,,45952,11882,4,,1,70,,45943,11882,4,,1,32,,45947,11882,4,,1,70,,45953,11882,4,,1,30,,45944,11882,4,,1,70,,45948,11882,4,,1,30,,45954,11882,4,,1,70,,45945,11882,4,,1,33,,45949,11882,4,,1,71,,45973,11882,,,1,15,,45939,11882,4,,1,15,,45959,11882,4,,1,57,,45964,11882,4,,1,15,,45975,11882,,,1,15,,45956,11882,4,,1,14,,45958,11882,4,,1,52,,45974,11882,,,1,12,,45940,11882,4,,1,12,,45960,11882,4,,1,12,,45963,11882,4,,1,10,,45967,11882,4,,1,52,,45955,11882,4,,1,11,,45957,11882,4,,1,12,,45937,11882,4,,1,10,,45938,11882,4,,1,13,,45965,11882,4,,1,95,,45941,11882,4,,1,98,,45968,11882,4,,1,98,,45969,11882,4,,1
2801,'DI',923,,27810,0,,,1,100,,27815,0,,,1,100,,27813,0,,,1,100,,27811,0,,,1,100,,27812,0,,,1,100,,27816,0,,,1,100,,27819,0,,,1,99,,27818,0,,,1,96,,27817,0,,,1,105,,27814,0,,,1
2801,'F1',923,,45978,0,,,1,100,,45983,0,,,1,100,,45981,0,,,1,100,,45979,0,,,1,100,,45980,0,,,1,100,,45984,0,,,1,100,,45987,0,,,1,99,,45986,0,,,1,96,,45985,0,,,1,105,,45982,0,,,1
2801,'F2',923,,45995,0,,,1,100,,45990,0,,,1,100,,45988,0,,,1,100,,45992,0,,,1,100,,45991,0,,,1,100,,45993,0,,,1,100,,45989,0,,,1,96,,45997,0,,,1,99,,45996,0,,,1,105,,45994,0,,,1
2801,'F8',923,,27885,0,,,1,100,,27880,0,,,1,100,,27878,0,,,1,100,,27882,0,,,1,100,,27881,0,,,1,100,,27883,0,,,1,100,,27879,0,,,1,96,,27887,0,,,1,99,,27886,0,,,1,105,,27884,0,,,1
2801,'F9',923,,27888,0,,,1,100,,27893,0,,,1,100,,27891,0,,,1,100,,27889,0,,,1,100,,27890,0,,,1,100,,27894,0,,,1,100,,27897,0,,,1,99,,27896,0,,,1,96,,27895,0,,,1,105,,27892,0,,,1
2801,'SA',923,,27904,0,,,1,100,,27900,0,,,1,100,,27898,0,,,1,100,,27901,0,,,1,100,,7052,0,,,1,100,,27902,0,,,1,100,,27899,0,,,1,96,,27906,0,,,1,99,,27905,0,,,1,105,,27903,0,,,1
2801,'SE',633,,46024,0,,,1,18,,46030,1709,,,1,61,,46025,0,,,1,19,,46031,1709,,,1,69,,46035,1709,,,1,22,,46019,0,,,1,16,,46029,1709,,,1,68,,46023,0,,,1,29,,46009,0,,,1,70,,46001,0,,,1,30,,46005,0,,,1,70,,46010,0,,,1,30,,46002,0,,,1,70,,46006,0,,,1,30,,46011,0,,,1,70,,46003,0,,,1,30,,46007,0,,,1,70,,46012,0,,,1,30,,46004,0,,,1,21,,46013,0,,,1,52,,46008,0,,,1,17,,46015,0,,,1,10,,46032,1709,,,1,17,,45999,0,,,1,53,,46017,0,,,1,15,,46021,0,,,1,18,,46034,1709,,,1,13,,46014,0,,,1,56,,46016,0,,,1,13,,46033,1709,,,1,18,,46018,0,,,1,14,,46020,0,,,1,64,,46026,0,,,1,21,,45998,0,,,1,63,,46022,0,,,1,100,,46000,0,,,1,100,,46027,0,,,1,100,,46028,0,,,1
