1000,'DI',621,,23498,8888,,,1,27,,23472,8888,,,1,70,,23499,8888,,,1,30,,23497,8888,,,1,70,,23490,8888,,,1,38,,23473,8888,,,1,70,,23491,8888,,,1,30,,23474,8888,,,1,70,,23492,8888,,,1,30,,23475,8888,,,1,70,,23493,8888,,,1,30,,23476,8888,,,1,70,,23494,8888,,,1,30,,23477,8888,,,1,70,,23495,8888,,,1,30,,23478,8888,,,1,70,,23496,8888,,,1,30,,23479,8888,,,1,70,,23500,8888,,,1,30,,23480,8888,,,1,70,,23501,8888,,,1,30,,23481,8888,,,1,70,,23502,8888,,,1,30,,23482,8888,,,1,70,,23503,8888,,,1,81,,23483,8888,,,1,100,,23484,8888,,,1,100,,23485,8888,,,1,100,,23486,8888,,,1,100,,23487,8888,,,1,100,,23488,8888,,,1,100,,23489,8888,,,1
1000,'F1',621,,44351,8888,,,1,27,,44325,8888,,,1,70,,44352,8888,,,1,30,,44350,8888,,,1,70,,44343,8888,,,1,38,,44326,8888,,,1,70,,44344,8888,,,1,30,,44327,8888,,,1,70,,44345,8888,,,1,30,,44328,8888,,,1,70,,44346,8888,,,1,30,,44329,8888,,,1,70,,44347,8888,,,1,30,,44330,8888,,,1,70,,44348,8888,,,1,30,,44331,8888,,,1,70,,44349,8888,,,1,30,,44332,8888,,,1,70,,44353,8888,,,1,30,,44333,8888,,,1,70,,44354,8888,,,1,30,,44334,8888,,,1,70,,44355,8888,,,1,30,,44335,8888,,,1,70,,44356,8888,,,1,81,,44336,8888,,,1,100,,44337,8888,,,1,100,,44338,8888,,,1,100,,44339,8888,,,1,100,,44340,8888,,,1,100,,44341,8888,,,1,100,,44342,8888,,,1
1000,'F2',521,,44367,8888,,,1,96,,44368,8888,,,1,30,,44363,8888,,,1,70,,44357,8888,,,1,30,,44370,8888,,,1,70,,44369,8888,,,1,38,,44379,8888,,,1,70,,44378,8888,,,1,30,,44380,8888,,,1,70,,44386,8888,,,1,30,,44381,8888,,,1,70,,44387,8888,,,1,30,,44371,8888,,,1,72,,44388,8888,,,1,30,,44372,8888,,,1,70,,44389,8888,,,1,30,,44373,8888,,,1,70,,44358,8888,,,1,30,,44374,8888,,,1,70,,44359,8888,,,1,30,,44375,8888,,,1,70,,44360,8888,,,1,29,,44376,8888,,,1,71,,44361,8888,,,1,30,,44377,8888,,,1,70,,44362,8888,,,1,81,,44382,8888,,,1,100,,44383,8888,,,1,100,,44384,8888,,,1,100,,44385,8888,,,1,100,,44364,8888,,,1,100,,44365,8888,,,1,100,,44366,8888,,,1
1000,'F8',521,,23580,8888,,,1,96,,23581,8888,,,1,30,,23576,8888,,,1,70,,23570,8888,,,1,30,,23583,8888,,,1,70,,23582,8888,,,1,38,,23592,8888,,,1,70,,23591,8888,,,1,30,,23593,8888,,,1,70,,23599,8888,,,1,30,,23594,8888,,,1,70,,23600,8888,,,1,30,,23584,8888,,,1,72,,23601,8888,,,1,30,,23585,8888,,,1,70,,23602,8888,,,1,30,,23586,8888,,,1,70,,23571,8888,,,1,30,,23587,8888,,,1,70,,23572,8888,,,1,30,,23588,8888,,,1,70,,23573,8888,,,1,29,,23589,8888,,,1,71,,23574,8888,,,1,30,,23590,8888,,,1,70,,23575,8888,,,1,81,,23595,8888,,,1,100,,23596,8888,,,1,100,,23597,8888,,,1,100,,23598,8888,,,1,100,,23577,8888,,,1,100,,23578,8888,,,1,100,,23579,8888,,,1
1000,'F9',621,,23629,8888,,,1,27,,23603,8888,,,1,70,,23630,8888,,,1,30,,23628,8888,,,1,70,,23621,8888,,,1,38,,23604,8888,,,1,70,,23622,8888,,,1,30,,23605,8888,,,1,70,,23623,8888,,,1,30,,23606,8888,,,1,70,,23624,8888,,,1,30,,23607,8888,,,1,70,,23625,8888,,,1,30,,23608,8888,,,1,70,,23626,8888,,,1,30,,23609,8888,,,1,70,,23627,8888,,,1,30,,23610,8888,,,1,70,,23631,8888,,,1,30,,23611,8888,,,1,70,,23632,8888,,,1,30,,23612,8888,,,1,70,,23633,8888,,,1,30,,23613,8888,,,1,70,,23634,8888,,,1,81,,23614,8888,,,1,100,,23615,8888,,,1,100,,23616,8888,,,1,100,,23617,8888,,,1,100,,23618,8888,,,1,100,,23619,8888,,,1,100,,23620,8888,,,1
1000,'SA',521,,23645,8888,,,1,96,,23646,8888,,,1,30,,23641,8888,,,1,70,,23635,8888,,,1,30,,23648,8888,,,1,70,,23647,8888,,,1,38,,23657,8888,,,1,70,,23656,8888,,,1,30,,23658,8888,,,1,70,,23664,8888,,,1,30,,23659,8888,,,1,70,,23665,8888,,,1,30,,23649,8888,,,1,72,,23666,8888,,,1,30,,23650,8888,,,1,70,,23667,8888,,,1,30,,23651,8888,,,1,70,,23636,8888,,,1,30,,23652,8888,,,1,70,,23637,8888,,,1,30,,23653,8888,,,1,70,,23638,8888,,,1,29,,23654,8888,,,1,71,,23639,8888,,,1,30,,23655,8888,,,1,70,,23640,8888,,,1,81,,23660,8888,,,1,100,,23661,8888,,,1,100,,23662,8888,,,1,100,,23663,8888,,,1,100,,23642,8888,,,1,100,,23643,8888,,,1,100,,23644,8888,,,1
1701,'DI',542,,25564,200,,,1,100,,25567,200,,,1,70,,25560,200,,,1,30,,25550,200,,,1,70,,25556,200,,,1,30,,25565,200,,,1,70,,25578,200,,,1,30,,25568,200,,,1,70,,25573,200,,,1,30,,25551,200,,,1,70,,25575,200,,,1,30,,25562,200,,,1,70,,25571,200,,,1,30,,25579,200,,,1,70,,25557,200,,,1,30,,25574,200,,,1,70,,25563,200,,,1,30,,25561,200,,,1,70,,25577,200,,,1,29,,25569,200,,,1,70,,25552,200,,,1,31,,25559,200,,,1,70,,25553,200,,,1,30,,25548,200,,,1,71,,25554,200,,,1,30,,25547,200,,,1,99,,25576,200,,,1,100,,25570,200,,,1,100,,25555,200,,,1,100,,25572,200,,,1,100,,25558,200,,,1,100,,25549,200,,,1,100,,25566,200,,,1
1701,'F1',542,,45121,200,,,1,100,,45124,200,,,1,70,,45117,200,,,1,30,,45107,200,,,1,70,,45113,200,,,1,30,,45122,200,,,1,70,,45135,200,,,1,30,,45125,200,,,1,70,,45130,200,,,1,30,,45108,200,,,1,70,,45132,200,,,1,30,,45119,200,,,1,70,,45128,200,,,1,30,,45136,200,,,1,70,,45114,200,,,1,30,,45131,200,,,1,70,,45120,200,,,1,30,,45118,200,,,1,70,,45134,200,,,1,29,,45126,200,,,1,70,,45109,200,,,1,31,,45116,200,,,1,70,,45110,200,,,1,30,,45105,200,,,1,71,,45111,200,,,1,30,,45104,200,,,1,99,,45133,200,,,1,100,,45127,200,,,1,100,,45112,200,,,1,100,,45129,200,,,1,100,,45115,200,,,1,100,,45106,200,,,1,100,,45123,200,,,1
1701,'F2',542,,45164,200,,,1,100,,45158,200,,,1,70,,45153,200,,,1,30,,45168,200,,,1,70,,45140,200,,,1,30,,45152,200,,,1,70,,45165,200,,,1,30,,45150,200,,,1,70,,45139,200,,,1,30,,45159,200,,,1,70,,45141,200,,,1,30,,45145,200,,,1,70,,45137,200,,,1,30,,45147,200,,,1,70,,45154,200,,,1,30,,45160,200,,,1,70,,45166,200,,,1,30,,45146,200,,,1,70,,45167,200,,,1,30,,45155,200,,,1,70,,45162,200,,,1,29,,45161,200,,,1,70,,45142,200,,,1,31,,45144,200,,,1,70,,45143,200,,,1,31,,45148,200,,,1,99,,45163,200,,,1,100,,45156,200,,,1,100,,45151,200,,,1,100,,45149,200,,,1,100,,45138,200,,,1,100,,45169,200,,,1,100,,45157,200,,,1
1701,'F8',542,,25673,200,,,1,100,,25667,200,,,1,70,,25662,200,,,1,30,,25677,200,,,1,70,,25649,200,,,1,30,,25661,200,,,1,70,,25674,200,,,1,30,,25659,200,,,1,70,,25648,200,,,1,30,,25668,200,,,1,70,,25650,200,,,1,30,,25654,200,,,1,70,,25646,200,,,1,30,,25656,200,,,1,70,,25663,200,,,1,30,,25669,200,,,1,70,,25675,200,,,1,30,,25655,200,,,1,70,,25676,200,,,1,30,,25664,200,,,1,70,,25671,200,,,1,29,,25670,200,,,1,70,,25651,200,,,1,31,,25653,200,,,1,70,,25652,200,,,1,31,,25657,200,,,1,99,,25672,200,,,1,100,,25665,200,,,1,100,,25660,200,,,1,100,,25658,200,,,1,100,,25647,200,,,1,100,,25678,200,,,1,100,,25666,200,,,1
1701,'F9',542,,25696,200,,,1,100,,25699,200,,,1,70,,25692,200,,,1,30,,25682,200,,,1,70,,25688,200,,,1,30,,25697,200,,,1,70,,25710,200,,,1,30,,25700,200,,,1,70,,25705,200,,,1,30,,25683,200,,,1,70,,25707,200,,,1,30,,25694,200,,,1,70,,25703,200,,,1,30,,25711,200,,,1,70,,25689,200,,,1,30,,25706,200,,,1,70,,25695,200,,,1,30,,25693,200,,,1,70,,25709,200,,,1,29,,25701,200,,,1,70,,25684,200,,,1,31,,25691,200,,,1,70,,25685,200,,,1,30,,25680,200,,,1,71,,25686,200,,,1,30,,25679,200,,,1,99,,25708,200,,,1,100,,25702,200,,,1,100,,25687,200,,,1,100,,25704,200,,,1,100,,25690,200,,,1,100,,25681,200,,,1,100,,25698,200,,,1
1701,'SA',542,,25737,200,,,1,100,,25731,200,,,1,70,,25727,200,,,1,30,,25741,200,,,1,70,,25715,200,,,1,30,,5087,200,,,1,70,,25738,200,,,1,30,,25725,200,,,1,70,,25714,200,,,1,30,,25732,200,,,1,70,,25716,200,,,1,30,,25720,200,,,1,70,,25712,200,,,1,30,,25722,200,,,1,70,,25728,200,,,1,30,,25733,200,,,1,70,,25739,200,,,1,30,,25721,200,,,1,70,,25740,200,,,1,30,,25729,200,,,1,70,,25735,200,,,1,29,,25734,200,,,1,70,,25717,200,,,1,31,,25719,200,,,1,70,,25718,200,,,1,31,,25723,200,,,1,99,,25736,200,,,1,100,,5098,200,,,1,100,,25726,200,,,1,100,,25724,200,,,1,100,,25713,200,,,1,100,,25742,200,,,1,100,,25730,200,,,1
7600,'SE',453,,48775,9243,,,1,70,,48778,9243,,,1,30,,48779,9243,,,1,64,,48783,9243,,,1,21,,48784,9243,,,1,20,,48780,9243,,,1,57,,48799,9243,,,1,13,,48764,9243,,,1,13,,48767,9243,,,1,61,,48770,9243,,,1,23,,48800,9243,,,1,26,,48768,9243,,,1,70,,48771,9243,,,1,30,,48762,9243,,,1,70,,48781,9243,,,1,30,,48773,9243,,,1,70,,48769,9243,,,1,30,,48765,9243,,,1,70,,48763,9243,,,1,30,,48802,9243,,,1,70,,48760,9243,,,1,30,,48782,9243,,,1,72,,48766,9243,,,1,34,,48772,9243,,,1,66,,48785,9243,,,1,32,,48787,9243,,,1,71,,48777,9243,,,1,24,,48797,9243,,,1,58,,48801,9243,,,1,20,,48803,9243,,,1,21,,48774,9243,,,1,58,,48798,9243,,,1,20,,48806,9243,,,1,26,,48786,9243,,,1,70,,48776,9243,,,1,30,,48761,9243,,,1,70,,48788,9243,,,1,30,,48804,9243,,,1,70,,48789,9243,,,1,30,,48805,9243,,,1,69,,48790,9243,,,1,30,,48794,9243,,,1,70,,48791,9243,,,1,30,,48795,9243,,,1,70,,48792,9243,,,1,30,,48796,9243,,,1,70,,48793,9243,,,1
41000,'SE',450,,50530,8777,,,2,70,,50533,8777,,,2,20,,50531,8777,,,2,60,,50536,8777,,,2,20,,50529,8777,,,2,12,,50537,8777,,,2,11,,50543,8777,,,2,7,,50532,8777,,,2,55,,50545,8777,,,2,12,,50535,8777,,,2,12,,50534,8777,,,2,10,,50542,8777,,,2,14,,50539,8777,,,2,51,,50544,8777,,,2,14,,50540,8777,,,2,16,,50546,8777,,,2,18,,50538,8777,,,2,70,,50541,8777,,,2,30,,50571,8888,,,2,70,,50570,8888,,,2,30,,50572,8888,,,2,70,,50549,8888,,,2,30,,50547,8888,,,2,70,,50553,8888,,,2,30,,50573,8888,,,2,70,,50550,8888,,,2,30,,50548,8888,,,2,71,,50554,8888,,,2,34,,50560,8888,,,2,63,,50555,8888,,,2,30,,50561,8888,,,2,60,,50551,8888,,,2,12,,50562,8888,,,2,15,,50579,8888,,,2,18,,50574,8888,,,2,52,,50578,8888,,,2,22,,50563,8888,,,2,71,,50575,8888,,,2,25,,50568,8888,,,2,30,,50576,8888,,,2,69,,50569,8888,,,2,30,,50577,8888,,,2,70,,50552,8888,,,2,30,,50564,8888,,,2,70,,50556,8888,,,2,30,,50567,8888,,,2,70,,50557,8888,,,2,30,,50565,8888,,,2,70,,50558,8888,,,2,100,,50559,8888,,,2,100,,50566,8888,,,2
41701,'SE',513,,50700,200,,,2,20,,50709,200,,,2,20,,50686,200,,,2,60,,50712,200,,,2,18,,50710,200,,,2,26,,50688,200,,,2,52,,50695,200,,,2,12,,50701,200,,,2,8,,50711,200,,,2,10,,50722,200,,,2,12,,50698,200,,,2,51,,50689,200,,,2,15,,50723,200,,,2,23,,50684,200,,,2,71,,50713,200,,,2,29,,50681,200,,,2,70,,50714,200,,,2,30,,50702,200,,,2,70,,50715,200,,,2,30,,50703,200,,,2,70,,50716,200,,,2,30,,50704,200,,,2,70,,50717,200,,,2,30,,50705,200,,,2,70,,50718,200,,,2,30,,50680,200,,,2,70,,50690,200,,,2,27,,50724,200,,,2,65,,50696,200,,,2,28,,50682,200,,,2,18,,50726,200,,,2,55,,50697,200,,,2,12,,50683,200,,,2,10,,50706,200,,,2,15,,50725,200,,,2,13,,50685,200,,,2,55,,50699,200,,,2,35,,50727,200,,,2,70,,50707,200,,,2,28,,50728,200,,,2,70,,50708,200,,,2,30,,50729,200,,,2,70,,50687,200,,,2,30,,50730,200,,,2,70,,50719,200,,,2,30,,50691,200,,,2,70,,50720,200,,,2,30,,50692,200,,,2,69,,50721,200,,,2,30,,50731,200,,,2,70,,50694,200,,,2,32,,50693,200,,,2
