800,'DI',600,,22786,6655,,,1,33,,22781,6655,,,1,70,,2441,6655,,,1,30,,2447,6655,,,1,70,,22787,6655,,,1,30,,22782,6655,,,1,72,,2442,6655,,,1,30,,2448,6655,,,1,70,,22788,6655,,,1,30,,22783,6655,,,1,70,,2443,6655,,,1,30,,2449,6655,,,1,71,,22789,6655,,,1,30,,2436,6655,,,1,70,,2444,6655,,,1,30,,2450,6655,,,1,70,,22790,6655,,,1,30,,22784,6655,,,1,70,,2445,6655,,,1,30,,22793,6655,,,1,70,,22791,6655,,,1,30,,22785,6655,,,1,69,,2446,6655,,,1,30,,22794,6655,,,1,72,,22792,6655,,,1,43,,2437,6655,,,1,99,,22795,6655,,,1,100,,2438,6655,,,1,99,,22796,6655,,,1,100,,2439,6655,,,1,100,,22797,6655,,,1,100,,2440,6655,,,1,100,,22780,6655,,,1
800,'F1',600,,44063,6655,,,1,33,,44043,6655,,,1,70,,44051,6655,,,1,30,,44057,6655,,,1,70,,44064,6655,,,1,30,,44044,6655,,,1,72,,44052,6655,,,1,30,,44058,6655,,,1,70,,44065,6655,,,1,30,,44045,6655,,,1,70,,44053,6655,,,1,30,,44059,6655,,,1,71,,44066,6655,,,1,30,,44046,6655,,,1,70,,44054,6655,,,1,30,,44060,6655,,,1,70,,44067,6655,,,1,30,,44061,6655,,,1,70,,44055,6655,,,1,30,,44070,6655,,,1,70,,44068,6655,,,1,30,,44062,6655,,,1,69,,44056,6655,,,1,30,,44071,6655,,,1,72,,44069,6655,,,1,43,,44047,6655,,,1,99,,44072,6655,,,1,100,,44048,6655,,,1,99,,44073,6655,,,1,100,,44049,6655,,,1,100,,44074,6655,,,1,100,,44050,6655,,,1,100,,44042,6655,,,1
800,'F2',600,,44096,6655,,,1,30,,44079,6655,,,1,72,,44092,6655,,,1,30,,44094,6655,,,1,71,,44097,6655,,,1,30,,44080,6655,,,1,70,,44093,6655,,,1,31,,44095,6655,,,1,70,,44098,6655,,,1,31,,44081,6655,,,1,70,,44087,6655,,,1,30,,44103,6655,,,1,68,,44099,6655,,,1,32,,44082,6655,,,1,70,,44088,6655,,,1,30,,44104,6655,,,1,70,,44100,6655,,,1,30,,44107,6655,,,1,70,,44089,6655,,,1,30,,44105,6655,,,1,70,,44101,6655,,,1,30,,44108,6655,,,1,70,,44090,6655,,,1,30,,44106,6655,,,1,72,,44102,6655,,,1,28,,44075,6655,,,1,70,,44091,6655,,,1,46,,44083,6655,,,1,98,,44076,6655,,,1,100,,44084,6655,,,1,100,,44077,6655,,,1,100,,44085,6655,,,1,100,,44078,6655,,,1,100,,44086,6655,,,1
800,'F8',600,,22955,6655,,,1,30,,22938,6655,,,1,72,,22951,6655,,,1,30,,22953,6655,,,1,71,,22956,6655,,,1,30,,22939,6655,,,1,70,,22952,6655,,,1,31,,22954,6655,,,1,70,,22957,6655,,,1,31,,22940,6655,,,1,70,,22946,6655,,,1,30,,22962,6655,,,1,68,,22958,6655,,,1,32,,22941,6655,,,1,70,,22947,6655,,,1,30,,22963,6655,,,1,70,,22959,6655,,,1,30,,22966,6655,,,1,70,,22948,6655,,,1,30,,22964,6655,,,1,70,,22960,6655,,,1,30,,22967,6655,,,1,70,,22949,6655,,,1,30,,22965,6655,,,1,72,,22961,6655,,,1,28,,22934,6655,,,1,70,,22950,6655,,,1,46,,22942,6655,,,1,98,,22935,6655,,,1,100,,22943,6655,,,1,100,,22936,6655,,,1,100,,22944,6655,,,1,100,,22937,6655,,,1,100,,22945,6655,,,1
800,'F9',600,,22989,6655,,,1,33,,22969,6655,,,1,70,,22977,6655,,,1,30,,22983,6655,,,1,70,,22990,6655,,,1,30,,22970,6655,,,1,72,,22978,6655,,,1,30,,22984,6655,,,1,70,,22991,6655,,,1,30,,22971,6655,,,1,70,,22979,6655,,,1,30,,22985,6655,,,1,71,,22992,6655,,,1,30,,22972,6655,,,1,70,,22980,6655,,,1,30,,22986,6655,,,1,70,,22993,6655,,,1,30,,22987,6655,,,1,70,,22981,6655,,,1,30,,22996,6655,,,1,70,,22994,6655,,,1,30,,22988,6655,,,1,69,,22982,6655,,,1,30,,22997,6655,,,1,72,,22995,6655,,,1,43,,22973,6655,,,1,99,,22998,6655,,,1,100,,22974,6655,,,1,99,,22999,6655,,,1,100,,22975,6655,,,1,100,,23000,6655,,,1,100,,22976,6655,,,1,100,,22968,6655,,,1
800,'SA',600,,23022,6655,,,1,30,,23005,6655,,,1,72,,23018,6655,,,1,30,,23020,6655,,,1,71,,23023,6655,,,1,30,,23006,6655,,,1,70,,23019,6655,,,1,31,,23021,6655,,,1,70,,23024,6655,,,1,31,,23007,6655,,,1,70,,23013,6655,,,1,30,,23029,6655,,,1,68,,23025,6655,,,1,32,,23008,6655,,,1,70,,23014,6655,,,1,30,,23030,6655,,,1,70,,23026,6655,,,1,30,,2660,6655,,,1,70,,23015,6655,,,1,30,,23031,6655,,,1,70,,23027,6655,,,1,30,,2661,6655,,,1,70,,23016,6655,,,1,30,,23032,6655,,,1,72,,23028,6655,,,1,28,,23001,6655,,,1,70,,23017,6655,,,1,46,,23009,6655,,,1,98,,23002,6655,,,1,100,,23010,6655,,,1,100,,23003,6655,,,1,100,,23011,6655,,,1,100,,23004,6655,,,1,100,,23012,6655,,,1
800,'SE',504,,44153,6655,,,1,28,,44155,6655,,,1,22,,44156,6655,,,1,81,,44112,6655,,,1,70,,44154,6655,,,1,21,,44126,6655,,,1,19,,44157,6655,,,1,13,,44150,6655,,,1,55,,44115,6655,,,1,15,,44134,6655,,,1,15,,44113,6655,,,1,57,,44137,6655,,,1,15,,44124,6655,,,1,15,,44127,6655,,,1,15,,44130,6655,,,1,55,,44171,6655,,,1,15,,44116,6655,,,1,15,,44135,6655,,,1,15,,44114,6655,,,1,55,,44138,6655,,,1,15,,44140,6655,,,1,17,,44118,6655,,,1,15,,44128,6655,,,1,55,,44158,6655,,,1,15,,44172,6655,,,1,15,,44169,6655,,,1,15,,44136,6655,,,1,55,,44109,6655,,,1,15,,44139,6655,,,1,15,,44125,6655,,,1,15,,44119,6655,,,1,55,,44131,6655,,,1,15,,44159,6655,,,1,17,,44117,6655,,,1,15,,44162,6655,,,1,55,,44161,6655,,,1,15,,44110,6655,,,1,15,,44141,6655,,,1,15,,44146,6655,,,1,55,,44129,6655,,,1,15,,44165,6655,,,1,15,,44132,6655,,,1,12,,44160,6655,,,1,12,,44145,6655,,,1,52,,44163,6655,,,1,12,,44151,6655,,,1,12,,44164,6655,,,1,12,,44111,6655,,,1,11,,44142,6655,,,1,52,,44147,6655,,,1,12,,44166,6655,,,1,11,,44148,6655,,,1,10,,44167,6655,,,1,10,,44133,6655,,,1,60,,44152,6655,,,1,27,,44120,6655,,,1,68,,44173,6655,,,1,30,,44168,6655,,,1,68,,44149,6655,,,1,30,,44121,6655,,,1,70,,44170,6655,,,1,45,,44143,6655,,,1,100,,44122,6655,,,1,97,,44144,6655,,,1,100,,44123,6655,,,1
2800,'DI',856,,27669,6283,0,32 33,1,101,,27674,6283,0,32 33,1,101,,27672,6283,0,32 33,1,100,,27670,6283,0,32 33,1,100,,27671,6283,0,32 33,1,100,,27675,6283,0,32 33,1,100,,27678,6283,0,32 33,1,101,,27677,6283,0,32 33,1,99,,27676,6283,0,32 33,1,100,,27673,6283,0,32 33,1
2800,'F1',856,,45917,6283,0,32 33,1,101,,45922,6283,0,32 33,1,101,,45920,6283,0,32 33,1,100,,45918,6283,0,32 33,1,100,,45919,6283,0,32 33,1,100,,45923,6283,0,32 33,1,100,,45926,6283,0,32 33,1,101,,45925,6283,0,32 33,1,99,,45924,6283,0,32 33,1,100,,45921,6283,0,32 33,1
2800,'F2',858,,45934,6283,0,32 33,1,99,,45929,6283,0,32 33,1,144,,45927,6283,0,32 33,1,57,,45931,6283,0,32 33,1,101,,45930,6283,0,32 33,1,100,,45932,6283,0,32 33,1,99,,45928,6283,0,32 33,1,143,,45936,6283,0,32 33,1,99,,45935,6283,0,32 33,1,58,,45933,6283,0,32 33,1
2800,'F8',858,,27747,6283,0,32 33,1,99,,27742,6283,0,32 33,1,144,,27740,6283,0,32 33,1,57,,27744,6283,0,32 33,1,101,,27743,6283,0,32 33,1,100,,27745,6283,0,32 33,1,99,,27741,6283,0,32 33,1,143,,27749,6283,0,32 33,1,99,,27748,6283,0,32 33,1,58,,27746,6283,0,32 33,1
2800,'F9',856,,27750,6283,0,32 33,1,101,,27755,6283,0,32 33,1,101,,27753,6283,0,32 33,1,100,,27751,6283,0,32 33,1,100,,27752,6283,0,32 33,1,100,,27756,6283,0,32 33,1,100,,27759,6283,0,32 33,1,101,,27758,6283,0,32 33,1,99,,27757,6283,0,32 33,1,100,,27754,6283,0,32 33,1
2800,'SA',858,,27766,6283,0,32 33,1,99,,27762,6283,0,32 33,1,144,,27760,6283,0,32 33,1,57,,27763,6283,0,32 33,1,101,,6923,6283,0,32 33,1,100,,27764,6283,0,32 33,1,99,,27761,6283,0,32 33,1,143,,27768,6283,0,32 33,1,99,,27767,6283,0,32 33,1,58,,27765,6283,0,32 33,1
2800,'SE',623,,45971,6283,0,32 33,1,85,,45972,6283,0,32 33,1,23,,45976,6283,0,32 33,1,3,,45977,6283,0,32 33,1,16,,45950,6283,0,32 33,1,53,,45962,6283,0,32 33,1,12,,45970,6283,0,32 33,1,18,,45961,6283,0,32 33,1,14,,45966,6283,0,32 33,1,58,,45951,6283,0,32 33,1,30,,45942,6283,0,32 33,1,70,,45946,6283,0,32 33,1,30,,45952,6283,0,32 33,1,70,,45943,6283,0,32 33,1,32,,45947,6283,0,32 33,1,70,,45953,6283,0,32 33,1,30,,45944,6283,0,32 33,1,70,,45948,6283,0,32 33,1,30,,45954,6283,0,32 33,1,70,,45945,6283,0,32 33,1,32,,45949,6283,0,32 33,1,70,,45973,6283,0,32 33,1,15,,45939,6283,0,32 33,1,15,,45959,6283,0,32 33,1,15,,45964,6283,0,32 33,1,55,,45975,6283,0,32 33,1,15,,45956,6283,0,32 33,1,14,,45958,6283,0,32 33,1,12,,45974,6283,0,32 33,1,52,,45940,6283,0,32 33,1,12,,45960,6283,0,32 33,1,12,,45963,6283,0,32 33,1,12,,45967,6283,0,32 33,1,12,,45955,6283,0,32 33,1,51,,45957,6283,0,32 33,1,12,,45937,6283,0,32 33,1,11,,45938,6283,0,32 33,1,13,,45965,6283,0,32 33,1,95,,45941,6283,0,32 33,1,98,,45968,6283,0,32 33,1,98,,45969,6283,0,32 33,1
8800,'DI',718,,36639,6655,,,1,30,,36644,6655,,,1,70,,36650,6655,,,1,30,,36659,6655,,,1,70,,36640,6655,,,1,30,,36645,6655,,,1,72,,36651,6655,,,1,30,,36660,6655,,,1,70,,36641,6655,,,1,30,,36646,6655,,,1,70,,36652,6655,,,1,30,,36661,6655,,,1,70,,36642,6655,,,1,30,,36647,6655,,,1,70,,36653,6655,,,1,30,,15002,6655,,,1,70,,36654,6655,,,1,30,,36648,6655,,,1,70,,36662,6655,,,1,30,,15003,6655,,,1,70,,36655,6655,,,1,29,,36649,6655,,,1,70,,36663,6655,,,1,100,,36656,6655,,,1,100,,36664,6655,,,1,100,,36657,6655,,,1,100,,36665,6655,,,1,97,,36658,6655,,,1,100,,36638,6655,,,1,100,,36643,6655,,,1
8800,'F1',718,,49524,6655,,,1,30,,49529,6655,,,1,70,,49535,6655,,,1,30,,49544,6655,,,1,70,,49525,6655,,,1,30,,49530,6655,,,1,72,,49536,6655,,,1,30,,49545,6655,,,1,70,,49526,6655,,,1,30,,49531,6655,,,1,70,,49537,6655,,,1,30,,49546,6655,,,1,70,,49527,6655,,,1,30,,49532,6655,,,1,70,,49538,6655,,,1,30,,49521,6655,,,1,70,,49539,6655,,,1,30,,49533,6655,,,1,70,,49547,6655,,,1,30,,49522,6655,,,1,70,,49540,6655,,,1,29,,49534,6655,,,1,70,,49548,6655,,,1,100,,49541,6655,,,1,100,,49549,6655,,,1,100,,49542,6655,,,1,100,,49550,6655,,,1,97,,49543,6655,,,1,100,,49523,6655,,,1,100,,49528,6655,,,1
8800,'F2',717,,49554,6655,,,1,30,,49579,6655,,,1,71,,49575,6655,,,1,30,,49566,6655,,,1,71,,49559,6655,,,1,30,,49580,6655,,,1,71,,49576,6655,,,1,30,,49567,6655,,,1,70,,49560,6655,,,1,30,,49571,6655,,,1,70,,49556,6655,,,1,30,,49568,6655,,,1,70,,49561,6655,,,1,30,,49572,6655,,,1,70,,49557,6655,,,1,30,,49551,6655,,,1,70,,49562,6655,,,1,30,,49573,6655,,,1,70,,49558,6655,,,1,30,,49552,6655,,,1,71,,49581,6655,,,1,29,,49574,6655,,,1,71,,49569,6655,,,1,29,,49553,6655,,,1,70,,49563,6655,,,1,100,,49570,6655,,,1,99,,49564,6655,,,1,98,,49578,6655,,,1,100,,49565,6655,,,1,100,,49577,6655,,,1,100,,49555,6655,,,1
8800,'F8',717,,36775,6655,,,1,30,,36800,6655,,,1,71,,36796,6655,,,1,30,,36787,6655,,,1,71,,36780,6655,,,1,30,,36801,6655,,,1,71,,36797,6655,,,1,30,,36788,6655,,,1,70,,36781,6655,,,1,30,,36792,6655,,,1,70,,36777,6655,,,1,30,,36789,6655,,,1,70,,36782,6655,,,1,30,,36793,6655,,,1,70,,36778,6655,,,1,30,,36772,6655,,,1,70,,36783,6655,,,1,30,,36794,6655,,,1,70,,36779,6655,,,1,30,,36773,6655,,,1,71,,36802,6655,,,1,29,,36795,6655,,,1,71,,36790,6655,,,1,29,,36774,6655,,,1,70,,36784,6655,,,1,100,,36791,6655,,,1,99,,36785,6655,,,1,98,,36799,6655,,,1,100,,36786,6655,,,1,100,,36798,6655,,,1,100,,36776,6655,,,1
8800,'F9',718,,36806,6655,,,1,30,,36811,6655,,,1,70,,36817,6655,,,1,30,,36826,6655,,,1,70,,36807,6655,,,1,30,,36812,6655,,,1,72,,36818,6655,,,1,30,,36827,6655,,,1,70,,36808,6655,,,1,30,,36813,6655,,,1,70,,36819,6655,,,1,30,,36828,6655,,,1,70,,36809,6655,,,1,30,,36814,6655,,,1,70,,36820,6655,,,1,30,,36803,6655,,,1,70,,36821,6655,,,1,30,,36815,6655,,,1,70,,36829,6655,,,1,30,,36804,6655,,,1,70,,36822,6655,,,1,29,,36816,6655,,,1,70,,36830,6655,,,1,100,,36823,6655,,,1,100,,36831,6655,,,1,100,,36824,6655,,,1,100,,36832,6655,,,1,97,,36825,6655,,,1,100,,36805,6655,,,1,100,,36810,6655,,,1
8800,'SA',717,,36836,6655,,,1,30,,36860,6655,,,1,71,,36857,6655,,,1,30,,36848,6655,,,1,71,,36841,6655,,,1,30,,36861,6655,,,1,71,,36858,6655,,,1,30,,36849,6655,,,1,70,,36842,6655,,,1,30,,36853,6655,,,1,70,,36838,6655,,,1,30,,36850,6655,,,1,70,,36843,6655,,,1,30,,36854,6655,,,1,70,,36839,6655,,,1,30,,36833,6655,,,1,70,,36844,6655,,,1,30,,36855,6655,,,1,70,,36840,6655,,,1,30,,36834,6655,,,1,71,,36862,6655,,,1,29,,36856,6655,,,1,71,,36851,6655,,,1,29,,36835,6655,,,1,70,,36845,6655,,,1,100,,36852,6655,,,1,99,,36846,6655,,,1,98,,15203,6655,,,1,100,,36847,6655,,,1,100,,36859,6655,,,1,100,,36837,6655,,,1
8800,'SE',718,,49597,6655,,,1,21,,49625,6655,,,1,15,,49606,6655,,,1,54,,49611,6655,,,1,15,,49627,6655,,,1,15,,49600,6655,,,1,15,,49626,6655,,,1,69,,49586,6655,,,1,30,,49620,6655,,,1,70,,49621,6655,,,1,30,,49582,6655,,,1,72,,49588,6655,,,1,30,,49590,6655,,,1,70,,49584,6655,,,1,30,,49583,6655,,,1,70,,49593,6655,,,1,30,,49589,6655,,,1,72,,49623,6655,,,1,30,,49591,6655,,,1,58,,49601,6655,,,1,15,,49607,6655,,,1,15,,49598,6655,,,1,15,,49587,6655,,,1,55,,49629,6655,,,1,15,,49628,6655,,,1,13,,49624,6655,,,1,12,,49585,6655,,,1,52,,49614,6655,,,1,12,,49592,6655,,,1,12,,49602,6655,,,1,12,,49613,6655,,,1,11,,49608,6655,,,1,52,,49599,6655,,,1,12,,49604,6655,,,1,11,,49603,6655,,,1,19,,49605,6655,,,1,55,,49594,6655,,,1,22,,49622,6655,,,1,28,,49609,6655,,,1,70,,49596,6655,,,1,28,,49595,6655,,,1,70,,49615,6655,,,1,30,,49610,6655,,,1,70,,49618,6655,,,1,100,,49616,6655,,,1,99,,49619,6655,,,1,98,,49617,6655,,,1
