6101,'DI',721,,58524,11055,,,2,30,,58521,11055,,,2,72,,58527,11055,,,2,17,,58525,11055,,,2,70,,58522,11055,,,2,30,,58528,11055,,,2,70,,58526,11055,,,2,30,,58523,11055,,,2,70,,58529,11055,,,2,30,,58530,11055,,,2,70,,58534,11055,,,2,30,,58538,11055,,,2,70,,58531,11055,,,2,30,,58535,11055,,,2,70,,58539,11055,,,2,30,,58532,11055,,,2,70,,58536,11055,,,2,30,,58540,11055,,,2,70,,58533,11055,,,2,34,,58537,11055,,,2,61,,58541,11055,,,2,35,,58543,11055,,,2,60,,58546,11055,,,2,40,,58542,11055,,,2,65,,58544,11055,,,2,30,,58547,11055,,,2,85,,58545,11055,,,2,100,,58548,11055,,,2,100,,58549,11055,,,2,100,,58550,11055,,,2
6101,'F1',721,,58556,11055,,,2,30,,58553,11055,,,2,72,,58559,11055,,,2,17,,58557,11055,,,2,70,,58554,11055,,,2,30,,58560,11055,,,2,70,,58558,11055,,,2,30,,58555,11055,,,2,70,,58561,11055,,,2,30,,58562,11055,,,2,70,,58566,11055,,,2,30,,58570,11055,,,2,70,,58563,11055,,,2,30,,58567,11055,,,2,70,,58571,11055,,,2,30,,58564,11055,,,2,70,,58568,11055,,,2,30,,58572,11055,,,2,70,,58565,11055,,,2,34,,58569,11055,,,2,61,,58573,11055,,,2,35,,58575,11055,,,2,60,,58578,11055,,,2,40,,58574,11055,,,2,65,,58576,11055,,,2,30,,58579,11055,,,2,85,,58577,11055,,,2,100,,58580,11055,,,2,100,,58581,11055,,,2,100,,58582,11055,,,2
6101,'F2',721,,58588,11055,,,2,30,,58585,11055,,,2,72,,58591,11055,,,2,17,,58589,11055,,,2,70,,58586,11055,,,2,30,,58592,11055,,,2,70,,58590,11055,,,2,30,,58587,11055,,,2,70,,58593,11055,,,2,30,,58594,11055,,,2,70,,58598,11055,,,2,30,,58600,11055,,,2,70,,58595,11055,,,2,30,,58599,11055,,,2,70,,58601,11055,,,2,30,,58596,11055,,,2,70,,58602,11055,,,2,30,,58606,11055,,,2,70,,58597,11055,,,2,34,,58603,11055,,,2,61,,58607,11055,,,2,35,,58609,11055,,,2,60,,58604,11055,,,2,40,,58608,11055,,,2,65,,58610,11055,,,2,30,,58605,11055,,,2,85,,58611,11055,,,2,100,,58613,11055,,,2,100,,58612,11055,,,2,100,,58615,11055,,,2
6101,'SA',721,,58620,11055,,,2,30,,58617,11055,,,2,72,,58623,11055,,,2,17,,58621,11055,,,2,70,,58618,11055,,,2,30,,58624,11055,,,2,70,,58622,11055,,,2,30,,58619,11055,,,2,70,,58625,11055,,,2,30,,58626,11055,,,2,70,,58630,11055,,,2,30,,58632,11055,,,2,70,,58627,11055,,,2,30,,58631,11055,,,2,70,,58633,11055,,,2,30,,58628,11055,,,2,70,,58634,11055,,,2,30,,58638,11055,,,2,70,,58629,11055,,,2,34,,58635,11055,,,2,61,,58639,11055,,,2,35,,58641,11055,,,2,60,,58636,11055,,,2,40,,58640,11055,,,2,65,,58642,11055,,,2,30,,58637,11055,,,2,85,,58643,11055,,,2,100,,58645,11055,,,2,100,,58644,11055,,,2,100,,58647,11055,,,2
6101,'SE',600,,58698,11055,,,2,30,,58700,11055,,,2,10,,58653,11055,,,2,17,,58656,11055,,,2,49,,58650,11055,,,2,14,,58659,11055,,,2,14,,58649,11055,,,2,7,,58663,11055,,,2,16,,58657,11055,,,2,49,,58662,11055,,,2,19,,58654,11055,,,2,24,,58651,11055,,,2,62,,58660,11055,,,2,15,,58664,11055,,,2,76,,58655,11055,,,2,30,,58652,11055,,,2,70,,58661,11055,,,2,32,,58699,11055,,,2,70,,58658,11055,,,2,30,,58665,11055,,,2,72,,58669,11055,,,2,30,,58666,11055,,,2,70,,58667,11055,,,2,33,,58671,11055,,,2,61,,58673,11055,,,2,27,,58676,11055,,,2,23,,58668,11055,,,2,60,,58670,11055,,,2,24,,58678,11055,,,2,4,,58680,11055,,,2,65,,58674,11055,,,2,7,,58675,11055,,,2,14,,58681,11055,,,2,13,,58682,11055,,,2,14,,58672,11055,,,2,54,,58685,11055,,,2,6,,58688,11055,,,2,15,,58679,11055,,,2,14,,58677,11055,,,2,64,,58690,11055,,,2,24,,58683,11055,,,2,28,,58693,11055,,,2,68,,58696,11055,,,2,30,,58686,11055,,,2,69,,58689,11055,,,2,29,,58697,11055,,,2,70,,58684,11055,,,2,29,,58694,11055,,,2,70,,58691,11055,,,2
8501,'SE',634,,60899,3672,,,2,69,,60897,3672,,,2,27,,60900,3672,,,2,70,,60898,3672,,,2
16101,'DI',555,,62407,2521,0,35 36,2,1172,,62408,2521,0,35 36,2
16101,'F1',555,,62419,2521,0,35 36,2,1172,,62420,2521,0,35 36,2
16101,'F2',555,,62433,2521,0,35 36,2,1172,,62432,2521,0,35 36,2
16101,'SA',555,,62446,2521,0,35 36,2,1172,,62445,2521,0,35 36,2
16101,'SE',632,,62463,2521,0,35 36,2,73,,62462,2521,0,35 36,2,32,,62464,2521,0,35 36,2,502,,62460,2521,0,35 36,2,372,,62461,2521,0,35 36,2,36,,62465,2521,0,35 36,2,78,,62466,2521,0,35 36,2
