2300,'F2',649,,45829,3948,,,1,100,,45830,3948,,,1,100,,45821,3948,,,1,101,,45822,3948,,,1,99,,45825,3948,,,1,103,,45826,3948,,,1,97,,45831,3948,,,1,100,,45832,3948,,,1,100,,45828,3948,,,1,100,,45827,3948,,,1,100,,45823,3948,,,1,102,,45824,3948,,,1
2300,'F8',649,,27462,3948,,,1,100,,27463,3948,,,1,100,,27454,3948,,,1,101,,27455,3948,,,1,99,,27458,3948,,,1,103,,27459,3948,,,1,97,,27464,3948,,,1,100,,27465,3948,,,1,100,,27461,3948,,,1,100,,27460,3948,,,1,100,,27456,3948,,,1,102,,27457,3948,,,1
2300,'SA',649,,27474,3948,,,1,100,,27475,3948,,,1,100,,27466,3948,,,1,101,,27467,3948,,,1,99,,27470,3948,,,1,103,,27471,3948,,,1,97,,27476,3948,,,1,100,,27477,3948,,,1,100,,27473,3948,,,1,100,,27472,3948,,,1,100,,27468,3948,,,1,102,,27469,3948,,,1
2300,'SE',950,,45837,3948,,,1,100,,45833,3948,,,1,100,,45836,3948,,,1,100,,45834,3948,,,1,100,,45835,3948,,,1
12300,'DI',619,,37610,3948,0,42 43,1,100,,37620,3948,0,42 43,1,100,,37611,3948,0,42 43,1,100,,37621,3948,0,42 43,1,100,,37612,3948,0,42 43,1,100,,37622,3948,0,42 43,1,105,,37613,3948,0,42 43,1,95,,37623,3948,0,42 43,1,100,,37614,3948,0,42 43,1,100,,37624,3948,0,42 43,1,100,,37615,3948,0,42 43,1,100,,37625,3948,0,42 43,1,100,,37616,3948,0,42 43,1,100,,37626,3948,0,42 43,1,100,,37617,3948,0,42 43,1,100,,37627,3948,0,42 43,1,100,,37618,3948,0,42 43,1,100,,37628,3948,0,42 43,1,100,,37619,3948,0,42 43,1
12300,'F1',619,,49910,3948,0,42 43,1,100,,49920,3948,0,42 43,1,100,,49911,3948,0,42 43,1,100,,49921,3948,0,42 43,1,100,,49912,3948,0,42 43,1,100,,49922,3948,0,42 43,1,105,,49913,3948,0,42 43,1,95,,49923,3948,0,42 43,1,100,,49914,3948,0,42 43,1,100,,49924,3948,0,42 43,1,100,,49915,3948,0,42 43,1,100,,49925,3948,0,42 43,1,100,,49916,3948,0,42 43,1,100,,49926,3948,0,42 43,1,100,,49917,3948,0,42 43,1,100,,49927,3948,0,42 43,1,100,,49918,3948,0,42 43,1,100,,49928,3948,0,42 43,1,100,,49919,3948,0,42 43,1
12300,'F2',619,,49930,3948,0,42 43,1,100,,49929,3948,0,42 43,1,100,,49931,3948,0,42 43,1,105,,49940,3948,0,42 43,1,99,,49932,3948,0,42 43,1,100,,49941,3948,0,42 43,1,100,,49933,3948,0,42 43,1,96,,49942,3948,0,42 43,1,100,,49934,3948,0,42 43,1,100,,49943,3948,0,42 43,1,104,,49935,3948,0,42 43,1,101,,49944,3948,0,42 43,1,99,,49936,3948,0,42 43,1,96,,49945,3948,0,42 43,1,100,,49937,3948,0,42 43,1,100,,49946,3948,0,42 43,1,100,,49938,3948,0,42 43,1,100,,49947,3948,0,42 43,1,100,,49939,3948,0,42 43,1
12300,'F8',619,,37705,3948,0,42 43,1,100,,37704,3948,0,42 43,1,100,,37706,3948,0,42 43,1,105,,37715,3948,0,42 43,1,99,,37707,3948,0,42 43,1,100,,37716,3948,0,42 43,1,100,,37708,3948,0,42 43,1,96,,37717,3948,0,42 43,1,100,,37709,3948,0,42 43,1,100,,37718,3948,0,42 43,1,104,,37710,3948,0,42 43,1,101,,37719,3948,0,42 43,1,99,,37711,3948,0,42 43,1,96,,37720,3948,0,42 43,1,100,,37712,3948,0,42 43,1,100,,37721,3948,0,42 43,1,100,,37713,3948,0,42 43,1,100,,37722,3948,0,42 43,1,100,,37714,3948,0,42 43,1
12300,'F9',619,,37723,3948,0,42 43,1,100,,37733,3948,0,42 43,1,100,,37724,3948,0,42 43,1,100,,37734,3948,0,42 43,1,100,,37725,3948,0,42 43,1,100,,37735,3948,0,42 43,1,105,,37726,3948,0,42 43,1,95,,37736,3948,0,42 43,1,100,,37727,3948,0,42 43,1,100,,37737,3948,0,42 43,1,100,,37728,3948,0,42 43,1,100,,37738,3948,0,42 43,1,100,,37729,3948,0,42 43,1,100,,37739,3948,0,42 43,1,100,,37730,3948,0,42 43,1,100,,37740,3948,0,42 43,1,100,,37731,3948,0,42 43,1,100,,37741,3948,0,42 43,1,100,,37732,3948,0,42 43,1
12300,'SA',619,,37743,3948,0,42 43,1,100,,37742,3948,0,42 43,1,100,,37744,3948,0,42 43,1,105,,37753,3948,0,42 43,1,99,,37745,3948,0,42 43,1,100,,37754,3948,0,42 43,1,100,,37746,3948,0,42 43,1,96,,37755,3948,0,42 43,1,100,,37747,3948,0,42 43,1,100,,37756,3948,0,42 43,1,104,,37748,3948,0,42 43,1,101,,37757,3948,0,42 43,1,99,,37749,3948,0,42 43,1,96,,37758,3948,0,42 43,1,100,,37750,3948,0,42 43,1,100,,37759,3948,0,42 43,1,100,,37751,3948,0,42 43,1,100,,37760,3948,0,42 43,1,100,,37752,3948,0,42 43,1
12300,'SE',511,,49961,3948,0,42 43,1,33,,49949,3948,0,42 43,1,15,,49984,3948,0,42 43,1,50,,49964,3948,0,42 43,1,10,,49954,3948,0,42 43,1,10,,49952,3948,0,42 43,1,12,,49967,3948,0,42 43,1,8,,49956,3948,0,42 43,1,52,,49968,3948,0,42 43,1,10,,49953,3948,0,42 43,1,21,,49970,3948,0,42 43,1,17,,49974,3948,0,42 43,1,69,,49965,3948,0,42 43,1,29,,49971,3948,0,42 43,1,69,,49951,3948,0,42 43,1,102,,49972,3948,0,42 43,1,100,,49957,3948,0,42 43,1,99,,49966,3948,0,42 43,1,101,,49958,3948,0,42 43,1,5,,49955,3948,0,42 43,1,93,,49969,3948,0,42 43,1,30,,49959,3948,0,42 43,1,71,,49976,3948,0,42 43,1,26,,49980,3948,0,42 43,1,71,,49975,3948,0,42 43,1,31,,49950,3948,0,42 43,1,71,,49960,3948,0,42 43,1,30,,49977,3948,0,42 43,1,76,,49973,3948,0,42 43,1,28,,49962,3948,0,42 43,1,70,,49981,3948,0,42 43,1,30,,49963,3948,0,42 43,1,70,,49948,3948,0,42 43,1,100,,49982,3948,0,42 43,1,100,,49978,3948,0,42 43,1,98,,49983,3948,0,42 43,1,100,,49979,3948,0,42 43,1
17000,'SE',550,,50412,6576,0,46,2,70,,50416,6576,0,46,2,31,,50413,6576,0,46,2,70,,50417,6576,0,46,2,30,,50414,6576,0,46,2,73,,50418,6576,0,46,2,28,,50415,6576,0,46,2,692,,50419,6576,0,46,2,70,,50423,6576,0,46,2,30,,50420,6576,0,46,2,70,,50424,6576,0,46,2,30,,50421,6576,0,46,2,70,,50425,6576,0,46,2,30,,50422,6576,0,46,2
