401,'DI',609,,21384,17808,,,1,30,,21391,17808,,,1,70,,21403,17808,,,1,30,,21399,17808,,,1,70,,21385,17808,,,1,30,,21392,17808,,,1,72,,21405,17808,,,1,30,,21407,17808,,,1,70,,21386,17808,,,1,30,,21393,17808,,,1,70,,21406,17808,,,1,30,,21408,17808,,,1,70,,21387,17808,,,1,30,,21413,17808,,,1,70,,21414,17808,,,1,30,,21409,17808,,,1,71,,21388,17808,,,1,29,,21394,17808,,,1,70,,21416,17808,,,1,30,,21397,17808,,,1,72,,21389,17808,,,1,29,,21395,17808,,,1,70,,21417,17808,,,1,34,,21398,17808,,,1,65,,21410,17808,,,1,30,,21415,17808,,,1,70,,21412,17808,,,1,30,,21390,17808,,,1,71,,21411,17808,,,1,29,,21400,17808,,,1,70,,21383,17808,,,1,30,,21396,17808,,,1,100,,21402,17808,,,1,100,,21404,17808,,,1,100,,21401,17808,,,1
401,'F8',609,,21527,17808,,,1,30,,21534,17808,,,1,70,,21536,17808,,,1,30,,21531,17808,,,1,70,,21528,17808,,,1,30,,21535,17808,,,1,72,,21537,17808,,,1,30,,21532,17808,,,1,70,,21529,17808,,,1,30,,21555,17808,,,1,70,,21538,17808,,,1,30,,21549,17808,,,1,70,,21559,17808,,,1,32,,21547,17808,,,1,70,,21558,17808,,,1,30,,21542,17808,,,1,70,,21526,17808,,,1,30,,21539,17808,,,1,70,,21550,17808,,,1,30,,21560,17808,,,1,70,,21557,17808,,,1,30,,21546,17808,,,1,70,,21552,17808,,,1,30,,21545,17808,,,1,70,,21533,17808,,,1,28,,21551,17808,,,1,70,,21541,17808,,,1,30,,21530,17808,,,1,70,,21554,17808,,,1,30,,21540,17808,,,1,70,,21553,17808,,,1,30,,21556,17808,,,1,100,,21548,17808,,,1,100,,21544,17808,,,1,100,,21543,17808,,,1
401,'F9',609,,21562,17808,,,1,30,,21569,17808,,,1,70,,21581,17808,,,1,30,,21577,17808,,,1,70,,21563,17808,,,1,30,,21570,17808,,,1,72,,21583,17808,,,1,30,,21585,17808,,,1,70,,21564,17808,,,1,30,,21571,17808,,,1,70,,21584,17808,,,1,30,,21586,17808,,,1,70,,21565,17808,,,1,30,,21591,17808,,,1,70,,21592,17808,,,1,30,,21587,17808,,,1,71,,21566,17808,,,1,29,,21572,17808,,,1,70,,21594,17808,,,1,30,,21575,17808,,,1,72,,21567,17808,,,1,29,,21573,17808,,,1,70,,21595,17808,,,1,34,,21576,17808,,,1,65,,21588,17808,,,1,30,,21593,17808,,,1,70,,21590,17808,,,1,30,,21568,17808,,,1,71,,21589,17808,,,1,29,,21578,17808,,,1,70,,21561,17808,,,1,30,,21574,17808,,,1,100,,21580,17808,,,1,100,,21582,17808,,,1,100,,21579,17808,,,1
401,'SA',609,,21596,17808,,,1,30,,1360,17808,,,1,70,,1362,17808,,,1,30,,1358,17808,,,1,70,,21597,17808,,,1,30,,1361,17808,,,1,72,,1363,17808,,,1,30,,1359,17808,,,1,70,,21598,17808,,,1,30,,21616,17808,,,1,70,,1364,17808,,,1,30,,21610,17808,,,1,70,,21620,17808,,,1,32,,21608,17808,,,1,70,,21619,17808,,,1,30,,21603,17808,,,1,70,,1356,17808,,,1,30,,1365,17808,,,1,70,,21611,17808,,,1,30,,21621,17808,,,1,70,,21618,17808,,,1,30,,21607,17808,,,1,70,,21613,17808,,,1,30,,21606,17808,,,1,70,,21600,17808,,,1,28,,21612,17808,,,1,70,,21602,17808,,,1,30,,21599,17808,,,1,70,,21615,17808,,,1,30,,21601,17808,,,1,70,,21614,17808,,,1,30,,21617,17808,,,1,100,,21609,17808,,,1,100,,21605,17808,,,1,100,,21604,17808,,,1
401,'SE',615,,21637,17808,,,1,22,,21635,17808,,,1,18,,21647,17808,,,1,61,,21624,17808,,,1,34,,21622,17808,,,1,74,,21625,17808,,,1,33,,21653,17808,,,1,70,,21633,17808,,,1,31,,21640,17808,,,1,70,,1417,17808,,,1,30,,21655,17808,,,1,70,,21649,17808,,,1,30,,21626,17808,,,1,70,,21644,17808,,,1,73,,1416,17808,,,1,32,,21645,17808,,,1,70,,21634,17808,,,1,30,,21643,17808,,,1,26,,21623,17808,,,1,74,,21651,17808,,,1,15,,1420,17808,,,1,63,,21627,17808,,,1,22,,21646,17808,,,1,19,,21629,17808,,,1,60,,21630,17808,,,1,25,,21648,17808,,,1,13,,21654,17808,,,1,60,,21650,17808,,,1,24,,21639,17808,,,1,15,,1421,17808,,,1,67,,21628,17808,,,1,30,,21652,17808,,,1,67,,21636,17808,,,1,28,,21631,17808,,,1,70,,21642,17808,,,1,30,,21656,17808,,,1,70,,21657,17808,,,1,100,,21632,17808,,,1,96,,21638,17808,,,1,100,,21641,17808,,,1
3201,'DI',542,,28612,7599,,,2,99,,28613,7599,,,2,101,,28614,7599,,,2,99,,28615,7599,,,2,102,,28616,7599,,,2,100,,28619,7599,,,2,102,,28621,7599,,,2,102,,28617,7599,,,2,103,,28623,7599,,,2,98,,28622,7599,,,2,104,,28625,7599,,,2,96,,28624,7599,,,2,99,,28627,7599,,,2,99,,28626,7599,,,2,99,,28620,7599,,,2,100,,28610,7599,,,2,100,,28628,7599,,,2,100,,28630,7599,,,2,100,,28618,7599,,,2,100,,28629,7599,,,2,99,,28611,7599,,,2
3201,'F8',542,,28702,7599,,,2,99,,28703,7599,,,2,101,,28704,7599,,,2,96,,28705,7599,,,2,103,,28706,7599,,,2,101,,28712,7599,,,2,103,,28707,7599,,,2,100,,28721,7599,,,2,106,,28713,7599,,,2,102,,28708,7599,,,2,97,,28709,7599,,,2,98,,28714,7599,,,2,99,,28715,7599,,,2,99,,28710,7599,,,2,99,,28717,7599,,,2,100,,28716,7599,,,2,100,,28718,7599,,,2,100,,28720,7599,,,2,100,,28719,7599,,,2,100,,28711,7599,,,2,99,,28701,7599,,,2
3201,'F9',542,,28724,7599,,,2,99,,28725,7599,,,2,101,,28726,7599,,,2,99,,28727,7599,,,2,102,,28728,7599,,,2,100,,28731,7599,,,2,102,,28733,7599,,,2,102,,28729,7599,,,2,103,,28735,7599,,,2,98,,28734,7599,,,2,104,,28737,7599,,,2,96,,28736,7599,,,2,99,,28739,7599,,,2,99,,28738,7599,,,2,99,,28732,7599,,,2,100,,28722,7599,,,2,100,,28740,7599,,,2,100,,28742,7599,,,2,100,,28730,7599,,,2,100,,28741,7599,,,2,99,,28723,7599,,,2
3201,'SA',542,,28744,7599,,,2,99,,28745,7599,,,2,101,,28746,7599,,,2,96,,28747,7599,,,2,103,,28748,7599,,,2,101,,28754,7599,,,2,103,,28749,7599,,,2,100,,28763,7599,,,2,106,,28755,7599,,,2,102,,28750,7599,,,2,97,,28751,7599,,,2,98,,28756,7599,,,2,99,,28757,7599,,,2,99,,28752,7599,,,2,99,,28759,7599,,,2,100,,28758,7599,,,2,100,,28760,7599,,,2,100,,28762,7599,,,2,100,,28761,7599,,,2,100,,28753,7599,,,2,99,,28743,7599,,,2
3201,'SE',519,,28779,11886,,,2,30,,28785,11886,,,2,70,,28783,11886,,,2,30,,28788,11886,,,2,76,,28786,11886,,,2,27,,28780,11886,,,2,64,,28777,11886,,,2,30,,28784,11886,,,2,75,,28775,11886,,,2,94,,28771,7599,,,2,101,,28772,7599,,,2,100,,28774,7599,,,2,100,,28766,7599,,,2,100,,7845,7599,,,2,103,,28767,7599,,,2,105,,28764,7599,,,2,21,,28778,11886,,,2,71,,28782,11886,,,2,30,,28789,11886,,,2,70,,28787,11886,,,2,23,,28781,11886,,,2,71,,28790,11886,,,2,25,,28776,11886,,,2,86,,28773,7599,,,2,100,,28769,7599,,,2,98,,28770,7599,,,2,100,,28765,7599,,,2,98,,28768,7599,,,2
3801,'DI',621,,29083,5134,,,1,100,,29090,5134,,,1,100,,29088,5134,,,1,100,,29084,5134,,,1,100,,29091,5134,,,1,100,,29079,5134,,,1,100,,29096,5134,,,1,100,,29082,5134,,,1,98,,29089,5134,,,1,99,,29092,5134,,,1,103,,29080,5134,,,1,101,,29085,5134,,,1,100,,29086,5134,,,1,99,,29081,5134,,,1,100,,29093,5134,,,1,100,,29087,5134,,,1,100,,29094,5134,,,1,100,,29097,5134,,,1,100,,29095,5134,,,1
3801,'F8',620,,29170,5134,,,1,100,,29179,5134,,,1,99,,29173,5134,,,1,101,,29180,5134,,,1,100,,29174,5134,,,1,100,,29181,5134,,,1,100,,29175,5134,,,1,100,,29182,5134,,,1,100,,29176,5134,,,1,100,,29171,5134,,,1,101,,29177,5134,,,1,100,,29172,5134,,,1,100,,29178,5134,,,1,99,,29168,5134,,,1,100,,29183,5134,,,1,100,,29169,5134,,,1,100,,29184,5134,,,1,100,,29186,5134,,,1,100,,29185,5134,,,1
3801,'F9',621,,29191,5134,,,1,100,,29198,5134,,,1,100,,29196,5134,,,1,100,,29192,5134,,,1,100,,29199,5134,,,1,100,,29187,5134,,,1,100,,29204,5134,,,1,100,,29190,5134,,,1,98,,29197,5134,,,1,99,,29200,5134,,,1,103,,29188,5134,,,1,101,,29193,5134,,,1,100,,29194,5134,,,1,99,,29189,5134,,,1,100,,29201,5134,,,1,100,,29195,5134,,,1,100,,29202,5134,,,1,100,,29205,5134,,,1,100,,29203,5134,,,1
3801,'SA',620,,29208,5134,,,1,100,,29217,5134,,,1,99,,29211,5134,,,1,101,,29218,5134,,,1,100,,29212,5134,,,1,100,,29219,5134,,,1,100,,29213,5134,,,1,100,,29220,5134,,,1,100,,29214,5134,,,1,100,,29209,5134,,,1,101,,29215,5134,,,1,100,,29210,5134,,,1,100,,29216,5134,,,1,99,,29206,5134,,,1,100,,29221,5134,,,1,100,,29207,5134,,,1,100,,29222,5134,,,1,100,,29224,5134,,,1,100,,29223,5134,,,1
3801,'SE',529,,29225,5134,,,1,30,,29237,5134,,,1,71,,29228,5134,,,1,74,,29238,5134,,,1,34,,29231,5134,,,1,64,,29230,5134,,,1,28,,29240,5134,,,1,75,,29239,5134,,,1,29,,29249,5134,,,1,75,,29253,5134,,,1,100,,29255,5134,,,1,100,,29242,5134,,,1,100,,29256,5134,,,1,98,,29243,5134,,,1,98,,29247,5134,,,1,15,,29250,5134,,,1,17,,29234,5134,,,1,22,,29244,5134,,,1,61,,29226,5134,,,1,20,,29229,5134,,,1,61,,29241,5134,,,1,20,,29254,5134,,,1,19,,29252,5134,,,1,62,,29233,5134,,,1,18,,29235,5134,,,1,20,,29248,5134,,,1,80,,29245,5134,,,1,95,,29251,5134,,,1,99,,29246,5134,,,1,99,,29232,5134,,,1,100,,29236,5134,,,1,100,,29227,5134,,,1
53200,'SE',1636,,40656,7819,,,2,1,,40657,7819,,,2
