3801,'DI',610,,57151,1158,,,1,100,,57154,1158,,,1,100,,57145,1158,,,1,100,,57158,1158,,,1,100,,57156,1158,,,1,100,,57160,1158,,,1,100,,57148,1158,,,1,100,,57155,1158,,,1,98,,57152,1158,,,1,99,,57159,1158,,,1,103,,57146,1158,,,1,101,,57153,1158,,,1,100,,57161,1158,,,1,99,,57149,1158,,,1,100,,57157,1158,,,1,100,,57162,1158,,,1,100,,57147,1158,,,1,100,,57150,1158,,,1,100,,57144,1158,,,1
3801,'F1',610,,57170,1158,,,1,100,,57173,1158,,,1,100,,57164,1158,,,1,100,,57177,1158,,,1,100,,57175,1158,,,1,100,,57179,1158,,,1,100,,57167,1158,,,1,100,,57174,1158,,,1,98,,57171,1158,,,1,99,,57178,1158,,,1,103,,57165,1158,,,1,101,,57172,1158,,,1,100,,57180,1158,,,1,99,,57168,1158,,,1,100,,57176,1158,,,1,100,,57181,1158,,,1,100,,57166,1158,,,1,100,,57169,1158,,,1,100,,57163,1158,,,1
3801,'F2',609,,57188,1158,,,1,100,,57192,1158,,,1,99,,57183,1158,,,1,101,,57197,1158,,,1,100,,57184,1158,,,1,100,,57189,1158,,,1,100,,57199,1158,,,1,100,,57185,1158,,,1,100,,57193,1158,,,1,100,,57198,1158,,,1,101,,57194,1158,,,1,100,,57182,1158,,,1,100,,57200,1158,,,1,99,,57190,1158,,,1,100,,57186,1158,,,1,100,,57187,1158,,,1,100,,57195,1158,,,1,100,,57191,1158,,,1,100,,57196,1158,,,1
3801,'SA',609,,57207,1158,,,1,100,,57211,1158,,,1,99,,57202,1158,,,1,101,,57216,1158,,,1,100,,57203,1158,,,1,100,,57208,1158,,,1,100,,57218,1158,,,1,100,,57204,1158,,,1,100,,57212,1158,,,1,100,,57217,1158,,,1,101,,57213,1158,,,1,100,,57201,1158,,,1,100,,57219,1158,,,1,99,,57209,1158,,,1,100,,57205,1158,,,1,100,,57206,1158,,,1,100,,57214,1158,,,1,100,,57210,1158,,,1,100,,57215,1158,,,1
3801,'SE',519,,57249,1158,,,1,30,,57224,1158,,,1,70,,57220,1158,,,1,34,,57233,1158,,,1,73,,57225,1158,,,1,24,,57221,1158,,,1,69,,57240,1158,,,1,35,,57226,1158,,,1,70,,57238,1158,,,1,35,,57243,1158,,,1,100,,57223,1158,,,1,100,,57234,1158,,,1,100,,57244,1158,,,1,98,,57222,1158,,,1,97,,57228,1158,,,1,55,,57237,1158,,,1,17,,57235,1158,,,1,21,,57246,1158,,,1,61,,57229,1158,,,1,20,,57236,1158,,,1,21,,57245,1158,,,1,60,,57247,1158,,,1,19,,57231,1158,,,1,22,,57232,1158,,,1,59,,57251,1158,,,1,20,,57248,1158,,,1,80,,57242,1158,,,1,95,,57250,1158,,,1,100,,57241,1158,,,1,100,,57227,1158,,,1,100,,57230,1158,,,1,100,,57239,1158,,,1
4200,'DI',613,,57252,1138,,,1,100,,57253,1138,,,1,100,,57254,1138,,,1,100,,57255,1138,,,1,100,,57256,1138,,,1,100,,57257,1138,,,1,100,,57258,1138,,,1,100,,57259,1138,,,1,100,,57260,1138,,,1,100,,57261,1138,,,1,100,,57262,1138,,,1,100,,57263,1138,,,1,100,,57264,1138,,,1,100,,57265,1138,,,1,100,,57266,1138,,,1,100,,57267,1138,,,1,100,,57268,1138,,,1,100,,57269,1138,,,1,100,,57270,1138,,,1,100,,57271,1138,,,1
4200,'F1',613,,57272,1138,,,1,100,,57273,1138,,,1,100,,57274,1138,,,1,100,,57275,1138,,,1,100,,57276,1138,,,1,100,,57277,1138,,,1,100,,57278,1138,,,1,100,,57279,1138,,,1,100,,57280,1138,,,1,100,,57281,1138,,,1,100,,57282,1138,,,1,100,,57283,1138,,,1,100,,57284,1138,,,1,100,,57285,1138,,,1,100,,57286,1138,,,1,100,,57287,1138,,,1,100,,57288,1138,,,1,100,,57289,1138,,,1,100,,57290,1138,,,1,100,,57291,1138,,,1
4200,'F2',613,,57292,1138,,,1,100,,57293,1138,,,1,100,,57294,1138,,,1,100,,57295,1138,,,1,100,,57296,1138,,,1,100,,57297,1138,,,1,100,,57298,1138,,,1,100,,57299,1138,,,1,100,,57300,1138,,,1,100,,57301,1138,,,1,100,,57302,1138,,,1,100,,57303,1138,,,1,100,,57304,1138,,,1,100,,57305,1138,,,1,100,,57306,1138,,,1,100,,57307,1138,,,1,100,,57308,1138,,,1,100,,57309,1138,,,1,100,,57310,1138,,,1,100,,57311,1138,,,1
4200,'SA',613,,57312,1138,,,1,100,,57313,1138,,,1,100,,57314,1138,,,1,100,,57315,1138,,,1,100,,57316,1138,,,1,100,,57317,1138,,,1,100,,57318,1138,,,1,100,,57319,1138,,,1,100,,57320,1138,,,1,100,,57321,1138,,,1,100,,57322,1138,,,1,100,,57323,1138,,,1,100,,57324,1138,,,1,100,,57325,1138,,,1,100,,57326,1138,,,1,100,,57327,1138,,,1,100,,57328,1138,,,1,100,,57329,1138,,,1,100,,57330,1138,,,1,100,,57331,1138,,,1
4200,'SE',555,,57363,1138,,,1,76,,57346,1138,,,1,28,,57360,1138,,,1,52,,57345,1138,,,1,6,,57340,1138,,,1,6,,57349,1138,,,1,6,,57347,1138,,,1,22,,57350,1138,,,1,62,,57373,1138,,,1,34,,57369,1138,,,1,70,,57374,1138,,,1,30,,57348,1138,,,1,70,,57342,1138,,,1,30,,57343,1138,,,1,70,,57339,1138,,,1,30,,57362,1138,,,1,70,,57335,1138,,,1,30,,57332,1138,,,1,70,,57370,1138,,,1,30,,57341,1138,,,1,70,,57338,1138,,,1,30,,57336,1138,,,1,71,,57351,1138,,,1,30,,57372,1138,,,1,67,,57333,1138,,,1,24,,57361,1138,,,1,15,,57337,1138,,,1,54,,57344,1138,,,1,14,,57371,1138,,,1,14,,57352,1138,,,1,15,,57334,1138,,,1,67,,57366,1138,,,1,30,,57353,1138,,,1,73,,57367,1138,,,1,34,,57354,1138,,,1,70,,57368,1138,,,1,30,,57355,1138,,,1,70,,57364,1138,,,1,30,,57356,1138,,,1,70,,57365,1138,,,1,91,,57357,1138,,,1,100,,57358,1138,,,1,100,,57359,1138,,,1
5000,'DI',716,,58000,1158,,,2,100,,58001,1158,,,2,100,,58007,1158,,,2,103,,58008,1158,,,2,94,,58002,1158,,,2,103,,58003,1158,,,2,103,,58004,1158,,,2,97,,57992,1158,,,2,96,,57994,1158,,,2,103,,57995,1158,,,2,106,,57996,1158,,,2,95,,58009,1158,,,2,100,,58005,1158,,,2,100,,57999,1158,,,2,100,,57997,1158,,,2,100,,58011,1158,,,2,100,,57998,1158,,,2,100,,57993,1158,,,2,100,,58010,1158,,,2
5000,'F1',716,,58020,1158,,,2,100,,58021,1158,,,2,100,,58027,1158,,,2,103,,58028,1158,,,2,94,,58022,1158,,,2,103,,58023,1158,,,2,103,,58024,1158,,,2,97,,58012,1158,,,2,96,,58014,1158,,,2,103,,58015,1158,,,2,106,,58016,1158,,,2,95,,58029,1158,,,2,100,,58025,1158,,,2,100,,58019,1158,,,2,100,,58017,1158,,,2,100,,58031,1158,,,2,100,,58018,1158,,,2,100,,58013,1158,,,2,100,,58030,1158,,,2
5000,'F2',616,,58032,1158,,,2,98,,58036,1158,,,2,102,,58038,1158,,,2,97,,58046,1158,,,2,103,,58043,1158,,,2,96,,58047,1158,,,2,102,,58033,1158,,,2,98,,58037,1158,,,2,99,,47381,1158,,,2,103,,58048,1158,,,2,103,,58049,1158,,,2,103,,58050,1158,,,2,96,,58034,1158,,,2,100,,58040,1158,,,2,100,,58039,1158,,,2,100,,58041,1158,,,2,97,,58044,1158,,,2,103,,58045,1158,,,2,101,,58035,1158,,,2,99,,58042,1158,,,2
5000,'SA',616,,58051,1158,,,2,98,,58055,1158,,,2,102,,58057,1158,,,2,97,,58065,1158,,,2,103,,58062,1158,,,2,96,,58066,1158,,,2,102,,58052,1158,,,2,98,,58056,1158,,,2,99,,31377,1158,,,2,103,,58067,1158,,,2,103,,58068,1158,,,2,103,,58069,1158,,,2,96,,58053,1158,,,2,100,,58059,1158,,,2,100,,58058,1158,,,2,100,,58060,1158,,,2,97,,58063,1158,,,2,103,,58064,1158,,,2,101,,58054,1158,,,2,99,,58061,1158,,,2
5000,'SE',706,,58082,1158,,,2,30,,58075,1158,,,2,70,,58081,1158,,,2,33,,58076,1158,,,2,67,,58073,1158,,,2,100,,58095,1158,,,2,100,,58088,1158,,,2,100,,58071,1158,,,2,100,,58078,1158,,,2,99,,58085,1158,,,2,102,,58079,1158,,,2,28,,58083,1158,,,2,70,,47419,1158,,,2,34,,58084,1158,,,2,66,,58086,1158,,,2,30,,58074,1158,,,2,70,,58091,1158,,,2,31,,58093,1158,,,2,70,,58087,1158,,,2,100,,58090,1158,,,2,100,,58092,1158,,,2,100,,58080,1158,,,2,100,,58070,1158,,,2,100,,58096,1158,,,2,100,,58094,1158,,,2
6000,'SE',624,,58258,1138,,,1,83,,58256,1138,,,1,37,,58259,1138,,,1,87,,58257,1138,,,1,101,,58251,1138,,,1,100,,58269,1138,,,1,100,,58254,1138,,,1,100,,58252,1138,,,1,100,,58255,1138,,,1,100,,58271,1138,,,1,96,,58260,1138,,,1,30,,58267,1138,,,1,65,,58253,1138,,,1,24,,58264,1138,,,1,68,,58262,1138,,,1,28,,58261,1138,,,1,65,,58265,1138,,,1,30,,58263,1138,,,1,69,,58250,1138,,,1,99,,58272,1138,,,1,100,,58273,1138,,,1,100,,58266,1138,,,1,50,,58268,1138,,,1,100,,58270,1138,,,1
16000,'DI',654,,62163,1138,0,19 20,1,100,,62168,1138,0,19 20,1,100,,62162,1138,0,19 20,1,100,,62156,1138,0,19 20,1,100,,62159,1138,0,19 20,1,100,,62165,1138,0,19 20,1,100,,62160,1138,0,19 20,1,100,,62169,1138,0,19 20,1,100,,62161,1138,0,19 20,1,100,,62164,1138,0,19 20,1,100,,62157,1138,0,19 20,1,100,,62166,1138,0,19 20,1,100,,62170,1138,0,19 20,1,102,,62158,1138,0,19 20,1,98,,62167,1138,0,19 20,1
16000,'F1',654,,62178,1138,0,19 20,1,100,,62183,1138,0,19 20,1,100,,62177,1138,0,19 20,1,100,,62171,1138,0,19 20,1,100,,62174,1138,0,19 20,1,100,,62180,1138,0,19 20,1,100,,62175,1138,0,19 20,1,100,,62184,1138,0,19 20,1,100,,62176,1138,0,19 20,1,100,,62179,1138,0,19 20,1,100,,62172,1138,0,19 20,1,100,,62181,1138,0,19 20,1,100,,62185,1138,0,19 20,1,102,,62173,1138,0,19 20,1,98,,62182,1138,0,19 20,1
16000,'F2',654,,62197,1138,0,19 20,1,99,,62186,1138,0,19 20,1,101,,62198,1138,0,19 20,1,100,,50222,1138,0,19 20,1,100,,62191,1138,0,19 20,1,99,,62194,1138,0,19 20,1,101,,62192,1138,0,19 20,1,100,,62189,1138,0,19 20,1,100,,62199,1138,0,19 20,1,100,,62190,1138,0,19 20,1,100,,62187,1138,0,19 20,1,100,,62195,1138,0,19 20,1,100,,62193,1138,0,19 20,1,101,,62188,1138,0,19 20,1,99,,62196,1138,0,19 20,1
16000,'SA',654,,62211,1138,0,19 20,1,99,,62200,1138,0,19 20,1,101,,62212,1138,0,19 20,1,100,,38455,1138,0,19 20,1,100,,62205,1138,0,19 20,1,99,,62208,1138,0,19 20,1,101,,62206,1138,0,19 20,1,100,,62203,1138,0,19 20,1,100,,62213,1138,0,19 20,1,100,,62204,1138,0,19 20,1,100,,62201,1138,0,19 20,1,100,,62209,1138,0,19 20,1,100,,62207,1138,0,19 20,1,101,,62202,1138,0,19 20,1,99,,62210,1138,0,19 20,1
16000,'SE',608,,62221,1138,0,19 20,1,95,,62214,1138,0,19 20,1,38,,62219,1138,0,19 20,1,95,,62215,1138,0,19 20,1,89,,62218,1138,0,19 20,1,86,,62230,1138,0,19 20,1,100,,62228,1138,0,19 20,1,100,,62222,1138,0,19 20,1,100,,62216,1138,0,19 20,1,100,,62231,1138,0,19 20,1,98,,62220,1138,0,19 20,1,30,,62229,1138,0,19 20,1,68,,62232,1138,0,19 20,1,24,,62237,1138,0,19 20,1,70,,62234,1138,0,19 20,1,28,,62233,1138,0,19 20,1,30,,62223,1138,0,19 20,1,70,,62236,1138,0,19 20,1,30,,62235,1138,0,19 20,1,87,,62217,1138,0,19 20,1,100,,62224,1138,0,19 20,1,100,,62226,1138,0,19 20,1,92,,62225,1138,0,19 20,1,100,,62227,1138,0,19 20,1
54201,'SE',859,,63455,1224,,,2
