6101,'DI',723,,58524,11948,,,2,30,,58521,11948,,,2,72,,58527,11948,,,2,17,,58525,11948,,,2,70,,58522,11948,,,2,30,,58528,11948,,,2,70,,58526,11948,,,2,30,,58523,11948,,,2,70,,58529,11948,,,2,30,,58530,11948,,,2,70,,58534,11948,,,2,30,,58538,11948,,,2,70,,58531,11948,,,2,30,,58535,11948,,,2,70,,58539,11948,,,2,30,,58532,11948,,,2,70,,58536,11948,,,2,30,,58540,11948,,,2,70,,58533,11948,,,2,34,,58537,11948,,,2,61,,58541,11948,,,2,35,,58543,11948,,,2,60,,58546,11948,,,2,40,,58542,11948,,,2,65,,58544,11948,,,2,30,,58547,11948,,,2,85,,58545,11948,,,2,100,,58548,11948,,,2,100,,58549,11948,,,2,100,,58550,11948,,,2
6101,'F1',723,,58556,11948,,,2,30,,58553,11948,,,2,72,,58559,11948,,,2,17,,58557,11948,,,2,70,,58554,11948,,,2,30,,58560,11948,,,2,70,,58558,11948,,,2,30,,58555,11948,,,2,70,,58561,11948,,,2,30,,58562,11948,,,2,70,,58566,11948,,,2,30,,58570,11948,,,2,70,,58563,11948,,,2,30,,58567,11948,,,2,70,,58571,11948,,,2,30,,58564,11948,,,2,70,,58568,11948,,,2,30,,58572,11948,,,2,70,,58565,11948,,,2,34,,58569,11948,,,2,61,,58573,11948,,,2,35,,58575,11948,,,2,60,,58578,11948,,,2,40,,58574,11948,,,2,65,,58576,11948,,,2,30,,58579,11948,,,2,85,,58577,11948,,,2,100,,58580,11948,,,2,100,,58581,11948,,,2,100,,58582,11948,,,2
6101,'F2',723,,58588,11948,,,2,30,,58585,11948,,,2,72,,58591,11948,,,2,17,,58589,11948,,,2,70,,58586,11948,,,2,30,,58592,11948,,,2,70,,58590,11948,,,2,30,,58587,11948,,,2,70,,58593,11948,,,2,30,,58594,11948,,,2,70,,58598,11948,,,2,30,,58600,11948,,,2,70,,58595,11948,,,2,30,,58599,11948,,,2,70,,58601,11948,,,2,30,,58596,11948,,,2,70,,58602,11948,,,2,30,,58606,11948,,,2,70,,58597,11948,,,2,34,,58603,11948,,,2,61,,58607,11948,,,2,35,,58609,11948,,,2,60,,58604,11948,,,2,40,,58608,11948,,,2,65,,58610,11948,,,2,30,,58605,11948,,,2,85,,58611,11948,,,2,100,,58613,11948,,,2,100,,58612,11948,,,2,100,,58615,11948,,,2
6101,'SA',723,,58620,11948,,,2,30,,58617,11948,,,2,72,,58623,11948,,,2,17,,58621,11948,,,2,70,,58618,11948,,,2,30,,58624,11948,,,2,70,,58622,11948,,,2,30,,58619,11948,,,2,70,,58625,11948,,,2,30,,58626,11948,,,2,70,,58630,11948,,,2,30,,58632,11948,,,2,70,,58627,11948,,,2,30,,58631,11948,,,2,70,,58633,11948,,,2,30,,58628,11948,,,2,70,,58634,11948,,,2,30,,58638,11948,,,2,70,,58629,11948,,,2,34,,58635,11948,,,2,61,,58639,11948,,,2,35,,58641,11948,,,2,60,,58636,11948,,,2,40,,58640,11948,,,2,65,,58642,11948,,,2,30,,58637,11948,,,2,85,,58643,11948,,,2,100,,58645,11948,,,2,100,,58644,11948,,,2,100,,58647,11948,,,2
6101,'SE',603,,58698,11948,,,2,30,,58700,11948,,,2,10,,58653,11948,,,2,16,,58656,11948,,,2,49,,58650,11948,,,2,14,,58659,11948,,,2,15,,58649,11948,,,2,7,,58663,11948,,,2,56,,58657,11948,,,2,9,,58662,11948,,,2,19,,58654,11948,,,2,24,,58651,11948,,,2,62,,58660,11948,,,2,15,,58664,11948,,,2,76,,58655,11948,,,2,30,,58652,11948,,,2,70,,58661,11948,,,2,32,,58699,11948,,,2,70,,58658,11948,,,2,30,,58665,11948,,,2,72,,58669,11948,,,2,30,,58666,11948,,,2,70,,58667,11948,,,2,33,,58671,11948,,,2,61,,58673,11948,,,2,27,,58676,11948,,,2,23,,58668,11948,,,2,60,,58670,11948,,,2,24,,58678,11948,,,2,4,,58680,11948,,,2,65,,58674,11948,,,2,7,,58675,11948,,,2,14,,58681,11948,,,2,13,,58682,11948,,,2,14,,58672,11948,,,2,54,,58685,11948,,,2,6,,58688,11948,,,2,14,,58679,11948,,,2,14,,58677,11948,,,2,64,,58690,11948,,,2,24,,58683,11948,,,2,28,,58693,11948,,,2,68,,58696,11948,,,2,30,,58686,11948,,,2,69,,58689,11948,,,2,29,,58697,11948,,,2,70,,58684,11948,,,2,29,,58694,11948,,,2,70,,58691,11948,,,2
16101,'DI',558,,62407,3415,0,35 36,2,1172,,62408,3415,0,35 36,2
16101,'F1',558,,62419,3415,0,35 36,2,1172,,62420,3415,0,35 36,2
16101,'F2',558,,62433,3415,0,35 36,2,1172,,62432,3415,0,35 36,2
16101,'SA',558,,62446,3415,0,35 36,2,1172,,62445,3415,0,35 36,2
16101,'SE',634,,62463,3415,0,35 36,2,73,,62462,3415,0,35 36,2,32,,62464,3415,0,35 36,2,502,,62460,3415,0,35 36,2,372,,62461,3415,0,35 36,2,36,,62465,3415,0,35 36,2,78,,62466,3415,0,35 36,2
68300,'SE',1700,,63559,20261,4,,2
