2301,'F2',607,,45845,1976,,,1,103,,45846,1976,,,1,101,,45847,1976,,,1,100,,45838,1976,,,1,103,,45839,1976,,,1,99,,45841,1976,,,1,103,,45842,1976,,,1,97,,45848,1976,,,1,99,,45849,1976,,,1,100,,45844,1976,,,1,100,,45843,1976,,,1,100,,45840,1976,,,1
2301,'F8',607,,27519,1976,,,1,103,,27520,1976,,,1,101,,27521,1976,,,1,100,,27512,1976,,,1,103,,27513,1976,,,1,99,,27515,1976,,,1,103,,27516,1976,,,1,97,,27522,1976,,,1,99,,27523,1976,,,1,100,,27518,1976,,,1,100,,27517,1976,,,1,100,,27514,1976,,,1
2301,'SA',607,,27531,1976,,,1,103,,27532,1976,,,1,101,,27533,1976,,,1,100,,27524,1976,,,1,103,,27525,1976,,,1,99,,27527,1976,,,1,103,,27528,1976,,,1,97,,27534,1976,,,1,99,,27535,1976,,,1,100,,27530,1976,,,1,100,,27529,1976,,,1,100,,27526,1976,,,1
2301,'SE',1015,,45854,1976,,,1,100,,45850,1976,,,1,100,,45853,1976,,,1,101,,45851,1976,,,1,100,,45852,1976,,,1
12301,'DI',541,,37798,16272,,,1,100,,37808,16272,,,1,100,,37799,16272,,,1,100,,37809,16272,,,1,100,,37800,16272,,,1,100,,37810,16272,,,1,100,,37801,16272,,,1,100,,37811,16272,,,1,100,,37802,16272,,,1,100,,37812,16272,,,1,100,,37803,16272,,,1,100,,37813,16272,,,1,100,,37804,16272,,,1,100,,37814,16272,,,1,100,,37805,16272,,,1,100,,37815,16272,,,1,100,,37806,16272,,,1,100,,37816,16272,,,1,100,,37807,16272,,,1,100,,37817,16272,,,1
12301,'F1',541,,49985,16272,,,1,100,,49995,16272,,,1,100,,49986,16272,,,1,100,,49996,16272,,,1,100,,49987,16272,,,1,100,,49997,16272,,,1,100,,49988,16272,,,1,100,,49998,16272,,,1,100,,49989,16272,,,1,100,,49999,16272,,,1,100,,49990,16272,,,1,100,,50000,16272,,,1,100,,49991,16272,,,1,100,,50001,16272,,,1,100,,49992,16272,,,1,100,,50002,16272,,,1,100,,49993,16272,,,1,100,,50003,16272,,,1,100,,49994,16272,,,1,100,,50004,16272,,,1
12301,'F2',540,,50007,16272,,,1,100,,50005,16272,,,1,100,,50008,16272,,,1,100,,50006,16272,,,1,100,,50009,16272,,,1,100,,50017,16272,,,1,100,,50010,16272,,,1,100,,50018,16272,,,1,100,,50011,16272,,,1,100,,50019,16272,,,1,100,,50012,16272,,,1,100,,50020,16272,,,1,100,,50013,16272,,,1,100,,50021,16272,,,1,100,,50014,16272,,,1,100,,50022,16272,,,1,100,,50015,16272,,,1,100,,50023,16272,,,1,100,,50016,16272,,,1,100,,50024,16272,,,1
12301,'F8',540,,37897,16272,,,1,100,,37895,16272,,,1,100,,37898,16272,,,1,100,,37896,16272,,,1,100,,37899,16272,,,1,100,,37907,16272,,,1,100,,37900,16272,,,1,100,,37908,16272,,,1,100,,37901,16272,,,1,100,,37909,16272,,,1,100,,37902,16272,,,1,100,,37910,16272,,,1,100,,37903,16272,,,1,100,,37911,16272,,,1,100,,37904,16272,,,1,100,,37912,16272,,,1,100,,37905,16272,,,1,100,,37913,16272,,,1,100,,37906,16272,,,1,100,,37914,16272,,,1
12301,'F9',541,,37915,16272,,,1,100,,37925,16272,,,1,100,,37916,16272,,,1,100,,37926,16272,,,1,100,,37917,16272,,,1,100,,37927,16272,,,1,100,,37918,16272,,,1,100,,37928,16272,,,1,100,,37919,16272,,,1,100,,37929,16272,,,1,100,,37920,16272,,,1,100,,37930,16272,,,1,100,,37921,16272,,,1,100,,37931,16272,,,1,100,,37922,16272,,,1,100,,37932,16272,,,1,100,,37923,16272,,,1,100,,37933,16272,,,1,100,,37924,16272,,,1,100,,37934,16272,,,1
12301,'SA',540,,37937,16272,,,1,100,,37935,16272,,,1,100,,37938,16272,,,1,100,,37936,16272,,,1,100,,37939,16272,,,1,100,,37947,16272,,,1,100,,37940,16272,,,1,100,,37948,16272,,,1,100,,37941,16272,,,1,100,,37949,16272,,,1,100,,37942,16272,,,1,100,,37950,16272,,,1,100,,37943,16272,,,1,100,,37951,16272,,,1,100,,37944,16272,,,1,100,,37952,16272,,,1,100,,37945,16272,,,1,100,,37953,16272,,,1,100,,37946,16272,,,1,100,,37954,16272,,,1
12301,'SE',527,,50041,16272,,,1,30,,50044,16272,,,1,60,,50029,16272,,,1,23,,50028,16272,,,1,15,,50030,16272,,,1,66,,50031,16272,,,1,30,,50026,16272,,,1,69,,50027,16272,,,1,30,,50025,16272,,,1,68,,50048,16272,,,1,30,,50042,16272,,,1,96,,50034,16272,,,1,101,,50046,16272,,,1,100,,50036,16272,,,1,100,,50043,16272,,,1,100,,50061,16272,,,1,11,,50035,16272,,,1,66,,50049,16272,,,1,20,,50053,16272,,,1,15,,50045,16272,,,1,59,,50055,16272,,,1,6,,50037,16272,,,1,15,,50040,16272,,,1,10,,50059,16272,,,1,6,,50051,16272,,,1,64,,50060,16272,,,1,28,,50050,16272,,,1,69,,50033,16272,,,1,31,,50038,16272,,,1,66,,50052,16272,,,1,34,,50047,16272,,,1,68,,50039,16272,,,1,30,,50056,16272,,,1,98,,50032,16272,,,1,98,,50057,16272,,,1,100,,50054,16272,,,1,118,,50058,16272,,,1
