601,'DI',621,,22527,8159,,,1,30,,22533,8159,,,1,70,,22545,8159,,,1,30,,22540,8159,,,1,70,,22536,8159,,,1,30,,22534,8159,,,1,70,,22519,8159,,,1,30,,22523,8159,,,1,75,,22537,8159,,,1,30,,22531,8159,,,1,70,,22520,8159,,,1,30,,2206,8159,,,1,70,,2212,8159,,,1,33,,22521,8159,,,1,70,,22524,8159,,,1,30,,22530,8159,,,1,70,,22522,8159,,,1,30,,22532,8159,,,1,70,,22528,8159,,,1,30,,22525,8159,,,1,70,,22538,8159,,,1,30,,22546,8159,,,1,70,,22541,8159,,,1,27,,22539,8159,,,1,70,,22547,8159,,,1,30,,22542,8159,,,1,100,,22529,8159,,,1,100,,22544,8159,,,1,100,,22535,8159,,,1,100,,22526,8159,,,1,100,,22518,8159,,,1,100,,22543,8159,,,1
601,'F8',621,,22662,8159,,,1,30,,22658,8159,,,1,70,,22678,8159,,,1,30,,22667,8159,,,1,70,,22663,8159,,,1,30,,22659,8159,,,1,74,,22664,8159,,,1,26,,22668,8159,,,1,77,,22677,8159,,,1,23,,22665,8159,,,1,75,,22674,8159,,,1,26,,22660,8159,,,1,70,,22653,8159,,,1,78,,22661,8159,,,1,30,,22654,8159,,,1,29,,22647,8159,,,1,70,,22669,8159,,,1,30,,22655,8159,,,1,70,,22648,8159,,,1,30,,22670,8159,,,1,70,,22656,8159,,,1,30,,22649,8159,,,1,70,,22671,8159,,,1,28,,22657,8159,,,1,70,,22650,8159,,,1,30,,22672,8159,,,1,100,,22675,8159,,,1,100,,22666,8159,,,1,100,,22651,8159,,,1,100,,22652,8159,,,1,100,,22676,8159,,,1,100,,22673,8159,,,1
601,'F9',621,,22689,8159,,,1,30,,22696,8159,,,1,70,,22708,8159,,,1,30,,22703,8159,,,1,70,,22699,8159,,,1,30,,22697,8159,,,1,70,,22680,8159,,,1,30,,22684,8159,,,1,75,,22700,8159,,,1,30,,22694,8159,,,1,70,,22681,8159,,,1,30,,22685,8159,,,1,70,,22690,8159,,,1,33,,22682,8159,,,1,70,,22686,8159,,,1,30,,22693,8159,,,1,70,,22683,8159,,,1,30,,22695,8159,,,1,70,,22691,8159,,,1,30,,22687,8159,,,1,70,,22701,8159,,,1,30,,22709,8159,,,1,70,,22704,8159,,,1,27,,22702,8159,,,1,70,,22710,8159,,,1,30,,22705,8159,,,1,100,,22692,8159,,,1,100,,22707,8159,,,1,100,,22698,8159,,,1,100,,22688,8159,,,1,100,,22679,8159,,,1,100,,22706,8159,,,1
601,'SA',621,,22726,8159,,,1,30,,22722,8159,,,1,70,,22742,8159,,,1,30,,22731,8159,,,1,70,,22727,8159,,,1,30,,22723,8159,,,1,74,,22728,8159,,,1,26,,22732,8159,,,1,77,,22741,8159,,,1,23,,22729,8159,,,1,75,,22738,8159,,,1,26,,22724,8159,,,1,70,,22717,8159,,,1,78,,22725,8159,,,1,30,,22718,8159,,,1,29,,22711,8159,,,1,70,,22733,8159,,,1,30,,22719,8159,,,1,70,,22712,8159,,,1,30,,22734,8159,,,1,70,,22720,8159,,,1,30,,22713,8159,,,1,70,,22735,8159,,,1,28,,22721,8159,,,1,70,,22714,8159,,,1,30,,22736,8159,,,1,100,,22739,8159,,,1,100,,22730,8159,,,1,100,,22715,8159,,,1,100,,22716,8159,,,1,100,,22740,8159,,,1,100,,22737,8159,,,1
601,'SE',537,,22760,8159,,,1,70,,22752,8159,,,1,32,,22761,8159,,,1,71,,22744,8159,,,1,25,,22764,8159,,,1,77,,22771,8159,,,1,29,,22767,8159,,,1,72,,22765,8159,,,1,28,,22766,8159,,,1,70,,22759,8159,,,1,30,,22745,8159,,,1,70,,22754,8159,,,1,30,,22778,8159,,,1,70,,22769,8159,,,1,30,,22770,8159,,,1,70,,22775,8159,,,1,30,,22773,8159,,,1,70,,22755,8159,,,1,30,,22753,8159,,,1,72,,22750,8159,,,1,30,,22748,8159,,,1,66,,22776,8159,,,1,38,,22774,8159,,,1,66,,22751,8159,,,1,31,,22768,8159,,,1,65,,22762,8159,,,1,31,,22746,8159,,,1,70,,22743,8159,,,1,27,,22749,8159,,,1,70,,22772,8159,,,1,30,,22763,8159,,,1,70,,22756,8159,,,1,30,,22777,8159,,,1,70,,22747,8159,,,1,98,,22757,8159,,,1,100,,22779,8159,,,1,100,,22758,8159,,,1
1301,'DI',641,,24063,9211,,,1,100,,3602,9211,,,1,100,,24064,9211,,,1,100,,3603,9211,,,1,100,,24065,9211,,,1,100,,3604,9211,,,1,100,,24066,9211,,,1,100,,3605,9211,,,1,100,,24068,9211,,,1,100,,24075,9211,,,1,100,,24060,9211,,,1,100,,24067,9211,,,1,100,,24062,9211,,,1,100,,24069,9211,,,1,100,,24073,9211,,,1,100,,24071,9211,,,1,100,,24070,9211,,,1,100,,24061,9211,,,1,100,,24074,9211,,,1,100,,24072,9211,,,1
1301,'F8',641,,24168,9211,,,1,100,,24161,9211,,,1,100,,24169,9211,,,1,100,,24162,9211,,,1,100,,24163,9211,,,1,100,,24170,9211,,,1,100,,24172,9211,,,1,100,,24164,9211,,,1,100,,24173,9211,,,1,100,,24165,9211,,,1,100,,24160,9211,,,1,100,,24175,9211,,,1,100,,24178,9211,,,1,100,,24166,9211,,,1,100,,24174,9211,,,1,100,,24171,9211,,,1,100,,24179,9211,,,1,100,,24176,9211,,,1,100,,24167,9211,,,1,100,,24177,9211,,,1
1301,'F9',641,,24187,9211,,,1,100,,24182,9211,,,1,100,,24188,9211,,,1,100,,24183,9211,,,1,100,,24189,9211,,,1,100,,24184,9211,,,1,100,,24190,9211,,,1,100,,24185,9211,,,1,100,,24192,9211,,,1,100,,24199,9211,,,1,100,,24180,9211,,,1,100,,24191,9211,,,1,100,,24186,9211,,,1,100,,24193,9211,,,1,100,,24197,9211,,,1,100,,24195,9211,,,1,100,,24194,9211,,,1,100,,24181,9211,,,1,100,,24198,9211,,,1,100,,24196,9211,,,1
1301,'SA',641,,24208,9211,,,1,100,,24201,9211,,,1,100,,24209,9211,,,1,100,,24202,9211,,,1,100,,24203,9211,,,1,100,,24210,9211,,,1,100,,24212,9211,,,1,100,,24204,9211,,,1,100,,24213,9211,,,1,100,,24205,9211,,,1,100,,24200,9211,,,1,100,,24215,9211,,,1,100,,24218,9211,,,1,100,,24206,9211,,,1,100,,24214,9211,,,1,100,,24211,9211,,,1,100,,24219,9211,,,1,100,,24216,9211,,,1,100,,24207,9211,,,1,100,,24217,9211,,,1
1301,'SE',549,,24234,9211,,,1,72,,24235,9211,,,1,31,,24233,9211,,,1,58,,24222,9211,,,1,14,,24258,9211,,,1,13,,24224,9211,,,1,14,,24251,9211,,,1,62,,24225,9211,,,1,12,,24223,9211,,,1,13,,24262,9211,,,1,15,,24244,9211,,,1,55,,24240,9211,,,1,20,,24243,9211,,,1,28,,24236,9211,,,1,70,,24221,9211,,,1,30,,24239,9211,,,1,70,,24253,9211,,,1,30,,24231,9211,,,1,70,,24245,9211,,,1,31,,24232,9211,,,1,70,,24237,9211,,,1,30,,24254,9211,,,1,70,,24241,9211,,,1,30,,24246,9211,,,1,69,,24259,9211,,,1,75,,24256,9211,,,1,29,,24220,9211,,,1,27,,24227,9211,,,1,55,,24242,9211,,,1,20,,24238,9211,,,1,22,,24263,9211,,,1,58,,24249,9211,,,1,19,,24247,9211,,,1,69,,24228,9211,,,1,28,,24261,9211,,,1,30,,24226,9211,,,1,70,,24255,9211,,,1,30,,24257,9211,,,1,70,,24248,9211,,,1,28,,24260,9211,,,1,100,,24250,9211,,,1,100,,24252,9211,,,1,100,,24229,9211,,,1,97,,24230,9211,,,1
1401,'SE',621,,24339,17852,,,1,32,,24341,17852,,,1,61,,24344,17852,,,1,16,,24343,17852,,,1,16,,24346,17852,,,1,55,,24340,17852,,,1,14,,24337,17852,,,1,14,,24342,17852,,,1,14,,24345,17852,,,1,16,,24348,17852,,,1,56,,24338,17852,,,1,20,,24347,17852,,,1,23,,24356,15719,,,1,100,,24357,15719,,,1,100,,24361,15719,,,1,100,,24362,15719,,,1,100,,24349,15719,,,1,100,,24353,15719,,,1,100,,24351,15719,,,1,85,,24360,15719,,,1,14,,24355,15719,,,1,59,,24350,15719,,,1,24,,24364,15719,,,1,18,,24363,15719,,,1,60,,24358,15719,,,1,20,,24352,15719,,,1,18,,24354,15719,,,1,68,,24359,15719,,,1
1501,'DI',710,,24559,10252,,,1,100,,24556,10252,,,1,100,,24553,10252,,,1,100,,24566,10252,,,1,101,,24571,10252,,,1,100,,24564,10252,,,1,100,,24560,10252,,,1,100,,24554,10252,,,1,100,,24568,10252,,,1,100,,24555,10252,,,1,100,,24563,10252,,,1,100,,24561,10252,,,1,100,,24565,10252,,,1,97,,24569,10252,,,1,100,,24567,10252,,,1,100,,24562,10252,,,1,100,,24557,10252,,,1,100,,24570,10252,,,1,100,,24558,10252,,,1
1501,'F8',709,,24664,10252,,,1,100,,24658,10252,,,1,100,,24652,10252,,,1,100,,24665,10252,,,1,100,,24650,10252,,,1,100,,24649,10252,,,1,100,,24661,10252,,,1,101,,24656,10252,,,1,100,,24660,10252,,,1,102,,24657,10252,,,1,98,,24653,10252,,,1,100,,24659,10252,,,1,100,,24662,10252,,,1,99,,24663,10252,,,1,100,,24651,10252,,,1,100,,24666,10252,,,1,100,,24654,10252,,,1,100,,24667,10252,,,1,100,,24655,10252,,,1
1501,'F9',710,,24674,10252,,,1,100,,24671,10252,,,1,100,,24668,10252,,,1,100,,24681,10252,,,1,101,,24686,10252,,,1,100,,24679,10252,,,1,100,,24675,10252,,,1,100,,24669,10252,,,1,100,,24683,10252,,,1,100,,24670,10252,,,1,100,,24678,10252,,,1,100,,24676,10252,,,1,100,,24680,10252,,,1,97,,24684,10252,,,1,100,,24682,10252,,,1,100,,24677,10252,,,1,100,,24672,10252,,,1,100,,24685,10252,,,1,100,,24673,10252,,,1
1501,'SA',709,,24702,10252,,,1,100,,24696,10252,,,1,100,,24690,10252,,,1,100,,24703,10252,,,1,100,,24688,10252,,,1,100,,24687,10252,,,1,100,,24699,10252,,,1,101,,24694,10252,,,1,100,,24698,10252,,,1,102,,24695,10252,,,1,98,,24691,10252,,,1,100,,24697,10252,,,1,100,,24700,10252,,,1,99,,24701,10252,,,1,100,,24689,10252,,,1,100,,24704,10252,,,1,100,,24692,10252,,,1,100,,24705,10252,,,1,100,,24693,10252,,,1
1501,'SE',534,,24718,10252,,,1,86,,24710,10252,,,1,31,,24716,10252,,,1,73,,24738,10252,,,1,22,,24726,10252,,,1,60,,24720,10252,,,1,20,,24711,10252,,,1,30,,24707,10252,,,1,72,,24744,10252,,,1,27,,24728,10252,,,1,68,,24717,10252,,,1,30,,24736,10252,,,1,70,,24730,10252,,,1,30,,24712,10252,,,1,71,,24714,10252,,,1,30,,24731,10252,,,1,70,,24733,10252,,,1,30,,24715,10252,,,1,70,,24713,10252,,,1,30,,24739,10252,,,1,73,,24721,10252,,,1,31,,24742,10252,,,1,63,,24737,10252,,,1,79,,24734,10252,,,1,27,,24723,10252,,,1,30,,24709,10252,,,1,70,,24743,10252,,,1,26,,24732,10252,,,1,70,,24722,10252,,,1,30,,24740,10252,,,1,68,,24735,10252,,,1,30,,24708,10252,,,1,70,,24729,10252,,,1,30,,24741,10252,,,1,70,,24725,10252,,,1,30,,24706,10252,,,1,98,,24719,10252,,,1,100,,24724,10252,,,1,99,,24727,10252,,,1
50601,'SE',1639,,40637,1131,,,2
60001,'SE',909,,40740,5889,,,2
61301,'SE',909,,40773,8199,,,2
61801,'SE',859,,40781,9123,,,2
