301,'DI',630,,698,8446,,,1,100,,20863,8446,,,1,100,,699,8446,,,1,100,,20864,8446,,,1,100,,700,8446,,,1,100,,20865,8446,,,1,100,,701,8446,,,1,100,,20866,8446,,,1,100,,702,8446,,,1,100,,703,8446,,,1,100,,704,8446,,,1,100,,705,8446,,,1,100,,706,8446,,,1,100,,20856,8446,,,1,100,,20857,8446,,,1,100,,20858,8446,,,1,100,,20859,8446,,,1,100,,20860,8446,,,1,100,,20861,8446,,,1
301,'F1',630,,43287,8446,,,1,100,,43303,8446,,,1,100,,43288,8446,,,1,100,,43304,8446,,,1,100,,43289,8446,,,1,100,,43305,8446,,,1,100,,43290,8446,,,1,100,,43306,8446,,,1,100,,43291,8446,,,1,100,,43292,8446,,,1,100,,43293,8446,,,1,100,,43294,8446,,,1,100,,43295,8446,,,1,100,,43296,8446,,,1,100,,43297,8446,,,1,100,,43298,8446,,,1,100,,43299,8446,,,1,100,,43300,8446,,,1,100,,43301,8446,,,1
301,'F2',600,,43307,8446,,,1,30,,43315,8446,,,1,70,,43308,8446,,,1,30,,43325,8446,,,1,70,,43309,8446,,,1,30,,43316,8446,,,1,70,,43310,8446,,,1,30,,43326,8446,,,1,70,,43311,8446,,,1,30,,43327,8446,,,1,70,,43312,8446,,,1,30,,43317,8446,,,1,70,,43313,8446,,,1,30,,43318,8446,,,1,70,,43314,8446,,,1,30,,43334,8446,,,1,70,,43328,8446,,,1,30,,43319,8446,,,1,70,,43329,8446,,,1,30,,43335,8446,,,1,70,,43330,8446,,,1,30,,43336,8446,,,1,70,,43331,8446,,,1,30,,43337,8446,,,1,70,,43332,8446,,,1,30,,43338,8446,,,1,100,,43339,8446,,,1,100,,43320,8446,,,1,100,,43321,8446,,,1,100,,43322,8446,,,1,100,,43323,8446,,,1,100,,43340,8446,,,1
301,'F8',600,,20979,8446,,,1,30,,20987,8446,,,1,70,,20980,8446,,,1,30,,20997,8446,,,1,70,,20981,8446,,,1,30,,20988,8446,,,1,70,,20982,8446,,,1,30,,20998,8446,,,1,70,,20983,8446,,,1,30,,20999,8446,,,1,70,,20984,8446,,,1,30,,20989,8446,,,1,70,,20985,8446,,,1,30,,20990,8446,,,1,70,,20986,8446,,,1,30,,21006,8446,,,1,70,,21000,8446,,,1,30,,20991,8446,,,1,70,,21001,8446,,,1,30,,21007,8446,,,1,70,,21002,8446,,,1,30,,21008,8446,,,1,70,,21003,8446,,,1,30,,21009,8446,,,1,70,,21004,8446,,,1,30,,21010,8446,,,1,100,,21011,8446,,,1,100,,20992,8446,,,1,100,,20993,8446,,,1,100,,20994,8446,,,1,100,,20995,8446,,,1,100,,21012,8446,,,1
301,'F9',630,,21013,8446,,,1,100,,21029,8446,,,1,100,,21014,8446,,,1,100,,21030,8446,,,1,100,,21015,8446,,,1,100,,21031,8446,,,1,100,,21016,8446,,,1,100,,21032,8446,,,1,100,,21017,8446,,,1,100,,21018,8446,,,1,100,,21019,8446,,,1,100,,21020,8446,,,1,100,,21021,8446,,,1,100,,21022,8446,,,1,100,,21023,8446,,,1,100,,21024,8446,,,1,100,,21025,8446,,,1,100,,21026,8446,,,1,100,,21027,8446,,,1
301,'SA',600,,21033,8446,,,1,30,,21041,8446,,,1,70,,21034,8446,,,1,30,,21051,8446,,,1,70,,21035,8446,,,1,30,,21042,8446,,,1,70,,21036,8446,,,1,30,,21052,8446,,,1,70,,21037,8446,,,1,30,,21053,8446,,,1,70,,21038,8446,,,1,30,,21043,8446,,,1,70,,21039,8446,,,1,30,,21044,8446,,,1,70,,21040,8446,,,1,30,,21054,8446,,,1,70,,847,8446,,,1,30,,21045,8446,,,1,70,,848,8446,,,1,30,,21055,8446,,,1,70,,849,8446,,,1,30,,21056,8446,,,1,70,,850,8446,,,1,30,,21057,8446,,,1,70,,851,8446,,,1,30,,21058,8446,,,1,100,,21059,8446,,,1,100,,21046,8446,,,1,100,,21047,8446,,,1,100,,21048,8446,,,1,100,,21049,8446,,,1,100,,21060,8446,,,1
301,'SE',517,,43341,8446,,,1,30,,43349,8446,,,1,72,,43370,8446,,,1,25,,43365,8446,,,1,61,,43382,8446,,,1,20,,43377,8446,,,1,21,,43366,8446,,,1,57,,43372,8446,,,1,22,,43378,8446,,,1,21,,43367,8446,,,1,59,,43373,8446,,,1,28,,43351,8446,,,1,70,,43357,8446,,,1,30,,43352,8446,,,1,70,,43358,8446,,,1,30,,43353,8446,,,1,70,,43359,8446,,,1,30,,43354,8446,,,1,70,,43360,8446,,,1,30,,43355,8446,,,1,70,,43361,8446,,,1,30,,43350,8446,,,1,70,,43379,8446,,,1,32,,43374,8446,,,1,79,,43380,8446,,,1,44,,43369,8446,,,1,81,,43384,8446,,,1,78,,43383,8446,,,1,89,,43364,8446,,,1,27,,43342,8446,,,1,67,,43362,8446,,,1,30,,43343,8446,,,1,70,,43363,8446,,,1,30,,43344,8446,,,1,70,,43356,8446,,,1,30,,43345,8446,,,1,100,,43346,8446,,,1,100,,43347,8446,,,1
400,'DI',645,,21120,19409,,,1,69,,21106,19409,,,1,30,,21112,19409,,,1,70,,21124,19409,,,1,30,,21121,19409,,,1,72,,21107,19409,,,1,30,,21113,19409,,,1,72,,21127,19409,,,1,30,,21129,19409,,,1,70,,21108,19409,,,1,33,,21114,19409,,,1,70,,21128,19409,,,1,27,,21130,19409,,,1,71,,21109,19409,,,1,32,,21135,19409,,,1,70,,21136,19409,,,1,28,,21131,19409,,,1,71,,21110,19409,,,1,29,,21115,19409,,,1,70,,21138,19409,,,1,32,,21118,19409,,,1,70,,21111,19409,,,1,30,,21116,19409,,,1,70,,21139,19409,,,1,30,,21119,19409,,,1,68,,21132,19409,,,1,30,,21137,19409,,,1,70,,21134,19409,,,1,30,,21126,19409,,,1,70,,21133,19409,,,1,30,,21122,19409,,,1,70,,21105,19409,,,1,30,,21117,19409,,,1,100,,21123,19409,,,1,100,,21125,19409,,,1
400,'F1',645,,43400,19409,,,1,69,,43386,19409,,,1,30,,43392,19409,,,1,70,,43404,19409,,,1,30,,43401,19409,,,1,72,,43387,19409,,,1,30,,43393,19409,,,1,72,,43407,19409,,,1,30,,43409,19409,,,1,70,,43388,19409,,,1,33,,43394,19409,,,1,70,,43408,19409,,,1,27,,43410,19409,,,1,71,,43389,19409,,,1,32,,43415,19409,,,1,70,,43416,19409,,,1,28,,43411,19409,,,1,71,,43390,19409,,,1,29,,43395,19409,,,1,70,,43418,19409,,,1,32,,43398,19409,,,1,70,,43391,19409,,,1,30,,43396,19409,,,1,70,,43419,19409,,,1,30,,43399,19409,,,1,68,,43412,19409,,,1,30,,43417,19409,,,1,70,,43414,19409,,,1,30,,43406,19409,,,1,70,,43413,19409,,,1,30,,43402,19409,,,1,70,,43385,19409,,,1,30,,43397,19409,,,1,100,,43403,19409,,,1,100,,43405,19409,,,1
400,'F2',645,,43425,19409,,,1,69,,43421,19409,,,1,30,,43429,19409,,,1,70,,43430,19409,,,1,30,,43426,19409,,,1,72,,43422,19409,,,1,30,,43448,19409,,,1,72,,43431,19409,,,1,31,,43427,19409,,,1,70,,43423,19409,,,1,32,,43449,19409,,,1,70,,43432,19409,,,1,30,,43442,19409,,,1,70,,43453,19409,,,1,30,,43440,19409,,,1,70,,43452,19409,,,1,30,,43436,19409,,,1,70,,43420,19409,,,1,30,,43433,19409,,,1,70,,43443,19409,,,1,30,,43454,19409,,,1,70,,43451,19409,,,1,30,,43439,19409,,,1,70,,43445,19409,,,1,28,,43438,19409,,,1,70,,43428,19409,,,1,30,,43444,19409,,,1,70,,43435,19409,,,1,30,,43424,19409,,,1,70,,43447,19409,,,1,30,,43434,19409,,,1,70,,43446,19409,,,1,30,,43450,19409,,,1,100,,43441,19409,,,1,100,,43437,19409,,,1
400,'F8',645,,21254,19409,,,1,69,,21250,19409,,,1,30,,21258,19409,,,1,70,,21259,19409,,,1,30,,21255,19409,,,1,72,,21251,19409,,,1,30,,21277,19409,,,1,72,,21260,19409,,,1,31,,21256,19409,,,1,70,,21252,19409,,,1,32,,21278,19409,,,1,70,,21261,19409,,,1,30,,21271,19409,,,1,70,,21282,19409,,,1,30,,21269,19409,,,1,70,,21281,19409,,,1,30,,21265,19409,,,1,70,,21249,19409,,,1,30,,21262,19409,,,1,70,,21272,19409,,,1,30,,21283,19409,,,1,70,,21280,19409,,,1,30,,21268,19409,,,1,70,,21274,19409,,,1,28,,21267,19409,,,1,70,,21257,19409,,,1,30,,21273,19409,,,1,70,,21264,19409,,,1,30,,21253,19409,,,1,70,,21276,19409,,,1,30,,21263,19409,,,1,70,,21275,19409,,,1,30,,21279,19409,,,1,100,,21270,19409,,,1,100,,21266,19409,,,1
400,'F9',645,,21299,19409,,,1,69,,21285,19409,,,1,30,,21291,19409,,,1,70,,21303,19409,,,1,30,,21300,19409,,,1,72,,21286,19409,,,1,30,,21292,19409,,,1,72,,21306,19409,,,1,30,,21308,19409,,,1,70,,21287,19409,,,1,33,,21293,19409,,,1,70,,21307,19409,,,1,27,,21309,19409,,,1,71,,21288,19409,,,1,32,,21314,19409,,,1,70,,21315,19409,,,1,28,,21310,19409,,,1,71,,21289,19409,,,1,29,,21294,19409,,,1,70,,21317,19409,,,1,32,,21297,19409,,,1,70,,21290,19409,,,1,30,,21295,19409,,,1,70,,21318,19409,,,1,30,,21298,19409,,,1,68,,21311,19409,,,1,30,,21316,19409,,,1,70,,21313,19409,,,1,30,,21305,19409,,,1,70,,21312,19409,,,1,30,,21301,19409,,,1,70,,21284,19409,,,1,30,,21296,19409,,,1,100,,21302,19409,,,1,100,,21304,19409,,,1
400,'SA',645,,1101,19409,,,1,69,,21319,19409,,,1,30,,1103,19409,,,1,70,,1104,19409,,,1,30,,1102,19409,,,1,72,,21320,19409,,,1,30,,21339,19409,,,1,72,,1105,19409,,,1,31,,21323,19409,,,1,70,,21321,19409,,,1,32,,21340,19409,,,1,70,,1106,19409,,,1,30,,21333,19409,,,1,70,,21344,19409,,,1,30,,21331,19409,,,1,70,,21343,19409,,,1,30,,21327,19409,,,1,70,,1099,19409,,,1,30,,1107,19409,,,1,70,,21334,19409,,,1,30,,21345,19409,,,1,70,,21342,19409,,,1,30,,21330,19409,,,1,70,,21336,19409,,,1,28,,21329,19409,,,1,70,,21324,19409,,,1,30,,21335,19409,,,1,70,,21326,19409,,,1,30,,21322,19409,,,1,70,,21338,19409,,,1,30,,21325,19409,,,1,70,,21337,19409,,,1,30,,21341,19409,,,1,100,,21332,19409,,,1,100,,21328,19409,,,1
400,'SE',549,,43482,19409,,,1,65,,43489,19409,,,1,28,,43492,19409,,,1,60,,43481,19409,,,1,15,,43485,19409,,,1,20,,43488,19409,,,1,66,,43483,19409,,,1,20,,43490,19409,,,1,24,,43493,19409,,,1,8,,43491,19409,,,1,72,,43496,19409,,,1,13,,43461,19409,,,1,63,,43455,19409,,,1,31,,43476,19409,,,1,70,,43465,19409,,,1,30,,43462,19409,,,1,70,,43459,19409,,,1,30,,43463,19409,,,1,70,,43469,19409,,,1,30,,43456,19409,,,1,70,,43458,19409,,,1,29,,43478,19409,,,1,69,,43470,19409,,,1,34,,43486,19409,,,1,66,,43480,19409,,,1,37,,43484,19409,,,1,67,,43487,19409,,,1,30,,43494,19409,,,1,69,,43495,19409,,,1,25,,43457,19409,,,1,20,,43471,19409,,,1,71,,43472,19409,,,1,34,,43460,19409,,,1,70,,43475,19409,,,1,30,,43467,19409,,,1,67,,43468,19409,,,1,30,,43479,19409,,,1,70,,43466,19409,,,1,27,,43477,19409,,,1,70,,43474,19409,,,1,100,,43473,19409,,,1
901,'SE',629,,44317,12722,,,2,71,,44319,12722,,,2,32,,44318,12722,,,2,70,,44321,12722,,,2,30,,44320,12722,,,2,822,,44324,6184,,,2,75,,44323,6184,,,2,25,,44322,6184,,,2
1901,'DI',559,,25993,12784,,,2,100,,25994,12784,,,2,100,,25995,12784,,,2,100,,25996,12784,,,2,144,,25997,12784,,,2,100,,25998,12784,,,2,100,,25999,12784,,,2,100,,26000,12784,,,2,100,,26001,12784,,,2,100,,26002,12784,,,2,100,,26003,12784,,,2,100,,26004,12784,,,2,100,,26005,12784,,,2,100,,26006,12784,,,2,100,,26007,12784,,,2,100,,26008,12784,,,2,100,,26009,12784,,,2,100,,26010,12784,,,2,100,,26011,12784,,,2,100,,26012,12784,,,2
1901,'F1',559,,45266,12784,,,2,100,,45267,12784,,,2,100,,45268,12784,,,2,100,,45269,12784,,,2,144,,45270,12784,,,2,100,,45271,12784,,,2,100,,45272,12784,,,2,100,,45273,12784,,,2,100,,45274,12784,,,2,100,,45275,12784,,,2,100,,45276,12784,,,2,100,,45277,12784,,,2,100,,45278,12784,,,2,100,,45279,12784,,,2,100,,45280,12784,,,2,100,,45281,12784,,,2,100,,45282,12784,,,2,100,,45283,12784,,,2,100,,45284,12784,,,2,100,,45285,12784,,,2
1901,'F2',559,,45286,12784,,,2,70,,45296,12784,,,2,30,,45287,12784,,,2,70,,45297,12784,,,2,30,,45288,12784,,,2,70,,45298,12784,,,2,30,,45289,12784,,,2,70,,45299,12784,,,2,74,,45290,12784,,,2,30,,45300,12784,,,2,70,,45291,12784,,,2,30,,45301,12784,,,2,70,,45292,12784,,,2,30,,45313,12784,,,2,70,,45293,12784,,,2,30,,45314,12784,,,2,70,,45294,12784,,,2,30,,45315,12784,,,2,70,,45295,12784,,,2,30,,45316,12784,,,2,70,,45302,12784,,,2,30,,45317,12784,,,2,70,,45303,12784,,,2,30,,45318,12784,,,2,70,,45304,12784,,,2,30,,45319,12784,,,2,70,,45305,12784,,,2,100,,45306,12784,,,2,100,,45307,12784,,,2,100,,45308,12784,,,2,100,,45309,12784,,,2,100,,45310,12784,,,2,100,,45311,12784,,,2
1901,'F8',559,,26123,12784,,,2,70,,26133,12784,,,2,30,,26124,12784,,,2,70,,26134,12784,,,2,30,,26125,12784,,,2,70,,26135,12784,,,2,30,,26126,12784,,,2,70,,26136,12784,,,2,74,,26127,12784,,,2,30,,26137,12784,,,2,70,,26128,12784,,,2,30,,26138,12784,,,2,70,,26129,12784,,,2,30,,26150,12784,,,2,70,,26130,12784,,,2,30,,26151,12784,,,2,70,,26131,12784,,,2,30,,26152,12784,,,2,70,,26132,12784,,,2,30,,26153,12784,,,2,70,,26139,12784,,,2,30,,26154,12784,,,2,70,,26140,12784,,,2,30,,26155,12784,,,2,70,,26141,12784,,,2,30,,26156,12784,,,2,70,,26142,12784,,,2,100,,26143,12784,,,2,100,,26144,12784,,,2,100,,26145,12784,,,2,100,,26146,12784,,,2,100,,26147,12784,,,2,100,,26148,12784,,,2
1901,'F9',559,,26158,12784,,,2,100,,26159,12784,,,2,100,,26160,12784,,,2,100,,26161,12784,,,2,144,,26162,12784,,,2,100,,26163,12784,,,2,100,,26164,12784,,,2,100,,26165,12784,,,2,100,,26166,12784,,,2,100,,26167,12784,,,2,100,,26168,12784,,,2,100,,26169,12784,,,2,100,,26170,12784,,,2,100,,26171,12784,,,2,100,,26172,12784,,,2,100,,26173,12784,,,2,100,,26174,12784,,,2,100,,26175,12784,,,2,100,,26176,12784,,,2,100,,26177,12784,,,2
1901,'SA',559,,26178,12784,,,2,70,,26188,12784,,,2,30,,26179,12784,,,2,70,,26189,12784,,,2,30,,26180,12784,,,2,70,,26190,12784,,,2,30,,26181,12784,,,2,70,,26191,12784,,,2,74,,26182,12784,,,2,30,,26192,12784,,,2,70,,26183,12784,,,2,30,,26193,12784,,,2,70,,26184,12784,,,2,30,,26205,12784,,,2,70,,26185,12784,,,2,30,,26206,12784,,,2,70,,26186,12784,,,2,30,,26207,12784,,,2,70,,26187,12784,,,2,30,,26208,12784,,,2,70,,26194,12784,,,2,30,,26209,12784,,,2,70,,26195,12784,,,2,30,,26210,12784,,,2,70,,26196,12784,,,2,30,,26211,12784,,,2,70,,26197,12784,,,2,100,,26198,12784,,,2,100,,26199,12784,,,2,100,,26200,12784,,,2,100,,26201,12784,,,2,100,,26202,12784,,,2,100,,26203,12784,,,2
1901,'SE',518,,45320,12784,,,2,35,,45337,12784,,,2,70,,45358,12784,,,2,23,,45348,10807,,,2,54,,45354,10807,,,2,15,,45347,10807,,,2,13,,45355,10807,,,2,12,,45351,10807,,,2,12,,45349,10807,,,2,52,,45350,10807,,,2,14,,45352,10807,,,2,21,,45353,10807,,,2,20,,45346,10807,,,2,73,,45341,12784,,,2,74,,45328,12784,,,2,30,,45342,12784,,,2,70,,45329,12784,,,2,30,,45343,12784,,,2,70,,45330,12784,,,2,30,,45344,12784,,,2,70,,45331,12784,,,2,30,,45338,12784,,,2,70,,45332,12784,,,2,32,,45339,12784,,,2,71,,45363,12784,,,2,30,,45365,12784,,,2,70,,45357,12784,,,2,21,,45356,12784,,,2,23,,45359,12784,,,2,60,,45364,12784,,,2,21,,45361,12784,,,2,17,,45362,12784,,,2,57,,45360,12784,,,2,19,,45366,12784,,,2,19,,45345,12784,,,2,64,,45340,12784,,,2,25,,45333,12784,,,2,70,,45321,12784,,,2,30,,45334,12784,,,2,70,,45322,12784,,,2,30,,45335,12784,,,2,69,,45323,12784,,,2,100,,45324,12784,,,2,100,,45325,12784,,,2,100,,45326,12784,,,2
2101,'DI',616,,27057,13824,,,1,30,,27051,13824,,,1,70,,27073,13824,,,1,29,,27075,13824,,,1,70,,27077,13824,,,1,30,,27068,13824,,,1,71,,27069,13824,,,1,30,,27074,13824,,,1,70,,27058,13824,,,1,27,,27071,13824,,,1,73,,27084,13824,,,1,30,,27082,13824,,,1,72,,27072,13824,,,1,30,,27059,13824,,,1,71,,27078,13824,,,1,35,,27070,13824,,,1,70,,27076,13824,,,1,30,,27085,13824,,,1,70,,27083,13824,,,1,30,,27060,13824,,,1,70,,27062,13824,,,1,30,,27052,13824,,,1,70,,27065,13824,,,1,30,,27061,13824,,,1,70,,27046,13824,,,1,30,,27053,13824,,,1,64,,27066,13824,,,1,27,,27050,13824,,,1,70,,27047,13824,,,1,30,,27049,13824,,,1,70,,27080,13824,,,1,30,,27063,13824,,,1,70,,27054,13824,,,1,30,,27067,13824,,,1,70,,27055,13824,,,1,30,,27056,13824,,,1,70,,27079,13824,,,1,30,,27081,13824,,,1
2101,'F1',616,,45688,13824,,,1,30,,45682,13824,,,1,70,,45704,13824,,,1,29,,45706,13824,,,1,70,,45708,13824,,,1,30,,45699,13824,,,1,71,,45700,13824,,,1,30,,45705,13824,,,1,70,,45689,13824,,,1,27,,45702,13824,,,1,73,,45715,13824,,,1,30,,45713,13824,,,1,72,,45703,13824,,,1,30,,45690,13824,,,1,71,,45709,13824,,,1,35,,45701,13824,,,1,70,,45707,13824,,,1,30,,45716,13824,,,1,70,,45714,13824,,,1,30,,45691,13824,,,1,70,,45693,13824,,,1,30,,45683,13824,,,1,70,,45696,13824,,,1,30,,45692,13824,,,1,70,,45677,13824,,,1,30,,45684,13824,,,1,64,,45697,13824,,,1,27,,45681,13824,,,1,70,,45678,13824,,,1,30,,45680,13824,,,1,70,,45711,13824,,,1,30,,45694,13824,,,1,70,,45685,13824,,,1,30,,45698,13824,,,1,70,,45686,13824,,,1,30,,45687,13824,,,1,70,,45710,13824,,,1,30,,45712,13824,,,1
2101,'F2',616,,45733,13824,,,1,30,,45724,13824,,,1,70,,45737,13824,,,1,30,,45746,13824,,,1,73,,45747,13824,,,1,30,,45735,13824,,,1,70,,45750,13824,,,1,30,,45738,13824,,,1,70,,45725,13824,,,1,25,,45720,13824,,,1,71,,45734,13824,,,1,34,,45739,13824,,,1,73,,45721,13824,,,1,26,,45726,13824,,,1,74,,45730,13824,,,1,32,,45743,13824,,,1,70,,45748,13824,,,1,30,,45740,13824,,,1,70,,45751,13824,,,1,30,,45744,13824,,,1,70,,45749,13824,,,1,30,,45741,13824,,,1,70,,45753,13824,,,1,30,,45727,13824,,,1,70,,45752,13824,,,1,30,,45742,13824,,,1,64,,45754,13824,,,1,27,,45717,13824,,,1,70,,45731,13824,,,1,30,,45745,13824,,,1,70,,45728,13824,,,1,30,,45736,13824,,,1,70,,45722,13824,,,1,30,,45732,13824,,,1,70,,45718,13824,,,1,30,,45729,13824,,,1,70,,45756,13824,,,1,30,,45723,13824,,,1,70,,45755,13824,,,1
2101,'F8',616,,27226,13824,,,1,30,,27217,13824,,,1,70,,27230,13824,,,1,30,,27239,13824,,,1,73,,27240,13824,,,1,30,,27228,13824,,,1,70,,27243,13824,,,1,30,,27231,13824,,,1,70,,27218,13824,,,1,25,,27213,13824,,,1,71,,27227,13824,,,1,34,,27232,13824,,,1,73,,27214,13824,,,1,26,,27219,13824,,,1,74,,27223,13824,,,1,32,,27236,13824,,,1,70,,27241,13824,,,1,30,,27233,13824,,,1,70,,27244,13824,,,1,30,,27237,13824,,,1,70,,27242,13824,,,1,30,,27234,13824,,,1,70,,27246,13824,,,1,30,,27220,13824,,,1,70,,27245,13824,,,1,30,,27235,13824,,,1,64,,27247,13824,,,1,27,,27210,13824,,,1,70,,27224,13824,,,1,30,,27238,13824,,,1,70,,27221,13824,,,1,30,,27229,13824,,,1,70,,27215,13824,,,1,30,,27225,13824,,,1,70,,27211,13824,,,1,30,,27222,13824,,,1,70,,27249,13824,,,1,30,,27216,13824,,,1,70,,27248,13824,,,1
2101,'F9',616,,27261,13824,,,1,30,,27255,13824,,,1,70,,27277,13824,,,1,29,,27279,13824,,,1,70,,27281,13824,,,1,30,,27272,13824,,,1,71,,27273,13824,,,1,30,,27278,13824,,,1,70,,27262,13824,,,1,27,,27275,13824,,,1,73,,27288,13824,,,1,30,,27286,13824,,,1,72,,27276,13824,,,1,30,,27263,13824,,,1,71,,27282,13824,,,1,35,,27274,13824,,,1,70,,27280,13824,,,1,30,,27289,13824,,,1,70,,27287,13824,,,1,30,,27264,13824,,,1,70,,27266,13824,,,1,30,,27256,13824,,,1,70,,27269,13824,,,1,30,,27265,13824,,,1,70,,27250,13824,,,1,30,,27257,13824,,,1,64,,27270,13824,,,1,27,,27254,13824,,,1,70,,27251,13824,,,1,30,,27253,13824,,,1,70,,27284,13824,,,1,30,,27267,13824,,,1,70,,27258,13824,,,1,30,,27271,13824,,,1,70,,27259,13824,,,1,30,,27260,13824,,,1,70,,27283,13824,,,1,30,,27285,13824,,,1
2101,'SA',616,,27306,13824,,,1,30,,27297,13824,,,1,70,,27310,13824,,,1,30,,27319,13824,,,1,73,,27320,13824,,,1,30,,27308,13824,,,1,70,,27321,13824,,,1,30,,27311,13824,,,1,70,,27298,13824,,,1,25,,27293,13824,,,1,71,,27307,13824,,,1,34,,27312,13824,,,1,73,,27294,13824,,,1,26,,27299,13824,,,1,74,,27303,13824,,,1,32,,27316,13824,,,1,70,,6523,13824,,,1,30,,27313,13824,,,1,70,,27322,13824,,,1,30,,27317,13824,,,1,70,,6524,13824,,,1,30,,27314,13824,,,1,70,,27324,13824,,,1,30,,27300,13824,,,1,70,,27323,13824,,,1,30,,27315,13824,,,1,64,,27325,13824,,,1,27,,27290,13824,,,1,70,,27304,13824,,,1,30,,27318,13824,,,1,70,,27301,13824,,,1,30,,27309,13824,,,1,70,,27295,13824,,,1,30,,27305,13824,,,1,70,,27291,13824,,,1,30,,27302,13824,,,1,70,,27326,13824,,,1,30,,27296,13824,,,1,70,,6535,13824,,,1
2101,'SE',514,,45761,13824,,,1,86,,45759,13824,,,1,27,,45794,13824,,,1,15,,45788,13824,,,1,15,,45785,13824,,,1,55,,45786,13824,,,1,12,,45798,13824,,,1,12,,45799,13824,,,1,15,,45795,13824,,,1,55,,45797,13824,,,1,22,,45789,13824,,,1,18,,45790,13824,,,1,57,,45801,13824,,,1,23,,45793,13824,,,1,13,,45802,13824,,,1,20,,45757,13824,,,1,61,,45763,13824,,,1,27,,45765,13824,,,1,74,,45768,13824,,,1,30,,45781,13824,,,1,70,,45764,13824,,,1,32,,45770,13824,,,1,73,,45758,13824,,,1,30,,45760,13824,,,1,70,,45769,13824,,,1,80,,45773,13824,,,1,23,,45783,13824,,,1,30,,45784,13824,,,1,73,,45796,13824,,,1,15,,45791,13824,,,1,55,,45800,13824,,,1,14,,45803,13824,,,1,15,,45804,13824,,,1,18,,45792,13824,,,1,59,,45787,13824,,,1,16,,45782,13824,,,1,20,,45778,13824,,,1,66,,45780,13824,,,1,26,,45766,13824,,,1,65,,45762,13824,,,1,30,,45772,13824,,,1,70,,45777,13824,,,1,29,,45775,13824,,,1,70,,45776,13824,,,1,30,,45779,13824,,,1,98,,45767,13824,,,1,97,,45774,13824,,,1
7701,'DI',813,,35180,11611,0,25 26,1,100,,35183,11611,0,25 26,1,100,,35181,11611,0,25 26,1,100,,35184,11611,0,25 26,1,100,,35182,11611,0,25 26,1,100,,35179,11611,0,25 26,1,100,,35185,11611,0,25 26,1,100,,35188,11611,0,25 26,1,100,,35178,11611,0,25 26,1,100,,35189,11611,0,25 26,1,100,,35190,11611,0,25 26,1,98,,35191,11611,0,25 26,1,99,,35186,11611,0,25 26,1,100,,35192,11611,0,25 26,1,100,,35187,11611,0,25 26,1
7701,'F1',813,,48923,11611,0,25 26,1,100,,48926,11611,0,25 26,1,100,,48924,11611,0,25 26,1,100,,48927,11611,0,25 26,1,100,,48925,11611,0,25 26,1,100,,48922,11611,0,25 26,1,100,,48928,11611,0,25 26,1,100,,48931,11611,0,25 26,1,100,,48921,11611,0,25 26,1,100,,48932,11611,0,25 26,1,100,,48933,11611,0,25 26,1,98,,48934,11611,0,25 26,1,99,,48929,11611,0,25 26,1,100,,48935,11611,0,25 26,1,100,,48930,11611,0,25 26,1
7701,'F2',813,,48950,11611,0,25 26,1,100,,48941,11611,0,25 26,1,100,,48937,11611,0,25 26,1,100,,48942,11611,0,25 26,1,100,,48938,11611,0,25 26,1,100,,48940,11611,0,25 26,1,100,,48943,11611,0,25 26,1,97,,48936,11611,0,25 26,1,103,,48944,11611,0,25 26,1,99,,48946,11611,0,25 26,1,101,,48945,11611,0,25 26,1,98,,48947,11611,0,25 26,1,99,,48948,11611,0,25 26,1,100,,48939,11611,0,25 26,1,100,,48949,11611,0,25 26,1
7701,'F8',813,,35276,11611,0,25 26,1,100,,35267,11611,0,25 26,1,100,,35263,11611,0,25 26,1,100,,35268,11611,0,25 26,1,100,,35264,11611,0,25 26,1,100,,35266,11611,0,25 26,1,100,,35269,11611,0,25 26,1,97,,35262,11611,0,25 26,1,103,,35270,11611,0,25 26,1,99,,35272,11611,0,25 26,1,101,,35271,11611,0,25 26,1,98,,35273,11611,0,25 26,1,99,,35274,11611,0,25 26,1,100,,35265,11611,0,25 26,1,100,,35275,11611,0,25 26,1
7701,'F9',813,,35279,11611,0,25 26,1,100,,35282,11611,0,25 26,1,100,,35280,11611,0,25 26,1,100,,35283,11611,0,25 26,1,100,,35281,11611,0,25 26,1,100,,35278,11611,0,25 26,1,100,,35284,11611,0,25 26,1,100,,35287,11611,0,25 26,1,100,,35277,11611,0,25 26,1,100,,35288,11611,0,25 26,1,100,,35289,11611,0,25 26,1,98,,35290,11611,0,25 26,1,99,,35285,11611,0,25 26,1,100,,35291,11611,0,25 26,1,100,,35286,11611,0,25 26,1
7701,'SA',813,,35305,11611,0,25 26,1,100,,35296,11611,0,25 26,1,100,,35293,11611,0,25 26,1,100,,35297,11611,0,25 26,1,100,,13757,11611,0,25 26,1,100,,35295,11611,0,25 26,1,100,,35298,11611,0,25 26,1,97,,35292,11611,0,25 26,1,103,,35299,11611,0,25 26,1,99,,35301,11611,0,25 26,1,101,,35300,11611,0,25 26,1,98,,35302,11611,0,25 26,1,99,,35303,11611,0,25 26,1,100,,35294,11611,0,25 26,1,100,,35304,11611,0,25 26,1
7701,'SE',652,,48987,11611,0,25 26,1,51,,48952,11611,0,25 26,1,7,,48957,11611,0,25 26,1,7,,48953,11611,0,25 26,1,15,,48961,11611,0,25 26,1,8,,48954,11611,0,25 26,1,18,,48959,11611,0,25 26,1,74,,48962,11611,0,25 26,1,68,,48958,11611,0,25 26,1,32,,48955,11611,0,25 26,1,70,,48960,11611,0,25 26,1,30,,48963,11611,0,25 26,1,70,,48964,11611,0,25 26,1,30,,48956,11611,0,25 26,1,70,,48966,11611,0,25 26,1,32,,48967,11611,0,25 26,1,70,,48965,11611,0,25 26,1,31,,48969,11611,0,25 26,1,73,,48971,11611,0,25 26,1,30,,48968,11611,0,25 26,1,70,,48972,11611,0,25 26,1,29,,48970,11611,0,25 26,1,20,,48974,11611,0,25 26,1,60,,48976,11611,0,25 26,1,20,,48977,11611,0,25 26,1,20,,48973,11611,0,25 26,1,58,,48982,11611,0,25 26,1,18,,48983,11611,0,25 26,1,22,,48975,11611,0,25 26,1,70,,48985,11611,0,25 26,1,24,,48978,11611,0,25 26,1,73,,48984,11611,0,25 26,1,32,,48980,11611,0,25 26,1,70,,48979,11611,0,25 26,1,31,,48951,11611,0,25 26,1,71,,48986,11611,0,25 26,1,22,,48981,11611,0,25 26,1
9801,'SE',744,,49760,19921,,,2,874,,49763,19921,,,2,32,,49761,19921,,,2,66,,49762,19921,,,2,31,,49757,19921,,,2,66,,49758,19921,,,2,30,,49759,19921,,,2,594,,49764,17816,,,2
9901,'DI',923,,37415,26903,,,2,100,,37411,26903,,,2,100,,37403,26903,,,2,104,,37408,26903,,,2,100,,37401,26903,,,2,100,,37404,26903,,,2,100,,37416,26903,,,2,100,,37413,26903,,,2,100,,37410,26903,,,2,96,,37412,26903,,,2,104,,37407,26903,,,2,96,,37405,26903,,,2,100,,37406,26903,,,2,100,,37414,26903,,,2,100,,37417,26903,,,2
9901,'F1',923,,49838,26903,,,2,100,,49834,26903,,,2,100,,49826,26903,,,2,104,,49831,26903,,,2,100,,49824,26903,,,2,100,,49827,26903,,,2,100,,49839,26903,,,2,100,,49836,26903,,,2,100,,49833,26903,,,2,96,,49835,26903,,,2,104,,49830,26903,,,2,96,,49828,26903,,,2,100,,49829,26903,,,2,100,,49837,26903,,,2,100,,49840,26903,,,2
9901,'F2',818,,49845,26903,,,2,105,,49844,26903,,,2,98,,49856,26903,,,2,102,,49846,26903,,,2,104,,49852,26903,,,2,100,,49857,26903,,,2,100,,49847,26903,,,2,100,,49851,26903,,,2,98,,49848,26903,,,2,102,,49853,26903,,,2,96,,49858,26903,,,2,100,,49842,26903,,,2,100,,49849,26903,,,2,100,,49854,26903,,,2,100,,49843,26903,,,2,100,,49850,26903,,,2,100,,49841,26903,,,2
9901,'F8',818,,37487,26903,,,2,105,,37486,26903,,,2,98,,37498,26903,,,2,102,,37488,26903,,,2,104,,37494,26903,,,2,100,,37499,26903,,,2,100,,37489,26903,,,2,100,,37493,26903,,,2,98,,37490,26903,,,2,102,,37495,26903,,,2,96,,37500,26903,,,2,100,,37484,26903,,,2,100,,37491,26903,,,2,100,,37496,26903,,,2,100,,37485,26903,,,2,100,,37492,26903,,,2,100,,37483,26903,,,2
9901,'F9',923,,37516,26903,,,2,100,,37512,26903,,,2,100,,37504,26903,,,2,104,,37509,26903,,,2,100,,37502,26903,,,2,100,,37505,26903,,,2,100,,37517,26903,,,2,100,,37514,26903,,,2,100,,37511,26903,,,2,96,,37513,26903,,,2,104,,37508,26903,,,2,96,,37506,26903,,,2,100,,37507,26903,,,2,100,,37515,26903,,,2,100,,37518,26903,,,2
9901,'SA',818,,37523,26903,,,2,105,,37522,26903,,,2,98,,37534,26903,,,2,102,,37524,26903,,,2,104,,37530,26903,,,2,100,,37535,26903,,,2,100,,37525,26903,,,2,100,,37529,26903,,,2,98,,37526,26903,,,2,102,,37531,26903,,,2,96,,37536,26903,,,2,100,,37520,26903,,,2,100,,37527,26903,,,2,100,,37532,26903,,,2,100,,37521,26903,,,2,100,,37528,26903,,,2,100,,37519,26903,,,2
9901,'SE',614,,49862,24617,,,2,30,,49863,24617,,,2,60,,49861,24617,,,2,18,,49866,24617,,,2,26,,49865,24617,,,2,69,,49864,24617,,,2,36,,49860,24617,,,2,70,,49883,26903,,,2,100,,49868,26903,,,2,100,,49870,26903,,,2,100,,49878,26903,,,2,101,,49867,26903,,,2,100,,49869,26903,,,2,99,,49871,26903,,,2,97,,49886,26903,,,2,29,,49887,26903,,,2,66,,49881,26903,,,2,38,,49882,26903,,,2,69,,49885,26903,,,2,27,,49884,26903,,,2,76,,49875,26903,,,2,98,,49880,26903,,,2,100,,49872,26903,,,2,100,,49877,26903,,,2,100,,49879,26903,,,2,100,,49873,26903,,,2
19901,'SE',646,,50481,19437,,,2,67,,50478,19437,,,2,35,,50480,19437,,,2,72,,50479,19437,,,2
42101,'SE',615,,50750,10021,,,1,38,,50747,10021,,,1,65,,50749,10021,,,1,22,,50752,10021,,,1,17,,50748,10021,,,1,72,,50756,10021,,,1,723,,50754,10021,,,1,75,,50757,10021,,,1,19,,50755,10021,,,1,70,,50758,10021,,,1,29,,50746,10021,,,1,69,,50753,10021,,,1,533,,50745,10021,,,1
