801,'DI',552,,23101,13837,,,1,70,,2745,13837,,,1,30,,2752,13837,,,1,70,,23108,13837,,,1,30,,23102,13837,,,1,72,,2746,13837,,,1,30,,2753,13837,,,1,70,,23109,13837,,,1,29,,23103,13837,,,1,70,,2747,13837,,,1,30,,2754,13837,,,1,69,,23110,13837,,,1,30,,23104,13837,,,1,70,,2748,13837,,,1,30,,2755,13837,,,1,70,,23111,13837,,,1,31,,2741,13837,,,1,70,,2749,13837,,,1,31,,2756,13837,,,1,70,,23112,13837,,,1,29,,23106,13837,,,1,70,,2750,13837,,,1,30,,23115,13837,,,1,70,,23113,13837,,,1,19,,23105,13837,,,1,13,,23107,13837,,,1,70,,2751,13837,,,1,28,,23116,13837,,,1,70,,23114,13837,,,1,85,,2742,13837,,,1,100,,23117,13837,,,1,100,,2743,13837,,,1,99,,23118,13837,,,1,100,,2744,13837,,,1,99,,23119,13837,,,1
801,'F1',552,,44174,13837,,,1,70,,44182,13837,,,1,30,,44189,13837,,,1,70,,44197,13837,,,1,30,,44175,13837,,,1,72,,44183,13837,,,1,30,,44190,13837,,,1,70,,44198,13837,,,1,29,,44176,13837,,,1,70,,44184,13837,,,1,30,,44191,13837,,,1,69,,44199,13837,,,1,30,,44177,13837,,,1,70,,44185,13837,,,1,30,,44192,13837,,,1,70,,44200,13837,,,1,31,,44178,13837,,,1,70,,44186,13837,,,1,31,,44193,13837,,,1,70,,44201,13837,,,1,29,,44195,13837,,,1,70,,44187,13837,,,1,30,,44204,13837,,,1,70,,44202,13837,,,1,19,,44194,13837,,,1,13,,44196,13837,,,1,70,,44188,13837,,,1,28,,44205,13837,,,1,70,,44203,13837,,,1,85,,44179,13837,,,1,100,,44206,13837,,,1,100,,44180,13837,,,1,99,,44207,13837,,,1,100,,44181,13837,,,1,99,,44208,13837,,,1
801,'F2',552,,44213,13837,,,1,70,,44225,13837,,,1,30,,44228,13837,,,1,70,,44231,13837,,,1,30,,44214,13837,,,1,72,,44226,13837,,,1,30,,44229,13837,,,1,70,,44232,13837,,,1,27,,44215,13837,,,1,69,,44227,13837,,,1,30,,44230,13837,,,1,70,,44233,13837,,,1,31,,44216,13837,,,1,70,,44221,13837,,,1,31,,44238,13837,,,1,70,,44234,13837,,,1,31,,44217,13837,,,1,70,,44222,13837,,,1,30,,44239,13837,,,1,70,,44235,13837,,,1,30,,44242,13837,,,1,70,,44223,13837,,,1,30,,44240,13837,,,1,70,,44236,13837,,,1,25,,44209,13837,,,1,10,,44243,13837,,,1,60,,44224,13837,,,1,30,,44241,13837,,,1,70,,44237,13837,,,1,90,,44210,13837,,,1,100,,44218,13837,,,1,100,,44211,13837,,,1,97,,44219,13837,,,1,100,,44212,13837,,,1,100,,44220,13837,,,1
801,'F8',552,,23268,13837,,,1,70,,23280,13837,,,1,30,,23283,13837,,,1,70,,23286,13837,,,1,30,,23269,13837,,,1,72,,23281,13837,,,1,30,,23284,13837,,,1,70,,23287,13837,,,1,27,,23270,13837,,,1,69,,23282,13837,,,1,30,,23285,13837,,,1,70,,23288,13837,,,1,31,,23271,13837,,,1,70,,23276,13837,,,1,31,,23293,13837,,,1,70,,23289,13837,,,1,31,,23272,13837,,,1,70,,23277,13837,,,1,30,,23294,13837,,,1,70,,23290,13837,,,1,30,,23297,13837,,,1,70,,23278,13837,,,1,30,,23295,13837,,,1,70,,23291,13837,,,1,25,,23264,13837,,,1,10,,23298,13837,,,1,60,,23279,13837,,,1,30,,23296,13837,,,1,70,,23292,13837,,,1,90,,23265,13837,,,1,100,,23273,13837,,,1,100,,23266,13837,,,1,97,,23274,13837,,,1,100,,23267,13837,,,1,100,,23275,13837,,,1
801,'F9',552,,23299,13837,,,1,70,,23307,13837,,,1,30,,23314,13837,,,1,70,,23322,13837,,,1,30,,23300,13837,,,1,72,,23308,13837,,,1,30,,23315,13837,,,1,70,,23323,13837,,,1,29,,23301,13837,,,1,70,,23309,13837,,,1,30,,23316,13837,,,1,69,,23324,13837,,,1,30,,23302,13837,,,1,70,,23310,13837,,,1,30,,23317,13837,,,1,70,,23325,13837,,,1,31,,23303,13837,,,1,70,,23311,13837,,,1,31,,23318,13837,,,1,70,,23326,13837,,,1,29,,23320,13837,,,1,70,,23312,13837,,,1,30,,23329,13837,,,1,70,,23327,13837,,,1,19,,23319,13837,,,1,13,,23321,13837,,,1,70,,23313,13837,,,1,28,,23330,13837,,,1,70,,23328,13837,,,1,85,,23304,13837,,,1,100,,23331,13837,,,1,100,,23305,13837,,,1,99,,23332,13837,,,1,100,,23306,13837,,,1,99,,23333,13837,,,1
801,'SA',552,,23338,13837,,,1,70,,23350,13837,,,1,30,,23353,13837,,,1,70,,23356,13837,,,1,30,,23339,13837,,,1,72,,23351,13837,,,1,30,,23354,13837,,,1,70,,23357,13837,,,1,27,,23340,13837,,,1,69,,23352,13837,,,1,30,,23355,13837,,,1,70,,23358,13837,,,1,31,,23341,13837,,,1,70,,23346,13837,,,1,31,,23363,13837,,,1,70,,23359,13837,,,1,31,,23342,13837,,,1,70,,23347,13837,,,1,30,,23364,13837,,,1,70,,23360,13837,,,1,30,,2977,13837,,,1,70,,23348,13837,,,1,30,,23365,13837,,,1,70,,23361,13837,,,1,25,,23334,13837,,,1,10,,2978,13837,,,1,60,,23349,13837,,,1,30,,23366,13837,,,1,70,,23362,13837,,,1,90,,23335,13837,,,1,100,,23343,13837,,,1,100,,23336,13837,,,1,97,,23344,13837,,,1,100,,23337,13837,,,1,100,,23345,13837,,,1
801,'SE',518,,44283,13837,,,1,33,,44246,13837,,,1,67,,44285,13837,,,1,21,,44287,13837,,,1,20,,44290,13837,,,1,55,,44288,13837,,,1,8,,44250,13837,,,1,16,,44268,13837,,,1,7,,44295,13837,,,1,8,,44247,13837,,,1,49,,44289,13837,,,1,22,,44286,13837,,,1,19,,44261,13837,,,1,58,,44291,13837,,,1,14,,44282,13837,,,1,15,,44251,13837,,,1,14,,44269,13837,,,1,15,,44248,13837,,,1,57,,44272,13837,,,1,15,,44259,13837,,,1,14,,44262,13837,,,1,55,,44265,13837,,,1,16,,44305,13837,,,1,15,,44252,13837,,,1,15,,44270,13837,,,1,55,,44249,13837,,,1,15,,44273,13837,,,1,15,,44275,13837,,,1,16,,44254,13837,,,1,55,,44263,13837,,,1,15,,44292,13837,,,1,15,,44306,13837,,,1,15,,44303,13837,,,1,55,,44271,13837,,,1,15,,44244,13837,,,1,15,,44274,13837,,,1,18,,44260,13837,,,1,55,,44255,13837,,,1,13,,44307,13837,,,1,22,,44266,13837,,,1,11,,44293,13837,,,1,50,,44253,13837,,,1,14,,44297,13837,,,1,16,,44296,13837,,,1,17,,44245,13837,,,1,55,,44276,13837,,,1,13,,44279,13837,,,1,16,,44264,13837,,,1,15,,44300,13837,,,1,55,,44267,13837,,,1,13,,44294,13837,,,1,21,,44298,13837,,,1,21,,44299,13837,,,1,67,,44280,13837,,,1,28,,44301,13837,,,1,71,,44284,13837,,,1,28,,44256,13837,,,1,73,,44308,13837,,,1,27,,44302,13837,,,1,52,,44277,13837,,,1,20,,44281,13837,,,1,29,,44257,13837,,,1,60,,44304,13837,,,1,92,,44278,13837,,,1,100,,44258,13837,,,1
2801,'DI',941,,27810,7514,,,1,100,,27815,7514,,,1,100,,27813,7514,,,1,101,,27811,7514,,,1,100,,27812,7514,,,1,100,,27816,7514,,,1,98,,27819,7514,,,1,99,,27818,7514,,,1,96,,27817,7514,,,1,105,,27814,7514,,,1
2801,'F1',941,,45978,7514,,,1,100,,45983,7514,,,1,100,,45981,7514,,,1,101,,45979,7514,,,1,100,,45980,7514,,,1,100,,45984,7514,,,1,98,,45987,7514,,,1,99,,45986,7514,,,1,96,,45985,7514,,,1,105,,45982,7514,,,1
2801,'F2',941,,45995,7514,,,1,100,,45990,7514,,,1,100,,45988,7514,,,1,101,,45992,7514,,,1,100,,45991,7514,,,1,100,,45993,7514,,,1,98,,45989,7514,,,1,96,,45997,7514,,,1,99,,45996,7514,,,1,105,,45994,7514,,,1
2801,'F8',941,,27885,7514,,,1,100,,27880,7514,,,1,100,,27878,7514,,,1,101,,27882,7514,,,1,100,,27881,7514,,,1,100,,27883,7514,,,1,98,,27879,7514,,,1,96,,27887,7514,,,1,99,,27886,7514,,,1,105,,27884,7514,,,1
2801,'F9',941,,27888,7514,,,1,100,,27893,7514,,,1,100,,27891,7514,,,1,101,,27889,7514,,,1,100,,27890,7514,,,1,100,,27894,7514,,,1,98,,27897,7514,,,1,99,,27896,7514,,,1,96,,27895,7514,,,1,105,,27892,7514,,,1
2801,'SA',941,,27904,7514,,,1,100,,27900,7514,,,1,100,,27898,7514,,,1,101,,27901,7514,,,1,100,,7052,7514,,,1,100,,27902,7514,,,1,98,,27899,7514,,,1,96,,27906,7514,,,1,99,,27905,7514,,,1,105,,27903,7514,,,1
2801,'SE',650,,46024,7514,,,1,60,,46030,9223,,,1,21,,46025,7514,,,1,19,,46031,9223,,,1,69,,46035,9223,,,1,21,,46019,7514,,,1,16,,46029,9223,,,1,68,,46023,7514,,,1,29,,46009,7514,,,1,70,,46001,7514,,,1,30,,46005,7514,,,1,70,,46010,7514,,,1,30,,46002,7514,,,1,70,,46006,7514,,,1,30,,46011,7514,,,1,70,,46003,7514,,,1,30,,46007,7514,,,1,71,,46012,7514,,,1,30,,46004,7514,,,1,61,,46013,7514,,,1,12,,46008,7514,,,1,17,,46015,7514,,,1,10,,46032,9223,,,1,57,,45999,7514,,,1,13,,46017,7514,,,1,15,,46021,7514,,,1,18,,46034,9223,,,1,53,,46014,7514,,,1,16,,46016,7514,,,1,13,,46033,9223,,,1,18,,46018,7514,,,1,54,,46020,7514,,,1,22,,46026,7514,,,1,21,,45998,7514,,,1,63,,46022,7514,,,1,100,,46000,7514,,,1,100,,46027,7514,,,1,100,,46028,7514,,,1
8801,'DI',639,,36910,13109,,,1,70,,36915,13109,,,1,30,,36921,13109,,,1,70,,36931,13109,,,1,30,,36911,13109,,,1,70,,36916,13109,,,1,30,,36922,13109,,,1,69,,36932,13109,,,1,29,,36912,13109,,,1,70,,36917,13109,,,1,30,,36923,13109,,,1,70,,36933,13109,,,1,30,,36913,13109,,,1,70,,36918,13109,,,1,30,,36924,13109,,,1,71,,36934,13109,,,1,30,,36914,13109,,,1,71,,36919,13109,,,1,30,,36925,13109,,,1,69,,15257,13109,,,1,30,,36926,13109,,,1,70,,36920,13109,,,1,30,,36935,13109,,,1,72,,15258,13109,,,1,22,,36927,13109,,,1,106,,36936,13109,,,1,100,,36928,13109,,,1,100,,36937,13109,,,1,99,,36929,13109,,,1,100,,36938,13109,,,1,99,,36930,13109,,,1
8801,'F1',639,,49632,13109,,,1,70,,49637,13109,,,1,30,,49643,13109,,,1,70,,49653,13109,,,1,30,,49633,13109,,,1,70,,49638,13109,,,1,30,,49644,13109,,,1,69,,49654,13109,,,1,29,,49634,13109,,,1,70,,49639,13109,,,1,30,,49645,13109,,,1,70,,49655,13109,,,1,30,,49635,13109,,,1,70,,49640,13109,,,1,30,,49646,13109,,,1,71,,49656,13109,,,1,30,,49636,13109,,,1,71,,49641,13109,,,1,30,,49647,13109,,,1,69,,49630,13109,,,1,30,,49648,13109,,,1,70,,49642,13109,,,1,30,,49657,13109,,,1,72,,49631,13109,,,1,22,,49649,13109,,,1,106,,49658,13109,,,1,100,,49650,13109,,,1,100,,49659,13109,,,1,99,,49651,13109,,,1,100,,49660,13109,,,1,99,,49652,13109,,,1
8801,'F2',637,,49664,13109,,,1,70,,49663,13109,,,1,30,,49685,13109,,,1,69,,49676,13109,,,1,30,,49665,13109,,,1,70,,49689,13109,,,1,32,,49686,13109,,,1,67,,49677,13109,,,1,30,,49669,13109,,,1,69,,49690,13109,,,1,30,,49687,13109,,,1,71,,49678,13109,,,1,30,,49670,13109,,,1,71,,49682,13109,,,1,28,,49666,13109,,,1,71,,49679,13109,,,1,30,,49671,13109,,,1,70,,49683,13109,,,1,30,,49667,13109,,,1,70,,49661,13109,,,1,30,,49672,13109,,,1,71,,49684,13109,,,1,28,,49668,13109,,,1,72,,49662,13109,,,1,21,,49691,13109,,,1,109,,49680,13109,,,1,100,,49673,13109,,,1,100,,49681,13109,,,1,100,,49674,13109,,,1,96,,49688,13109,,,1,100,,49675,13109,,,1
8801,'F8',637,,37048,13109,,,1,70,,37047,13109,,,1,30,,37069,13109,,,1,69,,37060,13109,,,1,30,,37049,13109,,,1,70,,37073,13109,,,1,32,,37070,13109,,,1,67,,37061,13109,,,1,30,,37053,13109,,,1,69,,37074,13109,,,1,30,,37071,13109,,,1,71,,37062,13109,,,1,30,,37054,13109,,,1,71,,37066,13109,,,1,28,,37050,13109,,,1,71,,37063,13109,,,1,30,,37055,13109,,,1,70,,37067,13109,,,1,30,,37051,13109,,,1,70,,37045,13109,,,1,30,,37056,13109,,,1,71,,37068,13109,,,1,28,,37052,13109,,,1,72,,37046,13109,,,1,21,,37075,13109,,,1,109,,37064,13109,,,1,100,,37057,13109,,,1,100,,37065,13109,,,1,100,,37058,13109,,,1,96,,37072,13109,,,1,100,,37059,13109,,,1
8801,'F9',639,,37078,13109,,,1,70,,37083,13109,,,1,30,,37089,13109,,,1,70,,37099,13109,,,1,30,,37079,13109,,,1,70,,37084,13109,,,1,30,,37090,13109,,,1,69,,37100,13109,,,1,29,,37080,13109,,,1,70,,37085,13109,,,1,30,,37091,13109,,,1,70,,37101,13109,,,1,30,,37081,13109,,,1,70,,37086,13109,,,1,30,,37092,13109,,,1,71,,37102,13109,,,1,30,,37082,13109,,,1,71,,37087,13109,,,1,30,,37093,13109,,,1,69,,37076,13109,,,1,30,,37094,13109,,,1,70,,37088,13109,,,1,30,,37103,13109,,,1,72,,37077,13109,,,1,22,,37095,13109,,,1,106,,37104,13109,,,1,100,,37096,13109,,,1,100,,37105,13109,,,1,99,,37097,13109,,,1,100,,37106,13109,,,1,99,,37098,13109,,,1
8801,'SA',637,,37110,13109,,,1,70,,37109,13109,,,1,30,,37131,13109,,,1,69,,37122,13109,,,1,30,,37111,13109,,,1,70,,37134,13109,,,1,32,,37132,13109,,,1,67,,37123,13109,,,1,30,,37115,13109,,,1,69,,37135,13109,,,1,30,,37133,13109,,,1,71,,37124,13109,,,1,30,,37116,13109,,,1,71,,37128,13109,,,1,28,,37112,13109,,,1,71,,37125,13109,,,1,30,,37117,13109,,,1,70,,37129,13109,,,1,30,,37113,13109,,,1,70,,37107,13109,,,1,30,,37118,13109,,,1,71,,37130,13109,,,1,28,,37114,13109,,,1,72,,37108,13109,,,1,21,,37136,13109,,,1,109,,37126,13109,,,1,100,,37119,13109,,,1,100,,37127,13109,,,1,100,,37120,13109,,,1,96,,15458,13109,,,1,100,,37121,13109,,,1
8801,'SE',634,,49700,13109,,,1,20,,49692,13109,,,1,50,,49714,13109,,,1,14,,49719,13109,,,1,8,,49702,13109,,,1,15,,49721,13109,,,1,15,,49720,13109,,,1,50,,49693,13109,,,1,6,,49710,13109,,,1,18,,49718,13109,,,1,18,,49708,13109,,,1,60,,49732,13109,,,1,30,,49734,13109,,,1,70,,49733,13109,,,1,30,,49697,13109,,,1,70,,49727,13109,,,1,30,,49728,13109,,,1,70,,49694,13109,,,1,30,,49699,13109,,,1,70,,49703,13109,,,1,30,,49696,13109,,,1,70,,49695,13109,,,1,33,,49705,13109,,,1,69,,49701,13109,,,1,20,,49713,13109,,,1,20,,49730,13109,,,1,58,,49722,13109,,,1,12,,49704,13109,,,1,15,,49711,13109,,,1,19,,49715,13109,,,1,53,,49709,13109,,,1,15,,49698,13109,,,1,14,,49736,13109,,,1,16,,49735,13109,,,1,54,,49731,13109,,,1,16,,49723,13109,,,1,17,,49712,13109,,,1,67,,49716,13109,,,1,32,,49737,13109,,,1,70,,49706,13109,,,1,28,,49729,13109,,,1,70,,49717,13109,,,1,30,,49707,13109,,,1,101,,49724,13109,,,1,98,,49726,13109,,,1,100,,49725,13109,,,1
