1400,'SE',645,,24292,16809,,,1,57,,24287,16809,,,1,26,,24288,16809,,,1,14,,24291,16809,,,1,17,,24294,16809,,,1,58,,24293,16809,,,1,30,,24289,16809,,,1,60,,24290,16809,,,1,52,,24302,14562,,,1,100,,24305,14562,,,1,100,,24306,14562,,,1,100,,24295,14562,,,1,100,,24298,14562,,,1,100,,24297,14562,,,1,152,,24301,14562,,,1,13,,3826,14562,,,1,18,,24308,14562,,,1,15,,24307,14562,,,1,61,,24303,14562,,,1,17,,24300,14562,,,1,21,,24296,14562,,,1,58,,24304,14562,,,1,29,,24299,14562,,,1
4101,'DI',739,,29270,6421,,,1,100,,29274,6421,,,1,101,,29264,6421,,,1,100,,29260,6421,,,1,100,,29271,6421,,,1,100,,29261,6421,,,1,101,,29272,6421,,,1,100,,29265,6421,,,1,100,,29257,6421,,,1,102,,29262,6421,,,1,98,,29266,6421,,,1,100,,29258,6421,,,1,99,,29267,6421,,,1,100,,29259,6421,,,1,100,,29263,6421,,,1,99,,29268,6421,,,1,100,,29273,6421,,,1,100,,29269,6421,,,1,100,,29275,6421,,,1
4101,'F8',739,,29343,6421,,,1,100,,29356,6421,,,1,101,,29344,6421,,,1,101,,29349,6421,,,1,99,,29357,6421,,,1,100,,29350,6421,,,1,101,,29345,6421,,,1,100,,29351,6421,,,1,100,,29346,6421,,,1,100,,29342,6421,,,1,100,,29347,6421,,,1,100,,29340,6421,,,1,99,,29352,6421,,,1,100,,29341,6421,,,1,100,,29358,6421,,,1,99,,29353,6421,,,1,100,,29348,6421,,,1,100,,29354,6421,,,1,100,,29355,6421,,,1
4101,'F9',739,,29372,6421,,,1,100,,29376,6421,,,1,101,,29366,6421,,,1,100,,29362,6421,,,1,100,,29373,6421,,,1,100,,29363,6421,,,1,101,,29374,6421,,,1,100,,29367,6421,,,1,100,,29359,6421,,,1,102,,29364,6421,,,1,98,,29368,6421,,,1,100,,29360,6421,,,1,99,,29369,6421,,,1,100,,29361,6421,,,1,100,,29365,6421,,,1,99,,29370,6421,,,1,100,,29375,6421,,,1,100,,29371,6421,,,1,100,,29377,6421,,,1
4101,'SA',739,,29381,6421,,,1,100,,29394,6421,,,1,101,,29382,6421,,,1,101,,29387,6421,,,1,99,,29395,6421,,,1,100,,29388,6421,,,1,101,,29383,6421,,,1,100,,29389,6421,,,1,100,,29384,6421,,,1,100,,29380,6421,,,1,100,,29385,6421,,,1,100,,29378,6421,,,1,99,,29390,6421,,,1,100,,29379,6421,,,1,100,,29396,6421,,,1,99,,29391,6421,,,1,100,,29386,6421,,,1,100,,29392,6421,,,1,100,,29393,6421,,,1
4101,'SE',710,,29397,6421,,,1,30,,29414,6421,,,1,70,,29408,6421,,,1,35,,29409,6421,,,1,65,,29415,6421,,,1,30,,29416,6421,,,1,100,,29411,6421,,,1,100,,29417,6421,,,1,100,,29412,6421,,,1,100,,29401,6421,,,1,101,,29420,6421,,,1,74,,29421,6421,,,1,25,,29418,6421,,,1,68,,29404,6421,,,1,38,,29410,6421,,,1,66,,29399,6421,,,1,28,,29402,6421,,,1,71,,29422,6421,,,1,29,,29407,6421,,,1,100,,29398,6421,,,1,99,,29413,6421,,,1,100,,29400,6421,,,1,100,,29405,6421,,,1,100,,29419,6421,,,1,100,,29406,6421,,,1,100,,29403,6421,,,1
21401,'DI',834,,39064,3446,,,1,100,,39065,3446,,,1,100,,39066,3446,,,1,100,,39067,3446,,,1,100,,39068,3446,,,1,100,,39069,3446,,,1,100,,39070,3446,,,1,100,,39071,3446,,,1,100,,39072,3446,,,1,100,,39073,3446,,,1
21401,'F8',834,,39088,3446,,,1,100,,39089,3446,,,1,100,,39090,3446,,,1,100,,39091,3446,,,1,100,,39092,3446,,,1,100,,39093,3446,,,1,100,,39094,3446,,,1,100,,39095,3446,,,1,100,,39096,3446,,,1,100,,39097,3446,,,1
21401,'F9',834,,39098,3446,,,1,100,,39099,3446,,,1,100,,39100,3446,,,1,100,,39101,3446,,,1,100,,39102,3446,,,1,100,,39103,3446,,,1,100,,39104,3446,,,1,100,,39105,3446,,,1,100,,39106,3446,,,1,100,,39107,3446,,,1
21401,'SA',834,,39108,3446,,,1,100,,39109,3446,,,1,100,,39110,3446,,,1,100,,39111,3446,,,1,100,,39112,3446,,,1,100,,39113,3446,,,1,100,,39114,3446,,,1,100,,39115,3446,,,1,100,,39116,3446,,,1,100,,39117,3446,,,1
61400,'SE',1719,,40775,12620,,,2
