1600,'DI',538,,24753,9116,4,,2,100,,24754,9116,4,,2,70,,24745,9116,4,,2,30,,24755,9116,4,,2,70,,24746,9116,4,,2,30,,24756,9116,4,,2,70,,24747,9116,4,,2,30,,24757,9116,4,,2,70,,24748,9116,4,,2,30,,24758,9116,4,,2,70,,24749,9116,4,,2,30,,24759,9116,4,,2,68,,24750,9116,4,,2,32,,24760,9116,4,,2,73,,24751,9116,4,,2,27,,24761,9116,4,,2,70,,24752,9116,4,,2,30,,24762,9116,4,,2,70,,24764,9116,4,,2,30,,24763,9116,4,,2,70,,24765,9116,4,,2,30,,24768,9116,4,,2,70,,24766,9116,4,,2,30,,24769,9116,4,,2,71,,24767,9116,4,,2,29,,24770,9116,4,,2,100,,24771,9116,4,,2,100,,24772,9116,4,,2,100,,24773,9116,4,,2,100,,24774,9116,4,,2,100,,24775,9116,4,,2,100,,24776,9116,4,,2,100,,24777,9116,4,,2
1600,'F8',538,,24911,9116,4,,2,100,,24912,9116,4,,2,68,,24915,9116,4,,2,32,,24913,9116,4,,2,70,,24916,9116,4,,2,30,,24914,9116,4,,2,70,,24917,9116,4,,2,30,,24935,9116,4,,2,70,,24918,9116,4,,2,30,,24936,9116,4,,2,70,,24919,9116,4,,2,30,,24937,9116,4,,2,70,,24920,9116,4,,2,30,,24938,9116,4,,2,70,,24926,9116,4,,2,30,,24906,9116,4,,2,70,,24927,9116,4,,2,30,,24907,9116,4,,2,70,,24928,9116,4,,2,30,,24908,9116,4,,2,70,,24929,9116,4,,2,30,,24909,9116,4,,2,67,,24930,9116,4,,2,33,,24910,9116,4,,2,75,,24934,9116,4,,2,25,,24921,9116,4,,2,100,,24922,9116,4,,2,100,,24923,9116,4,,2,100,,24924,9116,4,,2,100,,24925,9116,4,,2,100,,24931,9116,4,,2,100,,24932,9116,4,,2,100,,24933,9116,4,,2
1600,'F9',538,,24947,9116,4,,2,100,,24948,9116,4,,2,70,,24939,9116,4,,2,30,,24949,9116,4,,2,70,,24940,9116,4,,2,30,,24950,9116,4,,2,70,,24941,9116,4,,2,30,,24951,9116,4,,2,70,,24942,9116,4,,2,30,,24952,9116,4,,2,70,,24943,9116,4,,2,30,,24953,9116,4,,2,68,,24944,9116,4,,2,32,,24954,9116,4,,2,73,,24945,9116,4,,2,27,,24955,9116,4,,2,70,,24946,9116,4,,2,30,,24956,9116,4,,2,70,,24958,9116,4,,2,30,,24957,9116,4,,2,70,,24959,9116,4,,2,30,,24962,9116,4,,2,70,,24960,9116,4,,2,30,,24963,9116,4,,2,71,,24961,9116,4,,2,29,,24964,9116,4,,2,100,,24965,9116,4,,2,100,,24966,9116,4,,2,100,,24967,9116,4,,2,100,,24968,9116,4,,2,100,,24969,9116,4,,2,100,,24970,9116,4,,2,100,,24971,9116,4,,2
1600,'SA',538,,24977,9116,4,,2,100,,24978,9116,4,,2,68,,24981,9116,4,,2,32,,24979,9116,4,,2,70,,24982,9116,4,,2,30,,24980,9116,4,,2,70,,24983,9116,4,,2,30,,25001,9116,4,,2,70,,24984,9116,4,,2,30,,25002,9116,4,,2,70,,24985,9116,4,,2,30,,25003,9116,4,,2,70,,24986,9116,4,,2,30,,25004,9116,4,,2,70,,24992,9116,4,,2,30,,24972,9116,4,,2,70,,24993,9116,4,,2,30,,24973,9116,4,,2,70,,24994,9116,4,,2,30,,24974,9116,4,,2,70,,24995,9116,4,,2,30,,24975,9116,4,,2,67,,24996,9116,4,,2,33,,24976,9116,4,,2,75,,25000,9116,4,,2,25,,24987,9116,4,,2,100,,24988,9116,4,,2,100,,24989,9116,4,,2,100,,24990,9116,4,,2,100,,24991,9116,4,,2,100,,24997,9116,4,,2,100,,24998,9116,4,,2,100,,24999,9116,4,,2
1600,'SE',506,,25044,9116,4,,2,30,,25049,9116,4,,2,15,,25017,9116,4,,2,57,,25006,9116,4,,2,15,,25060,9116,4,,2,13,,25050,9116,4,,2,12,,25010,9116,4,,2,10,,25054,9116,4,,2,46,,25061,9116,4,,2,8,,4471,9116,4,,2,6,,25031,9116,4,,2,5,,25007,9116,4,,2,5,,25055,9116,4,,2,3,,25015,9116,4,,2,6,,25009,9116,4,,2,11,,25008,9116,4,,2,10,,25011,9116,4,,2,50,,25030,9116,4,,2,9,,25062,9116,4,,2,15,,25032,9116,4,,2,13,,25016,9116,4,,2,65,,25005,9116,4,,2,30,,25045,9116,4,,2,70,,25020,9116,4,,2,30,,25018,9116,4,,2,70,,25057,9116,4,,2,30,,25051,9116,4,,2,70,,25046,9116,4,,2,30,,25019,9116,4,,2,70,,25013,9116,4,,2,30,,25047,9116,4,,2,70,,25021,9116,4,,2,30,,25063,9116,4,,2,19,,25033,9116,4,,2,60,,25022,9116,4,,2,15,,25048,9116,4,,2,15,,25064,9116,4,,2,55,,25058,9116,4,,2,15,,25014,9116,4,,2,12,,25065,9116,4,,2,12,,25038,9116,4,,2,12,,25043,9116,4,,2,52,,25053,9116,4,,2,12,,25012,9116,4,,2,12,,25037,9116,4,,2,12,,25035,9116,4,,2,12,,25039,9116,4,,2,49,,25056,9116,4,,2,13,,25059,9116,4,,2,14,,25034,9116,4,,2,20,,25036,9116,4,,2,60,,25052,9116,4,,2,29,,25023,9116,4,,2,70,,25040,9116,4,,2,28,,25024,9116,4,,2,70,,25041,9116,4,,2,30,,25025,9116,4,,2,70,,25042,9116,4,,2,30,,25026,9116,4,,2,100,,25027,9116,4,,2,100,,25028,9116,4,,2,97,,25029,9116,4,,2
1601,'DI',538,,25074,0,,,2,100,,25075,0,,,2,70,,25066,0,,,2,30,,25076,0,,,2,70,,25067,0,,,2,30,,25077,0,,,2,70,,25068,0,,,2,30,,25078,0,,,2,70,,25069,0,,,2,30,,25079,0,,,2,70,,25070,0,,,2,30,,25080,0,,,2,68,,25071,0,,,2,32,,25081,0,,,2,73,,25072,0,,,2,27,,25082,0,,,2,70,,25073,0,,,2,30,,25083,0,,,2,70,,25085,0,,,2,30,,25084,0,,,2,70,,25086,0,,,2,30,,25088,0,,,2,70,,25087,0,,,2,30,,25089,0,,,2,100,,25090,0,,,2,100,,25091,0,,,2,100,,25092,0,,,2,100,,25093,0,,,2,100,,25094,0,,,2,100,,25095,0,,,2,100,,25096,0,,,2
1601,'F8',538,,25220,0,,,2,100,,25221,0,,,2,68,,25224,0,,,2,32,,25222,0,,,2,70,,25225,0,,,2,30,,25223,0,,,2,70,,25226,0,,,2,30,,25242,0,,,2,70,,25227,0,,,2,30,,25243,0,,,2,70,,25228,0,,,2,30,,25244,0,,,2,70,,25229,0,,,2,30,,25245,0,,,2,70,,25235,0,,,2,30,,25215,0,,,2,70,,25236,0,,,2,30,,25216,0,,,2,70,,25237,0,,,2,30,,25217,0,,,2,70,,25238,0,,,2,30,,25218,0,,,2,67,,25239,0,,,2,33,,25219,0,,,2,100,,25230,0,,,2,100,,25231,0,,,2,100,,25232,0,,,2,100,,25233,0,,,2,100,,25234,0,,,2,100,,25240,0,,,2,100,,25241,0,,,2
1601,'F9',538,,25254,0,,,2,100,,25255,0,,,2,70,,25246,0,,,2,30,,25256,0,,,2,70,,25247,0,,,2,30,,25257,0,,,2,70,,25248,0,,,2,30,,25258,0,,,2,70,,25249,0,,,2,30,,25259,0,,,2,70,,25250,0,,,2,30,,25260,0,,,2,68,,25251,0,,,2,32,,25261,0,,,2,73,,25252,0,,,2,27,,25262,0,,,2,70,,25253,0,,,2,30,,25263,0,,,2,70,,25265,0,,,2,30,,25264,0,,,2,70,,25266,0,,,2,30,,25268,0,,,2,70,,25267,0,,,2,30,,25269,0,,,2,100,,25270,0,,,2,100,,25271,0,,,2,100,,25272,0,,,2,100,,25273,0,,,2,100,,25274,0,,,2,100,,25275,0,,,2,100,,25276,0,,,2
1601,'SA',538,,25282,0,,,2,100,,25283,0,,,2,68,,25286,0,,,2,32,,25284,0,,,2,70,,25287,0,,,2,30,,25285,0,,,2,70,,25288,0,,,2,30,,25304,0,,,2,70,,25289,0,,,2,30,,25305,0,,,2,70,,25290,0,,,2,30,,25306,0,,,2,70,,25291,0,,,2,30,,25307,0,,,2,70,,25297,0,,,2,30,,25277,0,,,2,70,,25298,0,,,2,30,,25278,0,,,2,70,,25299,0,,,2,30,,25279,0,,,2,70,,25300,0,,,2,30,,25280,0,,,2,67,,25301,0,,,2,33,,25281,0,,,2,100,,25292,0,,,2,100,,25293,0,,,2,100,,25294,0,,,2,100,,25295,0,,,2,100,,25296,0,,,2,100,,25302,0,,,2,100,,25303,0,,,2
1601,'SE',506,,25342,0,,,2,30,,25347,0,,,2,15,,25320,0,,,2,57,,25309,0,,,2,15,,25357,0,,,2,13,,25348,0,,,2,12,,25313,0,,,2,10,,25352,0,,,2,46,,25358,0,,,2,8,,4744,0,,,2,6,,25333,0,,,2,5,,25310,0,,,2,5,,25353,0,,,2,3,,25318,0,,,2,6,,25312,0,,,2,11,,25311,0,,,2,10,,25314,0,,,2,50,,25332,0,,,2,9,,25359,0,,,2,15,,25334,0,,,2,13,,25319,0,,,2,65,,25308,0,,,2,30,,25343,0,,,2,70,,25323,0,,,2,30,,25321,0,,,2,70,,25355,0,,,2,30,,25349,0,,,2,70,,25344,0,,,2,30,,25322,0,,,2,70,,25316,0,,,2,30,,25345,0,,,2,70,,25324,0,,,2,30,,25360,0,,,2,19,,25335,0,,,2,60,,25325,0,,,2,15,,25346,0,,,2,15,,25361,0,,,2,55,,25356,0,,,2,15,,25317,0,,,2,12,,25362,0,,,2,12,,25338,0,,,2,12,,25341,0,,,2,52,,25351,0,,,2,12,,25315,0,,,2,24,,25337,0,,,2,61,,25354,0,,,2,27,,25336,0,,,2,80,,25350,0,,,2,29,,25326,0,,,2,70,,25339,0,,,2,28,,25327,0,,,2,70,,25340,0,,,2,30,,25328,0,,,2,100,,25329,0,,,2,100,,25330,0,,,2,100,,25331,0,,,2
61600,'SE',1509,,40778,5101,4,,2,1,,40779,5101,4,,2
