401,'DI',617,,52484,20587,,,1,30,,52500,20587,,,1,70,,52493,20587,,,1,30,,52491,20587,,,1,70,,52485,20587,,,1,30,,52501,20587,,,1,72,,52494,20587,,,1,30,,52504,20587,,,1,70,,52486,20587,,,1,30,,52502,20587,,,1,70,,52495,20587,,,1,30,,52505,20587,,,1,70,,52487,20587,,,1,30,,52511,20587,,,1,70,,52509,20587,,,1,30,,52506,20587,,,1,71,,52488,20587,,,1,29,,52507,20587,,,1,70,,52512,20587,,,1,30,,52496,20587,,,1,72,,52489,20587,,,1,29,,52508,20587,,,1,70,,52513,20587,,,1,34,,52497,20587,,,1,65,,52498,20587,,,1,30,,52514,20587,,,1,70,,52510,20587,,,1,30,,52515,20587,,,1,71,,52499,20587,,,1,29,,52492,20587,,,1,70,,52516,20587,,,1,30,,52518,20587,,,1,100,,52517,20587,,,1,100,,52490,20587,,,1,100,,52503,20587,,,1
401,'F1',617,,52519,20587,,,1,30,,52535,20587,,,1,70,,52528,20587,,,1,30,,52526,20587,,,1,70,,52520,20587,,,1,30,,52536,20587,,,1,72,,52529,20587,,,1,30,,52539,20587,,,1,70,,52521,20587,,,1,30,,52537,20587,,,1,70,,52530,20587,,,1,30,,52540,20587,,,1,70,,52522,20587,,,1,30,,52546,20587,,,1,70,,52544,20587,,,1,30,,52541,20587,,,1,71,,52523,20587,,,1,29,,52542,20587,,,1,70,,52547,20587,,,1,30,,52531,20587,,,1,72,,52524,20587,,,1,29,,52543,20587,,,1,70,,52548,20587,,,1,34,,52532,20587,,,1,65,,52533,20587,,,1,30,,52549,20587,,,1,70,,52545,20587,,,1,30,,52550,20587,,,1,71,,52534,20587,,,1,29,,52527,20587,,,1,70,,52551,20587,,,1,30,,52553,20587,,,1,100,,52552,20587,,,1,100,,52525,20587,,,1,100,,52538,20587,,,1
401,'F2',617,,52573,20587,,,1,30,,52557,20587,,,1,70,,52561,20587,,,1,30,,52555,20587,,,1,70,,52574,20587,,,1,30,,52558,20587,,,1,72,,52562,20587,,,1,30,,52556,20587,,,1,70,,52575,20587,,,1,30,,52559,20587,,,1,70,,52563,20587,,,1,30,,52580,20587,,,1,70,,52578,20587,,,1,32,,52554,20587,,,1,70,,52565,20587,,,1,30,,52571,20587,,,1,70,,52566,20587,,,1,30,,52582,20587,,,1,70,,52560,20587,,,1,30,,52579,20587,,,1,70,,52576,20587,,,1,30,,52572,20587,,,1,70,,52568,20587,,,1,30,,52570,20587,,,1,70,,52583,20587,,,1,28,,52567,20587,,,1,70,,52586,20587,,,1,30,,52584,20587,,,1,70,,52585,20587,,,1,30,,52577,20587,,,1,70,,52587,20587,,,1,30,,52588,20587,,,1,100,,52581,20587,,,1,100,,52569,20587,,,1,100,,52564,20587,,,1
401,'SA',617,,52608,20587,,,1,30,,52592,20587,,,1,70,,52596,20587,,,1,30,,52590,20587,,,1,70,,52609,20587,,,1,30,,52593,20587,,,1,72,,52597,20587,,,1,30,,52591,20587,,,1,70,,52610,20587,,,1,30,,52594,20587,,,1,70,,52598,20587,,,1,30,,52615,20587,,,1,70,,52613,20587,,,1,32,,52589,20587,,,1,70,,52600,20587,,,1,30,,52606,20587,,,1,70,,52601,20587,,,1,30,,52617,20587,,,1,70,,52595,20587,,,1,30,,52614,20587,,,1,70,,52611,20587,,,1,30,,52607,20587,,,1,70,,52603,20587,,,1,30,,52605,20587,,,1,70,,52618,20587,,,1,28,,52602,20587,,,1,70,,52621,20587,,,1,30,,52619,20587,,,1,70,,52620,20587,,,1,30,,52612,20587,,,1,70,,52622,20587,,,1,30,,52623,20587,,,1,100,,52616,20587,,,1,100,,52604,20587,,,1,100,,52599,20587,,,1
401,'SE',622,,52638,20587,,,1,22,,52634,20587,,,1,58,,52647,20587,,,1,21,,52625,20587,,,1,36,,52656,20587,,,1,73,,52643,20587,,,1,73,,52653,20587,,,1,30,,52652,20587,,,1,70,,52630,20587,,,1,30,,52637,20587,,,1,70,,52657,20587,,,1,30,,52636,20587,,,1,70,,52635,20587,,,1,30,,52626,20587,,,1,74,,52645,20587,,,1,32,,52662,20587,,,1,70,,52648,20587,,,1,30,,52629,20587,,,1,66,,52624,20587,,,1,34,,52632,20587,,,1,15,,52649,20587,,,1,63,,52633,20587,,,1,25,,52639,20587,,,1,59,,52627,20587,,,1,20,,52655,20587,,,1,23,,52644,20587,,,1,13,,52659,20587,,,1,60,,52661,20587,,,1,24,,52640,20587,,,1,14,,52651,20587,,,1,67,,52628,20587,,,1,30,,52660,20587,,,1,67,,52646,20587,,,1,27,,52658,20587,,,1,70,,52641,20587,,,1,30,,52654,20587,,,1,70,,52663,20587,,,1,100,,52650,20587,,,1,96,,52631,20587,,,1,100,,52642,20587,,,1
2100,'DI',530,,55630,14239,,,1,70,,55629,14239,,,1,30,,55641,14239,,,1,29,,55638,14239,,,1,70,,55648,14239,,,1,30,,55637,14239,,,1,71,,55645,14239,,,1,70,,55662,14239,,,1,30,,55635,14239,,,1,27,,55639,14239,,,1,73,,55642,14239,,,1,70,,55650,14239,,,1,32,,55640,14239,,,1,69,,55658,14239,,,1,31,,55631,14239,,,1,70,,55656,14239,,,1,30,,55649,14239,,,1,70,,55646,14239,,,1,30,,55654,14239,,,1,70,,55657,14239,,,1,30,,55643,14239,,,1,70,,55655,14239,,,1,30,,55632,14239,,,1,70,,55647,14239,,,1,30,,55661,14239,,,1,70,,55653,14239,,,1,30,,55651,14239,,,1,68,,55625,14239,,,1,30,,55644,14239,,,1,70,,55660,14239,,,1,30,,55633,14239,,,1,70,,55659,14239,,,1,30,,55622,14239,,,1,70,,55624,14239,,,1,30,,55652,14239,,,1,70,,55634,14239,,,1,30,,55627,14239,,,1,70,,55626,14239,,,1,30,,55628,14239,,,1,70,,55623,14239,,,1,30,,55636,14239,,,1
2100,'F1',530,,55671,14239,,,1,70,,55670,14239,,,1,30,,55682,14239,,,1,29,,55679,14239,,,1,70,,55689,14239,,,1,30,,55678,14239,,,1,71,,55686,14239,,,1,70,,55703,14239,,,1,30,,55676,14239,,,1,27,,55680,14239,,,1,73,,55683,14239,,,1,70,,55691,14239,,,1,32,,55681,14239,,,1,69,,55699,14239,,,1,31,,55672,14239,,,1,70,,55697,14239,,,1,30,,55690,14239,,,1,70,,55687,14239,,,1,30,,55695,14239,,,1,70,,55698,14239,,,1,30,,55684,14239,,,1,70,,55696,14239,,,1,30,,55673,14239,,,1,70,,55688,14239,,,1,30,,55702,14239,,,1,70,,55694,14239,,,1,30,,55692,14239,,,1,68,,55666,14239,,,1,30,,55685,14239,,,1,70,,55701,14239,,,1,30,,55674,14239,,,1,70,,55700,14239,,,1,30,,55663,14239,,,1,70,,55665,14239,,,1,30,,55693,14239,,,1,70,,55675,14239,,,1,30,,55668,14239,,,1,70,,55667,14239,,,1,30,,55669,14239,,,1,70,,55664,14239,,,1,30,,55677,14239,,,1
2100,'F2',530,,55706,14239,,,1,70,,55708,14239,,,1,30,,55738,14239,,,1,70,,55707,14239,,,1,30,,55728,14239,,,1,70,,55719,14239,,,1,30,,55709,14239,,,1,70,,55739,14239,,,1,30,,55734,14239,,,1,25,,55731,14239,,,1,71,,55723,14239,,,1,74,,55726,14239,,,1,33,,55732,14239,,,1,25,,55740,14239,,,1,74,,55716,14239,,,1,70,,55743,14239,,,1,30,,55735,14239,,,1,70,,55727,14239,,,1,30,,55710,14239,,,1,70,,55744,14239,,,1,30,,55736,14239,,,1,70,,55722,14239,,,1,30,,55711,14239,,,1,70,,55729,14239,,,1,30,,55737,14239,,,1,70,,55715,14239,,,1,30,,55712,14239,,,1,68,,55730,14239,,,1,30,,55741,14239,,,1,70,,55733,14239,,,1,30,,55704,14239,,,1,70,,55724,14239,,,1,30,,55713,14239,,,1,70,,55717,14239,,,1,30,,55720,14239,,,1,70,,55705,14239,,,1,30,,55742,14239,,,1,70,,55725,14239,,,1,30,,55721,14239,,,1,70,,55714,14239,,,1,29,,55718,14239,,,1
2100,'SA',530,,55747,14239,,,1,70,,55749,14239,,,1,30,,55779,14239,,,1,70,,55748,14239,,,1,30,,55769,14239,,,1,70,,55760,14239,,,1,30,,55750,14239,,,1,70,,55780,14239,,,1,30,,55775,14239,,,1,25,,55772,14239,,,1,71,,55764,14239,,,1,74,,55767,14239,,,1,33,,55773,14239,,,1,25,,55781,14239,,,1,74,,55757,14239,,,1,70,,55784,14239,,,1,30,,55776,14239,,,1,70,,55768,14239,,,1,30,,55751,14239,,,1,70,,55785,14239,,,1,30,,55777,14239,,,1,70,,55763,14239,,,1,30,,55752,14239,,,1,70,,55770,14239,,,1,30,,55778,14239,,,1,70,,55756,14239,,,1,30,,55753,14239,,,1,68,,55771,14239,,,1,30,,55782,14239,,,1,70,,55774,14239,,,1,30,,55745,14239,,,1,70,,55765,14239,,,1,30,,55754,14239,,,1,70,,55758,14239,,,1,30,,55761,14239,,,1,70,,55746,14239,,,1,30,,55783,14239,,,1,70,,55766,14239,,,1,30,,55762,14239,,,1,70,,55755,14239,,,1,29,,55759,14239,,,1
2100,'SE',542,,55800,14239,,,1,15,,45637,14239,,,1,55,,55787,14239,,,1,12,,45634,14239,,,1,10,,55812,14239,,,1,20,,55788,14239,,,1,58,,55813,14239,,,1,10,,55793,14239,,,1,14,,45638,14239,,,1,17,,55803,14239,,,1,57,,55814,14239,,,1,23,,55816,14239,,,1,18,,55817,14239,,,1,60,,55811,14239,,,1,21,,55792,14239,,,1,27,,55789,14239,,,1,72,,55791,14239,,,1,70,,55786,14239,,,1,30,,55790,14239,,,1,70,,55804,14239,,,1,33,,55818,14239,,,1,70,,55805,14239,,,1,30,,55822,14239,,,1,70,,55794,14239,,,1,28,,55819,14239,,,1,82,,55833,14239,,,1,6,,55806,14239,,,1,17,,55831,14239,,,1,15,,55815,14239,,,1,55,,55795,14239,,,1,15,,55824,14239,,,1,15,,55820,14239,,,1,16,,55807,14239,,,1,59,,55828,14239,,,1,17,,55832,14239,,,1,10,,55799,14239,,,1,12,,55827,14239,,,1,55,,55796,14239,,,1,12,,55825,14239,,,1,15,,55821,14239,,,1,15,,55808,14239,,,1,60,,55829,14239,,,1,20,,55801,14239,,,1,16,,55823,14239,,,1,70,,55826,14239,,,1,30,,55809,14239,,,1,70,,55810,14239,,,1,30,,55797,14239,,,1,100,,55834,14239,,,1,100,,55830,14239,,,1,96,,55798,14239,,,1,100,,55802,14239,,,1
3201,'DI',549,,56660,10378,,,1,99,,56661,10378,,,1,101,,56662,10378,,,1,99,,56663,10378,,,1,102,,56669,10378,,,1,101,,56668,10378,,,1,102,,56664,10378,,,1,103,,56665,10378,,,1,103,,56672,10378,,,1,98,,56670,10378,,,1,143,,56666,10378,,,1,56,,56673,10378,,,1,97,,56671,10378,,,1,99,,56674,10378,,,1,99,,56677,10378,,,1,100,,56675,10378,,,1,100,,56679,10378,,,1,100,,56678,10378,,,1,100,,56676,10378,,,1,100,,56680,10378,,,1,99,,56667,10378,,,1
3201,'F1',549,,56681,10378,,,1,99,,56682,10378,,,1,101,,56683,10378,,,1,99,,56684,10378,,,1,102,,56690,10378,,,1,101,,56689,10378,,,1,102,,56685,10378,,,1,103,,56686,10378,,,1,103,,56693,10378,,,1,98,,56691,10378,,,1,143,,56687,10378,,,1,56,,56694,10378,,,1,97,,56692,10378,,,1,99,,56695,10378,,,1,99,,56698,10378,,,1,100,,56696,10378,,,1,100,,56700,10378,,,1,100,,56699,10378,,,1,100,,56697,10378,,,1,100,,56701,10378,,,1,99,,56688,10378,,,1
3201,'F2',549,,56703,10378,,,1,99,,56704,10378,,,1,101,,56705,10378,,,1,96,,56710,10378,,,1,103,,56712,10378,,,1,102,,56702,10378,,,1,103,,56711,10378,,,1,101,,56713,10378,,,1,146,,56714,10378,,,1,102,,56716,10378,,,1,56,,56706,10378,,,1,98,,56715,10378,,,1,97,,56717,10378,,,1,99,,56707,10378,,,1,99,,56718,10378,,,1,100,,56722,10378,,,1,100,,56720,10378,,,1,100,,56719,10378,,,1,100,,56708,10378,,,1,100,,56721,10378,,,1,99,,56709,10378,,,1
3201,'SA',549,,56724,10378,,,1,99,,56725,10378,,,1,101,,56726,10378,,,1,96,,56731,10378,,,1,103,,56733,10378,,,1,102,,56723,10378,,,1,103,,56732,10378,,,1,101,,56734,10378,,,1,146,,56735,10378,,,1,102,,56737,10378,,,1,56,,56727,10378,,,1,98,,56736,10378,,,1,97,,56738,10378,,,1,99,,56728,10378,,,1,99,,56739,10378,,,1,100,,56743,10378,,,1,100,,56741,10378,,,1,100,,56740,10378,,,1,100,,56729,10378,,,1,100,,56742,10378,,,1,99,,56730,10378,,,1
3201,'SE',526,,56767,14665,,,1,30,,56758,14665,,,1,70,,56764,14665,,,1,31,,56757,14665,,,1,76,,56759,14665,,,1,68,,56760,14665,,,1,24,,56766,14665,,,1,30,,56756,14665,,,1,75,,56770,14665,,,1,93,,56750,10378,,,1,101,,56745,10378,,,1,100,,56755,10378,,,1,100,,56749,10378,,,1,100,,56751,10378,,,1,103,,56753,10378,,,1,105,,56746,10378,,,1,21,,56768,14665,,,1,72,,56765,14665,,,1,30,,56762,14665,,,1,70,,56769,14665,,,1,23,,56761,14665,,,1,70,,56771,14665,,,1,25,,56763,14665,,,1,85,,56748,10378,,,1,100,,56752,10378,,,1,98,,56754,10378,,,1,100,,56744,10378,,,1,98,,56747,10378,,,1
13201,'DI',730,,62059,11800,,,1,100,,62060,11800,,,1,100,,62057,11800,,,1,100,,62055,11800,,,1,100,,62061,11800,,,1,100,,62058,11800,,,1,100,,62062,11800,,,1,100,,62056,11800,,,1,100,,62064,11800,,,1,105,,62063,11800,,,1,95,,62066,11800,,,1,100,,62065,11800,,,1,101,,62067,11800,,,1,97,,62071,11800,,,1,100,,62069,11800,,,1,100,,62068,11800,,,1,100,,62072,11800,,,1,100,,62070,11800,,,1
13201,'F1',730,,62077,11800,,,1,100,,62078,11800,,,1,100,,62075,11800,,,1,100,,62073,11800,,,1,100,,62079,11800,,,1,100,,62076,11800,,,1,100,,62080,11800,,,1,100,,62074,11800,,,1,100,,62082,11800,,,1,105,,62081,11800,,,1,95,,62084,11800,,,1,100,,62083,11800,,,1,101,,62085,11800,,,1,97,,62089,11800,,,1,100,,62087,11800,,,1,100,,62086,11800,,,1,100,,62090,11800,,,1,100,,62088,11800,,,1
13201,'F2',730,,62094,11800,,,1,100,,62097,11800,,,1,100,,62092,11800,,,1,100,,62095,11800,,,1,103,,62098,11800,,,1,97,,62091,11800,,,1,104,,62096,11800,,,1,96,,62099,11800,,,1,104,,62100,11800,,,1,96,,62102,11800,,,1,100,,62093,11800,,,1,100,,62101,11800,,,1,101,,62103,11800,,,1,97,,62106,11800,,,1,100,,62104,11800,,,1,100,,62108,11800,,,1,100,,62107,11800,,,1,100,,62105,11800,,,1
13201,'SA',730,,62112,11800,,,1,100,,62115,11800,,,1,100,,62110,11800,,,1,100,,62113,11800,,,1,103,,62116,11800,,,1,97,,62109,11800,,,1,104,,62114,11800,,,1,96,,62117,11800,,,1,104,,62118,11800,,,1,96,,62120,11800,,,1,100,,62111,11800,,,1,100,,62119,11800,,,1,101,,62121,11800,,,1,97,,62124,11800,,,1,100,,62122,11800,,,1,100,,62126,11800,,,1,100,,62125,11800,,,1,100,,62123,11800,,,1
13201,'SE',601,,62151,11800,,,1,30,,62132,11800,,,1,75,,62140,11800,,,1,20,,62129,11800,,,1,25,,62138,11800,,,1,50,,62130,11800,,,1,10,,62142,11800,,,1,22,,62141,11800,,,1,17,,62136,11800,,,1,55,,62139,11800,,,1,20,,62143,11800,,,1,19,,62131,11800,,,1,59,,62137,11800,,,1,97,,62144,11800,,,1,59,,62135,11800,,,1,96,,62146,11800,,,1,100,,62127,11800,,,1,151,,62153,11800,,,1,11,,62134,11800,,,1,3,,62149,11800,,,1,83,,62147,11800,,,1,25,,62154,11800,,,1,21,,62150,11800,,,1,58,,62133,11800,,,1,23,,62148,11800,,,1,19,,62152,11800,,,1,57,,62145,11800,,,1,19,,62128,11800,,,1,80,,62155,11800,,,1
55101,'SE',902,,63467,1196,,,2
