4200,'DI',618,,57252,3206,,,1,100,,57253,3206,,,1,100,,57254,3206,,,1,100,,57255,3206,,,1,100,,57256,3206,,,1,100,,57257,3206,,,1,100,,57258,3206,,,1,100,,57259,3206,,,1,100,,57260,3206,,,1,100,,57261,3206,,,1,100,,57262,3206,,,1,100,,57263,3206,,,1,100,,57264,3206,,,1,100,,57265,3206,,,1,100,,57266,3206,,,1,100,,57267,3206,,,1,100,,57268,3206,,,1,100,,57269,3206,,,1,100,,57270,3206,,,1,100,,57271,3206,,,1
4200,'F1',618,,57272,3206,,,1,100,,57273,3206,,,1,100,,57274,3206,,,1,100,,57275,3206,,,1,100,,57276,3206,,,1,100,,57277,3206,,,1,100,,57278,3206,,,1,100,,57279,3206,,,1,100,,57280,3206,,,1,100,,57281,3206,,,1,100,,57282,3206,,,1,100,,57283,3206,,,1,100,,57284,3206,,,1,100,,57285,3206,,,1,100,,57286,3206,,,1,100,,57287,3206,,,1,100,,57288,3206,,,1,100,,57289,3206,,,1,100,,57290,3206,,,1,100,,57291,3206,,,1
4200,'F2',618,,57292,3206,,,1,100,,57293,3206,,,1,100,,57294,3206,,,1,100,,57295,3206,,,1,100,,57296,3206,,,1,100,,57297,3206,,,1,100,,57298,3206,,,1,100,,57299,3206,,,1,100,,57300,3206,,,1,100,,57301,3206,,,1,100,,57302,3206,,,1,100,,57303,3206,,,1,100,,57304,3206,,,1,100,,57305,3206,,,1,100,,57306,3206,,,1,100,,57307,3206,,,1,100,,57308,3206,,,1,100,,57309,3206,,,1,100,,57310,3206,,,1,100,,57311,3206,,,1
4200,'SA',618,,57312,3206,,,1,100,,57313,3206,,,1,100,,57314,3206,,,1,100,,57315,3206,,,1,100,,57316,3206,,,1,100,,57317,3206,,,1,100,,57318,3206,,,1,100,,57319,3206,,,1,100,,57320,3206,,,1,100,,57321,3206,,,1,100,,57322,3206,,,1,100,,57323,3206,,,1,100,,57324,3206,,,1,100,,57325,3206,,,1,100,,57326,3206,,,1,100,,57327,3206,,,1,100,,57328,3206,,,1,100,,57329,3206,,,1,100,,57330,3206,,,1,100,,57331,3206,,,1
4200,'SE',600,,57363,3206,,,1,36,,57346,3206,,,1,69,,57360,3206,,,1,12,,57345,3206,,,1,6,,57340,3206,,,1,6,,57349,3206,,,1,6,,57347,3206,,,1,22,,57350,3206,,,1,61,,57373,3206,,,1,34,,57369,3206,,,1,70,,57374,3206,,,1,30,,57348,3206,,,1,70,,57342,3206,,,1,30,,57343,3206,,,1,70,,57339,3206,,,1,30,,57362,3206,,,1,70,,57335,3206,,,1,30,,57332,3206,,,1,70,,57370,3206,,,1,30,,57341,3206,,,1,70,,57338,3206,,,1,30,,57336,3206,,,1,72,,57351,3206,,,1,30,,57372,3206,,,1,67,,57333,3206,,,1,24,,57361,3206,,,1,55,,57337,3206,,,1,14,,57344,3206,,,1,14,,57371,3206,,,1,14,,57352,3206,,,1,15,,57334,3206,,,1,67,,57366,3206,,,1,30,,57353,3206,,,1,72,,57367,3206,,,1,74,,57354,3206,,,1,30,,57368,3206,,,1,29,,57355,3206,,,1,70,,57364,3206,,,1,30,,57356,3206,,,1,70,,57365,3206,,,1,91,,57357,3206,,,1,100,,57358,3206,,,1,100,,57359,3206,,,1
6000,'SE',629,,58258,3206,,,1,84,,58256,3206,,,1,37,,58259,3206,,,1,86,,58257,3206,,,1,101,,58251,3206,,,1,100,,58269,3206,,,1,100,,58254,3206,,,1,100,,58252,3206,,,1,100,,58255,3206,,,1,100,,58271,3206,,,1,97,,58260,3206,,,1,70,,58267,3206,,,1,25,,58253,3206,,,1,24,,58264,3206,,,1,68,,58262,3206,,,1,28,,58261,3206,,,1,65,,58265,3206,,,1,30,,58263,3206,,,1,68,,58250,3206,,,1,99,,58272,3206,,,1,99,,58273,3206,,,1,100,,58266,3206,,,1,90,,58268,3206,,,1,100,,58270,3206,,,1
16000,'DI',659,,62163,3206,0,19 20,1,100,,62168,3206,0,19 20,1,100,,62162,3206,0,19 20,1,100,,62156,3206,0,19 20,1,100,,62159,3206,0,19 20,1,100,,62165,3206,0,19 20,1,100,,62160,3206,0,19 20,1,100,,62169,3206,0,19 20,1,100,,62161,3206,0,19 20,1,100,,62164,3206,0,19 20,1,100,,62157,3206,0,19 20,1,100,,62166,3206,0,19 20,1,100,,62170,3206,0,19 20,1,142,,62158,3206,0,19 20,1,58,,62167,3206,0,19 20,1
16000,'F1',659,,62178,3206,0,19 20,1,100,,62183,3206,0,19 20,1,100,,62177,3206,0,19 20,1,100,,62171,3206,0,19 20,1,100,,62174,3206,0,19 20,1,100,,62180,3206,0,19 20,1,100,,62175,3206,0,19 20,1,100,,62184,3206,0,19 20,1,100,,62176,3206,0,19 20,1,100,,62179,3206,0,19 20,1,100,,62172,3206,0,19 20,1,100,,62181,3206,0,19 20,1,100,,62185,3206,0,19 20,1,142,,62173,3206,0,19 20,1,58,,62182,3206,0,19 20,1
16000,'F2',659,,62197,3206,0,19 20,1,99,,62186,3206,0,19 20,1,101,,62198,3206,0,19 20,1,100,,50222,3206,0,19 20,1,100,,62191,3206,0,19 20,1,99,,62194,3206,0,19 20,1,101,,62192,3206,0,19 20,1,100,,62189,3206,0,19 20,1,100,,62199,3206,0,19 20,1,100,,62190,3206,0,19 20,1,100,,62187,3206,0,19 20,1,100,,62195,3206,0,19 20,1,100,,62193,3206,0,19 20,1,141,,62188,3206,0,19 20,1,59,,62196,3206,0,19 20,1
16000,'SA',659,,62211,3206,0,19 20,1,99,,62200,3206,0,19 20,1,101,,62212,3206,0,19 20,1,100,,38455,3206,0,19 20,1,100,,62205,3206,0,19 20,1,99,,62208,3206,0,19 20,1,101,,62206,3206,0,19 20,1,100,,62203,3206,0,19 20,1,100,,62213,3206,0,19 20,1,100,,62204,3206,0,19 20,1,100,,62201,3206,0,19 20,1,100,,62209,3206,0,19 20,1,100,,62207,3206,0,19 20,1,141,,62202,3206,0,19 20,1,59,,62210,3206,0,19 20,1
16000,'SE',613,,62221,3206,0,19 20,1,95,,62214,3206,0,19 20,1,38,,62219,3206,0,19 20,1,95,,62215,3206,0,19 20,1,89,,62218,3206,0,19 20,1,86,,62230,3206,0,19 20,1,100,,62228,3206,0,19 20,1,100,,62222,3206,0,19 20,1,100,,62216,3206,0,19 20,1,100,,62231,3206,0,19 20,1,98,,62220,3206,0,19 20,1,30,,62229,3206,0,19 20,1,68,,62232,3206,0,19 20,1,24,,62237,3206,0,19 20,1,70,,62234,3206,0,19 20,1,28,,62233,3206,0,19 20,1,70,,62223,3206,0,19 20,1,30,,62236,3206,0,19 20,1,70,,62235,3206,0,19 20,1,47,,62217,3206,0,19 20,1,100,,62224,3206,0,19 20,1,100,,62226,3206,0,19 20,1,92,,62225,3206,0,19 20,1,100,,62227,3206,0,19 20,1
53200,'SE',1629,,63436,5366,,,2,1,,63437,5366,,,2
54201,'SE',904,,63455,3292,,,2
67000,'SE',1612,,63538,2749,,,2,1,,63539,2749,,,2,1,,63537,2749,,,2
69601,'SE',832,,63594,759,,,2,1,,63593,759,,,2
