4200,'DI',621,,29423,4824,,,1,100,,29424,4824,,,1,100,,29425,4824,,,1,100,,29426,4824,,,1,100,,29427,4824,,,1,100,,29428,4824,,,1,100,,29429,4824,,,1,100,,29430,4824,,,1,100,,29431,4824,,,1,100,,29432,4824,,,1,100,,29433,4824,,,1,100,,29434,4824,,,1,100,,29435,4824,,,1,100,,29436,4824,,,1,100,,29437,4824,,,1,100,,29438,4824,,,1,100,,29439,4824,,,1,100,,29440,4824,,,1,100,,29441,4824,,,1,100,,29442,4824,,,1
4200,'F1',621,,46641,4824,,,1,100,,46642,4824,,,1,100,,46643,4824,,,1,100,,46644,4824,,,1,100,,46645,4824,,,1,100,,46646,4824,,,1,100,,46647,4824,,,1,100,,46648,4824,,,1,100,,46649,4824,,,1,100,,46650,4824,,,1,100,,46651,4824,,,1,100,,46652,4824,,,1,100,,46653,4824,,,1,100,,46654,4824,,,1,100,,46655,4824,,,1,100,,46656,4824,,,1,100,,46657,4824,,,1,100,,46658,4824,,,1,100,,46659,4824,,,1,100,,46660,4824,,,1
4200,'F2',621,,46678,4824,,,1,100,,46679,4824,,,1,100,,46680,4824,,,1,100,,46661,4824,,,1,100,,46662,4824,,,1,100,,46663,4824,,,1,100,,46664,4824,,,1,100,,46665,4824,,,1,100,,46666,4824,,,1,100,,46667,4824,,,1,100,,46668,4824,,,1,100,,46669,4824,,,1,100,,46670,4824,,,1,100,,46671,4824,,,1,100,,46672,4824,,,1,100,,46673,4824,,,1,100,,46674,4824,,,1,100,,46675,4824,,,1,100,,46676,4824,,,1,100,,46677,4824,,,1
4200,'F8',621,,29543,4824,,,1,100,,29544,4824,,,1,100,,29545,4824,,,1,100,,29526,4824,,,1,100,,29527,4824,,,1,100,,29528,4824,,,1,100,,29529,4824,,,1,100,,29530,4824,,,1,100,,29531,4824,,,1,100,,29532,4824,,,1,100,,29533,4824,,,1,100,,29534,4824,,,1,100,,29535,4824,,,1,100,,29536,4824,,,1,100,,29537,4824,,,1,100,,29538,4824,,,1,100,,29539,4824,,,1,100,,29540,4824,,,1,100,,29541,4824,,,1,100,,29542,4824,,,1
4200,'F9',621,,29546,4824,,,1,100,,29547,4824,,,1,100,,29548,4824,,,1,100,,29549,4824,,,1,100,,29550,4824,,,1,100,,29551,4824,,,1,100,,29552,4824,,,1,100,,29553,4824,,,1,100,,29554,4824,,,1,100,,29555,4824,,,1,100,,29556,4824,,,1,100,,29557,4824,,,1,100,,29558,4824,,,1,100,,29559,4824,,,1,100,,29560,4824,,,1,100,,29561,4824,,,1,100,,29562,4824,,,1,100,,29563,4824,,,1,100,,29564,4824,,,1,100,,29565,4824,,,1
4200,'SA',621,,29583,4824,,,1,100,,29584,4824,,,1,100,,29585,4824,,,1,100,,29566,4824,,,1,100,,29567,4824,,,1,100,,29568,4824,,,1,100,,29569,4824,,,1,100,,29570,4824,,,1,100,,29571,4824,,,1,100,,29572,4824,,,1,100,,29573,4824,,,1,100,,29574,4824,,,1,100,,29575,4824,,,1,100,,29576,4824,,,1,100,,29577,4824,,,1,100,,29578,4824,,,1,100,,29579,4824,,,1,100,,29580,4824,,,1,100,,29581,4824,,,1,100,,29582,4824,,,1
4200,'SE',603,,46723,4824,,,1,36,,46683,4824,,,1,69,,46716,4824,,,1,12,,46690,4824,,,1,6,,46722,4824,,,1,6,,46694,4824,,,1,6,,46691,4824,,,1,62,,46697,4824,,,1,21,,46695,4824,,,1,34,,46689,4824,,,1,70,,46696,4824,,,1,30,,46692,4824,,,1,70,,46698,4824,,,1,30,,46713,4824,,,1,70,,46682,4824,,,1,30,,46712,4824,,,1,70,,46684,4824,,,1,30,,46715,4824,,,1,70,,46699,4824,,,1,30,,46693,4824,,,1,70,,46688,4824,,,1,30,,46701,4824,,,1,73,,46705,4824,,,1,30,,46700,4824,,,1,67,,46717,4824,,,1,24,,46711,4824,,,1,55,,46685,4824,,,1,14,,46686,4824,,,1,14,,46718,4824,,,1,13,,46714,4824,,,1,55,,46681,4824,,,1,27,,46706,4824,,,1,30,,46719,4824,,,1,72,,46707,4824,,,1,74,,46720,4824,,,1,30,,46708,4824,,,1,69,,46721,4824,,,1,30,,46709,4824,,,1,70,,46687,4824,,,1,30,,46710,4824,,,1,91,,46702,4824,,,1,100,,46703,4824,,,1,100,,46704,4824,,,1
6000,'SE',632,,47742,4824,,,1,84,,47745,4824,,,1,37,,47731,4824,,,1,86,,47748,4824,,,1,101,,47743,4824,,,1,100,,47736,4824,,,1,100,,47749,4824,,,1,100,,47740,4824,,,1,100,,47738,4824,,,1,100,,47753,4824,,,1,98,,47746,4824,,,1,70,,47737,4824,,,1,25,,47750,4824,,,1,24,,47732,4824,,,1,68,,47744,4824,,,1,27,,47747,4824,,,1,65,,47733,4824,,,1,30,,47741,4824,,,1,68,,47751,4824,,,1,99,,47730,4824,,,1,99,,47734,4824,,,1,100,,47739,4824,,,1,90,,47735,4824,,,1,100,,47752,4824,,,1
16000,'DI',702,,38365,4824,0,19 20,1,100,,38368,4824,0,19 20,1,100,,38371,4824,0,19 20,1,100,,38366,4824,0,19 20,1,100,,38372,4824,0,19 20,1,100,,38364,4824,0,19 20,1,100,,38373,4824,0,19 20,1,100,,38362,4824,0,19 20,1,100,,38360,4824,0,19 20,1,100,,38369,4824,0,19 20,1,100,,38367,4824,0,19 20,1,100,,38374,4824,0,19 20,1,100,,38370,4824,0,19 20,1,102,,38363,4824,0,19 20,1,98,,38361,4824,0,19 20,1
16000,'F1',702,,50212,4824,0,19 20,1,100,,50215,4824,0,19 20,1,100,,50218,4824,0,19 20,1,100,,50213,4824,0,19 20,1,100,,50219,4824,0,19 20,1,100,,50211,4824,0,19 20,1,100,,50220,4824,0,19 20,1,100,,50209,4824,0,19 20,1,100,,50207,4824,0,19 20,1,100,,50216,4824,0,19 20,1,100,,50214,4824,0,19 20,1,100,,50221,4824,0,19 20,1,100,,50217,4824,0,19 20,1,102,,50210,4824,0,19 20,1,98,,50208,4824,0,19 20,1
16000,'F2',702,,50226,4824,0,19 20,1,99,,50229,4824,0,19 20,1,101,,50225,4824,0,19 20,1,100,,50222,4824,0,19 20,1,100,,50228,4824,0,19 20,1,99,,50233,4824,0,19 20,1,101,,50223,4824,0,19 20,1,100,,50227,4824,0,19 20,1,100,,50234,4824,0,19 20,1,100,,50230,4824,0,19 20,1,100,,50224,4824,0,19 20,1,100,,50235,4824,0,19 20,1,100,,50231,4824,0,19 20,1,101,,50236,4824,0,19 20,1,99,,50232,4824,0,19 20,1
16000,'F8',702,,38429,4824,0,19 20,1,99,,38432,4824,0,19 20,1,101,,38428,4824,0,19 20,1,100,,38425,4824,0,19 20,1,100,,38431,4824,0,19 20,1,99,,38436,4824,0,19 20,1,101,,38426,4824,0,19 20,1,100,,38430,4824,0,19 20,1,100,,38437,4824,0,19 20,1,100,,38433,4824,0,19 20,1,100,,38427,4824,0,19 20,1,100,,38438,4824,0,19 20,1,100,,38434,4824,0,19 20,1,101,,38439,4824,0,19 20,1,99,,38435,4824,0,19 20,1
16000,'F9',702,,38445,4824,0,19 20,1,100,,38448,4824,0,19 20,1,100,,38451,4824,0,19 20,1,100,,38446,4824,0,19 20,1,100,,38452,4824,0,19 20,1,100,,38444,4824,0,19 20,1,100,,38453,4824,0,19 20,1,100,,38442,4824,0,19 20,1,100,,38440,4824,0,19 20,1,100,,38449,4824,0,19 20,1,100,,38447,4824,0,19 20,1,100,,38454,4824,0,19 20,1,100,,38450,4824,0,19 20,1,102,,38443,4824,0,19 20,1,98,,38441,4824,0,19 20,1
16000,'SA',702,,38459,4824,0,19 20,1,99,,16667,4824,0,19 20,1,101,,38458,4824,0,19 20,1,100,,38455,4824,0,19 20,1,100,,38461,4824,0,19 20,1,99,,38464,4824,0,19 20,1,101,,38456,4824,0,19 20,1,100,,38460,4824,0,19 20,1,100,,38465,4824,0,19 20,1,100,,16668,4824,0,19 20,1,100,,38457,4824,0,19 20,1,100,,38466,4824,0,19 20,1,100,,38462,4824,0,19 20,1,101,,38467,4824,0,19 20,1,99,,38463,4824,0,19 20,1
16000,'SE',616,,50239,4824,0,19 20,1,95,,50249,4824,0,19 20,1,39,,50247,4824,0,19 20,1,94,,50250,4824,0,19 20,1,89,,50248,4824,0,19 20,1,86,,50240,4824,0,19 20,1,100,,50241,4824,0,19 20,1,100,,50242,4824,0,19 20,1,100,,50251,4824,0,19 20,1,100,,50246,4824,0,19 20,1,99,,50253,4824,0,19 20,1,30,,50259,4824,0,19 20,1,68,,50237,4824,0,19 20,1,24,,50252,4824,0,19 20,1,71,,50254,4824,0,19 20,1,27,,50255,4824,0,19 20,1,69,,50245,4824,0,19 20,1,30,,50260,4824,0,19 20,1,70,,50243,4824,0,19 20,1,47,,50238,4824,0,19 20,1,100,,50244,4824,0,19 20,1,100,,50257,4824,0,19 20,1,92,,50256,4824,0,19 20,1,100,,50258,4824,0,19 20,1
