5001,'DI',641,,31443,1118,,,2,102,,31428,1118,,,2,100,,31436,1118,,,2,100,,31434,1118,,,2,103,,31435,1118,,,2,94,,31437,1118,,,2,103,,31438,1118,,,2,103,,31439,1118,,,2,97,,31427,1118,,,2,96,,31440,1118,,,2,103,,31425,1118,,,2,106,,31424,1118,,,2,95,,31433,1118,,,2,100,,31426,1118,,,2,100,,31429,1118,,,2,100,,31431,1118,,,2,100,,31441,1118,,,2,100,,31430,1118,,,2,100,,31432,1118,,,2,100,,31442,1118,,,2
5001,'F8',643,,31519,1118,,,2,98,,31518,1118,,,2,102,,31523,1118,,,2,97,,31527,1118,,,2,103,,31528,1118,,,2,96,,31532,1118,,,2,102,,31529,1118,,,2,98,,31513,1118,,,2,99,,31514,1118,,,2,103,,31515,1118,,,2,103,,31516,1118,,,2,103,,31517,1118,,,2,96,,31520,1118,,,2,100,,31531,1118,,,2,100,,31530,1118,,,2,100,,31521,1118,,,2,97,,31524,1118,,,2,103,,31525,1118,,,2,101,,31526,1118,,,2,99,,31522,1118,,,2
5001,'F9',641,,31552,1118,,,2,102,,31537,1118,,,2,100,,31545,1118,,,2,100,,31543,1118,,,2,103,,31544,1118,,,2,94,,31546,1118,,,2,103,,31547,1118,,,2,103,,31548,1118,,,2,97,,31536,1118,,,2,96,,31549,1118,,,2,103,,31534,1118,,,2,106,,31533,1118,,,2,95,,31542,1118,,,2,100,,31535,1118,,,2,100,,31538,1118,,,2,100,,31540,1118,,,2,100,,31550,1118,,,2,100,,31539,1118,,,2,100,,31541,1118,,,2,100,,31551,1118,,,2
5001,'SA',643,,31559,1118,,,2,98,,31558,1118,,,2,102,,31563,1118,,,2,97,,31567,1118,,,2,103,,31568,1118,,,2,96,,31572,1118,,,2,102,,31569,1118,,,2,98,,31553,1118,,,2,99,,31554,1118,,,2,103,,31555,1118,,,2,103,,31556,1118,,,2,103,,31557,1118,,,2,96,,31560,1118,,,2,100,,31571,1118,,,2,100,,31570,1118,,,2,100,,31561,1118,,,2,97,,31564,1118,,,2,103,,31565,1118,,,2,101,,31566,1118,,,2,99,,31562,1118,,,2
5001,'SE',533,,31578,1118,,,2,70,,31582,1118,,,2,30,,31584,1118,,,2,70,,31587,1118,,,2,30,,31583,1118,,,2,70,,31579,1118,,,2,30,,31585,1118,,,2,73,,31588,1118,,,2,27,,31596,1118,,,2,100,,31599,1118,,,2,100,,31586,1118,,,2,100,,31581,1118,,,2,100,,31589,1118,,,2,99,,31573,1118,,,2,102,,31590,1118,,,2,68,,31600,1118,,,2,33,,31577,1118,,,2,74,,31601,1118,,,2,26,,31591,1118,,,2,70,,31574,1118,,,2,30,,31597,1118,,,2,68,,31580,1118,,,2,30,,31598,1118,,,2,100,,31575,1118,,,2,100,,31592,1118,,,2,100,,31576,1118,,,2,100,,31593,1118,,,2,100,,31594,1118,,,2,100,,31595,1118,,,2
6001,'SE',548,,32276,4220,,,1,62,,32273,4220,,,1,21,,32267,4220,,,1,28,,32277,4220,,,1,68,,32269,4220,,,1,28,,32278,4220,,,1,66,,32286,4220,,,1,14,,32287,4220,,,1,73,,32279,4220,,,1,100,,32285,4220,,,1,100,,32274,4220,,,1,100,,32280,4220,,,1,101,,32275,4220,,,1,100,,32293,4220,,,1,101,,32288,4220,,,1,99,,32289,4220,,,1,30,,32284,4220,,,1,67,,32281,4220,,,1,24,,32282,4220,,,1,27,,32271,4220,,,1,69,,32290,4220,,,1,30,,32283,4220,,,1,88,,32291,4220,,,1,100,,32270,4220,,,1,100,,32292,4220,,,1,100,,32268,4220,,,1,95,,32272,4220,,,1
16001,'DI',606,,38498,10613,,,1,99,,38493,10613,,,1,100,,38499,10613,,,1,100,,38502,10613,,,1,100,,38505,10613,,,1,100,,38500,10613,,,1,100,,38506,10613,,,1,100,,38497,10613,,,1,100,,38507,10613,,,1,100,,38495,10613,,,1,100,,38492,10613,,,1,100,,38503,10613,,,1,100,,38501,10613,,,1,100,,38508,10613,,,1,100,,38504,10613,,,1,103,,38496,10613,,,1,97,,38494,10613,,,1
16001,'F8',607,,38572,10613,,,1,99,,38570,10613,,,1,99,,38568,10613,,,1,100,,38573,10613,,,1,99,,38567,10613,,,1,101,,38564,10613,,,1,100,,38571,10613,,,1,100,,38577,10613,,,1,100,,38565,10613,,,1,100,,38569,10613,,,1,100,,38578,10613,,,1,100,,38574,10613,,,1,100,,38566,10613,,,1,101,,38579,10613,,,1,99,,38575,10613,,,1,103,,38580,10613,,,1,97,,38576,10613,,,1
16001,'F9',606,,38587,10613,,,1,99,,38582,10613,,,1,100,,38588,10613,,,1,100,,38591,10613,,,1,100,,38594,10613,,,1,100,,38589,10613,,,1,100,,38595,10613,,,1,100,,38586,10613,,,1,100,,38596,10613,,,1,100,,38584,10613,,,1,100,,38581,10613,,,1,100,,38592,10613,,,1,100,,38590,10613,,,1,100,,38597,10613,,,1,100,,38593,10613,,,1,103,,38585,10613,,,1,97,,38583,10613,,,1
16001,'SA',607,,38606,10613,,,1,99,,38604,10613,,,1,99,,38602,10613,,,1,100,,16801,10613,,,1,99,,38601,10613,,,1,101,,38598,10613,,,1,100,,38605,10613,,,1,100,,38609,10613,,,1,100,,38599,10613,,,1,100,,38603,10613,,,1,100,,38610,10613,,,1,100,,16802,10613,,,1,100,,38600,10613,,,1,101,,38611,10613,,,1,99,,38607,10613,,,1,103,,38612,10613,,,1,97,,38608,10613,,,1
16001,'SE',618,,38616,10613,,,1,28,,38617,10613,,,1,68,,38621,10613,,,1,28,,38623,10613,,,1,63,,38633,10613,,,1,23,,38635,10613,,,1,28,,38620,10613,,,1,83,,38634,10613,,,1,98,,38631,10613,,,1,93,,38619,10613,,,1,100,,38622,10613,,,1,100,,38624,10613,,,1,100,,38618,10613,,,1,99,,38636,10613,,,1,93,,38614,10613,,,1,97,,38625,10613,,,1,30,,38613,10613,,,1,67,,38626,10613,,,1,25,,38637,10613,,,1,66,,38615,10613,,,1,99,,38627,10613,,,1,100,,38630,10613,,,1,101,,38628,10613,,,1,100,,38632,10613,,,1,50,,38629,10613,,,1
