1401,'SE',551,,54266,928,,,1,70,,54252,928,,,1,20,,54259,928,,,1,60,,54263,928,,,1,20,,54255,928,,,1,20,,54254,928,,,1,61,,54253,928,,,1,20,,54256,928,,,1,16,,54262,928,,,1,64,,54261,928,,,1,650,,54258,928,,,1,70,,54265,928,,,1,30,,54257,928,,,1,70,,54264,928,,,1,30,,54251,928,,,1,70,,54260,928,,,1
3800,'DI',645,,57046,928,,,1,100,,57049,928,,,1,100,,57040,928,,,1,101,,57053,928,,,1,96,,57051,928,,,1,100,,57055,928,,,1,100,,57043,928,,,1,100,,57050,928,,,1,100,,57047,928,,,1,100,,57054,928,,,1,104,,57041,928,,,1,101,,57048,928,,,1,99,,57056,928,,,1,100,,57044,928,,,1,99,,57052,928,,,1,101,,57057,928,,,1,100,,57042,928,,,1,100,,57045,928,,,1
3800,'F1',645,,57064,928,,,1,100,,57067,928,,,1,100,,57058,928,,,1,101,,57071,928,,,1,96,,57069,928,,,1,100,,57073,928,,,1,100,,57061,928,,,1,100,,57068,928,,,1,100,,57065,928,,,1,100,,57072,928,,,1,104,,57059,928,,,1,101,,57066,928,,,1,99,,57074,928,,,1,100,,57062,928,,,1,99,,57070,928,,,1,101,,57075,928,,,1,100,,57060,928,,,1,100,,57063,928,,,1
3800,'F2',545,,57080,928,,,1,100,,57083,928,,,1,100,,57087,928,,,1,100,,57077,928,,,1,100,,57091,928,,,1,100,,57078,928,,,1,100,,57084,928,,,1,101,,57093,928,,,1,100,,57079,928,,,1,100,,57088,928,,,1,101,,57092,928,,,1,100,,57089,928,,,1,100,,57076,928,,,1,99,,57094,928,,,1,100,,57085,928,,,1,99,,57081,928,,,1,100,,57082,928,,,1,101,,57090,928,,,1,99,,57086,928,,,1
3800,'SA',545,,57099,928,,,1,100,,57102,928,,,1,100,,57106,928,,,1,100,,57096,928,,,1,100,,57110,928,,,1,100,,57097,928,,,1,100,,57103,928,,,1,101,,57112,928,,,1,100,,57098,928,,,1,100,,57107,928,,,1,101,,57111,928,,,1,100,,57108,928,,,1,100,,57095,928,,,1,99,,57113,928,,,1,100,,57104,928,,,1,99,,57100,928,,,1,100,,57101,928,,,1,101,,57109,928,,,1,99,,57105,928,,,1
3800,'SE',600,,57120,928,,,1,21,,57122,928,,,1,18,,57125,928,,,1,18,,57126,928,,,1,64,,57127,928,,,1,12,,57128,928,,,1,20,,57129,928,,,1,64,,57119,928,,,1,29,,57131,928,,,1,58,,57133,928,,,1,17,,57137,928,,,1,30,,57134,928,,,1,85,,57138,928,,,1,100,,57115,928,,,1,100,,57123,928,,,1,100,,57139,928,,,1,94,,57114,928,,,1,27,,57116,928,,,1,72,,57118,928,,,1,30,,57124,928,,,1,70,,57141,928,,,1,30,,57130,928,,,1,66,,57140,928,,,1,28,,57142,928,,,1,94,,57143,928,,,1,100,,57136,928,,,1,100,,57121,928,,,1,100,,57132,928,,,1,100,,57135,928,,,1,100,,57117,928,,,1
11400,'DI',603,,61476,928,,,1,100,,61477,928,,,1,100,,61478,928,,,1,100,,61479,928,,,1,100,,61474,928,,,1,100,,61475,928,,,1,100,,61472,928,,,1,100,,61473,928,,,1,100,,61488,928,,,1,100,,61489,928,,,1,100,,61490,928,,,1,100,,61480,928,,,1,100,,61481,928,,,1,100,,61482,928,,,1,101,,61483,928,,,1,100,,61484,928,,,1,100,,61485,928,,,1,100,,61486,928,,,1,100,,61487,928,,,1
11400,'F1',603,,61495,928,,,1,100,,61496,928,,,1,100,,61497,928,,,1,100,,61498,928,,,1,100,,61493,928,,,1,100,,61494,928,,,1,100,,61491,928,,,1,100,,61492,928,,,1,100,,61507,928,,,1,100,,61508,928,,,1,100,,61509,928,,,1,100,,61499,928,,,1,100,,61500,928,,,1,100,,61501,928,,,1,101,,61502,928,,,1,100,,61503,928,,,1,100,,61504,928,,,1,100,,61505,928,,,1,100,,61506,928,,,1
11400,'F2',603,,61513,928,,,1,100,,61514,928,,,1,100,,61515,928,,,1,100,,61516,928,,,1,100,,61517,928,,,1,100,,61518,928,,,1,100,,61524,928,,,1,100,,61525,928,,,1,100,,61526,928,,,1,100,,61527,928,,,1,100,,61528,928,,,1,100,,61510,928,,,1,100,,61511,928,,,1,100,,61512,928,,,1,101,,61519,928,,,1,100,,61520,928,,,1,100,,61521,928,,,1,100,,61522,928,,,1,100,,61523,928,,,1
11400,'SA',603,,61532,928,,,1,100,,61533,928,,,1,100,,61534,928,,,1,100,,61535,928,,,1,100,,61536,928,,,1,100,,61537,928,,,1,100,,61543,928,,,1,100,,61544,928,,,1,100,,61545,928,,,1,100,,61546,928,,,1,100,,61547,928,,,1,100,,61529,928,,,1,100,,61530,928,,,1,100,,61531,928,,,1,101,,61538,928,,,1,100,,61539,928,,,1,100,,61540,928,,,1,100,,61541,928,,,1,100,,61542,928,,,1
11400,'SE',545,,61554,928,,,1,68,,61574,928,,,1,20,,61550,928,,,1,20,,61558,928,,,1,59,,61575,928,,,1,17,,61580,928,,,1,20,,61555,928,,,1,64,,61585,928,,,1,20,,61581,928,,,1,20,,61556,928,,,1,60,,61586,928,,,1,20,,61582,928,,,1,23,,61557,928,,,1,57,,61587,928,,,1,20,,61583,928,,,1,20,,61559,928,,,1,60,,61588,928,,,1,20,,61584,928,,,1,20,,61560,928,,,1,60,,61577,928,,,1,20,,61562,928,,,1,20,,61561,928,,,1,60,,61578,928,,,1,20,,61563,928,,,1,20,,61566,928,,,1,60,,61579,928,,,1,20,,61564,928,,,1,20,,61567,928,,,1,59,,61551,928,,,1,21,,61548,928,,,1,20,,61568,928,,,1,59,,61576,928,,,1,20,,61549,928,,,1,20,,61595,928,,,1,60,,61565,928,,,1,20,,61569,928,,,1,17,,61573,928,,,1,63,,61552,928,,,1,20,,61553,928,,,1,70,,61589,928,,,1,30,,61592,928,,,1,72,,61590,928,,,1,30,,61593,928,,,1,70,,61591,928,,,1,30,,61594,928,,,1,100,,61570,928,,,1,100,,61571,928,,,1,100,,61572,928,,,1
