400,'DI',635,,52302,3765,,,1,70,,52320,3765,,,1,30,,52312,3765,,,1,70,,52310,3765,,,1,32,,52303,3765,,,1,70,,52321,3765,,,1,32,,52313,3765,,,1,70,,52323,3765,,,1,30,,52304,3765,,,1,71,,52322,3765,,,1,30,,52314,3765,,,1,67,,52324,3765,,,1,31,,52305,3765,,,1,72,,52329,3765,,,1,30,,52327,3765,,,1,68,,52317,3765,,,1,31,,52306,3765,,,1,69,,52325,3765,,,1,30,,52330,3765,,,1,72,,52315,3765,,,1,30,,52307,3765,,,1,70,,52326,3765,,,1,30,,52331,3765,,,1,72,,52316,3765,,,1,28,,52318,3765,,,1,70,,52332,3765,,,1,30,,52328,3765,,,1,70,,52333,3765,,,1,30,,52319,3765,,,1,70,,52311,3765,,,1,30,,52334,3765,,,1,70,,52336,3765,,,1,100,,52335,3765,,,1,100,,52308,3765,,,1
400,'F1',635,,52337,3765,,,1,70,,52355,3765,,,1,30,,52347,3765,,,1,70,,52345,3765,,,1,32,,52338,3765,,,1,70,,52356,3765,,,1,32,,52348,3765,,,1,70,,52358,3765,,,1,30,,52339,3765,,,1,71,,52357,3765,,,1,30,,52349,3765,,,1,67,,52359,3765,,,1,31,,52340,3765,,,1,72,,52364,3765,,,1,30,,52362,3765,,,1,68,,52352,3765,,,1,31,,52341,3765,,,1,69,,52360,3765,,,1,30,,52365,3765,,,1,72,,52350,3765,,,1,30,,52342,3765,,,1,70,,52361,3765,,,1,30,,52366,3765,,,1,72,,52351,3765,,,1,28,,52353,3765,,,1,70,,52367,3765,,,1,30,,52363,3765,,,1,70,,52368,3765,,,1,30,,52354,3765,,,1,70,,52346,3765,,,1,30,,52369,3765,,,1,70,,52371,3765,,,1,100,,52370,3765,,,1,100,,52343,3765,,,1
400,'F2',635,,52391,3765,,,1,70,,52375,3765,,,1,30,,52380,3765,,,1,70,,52374,3765,,,1,32,,52392,3765,,,1,70,,52376,3765,,,1,32,,52381,3765,,,1,71,,52383,3765,,,1,30,,52393,3765,,,1,70,,52377,3765,,,1,30,,52382,3765,,,1,70,,52399,3765,,,1,30,,52397,3765,,,1,70,,52372,3765,,,1,30,,52384,3765,,,1,70,,52390,3765,,,1,30,,52385,3765,,,1,70,,52395,3765,,,1,30,,52378,3765,,,1,70,,52398,3765,,,1,30,,52394,3765,,,1,70,,52379,3765,,,1,30,,52387,3765,,,1,70,,52389,3765,,,1,30,,52401,3765,,,1,70,,52386,3765,,,1,30,,52404,3765,,,1,70,,52402,3765,,,1,30,,52403,3765,,,1,70,,52396,3765,,,1,30,,52405,3765,,,1,70,,52406,3765,,,1,100,,52400,3765,,,1,100,,52388,3765,,,1
400,'SA',635,,52426,3765,,,1,70,,52410,3765,,,1,30,,52415,3765,,,1,70,,52409,3765,,,1,32,,52427,3765,,,1,70,,52411,3765,,,1,32,,52416,3765,,,1,71,,52418,3765,,,1,30,,52428,3765,,,1,70,,52412,3765,,,1,30,,52417,3765,,,1,70,,52434,3765,,,1,30,,52432,3765,,,1,70,,52407,3765,,,1,30,,52419,3765,,,1,70,,52425,3765,,,1,30,,52420,3765,,,1,70,,52430,3765,,,1,30,,52413,3765,,,1,70,,52433,3765,,,1,30,,52429,3765,,,1,70,,52414,3765,,,1,30,,52422,3765,,,1,70,,52424,3765,,,1,30,,52436,3765,,,1,70,,52421,3765,,,1,30,,52439,3765,,,1,70,,52437,3765,,,1,30,,52438,3765,,,1,70,,52431,3765,,,1,30,,52440,3765,,,1,70,,52441,3765,,,1,100,,52435,3765,,,1,100,,52423,3765,,,1
400,'SE',601,,52468,3765,,,1,20,,52475,3765,,,1,15,,52476,3765,,,1,20,,52467,3765,,,1,66,,52478,3765,,,1,18,,52470,3765,,,1,64,,52479,3765,,,1,11,,52483,3765,,,1,32,,52474,3765,,,1,53,,52453,3765,,,1,23,,52442,3765,,,1,31,,52455,3765,,,1,70,,52447,3765,,,1,30,,52448,3765,,,1,70,,52449,3765,,,1,30,,52451,3765,,,1,70,,52460,3765,,,1,30,,52461,3765,,,1,70,,52450,3765,,,1,29,,52446,3765,,,1,69,,52443,3765,,,1,31,,52477,3765,,,1,66,,52482,3765,,,1,34,,52480,3765,,,1,71,,52471,3765,,,1,30,,52472,3765,,,1,70,,52481,3765,,,1,24,,52459,3765,,,1,60,,52454,3765,,,1,34,,52464,3765,,,1,74,,52457,3765,,,1,30,,52444,3765,,,1,70,,52463,3765,,,1,30,,52465,3765,,,1,70,,52462,3765,,,1,30,,52452,3765,,,1,69,,52458,3765,,,1,30,,52466,3765,,,1,100,,52456,3765,,,1,100,,52445,3765,,,1
3200,'DI',607,,56554,3765,0,44,1,101,,56555,3765,0,44,1,99,,56556,3765,0,44,1,101,,56562,3765,0,44,1,100,,56561,3765,0,44,1,100,,56557,3765,0,44,1,101,,56558,3765,0,44,1,100,,56565,3765,0,44,1,98,,56563,3765,0,44,1,104,,56559,3765,0,44,1,96,,56566,3765,0,44,1,101,,56564,3765,0,44,1,100,,56567,3765,0,44,1,100,,56570,3765,0,44,1,100,,56568,3765,0,44,1,100,,56572,3765,0,44,1,100,,56571,3765,0,44,1,100,,56569,3765,0,44,1,100,,56573,3765,0,44,1,100,,56560,3765,0,44,1
3200,'F1',607,,56574,3765,0,44,1,101,,56575,3765,0,44,1,99,,56576,3765,0,44,1,101,,56582,3765,0,44,1,100,,56581,3765,0,44,1,100,,56577,3765,0,44,1,101,,56578,3765,0,44,1,100,,56585,3765,0,44,1,98,,56583,3765,0,44,1,104,,56579,3765,0,44,1,96,,56586,3765,0,44,1,101,,56584,3765,0,44,1,100,,56587,3765,0,44,1,100,,56590,3765,0,44,1,100,,56588,3765,0,44,1,100,,56592,3765,0,44,1,100,,56591,3765,0,44,1,100,,56589,3765,0,44,1,100,,56593,3765,0,44,1,100,,56580,3765,0,44,1
3200,'F2',607,,56595,3765,0,44,1,101,,56596,3765,0,44,1,96,,56601,3765,0,44,1,102,,56603,3765,0,44,1,101,,56594,3765,0,44,1,101,,56602,3765,0,44,1,99,,56604,3765,0,44,1,103,,56605,3765,0,44,1,102,,56607,3765,0,44,1,97,,56597,3765,0,44,1,98,,56606,3765,0,44,1,101,,56608,3765,0,44,1,100,,56598,3765,0,44,1,100,,56609,3765,0,44,1,100,,56613,3765,0,44,1,100,,56611,3765,0,44,1,100,,56610,3765,0,44,1,100,,56599,3765,0,44,1,100,,56612,3765,0,44,1,100,,56600,3765,0,44,1
3200,'SA',607,,56615,3765,0,44,1,101,,56616,3765,0,44,1,96,,56621,3765,0,44,1,102,,56623,3765,0,44,1,101,,56614,3765,0,44,1,101,,56622,3765,0,44,1,99,,56624,3765,0,44,1,103,,56625,3765,0,44,1,102,,56627,3765,0,44,1,97,,56617,3765,0,44,1,98,,56626,3765,0,44,1,101,,56628,3765,0,44,1,100,,56618,3765,0,44,1,100,,56629,3765,0,44,1,100,,56633,3765,0,44,1,100,,56631,3765,0,44,1,100,,56630,3765,0,44,1,100,,56619,3765,0,44,1,100,,56632,3765,0,44,1,100,,56620,3765,0,44,1
3200,'SE',617,,56649,3765,,,1,32,,56650,3765,,,1,64,,56655,3765,,,1,32,,56648,3765,,,1,76,,56658,3765,,,1,19,,56634,3765,0,44,1,96,,56641,3765,0,44,1,100,,56636,3765,0,44,1,100,,56647,3765,0,44,1,100,,56640,3765,0,44,1,100,,56642,3765,0,44,1,104,,56644,3765,0,44,1,105,,56656,3765,,,1,68,,56654,3765,,,1,30,,56652,3765,,,1,71,,56657,3765,,,1,25,,56651,3765,,,1,74,,56659,3765,,,1,25,,56653,3765,,,1,73,,56645,3765,0,44,1,30,,56639,3765,0,44,1,100,,56643,3765,0,44,1,100,,56646,3765,0,44,1,100,,56635,3765,0,44,1,100,,56637,3765,0,44,1,101,,56638,3765,0,44,1
3800,'DI',651,,57046,3801,,,1,100,,57049,3801,,,1,100,,57040,3801,,,1,101,,57053,3801,,,1,96,,57051,3801,,,1,100,,57055,3801,,,1,103,,57043,3801,,,1,100,,57050,3801,,,1,100,,57047,3801,,,1,101,,57054,3801,,,1,104,,57041,3801,,,1,101,,57048,3801,,,1,97,,57056,3801,,,1,100,,57044,3801,,,1,99,,57052,3801,,,1,101,,57057,3801,,,1,100,,57042,3801,,,1,100,,57045,3801,,,1
3800,'F1',651,,57064,3801,,,1,100,,57067,3801,,,1,100,,57058,3801,,,1,101,,57071,3801,,,1,96,,57069,3801,,,1,100,,57073,3801,,,1,103,,57061,3801,,,1,100,,57068,3801,,,1,100,,57065,3801,,,1,101,,57072,3801,,,1,104,,57059,3801,,,1,101,,57066,3801,,,1,97,,57074,3801,,,1,100,,57062,3801,,,1,99,,57070,3801,,,1,101,,57075,3801,,,1,100,,57060,3801,,,1,100,,57063,3801,,,1
3800,'F2',551,,57080,3801,,,1,100,,57083,3801,,,1,100,,57087,3801,,,1,100,,57077,3801,,,1,100,,57091,3801,,,1,100,,57078,3801,,,1,100,,57084,3801,,,1,104,,57093,3801,,,1,100,,57079,3801,,,1,100,,57088,3801,,,1,102,,57092,3801,,,1,100,,57089,3801,,,1,100,,57076,3801,,,1,97,,57094,3801,,,1,100,,57085,3801,,,1,99,,57081,3801,,,1,100,,57082,3801,,,1,101,,57090,3801,,,1,99,,57086,3801,,,1
3800,'SA',551,,57099,3801,,,1,100,,57102,3801,,,1,100,,57106,3801,,,1,100,,57096,3801,,,1,100,,57110,3801,,,1,100,,57097,3801,,,1,100,,57103,3801,,,1,104,,57112,3801,,,1,100,,57098,3801,,,1,100,,57107,3801,,,1,102,,57111,3801,,,1,100,,57108,3801,,,1,100,,57095,3801,,,1,97,,57113,3801,,,1,100,,57104,3801,,,1,99,,57100,3801,,,1,100,,57101,3801,,,1,101,,57109,3801,,,1,99,,57105,3801,,,1
3800,'SE',607,,57120,3801,,,1,21,,57122,3801,,,1,18,,57125,3801,,,1,58,,57126,3801,,,1,24,,57127,3801,,,1,12,,57128,3801,,,1,60,,57129,3801,,,1,24,,57119,3801,,,1,29,,57131,3801,,,1,58,,57133,3801,,,1,17,,57137,3801,,,1,30,,57134,3801,,,1,85,,57138,3801,,,1,100,,57115,3801,,,1,100,,57123,3801,,,1,100,,57139,3801,,,1,94,,57114,3801,,,1,67,,57116,3801,,,1,33,,57118,3801,,,1,70,,57124,3801,,,1,30,,57141,3801,,,1,71,,57130,3801,,,1,26,,57140,3801,,,1,66,,57142,3801,,,1,54,,57143,3801,,,1,100,,57136,3801,,,1,100,,57121,3801,,,1,100,,57132,3801,,,1,100,,57135,3801,,,1,100,,57117,3801,,,1
53201,'SE',904,,63438,2672,,,2,1,,63439,2672,,,2
64000,'SE',1631,,63503,8489,,,2,1,,63504,8489,,,2,1,,63505,8489,,,2
64001,'SE',841,,63508,4195,,,2,1,,63507,4195,,,2,1,,63506,4195,,,2
69700,'SE',1627,,63595,5872,,,2,1,,63596,5872,,,2
