301,'DI',629,,52169,8022,,,1,100,,52177,8022,,,1,100,,52170,8022,,,1,100,,52178,8022,,,1,100,,52171,8022,,,1,100,,52172,8022,,,1,100,,52180,8022,,,1,100,,52173,8022,,,1,100,,52174,8022,,,1,100,,52175,8022,,,1,100,,52179,8022,,,1,100,,705,8022,,,1,100,,706,8022,,,1,100,,52176,8022,,,1,100,,20857,8022,,,1,100,,20858,8022,,,1,100,,20859,8022,,,1,100,,20860,8022,,,1,100,,20861,8022,,,1
301,'F2',559,,52203,8022,,,1,70,,52205,8022,,,1,30,,52208,8022,,,1,70,,52193,8022,,,1,30,,52204,8022,,,1,70,,52212,8022,,,1,30,,52209,8022,,,1,70,,52194,8022,,,1,30,,52200,8022,,,1,70,,52195,8022,,,1,30,,52210,8022,,,1,70,,52213,8022,,,1,30,,52201,8022,,,1,70,,52216,8022,,,1,30,,52202,8022,,,1,70,,52217,8022,,,1,30,,43328,8022,,,1,70,,52218,8022,,,1,30,,43329,8022,,,1,70,,52211,8022,,,1,30,,52196,8022,,,1,70,,52222,8022,,,1,30,,52197,8022,,,1,70,,52223,8022,,,1,30,,52198,8022,,,1,70,,52224,8022,,,1,100,,52214,8022,,,1,100,,52215,8022,,,1,100,,52219,8022,,,1,100,,52220,8022,,,1,100,,52221,8022,,,1,100,,52207,8022,,,1
301,'SA',559,,52235,8022,,,1,70,,52237,8022,,,1,30,,52240,8022,,,1,70,,52225,8022,,,1,30,,52236,8022,,,1,70,,52244,8022,,,1,30,,52241,8022,,,1,70,,52226,8022,,,1,30,,52232,8022,,,1,70,,52227,8022,,,1,30,,52242,8022,,,1,70,,52245,8022,,,1,30,,52233,8022,,,1,70,,52248,8022,,,1,30,,52234,8022,,,1,70,,52249,8022,,,1,30,,847,8022,,,1,70,,52250,8022,,,1,30,,848,8022,,,1,70,,52243,8022,,,1,30,,52228,8022,,,1,70,,52254,8022,,,1,30,,52229,8022,,,1,70,,52255,8022,,,1,30,,52230,8022,,,1,70,,52256,8022,,,1,100,,52246,8022,,,1,100,,52247,8022,,,1,100,,52251,8022,,,1,100,,52252,8022,,,1,100,,52253,8022,,,1,100,,52239,8022,,,1
301,'SE',516,,52257,8022,,,1,30,,52270,8022,,,1,72,,52283,8022,,,1,25,,52291,8022,,,1,61,,52295,8022,,,1,15,,52290,8022,,,1,16,,52269,8022,,,1,15,,52293,8022,,,1,55,,52300,8022,,,1,19,,52284,8022,,,1,21,,52294,8022,,,1,59,,52288,8022,,,1,28,,52278,8022,,,1,70,,52280,8022,,,1,30,,52279,8022,,,1,70,,52281,8022,,,1,30,,52268,8022,,,1,70,,52273,8022,,,1,30,,52258,8022,,,1,70,,52274,8022,,,1,30,,52259,8022,,,1,70,,52275,8022,,,1,30,,52260,8022,,,1,70,,52296,8022,,,1,32,,52285,8022,,,1,79,,52297,8022,,,1,44,,52301,8022,,,1,81,,52298,8022,,,1,78,,52282,8022,,,1,89,,52271,8022,,,1,27,,52276,8022,,,1,27,,52272,8022,,,1,70,,52277,8022,,,1,30,,52266,8022,,,1,70,,52261,8022,,,1,30,,52267,8022,,,1,70,,52262,8022,,,1,100,,52263,8022,,,1,100,,52264,8022,,,1
400,'DI',644,,52309,18985,,,1,69,,52302,18985,,,1,30,,52320,18985,,,1,70,,52312,18985,,,1,30,,52310,18985,,,1,72,,52303,18985,,,1,30,,52321,18985,,,1,72,,52313,18985,,,1,30,,52323,18985,,,1,70,,52304,18985,,,1,33,,52322,18985,,,1,70,,52314,18985,,,1,27,,52324,18985,,,1,71,,52305,18985,,,1,32,,52329,18985,,,1,70,,52327,18985,,,1,28,,52317,18985,,,1,71,,52306,18985,,,1,29,,52325,18985,,,1,70,,52330,18985,,,1,32,,52315,18985,,,1,70,,52307,18985,,,1,30,,52326,18985,,,1,70,,52331,18985,,,1,30,,52316,18985,,,1,68,,52318,18985,,,1,30,,52332,18985,,,1,70,,52328,18985,,,1,30,,52333,18985,,,1,70,,52319,18985,,,1,30,,52311,18985,,,1,70,,52334,18985,,,1,30,,52336,18985,,,1,100,,52335,18985,,,1,100,,52308,18985,,,1
400,'F2',644,,52373,18985,,,1,69,,52391,18985,,,1,30,,52375,18985,,,1,70,,52380,18985,,,1,30,,52374,18985,,,1,72,,52392,18985,,,1,30,,52376,18985,,,1,72,,52381,18985,,,1,31,,52383,18985,,,1,70,,52393,18985,,,1,32,,52377,18985,,,1,70,,52382,18985,,,1,30,,52399,18985,,,1,70,,52397,18985,,,1,30,,52372,18985,,,1,70,,52384,18985,,,1,30,,52390,18985,,,1,70,,52385,18985,,,1,30,,52395,18985,,,1,70,,52378,18985,,,1,30,,52398,18985,,,1,70,,52394,18985,,,1,30,,52379,18985,,,1,70,,52387,18985,,,1,28,,52389,18985,,,1,70,,52401,18985,,,1,30,,52386,18985,,,1,70,,52404,18985,,,1,30,,52402,18985,,,1,70,,52403,18985,,,1,30,,52396,18985,,,1,70,,52405,18985,,,1,30,,52406,18985,,,1,100,,52400,18985,,,1,100,,52388,18985,,,1
400,'SA',644,,52408,18985,,,1,69,,52426,18985,,,1,30,,52410,18985,,,1,70,,52415,18985,,,1,30,,52409,18985,,,1,72,,52427,18985,,,1,30,,52411,18985,,,1,72,,52416,18985,,,1,31,,52418,18985,,,1,70,,52428,18985,,,1,32,,52412,18985,,,1,70,,52417,18985,,,1,30,,52434,18985,,,1,70,,52432,18985,,,1,30,,52407,18985,,,1,70,,52419,18985,,,1,30,,52425,18985,,,1,70,,52420,18985,,,1,30,,52430,18985,,,1,70,,52413,18985,,,1,30,,52433,18985,,,1,70,,52429,18985,,,1,30,,52414,18985,,,1,70,,52422,18985,,,1,28,,52424,18985,,,1,70,,52436,18985,,,1,30,,52421,18985,,,1,70,,52439,18985,,,1,30,,52437,18985,,,1,70,,52438,18985,,,1,30,,52431,18985,,,1,70,,52440,18985,,,1,30,,52441,18985,,,1,100,,52435,18985,,,1,100,,52423,18985,,,1
400,'SE',548,,52473,18985,,,1,65,,52469,18985,,,1,28,,52468,18985,,,1,60,,52475,18985,,,1,15,,52476,18985,,,1,20,,52467,18985,,,1,66,,52478,18985,,,1,20,,52470,18985,,,1,24,,52479,18985,,,1,8,,52483,18985,,,1,72,,52474,18985,,,1,13,,52453,18985,,,1,63,,52442,18985,,,1,31,,52455,18985,,,1,70,,52447,18985,,,1,30,,52448,18985,,,1,70,,52449,18985,,,1,30,,52451,18985,,,1,70,,52460,18985,,,1,30,,52461,18985,,,1,70,,52450,18985,,,1,29,,52446,18985,,,1,69,,52443,18985,,,1,34,,52477,18985,,,1,66,,52482,18985,,,1,37,,52480,18985,,,1,67,,52471,18985,,,1,30,,52472,18985,,,1,69,,52481,18985,,,1,25,,52459,18985,,,1,20,,52454,18985,,,1,71,,52464,18985,,,1,34,,52457,18985,,,1,70,,52444,18985,,,1,30,,52463,18985,,,1,67,,52465,18985,,,1,30,,52462,18985,,,1,70,,52452,18985,,,1,27,,52458,18985,,,1,70,,52466,18985,,,1,100,,52456,18985,,,1
901,'SE',630,,53731,12298,,,2,72,,53732,12298,,,2,32,,53733,12298,,,2,70,,53730,12298,,,2,28,,53734,12298,,,2,824,,53737,5760,,,2,79,,53736,5760,,,2,22,,53735,5760,,,2
1901,'DI',558,,55208,12361,,,2,100,,55209,12361,,,2,100,,55210,12361,,,2,100,,55211,12361,,,2,144,,55212,12361,,,2,100,,55213,12361,,,2,100,,55214,12361,,,2,100,,55215,12361,,,2,100,,55216,12361,,,2,100,,55217,12361,,,2,100,,55218,12361,,,2,100,,55219,12361,,,2,100,,55220,12361,,,2,100,,55221,12361,,,2,100,,55222,12361,,,2,100,,55223,12361,,,2,100,,55224,12361,,,2,100,,55226,12361,,,2,100,,55225,12361,,,2,100,,55227,12361,,,2
1901,'F2',558,,55259,12361,,,2,70,,55280,12361,,,2,30,,55260,12361,,,2,70,,55281,12361,,,2,30,,55261,12361,,,2,70,,55251,12361,,,2,30,,55262,12361,,,2,70,,55252,12361,,,2,74,,55263,12361,,,2,30,,55253,12361,,,2,70,,55264,12361,,,2,30,,55254,12361,,,2,70,,55265,12361,,,2,30,,55255,12361,,,2,70,,55266,12361,,,2,30,,55256,12361,,,2,70,,55267,12361,,,2,30,,55257,12361,,,2,70,,55268,12361,,,2,30,,55258,12361,,,2,70,,55269,12361,,,2,30,,55248,12361,,,2,70,,55270,12361,,,2,30,,55249,12361,,,2,70,,55271,12361,,,2,30,,55250,12361,,,2,70,,55272,12361,,,2,100,,55273,12361,,,2,100,,55274,12361,,,2,100,,55275,12361,,,2,100,,55276,12361,,,2,100,,55277,12361,,,2,100,,55278,12361,,,2
1901,'SA',558,,55293,12361,,,2,70,,55314,12361,,,2,30,,55294,12361,,,2,70,,55315,12361,,,2,30,,55295,12361,,,2,70,,55285,12361,,,2,30,,55296,12361,,,2,70,,55286,12361,,,2,74,,55297,12361,,,2,30,,55287,12361,,,2,70,,55298,12361,,,2,30,,55288,12361,,,2,70,,55299,12361,,,2,30,,55289,12361,,,2,70,,55300,12361,,,2,30,,55290,12361,,,2,70,,55301,12361,,,2,30,,55291,12361,,,2,70,,55302,12361,,,2,30,,55292,12361,,,2,70,,55303,12361,,,2,30,,55282,12361,,,2,70,,55304,12361,,,2,30,,55283,12361,,,2,70,,55305,12361,,,2,30,,55284,12361,,,2,70,,55306,12361,,,2,100,,55307,12361,,,2,100,,55308,12361,,,2,100,,55309,12361,,,2,100,,55310,12361,,,2,100,,55311,12361,,,2,100,,55312,12361,,,2
1901,'SE',517,,55320,12361,,,2,35,,55319,12361,,,2,70,,55352,12361,,,2,23,,55342,10383,,,2,14,,55346,10383,,,2,55,,55340,10383,,,2,13,,55347,10383,,,2,12,,55344,10383,,,2,12,,55343,10383,,,2,52,,55349,10383,,,2,14,,55341,10383,,,2,21,,55348,10383,,,2,20,,55345,10383,,,2,73,,55337,12361,,,2,74,,55332,12361,,,2,30,,55338,12361,,,2,70,,55333,12361,,,2,30,,55323,12361,,,2,70,,55334,12361,,,2,30,,55324,12361,,,2,70,,55335,12361,,,2,30,,45338,12361,,,2,70,,55336,12361,,,2,32,,45339,12361,,,2,71,,55356,12361,,,2,30,,55358,12361,,,2,70,,55351,12361,,,2,21,,55350,12361,,,2,23,,55359,12361,,,2,60,,55355,12361,,,2,21,,55360,12361,,,2,17,,55357,12361,,,2,57,,55354,12361,,,2,19,,55353,12361,,,2,19,,55339,12361,,,2,64,,55329,12361,,,2,25,,55330,12361,,,2,70,,55325,12361,,,2,30,,55331,12361,,,2,70,,55326,12361,,,2,30,,55321,12361,,,2,69,,55327,12361,,,2,100,,55328,12361,,,2,100,,55316,12361,,,2,100,,55317,12361,,,2
2101,'DI',616,,55843,13400,,,1,30,,55842,13400,,,1,70,,55853,13400,,,1,29,,55850,13400,,,1,70,,55860,13400,,,1,30,,55849,13400,,,1,71,,55857,13400,,,1,30,,55874,13400,,,1,70,,55848,13400,,,1,27,,55851,13400,,,1,73,,55854,13400,,,1,30,,55862,13400,,,1,72,,55852,13400,,,1,30,,55870,13400,,,1,71,,55844,13400,,,1,34,,55868,13400,,,1,70,,55861,13400,,,1,30,,55858,13400,,,1,70,,55866,13400,,,1,30,,55869,13400,,,1,70,,55855,13400,,,1,30,,55867,13400,,,1,70,,55845,13400,,,1,30,,55859,13400,,,1,70,,55873,13400,,,1,30,,55865,13400,,,1,65,,55863,13400,,,1,27,,55838,13400,,,1,70,,55856,13400,,,1,30,,55872,13400,,,1,70,,55846,13400,,,1,30,,55871,13400,,,1,70,,55835,13400,,,1,30,,55837,13400,,,1,70,,55864,13400,,,1,30,,55847,13400,,,1,70,,55840,13400,,,1,30,,55839,13400,,,1
2101,'F2',616,,55917,13400,,,1,30,,55919,13400,,,1,70,,55948,13400,,,1,30,,55918,13400,,,1,72,,55938,13400,,,1,30,,55929,13400,,,1,70,,55920,13400,,,1,30,,55949,13400,,,1,70,,55944,13400,,,1,25,,55941,13400,,,1,71,,55933,13400,,,1,34,,55936,13400,,,1,73,,55942,13400,,,1,26,,55950,13400,,,1,74,,55927,13400,,,1,32,,55953,13400,,,1,70,,55945,13400,,,1,30,,55937,13400,,,1,70,,55921,13400,,,1,30,,55954,13400,,,1,70,,55946,13400,,,1,30,,55932,13400,,,1,70,,55922,13400,,,1,30,,55939,13400,,,1,70,,55947,13400,,,1,30,,55926,13400,,,1,65,,55923,13400,,,1,27,,55940,13400,,,1,70,,55951,13400,,,1,30,,55943,13400,,,1,70,,55915,13400,,,1,30,,55934,13400,,,1,70,,55924,13400,,,1,30,,55928,13400,,,1,70,,55930,13400,,,1,30,,55916,13400,,,1,70,,55952,13400,,,1,30,,55935,13400,,,1,70,,55931,13400,,,1
2101,'SA',616,,55957,13400,,,1,30,,55959,13400,,,1,70,,55988,13400,,,1,30,,55958,13400,,,1,72,,55978,13400,,,1,30,,55969,13400,,,1,70,,55960,13400,,,1,30,,55989,13400,,,1,70,,55984,13400,,,1,25,,55981,13400,,,1,71,,55973,13400,,,1,34,,55976,13400,,,1,73,,55982,13400,,,1,26,,55990,13400,,,1,74,,55967,13400,,,1,32,,55993,13400,,,1,70,,55985,13400,,,1,30,,55977,13400,,,1,70,,55961,13400,,,1,30,,55994,13400,,,1,70,,55986,13400,,,1,30,,55972,13400,,,1,70,,55962,13400,,,1,30,,55979,13400,,,1,70,,55987,13400,,,1,30,,55966,13400,,,1,65,,55963,13400,,,1,27,,55980,13400,,,1,70,,55991,13400,,,1,30,,55983,13400,,,1,70,,55955,13400,,,1,30,,55974,13400,,,1,70,,55964,13400,,,1,30,,55968,13400,,,1,70,,55970,13400,,,1,30,,55956,13400,,,1,70,,55992,13400,,,1,30,,55975,13400,,,1,70,,55971,13400,,,1
2101,'SE',513,,55997,13400,,,1,46,,55996,13400,,,1,67,,56025,13400,,,1,15,,45788,13400,,,1,15,,56021,13400,,,1,55,,45786,13400,,,1,10,,56030,13400,,,1,10,,56027,13400,,,1,13,,56022,13400,,,1,10,,56032,13400,,,1,50,,56031,13400,,,1,10,,56023,13400,,,1,13,,45789,13400,,,1,18,,56028,13400,,,1,57,,56033,13400,,,1,23,,56035,13400,,,1,13,,56036,13400,,,1,20,,56010,13400,,,1,61,,56001,13400,,,1,27,,55998,13400,,,1,74,,56000,13400,,,1,30,,55995,13400,,,1,70,,55999,13400,,,1,32,,56005,13400,,,1,73,,56011,13400,,,1,30,,56006,13400,,,1,70,,56012,13400,,,1,80,,56002,13400,,,1,23,,56037,13400,,,1,30,,56026,13400,,,1,73,,56041,13400,,,1,15,,56034,13400,,,1,55,,56024,13400,,,1,14,,56039,13400,,,1,15,,56038,13400,,,1,18,,56029,13400,,,1,59,,56040,13400,,,1,16,,56019,13400,,,1,20,,56016,13400,,,1,66,,56014,13400,,,1,26,,56007,13400,,,1,65,,56017,13400,,,1,30,,56013,13400,,,1,70,,56015,13400,,,1,29,,56008,13400,,,1,30,,56009,13400,,,1,70,,56003,13400,,,1,98,,56020,13400,,,1,97,,56018,13400,,,1
7701,'DI',830,,60045,13315,,,1,100,,60047,13315,,,1,100,,60046,13315,,,1,100,,60048,13315,,,1,100,,60049,13315,,,1,100,,60051,13315,,,1,100,,60050,13315,,,1,102,,60052,13315,,,1,100,,60043,13315,,,1,100,,60053,13315,,,1,100,,60044,13315,,,1,97,,60054,13315,,,1,98,,60055,13315,,,1,100,,60057,13315,,,1,100,,60056,13315,,,1
7701,'F2',830,,60073,13315,,,1,100,,60075,13315,,,1,100,,60074,13315,,,1,100,,60076,13315,,,1,100,,60078,13315,,,1,100,,60077,13315,,,1,100,,60079,13315,,,1,102,,60080,13315,,,1,100,,60081,13315,,,1,100,,60083,13315,,,1,100,,60082,13315,,,1,97,,60084,13315,,,1,98,,60085,13315,,,1,100,,60087,13315,,,1,100,,60086,13315,,,1
7701,'SA',830,,60088,13315,,,1,100,,60090,13315,,,1,100,,60089,13315,,,1,100,,60091,13315,,,1,100,,60093,13315,,,1,100,,60092,13315,,,1,100,,60094,13315,,,1,102,,60095,13315,,,1,100,,60096,13315,,,1,100,,60098,13315,,,1,100,,60097,13315,,,1,97,,60099,13315,,,1,98,,60100,13315,,,1,100,,60102,13315,,,1,100,,60101,13315,,,1
7701,'SE',651,,60103,13315,,,1,51,,60106,13315,,,1,7,,60124,13315,,,1,7,,60107,13315,,,1,12,,60108,13315,,,1,3,,60111,13315,,,1,8,,60112,13315,,,1,18,,60113,13315,,,1,72,,60126,13315,,,1,30,,60104,13315,,,1,67,,60125,13315,,,1,4,,60109,13315,,,1,71,,60114,13315,,,1,30,,60127,13315,,,1,70,,60105,13315,,,1,30,,60110,13315,,,1,70,,60115,13315,,,1,32,,60128,13315,,,1,70,,60129,13315,,,1,31,,60130,13315,,,1,73,,60116,13315,,,1,30,,60131,13315,,,1,70,,60118,13315,,,1,29,,60122,13315,,,1,73,,60117,13315,,,1,30,,60134,13315,,,1,70,,60119,13315,,,1,25,,60123,13315,,,1,70,,60137,13315,,,1,34,,60120,13315,,,1,70,,60135,13315,,,1,28,,60132,13315,,,1,69,,60138,13315,,,1,30,,60121,13315,,,1,72,,60136,13315,,,1,26,,60133,13315,,,1,26,,60139,13315,,,1
9801,'SE',743,,61273,19497,,,2,874,,61272,19497,,,2,32,,61271,19497,,,2,66,,61274,19497,,,2,31,,61270,19497,,,2,66,,61269,19497,,,2,30,,61275,19497,,,2,594,,61276,17392,,,2
9901,'DI',922,,61383,26479,,,2,100,,61384,26479,,,2,100,,61372,26479,,,2,104,,61381,26479,,,2,100,,61375,26479,,,2,100,,61376,26479,,,2,100,,61373,26479,,,2,100,,61386,26479,,,2,100,,61388,26479,,,2,96,,61385,26479,,,2,104,,61377,26479,,,2,96,,61374,26479,,,2,100,,61379,26479,,,2,100,,61378,26479,,,2,100,,61387,26479,,,2
9901,'F2',817,,61423,26479,,,2,105,,61413,26479,,,2,98,,61409,26479,,,2,102,,61414,26479,,,2,104,,61407,26479,,,2,100,,61421,26479,,,2,100,,61415,26479,,,2,100,,61416,26479,,,2,98,,61420,26479,,,2,102,,61412,26479,,,2,96,,61408,26479,,,2,100,,61410,26479,,,2,100,,61417,26479,,,2,100,,61411,26479,,,2,100,,61406,26479,,,2,100,,61418,26479,,,2,100,,61419,26479,,,2
9901,'SA',817,,61442,26479,,,2,105,,61432,26479,,,2,98,,61428,26479,,,2,102,,61433,26479,,,2,104,,61426,26479,,,2,100,,61440,26479,,,2,100,,61434,26479,,,2,100,,61435,26479,,,2,98,,61439,26479,,,2,102,,61431,26479,,,2,96,,61427,26479,,,2,100,,61429,26479,,,2,100,,61436,26479,,,2,100,,61430,26479,,,2,100,,61425,26479,,,2,100,,61437,26479,,,2,100,,61438,26479,,,2
9901,'SE',613,,61445,24193,,,2,30,,61446,24193,,,2,60,,61450,24193,,,2,18,,61449,24193,,,2,26,,61448,24193,,,2,69,,61444,24193,,,2,36,,61447,24193,,,2,70,,61468,26479,,,2,100,,61453,26479,,,2,100,,61463,26479,,,2,100,,61451,26479,,,2,101,,61459,26479,,,2,100,,61455,26479,,,2,99,,61452,26479,,,2,97,,61471,26479,,,2,29,,61469,26479,,,2,66,,61465,26479,,,2,38,,61466,26479,,,2,69,,61467,26479,,,2,27,,61470,26479,,,2,76,,61460,26479,,,2,98,,61454,26479,,,2,100,,61457,26479,,,2,100,,61464,26479,,,2,100,,61456,26479,,,2,100,,61458,26479,,,2
12801,'SE',709,,61953,17684,,,2,822,,61952,17684,,,2,172,,61954,17684,,,2
19901,'SE',645,,62536,19013,,,2,67,,62534,19013,,,2,35,,62535,19013,,,2,72,,62533,19013,,,2
42101,'SE',614,,62811,9597,,,1,38,,62809,9597,,,1,65,,62808,9597,,,1,22,,62819,9597,,,1,17,,62812,9597,,,1,72,,62817,9597,,,1,723,,62813,9597,,,1,75,,62820,9597,,,1,19,,62818,9597,,,1,70,,62816,9597,,,1,29,,62814,9597,,,1,69,,62815,9597,,,1,533,,62807,9597,,,1
42801,'DI',656,,62929,12089,,,1,154,,62930,12089,,,1,109,,62931,12089,,,1,106,,62932,12089,,,1,110,,62933,12089,,,1,75,,62939,12089,,,1,35,,62934,12089,,,1,76,,62940,12089,,,1,35,,62935,12089,,,1,77,,62941,12089,,,1,74,,62936,12089,,,1,36,,62942,12089,,,1,75,,62937,12089,,,1,84,,62943,12089,,,1,33,,62938,12089,,,1,108,,62944,12089,,,1,106,,62945,12089,,,1,108,,62946,12089,,,1,150,,62947,12089,,,1,114,,62948,12089,,,1
42801,'F2',656,,62969,12089,,,1,154,,62970,12089,,,1,109,,62971,12089,,,1,106,,62972,12089,,,1,110,,62973,12089,,,1,75,,62979,12089,,,1,35,,62974,12089,,,1,76,,62980,12089,,,1,35,,62975,12089,,,1,77,,62981,12089,,,1,74,,62976,12089,,,1,36,,62982,12089,,,1,75,,62977,12089,,,1,84,,62983,12089,,,1,33,,62978,12089,,,1,108,,62984,12089,,,1,106,,62985,12089,,,1,108,,62986,12089,,,1,150,,62987,12089,,,1,114,,62988,12089,,,1
42801,'SA',656,,62989,12089,,,1,154,,62990,12089,,,1,109,,62991,12089,,,1,106,,62992,12089,,,1,110,,62993,12089,,,1,75,,62999,12089,,,1,35,,62994,12089,,,1,76,,63000,12089,,,1,35,,62995,12089,,,1,77,,63001,12089,,,1,74,,62996,12089,,,1,36,,63002,12089,,,1,75,,62997,12089,,,1,84,,63003,12089,,,1,33,,62998,12089,,,1,108,,63004,12089,,,1,106,,63005,12089,,,1,108,,63006,12089,,,1,150,,63007,12089,,,1,114,,63008,12089,,,1
42801,'SE',611,,63009,12089,,,1,40,,63019,12089,,,1,79,,63010,12089,,,1,78,,63020,12089,,,1,40,,63011,12089,,,1,71,,63021,12089,,,1,34,,63012,12089,,,1,72,,63022,12089,,,1,75,,63013,12089,,,1,35,,63023,12089,,,1,75,,63014,12089,,,1,35,,63024,12089,,,1,74,,63015,12089,,,1,33,,63025,12089,,,1,76,,63016,12089,,,1,75,,63026,12089,,,1,36,,63017,12089,,,1,77,,63027,12089,,,1,40,,63018,12089,,,1,79,,63028,12089,,,1,71,,63035,12089,,,1,39,,63029,12089,,,1,72,,63036,12089,,,1,35,,63030,12089,,,1,107,,63031,12089,,,1,148,,63032,12089,,,1,114,,63033,12089,,,1,105,,63034,12089,,,1
44201,'SE',727,,63040,15639,,,2,100,,63039,15639,,,2
90101,'DI',546,,63968,21307,,,1,80,,63792,21307,,,1,30,,63797,21307,,,1,70,,63791,21307,,,1,30,,63807,21307,,,1,73,,63804,21307,,,1,72,,63798,21307,,,1,32,,63786,21307,,,1,71,,63793,21307,,,1,30,,63789,21307,,,1,71,,63808,21307,,,1,31,,63805,21307,,,1,70,,63803,21307,,,1,31,,63794,21307,,,1,73,,63811,21307,,,1,28,,63800,21307,,,1,70,,63809,21307,,,1,29,,63781,21307,,,1,65,,63795,21307,,,1,35,,63787,21307,,,1,70,,63779,21307,,,1,31,,63810,21307,,,1,70,,63783,21307,,,1,30,,63799,21307,,,1,68,,63790,21307,,,1,30,,63780,21307,,,1,67,,63806,21307,,,1,35,,63788,21307,,,1,104,,63785,21307,,,1,97,,63801,21307,,,1,100,,63782,21307,,,1,100,,63784,21307,,,1,100,,63796,21307,,,1,100,,63802,21307,,,1
90101,'F2',626,,63860,21307,,,1,30,,63869,21307,,,1,70,,63864,21307,,,1,30,,63866,21307,,,1,73,,63872,21307,,,1,72,,63863,21307,,,1,32,,63861,21307,,,1,71,,63868,21307,,,1,30,,63874,21307,,,1,71,,63849,21307,,,1,31,,63862,21307,,,1,70,,63873,21307,,,1,31,,63865,21307,,,1,73,,63875,21307,,,1,28,,63854,21307,,,1,70,,63851,21307,,,1,29,,63845,21307,,,1,65,,63858,21307,,,1,35,,63876,21307,,,1,70,,63855,21307,,,1,31,,63852,21307,,,1,70,,63846,21307,,,1,30,,63847,21307,,,1,68,,63870,21307,,,1,30,,63856,21307,,,1,67,,63850,21307,,,1,35,,63859,21307,,,1,104,,63877,21307,,,1,97,,63853,21307,,,1,100,,63867,21307,,,1,100,,63857,21307,,,1,100,,63848,21307,,,1,100,,63871,21307,,,1
90101,'SA',546,,63969,21307,,,1,80,,63893,21307,,,1,30,,63902,21307,,,1,70,,63897,21307,,,1,30,,63899,21307,,,1,73,,63905,21307,,,1,72,,63896,21307,,,1,32,,63894,21307,,,1,71,,63901,21307,,,1,30,,63907,21307,,,1,71,,63882,21307,,,1,31,,63895,21307,,,1,70,,63906,21307,,,1,31,,63898,21307,,,1,73,,63908,21307,,,1,28,,63887,21307,,,1,70,,63884,21307,,,1,29,,63878,21307,,,1,65,,63891,21307,,,1,35,,63909,21307,,,1,70,,63888,21307,,,1,31,,63885,21307,,,1,70,,63879,21307,,,1,30,,63880,21307,,,1,68,,63903,21307,,,1,30,,63889,21307,,,1,67,,63883,21307,,,1,35,,63892,21307,,,1,104,,63910,21307,,,1,97,,63886,21307,,,1,100,,63900,21307,,,1,100,,63890,21307,,,1,100,,63881,21307,,,1,100,,63904,21307,,,1
90101,'SE',542,,63970,21307,,,1,67,,63942,21307,,,1,30,,63945,21307,,,1,16,,63949,21307,,,1,55,,63917,21307,,,1,15,,63939,21307,,,1,15,,63919,21307,,,1,15,,63924,21307,,,1,50,,63948,21307,,,1,16,,63922,21307,,,1,10,,63927,21307,,,1,10,,63943,21307,,,1,12,,63914,21307,,,1,48,,63918,21307,,,1,5,,63944,21307,,,1,10,,63946,21307,,,1,10,,63920,21307,,,1,12,,63954,21307,,,1,15,,63941,21307,,,1,52,,63923,21307,,,1,20,,63925,21307,,,1,20,,63950,21307,,,1,60,,63928,21307,,,1,20,,63915,21307,,,1,20,,63947,21307,,,1,60,,63955,21307,,,1,20,,63911,21307,,,1,20,,63913,21307,,,1,60,,63926,21307,,,1,20,,63921,21307,,,1,20,,63929,21307,,,1,60,,63916,21307,,,1,20,,63958,21307,,,1,20,,63956,21307,,,1,60,,63930,21307,,,1,20,,63940,21307,,,1,24,,63953,21307,,,1,60,,63957,21307,,,1,20,,63931,21307,,,1,20,,63951,21307,,,1,70,,63959,21307,,,1,28,,63961,21307,,,1,73,,63963,21307,,,1,27,,63933,21307,,,1,72,,63952,21307,,,1,30,,63960,21307,,,1,63,,63935,21307,,,1,30,,63912,21307,,,1,70,,63962,21307,,,1,31,,63964,21307,,,1,70,,63932,21307,,,1,30,,63936,21307,,,1,70,,63937,21307,,,1,100,,63965,21307,,,1,100,,63934,21307,,,1,100,,63938,21307,,,1
