601,'DI',620,,53163,7719,,,1,30,,53166,7719,,,1,70,,53167,7719,,,1,30,,53172,7719,,,1,70,,53164,7719,,,1,30,,53179,7719,,,1,70,,53185,7719,,,1,30,,53159,7719,,,1,75,,53173,7719,,,1,30,,53189,7719,,,1,70,,53168,7719,,,1,30,,53165,7719,,,1,70,,53160,7719,,,1,33,,53186,7719,,,1,70,,53181,7719,,,1,30,,53180,7719,,,1,70,,53158,7719,,,1,30,,53176,7719,,,1,70,,53187,7719,,,1,30,,53161,7719,,,1,70,,53170,7719,,,1,30,,53174,7719,,,1,70,,53177,7719,,,1,27,,53171,7719,,,1,70,,53175,7719,,,1,30,,53183,7719,,,1,100,,53178,7719,,,1,100,,53169,7719,,,1,100,,53182,7719,,,1,100,,53162,7719,,,1,100,,53188,7719,,,1,100,,53184,7719,,,1
601,'F1',620,,53195,7719,,,1,30,,53198,7719,,,1,70,,53199,7719,,,1,30,,53204,7719,,,1,70,,53196,7719,,,1,30,,53211,7719,,,1,70,,53217,7719,,,1,30,,53191,7719,,,1,75,,53205,7719,,,1,30,,53221,7719,,,1,70,,53200,7719,,,1,30,,53197,7719,,,1,70,,53192,7719,,,1,33,,53218,7719,,,1,70,,53213,7719,,,1,30,,53212,7719,,,1,70,,53190,7719,,,1,30,,53208,7719,,,1,70,,53219,7719,,,1,30,,53193,7719,,,1,70,,53202,7719,,,1,30,,53206,7719,,,1,70,,53209,7719,,,1,27,,53203,7719,,,1,70,,53207,7719,,,1,30,,53215,7719,,,1,100,,53210,7719,,,1,100,,53201,7719,,,1,100,,53214,7719,,,1,100,,53194,7719,,,1,100,,53220,7719,,,1,100,,53216,7719,,,1
601,'F2',620,,53228,7719,,,1,30,,53225,7719,,,1,70,,53247,7719,,,1,30,,53230,7719,,,1,70,,53241,7719,,,1,30,,53226,7719,,,1,74,,53242,7719,,,1,26,,53231,7719,,,1,77,,53223,7719,,,1,23,,53224,7719,,,1,75,,53249,7719,,,1,26,,53232,7719,,,1,70,,53237,7719,,,1,38,,53233,7719,,,1,70,,53238,7719,,,1,29,,53245,7719,,,1,70,,53234,7719,,,1,30,,53250,7719,,,1,70,,53246,7719,,,1,30,,53235,7719,,,1,70,,53243,7719,,,1,30,,53239,7719,,,1,70,,53236,7719,,,1,28,,53229,7719,,,1,70,,53240,7719,,,1,30,,53244,7719,,,1,100,,44001,7719,,,1,100,,53222,7719,,,1,100,,53227,7719,,,1,100,,53248,7719,,,1,100,,53251,7719,,,1,100,,43999,7719,,,1
601,'SA',620,,53258,7719,,,1,30,,53255,7719,,,1,70,,53277,7719,,,1,30,,53260,7719,,,1,70,,53271,7719,,,1,30,,53256,7719,,,1,74,,53272,7719,,,1,26,,53261,7719,,,1,77,,53253,7719,,,1,23,,53254,7719,,,1,75,,53279,7719,,,1,26,,53262,7719,,,1,70,,53267,7719,,,1,38,,53263,7719,,,1,70,,53268,7719,,,1,29,,53275,7719,,,1,70,,53264,7719,,,1,30,,53280,7719,,,1,70,,53276,7719,,,1,30,,53265,7719,,,1,70,,53273,7719,,,1,30,,53269,7719,,,1,70,,53266,7719,,,1,28,,53259,7719,,,1,70,,53270,7719,,,1,30,,53274,7719,,,1,100,,22739,7719,,,1,100,,53252,7719,,,1,100,,53257,7719,,,1,100,,53278,7719,,,1,100,,53281,7719,,,1,100,,22737,7719,,,1
601,'SE',535,,53290,7719,,,1,70,,53289,7719,,,1,32,,53305,7719,,,1,71,,53311,7719,,,1,25,,53294,7719,,,1,77,,53282,7719,,,1,29,,53292,7719,,,1,72,,53295,7719,,,1,28,,53298,7719,,,1,70,,53306,7719,,,1,30,,53291,7719,,,1,70,,53304,7719,,,1,30,,53288,7719,,,1,70,,53296,7719,,,1,30,,53284,7719,,,1,70,,53315,7719,,,1,30,,53316,7719,,,1,70,,53310,7719,,,1,30,,53308,7719,,,1,72,,53285,7719,,,1,30,,53301,7719,,,1,66,,53302,7719,,,1,38,,53299,7719,,,1,66,,53309,7719,,,1,31,,53312,7719,,,1,65,,53314,7719,,,1,31,,53317,7719,,,1,70,,53297,7719,,,1,28,,53318,7719,,,1,70,,53293,7719,,,1,30,,53300,7719,,,1,70,,53313,7719,,,1,30,,53307,7719,,,1,70,,53286,7719,,,1,98,,53283,7719,,,1,100,,53287,7719,,,1,100,,53303,7719,,,1
1301,'DI',640,,54120,8771,,,1,100,,54114,8771,,,1,100,,54121,8771,,,1,100,,54117,8771,,,1,100,,54131,8771,,,1,100,,54122,8771,,,1,100,,54118,8771,,,1,100,,54125,8771,,,1,100,,54132,8771,,,1,100,,54123,8771,,,1,100,,54115,8771,,,1,100,,54130,8771,,,1,100,,54127,8771,,,1,100,,54116,8771,,,1,100,,54119,8771,,,1,100,,54128,8771,,,1,100,,54126,8771,,,1,100,,54124,8771,,,1,100,,54133,8771,,,1,100,,54129,8771,,,1
1301,'F1',640,,54140,8771,,,1,100,,54134,8771,,,1,100,,54141,8771,,,1,100,,54137,8771,,,1,100,,54151,8771,,,1,100,,54142,8771,,,1,100,,54138,8771,,,1,100,,54145,8771,,,1,100,,54152,8771,,,1,100,,54143,8771,,,1,100,,54135,8771,,,1,100,,54150,8771,,,1,100,,54147,8771,,,1,100,,54136,8771,,,1,100,,54139,8771,,,1,100,,54148,8771,,,1,100,,54146,8771,,,1,100,,54144,8771,,,1,100,,54153,8771,,,1,100,,54149,8771,,,1
1301,'F2',640,,54154,8771,,,1,100,,54164,8771,,,1,100,,54155,8771,,,1,100,,54165,8771,,,1,100,,54166,8771,,,1,100,,54172,8771,,,1,100,,54167,8771,,,1,100,,54158,8771,,,1,100,,54160,8771,,,1,100,,54173,8771,,,1,100,,54157,8771,,,1,100,,54168,8771,,,1,100,,54161,8771,,,1,100,,54156,8771,,,1,100,,54159,8771,,,1,100,,54169,8771,,,1,100,,54162,8771,,,1,100,,54170,8771,,,1,100,,54163,8771,,,1,100,,54171,8771,,,1
1301,'SA',640,,54174,8771,,,1,100,,54184,8771,,,1,100,,54175,8771,,,1,100,,54185,8771,,,1,100,,54186,8771,,,1,100,,54192,8771,,,1,100,,54187,8771,,,1,100,,54178,8771,,,1,100,,54180,8771,,,1,100,,54193,8771,,,1,100,,54177,8771,,,1,100,,54188,8771,,,1,100,,54181,8771,,,1,100,,54176,8771,,,1,100,,54179,8771,,,1,100,,54189,8771,,,1,100,,54182,8771,,,1,100,,54190,8771,,,1,100,,54183,8771,,,1,100,,54191,8771,,,1
1301,'SE',547,,54207,8771,,,1,72,,54199,8771,,,1,31,,54200,8771,,,1,58,,54204,8771,,,1,14,,44597,8771,,,1,13,,54212,8771,,,1,14,,54196,8771,,,1,62,,54210,8771,,,1,12,,54217,8771,,,1,13,,44598,8771,,,1,15,,54226,8771,,,1,55,,54213,8771,,,1,20,,54221,8771,,,1,28,,54233,8771,,,1,70,,54194,8771,,,1,30,,54231,8771,,,1,70,,54215,8771,,,1,30,,54216,8771,,,1,70,,54222,8771,,,1,31,,54208,8771,,,1,70,,54234,8771,,,1,30,,54195,8771,,,1,70,,54232,8771,,,1,30,,54223,8771,,,1,69,,54218,8771,,,1,35,,54203,8771,,,1,69,,54209,8771,,,1,27,,54197,8771,,,1,55,,54229,8771,,,1,20,,54211,8771,,,1,22,,54227,8771,,,1,58,,54201,8771,,,1,19,,54205,8771,,,1,29,,54228,8771,,,1,68,,54219,8771,,,1,30,,54230,8771,,,1,70,,54198,8771,,,1,30,,54224,8771,,,1,70,,54225,8771,,,1,29,,54214,8771,,,1,100,,54220,8771,,,1,100,,54202,8771,,,1,100,,54206,8771,,,1,97,,44602,8771,,,1
1401,'SE',611,,54266,14518,,,1,35,,54252,14518,,,1,60,,54259,14518,,,1,20,,54263,14518,,,1,21,,54255,14518,,,1,60,,54254,14518,,,1,21,,54253,14518,,,1,20,,54256,14518,,,1,56,,54262,14518,,,1,24,,54261,14518,,,1,688,,54258,14518,,,1,35,,54265,14518,,,1,69,,54257,14518,,,1,28,,54264,14518,,,1,70,,54251,14518,,,1,30,,54260,14518,,,1
1501,'DI',708,,54376,9812,,,1,100,,54388,9812,,,1,100,,54385,9812,,,1,100,,54391,9812,,,1,102,,54384,9812,,,1,100,,54377,9812,,,1,100,,54387,9812,,,1,100,,54389,9812,,,1,100,,54379,9812,,,1,100,,54392,9812,,,1,100,,54382,9812,,,1,100,,54386,9812,,,1,100,,54380,9812,,,1,96,,54394,9812,,,1,100,,54393,9812,,,1,100,,54383,9812,,,1,100,,54378,9812,,,1,100,,54390,9812,,,1,100,,54381,9812,,,1
1501,'F1',708,,54395,9812,,,1,100,,54407,9812,,,1,100,,54404,9812,,,1,100,,54410,9812,,,1,102,,54403,9812,,,1,100,,54396,9812,,,1,100,,54406,9812,,,1,100,,54408,9812,,,1,100,,54398,9812,,,1,100,,54411,9812,,,1,100,,54401,9812,,,1,100,,54405,9812,,,1,100,,54399,9812,,,1,96,,54413,9812,,,1,100,,54412,9812,,,1,100,,54402,9812,,,1,100,,54397,9812,,,1,100,,54409,9812,,,1,100,,54400,9812,,,1
1501,'F2',708,,54426,9812,,,1,100,,54414,9812,,,1,100,,54419,9812,,,1,100,,54417,9812,,,1,100,,54429,9812,,,1,100,,44764,9812,,,1,100,,54422,9812,,,1,101,,54427,9812,,,1,100,,54424,9812,,,1,102,,54418,9812,,,1,98,,54430,9812,,,1,100,,54420,9812,,,1,100,,54423,9812,,,1,99,,54416,9812,,,1,100,,54425,9812,,,1,100,,54421,9812,,,1,100,,54415,9812,,,1,100,,44782,9812,,,1,100,,54428,9812,,,1
1501,'SA',708,,54443,9812,,,1,100,,54431,9812,,,1,100,,54436,9812,,,1,100,,54434,9812,,,1,100,,54446,9812,,,1,100,,24687,9812,,,1,100,,54439,9812,,,1,101,,54444,9812,,,1,100,,54441,9812,,,1,102,,54435,9812,,,1,98,,54447,9812,,,1,100,,54437,9812,,,1,100,,54440,9812,,,1,99,,54433,9812,,,1,100,,54442,9812,,,1,100,,54438,9812,,,1,100,,54432,9812,,,1,100,,24705,9812,,,1,100,,54445,9812,,,1
1501,'SE',532,,54449,9812,,,1,86,,54456,9812,,,1,31,,54450,9812,,,1,73,,54453,9812,,,1,22,,54484,9812,,,1,60,,54458,9812,,,1,20,,54459,9812,,,1,30,,54461,9812,,,1,72,,54462,9812,,,1,27,,54475,9812,,,1,68,,54467,9812,,,1,30,,54460,9812,,,1,70,,54468,9812,,,1,30,,54481,9812,,,1,71,,54480,9812,,,1,30,,54469,9812,,,1,70,,54454,9812,,,1,30,,54448,9812,,,1,70,,54470,9812,,,1,30,,54455,9812,,,1,73,,54463,9812,,,1,31,,54464,9812,,,1,63,,54451,9812,,,1,39,,54479,9812,,,1,67,,54471,9812,,,1,30,,54452,9812,,,1,70,,54465,9812,,,1,26,,54482,9812,,,1,70,,54485,9812,,,1,30,,54483,9812,,,1,68,,54478,9812,,,1,30,,54477,9812,,,1,70,,54474,9812,,,1,30,,54476,9812,,,1,70,,54473,9812,,,1,30,,54466,9812,,,1,98,,54472,9812,,,1,100,,44809,9812,,,1,99,,54457,9812,,,1
50601,'SE',1637,,63426,691,,,2,1,,63427,691,,,2
60001,'SE',908,,63479,5449,,,2
61301,'SE',907,,63496,7759,,,2
61801,'SE',858,,63500,8683,,,2
