2200,'SE',633,,45806,8773,,,2,92,,45808,8773,,,2,25,,45807,8773,,,2,893,,45809,8773,,,2,80,,45811,8773,,,2,20,,45805,8773,,,2,70,,45810,8773,,,2,40,,45812,8773,,,2
2500,'DI',714,,27541,11271,,,2
2500,'F1',714,,45855,11271,,,2
2500,'F2',714,,45856,11271,,,2
2500,'F8',714,,27570,11271,,,2
2500,'F9',714,,27571,11271,,,2
2500,'SA',714,,27572,11271,,,2
2500,'SE',539,,45864,11271,,,2,70,,45875,11271,,,2,29,,45879,11271,,,2,19,,45878,11271,,,2,61,,45874,11271,,,2,19,,45866,11271,,,2,71,,45857,11271,,,2,28,,45868,11271,,,2,74,,45867,11271,,,2,30,,45861,11271,,,2,470,,45869,11271,,,2,30,,45859,11271,,,2,69,,45881,11271,,,2,13,,45877,11271,,,2,18,,45880,11271,,,2,72,,45860,11271,,,2,31,,45862,11271,,,2,69,,45870,11271,,,2,30,,45858,11271,,,2,69,,45863,11271,,,2,28,,45871,11271,,,2,70,,45865,11271,,,2,335,,45876,11271,,,2,83,,45882,11271,,,2,15,,45872,11271,,,2,85,,45873,11271,,,2
12000,'SE',618,,49889,9494,,,2,26,,49892,9494,,,2,77,,49888,9494,,,2,29,,49890,9494,,,2,71,,49891,9494,,,2,795,,49896,9252,,,2,32,,49893,9252,,,2,76,,49895,9252,,,2,21,,49897,9252,,,2,69,,49898,9252,,,2,28,,49894,9252,,,2
12301,'DI',526,,37798,8095,,,1,100,,37808,8095,,,1,100,,37799,8095,,,1,100,,37809,8095,,,1,100,,37800,8095,,,1,100,,37810,8095,,,1,100,,37801,8095,,,1,100,,37811,8095,,,1,100,,37802,8095,,,1,100,,37812,8095,,,1,100,,37803,8095,,,1,100,,37813,8095,,,1,100,,37804,8095,,,1,100,,37814,8095,,,1,100,,37805,8095,,,1,100,,37815,8095,,,1,100,,37806,8095,,,1,100,,37816,8095,,,1,100,,37807,8095,,,1,100,,37817,8095,,,1
12301,'F1',526,,49985,8095,,,1,100,,49995,8095,,,1,100,,49986,8095,,,1,100,,49996,8095,,,1,100,,49987,8095,,,1,100,,49997,8095,,,1,100,,49988,8095,,,1,100,,49998,8095,,,1,100,,49989,8095,,,1,100,,49999,8095,,,1,100,,49990,8095,,,1,100,,50000,8095,,,1,100,,49991,8095,,,1,100,,50001,8095,,,1,100,,49992,8095,,,1,100,,50002,8095,,,1,100,,49993,8095,,,1,100,,50003,8095,,,1,100,,49994,8095,,,1,100,,50004,8095,,,1
12301,'F2',527,,50007,8095,,,1,100,,50005,8095,,,1,100,,50008,8095,,,1,99,,50006,8095,,,1,100,,50009,8095,,,1,100,,50017,8095,,,1,100,,50010,8095,,,1,100,,50018,8095,,,1,100,,50011,8095,,,1,100,,50019,8095,,,1,100,,50012,8095,,,1,100,,50020,8095,,,1,100,,50013,8095,,,1,100,,50021,8095,,,1,100,,50014,8095,,,1,100,,50022,8095,,,1,100,,50015,8095,,,1,100,,50023,8095,,,1,100,,50016,8095,,,1,100,,50024,8095,,,1
12301,'F8',527,,37897,8095,,,1,100,,37895,8095,,,1,100,,37898,8095,,,1,99,,37896,8095,,,1,100,,37899,8095,,,1,100,,37907,8095,,,1,100,,37900,8095,,,1,100,,37908,8095,,,1,100,,37901,8095,,,1,100,,37909,8095,,,1,100,,37902,8095,,,1,100,,37910,8095,,,1,100,,37903,8095,,,1,100,,37911,8095,,,1,100,,37904,8095,,,1,100,,37912,8095,,,1,100,,37905,8095,,,1,100,,37913,8095,,,1,100,,37906,8095,,,1,100,,37914,8095,,,1
12301,'F9',526,,37915,8095,,,1,100,,37925,8095,,,1,100,,37916,8095,,,1,100,,37926,8095,,,1,100,,37917,8095,,,1,100,,37927,8095,,,1,100,,37918,8095,,,1,100,,37928,8095,,,1,100,,37919,8095,,,1,100,,37929,8095,,,1,100,,37920,8095,,,1,100,,37930,8095,,,1,100,,37921,8095,,,1,100,,37931,8095,,,1,100,,37922,8095,,,1,100,,37932,8095,,,1,100,,37923,8095,,,1,100,,37933,8095,,,1,100,,37924,8095,,,1,100,,37934,8095,,,1
12301,'SA',527,,37937,8095,,,1,100,,37935,8095,,,1,100,,37938,8095,,,1,99,,37936,8095,,,1,100,,37939,8095,,,1,100,,37947,8095,,,1,100,,37940,8095,,,1,100,,37948,8095,,,1,100,,37941,8095,,,1,100,,37949,8095,,,1,100,,37942,8095,,,1,100,,37950,8095,,,1,100,,37943,8095,,,1,100,,37951,8095,,,1,100,,37944,8095,,,1,100,,37952,8095,,,1,100,,37945,8095,,,1,100,,37953,8095,,,1,100,,37946,8095,,,1,100,,37954,8095,,,1
12301,'SE',512,,50041,8095,,,1,30,,50044,8095,,,1,60,,50029,8095,,,1,21,,50028,8095,,,1,15,,50030,8095,,,1,66,,50031,8095,,,1,30,,50026,8095,,,1,70,,50027,8095,,,1,30,,50025,8095,,,1,69,,50048,8095,,,1,30,,50042,8095,,,1,96,,50034,8095,,,1,100,,50046,8095,,,1,100,,50036,8095,,,1,100,,50043,8095,,,1,100,,50061,8095,,,1,11,,50035,8095,,,1,64,,50049,8095,,,1,20,,50053,8095,,,1,15,,50045,8095,,,1,19,,50055,8095,,,1,46,,50037,8095,,,1,17,,50040,8095,,,1,10,,50059,8095,,,1,6,,50051,8095,,,1,64,,50060,8095,,,1,29,,50050,8095,,,1,29,,50033,8095,,,1,71,,50038,8095,,,1,26,,50052,8095,,,1,74,,50047,8095,,,1,28,,50039,8095,,,1,70,,50056,8095,,,1,98,,50032,8095,,,1,99,,50057,8095,,,1,100,,50054,8095,,,1,119,,50058,8095,,,1
16100,'DI',620,,38650,12474,,,2,31,,38638,12474,0,35 36,2,70,,38648,12474,0,35 36,2,30,,38641,12474,0,35 36,2,70,,38642,12474,0,35 36,2,30,,38644,12474,0,35 36,2,702,,38639,12474,0,35 36,2,68,,38643,12474,0,35 36,2,32,,38640,12474,0,35 36,2,70,,38646,12474,0,35 36,2,29,,38649,12474,,,2,73,,38645,12474,0,35 36,2,30,,38647,12474,0,35 36,2
16100,'F1',620,,50332,12474,,,2,31,,50320,12474,0,35 36,2,70,,50330,12474,0,35 36,2,30,,50323,12474,0,35 36,2,70,,50324,12474,0,35 36,2,30,,50326,12474,0,35 36,2,702,,50321,12474,0,35 36,2,68,,50325,12474,0,35 36,2,32,,50322,12474,0,35 36,2,70,,50328,12474,0,35 36,2,29,,50331,12474,,,2,73,,50327,12474,0,35 36,2,30,,50329,12474,0,35 36,2
16100,'F2',620,,50344,12474,,,2,31,,50337,12474,0,35 36,2,70,,50338,12474,0,35 36,2,30,,50335,12474,0,35 36,2,70,,50341,12474,0,35 36,2,30,,50339,12474,0,35 36,2,700,,50336,12474,0,35 36,2,71,,50333,12474,0,35 36,2,31,,50342,12474,0,35 36,2,69,,50345,12474,,,2,32,,50334,12474,0,35 36,2,71,,50343,12474,0,35 36,2,29,,50340,12474,0,35 36,2
16100,'F8',620,,38707,12474,,,2,31,,38700,12474,0,35 36,2,70,,38701,12474,0,35 36,2,30,,38698,12474,0,35 36,2,70,,38704,12474,0,35 36,2,30,,38702,12474,0,35 36,2,700,,38699,12474,0,35 36,2,71,,38696,12474,0,35 36,2,31,,38705,12474,0,35 36,2,69,,38708,12474,,,2,32,,38697,12474,0,35 36,2,71,,38706,12474,0,35 36,2,29,,38703,12474,0,35 36,2
16100,'F9',620,,38721,12474,,,2,31,,38709,12474,0,35 36,2,70,,38719,12474,0,35 36,2,30,,38712,12474,0,35 36,2,70,,38713,12474,0,35 36,2,30,,38715,12474,0,35 36,2,702,,38710,12474,0,35 36,2,68,,38714,12474,0,35 36,2,32,,38711,12474,0,35 36,2,70,,38717,12474,0,35 36,2,29,,38720,12474,,,2,73,,38716,12474,0,35 36,2,30,,38718,12474,0,35 36,2
16100,'SA',620,,38733,12474,,,2,31,,38726,12474,0,35 36,2,70,,38727,12474,0,35 36,2,30,,38724,12474,0,35 36,2,70,,38730,12474,0,35 36,2,30,,38728,12474,0,35 36,2,700,,38725,12474,0,35 36,2,71,,38722,12474,0,35 36,2,31,,38731,12474,0,35 36,2,69,,38734,12474,,,2,32,,38723,12474,0,35 36,2,71,,38732,12474,0,35 36,2,29,,38729,12474,0,35 36,2
16100,'SE',659,,50359,12363,,,2,65,,50360,12363,,,2,25,,50358,12363,,,2,62,,50348,12363,0,35 36,2,21,,50347,12363,0,35 36,2,17,,50346,12363,0,35 36,2,362,,50363,12474,,,2,299,,50350,12474,0,35 36,2,30,,50349,12474,0,35 36,2,60,,50361,12474,,,2,21,,50351,12474,0,35 36,2,20,,50365,12474,,,2,61,,50354,12474,0,35 36,2,18,,50362,12474,,,2,21,,50352,12474,0,35 36,2,60,,50355,12474,0,35 36,2,18,,50364,12474,,,2,22,,50357,12474,0,35 36,2,18,,50353,12474,0,35 36,2,60,,50356,12474,0,35 36,2
