301,'DI',625,,52169,6581,,,1,100,,52177,6581,,,1,100,,52170,6581,,,1,100,,52178,6581,,,1,100,,52171,6581,,,1,100,,52172,6581,,,1,100,,52180,6581,,,1,100,,52173,6581,,,1,100,,52174,6581,,,1,100,,52175,6581,,,1,100,,52179,6581,,,1,100,,705,6581,,,1,100,,706,6581,,,1,100,,52176,6581,,,1,100,,20857,6581,,,1,100,,20858,6581,,,1,100,,20859,6581,,,1,100,,20860,6581,,,1,100,,20861,6581,,,1
301,'F1',625,,52181,6581,,,1,100,,52189,6581,,,1,100,,52182,6581,,,1,100,,52190,6581,,,1,100,,52183,6581,,,1,100,,52184,6581,,,1,100,,52192,6581,,,1,100,,52185,6581,,,1,100,,52186,6581,,,1,100,,52187,6581,,,1,100,,52191,6581,,,1,100,,43294,6581,,,1,100,,43295,6581,,,1,100,,52188,6581,,,1,100,,43297,6581,,,1,100,,43298,6581,,,1,100,,43299,6581,,,1,100,,43300,6581,,,1,100,,43301,6581,,,1
301,'F2',555,,52203,6581,,,1,70,,52205,6581,,,1,30,,52208,6581,,,1,70,,52193,6581,,,1,30,,52204,6581,,,1,70,,52212,6581,,,1,30,,52209,6581,,,1,70,,52194,6581,,,1,30,,52200,6581,,,1,70,,52195,6581,,,1,30,,52210,6581,,,1,70,,52213,6581,,,1,30,,52201,6581,,,1,70,,52216,6581,,,1,30,,52202,6581,,,1,70,,52217,6581,,,1,30,,43328,6581,,,1,70,,52218,6581,,,1,30,,43329,6581,,,1,70,,52211,6581,,,1,30,,52196,6581,,,1,70,,52222,6581,,,1,30,,52197,6581,,,1,70,,52223,6581,,,1,30,,52198,6581,,,1,70,,52224,6581,,,1,100,,52214,6581,,,1,100,,52215,6581,,,1,100,,52219,6581,,,1,100,,52220,6581,,,1,100,,52221,6581,,,1,100,,52207,6581,,,1
301,'SA',555,,52235,6581,,,1,70,,52237,6581,,,1,30,,52240,6581,,,1,70,,52225,6581,,,1,30,,52236,6581,,,1,70,,52244,6581,,,1,30,,52241,6581,,,1,70,,52226,6581,,,1,30,,52232,6581,,,1,70,,52227,6581,,,1,30,,52242,6581,,,1,70,,52245,6581,,,1,30,,52233,6581,,,1,70,,52248,6581,,,1,30,,52234,6581,,,1,70,,52249,6581,,,1,30,,847,6581,,,1,70,,52250,6581,,,1,30,,848,6581,,,1,70,,52243,6581,,,1,30,,52228,6581,,,1,70,,52254,6581,,,1,30,,52229,6581,,,1,70,,52255,6581,,,1,30,,52230,6581,,,1,70,,52256,6581,,,1,100,,52246,6581,,,1,100,,52247,6581,,,1,100,,52251,6581,,,1,100,,52252,6581,,,1,100,,52253,6581,,,1,100,,52239,6581,,,1
301,'SE',513,,52257,6581,,,1,30,,52270,6581,,,1,72,,52283,6581,,,1,24,,52291,6581,,,1,20,,52295,6581,,,1,55,,52290,6581,,,1,16,,52269,6581,,,1,15,,52293,6581,,,1,55,,52300,6581,,,1,19,,52284,6581,,,1,21,,52294,6581,,,1,60,,52288,6581,,,1,28,,52278,6581,,,1,30,,52280,6581,,,1,70,,52279,6581,,,1,30,,52281,6581,,,1,70,,52268,6581,,,1,30,,52273,6581,,,1,70,,52258,6581,,,1,30,,52274,6581,,,1,70,,52259,6581,,,1,30,,52275,6581,,,1,70,,52260,6581,,,1,30,,52296,6581,,,1,72,,52285,6581,,,1,79,,52297,6581,,,1,44,,52301,6581,,,1,81,,52298,6581,,,1,78,,52282,6581,,,1,89,,52271,6581,,,1,27,,52276,6581,,,1,28,,52272,6581,,,1,70,,52277,6581,,,1,30,,52266,6581,,,1,70,,52261,6581,,,1,30,,52267,6581,,,1,70,,52262,6581,,,1,100,,52263,6581,,,1,100,,52264,6581,,,1
400,'DI',641,,52309,17544,,,1,69,,52302,17544,,,1,30,,52320,17544,,,1,70,,52312,17544,,,1,30,,52310,17544,,,1,72,,52303,17544,,,1,30,,52321,17544,,,1,72,,52313,17544,,,1,30,,52323,17544,,,1,70,,52304,17544,,,1,32,,52322,17544,,,1,70,,52314,17544,,,1,27,,52324,17544,,,1,71,,52305,17544,,,1,32,,52329,17544,,,1,70,,52327,17544,,,1,28,,52317,17544,,,1,71,,52306,17544,,,1,29,,52325,17544,,,1,70,,52330,17544,,,1,32,,52315,17544,,,1,70,,52307,17544,,,1,30,,52326,17544,,,1,70,,52331,17544,,,1,30,,52316,17544,,,1,68,,52318,17544,,,1,30,,52332,17544,,,1,70,,52328,17544,,,1,30,,52333,17544,,,1,70,,52319,17544,,,1,30,,52311,17544,,,1,70,,52334,17544,,,1,30,,52336,17544,,,1,100,,52335,17544,,,1,100,,52308,17544,,,1
400,'F1',641,,52344,17544,,,1,69,,52337,17544,,,1,30,,52355,17544,,,1,70,,52347,17544,,,1,30,,52345,17544,,,1,72,,52338,17544,,,1,30,,52356,17544,,,1,72,,52348,17544,,,1,30,,52358,17544,,,1,70,,52339,17544,,,1,32,,52357,17544,,,1,70,,52349,17544,,,1,27,,52359,17544,,,1,71,,52340,17544,,,1,32,,52364,17544,,,1,70,,52362,17544,,,1,28,,52352,17544,,,1,71,,52341,17544,,,1,29,,52360,17544,,,1,70,,52365,17544,,,1,32,,52350,17544,,,1,70,,52342,17544,,,1,30,,52361,17544,,,1,70,,52366,17544,,,1,30,,52351,17544,,,1,68,,52353,17544,,,1,30,,52367,17544,,,1,70,,52363,17544,,,1,30,,52368,17544,,,1,70,,52354,17544,,,1,30,,52346,17544,,,1,70,,52369,17544,,,1,30,,52371,17544,,,1,100,,52370,17544,,,1,100,,52343,17544,,,1
400,'F2',641,,52373,17544,,,1,69,,52391,17544,,,1,30,,52375,17544,,,1,70,,52380,17544,,,1,30,,52374,17544,,,1,72,,52392,17544,,,1,30,,52376,17544,,,1,72,,52381,17544,,,1,31,,52383,17544,,,1,70,,52393,17544,,,1,31,,52377,17544,,,1,70,,52382,17544,,,1,30,,52399,17544,,,1,70,,52397,17544,,,1,30,,52372,17544,,,1,70,,52384,17544,,,1,30,,52390,17544,,,1,70,,52385,17544,,,1,30,,52395,17544,,,1,70,,52378,17544,,,1,30,,52398,17544,,,1,70,,52394,17544,,,1,30,,52379,17544,,,1,70,,52387,17544,,,1,28,,52389,17544,,,1,70,,52401,17544,,,1,30,,52386,17544,,,1,70,,52404,17544,,,1,30,,52402,17544,,,1,70,,52403,17544,,,1,30,,52396,17544,,,1,70,,52405,17544,,,1,30,,52406,17544,,,1,100,,52400,17544,,,1,100,,52388,17544,,,1
400,'SA',641,,52408,17544,,,1,69,,52426,17544,,,1,30,,52410,17544,,,1,70,,52415,17544,,,1,30,,52409,17544,,,1,72,,52427,17544,,,1,30,,52411,17544,,,1,72,,52416,17544,,,1,31,,52418,17544,,,1,70,,52428,17544,,,1,31,,52412,17544,,,1,70,,52417,17544,,,1,30,,52434,17544,,,1,70,,52432,17544,,,1,30,,52407,17544,,,1,70,,52419,17544,,,1,30,,52425,17544,,,1,70,,52420,17544,,,1,30,,52430,17544,,,1,70,,52413,17544,,,1,30,,52433,17544,,,1,70,,52429,17544,,,1,30,,52414,17544,,,1,70,,52422,17544,,,1,28,,52424,17544,,,1,70,,52436,17544,,,1,30,,52421,17544,,,1,70,,52439,17544,,,1,30,,52437,17544,,,1,70,,52438,17544,,,1,30,,52431,17544,,,1,70,,52440,17544,,,1,30,,52441,17544,,,1,100,,52435,17544,,,1,100,,52423,17544,,,1
400,'SE',544,,52473,17544,,,1,65,,52469,17544,,,1,28,,52468,17544,,,1,20,,52475,17544,,,1,55,,52476,17544,,,1,20,,52467,17544,,,1,26,,52478,17544,,,1,60,,52470,17544,,,1,24,,52479,17544,,,1,9,,52483,17544,,,1,72,,52474,17544,,,1,13,,52453,17544,,,1,23,,52442,17544,,,1,70,,52455,17544,,,1,30,,52447,17544,,,1,70,,52448,17544,,,1,30,,52449,17544,,,1,70,,52451,17544,,,1,30,,52460,17544,,,1,70,,52461,17544,,,1,30,,52450,17544,,,1,69,,52446,17544,,,1,29,,52443,17544,,,1,74,,52477,17544,,,1,26,,52482,17544,,,1,77,,52480,17544,,,1,68,,52471,17544,,,1,30,,52472,17544,,,1,69,,52481,17544,,,1,24,,52459,17544,,,1,20,,52454,17544,,,1,71,,52464,17544,,,1,34,,52457,17544,,,1,70,,52444,17544,,,1,30,,52463,17544,,,1,68,,52465,17544,,,1,30,,52462,17544,,,1,70,,52452,17544,,,1,27,,52458,17544,,,1,70,,52466,17544,,,1,100,,52456,17544,,,1
2101,'DI',612,,55843,11959,,,1,30,,55842,11959,,,1,70,,55853,11959,,,1,29,,55850,11959,,,1,70,,55860,11959,,,1,30,,55849,11959,,,1,71,,55857,11959,,,1,30,,55874,11959,,,1,70,,55848,11959,,,1,27,,55851,11959,,,1,73,,55854,11959,,,1,30,,55862,11959,,,1,72,,55852,11959,,,1,30,,55870,11959,,,1,71,,55844,11959,,,1,34,,55868,11959,,,1,70,,55861,11959,,,1,30,,55858,11959,,,1,70,,55866,11959,,,1,30,,55869,11959,,,1,70,,55855,11959,,,1,30,,55867,11959,,,1,70,,55845,11959,,,1,30,,55859,11959,,,1,70,,55873,11959,,,1,30,,55865,11959,,,1,66,,55863,11959,,,1,27,,55838,11959,,,1,70,,55856,11959,,,1,30,,55872,11959,,,1,70,,55846,11959,,,1,30,,55871,11959,,,1,70,,55835,11959,,,1,30,,55837,11959,,,1,70,,55864,11959,,,1,30,,55847,11959,,,1,70,,55840,11959,,,1,30,,55839,11959,,,1
2101,'F1',612,,55883,11959,,,1,30,,55882,11959,,,1,70,,55893,11959,,,1,29,,55890,11959,,,1,70,,55900,11959,,,1,30,,55889,11959,,,1,71,,55897,11959,,,1,30,,55914,11959,,,1,70,,55888,11959,,,1,27,,55891,11959,,,1,73,,55894,11959,,,1,30,,55902,11959,,,1,72,,55892,11959,,,1,30,,55910,11959,,,1,71,,55884,11959,,,1,34,,55908,11959,,,1,70,,55901,11959,,,1,30,,55898,11959,,,1,70,,55906,11959,,,1,30,,55909,11959,,,1,70,,55895,11959,,,1,30,,55907,11959,,,1,70,,55885,11959,,,1,30,,55899,11959,,,1,70,,55913,11959,,,1,30,,55905,11959,,,1,66,,55903,11959,,,1,27,,55878,11959,,,1,70,,55896,11959,,,1,30,,55912,11959,,,1,70,,55886,11959,,,1,30,,55911,11959,,,1,70,,55875,11959,,,1,30,,55877,11959,,,1,70,,55904,11959,,,1,30,,55887,11959,,,1,70,,55880,11959,,,1,30,,55879,11959,,,1
2101,'F2',612,,55917,11959,,,1,30,,55919,11959,,,1,70,,55948,11959,,,1,30,,55918,11959,,,1,72,,55938,11959,,,1,30,,55929,11959,,,1,70,,55920,11959,,,1,30,,55949,11959,,,1,70,,55944,11959,,,1,25,,55941,11959,,,1,71,,55933,11959,,,1,34,,55936,11959,,,1,73,,55942,11959,,,1,26,,55950,11959,,,1,74,,55927,11959,,,1,32,,55953,11959,,,1,70,,55945,11959,,,1,30,,55937,11959,,,1,70,,55921,11959,,,1,30,,55954,11959,,,1,70,,55946,11959,,,1,30,,55932,11959,,,1,70,,55922,11959,,,1,30,,55939,11959,,,1,70,,55947,11959,,,1,30,,55926,11959,,,1,66,,55923,11959,,,1,27,,55940,11959,,,1,70,,55951,11959,,,1,30,,55943,11959,,,1,70,,55915,11959,,,1,30,,55934,11959,,,1,70,,55924,11959,,,1,30,,55928,11959,,,1,70,,55930,11959,,,1,30,,55916,11959,,,1,70,,55952,11959,,,1,30,,55935,11959,,,1,70,,55931,11959,,,1
2101,'SA',612,,55957,11959,,,1,30,,55959,11959,,,1,70,,55988,11959,,,1,30,,55958,11959,,,1,72,,55978,11959,,,1,30,,55969,11959,,,1,70,,55960,11959,,,1,30,,55989,11959,,,1,70,,55984,11959,,,1,25,,55981,11959,,,1,71,,55973,11959,,,1,34,,55976,11959,,,1,73,,55982,11959,,,1,26,,55990,11959,,,1,74,,55967,11959,,,1,32,,55993,11959,,,1,70,,55985,11959,,,1,30,,55977,11959,,,1,70,,55961,11959,,,1,30,,55994,11959,,,1,70,,55986,11959,,,1,30,,55972,11959,,,1,70,,55962,11959,,,1,30,,55979,11959,,,1,70,,55987,11959,,,1,30,,55966,11959,,,1,66,,55963,11959,,,1,27,,55980,11959,,,1,70,,55991,11959,,,1,30,,55983,11959,,,1,70,,55955,11959,,,1,30,,55974,11959,,,1,70,,55964,11959,,,1,30,,55968,11959,,,1,70,,55970,11959,,,1,30,,55956,11959,,,1,70,,55992,11959,,,1,30,,55975,11959,,,1,70,,55971,11959,,,1
2101,'SE',509,,55997,11959,,,1,46,,55996,11959,,,1,67,,56025,11959,,,1,15,,45788,11959,,,1,15,,56021,11959,,,1,55,,45786,11959,,,1,10,,56030,11959,,,1,10,,56027,11959,,,1,13,,56022,11959,,,1,10,,56032,11959,,,1,50,,56031,11959,,,1,10,,56023,11959,,,1,13,,45789,11959,,,1,18,,56028,11959,,,1,17,,56033,11959,,,1,63,,56035,11959,,,1,13,,56036,11959,,,1,20,,56010,11959,,,1,61,,56001,11959,,,1,27,,55998,11959,,,1,74,,56000,11959,,,1,30,,55995,11959,,,1,70,,55999,11959,,,1,32,,56005,11959,,,1,73,,56011,11959,,,1,30,,56006,11959,,,1,70,,56012,11959,,,1,79,,56002,11959,,,1,24,,56037,11959,,,1,30,,56026,11959,,,1,73,,56041,11959,,,1,15,,56034,11959,,,1,15,,56024,11959,,,1,54,,56039,11959,,,1,15,,56038,11959,,,1,18,,56029,11959,,,1,59,,56040,11959,,,1,16,,56019,11959,,,1,20,,56016,11959,,,1,66,,56014,11959,,,1,27,,56007,11959,,,1,25,,56017,11959,,,1,70,,56013,11959,,,1,30,,56015,11959,,,1,69,,56008,11959,,,1,30,,56009,11959,,,1,70,,56003,11959,,,1,98,,56020,11959,,,1,97,,56018,11959,,,1
7701,'DI',826,,60045,12098,,,1,100,,60047,12098,,,1,100,,60046,12098,,,1,100,,60048,12098,,,1,100,,60049,12098,,,1,100,,60051,12098,,,1,100,,60050,12098,,,1,102,,60052,12098,,,1,100,,60043,12098,,,1,100,,60053,12098,,,1,100,,60044,12098,,,1,97,,60054,12098,,,1,98,,60055,12098,,,1,100,,60057,12098,,,1,100,,60056,12098,,,1
7701,'F1',826,,60060,12098,,,1,100,,60062,12098,,,1,100,,60061,12098,,,1,100,,60063,12098,,,1,100,,60064,12098,,,1,100,,60066,12098,,,1,100,,60065,12098,,,1,102,,60067,12098,,,1,100,,60058,12098,,,1,100,,60068,12098,,,1,100,,60059,12098,,,1,97,,60069,12098,,,1,98,,60070,12098,,,1,100,,60072,12098,,,1,100,,60071,12098,,,1
7701,'F2',826,,60073,12098,,,1,100,,60075,12098,,,1,100,,60074,12098,,,1,100,,60076,12098,,,1,100,,60078,12098,,,1,100,,60077,12098,,,1,100,,60079,12098,,,1,102,,60080,12098,,,1,100,,60081,12098,,,1,100,,60083,12098,,,1,100,,60082,12098,,,1,97,,60084,12098,,,1,98,,60085,12098,,,1,100,,60087,12098,,,1,100,,60086,12098,,,1
7701,'SA',826,,60088,12098,,,1,100,,60090,12098,,,1,100,,60089,12098,,,1,100,,60091,12098,,,1,100,,60093,12098,,,1,100,,60092,12098,,,1,100,,60094,12098,,,1,102,,60095,12098,,,1,100,,60096,12098,,,1,100,,60098,12098,,,1,100,,60097,12098,,,1,97,,60099,12098,,,1,98,,60100,12098,,,1,100,,60102,12098,,,1,100,,60101,12098,,,1
7701,'SE',647,,60103,12098,,,1,11,,60106,12098,,,1,47,,60124,12098,,,1,7,,60107,12098,,,1,11,,60108,12098,,,1,4,,60111,12098,,,1,7,,60112,12098,,,1,18,,60113,12098,,,1,72,,60126,12098,,,1,30,,60104,12098,,,1,67,,60125,12098,,,1,4,,60109,12098,,,1,32,,60114,12098,,,1,70,,60127,12098,,,1,30,,60105,12098,,,1,70,,60110,12098,,,1,30,,60115,12098,,,1,72,,60128,12098,,,1,29,,60129,12098,,,1,71,,60130,12098,,,1,73,,60116,12098,,,1,30,,60131,12098,,,1,70,,60118,12098,,,1,29,,60122,12098,,,1,73,,60117,12098,,,1,30,,60134,12098,,,1,71,,60119,12098,,,1,25,,60123,12098,,,1,70,,60137,12098,,,1,34,,60120,12098,,,1,70,,60135,12098,,,1,28,,60132,12098,,,1,69,,60138,12098,,,1,30,,60121,12098,,,1,72,,60136,12098,,,1,26,,60133,12098,,,1,26,,60139,12098,,,1
42101,'SE',609,,62811,8156,,,1,38,,62809,8156,,,1,65,,62808,8156,,,1,22,,62819,8156,,,1,17,,62812,8156,,,1,72,,62817,8156,,,1,722,,62813,8156,,,1,75,,62820,8156,,,1,20,,62818,8156,,,1,70,,62816,8156,,,1,29,,62814,8156,,,1,69,,62815,8156,,,1,534,,62807,8156,,,1
90101,'DI',623,,63792,19776,,,1,30,,63797,19776,,,1,70,,63791,19776,,,1,30,,63807,19776,,,1,73,,63804,19776,,,1,32,,63798,19776,,,1,72,,63786,19776,,,1,71,,63793,19776,,,1,30,,63789,19776,,,1,70,,63808,19776,,,1,31,,63805,19776,,,1,70,,63803,19776,,,1,31,,63794,19776,,,1,73,,63811,19776,,,1,28,,63800,19776,,,1,70,,63809,19776,,,1,29,,63781,19776,,,1,25,,63795,19776,,,1,75,,63787,19776,,,1,70,,63779,19776,,,1,31,,63810,19776,,,1,70,,63783,19776,,,1,30,,63799,19776,,,1,68,,63790,19776,,,1,30,,63780,19776,,,1,27,,63806,19776,,,1,75,,63788,19776,,,1,104,,63785,19776,,,1,97,,63801,19776,,,1,100,,63782,19776,,,1,100,,63784,19776,,,1,100,,63796,19776,,,1,100,,63802,19776,,,1
90101,'F1',623,,63825,19776,,,1,30,,63830,19776,,,1,70,,63824,19776,,,1,30,,63840,19776,,,1,73,,63837,19776,,,1,32,,63831,19776,,,1,72,,63819,19776,,,1,71,,63826,19776,,,1,30,,63822,19776,,,1,70,,63841,19776,,,1,31,,63838,19776,,,1,70,,63836,19776,,,1,31,,63827,19776,,,1,73,,63844,19776,,,1,28,,63833,19776,,,1,70,,63842,19776,,,1,29,,63814,19776,,,1,25,,63828,19776,,,1,75,,63820,19776,,,1,70,,63812,19776,,,1,31,,63843,19776,,,1,70,,63816,19776,,,1,30,,63832,19776,,,1,68,,63823,19776,,,1,30,,63813,19776,,,1,27,,63839,19776,,,1,75,,63821,19776,,,1,104,,63818,19776,,,1,97,,63834,19776,,,1,100,,63815,19776,,,1,100,,63817,19776,,,1,100,,63829,19776,,,1,100,,63835,19776,,,1
90101,'F2',623,,63860,19776,,,1,30,,63869,19776,,,1,70,,63864,19776,,,1,30,,63866,19776,,,1,73,,63872,19776,,,1,32,,63863,19776,,,1,72,,63861,19776,,,1,71,,63868,19776,,,1,30,,63874,19776,,,1,70,,63849,19776,,,1,31,,63862,19776,,,1,70,,63873,19776,,,1,31,,63865,19776,,,1,73,,63875,19776,,,1,28,,63854,19776,,,1,70,,63851,19776,,,1,29,,63845,19776,,,1,25,,63858,19776,,,1,75,,63876,19776,,,1,70,,63855,19776,,,1,31,,63852,19776,,,1,70,,63846,19776,,,1,30,,63847,19776,,,1,68,,63870,19776,,,1,30,,63856,19776,,,1,27,,63850,19776,,,1,75,,63859,19776,,,1,104,,63877,19776,,,1,97,,63853,19776,,,1,100,,63867,19776,,,1,100,,63857,19776,,,1,100,,63848,19776,,,1,100,,63871,19776,,,1
90101,'SA',623,,63893,19776,,,1,30,,63902,19776,,,1,70,,63897,19776,,,1,30,,63899,19776,,,1,73,,63905,19776,,,1,32,,63896,19776,,,1,72,,63894,19776,,,1,71,,63901,19776,,,1,30,,63907,19776,,,1,70,,63882,19776,,,1,31,,63895,19776,,,1,70,,63906,19776,,,1,31,,63898,19776,,,1,73,,63908,19776,,,1,28,,63887,19776,,,1,70,,63884,19776,,,1,29,,63878,19776,,,1,25,,63891,19776,,,1,75,,63909,19776,,,1,70,,63888,19776,,,1,31,,63885,19776,,,1,70,,63879,19776,,,1,30,,63880,19776,,,1,68,,63903,19776,,,1,30,,63889,19776,,,1,27,,63883,19776,,,1,75,,63892,19776,,,1,104,,63910,19776,,,1,97,,63886,19776,,,1,100,,63900,19776,,,1,100,,63890,19776,,,1,100,,63881,19776,,,1,100,,63904,19776,,,1
90101,'SE',605,,63942,19776,,,1,30,,63945,19776,,,1,16,,63949,19776,,,1,55,,63917,19776,,,1,15,,63939,19776,,,1,15,,63919,19776,,,1,15,,63924,19776,,,1,50,,63948,19776,,,1,16,,63922,19776,,,1,10,,63927,19776,,,1,10,,63943,19776,,,1,12,,63914,19776,,,1,8,,63918,19776,,,1,45,,63944,19776,,,1,10,,63946,19776,,,1,10,,63920,19776,,,1,12,,63954,19776,,,1,15,,63941,19776,,,1,52,,63923,19776,,,1,20,,63925,19776,,,1,20,,63950,19776,,,1,60,,63928,19776,,,1,20,,63915,19776,,,1,20,,63947,19776,,,1,60,,63955,19776,,,1,20,,63911,19776,,,1,20,,63913,19776,,,1,60,,63926,19776,,,1,20,,63921,19776,,,1,20,,63929,19776,,,1,60,,63916,19776,,,1,20,,63958,19776,,,1,20,,63956,19776,,,1,60,,63930,19776,,,1,20,,63940,19776,,,1,24,,63953,19776,,,1,60,,63957,19776,,,1,20,,63931,19776,,,1,20,,63951,19776,,,1,70,,63959,19776,,,1,28,,63961,19776,,,1,73,,63963,19776,,,1,27,,63933,19776,,,1,72,,63952,19776,,,1,30,,63960,19776,,,1,63,,63935,19776,,,1,30,,63912,19776,,,1,70,,63962,19776,,,1,31,,63964,19776,,,1,70,,63932,19776,,,1,30,,63936,19776,,,1,70,,63937,19776,,,1,100,,63965,19776,,,1,100,,63934,19776,,,1,100,,63938,19776,,,1
