800,'DI',617,,53345,13766,,,1,34,,53319,13766,,,1,70,,53327,13766,,,1,30,,53333,13766,,,1,70,,53346,13766,,,1,30,,53320,13766,,,1,75,,53328,13766,,,1,30,,53334,13766,,,1,70,,53347,13766,,,1,30,,53321,13766,,,1,70,,53329,13766,,,1,30,,53335,13766,,,1,72,,53348,13766,,,1,30,,53322,13766,,,1,70,,53330,13766,,,1,30,,53342,13766,,,1,70,,53349,13766,,,1,30,,53343,13766,,,1,70,,53331,13766,,,1,29,,53336,13766,,,1,70,,53350,13766,,,1,30,,53344,13766,,,1,67,,53332,13766,,,1,30,,53337,13766,,,1,72,,53351,13766,,,1,83,,53323,13766,,,1,98,,53338,13766,,,1,100,,53324,13766,,,1,99,,53339,13766,,,1,100,,53325,13766,,,1,100,,53340,13766,,,1,100,,53326,13766,,,1,100,,53341,13766,,,1
800,'F1',617,,53378,13766,,,1,34,,53352,13766,,,1,70,,53360,13766,,,1,30,,53366,13766,,,1,70,,53379,13766,,,1,30,,53353,13766,,,1,75,,53361,13766,,,1,30,,53367,13766,,,1,70,,53380,13766,,,1,30,,53354,13766,,,1,70,,53362,13766,,,1,30,,53368,13766,,,1,72,,53381,13766,,,1,30,,53355,13766,,,1,70,,53363,13766,,,1,30,,53375,13766,,,1,70,,53382,13766,,,1,30,,53376,13766,,,1,70,,53364,13766,,,1,29,,53369,13766,,,1,70,,53383,13766,,,1,30,,53377,13766,,,1,67,,53365,13766,,,1,30,,53370,13766,,,1,72,,53384,13766,,,1,83,,53356,13766,,,1,98,,53371,13766,,,1,100,,53357,13766,,,1,99,,53372,13766,,,1,100,,53358,13766,,,1,100,,53373,13766,,,1,100,,53359,13766,,,1,100,,53374,13766,,,1
800,'F2',619,,53405,13766,,,1,30,,53389,13766,,,1,72,,53393,13766,,,1,30,,53400,13766,,,1,71,,53406,13766,,,1,30,,53390,13766,,,1,70,,53394,13766,,,1,33,,53401,13766,,,1,70,,53407,13766,,,1,32,,53391,13766,,,1,70,,53395,13766,,,1,30,,53402,13766,,,1,68,,53408,13766,,,1,32,,53392,13766,,,1,70,,53396,13766,,,1,30,,53403,13766,,,1,70,,53409,13766,,,1,30,,44107,13766,,,1,70,,53397,13766,,,1,30,,53415,13766,,,1,70,,53410,13766,,,1,30,,44108,13766,,,1,70,,53398,13766,,,1,30,,53416,13766,,,1,71,,53411,13766,,,1,28,,53385,13766,,,1,70,,53399,13766,,,1,86,,53412,13766,,,1,96,,53386,13766,,,1,100,,53413,13766,,,1,100,,53387,13766,,,1,100,,53414,13766,,,1,100,,53388,13766,,,1,100,,53404,13766,,,1
800,'SA',619,,53437,13766,,,1,30,,53421,13766,,,1,72,,53425,13766,,,1,30,,53432,13766,,,1,71,,53438,13766,,,1,30,,53422,13766,,,1,70,,53426,13766,,,1,33,,53433,13766,,,1,70,,53439,13766,,,1,32,,53423,13766,,,1,70,,53427,13766,,,1,30,,53434,13766,,,1,68,,53440,13766,,,1,32,,53424,13766,,,1,70,,53428,13766,,,1,30,,53435,13766,,,1,70,,53441,13766,,,1,30,,2660,13766,,,1,70,,53429,13766,,,1,30,,53447,13766,,,1,70,,53442,13766,,,1,30,,2661,13766,,,1,70,,53430,13766,,,1,30,,53448,13766,,,1,71,,53443,13766,,,1,28,,53417,13766,,,1,70,,53431,13766,,,1,86,,53444,13766,,,1,96,,53418,13766,,,1,100,,53445,13766,,,1,100,,53419,13766,,,1,100,,53446,13766,,,1,100,,53420,13766,,,1,100,,53436,13766,,,1
800,'SE',524,,44153,13766,,,1,28,,53469,13766,,,1,62,,53461,13766,,,1,44,,53449,13766,,,1,65,,53455,13766,,,1,2,,53456,13766,,,1,6,,44154,13766,,,1,21,,53470,13766,,,1,59,,53451,13766,,,1,13,,53485,13766,,,1,15,,53452,13766,,,1,15,,53481,13766,,,1,55,,53475,13766,,,1,17,,53488,13766,,,1,15,,44124,13766,,,1,13,,53471,13766,,,1,55,,53462,13766,,,1,15,,53486,13766,,,1,15,,53453,13766,,,1,15,,53482,13766,,,1,55,,53476,13766,,,1,15,,53489,13766,,,1,15,,53450,13766,,,1,17,,53457,13766,,,1,55,,53472,13766,,,1,15,,53466,13766,,,1,15,,53487,13766,,,1,15,,53505,13766,,,1,55,,53483,13766,,,1,15,,53479,13766,,,1,15,,53490,13766,,,1,15,,53492,13766,,,1,55,,53507,13766,,,1,16,,53495,13766,,,1,15,,53467,13766,,,1,58,,53454,13766,,,1,15,,53506,13766,,,1,17,,53477,13766,,,1,14,,53460,13766,,,1,4,,53491,13766,,,1,53,,53498,13766,,,1,15,,53493,13766,,,1,15,,53458,13766,,,1,15,,53478,13766,,,1,55,,53496,13766,,,1,12,,53468,13766,,,1,12,,53511,13766,,,1,13,,53484,13766,,,1,11,,53459,13766,,,1,49,,53503,13766,,,1,12,,53508,13766,,,1,9,,53499,13766,,,1,12,,53494,13766,,,1,12,,53504,13766,,,1,7,,53480,13766,,,1,50,,53473,13766,,,1,10,,53497,13766,,,1,20,,53500,13766,,,1,27,,53509,13766,,,1,68,,53512,13766,,,1,28,,53474,13766,,,1,68,,53501,13766,,,1,30,,53510,13766,,,1,70,,53513,13766,,,1,85,,53463,13766,,,1,100,,53502,13766,,,1,96,,53464,13766,,,1,100,,53465,13766,,,1
4200,'DI',630,,57252,9077,,,1,100,,57253,9077,,,1,100,,57254,9077,,,1,100,,57255,9077,,,1,100,,57256,9077,,,1,101,,57257,9077,,,1,100,,57258,9077,,,1,100,,57259,9077,,,1,100,,57260,9077,,,1,100,,57261,9077,,,1,100,,57262,9077,,,1,100,,57263,9077,,,1,100,,57264,9077,,,1,100,,57265,9077,,,1,98,,57266,9077,,,1,100,,57267,9077,,,1,100,,57268,9077,,,1,100,,57269,9077,,,1,100,,57270,9077,,,1,100,,57271,9077,,,1
4200,'F1',630,,57272,9077,,,1,100,,57273,9077,,,1,100,,57274,9077,,,1,100,,57275,9077,,,1,100,,57276,9077,,,1,101,,57277,9077,,,1,100,,57278,9077,,,1,100,,57279,9077,,,1,100,,57280,9077,,,1,100,,57281,9077,,,1,100,,57282,9077,,,1,100,,57283,9077,,,1,100,,57284,9077,,,1,100,,57285,9077,,,1,98,,57286,9077,,,1,100,,57287,9077,,,1,100,,57288,9077,,,1,100,,57289,9077,,,1,100,,57290,9077,,,1,100,,57291,9077,,,1
4200,'F2',630,,57292,9077,,,1,100,,57293,9077,,,1,100,,57294,9077,,,1,100,,57295,9077,,,1,100,,57296,9077,,,1,101,,57297,9077,,,1,100,,57298,9077,,,1,100,,57299,9077,,,1,100,,57300,9077,,,1,100,,57301,9077,,,1,100,,57302,9077,,,1,100,,57303,9077,,,1,100,,57304,9077,,,1,100,,57305,9077,,,1,98,,57306,9077,,,1,100,,57307,9077,,,1,100,,57308,9077,,,1,100,,57309,9077,,,1,100,,57310,9077,,,1,100,,57311,9077,,,1
4200,'SA',630,,57312,9077,,,1,100,,57313,9077,,,1,100,,57314,9077,,,1,100,,57315,9077,,,1,100,,57316,9077,,,1,101,,57317,9077,,,1,100,,57318,9077,,,1,100,,57319,9077,,,1,100,,57320,9077,,,1,100,,57321,9077,,,1,100,,57322,9077,,,1,100,,57323,9077,,,1,100,,57324,9077,,,1,100,,57325,9077,,,1,98,,57326,9077,,,1,100,,57327,9077,,,1,100,,57328,9077,,,1,100,,57329,9077,,,1,100,,57330,9077,,,1,100,,57331,9077,,,1
4200,'SE',612,,57363,9077,,,1,36,,57346,9077,,,1,72,,57360,9077,,,1,12,,57345,9077,,,1,6,,57340,9077,,,1,6,,57349,9077,,,1,6,,57347,9077,,,1,61,,57350,9077,,,1,21,,57373,9077,,,1,74,,57369,9077,,,1,30,,57374,9077,,,1,70,,57348,9077,,,1,30,,57342,9077,,,1,70,,57343,9077,,,1,30,,57339,9077,,,1,70,,57362,9077,,,1,30,,57335,9077,,,1,70,,57332,9077,,,1,30,,57370,9077,,,1,70,,57341,9077,,,1,30,,57338,9077,,,1,70,,57336,9077,,,1,33,,57351,9077,,,1,70,,57372,9077,,,1,28,,57333,9077,,,1,64,,57361,9077,,,1,15,,57337,9077,,,1,14,,57344,9077,,,1,14,,57371,9077,,,1,12,,57352,9077,,,1,55,,57334,9077,,,1,27,,57366,9077,,,1,70,,57353,9077,,,1,31,,57367,9077,,,1,74,,57354,9077,,,1,30,,57368,9077,,,1,68,,57355,9077,,,1,30,,57364,9077,,,1,70,,57356,9077,,,1,30,,57365,9077,,,1,91,,57357,9077,,,1,100,,57358,9077,,,1,100,,57359,9077,,,1
13200,'DI',851,,61957,9640,,,1,100,,61955,9640,,,1,100,,61959,9640,,,1,100,,61958,9640,,,1,100,,61960,9640,,,1,100,,61956,9640,,,1,100,,61962,9640,,,1,105,,61961,9640,,,1,95,,61964,9640,,,1,100,,61963,9640,,,1,101,,61965,9640,,,1,98,,61970,9640,,,1,100,,61968,9640,,,1,100,,61966,9640,,,1,100,,61971,9640,,,1,100,,61969,9640,,,1,100,,61967,9640,,,1,100,,61972,9640,,,1
13200,'F1',851,,61975,9640,,,1,100,,61973,9640,,,1,100,,61977,9640,,,1,100,,61976,9640,,,1,100,,61978,9640,,,1,100,,61974,9640,,,1,100,,61980,9640,,,1,105,,61979,9640,,,1,95,,61982,9640,,,1,100,,61981,9640,,,1,101,,61983,9640,,,1,98,,61988,9640,,,1,100,,61986,9640,,,1,100,,61984,9640,,,1,100,,61989,9640,,,1,100,,61987,9640,,,1,100,,61985,9640,,,1,100,,61990,9640,,,1
13200,'F2',751,,61997,9640,,,1,100,,61992,9640,,,1,100,,61995,9640,,,1,103,,61998,9640,,,1,97,,61991,9640,,,1,104,,61996,9640,,,1,96,,61999,9640,,,1,104,,62000,9640,,,1,96,,62002,9640,,,1,100,,61993,9640,,,1,100,,62001,9640,,,1,101,,62003,9640,,,1,98,,62006,9640,,,1,100,,62004,9640,,,1,100,,62009,9640,,,1,100,,62007,9640,,,1,100,,62005,9640,,,1,100,,61994,9640,,,1,100,,62008,9640,,,1
13200,'SA',751,,62016,9640,,,1,100,,62011,9640,,,1,100,,62014,9640,,,1,103,,62017,9640,,,1,97,,62010,9640,,,1,104,,62015,9640,,,1,96,,62018,9640,,,1,104,,62019,9640,,,1,96,,62021,9640,,,1,100,,62012,9640,,,1,100,,62020,9640,,,1,101,,62022,9640,,,1,98,,62025,9640,,,1,100,,62023,9640,,,1,100,,62028,9640,,,1,100,,62026,9640,,,1,100,,62024,9640,,,1,100,,62013,9640,,,1,100,,62027,9640,,,1
13200,'SE',700,,62038,9640,,,1,21,,62041,9640,,,1,11,,62031,9640,,,1,9,,62040,9640,,,1,4,,62033,9640,,,1,61,,62036,9640,,,1,18,,62039,9640,,,1,20,,62042,9640,,,1,79,,62037,9640,,,1,97,,62043,9640,,,1,99,,62035,9640,,,1,96,,62046,9640,,,1,100,,62029,9640,,,1,108,,62052,9640,,,1,95,,62047,9640,,,1,24,,62053,9640,,,1,60,,62049,9640,,,1,20,,62032,9640,,,1,23,,62048,9640,,,1,60,,62051,9640,,,1,20,,62044,9640,,,1,20,,62030,9640,,,1,61,,62034,9640,,,1,19,,62054,9640,,,1,19,,62045,9640,,,1,59,,62050,9640,,,1
44200,'SE',1636,,63038,13095,0,15,2,97,,63037,13095,0,15,2
