401,'DI',616,,21384,20444,,,1,30,,21391,20444,,,1,70,,21403,20444,,,1,30,,21399,20444,,,1,70,,21385,20444,,,1,30,,21392,20444,,,1,72,,21405,20444,,,1,30,,21407,20444,,,1,70,,21386,20444,,,1,30,,21393,20444,,,1,70,,21406,20444,,,1,30,,21408,20444,,,1,70,,21387,20444,,,1,30,,21413,20444,,,1,70,,21414,20444,,,1,30,,21409,20444,,,1,71,,21388,20444,,,1,29,,21394,20444,,,1,70,,21416,20444,,,1,30,,21397,20444,,,1,72,,21389,20444,,,1,29,,21395,20444,,,1,70,,21417,20444,,,1,34,,21398,20444,,,1,65,,21410,20444,,,1,30,,21415,20444,,,1,70,,21412,20444,,,1,30,,21390,20444,,,1,71,,21411,20444,,,1,29,,21400,20444,,,1,70,,21383,20444,,,1,30,,21396,20444,,,1,100,,21402,20444,,,1,100,,21404,20444,,,1,100,,21401,20444,,,1
401,'F1',616,,43498,20444,,,1,30,,43505,20444,,,1,70,,43517,20444,,,1,30,,43513,20444,,,1,70,,43499,20444,,,1,30,,43506,20444,,,1,72,,43519,20444,,,1,30,,43521,20444,,,1,70,,43500,20444,,,1,30,,43507,20444,,,1,70,,43520,20444,,,1,30,,43522,20444,,,1,70,,43501,20444,,,1,30,,43527,20444,,,1,70,,43528,20444,,,1,30,,43523,20444,,,1,71,,43502,20444,,,1,29,,43508,20444,,,1,70,,43530,20444,,,1,30,,43511,20444,,,1,72,,43503,20444,,,1,29,,43509,20444,,,1,70,,43531,20444,,,1,34,,43512,20444,,,1,65,,43524,20444,,,1,30,,43529,20444,,,1,70,,43526,20444,,,1,30,,43504,20444,,,1,71,,43525,20444,,,1,29,,43514,20444,,,1,70,,43497,20444,,,1,30,,43510,20444,,,1,100,,43516,20444,,,1,100,,43518,20444,,,1,100,,43515,20444,,,1
401,'F2',616,,43533,20444,,,1,30,,43540,20444,,,1,70,,43542,20444,,,1,30,,43537,20444,,,1,70,,43534,20444,,,1,30,,43541,20444,,,1,72,,43543,20444,,,1,30,,43538,20444,,,1,70,,43535,20444,,,1,30,,43561,20444,,,1,70,,43544,20444,,,1,30,,43555,20444,,,1,70,,43565,20444,,,1,32,,43553,20444,,,1,70,,43564,20444,,,1,30,,43548,20444,,,1,70,,43532,20444,,,1,30,,43545,20444,,,1,70,,43556,20444,,,1,30,,43566,20444,,,1,70,,43563,20444,,,1,30,,43552,20444,,,1,70,,43558,20444,,,1,30,,43551,20444,,,1,70,,43539,20444,,,1,28,,43557,20444,,,1,70,,43547,20444,,,1,30,,43536,20444,,,1,70,,43560,20444,,,1,30,,43546,20444,,,1,70,,43559,20444,,,1,30,,43562,20444,,,1,100,,43554,20444,,,1,100,,43550,20444,,,1,100,,43549,20444,,,1
401,'F8',616,,21527,20444,,,1,30,,21534,20444,,,1,70,,21536,20444,,,1,30,,21531,20444,,,1,70,,21528,20444,,,1,30,,21535,20444,,,1,72,,21537,20444,,,1,30,,21532,20444,,,1,70,,21529,20444,,,1,30,,21555,20444,,,1,70,,21538,20444,,,1,30,,21549,20444,,,1,70,,21559,20444,,,1,32,,21547,20444,,,1,70,,21558,20444,,,1,30,,21542,20444,,,1,70,,21526,20444,,,1,30,,21539,20444,,,1,70,,21550,20444,,,1,30,,21560,20444,,,1,70,,21557,20444,,,1,30,,21546,20444,,,1,70,,21552,20444,,,1,30,,21545,20444,,,1,70,,21533,20444,,,1,28,,21551,20444,,,1,70,,21541,20444,,,1,30,,21530,20444,,,1,70,,21554,20444,,,1,30,,21540,20444,,,1,70,,21553,20444,,,1,30,,21556,20444,,,1,100,,21548,20444,,,1,100,,21544,20444,,,1,100,,21543,20444,,,1
401,'F9',616,,21562,20444,,,1,30,,21569,20444,,,1,70,,21581,20444,,,1,30,,21577,20444,,,1,70,,21563,20444,,,1,30,,21570,20444,,,1,72,,21583,20444,,,1,30,,21585,20444,,,1,70,,21564,20444,,,1,30,,21571,20444,,,1,70,,21584,20444,,,1,30,,21586,20444,,,1,70,,21565,20444,,,1,30,,21591,20444,,,1,70,,21592,20444,,,1,30,,21587,20444,,,1,71,,21566,20444,,,1,29,,21572,20444,,,1,70,,21594,20444,,,1,30,,21575,20444,,,1,72,,21567,20444,,,1,29,,21573,20444,,,1,70,,21595,20444,,,1,34,,21576,20444,,,1,65,,21588,20444,,,1,30,,21593,20444,,,1,70,,21590,20444,,,1,30,,21568,20444,,,1,71,,21589,20444,,,1,29,,21578,20444,,,1,70,,21561,20444,,,1,30,,21574,20444,,,1,100,,21580,20444,,,1,100,,21582,20444,,,1,100,,21579,20444,,,1
401,'SA',616,,21596,20444,,,1,30,,1360,20444,,,1,70,,1362,20444,,,1,30,,1358,20444,,,1,70,,21597,20444,,,1,30,,1361,20444,,,1,72,,1363,20444,,,1,30,,1359,20444,,,1,70,,21598,20444,,,1,30,,21616,20444,,,1,70,,1364,20444,,,1,30,,21610,20444,,,1,70,,21620,20444,,,1,32,,21608,20444,,,1,70,,21619,20444,,,1,30,,21603,20444,,,1,70,,1356,20444,,,1,30,,1365,20444,,,1,70,,21611,20444,,,1,30,,21621,20444,,,1,70,,21618,20444,,,1,30,,21607,20444,,,1,70,,21613,20444,,,1,30,,21606,20444,,,1,70,,21600,20444,,,1,28,,21612,20444,,,1,70,,21602,20444,,,1,30,,21599,20444,,,1,70,,21615,20444,,,1,30,,21601,20444,,,1,70,,21614,20444,,,1,30,,21617,20444,,,1,100,,21609,20444,,,1,100,,21605,20444,,,1,100,,21604,20444,,,1
401,'SE',621,,43580,20444,,,1,22,,43587,20444,,,1,58,,43571,20444,,,1,21,,43584,20444,,,1,36,,43600,20444,,,1,74,,43574,20444,,,1,73,,43593,20444,,,1,30,,43575,20444,,,1,70,,43570,20444,,,1,30,,43592,20444,,,1,70,,43568,20444,,,1,30,,43572,20444,,,1,70,,43602,20444,,,1,30,,43594,20444,,,1,73,,43576,20444,,,1,32,,43606,20444,,,1,70,,43585,20444,,,1,30,,43567,20444,,,1,66,,43581,20444,,,1,34,,43586,20444,,,1,15,,43579,20444,,,1,63,,43582,20444,,,1,25,,43605,20444,,,1,59,,43577,20444,,,1,20,,43569,20444,,,1,23,,43595,20444,,,1,13,,43573,20444,,,1,60,,43596,20444,,,1,24,,43603,20444,,,1,14,,43578,20444,,,1,67,,43599,20444,,,1,30,,43591,20444,,,1,67,,43589,20444,,,1,27,,43604,20444,,,1,70,,43590,20444,,,1,30,,43601,20444,,,1,70,,43598,20444,,,1,100,,43597,20444,,,1,96,,43588,20444,,,1,100,,43583,20444,,,1
1401,'SE',553,,44650,1781,,,1,70,,44645,1781,,,1,20,,44648,1781,,,1,14,,44651,1781,,,1,56,,44649,1781,,,1,12,,44642,1781,,,1,16,,44647,1781,,,1,14,,44646,1781,,,1,54,,44652,1781,,,1,16,,44644,1781,,,1,16,,44643,1781,,,1,61,,44653,1781,,,1,23,,44664,1781,,,1,100,,44658,1781,,,1,100,,44663,1781,,,1,100,,44662,1781,,,1,100,,44656,1781,,,1,100,,44655,1781,,,1,100,,44659,1781,,,1,85,,44661,1781,,,1,17,,44657,1781,,,1,19,,44665,1781,,,1,64,,44660,1781,,,1,19,,44669,1781,,,1,21,,44654,1781,,,1,60,,44668,1781,,,1,18,,44666,1781,,,1,29,,44667,1781,,,1
2100,'DI',530,,26717,14095,,,1,70,,26710,14095,,,1,30,,26733,14095,,,1,29,,26735,14095,,,1,70,,26737,14095,,,1,30,,26728,14095,,,1,71,,26729,14095,,,1,70,,26734,14095,,,1,30,,26718,14095,,,1,27,,26731,14095,,,1,73,,26744,14095,,,1,70,,26742,14095,,,1,32,,26732,14095,,,1,68,,26719,14095,,,1,31,,26738,14095,,,1,70,,26730,14095,,,1,30,,26736,14095,,,1,70,,26745,14095,,,1,30,,26743,14095,,,1,70,,26720,14095,,,1,30,,26722,14095,,,1,70,,26711,14095,,,1,30,,26725,14095,,,1,70,,26721,14095,,,1,30,,26705,14095,,,1,70,,26712,14095,,,1,30,,26726,14095,,,1,69,,26709,14095,,,1,30,,26706,14095,,,1,70,,26708,14095,,,1,30,,26740,14095,,,1,70,,26723,14095,,,1,30,,26713,14095,,,1,70,,26727,14095,,,1,30,,26714,14095,,,1,70,,26716,14095,,,1,30,,26739,14095,,,1,70,,26741,14095,,,1,30,,26707,14095,,,1,70,,26724,14095,,,1,30,,26715,14095,,,1
2100,'F1',530,,45557,14095,,,1,70,,45550,14095,,,1,30,,45573,14095,,,1,29,,45575,14095,,,1,70,,45577,14095,,,1,30,,45568,14095,,,1,71,,45569,14095,,,1,70,,45574,14095,,,1,30,,45558,14095,,,1,27,,45571,14095,,,1,73,,45584,14095,,,1,70,,45582,14095,,,1,32,,45572,14095,,,1,68,,45559,14095,,,1,31,,45578,14095,,,1,70,,45570,14095,,,1,30,,45576,14095,,,1,70,,45585,14095,,,1,30,,45583,14095,,,1,70,,45560,14095,,,1,30,,45562,14095,,,1,70,,45551,14095,,,1,30,,45565,14095,,,1,70,,45561,14095,,,1,30,,45545,14095,,,1,70,,45552,14095,,,1,30,,45566,14095,,,1,69,,45549,14095,,,1,30,,45546,14095,,,1,70,,45548,14095,,,1,30,,45580,14095,,,1,70,,45563,14095,,,1,30,,45553,14095,,,1,70,,45567,14095,,,1,30,,45554,14095,,,1,70,,45556,14095,,,1,30,,45579,14095,,,1,70,,45581,14095,,,1,30,,45547,14095,,,1,70,,45564,14095,,,1,30,,45555,14095,,,1
2100,'F2',530,,45603,14095,,,1,70,,45594,14095,,,1,30,,45607,14095,,,1,70,,45616,14095,,,1,30,,45617,14095,,,1,70,,45605,14095,,,1,30,,45620,14095,,,1,70,,45608,14095,,,1,30,,45595,14095,,,1,25,,45590,14095,,,1,71,,45604,14095,,,1,74,,45609,14095,,,1,33,,45591,14095,,,1,24,,45596,14095,,,1,74,,45600,14095,,,1,70,,45613,14095,,,1,30,,45618,14095,,,1,70,,45610,14095,,,1,30,,45621,14095,,,1,70,,45614,14095,,,1,30,,45619,14095,,,1,70,,45611,14095,,,1,30,,45623,14095,,,1,70,,45597,14095,,,1,30,,45622,14095,,,1,70,,45612,14095,,,1,30,,45624,14095,,,1,69,,45586,14095,,,1,30,,45601,14095,,,1,70,,45615,14095,,,1,30,,45598,14095,,,1,70,,45606,14095,,,1,30,,45592,14095,,,1,70,,45602,14095,,,1,30,,45588,14095,,,1,70,,45599,14095,,,1,30,,45626,14095,,,1,70,,45593,14095,,,1,30,,45625,14095,,,1,70,,45589,14095,,,1,29,,45587,14095,,,1
2100,'F8',530,,26891,14095,,,1,70,,26882,14095,,,1,30,,26895,14095,,,1,70,,26904,14095,,,1,30,,26905,14095,,,1,70,,26893,14095,,,1,30,,26908,14095,,,1,70,,26896,14095,,,1,30,,26883,14095,,,1,25,,26878,14095,,,1,71,,26892,14095,,,1,74,,26897,14095,,,1,33,,26879,14095,,,1,24,,26884,14095,,,1,74,,26888,14095,,,1,70,,26901,14095,,,1,30,,26906,14095,,,1,70,,26898,14095,,,1,30,,26909,14095,,,1,70,,26902,14095,,,1,30,,26907,14095,,,1,70,,26899,14095,,,1,30,,26911,14095,,,1,70,,26885,14095,,,1,30,,26910,14095,,,1,70,,26900,14095,,,1,30,,26912,14095,,,1,69,,26874,14095,,,1,30,,26889,14095,,,1,70,,26903,14095,,,1,30,,26886,14095,,,1,70,,26894,14095,,,1,30,,26880,14095,,,1,70,,26890,14095,,,1,30,,26876,14095,,,1,70,,26887,14095,,,1,30,,26914,14095,,,1,70,,26881,14095,,,1,30,,26913,14095,,,1,70,,26877,14095,,,1,29,,26875,14095,,,1
2100,'F9',530,,26927,14095,,,1,70,,26920,14095,,,1,30,,26943,14095,,,1,29,,26945,14095,,,1,70,,26947,14095,,,1,30,,26938,14095,,,1,71,,26939,14095,,,1,70,,26944,14095,,,1,30,,26928,14095,,,1,27,,26941,14095,,,1,73,,26954,14095,,,1,70,,26952,14095,,,1,32,,26942,14095,,,1,68,,26929,14095,,,1,31,,26948,14095,,,1,70,,26940,14095,,,1,30,,26946,14095,,,1,70,,26955,14095,,,1,30,,26953,14095,,,1,70,,26930,14095,,,1,30,,26932,14095,,,1,70,,26921,14095,,,1,30,,26935,14095,,,1,70,,26931,14095,,,1,30,,26915,14095,,,1,70,,26922,14095,,,1,30,,26936,14095,,,1,69,,26919,14095,,,1,30,,26916,14095,,,1,70,,26918,14095,,,1,30,,26950,14095,,,1,70,,26933,14095,,,1,30,,26923,14095,,,1,70,,26937,14095,,,1,30,,26924,14095,,,1,70,,26926,14095,,,1,30,,26949,14095,,,1,70,,26951,14095,,,1,30,,26917,14095,,,1,70,,26934,14095,,,1,30,,26925,14095,,,1
2100,'SA',530,,26973,14095,,,1,70,,26964,14095,,,1,30,,26977,14095,,,1,70,,26986,14095,,,1,30,,26987,14095,,,1,70,,26975,14095,,,1,30,,26988,14095,,,1,70,,26978,14095,,,1,30,,26965,14095,,,1,25,,26960,14095,,,1,71,,26974,14095,,,1,74,,26979,14095,,,1,33,,26961,14095,,,1,24,,26966,14095,,,1,74,,26970,14095,,,1,70,,26983,14095,,,1,30,,6221,14095,,,1,70,,26980,14095,,,1,30,,26989,14095,,,1,70,,26984,14095,,,1,30,,6222,14095,,,1,70,,26981,14095,,,1,30,,26991,14095,,,1,70,,26967,14095,,,1,30,,26990,14095,,,1,70,,26982,14095,,,1,30,,26992,14095,,,1,69,,26956,14095,,,1,30,,26971,14095,,,1,70,,26985,14095,,,1,30,,26968,14095,,,1,70,,26976,14095,,,1,30,,26962,14095,,,1,70,,26972,14095,,,1,30,,26958,14095,,,1,70,,26969,14095,,,1,30,,26993,14095,,,1,70,,26963,14095,,,1,30,,6233,14095,,,1,70,,26959,14095,,,1,29,,26957,14095,,,1
2100,'SE',542,,45652,14095,,,1,15,,45637,14095,,,1,55,,45633,14095,,,1,12,,45634,14095,,,1,12,,45660,14095,,,1,12,,45661,14095,,,1,67,,45659,14095,,,1,21,,45638,14095,,,1,17,,45641,14095,,,1,57,,45665,14095,,,1,23,,45648,14095,,,1,18,,45666,14095,,,1,60,,45627,14095,,,1,21,,45639,14095,,,1,27,,45643,14095,,,1,72,,45649,14095,,,1,70,,45675,14095,,,1,30,,45640,14095,,,1,70,,45656,14095,,,1,33,,45628,14095,,,1,70,,45631,14095,,,1,30,,45653,14095,,,1,70,,45662,14095,,,1,31,,45629,14095,,,1,76,,45632,14095,,,1,26,,45654,14095,,,1,15,,45642,14095,,,1,55,,45663,14095,,,1,15,,45667,14095,,,1,15,,45669,14095,,,1,16,,45644,14095,,,1,59,,45635,14095,,,1,17,,45676,14095,,,1,10,,45655,14095,,,1,11,,45672,14095,,,1,55,,45650,14095,,,1,12,,45674,14095,,,1,15,,45651,14095,,,1,15,,45645,14095,,,1,60,,45636,14095,,,1,20,,45630,14095,,,1,16,,45658,14095,,,1,70,,45671,14095,,,1,30,,45668,14095,,,1,70,,45670,14095,,,1,30,,45673,14095,,,1,100,,45646,14095,,,1,100,,45664,14095,,,1,96,,45657,14095,,,1,100,,45647,14095,,,1
3201,'DI',548,,28612,10234,,,1,99,,28613,10234,,,1,101,,28614,10234,,,1,99,,28615,10234,,,1,102,,28616,10234,,,1,101,,28619,10234,,,1,102,,28621,10234,,,1,103,,28617,10234,,,1,103,,28623,10234,,,1,98,,28622,10234,,,1,103,,28625,10234,,,1,96,,28624,10234,,,1,98,,28627,10234,,,1,99,,28626,10234,,,1,99,,28620,10234,,,1,99,,28610,10234,,,1,100,,28628,10234,,,1,100,,28630,10234,,,1,100,,28618,10234,,,1,100,,28629,10234,,,1,99,,28611,10234,,,1
3201,'F1',548,,46314,10234,,,1,99,,46315,10234,,,1,101,,46316,10234,,,1,99,,46317,10234,,,1,102,,46318,10234,,,1,101,,46321,10234,,,1,102,,46323,10234,,,1,103,,46319,10234,,,1,103,,46325,10234,,,1,98,,46324,10234,,,1,103,,46327,10234,,,1,96,,46326,10234,,,1,98,,46329,10234,,,1,99,,46328,10234,,,1,99,,46322,10234,,,1,99,,46312,10234,,,1,100,,46330,10234,,,1,100,,46332,10234,,,1,100,,46320,10234,,,1,100,,46331,10234,,,1,99,,46313,10234,,,1
3201,'F2',548,,46334,10234,,,1,99,,46335,10234,,,1,101,,46336,10234,,,1,96,,46337,10234,,,1,103,,46338,10234,,,1,102,,46344,10234,,,1,103,,46339,10234,,,1,101,,46353,10234,,,1,106,,46345,10234,,,1,142,,46340,10234,,,1,56,,46341,10234,,,1,98,,46346,10234,,,1,98,,46347,10234,,,1,99,,46342,10234,,,1,99,,46349,10234,,,1,99,,46348,10234,,,1,100,,46350,10234,,,1,100,,46352,10234,,,1,100,,46351,10234,,,1,100,,46343,10234,,,1,99,,46333,10234,,,1
3201,'F8',548,,28702,10234,,,1,99,,28703,10234,,,1,101,,28704,10234,,,1,96,,28705,10234,,,1,103,,28706,10234,,,1,102,,28712,10234,,,1,103,,28707,10234,,,1,101,,28721,10234,,,1,106,,28713,10234,,,1,142,,28708,10234,,,1,56,,28709,10234,,,1,98,,28714,10234,,,1,98,,28715,10234,,,1,99,,28710,10234,,,1,99,,28717,10234,,,1,99,,28716,10234,,,1,100,,28718,10234,,,1,100,,28720,10234,,,1,100,,28719,10234,,,1,100,,28711,10234,,,1,99,,28701,10234,,,1
3201,'F9',548,,28724,10234,,,1,99,,28725,10234,,,1,101,,28726,10234,,,1,99,,28727,10234,,,1,102,,28728,10234,,,1,101,,28731,10234,,,1,102,,28733,10234,,,1,103,,28729,10234,,,1,103,,28735,10234,,,1,98,,28734,10234,,,1,103,,28737,10234,,,1,96,,28736,10234,,,1,98,,28739,10234,,,1,99,,28738,10234,,,1,99,,28732,10234,,,1,99,,28722,10234,,,1,100,,28740,10234,,,1,100,,28742,10234,,,1,100,,28730,10234,,,1,100,,28741,10234,,,1,99,,28723,10234,,,1
3201,'SA',548,,28744,10234,,,1,99,,28745,10234,,,1,101,,28746,10234,,,1,96,,28747,10234,,,1,103,,28748,10234,,,1,102,,28754,10234,,,1,103,,28749,10234,,,1,101,,28763,10234,,,1,106,,28755,10234,,,1,142,,28750,10234,,,1,56,,28751,10234,,,1,98,,28756,10234,,,1,98,,28757,10234,,,1,99,,28752,10234,,,1,99,,28759,10234,,,1,99,,28758,10234,,,1,100,,28760,10234,,,1,100,,28762,10234,,,1,100,,28761,10234,,,1,100,,28753,10234,,,1,99,,28743,10234,,,1
3201,'SE',525,,46376,14521,,,1,30,,46367,14521,,,1,70,,46375,14521,,,1,31,,46371,14521,,,1,77,,46368,14521,,,1,67,,46369,14521,,,1,24,,46381,14521,,,1,31,,46372,14521,,,1,75,,46380,14521,,,1,92,,46357,10234,,,1,101,,46359,10234,,,1,100,,46354,10234,,,1,100,,46365,10234,,,1,100,,46355,10234,,,1,103,,46358,10234,,,1,105,,46360,10234,,,1,21,,46379,14521,,,1,72,,46374,14521,,,1,30,,46366,14521,,,1,70,,46378,14521,,,1,23,,46373,14521,,,1,70,,46377,14521,,,1,25,,46370,14521,,,1,86,,46363,10234,,,1,100,,46362,10234,,,1,97,,46364,10234,,,1,100,,46356,10234,,,1,98,,46361,10234,,,1
13201,'DI',730,,38200,11656,,,1,100,,38198,11656,,,1,100,,38199,11656,,,1,100,,38204,11656,,,1,100,,38201,11656,,,1,100,,38202,11656,,,1,100,,38205,11656,,,1,100,,38208,11656,,,1,100,,38206,11656,,,1,105,,38210,11656,,,1,95,,38209,11656,,,1,100,,38207,11656,,,1,101,,38211,11656,,,1,97,,38212,11656,,,1,100,,38203,11656,,,1,100,,38197,11656,,,1,100,,38213,11656,,,1,100,,38214,11656,,,1
13201,'F1',730,,50148,11656,,,1,100,,50146,11656,,,1,100,,50147,11656,,,1,100,,50152,11656,,,1,100,,50149,11656,,,1,100,,50150,11656,,,1,100,,50153,11656,,,1,100,,50156,11656,,,1,100,,50154,11656,,,1,105,,50158,11656,,,1,95,,50157,11656,,,1,100,,50155,11656,,,1,101,,50159,11656,,,1,97,,50160,11656,,,1,100,,50151,11656,,,1,100,,50145,11656,,,1,100,,50161,11656,,,1,100,,50162,11656,,,1
13201,'F2',730,,50164,11656,,,1,100,,50180,11656,,,1,100,,50168,11656,,,1,100,,50163,11656,,,1,103,,50165,11656,,,1,97,,50169,11656,,,1,104,,50166,11656,,,1,96,,50179,11656,,,1,104,,50170,11656,,,1,96,,50172,11656,,,1,100,,50167,11656,,,1,100,,50171,11656,,,1,101,,50173,11656,,,1,97,,50175,11656,,,1,100,,50174,11656,,,1,100,,50177,11656,,,1,100,,50176,11656,,,1,100,,50178,11656,,,1
13201,'F8',730,,38280,11656,,,1,100,,38296,11656,,,1,100,,38284,11656,,,1,100,,38279,11656,,,1,103,,38281,11656,,,1,97,,38285,11656,,,1,104,,38282,11656,,,1,96,,38295,11656,,,1,104,,38286,11656,,,1,96,,38288,11656,,,1,100,,38283,11656,,,1,100,,38287,11656,,,1,101,,38289,11656,,,1,97,,38291,11656,,,1,100,,38290,11656,,,1,100,,38293,11656,,,1,100,,38292,11656,,,1,100,,38294,11656,,,1
13201,'F9',730,,38300,11656,,,1,100,,38298,11656,,,1,100,,38299,11656,,,1,100,,38304,11656,,,1,100,,38301,11656,,,1,100,,38302,11656,,,1,100,,38305,11656,,,1,100,,38308,11656,,,1,100,,38306,11656,,,1,105,,38310,11656,,,1,95,,38309,11656,,,1,100,,38307,11656,,,1,101,,38311,11656,,,1,97,,38312,11656,,,1,100,,38303,11656,,,1,100,,38297,11656,,,1,100,,38313,11656,,,1,100,,38314,11656,,,1
13201,'SA',730,,38316,11656,,,1,100,,38332,11656,,,1,100,,38320,11656,,,1,100,,38315,11656,,,1,103,,38317,11656,,,1,97,,38321,11656,,,1,104,,38318,11656,,,1,96,,38331,11656,,,1,104,,38322,11656,,,1,96,,38324,11656,,,1,100,,38319,11656,,,1,100,,38323,11656,,,1,101,,38325,11656,,,1,97,,38327,11656,,,1,100,,38326,11656,,,1,100,,38329,11656,,,1,100,,38328,11656,,,1,100,,38330,11656,,,1
13201,'SE',601,,50185,11656,,,1,30,,50190,11656,,,1,75,,50195,11656,,,1,20,,50198,11656,,,1,23,,50181,11656,,,1,62,,50196,11656,,,1,20,,50194,11656,,,1,16,,50192,11656,,,1,57,,50182,11656,,,1,20,,50197,11656,,,1,18,,50189,11656,,,1,62,,50193,11656,,,1,96,,50187,11656,,,1,59,,50203,11656,,,1,96,,50186,11656,,,1,100,,50204,11656,,,1,151,,50206,11656,,,1,97,,50183,11656,,,1,24,,50199,11656,,,1,21,,50201,11656,,,1,58,,50191,11656,,,1,23,,50184,11656,,,1,19,,50200,11656,,,1,57,,50205,11656,,,1,19,,50188,11656,,,1,80,,50202,11656,,,1
21400,'DI',904,,39011,1781,,,1,100,,39012,1781,,,1,100,,39013,1781,,,1,100,,39014,1781,,,1,100,,39015,1781,,,1,100,,39016,1781,,,1,100,,39017,1781,,,1,100,,39018,1781,,,1,100,,39019,1781,,,1,100,,39020,1781,,,1
21400,'F1',904,,50482,1781,,,1,100,,50483,1781,,,1,100,,50484,1781,,,1,100,,50485,1781,,,1,100,,50486,1781,,,1,100,,50487,1781,,,1,100,,50488,1781,,,1,100,,50489,1781,,,1,100,,50490,1781,,,1,100,,50491,1781,,,1
21400,'F2',904,,50492,1781,,,1,100,,50493,1781,,,1,100,,50494,1781,,,1,100,,50495,1781,,,1,100,,50496,1781,,,1,100,,50497,1781,,,1,100,,50498,1781,,,1,100,,50499,1781,,,1,100,,50500,1781,,,1,100,,50501,1781,,,1
21400,'F8',904,,39034,1781,,,1,100,,39035,1781,,,1,100,,39036,1781,,,1,100,,39037,1781,,,1,100,,39038,1781,,,1,100,,39039,1781,,,1,100,,39040,1781,,,1,100,,39041,1781,,,1,100,,39042,1781,,,1,100,,39043,1781,,,1
21400,'F9',904,,39044,1781,,,1,100,,39045,1781,,,1,100,,39046,1781,,,1,100,,39047,1781,,,1,100,,39048,1781,,,1,100,,39049,1781,,,1,100,,39050,1781,,,1,100,,39051,1781,,,1,100,,39052,1781,,,1,100,,39053,1781,,,1
21400,'SA',904,,39054,1781,,,1,100,,39055,1781,,,1,100,,39056,1781,,,1,100,,39057,1781,,,1,100,,39058,1781,,,1,100,,39059,1781,,,1,100,,39060,1781,,,1,100,,39061,1781,,,1,100,,39062,1781,,,1,100,,39063,1781,,,1
