3201,'DI',536,,28612,4893,,,1,99,,28613,4893,,,1,101,,28614,4893,,,1,99,,28615,4893,,,1,102,,28616,4893,,,1,100,,28619,4893,,,1,101,,28621,4893,,,1,101,,28617,4893,,,1,103,,28623,4893,,,1,98,,28622,4893,,,1,104,,28625,4893,,,1,96,,28624,4893,,,1,100,,28627,4893,,,1,100,,28626,4893,,,1,99,,28620,4893,,,1,100,,28610,4893,,,1,100,,28628,4893,,,1,100,,28630,4893,,,1,100,,28618,4893,,,1,100,,28629,4893,,,1,99,,28611,4893,,,1
3201,'F1',536,,46314,4893,,,1,99,,46315,4893,,,1,101,,46316,4893,,,1,99,,46317,4893,,,1,102,,46318,4893,,,1,100,,46321,4893,,,1,101,,46323,4893,,,1,101,,46319,4893,,,1,103,,46325,4893,,,1,98,,46324,4893,,,1,104,,46327,4893,,,1,96,,46326,4893,,,1,100,,46329,4893,,,1,100,,46328,4893,,,1,99,,46322,4893,,,1,100,,46312,4893,,,1,100,,46330,4893,,,1,100,,46332,4893,,,1,100,,46320,4893,,,1,100,,46331,4893,,,1,99,,46313,4893,,,1
3201,'F2',536,,46334,4893,,,1,99,,46335,4893,,,1,101,,46336,4893,,,1,96,,46337,4893,,,1,103,,46338,4893,,,1,101,,46344,4893,,,1,102,,46339,4893,,,1,99,,46353,4893,,,1,106,,46345,4893,,,1,102,,46340,4893,,,1,97,,46341,4893,,,1,98,,46346,4893,,,1,100,,46347,4893,,,1,100,,46342,4893,,,1,99,,46349,4893,,,1,100,,46348,4893,,,1,100,,46350,4893,,,1,100,,46352,4893,,,1,100,,46351,4893,,,1,100,,46343,4893,,,1,99,,46333,4893,,,1
3201,'F8',536,,28702,4893,,,1,99,,28703,4893,,,1,101,,28704,4893,,,1,96,,28705,4893,,,1,103,,28706,4893,,,1,101,,28712,4893,,,1,102,,28707,4893,,,1,99,,28721,4893,,,1,106,,28713,4893,,,1,102,,28708,4893,,,1,97,,28709,4893,,,1,98,,28714,4893,,,1,100,,28715,4893,,,1,100,,28710,4893,,,1,99,,28717,4893,,,1,100,,28716,4893,,,1,100,,28718,4893,,,1,100,,28720,4893,,,1,100,,28719,4893,,,1,100,,28711,4893,,,1,99,,28701,4893,,,1
3201,'F9',536,,28724,4893,,,1,99,,28725,4893,,,1,101,,28726,4893,,,1,99,,28727,4893,,,1,102,,28728,4893,,,1,100,,28731,4893,,,1,101,,28733,4893,,,1,101,,28729,4893,,,1,103,,28735,4893,,,1,98,,28734,4893,,,1,104,,28737,4893,,,1,96,,28736,4893,,,1,100,,28739,4893,,,1,100,,28738,4893,,,1,99,,28732,4893,,,1,100,,28722,4893,,,1,100,,28740,4893,,,1,100,,28742,4893,,,1,100,,28730,4893,,,1,100,,28741,4893,,,1,99,,28723,4893,,,1
3201,'SA',536,,28744,4893,,,1,99,,28745,4893,,,1,101,,28746,4893,,,1,96,,28747,4893,,,1,103,,28748,4893,,,1,101,,28754,4893,,,1,102,,28749,4893,,,1,99,,28763,4893,,,1,106,,28755,4893,,,1,102,,28750,4893,,,1,97,,28751,4893,,,1,98,,28756,4893,,,1,100,,28757,4893,,,1,100,,28752,4893,,,1,99,,28759,4893,,,1,100,,28758,4893,,,1,100,,28760,4893,,,1,100,,28762,4893,,,1,100,,28761,4893,,,1,100,,28753,4893,,,1,99,,28743,4893,,,1
3201,'SE',511,,46376,9180,,,1,30,,46367,9180,,,1,70,,46375,9180,,,1,29,,46371,9180,,,1,76,,46368,9180,,,1,27,,46369,9180,,,1,64,,46381,9180,,,1,30,,46372,9180,,,1,75,,46380,9180,,,1,95,,46357,4893,,,1,101,,46359,4893,,,1,100,,46354,4893,,,1,100,,46365,4893,,,1,100,,46355,4893,,,1,103,,46358,4893,,,1,105,,46360,4893,,,1,21,,46379,9180,,,1,70,,46374,9180,,,1,30,,46366,9180,,,1,70,,46378,9180,,,1,23,,46373,9180,,,1,73,,46377,9180,,,1,25,,46370,9180,,,1,86,,46363,4893,,,1,100,,46362,4893,,,1,98,,46364,4893,,,1,100,,46356,4893,,,1,98,,46361,4893,,,1
13201,'DI',717,,38200,7643,,,1,100,,38198,7643,,,1,100,,38199,7643,,,1,100,,38204,7643,,,1,100,,38201,7643,,,1,100,,38202,7643,,,1,100,,38205,7643,,,1,100,,38208,7643,,,1,100,,38206,7643,,,1,105,,38210,7643,,,1,95,,38209,7643,,,1,100,,38207,7643,,,1,101,,38211,7643,,,1,98,,38212,7643,,,1,100,,38203,7643,,,1,100,,38197,7643,,,1,100,,38213,7643,,,1,100,,38214,7643,,,1
13201,'F1',717,,50148,7643,,,1,100,,50146,7643,,,1,100,,50147,7643,,,1,100,,50152,7643,,,1,100,,50149,7643,,,1,100,,50150,7643,,,1,100,,50153,7643,,,1,100,,50156,7643,,,1,100,,50154,7643,,,1,105,,50158,7643,,,1,95,,50157,7643,,,1,100,,50155,7643,,,1,101,,50159,7643,,,1,98,,50160,7643,,,1,100,,50151,7643,,,1,100,,50145,7643,,,1,100,,50161,7643,,,1,100,,50162,7643,,,1
13201,'F2',717,,50164,7643,,,1,100,,50180,7643,,,1,100,,50168,7643,,,1,100,,50163,7643,,,1,103,,50165,7643,,,1,97,,50169,7643,,,1,104,,50166,7643,,,1,96,,50179,7643,,,1,104,,50170,7643,,,1,96,,50172,7643,,,1,100,,50167,7643,,,1,100,,50171,7643,,,1,101,,50173,7643,,,1,98,,50175,7643,,,1,100,,50174,7643,,,1,100,,50177,7643,,,1,100,,50176,7643,,,1,100,,50178,7643,,,1
13201,'F8',717,,38280,7643,,,1,100,,38296,7643,,,1,100,,38284,7643,,,1,100,,38279,7643,,,1,103,,38281,7643,,,1,97,,38285,7643,,,1,104,,38282,7643,,,1,96,,38295,7643,,,1,104,,38286,7643,,,1,96,,38288,7643,,,1,100,,38283,7643,,,1,100,,38287,7643,,,1,101,,38289,7643,,,1,98,,38291,7643,,,1,100,,38290,7643,,,1,100,,38293,7643,,,1,100,,38292,7643,,,1,100,,38294,7643,,,1
13201,'F9',717,,38300,7643,,,1,100,,38298,7643,,,1,100,,38299,7643,,,1,100,,38304,7643,,,1,100,,38301,7643,,,1,100,,38302,7643,,,1,100,,38305,7643,,,1,100,,38308,7643,,,1,100,,38306,7643,,,1,105,,38310,7643,,,1,95,,38309,7643,,,1,100,,38307,7643,,,1,101,,38311,7643,,,1,98,,38312,7643,,,1,100,,38303,7643,,,1,100,,38297,7643,,,1,100,,38313,7643,,,1,100,,38314,7643,,,1
13201,'SA',717,,38316,7643,,,1,100,,38332,7643,,,1,100,,38320,7643,,,1,100,,38315,7643,,,1,103,,38317,7643,,,1,97,,38321,7643,,,1,104,,38318,7643,,,1,96,,38331,7643,,,1,104,,38322,7643,,,1,96,,38324,7643,,,1,100,,38319,7643,,,1,100,,38323,7643,,,1,101,,38325,7643,,,1,98,,38327,7643,,,1,100,,38326,7643,,,1,100,,38329,7643,,,1,100,,38328,7643,,,1,100,,38330,7643,,,1
13201,'SE',551,,50185,7643,,,1,70,,50190,7643,,,1,32,,50195,7643,,,1,60,,50198,7643,,,1,22,,50181,7643,,,1,22,,50196,7643,,,1,60,,50194,7643,,,1,18,,50192,7643,,,1,18,,50182,7643,,,1,60,,50197,7643,,,1,18,,50189,7643,,,1,22,,50193,7643,,,1,96,,50187,7643,,,1,99,,50203,7643,,,1,96,,50186,7643,,,1,100,,50204,7643,,,1,110,,50206,7643,,,1,97,,50183,7643,,,1,64,,50199,7643,,,1,20,,50201,7643,,,1,19,,50191,7643,,,1,63,,50184,7643,,,1,19,,50200,7643,,,1,18,,50205,7643,,,1,59,,50188,7643,,,1,40,,50202,7643,,,1
