600,'DI',643,,53007,7012,,,1,70,,53012,7012,,,1,30,,53004,7012,,,1,71,,53019,7012,,,1,30,,53025,7012,,,1,70,,52999,7012,,,1,31,,53013,7012,,,1,70,,53029,7012,,,1,30,,53008,7012,,,1,69,,53005,7012,,,1,31,,53000,7012,,,1,70,,53026,7012,,,1,30,,53021,7012,,,1,74,,53020,7012,,,1,29,,52998,7012,,,1,70,,53016,7012,,,1,27,,53027,7012,,,1,73,,53001,7012,,,1,30,,53010,7012,,,1,69,,53014,7012,,,1,31,,53017,7012,,,1,67,,53011,7012,,,1,30,,53015,7012,,,1,70,,53023,7012,,,1,27,,53006,7012,,,1,71,,53018,7012,,,1,104,,53009,7012,,,1,100,,53022,7012,,,1,99,,53002,7012,,,1,100,,53028,7012,,,1,100,,53024,7012,,,1,100,,53003,7012,,,1
600,'F1',643,,53039,7012,,,1,70,,53044,7012,,,1,30,,53036,7012,,,1,71,,53051,7012,,,1,30,,53057,7012,,,1,70,,53031,7012,,,1,31,,53045,7012,,,1,70,,53061,7012,,,1,30,,53040,7012,,,1,69,,53037,7012,,,1,31,,53032,7012,,,1,70,,53058,7012,,,1,30,,53053,7012,,,1,74,,53052,7012,,,1,29,,53030,7012,,,1,70,,53048,7012,,,1,27,,53059,7012,,,1,73,,53033,7012,,,1,30,,53042,7012,,,1,69,,53046,7012,,,1,31,,53049,7012,,,1,67,,53043,7012,,,1,30,,53047,7012,,,1,70,,53055,7012,,,1,27,,53038,7012,,,1,71,,53050,7012,,,1,104,,53041,7012,,,1,100,,53054,7012,,,1,99,,53034,7012,,,1,100,,53060,7012,,,1,100,,53056,7012,,,1,100,,53035,7012,,,1
600,'F2',643,,53087,7012,,,1,71,,53070,7012,,,1,29,,53081,7012,,,1,70,,53066,7012,,,1,34,,53082,7012,,,1,66,,53071,7012,,,1,35,,53063,7012,,,1,63,,53064,7012,,,1,32,,53089,7012,,,1,69,,53072,7012,,,1,30,,53077,7012,,,1,78,,53073,7012,,,1,30,,53078,7012,,,1,67,,53085,7012,,,1,31,,53074,7012,,,1,67,,53090,7012,,,1,30,,53086,7012,,,1,70,,53075,7012,,,1,30,,53083,7012,,,1,70,,53079,7012,,,1,30,,53076,7012,,,1,70,,53069,7012,,,1,30,,53080,7012,,,1,70,,53084,7012,,,1,30,,53065,7012,,,1,70,,43901,7012,,,1,105,,53062,7012,,,1,100,,53067,7012,,,1,99,,53088,7012,,,1,100,,53091,7012,,,1,100,,43899,7012,,,1,100,,53068,7012,,,1
600,'SA',643,,53117,7012,,,1,71,,53100,7012,,,1,29,,53111,7012,,,1,70,,53096,7012,,,1,34,,53112,7012,,,1,66,,53101,7012,,,1,35,,53093,7012,,,1,63,,53094,7012,,,1,32,,53119,7012,,,1,69,,53102,7012,,,1,30,,53107,7012,,,1,78,,53103,7012,,,1,30,,53108,7012,,,1,67,,53115,7012,,,1,31,,53104,7012,,,1,67,,53120,7012,,,1,30,,53116,7012,,,1,70,,53105,7012,,,1,30,,53113,7012,,,1,70,,53109,7012,,,1,30,,53106,7012,,,1,70,,53099,7012,,,1,30,,53110,7012,,,1,70,,53114,7012,,,1,30,,53095,7012,,,1,70,,22478,7012,,,1,105,,53092,7012,,,1,100,,53097,7012,,,1,99,,53118,7012,,,1,100,,53121,7012,,,1,100,,22476,7012,,,1,100,,53098,7012,,,1
600,'SE',554,,53147,7012,,,1,70,,53153,7012,,,1,30,,53134,7012,,,1,72,,53122,7012,,,1,32,,53130,7012,,,1,67,,53146,7012,,,1,33,,53139,7012,,,1,69,,53148,7012,,,1,30,,53129,7012,,,1,70,,53144,7012,,,1,30,,53127,7012,,,1,70,,53136,7012,,,1,31,,53150,7012,,,1,70,,53155,7012,,,1,30,,53156,7012,,,1,70,,53152,7012,,,1,30,,53151,7012,,,1,71,,53123,7012,,,1,29,,53142,7012,,,1,72,,53128,7012,,,1,70,,53140,7012,,,1,29,,53145,7012,,,1,78,,53133,7012,,,1,25,,53149,7012,,,1,69,,53132,7012,,,1,28,,53137,7012,,,1,29,,53157,7012,,,1,70,,53131,7012,,,1,28,,53141,7012,,,1,70,,53154,7012,,,1,29,,53126,7012,,,1,70,,53138,7012,,,1,100,,53135,7012,,,1,100,,53124,7012,,,1,100,,53143,7012,,,1,100,,53125,7012,,,1
3701,'SE',644,,57033,5550,,,2,70,,57034,5550,,,2,30,,57036,5550,,,2,70,,57035,5550,,,2,30,,57037,5550,,,2,781,,57038,810,,,2,76,,57039,810,,,2
50000,'SE',1619,,63415,9329,4,,2
60600,'SE',1716,,63486,6608,,,2
65000,'SE',1628,,63515,6706,,,2
65001,'SE',848,,63516,9403,,,2
