1401,'SE',600,,44650,4818,,,1,30,,44645,4818,,,1,20,,44648,4818,,,1,56,,44651,4818,,,1,16,,44649,4818,,,1,12,,44642,4818,,,1,16,,44647,4818,,,1,54,,44646,4818,,,1,14,,44652,4818,,,1,16,,44644,4818,,,1,16,,44643,4818,,,1,61,,44653,4818,,,1,24,,44664,4818,,,1,100,,44658,4818,,,1,100,,44663,4818,,,1,100,,44662,4818,,,1,100,,44656,4818,,,1,100,,44655,4818,,,1,100,,44659,4818,,,1,85,,44661,4818,,,1,16,,44657,4818,,,1,19,,44665,4818,,,1,64,,44660,4818,,,1,19,,44669,4818,,,1,21,,44654,4818,,,1,60,,44668,4818,,,1,18,,44666,4818,,,1,68,,44667,4818,,,1
4301,'DI',811,,29856,5079,,,1,100,,29849,5079,,,1,100,,29850,5079,,,1,100,,29851,5079,,,1,101,,29852,5079,,,1,100,,29841,5079,,,1,100,,29842,5079,,,1,100,,29847,5079,,,1,101,,29848,5079,,,1,99,,29853,5079,,,1,100,,29843,5079,,,1,99,,29844,5079,,,1,99,,29845,5079,,,1,100,,29854,5079,,,1,100,,29846,5079,,,1,100,,29857,5079,,,1,99,,29855,5079,,,1,100,,29858,5079,,,1
4301,'F1',811,,46825,5079,,,1,100,,46818,5079,,,1,100,,46819,5079,,,1,100,,46820,5079,,,1,101,,46821,5079,,,1,100,,46810,5079,,,1,100,,46811,5079,,,1,100,,46816,5079,,,1,101,,46817,5079,,,1,99,,46822,5079,,,1,100,,46812,5079,,,1,99,,46813,5079,,,1,99,,46814,5079,,,1,100,,46823,5079,,,1,100,,46815,5079,,,1,100,,46826,5079,,,1,99,,46824,5079,,,1,100,,46827,5079,,,1
4301,'F2',711,,46836,5079,,,1,100,,46830,5079,,,1,100,,46845,5079,,,1,100,,46841,5079,,,1,100,,46846,5079,,,1,100,,46828,5079,,,1,101,,46835,5079,,,1,100,,46838,5079,,,1,100,,46844,5079,,,1,101,,46829,5079,,,1,99,,46837,5079,,,1,100,,46833,5079,,,1,99,,46839,5079,,,1,99,,46831,5079,,,1,100,,46842,5079,,,1,100,,46834,5079,,,1,100,,46832,5079,,,1,99,,46840,5079,,,1,100,,46843,5079,,,1
4301,'F8',711,,29931,5079,,,1,100,,29925,5079,,,1,100,,29940,5079,,,1,100,,29936,5079,,,1,100,,29941,5079,,,1,100,,29923,5079,,,1,101,,29930,5079,,,1,100,,29933,5079,,,1,100,,29939,5079,,,1,101,,29924,5079,,,1,99,,29932,5079,,,1,100,,29928,5079,,,1,99,,29934,5079,,,1,99,,29926,5079,,,1,100,,29937,5079,,,1,100,,29929,5079,,,1,100,,29927,5079,,,1,99,,29935,5079,,,1,100,,29938,5079,,,1
4301,'F9',811,,29957,5079,,,1,100,,29950,5079,,,1,100,,29951,5079,,,1,100,,29952,5079,,,1,101,,29953,5079,,,1,100,,29942,5079,,,1,100,,29943,5079,,,1,100,,29948,5079,,,1,101,,29949,5079,,,1,99,,29954,5079,,,1,100,,29944,5079,,,1,99,,29945,5079,,,1,99,,29946,5079,,,1,100,,29955,5079,,,1,100,,29947,5079,,,1,100,,29958,5079,,,1,99,,29956,5079,,,1,100,,29959,5079,,,1
4301,'SA',711,,29968,5079,,,1,100,,29962,5079,,,1,100,,29976,5079,,,1,100,,29973,5079,,,1,100,,29977,5079,,,1,100,,29960,5079,,,1,101,,29967,5079,,,1,100,,29970,5079,,,1,100,,8946,5079,,,1,101,,29961,5079,,,1,99,,29969,5079,,,1,100,,29965,5079,,,1,99,,29971,5079,,,1,99,,29963,5079,,,1,100,,29974,5079,,,1,100,,29966,5079,,,1,100,,29964,5079,,,1,99,,29972,5079,,,1,100,,29975,5079,,,1
4301,'SE',657,,46854,5079,,,1,73,,46869,5079,,,1,73,,46866,5079,,,1,22,,46858,5079,,,1,80,,46859,5079,,,1,25,,46849,5079,,,1,70,,46847,5079,,,1,100,,46855,5079,,,1,101,,46848,5079,,,1,100,,46856,5079,,,1,100,,46871,5079,,,1,56,,46867,5079,,,1,74,,46853,5079,,,1,27,,46860,5079,,,1,81,,46861,5079,,,1,66,,46868,5079,,,1,28,,46862,5079,,,1,71,,46851,5079,,,1,30,,46850,5079,,,1,70,,46865,5079,,,1,99,,46852,5079,,,1,100,,46857,5079,,,1,100,,46863,5079,,,1,98,,46870,5079,,,1,100,,46872,5079,,,1,100,,46864,5079,,,1
21400,'DI',913,,39011,4818,,,1,100,,39012,4818,,,1,100,,39013,4818,,,1,100,,39014,4818,,,1,100,,39015,4818,,,1,100,,39016,4818,,,1,100,,39017,4818,,,1,100,,39018,4818,,,1,100,,39019,4818,,,1,100,,39020,4818,,,1
21400,'F1',913,,50482,4818,,,1,100,,50483,4818,,,1,100,,50484,4818,,,1,100,,50485,4818,,,1,100,,50486,4818,,,1,100,,50487,4818,,,1,100,,50488,4818,,,1,100,,50489,4818,,,1,100,,50490,4818,,,1,100,,50491,4818,,,1
21400,'F2',913,,50492,4818,,,1,100,,50493,4818,,,1,100,,50494,4818,,,1,100,,50495,4818,,,1,100,,50496,4818,,,1,100,,50497,4818,,,1,100,,50498,4818,,,1,100,,50499,4818,,,1,100,,50500,4818,,,1,100,,50501,4818,,,1
21400,'F8',913,,39034,4818,,,1,100,,39035,4818,,,1,100,,39036,4818,,,1,100,,39037,4818,,,1,100,,39038,4818,,,1,100,,39039,4818,,,1,100,,39040,4818,,,1,100,,39041,4818,,,1,100,,39042,4818,,,1,100,,39043,4818,,,1
21400,'F9',913,,39044,4818,,,1,100,,39045,4818,,,1,100,,39046,4818,,,1,100,,39047,4818,,,1,100,,39048,4818,,,1,100,,39049,4818,,,1,100,,39050,4818,,,1,100,,39051,4818,,,1,100,,39052,4818,,,1,100,,39053,4818,,,1
21400,'SA',913,,39054,4818,,,1,100,,39055,4818,,,1,100,,39056,4818,,,1,100,,39057,4818,,,1,100,,39058,4818,,,1,100,,39059,4818,,,1,100,,39060,4818,,,1,100,,39061,4818,,,1,100,,39062,4818,,,1,100,,39063,4818,,,1
