2501,'DI',1552,,27599,3779,,,2
2501,'F8',1552,,27634,3779,,,2
2501,'F9',1552,,27635,3779,,,2
2501,'SA',1552,,27636,3779,,,2
2501,'SE',629,,27642,2142,,,2,74,,27663,3779,,,2,30,,27662,3779,,,2,26,,27644,2142,,,2,70,,27646,2142,,,2,28,,27647,2142,,,2,545,,27658,2142,,,2,30,,27648,2142,,,2,70,,27649,2142,,,2,31,,27666,3779,,,2,19,,27665,3779,,,2,52,,27664,3779,,,2,9,,27639,2142,,,2,19,,27651,2142,,,2,14,,27650,2142,,,2,59,,27654,2142,,,2,28,,27656,2142,,,2,69,,27659,2142,,,2,29,,27655,2142,,,2,99,,27653,2142,,,2,385,,27661,2142,,,2,86,,27668,3779,,,2,13,,27660,2142,,,2,35,,27652,2142,,,2
12301,'DI',531,,37798,11570,,,1,100,,37808,11570,,,1,100,,37799,11570,,,1,100,,37809,11570,,,1,100,,37800,11570,,,1,100,,37810,11570,,,1,100,,37801,11570,,,1,100,,37811,11570,,,1,100,,37802,11570,,,1,100,,37812,11570,,,1,100,,37803,11570,,,1,100,,37813,11570,,,1,100,,37804,11570,,,1,100,,37814,11570,,,1,100,,37805,11570,,,1,100,,37815,11570,,,1,100,,37806,11570,,,1,100,,37816,11570,,,1,100,,37807,11570,,,1,100,,37817,11570,,,1
12301,'F8',532,,37897,11570,,,1,100,,37895,11570,,,1,100,,37898,11570,,,1,99,,37896,11570,,,1,100,,37899,11570,,,1,100,,37907,11570,,,1,100,,37900,11570,,,1,100,,37908,11570,,,1,100,,37901,11570,,,1,100,,37909,11570,,,1,100,,37902,11570,,,1,100,,37910,11570,,,1,100,,37903,11570,,,1,100,,37911,11570,,,1,100,,37904,11570,,,1,100,,37912,11570,,,1,100,,37905,11570,,,1,100,,37913,11570,,,1,100,,37906,11570,,,1,100,,37914,11570,,,1
12301,'F9',531,,37915,11570,,,1,100,,37925,11570,,,1,100,,37916,11570,,,1,100,,37926,11570,,,1,100,,37917,11570,,,1,100,,37927,11570,,,1,100,,37918,11570,,,1,100,,37928,11570,,,1,100,,37919,11570,,,1,100,,37929,11570,,,1,100,,37920,11570,,,1,100,,37930,11570,,,1,100,,37921,11570,,,1,100,,37931,11570,,,1,100,,37922,11570,,,1,100,,37932,11570,,,1,100,,37923,11570,,,1,100,,37933,11570,,,1,100,,37924,11570,,,1,100,,37934,11570,,,1
12301,'SA',532,,37937,11570,,,1,100,,37935,11570,,,1,100,,37938,11570,,,1,99,,37936,11570,,,1,100,,37939,11570,,,1,100,,37947,11570,,,1,100,,37940,11570,,,1,100,,37948,11570,,,1,100,,37941,11570,,,1,100,,37949,11570,,,1,100,,37942,11570,,,1,100,,37950,11570,,,1,100,,37943,11570,,,1,100,,37951,11570,,,1,100,,37944,11570,,,1,100,,37952,11570,,,1,100,,37945,11570,,,1,100,,37953,11570,,,1,100,,37946,11570,,,1,100,,37954,11570,,,1
12301,'SE',517,,37966,11570,,,1,30,,37976,11570,,,1,60,,37959,11570,,,1,22,,37958,11570,,,1,15,,37960,11570,,,1,66,,37961,11570,,,1,30,,37955,11570,,,1,69,,37956,11570,,,1,30,,37957,11570,,,1,69,,37977,11570,,,1,30,,37980,11570,,,1,96,,37967,11570,,,1,100,,37963,11570,,,1,100,,37973,11570,,,1,100,,37978,11570,,,1,100,,37983,11570,,,1,11,,37971,11570,,,1,65,,37984,11570,,,1,20,,37986,11570,,,1,15,,37972,11570,,,1,59,,37970,11570,,,1,6,,37981,11570,,,1,16,,37987,11570,,,1,10,,37989,11570,,,1,6,,37975,11570,,,1,64,,37974,11570,,,1,29,,37985,11570,,,1,69,,37990,11570,,,1,31,,37965,11570,,,1,66,,37962,11570,,,1,34,,37964,11570,,,1,68,,37982,11570,,,1,30,,37979,11570,,,1,98,,37988,11570,,,1,99,,37968,11570,,,1,100,,37991,11570,,,1,119,,37969,11570,,,1
