2301,'F2',617,,45845,6017,,,1,103,,45846,6017,,,1,101,,45847,6017,,,1,100,,45838,6017,,,1,103,,45839,6017,,,1,99,,45841,6017,,,1,103,,45842,6017,,,1,97,,45848,6017,,,1,99,,45849,6017,,,1,100,,45844,6017,,,1,100,,45843,6017,,,1,100,,45840,6017,,,1
2301,'F8',617,,27519,6017,,,1,103,,27520,6017,,,1,101,,27521,6017,,,1,100,,27512,6017,,,1,103,,27513,6017,,,1,99,,27515,6017,,,1,103,,27516,6017,,,1,97,,27522,6017,,,1,99,,27523,6017,,,1,100,,27518,6017,,,1,100,,27517,6017,,,1,100,,27514,6017,,,1
2301,'SA',617,,27531,6017,,,1,103,,27532,6017,,,1,101,,27533,6017,,,1,100,,27524,6017,,,1,103,,27525,6017,,,1,99,,27527,6017,,,1,103,,27528,6017,,,1,97,,27534,6017,,,1,99,,27535,6017,,,1,100,,27530,6017,,,1,100,,27529,6017,,,1,100,,27526,6017,,,1
2301,'SE',1025,,45854,6017,,,1,100,,45850,6017,,,1,100,,45853,6017,,,1,101,,45851,6017,,,1,100,,45852,6017,,,1
12301,'DI',551,,37798,20313,,,1,100,,37808,20313,,,1,100,,37799,20313,,,1,100,,37809,20313,,,1,101,,37800,20313,,,1,100,,37810,20313,,,1,100,,37801,20313,,,1,100,,37811,20313,,,1,100,,37802,20313,,,1,100,,37812,20313,,,1,100,,37803,20313,,,1,100,,37813,20313,,,1,100,,37804,20313,,,1,100,,37814,20313,,,1,100,,37805,20313,,,1,99,,37815,20313,,,1,100,,37806,20313,,,1,100,,37816,20313,,,1,100,,37807,20313,,,1,100,,37817,20313,,,1
12301,'F1',551,,49985,20313,,,1,100,,49995,20313,,,1,100,,49986,20313,,,1,100,,49996,20313,,,1,101,,49987,20313,,,1,100,,49997,20313,,,1,100,,49988,20313,,,1,100,,49998,20313,,,1,100,,49989,20313,,,1,100,,49999,20313,,,1,100,,49990,20313,,,1,100,,50000,20313,,,1,100,,49991,20313,,,1,100,,50001,20313,,,1,100,,49992,20313,,,1,99,,50002,20313,,,1,100,,49993,20313,,,1,100,,50003,20313,,,1,100,,49994,20313,,,1,100,,50004,20313,,,1
12301,'F2',550,,50007,20313,,,1,100,,50005,20313,,,1,100,,50008,20313,,,1,100,,50006,20313,,,1,100,,50009,20313,,,1,100,,50017,20313,,,1,100,,50010,20313,,,1,100,,50018,20313,,,1,100,,50011,20313,,,1,100,,50019,20313,,,1,100,,50012,20313,,,1,100,,50020,20313,,,1,100,,50013,20313,,,1,100,,50021,20313,,,1,100,,50014,20313,,,1,100,,50022,20313,,,1,100,,50015,20313,,,1,100,,50023,20313,,,1,100,,50016,20313,,,1,100,,50024,20313,,,1
12301,'F8',550,,37897,20313,,,1,100,,37895,20313,,,1,100,,37898,20313,,,1,100,,37896,20313,,,1,100,,37899,20313,,,1,100,,37907,20313,,,1,100,,37900,20313,,,1,100,,37908,20313,,,1,100,,37901,20313,,,1,100,,37909,20313,,,1,100,,37902,20313,,,1,100,,37910,20313,,,1,100,,37903,20313,,,1,100,,37911,20313,,,1,100,,37904,20313,,,1,100,,37912,20313,,,1,100,,37905,20313,,,1,100,,37913,20313,,,1,100,,37906,20313,,,1,100,,37914,20313,,,1
12301,'F9',551,,37915,20313,,,1,100,,37925,20313,,,1,100,,37916,20313,,,1,100,,37926,20313,,,1,101,,37917,20313,,,1,100,,37927,20313,,,1,100,,37918,20313,,,1,100,,37928,20313,,,1,100,,37919,20313,,,1,100,,37929,20313,,,1,100,,37920,20313,,,1,100,,37930,20313,,,1,100,,37921,20313,,,1,100,,37931,20313,,,1,100,,37922,20313,,,1,99,,37932,20313,,,1,100,,37923,20313,,,1,100,,37933,20313,,,1,100,,37924,20313,,,1,100,,37934,20313,,,1
12301,'SA',550,,37937,20313,,,1,100,,37935,20313,,,1,100,,37938,20313,,,1,100,,37936,20313,,,1,100,,37939,20313,,,1,100,,37947,20313,,,1,100,,37940,20313,,,1,100,,37948,20313,,,1,100,,37941,20313,,,1,100,,37949,20313,,,1,100,,37942,20313,,,1,100,,37950,20313,,,1,100,,37943,20313,,,1,100,,37951,20313,,,1,100,,37944,20313,,,1,100,,37952,20313,,,1,100,,37945,20313,,,1,100,,37953,20313,,,1,100,,37946,20313,,,1,100,,37954,20313,,,1
12301,'SE',537,,50041,20313,,,1,70,,50044,20313,,,1,20,,50029,20313,,,1,25,,50028,20313,,,1,55,,50030,20313,,,1,27,,50031,20313,,,1,70,,50026,20313,,,1,28,,50027,20313,,,1,70,,50025,20313,,,1,28,,50048,20313,,,1,70,,50042,20313,,,1,56,,50034,20313,,,1,101,,50046,20313,,,1,100,,50036,20313,,,1,100,,50043,20313,,,1,100,,50061,20313,,,1,51,,50035,20313,,,1,27,,50049,20313,,,1,20,,50053,20313,,,1,55,,50045,20313,,,1,19,,50055,20313,,,1,6,,50037,20313,,,1,16,,50040,20313,,,1,50,,50059,20313,,,1,6,,50051,20313,,,1,24,,50060,20313,,,1,26,,50050,20313,,,1,67,,50033,20313,,,1,31,,50038,20313,,,1,66,,50052,20313,,,1,34,,50047,20313,,,1,68,,50039,20313,,,1,30,,50056,20313,,,1,98,,50032,20313,,,1,98,,50057,20313,,,1,100,,50054,20313,,,1,157,,50058,20313,,,1
17001,'SE',517,,50442,3013,0,48 49,2,30,,50443,3013,0,48 49,2,62,,50426,3013,0,48 49,2,30,,50430,3013,0,48 49,2,70,,50427,3013,0,48 49,2,30,,50431,3013,0,48 49,2,70,,50428,3013,0,48 49,2,35,,50432,3013,0,48 49,2,70,,50429,3013,0,48 49,2,616,,50438,3013,0,48 49,2,70,,50433,3013,0,48 49,2,30,,50439,3013,0,48 49,2,70,,50434,3013,0,48 49,2,30,,50440,3013,0,48 49,2,70,,50435,3013,0,48 49,2,30,,50441,3013,0,48 49,2,70,,50436,3013,0,48 49,2
