2001,'DI',558,,26482,10098,,,2,100,,26476,10098,,,2,100,,26479,10098,,,2,100,,26483,10098,,,2,100,,26474,10098,,,2,100,,26480,10098,,,2,97,,26484,10098,,,2,103,,26485,10098,,,2,100,,26481,10098,,,2,100,,26486,10098,,,2,100,,26477,10098,,,2,97,,26489,10098,,,2,103,,26490,10098,,,2,100,,26478,10098,,,2,100,,26487,10098,,,2,100,,26475,10098,,,2,100,,26491,10098,,,2,100,,26488,10098,,,2,100,,26492,10098,,,2
2001,'F1',558,,45461,10098,,,2,100,,45455,10098,,,2,100,,45458,10098,,,2,100,,45462,10098,,,2,100,,45453,10098,,,2,100,,45459,10098,,,2,97,,45463,10098,,,2,103,,45464,10098,,,2,100,,45460,10098,,,2,100,,45465,10098,,,2,100,,45456,10098,,,2,97,,45468,10098,,,2,103,,45469,10098,,,2,100,,45457,10098,,,2,100,,45466,10098,,,2,100,,45454,10098,,,2,100,,45470,10098,,,2,100,,45467,10098,,,2,100,,45471,10098,,,2
2001,'F2',559,,45490,10098,,,2,100,,45492,10098,,,2,100,,45485,10098,,,2,100,,45482,10098,,,2,100,,45476,10098,,,2,100,,45478,10098,,,2,100,,45477,10098,,,2,100,,45486,10098,,,2,100,,45479,10098,,,2,100,,45480,10098,,,2,100,,45491,10098,,,2,96,,45487,10098,,,2,104,,45488,10098,,,2,144,,45489,10098,,,2,56,,45474,10098,,,2,100,,45483,10098,,,2,100,,45481,10098,,,2,100,,45473,10098,,,2,100,,45493,10098,,,2,100,,45484,10098,,,2
2001,'F8',559,,26606,10098,,,2,100,,26608,10098,,,2,100,,26601,10098,,,2,100,,26598,10098,,,2,100,,26592,10098,,,2,100,,26594,10098,,,2,100,,26593,10098,,,2,100,,26602,10098,,,2,100,,26595,10098,,,2,100,,26596,10098,,,2,100,,26607,10098,,,2,96,,26603,10098,,,2,104,,26604,10098,,,2,144,,26605,10098,,,2,56,,26590,10098,,,2,100,,26599,10098,,,2,100,,26597,10098,,,2,100,,26589,10098,,,2,100,,26609,10098,,,2,100,,26600,10098,,,2
2001,'F9',558,,26618,10098,,,2,100,,26612,10098,,,2,100,,26615,10098,,,2,100,,26619,10098,,,2,100,,26610,10098,,,2,100,,26616,10098,,,2,97,,26620,10098,,,2,103,,26621,10098,,,2,100,,26617,10098,,,2,100,,26622,10098,,,2,100,,26613,10098,,,2,97,,26625,10098,,,2,103,,26626,10098,,,2,100,,26614,10098,,,2,100,,26623,10098,,,2,100,,26611,10098,,,2,100,,26627,10098,,,2,100,,26624,10098,,,2,100,,26628,10098,,,2
2001,'SA',559,,26646,10098,,,2,100,,26648,10098,,,2,100,,5908,10098,,,2,100,,26639,10098,,,2,100,,26633,10098,,,2,100,,26635,10098,,,2,100,,26634,10098,,,2,100,,26642,10098,,,2,100,,26636,10098,,,2,100,,26637,10098,,,2,100,,26647,10098,,,2,96,,26643,10098,,,2,104,,26644,10098,,,2,144,,26645,10098,,,2,56,,26631,10098,,,2,100,,26640,10098,,,2,100,,26638,10098,,,2,100,,26630,10098,,,2,100,,26649,10098,,,2,100,,26641,10098,,,2
2001,'SE',545,,45511,10098,,,2,76,,45513,10098,,,2,20,,45543,10098,,,2,16,,45510,10098,,,2,50,,45509,10098,,,2,10,,45538,10098,,,2,10,,45534,10098,,,2,10,,45542,10098,,,2,10,,45514,10098,,,2,54,,45515,10098,,,2,11,,45516,10098,,,2,16,,45517,10098,,,2,21,,45518,10098,,,2,71,,45527,10098,,,2,30,,45539,10098,,,2,70,,45537,10098,,,2,31,,45494,10098,,,2,70,,45499,10098,,,2,30,,45507,10098,,,2,70,,45519,10098,,,2,30,,45502,10098,,,2,70,,45500,10098,,,2,30,,45508,10098,,,2,70,,45540,10098,,,2,30,,45503,10098,,,2,70,,45501,10098,,,2,31,,45506,10098,,,2,63,,45521,10098,,,2,15,,45530,10098,,,2,15,,45495,10098,,,2,55,,45535,10098,,,2,15,,45497,10098,,,2,12,,45532,10098,,,2,18,,45531,10098,,,2,56,,45496,10098,,,2,12,,45522,10098,,,2,14,,45498,10098,,,2,13,,45533,10098,,,2,13,,45520,10098,,,2,53,,45523,10098,,,2,15,,45536,10098,,,2,28,,45505,10098,,,2,70,,45524,10098,,,2,30,,45528,10098,,,2,70,,45512,10098,,,2,30,,45544,10098,,,2,70,,45525,10098,,,2,100,,45529,10098,,,2,100,,45526,10098,,,2,100,,45504,10098,,,2
2501,'DI',1609,,27599,12960,,,2
2501,'F1',1609,,45883,12960,,,2
2501,'F2',1609,,45884,12960,,,2
2501,'F8',1609,,27634,12960,,,2
2501,'F9',1609,,27635,12960,,,2
2501,'SA',1609,,27636,12960,,,2
2501,'SE',521,,45907,11324,,,2,30,,45897,11324,,,2,63,,45894,11324,,,2,34,,45908,11324,,,2,76,,45912,12960,,,2,30,,45911,12960,,,2,65,,45898,11324,,,2,30,,45885,11324,,,2,67,,45900,11324,,,2,505,,45890,11324,,,2,31,,45901,11324,,,2,72,,45887,11324,,,2,31,,45914,12960,,,2,60,,45910,12960,,,2,12,,45913,12960,,,2,9,,45906,11324,,,2,19,,45889,11324,,,2,54,,45888,11324,,,2,16,,45892,11324,,,2,28,,45902,11324,,,2,67,,45886,11324,,,2,29,,45893,11324,,,2,99,,45896,11324,,,2,385,,45909,11324,,,2,86,,45915,12960,,,2,12,,45904,11324,,,2,75,,45905,11324,,,2
8101,'DI',640,,35898,17390,,,1,100,,35895,17390,,,1,100,,35884,17390,,,1,103,,35891,17390,,,1,100,,35885,17390,,,1,100,,35893,17390,,,1,100,,35897,17390,,,1,100,,35899,17390,,,1,100,,35888,17390,,,1,100,,35892,17390,,,1,100,,35883,17390,,,1,96,,35896,17390,,,1,108,,35886,17390,,,1,96,,35894,17390,,,1,100,,35887,17390,,,1,100,,35900,17390,,,1,100,,35889,17390,,,1,100,,35902,17390,,,1,100,,35901,17390,,,1
8101,'F1',640,,49216,17390,,,1,100,,49213,17390,,,1,100,,49202,17390,,,1,103,,49209,17390,,,1,100,,49203,17390,,,1,100,,49211,17390,,,1,100,,49215,17390,,,1,100,,49217,17390,,,1,100,,49206,17390,,,1,100,,49210,17390,,,1,100,,49201,17390,,,1,96,,49214,17390,,,1,108,,49204,17390,,,1,96,,49212,17390,,,1,100,,49205,17390,,,1,100,,49218,17390,,,1,100,,49207,17390,,,1,100,,49220,17390,,,1,100,,49219,17390,,,1
8101,'F2',640,,49226,17390,,,1,100,,49233,17390,,,1,100,,49239,17390,,,1,103,,49234,17390,,,1,100,,49235,17390,,,1,100,,49240,17390,,,1,100,,49221,17390,,,1,100,,49223,17390,,,1,100,,49229,17390,,,1,100,,49236,17390,,,1,100,,49241,17390,,,1,100,,49227,17390,,,1,104,,49230,17390,,,1,96,,49237,17390,,,1,100,,49222,17390,,,1,100,,49231,17390,,,1,100,,49225,17390,,,1,100,,49238,17390,,,1,100,,49232,17390,,,1,100,,49228,17390,,,1
8101,'F8',640,,35979,17390,,,1,100,,35986,17390,,,1,100,,35992,17390,,,1,103,,35987,17390,,,1,100,,35988,17390,,,1,100,,35993,17390,,,1,100,,35974,17390,,,1,100,,35976,17390,,,1,100,,35982,17390,,,1,100,,35989,17390,,,1,100,,35994,17390,,,1,100,,35980,17390,,,1,104,,35983,17390,,,1,96,,35990,17390,,,1,100,,35975,17390,,,1,100,,35984,17390,,,1,100,,35978,17390,,,1,100,,35991,17390,,,1,100,,35985,17390,,,1,100,,35981,17390,,,1
8101,'F9',640,,36010,17390,,,1,100,,36007,17390,,,1,100,,35996,17390,,,1,103,,36003,17390,,,1,100,,35997,17390,,,1,100,,36005,17390,,,1,100,,36009,17390,,,1,100,,36011,17390,,,1,100,,36000,17390,,,1,100,,36004,17390,,,1,100,,35995,17390,,,1,96,,36008,17390,,,1,108,,35998,17390,,,1,96,,36006,17390,,,1,100,,35999,17390,,,1,100,,36012,17390,,,1,100,,36001,17390,,,1,100,,36014,17390,,,1,100,,36013,17390,,,1
8101,'SA',640,,36020,17390,,,1,100,,36027,17390,,,1,100,,36033,17390,,,1,103,,36028,17390,,,1,100,,36029,17390,,,1,100,,14421,17390,,,1,100,,36015,17390,,,1,100,,36017,17390,,,1,100,,36023,17390,,,1,100,,36030,17390,,,1,100,,36034,17390,,,1,100,,36021,17390,,,1,104,,36024,17390,,,1,96,,36031,17390,,,1,100,,36016,17390,,,1,100,,36025,17390,,,1,100,,36019,17390,,,1,100,,36032,17390,,,1,100,,36026,17390,,,1,100,,36022,17390,,,1
8101,'SE',610,,49264,17390,,,1,30,,49257,17390,,,1,62,,49253,17390,,,1,38,,49267,17390,,,1,70,,49254,17390,,,1,31,,49265,17390,,,1,69,,49244,17390,,,1,36,,49266,17390,,,1,98,,49247,17390,,,1,100,,49258,17390,,,1,100,,49245,17390,,,1,100,,49268,17390,,,1,100,,49255,17390,,,1,100,,49248,17390,,,1,71,,49256,17390,,,1,32,,49252,17390,,,1,70,,49242,17390,,,1,30,,49243,17390,,,1,70,,49259,17390,,,1,30,,49269,17390,,,1,70,,49246,17390,,,1,26,,49262,17390,,,1,100,,49249,17390,,,1,100,,49251,17390,,,1,100,,49263,17390,,,1,100,,49260,17390,,,1,100,,49250,17390,,,1,100,,49261,17390,,,1
12501,'SE',1551,,50075,1443,,,2,52,,50074,1443,,,2,9,,50072,1443,,,2,13,,50076,1443,,,2,14,,50071,1443,,,2,3,,50073,1443,,,2,10,,50077,1443,,,2
