400,'DI',636,,21106,4490,,,1,70,,21112,4490,,,1,30,,21124,4490,,,1,70,,21121,4490,,,1,32,,21107,4490,,,1,70,,21113,4490,,,1,32,,21127,4490,,,1,70,,21129,4490,,,1,30,,21108,4490,,,1,71,,21114,4490,,,1,30,,21128,4490,,,1,67,,21130,4490,,,1,31,,21109,4490,,,1,72,,21135,4490,,,1,30,,21136,4490,,,1,68,,21131,4490,,,1,31,,21110,4490,,,1,69,,21115,4490,,,1,30,,21138,4490,,,1,72,,21118,4490,,,1,30,,21111,4490,,,1,70,,21116,4490,,,1,30,,21139,4490,,,1,72,,21119,4490,,,1,28,,21132,4490,,,1,70,,21137,4490,,,1,30,,21134,4490,,,1,70,,21126,4490,,,1,30,,21133,4490,,,1,70,,21122,4490,,,1,30,,21105,4490,,,1,70,,21117,4490,,,1,100,,21123,4490,,,1,100,,21125,4490,,,1
400,'F8',636,,21250,4490,,,1,70,,21258,4490,,,1,30,,21259,4490,,,1,70,,21255,4490,,,1,32,,21251,4490,,,1,70,,21277,4490,,,1,32,,21260,4490,,,1,71,,21256,4490,,,1,30,,21252,4490,,,1,70,,21278,4490,,,1,30,,21261,4490,,,1,70,,21271,4490,,,1,30,,21282,4490,,,1,70,,21269,4490,,,1,30,,21281,4490,,,1,70,,21265,4490,,,1,30,,21249,4490,,,1,70,,21262,4490,,,1,30,,21272,4490,,,1,70,,21283,4490,,,1,30,,21280,4490,,,1,70,,21268,4490,,,1,30,,21274,4490,,,1,70,,21267,4490,,,1,30,,21257,4490,,,1,70,,21273,4490,,,1,30,,21264,4490,,,1,70,,21253,4490,,,1,30,,21276,4490,,,1,70,,21263,4490,,,1,30,,21275,4490,,,1,70,,21279,4490,,,1,100,,21270,4490,,,1,100,,21266,4490,,,1
400,'F9',636,,21285,4490,,,1,70,,21291,4490,,,1,30,,21303,4490,,,1,70,,21300,4490,,,1,32,,21286,4490,,,1,70,,21292,4490,,,1,32,,21306,4490,,,1,70,,21308,4490,,,1,30,,21287,4490,,,1,71,,21293,4490,,,1,30,,21307,4490,,,1,67,,21309,4490,,,1,31,,21288,4490,,,1,72,,21314,4490,,,1,30,,21315,4490,,,1,68,,21310,4490,,,1,31,,21289,4490,,,1,69,,21294,4490,,,1,30,,21317,4490,,,1,72,,21297,4490,,,1,30,,21290,4490,,,1,70,,21295,4490,,,1,30,,21318,4490,,,1,72,,21298,4490,,,1,28,,21311,4490,,,1,70,,21316,4490,,,1,30,,21313,4490,,,1,70,,21305,4490,,,1,30,,21312,4490,,,1,70,,21301,4490,,,1,30,,21284,4490,,,1,70,,21296,4490,,,1,100,,21302,4490,,,1,100,,21304,4490,,,1
400,'SA',636,,21319,4490,,,1,70,,1103,4490,,,1,30,,1104,4490,,,1,70,,1102,4490,,,1,32,,21320,4490,,,1,70,,21339,4490,,,1,32,,1105,4490,,,1,71,,21323,4490,,,1,30,,21321,4490,,,1,70,,21340,4490,,,1,30,,1106,4490,,,1,70,,21333,4490,,,1,30,,21344,4490,,,1,70,,21331,4490,,,1,30,,21343,4490,,,1,70,,21327,4490,,,1,30,,1099,4490,,,1,70,,1107,4490,,,1,30,,21334,4490,,,1,70,,21345,4490,,,1,30,,21342,4490,,,1,70,,21330,4490,,,1,30,,21336,4490,,,1,70,,21329,4490,,,1,30,,21324,4490,,,1,70,,21335,4490,,,1,30,,21326,4490,,,1,70,,21322,4490,,,1,30,,21338,4490,,,1,70,,21325,4490,,,1,30,,21337,4490,,,1,70,,21341,4490,,,1,100,,21332,4490,,,1,100,,21328,4490,,,1
400,'SE',603,,21369,4490,,,1,20,,21378,4490,,,1,15,,21371,4490,,,1,20,,21376,4490,,,1,66,,21379,4490,,,1,17,,21373,4490,,,1,64,,1174,4490,,,1,12,,21380,4490,,,1,32,,21372,4490,,,1,53,,21355,4490,,,1,23,,21353,4490,,,1,30,,21346,4490,,,1,70,,21359,4490,,,1,30,,21357,4490,,,1,70,,21366,4490,,,1,30,,21356,4490,,,1,70,,1148,4490,,,1,30,,21365,4490,,,1,70,,21362,4490,,,1,29,,21354,4490,,,1,69,,21347,4490,,,1,32,,1172,4490,,,1,66,,21375,4490,,,1,34,,21381,4490,,,1,71,,21382,4490,,,1,30,,1173,4490,,,1,70,,21374,4490,,,1,24,,21349,4490,,,1,60,,21361,4490,,,1,34,,21363,4490,,,1,74,,1151,4490,,,1,30,,21348,4490,,,1,70,,21364,4490,,,1,29,,21360,4490,,,1,70,,21350,4490,,,1,30,,21358,4490,,,1,69,,21367,4490,,,1,30,,21368,4490,,,1,100,,21352,4490,,,1,100,,21351,4490,,,1
3200,'DI',608,,28441,4490,0,44,2,101,,28442,4490,0,44,2,99,,28443,4490,0,44,2,102,,28444,4490,0,44,2,100,,28447,4490,0,44,2,100,,28449,4490,0,44,2,101,,28445,4490,0,44,2,100,,28451,4490,0,44,2,98,,28450,4490,0,44,2,104,,28453,4490,0,44,2,96,,28452,4490,0,44,2,101,,28455,4490,0,44,2,100,,28454,4490,0,44,2,100,,28448,4490,0,44,2,100,,28439,4490,0,44,2,100,,28456,4490,0,44,2,100,,28458,4490,0,44,2,100,,28446,4490,0,44,2,100,,28457,4490,0,44,2,99,,28440,4490,0,44,2
3200,'F8',608,,28526,4490,0,44,2,101,,28527,4490,0,44,2,96,,28528,4490,0,44,2,103,,28529,4490,0,44,2,101,,28535,4490,0,44,2,101,,28530,4490,0,44,2,99,,28544,4490,0,44,2,103,,28536,4490,0,44,2,102,,28531,4490,0,44,2,97,,28532,4490,0,44,2,98,,28537,4490,0,44,2,101,,28538,4490,0,44,2,100,,28533,4490,0,44,2,100,,28540,4490,0,44,2,100,,28539,4490,0,44,2,100,,28541,4490,0,44,2,100,,28543,4490,0,44,2,100,,28542,4490,0,44,2,100,,28534,4490,0,44,2,99,,28525,4490,0,44,2
3200,'F9',608,,28547,4490,0,44,2,101,,28548,4490,0,44,2,99,,28549,4490,0,44,2,102,,28550,4490,0,44,2,100,,28553,4490,0,44,2,100,,28555,4490,0,44,2,101,,28551,4490,0,44,2,100,,28557,4490,0,44,2,98,,28556,4490,0,44,2,104,,28559,4490,0,44,2,96,,28558,4490,0,44,2,101,,28561,4490,0,44,2,100,,28560,4490,0,44,2,100,,28554,4490,0,44,2,100,,28545,4490,0,44,2,100,,28562,4490,0,44,2,100,,28564,4490,0,44,2,100,,28552,4490,0,44,2,100,,28563,4490,0,44,2,99,,28546,4490,0,44,2
3200,'SA',608,,28566,4490,0,44,2,101,,28567,4490,0,44,2,96,,28568,4490,0,44,2,103,,28569,4490,0,44,2,101,,28575,4490,0,44,2,101,,28570,4490,0,44,2,99,,28584,4490,0,44,2,103,,28576,4490,0,44,2,102,,28571,4490,0,44,2,97,,28572,4490,0,44,2,98,,28577,4490,0,44,2,101,,28578,4490,0,44,2,100,,28573,4490,0,44,2,100,,28580,4490,0,44,2,100,,28579,4490,0,44,2,100,,28581,4490,0,44,2,100,,28583,4490,0,44,2,100,,28582,4490,0,44,2,100,,28574,4490,0,44,2,99,,28565,4490,0,44,2
3200,'SE',619,,28606,4490,,,2,32,,28602,4490,,,2,64,,28600,4490,,,2,32,,28605,4490,,,2,76,,28598,4490,,,2,19,,28587,4490,0,44,2,96,,28594,4490,0,44,2,100,,28595,4490,0,44,2,100,,28597,4490,0,44,2,100,,28586,4490,0,44,2,100,,7688,4490,0,44,2,104,,28588,4490,0,44,2,105,,28601,4490,,,2,68,,28604,4490,,,2,30,,28608,4490,,,2,71,,28607,4490,,,2,25,,28603,4490,,,2,74,,28609,4490,,,2,25,,28599,4490,,,2,73,,28589,4490,0,44,2,30,,28596,4490,0,44,2,100,,28592,4490,0,44,2,100,,28593,4490,0,44,2,100,,28585,4490,0,44,2,99,,28590,4490,0,44,2,101,,28591,4490,0,44,2
3800,'DI',653,,28912,4526,,,1,100,,28918,4526,,,1,100,,28916,4526,,,1,101,,28910,4526,,,1,96,,28919,4526,,,1,100,,28907,4526,,,1,103,,28923,4526,,,1,100,,28911,4526,,,1,100,,28917,4526,,,1,101,,28920,4526,,,1,104,,28908,4526,,,1,101,,28913,4526,,,1,97,,28914,4526,,,1,100,,28909,4526,,,1,99,,28921,4526,,,1,101,,28915,4526,,,1,100,,28922,4526,,,1,100,,28924,4526,,,1
3800,'F8',553,,28998,4526,,,1,100,,28995,4526,,,1,100,,29005,4526,,,1,100,,28999,4526,,,1,100,,29006,4526,,,1,100,,29000,4526,,,1,100,,29007,4526,,,1,104,,29001,4526,,,1,100,,29008,4526,,,1,100,,29002,4526,,,1,102,,28996,4526,,,1,100,,29003,4526,,,1,100,,28997,4526,,,1,97,,29004,4526,,,1,100,,28993,4526,,,1,99,,29009,4526,,,1,100,,28994,4526,,,1,101,,29010,4526,,,1,99,,29011,4526,,,1
3800,'F9',653,,29017,4526,,,1,100,,29023,4526,,,1,100,,29021,4526,,,1,101,,29015,4526,,,1,96,,29024,4526,,,1,100,,29012,4526,,,1,103,,29028,4526,,,1,100,,29016,4526,,,1,100,,29022,4526,,,1,101,,29025,4526,,,1,104,,29013,4526,,,1,101,,29018,4526,,,1,97,,29019,4526,,,1,100,,29014,4526,,,1,99,,29026,4526,,,1,101,,29020,4526,,,1,100,,29027,4526,,,1,100,,29029,4526,,,1
3800,'SA',553,,29035,4526,,,1,100,,29032,4526,,,1,100,,29042,4526,,,1,100,,29036,4526,,,1,100,,29043,4526,,,1,100,,29037,4526,,,1,100,,29044,4526,,,1,104,,29038,4526,,,1,100,,29045,4526,,,1,100,,29039,4526,,,1,102,,29033,4526,,,1,100,,29040,4526,,,1,100,,29034,4526,,,1,97,,29041,4526,,,1,100,,29030,4526,,,1,99,,29046,4526,,,1,100,,29031,4526,,,1,101,,29047,4526,,,1,99,,29048,4526,,,1
3800,'SE',608,,29070,4526,,,1,21,,29056,4526,,,1,18,,29065,4526,,,1,58,,29057,4526,,,1,24,,29067,4526,,,1,12,,29058,4526,,,1,60,,29077,4526,,,1,24,,29068,4526,,,1,29,,29050,4526,,,1,58,,29066,4526,,,1,17,,29072,4526,,,1,30,,29053,4526,,,1,84,,29073,4526,,,1,100,,29076,4526,,,1,100,,29060,4526,,,1,101,,29078,4526,,,1,94,,29061,4526,,,1,67,,29062,4526,,,1,33,,29049,4526,,,1,70,,29071,4526,,,1,30,,29074,4526,,,1,72,,29051,4526,,,1,26,,29059,4526,,,1,66,,29075,4526,,,1,54,,29055,4526,,,1,100,,29064,4526,,,1,100,,29069,4526,,,1,99,,29063,4526,,,1,100,,29052,4526,,,1,100,,29054,4526,,,1
53201,'SE',905,,40660,3398,,,2,1,,40661,3398,,,2
64000,'SE',1633,,40789,9214,,,2,1,,40790,9214,,,2,1,,40791,9214,,,2
64001,'SE',843,,40796,4920,,,2,1,,40797,4920,,,2,1,,40795,4920,,,2
69700,'SE',1630,,40968,6598,,,2,1,,40969,6598,,,2
69701,'SE',828,,40972,244,,,2,1,,40973,244,,,2
