1001,'DI',640,,23694,6028,,,1,67,,23668,6028,,,1,30,,23695,6028,,,1,70,,23693,6028,,,1,30,,23686,6028,,,1,78,,23669,6028,,,1,30,,23687,6028,,,1,70,,23670,6028,,,1,30,,23688,6028,,,1,70,,23671,6028,,,1,30,,23689,6028,,,1,70,,23672,6028,,,1,30,,23690,6028,,,1,70,,23673,6028,,,1,30,,23691,6028,,,1,70,,23674,6028,,,1,30,,23692,6028,,,1,70,,23675,6028,,,1,30,,23696,6028,,,1,70,,23676,6028,,,1,30,,23697,6028,,,1,70,,23677,6028,,,1,30,,23698,6028,,,1,70,,23678,6028,,,1,30,,23699,6028,,,1,81,,23679,6028,,,1,100,,23680,6028,,,1,100,,23681,6028,,,1,100,,23682,6028,,,1,100,,23683,6028,,,1,100,,23684,6028,,,1
1001,'F1',640,,44416,6028,,,1,67,,44390,6028,,,1,30,,44417,6028,,,1,70,,44415,6028,,,1,30,,44408,6028,,,1,78,,44391,6028,,,1,30,,44409,6028,,,1,70,,44392,6028,,,1,30,,44410,6028,,,1,70,,44393,6028,,,1,30,,44411,6028,,,1,70,,44394,6028,,,1,30,,44412,6028,,,1,70,,44395,6028,,,1,30,,44413,6028,,,1,70,,44396,6028,,,1,30,,44414,6028,,,1,70,,44397,6028,,,1,30,,44418,6028,,,1,70,,44398,6028,,,1,30,,44419,6028,,,1,70,,44399,6028,,,1,30,,44420,6028,,,1,70,,44400,6028,,,1,30,,44421,6028,,,1,81,,44401,6028,,,1,100,,44402,6028,,,1,100,,44403,6028,,,1,100,,44404,6028,,,1,100,,44405,6028,,,1,100,,44406,6028,,,1
1001,'F2',539,,44432,6028,,,1,96,,44433,6028,,,1,70,,44428,6028,,,1,30,,44422,6028,,,1,70,,44435,6028,,,1,30,,44434,6028,,,1,78,,44444,6028,,,1,31,,44443,6028,,,1,70,,44445,6028,,,1,30,,44451,6028,,,1,70,,44446,6028,,,1,30,,44452,6028,,,1,70,,44436,6028,,,1,32,,44453,6028,,,1,70,,44437,6028,,,1,30,,44454,6028,,,1,70,,44438,6028,,,1,30,,44423,6028,,,1,70,,44439,6028,,,1,30,,44424,6028,,,1,70,,44440,6028,,,1,30,,44425,6028,,,1,69,,44441,6028,,,1,31,,44426,6028,,,1,70,,44442,6028,,,1,30,,44427,6028,,,1,81,,44447,6028,,,1,100,,44448,6028,,,1,100,,44449,6028,,,1,100,,44450,6028,,,1,100,,44429,6028,,,1,100,,44430,6028,,,1
1001,'F8',539,,23776,6028,,,1,96,,23777,6028,,,1,70,,23772,6028,,,1,30,,23766,6028,,,1,70,,23779,6028,,,1,30,,23778,6028,,,1,78,,23788,6028,,,1,31,,23787,6028,,,1,70,,23789,6028,,,1,30,,23795,6028,,,1,70,,23790,6028,,,1,30,,23796,6028,,,1,70,,23780,6028,,,1,32,,23797,6028,,,1,70,,23781,6028,,,1,30,,23798,6028,,,1,70,,23782,6028,,,1,30,,23767,6028,,,1,70,,23783,6028,,,1,30,,23768,6028,,,1,70,,23784,6028,,,1,30,,23769,6028,,,1,69,,23785,6028,,,1,31,,23770,6028,,,1,70,,23786,6028,,,1,30,,23771,6028,,,1,81,,23791,6028,,,1,100,,23792,6028,,,1,100,,23793,6028,,,1,100,,23794,6028,,,1,100,,23773,6028,,,1,100,,23774,6028,,,1
1001,'F9',640,,23825,6028,,,1,67,,23799,6028,,,1,30,,23826,6028,,,1,70,,23824,6028,,,1,30,,23817,6028,,,1,78,,23800,6028,,,1,30,,23818,6028,,,1,70,,23801,6028,,,1,30,,23819,6028,,,1,70,,23802,6028,,,1,30,,23820,6028,,,1,70,,23803,6028,,,1,30,,23821,6028,,,1,70,,23804,6028,,,1,30,,23822,6028,,,1,70,,23805,6028,,,1,30,,23823,6028,,,1,70,,23806,6028,,,1,30,,23827,6028,,,1,70,,23807,6028,,,1,30,,23828,6028,,,1,70,,23808,6028,,,1,30,,23829,6028,,,1,70,,23809,6028,,,1,30,,23830,6028,,,1,81,,23810,6028,,,1,100,,23811,6028,,,1,100,,23812,6028,,,1,100,,23813,6028,,,1,100,,23814,6028,,,1,100,,23815,6028,,,1
1001,'SA',539,,23841,6028,,,1,96,,23842,6028,,,1,70,,23837,6028,,,1,30,,23831,6028,,,1,70,,23844,6028,,,1,30,,23843,6028,,,1,78,,23853,6028,,,1,31,,23852,6028,,,1,70,,23854,6028,,,1,30,,23860,6028,,,1,70,,23855,6028,,,1,30,,23861,6028,,,1,70,,23845,6028,,,1,32,,23862,6028,,,1,70,,23846,6028,,,1,30,,23863,6028,,,1,70,,23847,6028,,,1,30,,23832,6028,,,1,70,,23848,6028,,,1,30,,23833,6028,,,1,70,,23849,6028,,,1,30,,23834,6028,,,1,69,,23850,6028,,,1,31,,23835,6028,,,1,70,,23851,6028,,,1,30,,23836,6028,,,1,81,,23856,6028,,,1,100,,23857,6028,,,1,100,,23858,6028,,,1,100,,23859,6028,,,1,100,,23838,6028,,,1,100,,23839,6028,,,1
1701,'DI',557,,25564,6163,,,1,100,,25567,6163,,,1,70,,25560,6163,,,1,30,,25550,6163,,,1,70,,25556,6163,,,1,30,,25565,6163,,,1,70,,25578,6163,,,1,30,,25568,6163,,,1,70,,25573,6163,,,1,30,,25551,6163,,,1,70,,25575,6163,,,1,30,,25562,6163,,,1,70,,25571,6163,,,1,30,,25579,6163,,,1,70,,25557,6163,,,1,30,,25574,6163,,,1,70,,25563,6163,,,1,30,,25561,6163,,,1,70,,25577,6163,,,1,29,,25569,6163,,,1,70,,25552,6163,,,1,31,,25559,6163,,,1,70,,25553,6163,,,1,30,,25548,6163,,,1,71,,25554,6163,,,1,30,,25547,6163,,,1,99,,25576,6163,,,1,100,,25570,6163,,,1,100,,25555,6163,,,1,100,,25572,6163,,,1,100,,25558,6163,,,1,100,,25549,6163,,,1
1701,'F1',557,,45121,6163,,,1,100,,45124,6163,,,1,70,,45117,6163,,,1,30,,45107,6163,,,1,70,,45113,6163,,,1,30,,45122,6163,,,1,70,,45135,6163,,,1,30,,45125,6163,,,1,70,,45130,6163,,,1,30,,45108,6163,,,1,70,,45132,6163,,,1,30,,45119,6163,,,1,70,,45128,6163,,,1,30,,45136,6163,,,1,70,,45114,6163,,,1,30,,45131,6163,,,1,70,,45120,6163,,,1,30,,45118,6163,,,1,70,,45134,6163,,,1,29,,45126,6163,,,1,70,,45109,6163,,,1,31,,45116,6163,,,1,70,,45110,6163,,,1,30,,45105,6163,,,1,71,,45111,6163,,,1,30,,45104,6163,,,1,99,,45133,6163,,,1,100,,45127,6163,,,1,100,,45112,6163,,,1,100,,45129,6163,,,1,100,,45115,6163,,,1,100,,45106,6163,,,1
1701,'F2',558,,45164,6163,,,1,100,,45158,6163,,,1,70,,45153,6163,,,1,30,,45168,6163,,,1,70,,45140,6163,,,1,30,,45152,6163,,,1,70,,45165,6163,,,1,30,,45150,6163,,,1,70,,45139,6163,,,1,30,,45159,6163,,,1,70,,45141,6163,,,1,30,,45145,6163,,,1,70,,45137,6163,,,1,30,,45147,6163,,,1,70,,45154,6163,,,1,30,,45160,6163,,,1,70,,45166,6163,,,1,30,,45146,6163,,,1,70,,45167,6163,,,1,30,,45155,6163,,,1,70,,45162,6163,,,1,29,,45161,6163,,,1,70,,45142,6163,,,1,31,,45144,6163,,,1,70,,45143,6163,,,1,31,,45148,6163,,,1,99,,45163,6163,,,1,100,,45156,6163,,,1,100,,45151,6163,,,1,100,,45149,6163,,,1,100,,45138,6163,,,1,100,,45169,6163,,,1
1701,'F8',558,,25673,6163,,,1,100,,25667,6163,,,1,70,,25662,6163,,,1,30,,25677,6163,,,1,70,,25649,6163,,,1,30,,25661,6163,,,1,70,,25674,6163,,,1,30,,25659,6163,,,1,70,,25648,6163,,,1,30,,25668,6163,,,1,70,,25650,6163,,,1,30,,25654,6163,,,1,70,,25646,6163,,,1,30,,25656,6163,,,1,70,,25663,6163,,,1,30,,25669,6163,,,1,70,,25675,6163,,,1,30,,25655,6163,,,1,70,,25676,6163,,,1,30,,25664,6163,,,1,70,,25671,6163,,,1,29,,25670,6163,,,1,70,,25651,6163,,,1,31,,25653,6163,,,1,70,,25652,6163,,,1,31,,25657,6163,,,1,99,,25672,6163,,,1,100,,25665,6163,,,1,100,,25660,6163,,,1,100,,25658,6163,,,1,100,,25647,6163,,,1,100,,25678,6163,,,1
1701,'F9',557,,25696,6163,,,1,100,,25699,6163,,,1,70,,25692,6163,,,1,30,,25682,6163,,,1,70,,25688,6163,,,1,30,,25697,6163,,,1,70,,25710,6163,,,1,30,,25700,6163,,,1,70,,25705,6163,,,1,30,,25683,6163,,,1,70,,25707,6163,,,1,30,,25694,6163,,,1,70,,25703,6163,,,1,30,,25711,6163,,,1,70,,25689,6163,,,1,30,,25706,6163,,,1,70,,25695,6163,,,1,30,,25693,6163,,,1,70,,25709,6163,,,1,29,,25701,6163,,,1,70,,25684,6163,,,1,31,,25691,6163,,,1,70,,25685,6163,,,1,30,,25680,6163,,,1,71,,25686,6163,,,1,30,,25679,6163,,,1,99,,25708,6163,,,1,100,,25702,6163,,,1,100,,25687,6163,,,1,100,,25704,6163,,,1,100,,25690,6163,,,1,100,,25681,6163,,,1
1701,'SA',558,,25737,6163,,,1,100,,25731,6163,,,1,70,,25727,6163,,,1,30,,25741,6163,,,1,70,,25715,6163,,,1,30,,5087,6163,,,1,70,,25738,6163,,,1,30,,25725,6163,,,1,70,,25714,6163,,,1,30,,25732,6163,,,1,70,,25716,6163,,,1,30,,25720,6163,,,1,70,,25712,6163,,,1,30,,25722,6163,,,1,70,,25728,6163,,,1,30,,25733,6163,,,1,70,,25739,6163,,,1,30,,25721,6163,,,1,70,,25740,6163,,,1,30,,25729,6163,,,1,70,,25735,6163,,,1,29,,25734,6163,,,1,70,,25717,6163,,,1,31,,25719,6163,,,1,70,,25718,6163,,,1,31,,25723,6163,,,1,99,,25736,6163,,,1,100,,5098,6163,,,1,100,,25726,6163,,,1,100,,25724,6163,,,1,100,,25713,6163,,,1,100,,25742,6163,,,1
7101,'DI',519,,33239,311,,,2,30,,33251,311,,,2,69,,33246,311,,,2,30,,33225,311,,,2,70,,33249,311,,,2,30,,33241,311,,,2,70,,33252,311,,,2,30,,33240,311,,,2,71,,33222,311,,,2,29,,33220,311,,,2,71,,33221,311,,,2,30,,33228,311,,,2,70,,33242,311,,,2,30,,33253,311,,,2,70,,33247,311,,,2,35,,33226,311,,,2,65,,33248,311,,,2,30,,33227,311,,,2,70,,33250,311,,,2,30,,33245,311,,,2,70,,33235,311,,,2,30,,33231,311,,,2,70,,33238,311,,,2,30,,33232,311,,,2,68,,33229,311,,,2,32,,33233,311,,,2,70,,33230,311,,,2,30,,33234,311,,,2,100,,33236,311,,,2,99,,33237,311,,,2,100,,33244,311,,,2,100,,33223,311,,,2,100,,33224,311,,,2,100,,33243,311,,,2
7101,'F1',519,,48160,311,,,2,30,,48172,311,,,2,69,,48167,311,,,2,30,,48146,311,,,2,70,,48170,311,,,2,30,,48162,311,,,2,70,,48173,311,,,2,30,,48161,311,,,2,71,,48143,311,,,2,29,,48141,311,,,2,71,,48142,311,,,2,30,,48149,311,,,2,70,,48163,311,,,2,30,,48174,311,,,2,70,,48168,311,,,2,35,,48147,311,,,2,65,,48169,311,,,2,30,,48148,311,,,2,70,,48171,311,,,2,30,,48166,311,,,2,70,,48156,311,,,2,30,,48152,311,,,2,70,,48159,311,,,2,30,,48153,311,,,2,68,,48150,311,,,2,32,,48154,311,,,2,70,,48151,311,,,2,30,,48155,311,,,2,100,,48157,311,,,2,99,,48158,311,,,2,100,,48165,311,,,2,100,,48144,311,,,2,100,,48145,311,,,2,100,,48164,311,,,2
7101,'F2',519,,48187,311,,,2,30,,48184,311,,,2,69,,48208,311,,,2,30,,48183,311,,,2,70,,48178,311,,,2,30,,48188,311,,,2,71,,48209,311,,,2,29,,48185,311,,,2,70,,48175,311,,,2,30,,48191,311,,,2,71,,48204,311,,,2,30,,48192,311,,,2,70,,48205,311,,,2,30,,48193,311,,,2,70,,48206,311,,,2,30,,48194,311,,,2,70,,48207,311,,,2,30,,48195,311,,,2,70,,48198,311,,,2,30,,48196,311,,,2,70,,48199,311,,,2,30,,48197,311,,,2,70,,48200,311,,,2,28,,48181,311,,,2,70,,48201,311,,,2,36,,48186,311,,,2,66,,48202,311,,,2,32,,48182,311,,,2,98,,48189,311,,,2,100,,48180,311,,,2,100,,48179,311,,,2,100,,48177,311,,,2,100,,48176,311,,,2,100,,48203,311,,,2,100,,48190,311,,,2
7101,'F8',519,,33380,311,,,2,30,,33377,311,,,2,69,,33401,311,,,2,30,,33376,311,,,2,70,,33371,311,,,2,30,,33381,311,,,2,71,,33402,311,,,2,29,,33378,311,,,2,70,,33368,311,,,2,30,,33384,311,,,2,71,,33397,311,,,2,30,,33385,311,,,2,70,,33398,311,,,2,30,,33386,311,,,2,70,,33399,311,,,2,30,,33387,311,,,2,70,,33400,311,,,2,30,,33388,311,,,2,70,,33391,311,,,2,30,,33389,311,,,2,70,,33392,311,,,2,30,,33390,311,,,2,70,,33393,311,,,2,28,,33374,311,,,2,70,,33394,311,,,2,36,,33379,311,,,2,66,,33395,311,,,2,32,,33375,311,,,2,98,,33382,311,,,2,100,,33373,311,,,2,100,,33372,311,,,2,100,,33370,311,,,2,100,,33369,311,,,2,100,,33396,311,,,2,100,,33383,311,,,2
7101,'F9',519,,33422,311,,,2,30,,33434,311,,,2,69,,33429,311,,,2,30,,33408,311,,,2,70,,33432,311,,,2,30,,33424,311,,,2,70,,33435,311,,,2,30,,33423,311,,,2,71,,33405,311,,,2,29,,33403,311,,,2,71,,33404,311,,,2,30,,33411,311,,,2,70,,33425,311,,,2,30,,33436,311,,,2,70,,33430,311,,,2,35,,33409,311,,,2,65,,33431,311,,,2,30,,33410,311,,,2,70,,33433,311,,,2,30,,33428,311,,,2,70,,33418,311,,,2,30,,33414,311,,,2,70,,33421,311,,,2,30,,33415,311,,,2,68,,33412,311,,,2,32,,33416,311,,,2,70,,33413,311,,,2,30,,33417,311,,,2,100,,33419,311,,,2,99,,33420,311,,,2,100,,33427,311,,,2,100,,33406,311,,,2,100,,33407,311,,,2,100,,33426,311,,,2
7101,'SA',519,,33449,311,,,2,30,,33446,311,,,2,69,,33468,311,,,2,30,,33445,311,,,2,70,,33440,311,,,2,30,,33450,311,,,2,71,,33469,311,,,2,29,,33447,311,,,2,70,,33437,311,,,2,30,,33451,311,,,2,71,,33464,311,,,2,30,,33452,311,,,2,70,,33465,311,,,2,30,,33453,311,,,2,70,,33466,311,,,2,30,,33454,311,,,2,70,,33467,311,,,2,30,,33455,311,,,2,70,,33458,311,,,2,30,,33456,311,,,2,70,,33459,311,,,2,30,,33457,311,,,2,70,,33460,311,,,2,28,,33443,311,,,2,70,,33461,311,,,2,36,,33448,311,,,2,66,,33462,311,,,2,32,,33444,311,,,2,98,,12078,311,,,2,100,,33442,311,,,2,100,,33441,311,,,2,100,,33439,311,,,2,100,,33438,311,,,2,100,,33463,311,,,2,100,,12079,311,,,2
7101,'SE',441,,48218,311,,,2,70,,48214,311,,,2,30,,48248,311,,,2,70,,48216,311,,,2,30,,48250,311,,,2,15,,48231,311,,,2,65,,48249,311,,,2,20,,48210,311,,,2,62,,48220,311,,,2,18,,48212,311,,,2,28,,48232,311,,,2,71,,48213,311,,,2,29,,48233,311,,,2,70,,48221,311,,,2,30,,48234,311,,,2,70,,48237,311,,,2,30,,48235,311,,,2,70,,48222,311,,,2,30,,48236,311,,,2,70,,48246,311,,,2,30,,48238,311,,,2,70,,48225,311,,,2,31,,48239,311,,,2,71,,48247,311,,,2,31,,48217,311,,,2,60,,48226,311,,,2,21,,48244,311,,,2,25,,48227,311,,,2,57,,48219,311,,,2,18,,48245,311,,,2,19,,48253,311,,,2,72,,48252,311,,,2,26,,48215,311,,,2,70,,48240,311,,,2,30,,48223,311,,,2,69,,48241,311,,,2,30,,48251,311,,,2,70,,48242,311,,,2,30,,48211,311,,,2,70,,48243,311,,,2,30,,48228,311,,,2,70,,48224,311,,,2,30,,48229,311,,,2,68,,48254,311,,,2,30,,48230,311,,,2,70,,48255,311,,,2
7601,'SE',510,,48822,3281,,,1,30,,48825,3281,,,1,70,,48826,3281,,,1,24,,48830,3281,,,1,21,,48831,3281,,,1,60,,48827,3281,,,1,20,,48844,3281,,,1,13,,48811,3281,,,1,11,,48814,3281,,,1,61,,48817,3281,,,1,23,,48845,3281,,,1,66,,48815,3281,,,1,30,,48818,3281,,,1,70,,48809,3281,,,1,30,,48828,3281,,,1,70,,48820,3281,,,1,30,,48816,3281,,,1,70,,48812,3281,,,1,30,,48810,3281,,,1,70,,48847,3281,,,1,30,,48807,3281,,,1,70,,48829,3281,,,1,32,,48813,3281,,,1,75,,48819,3281,,,1,26,,48832,3281,,,1,72,,48834,3281,,,1,33,,48824,3281,,,1,64,,48842,3281,,,1,16,,48846,3281,,,1,20,,48848,3281,,,1,61,,48821,3281,,,1,17,,48843,3281,,,1,19,,48851,3281,,,1,66,,48833,3281,,,1,30,,48823,3281,,,1,70,,48808,3281,,,1,30,,48835,3281,,,1,70,,48849,3281,,,1,30,,48836,3281,,,1,70,,48850,3281,,,1,29,,48837,3281,,,1,70,,48840,3281,,,1,30,,48838,3281,,,1,70,,48841,3281,,,1,30,,48839,3281,,,1
