400,'DI',631,,52302,1824,,,1,70,,52320,1824,,,1,30,,52312,1824,,,1,70,,52310,1824,,,1,32,,52303,1824,,,1,70,,52321,1824,,,1,32,,52313,1824,,,1,70,,52323,1824,,,1,30,,52304,1824,,,1,71,,52322,1824,,,1,30,,52314,1824,,,1,67,,52324,1824,,,1,31,,52305,1824,,,1,72,,52329,1824,,,1,30,,52327,1824,,,1,68,,52317,1824,,,1,31,,52306,1824,,,1,69,,52325,1824,,,1,30,,52330,1824,,,1,72,,52315,1824,,,1,30,,52307,1824,,,1,70,,52326,1824,,,1,30,,52331,1824,,,1,72,,52316,1824,,,1,28,,52318,1824,,,1,70,,52332,1824,,,1,30,,52328,1824,,,1,70,,52333,1824,,,1,30,,52319,1824,,,1,70,,52311,1824,,,1,30,,52334,1824,,,1,70,,52336,1824,,,1,100,,52335,1824,,,1,100,,52308,1824,,,1
400,'F1',631,,52337,1824,,,1,70,,52355,1824,,,1,30,,52347,1824,,,1,70,,52345,1824,,,1,32,,52338,1824,,,1,70,,52356,1824,,,1,32,,52348,1824,,,1,70,,52358,1824,,,1,30,,52339,1824,,,1,71,,52357,1824,,,1,30,,52349,1824,,,1,67,,52359,1824,,,1,31,,52340,1824,,,1,72,,52364,1824,,,1,30,,52362,1824,,,1,68,,52352,1824,,,1,31,,52341,1824,,,1,69,,52360,1824,,,1,30,,52365,1824,,,1,72,,52350,1824,,,1,30,,52342,1824,,,1,70,,52361,1824,,,1,30,,52366,1824,,,1,72,,52351,1824,,,1,28,,52353,1824,,,1,70,,52367,1824,,,1,30,,52363,1824,,,1,70,,52368,1824,,,1,30,,52354,1824,,,1,70,,52346,1824,,,1,30,,52369,1824,,,1,70,,52371,1824,,,1,100,,52370,1824,,,1,100,,52343,1824,,,1
400,'F2',631,,52391,1824,,,1,70,,52375,1824,,,1,30,,52380,1824,,,1,70,,52374,1824,,,1,32,,52392,1824,,,1,70,,52376,1824,,,1,32,,52381,1824,,,1,71,,52383,1824,,,1,30,,52393,1824,,,1,70,,52377,1824,,,1,30,,52382,1824,,,1,70,,52399,1824,,,1,30,,52397,1824,,,1,70,,52372,1824,,,1,30,,52384,1824,,,1,70,,52390,1824,,,1,30,,52385,1824,,,1,70,,52395,1824,,,1,30,,52378,1824,,,1,70,,52398,1824,,,1,30,,52394,1824,,,1,70,,52379,1824,,,1,30,,52387,1824,,,1,70,,52389,1824,,,1,30,,52401,1824,,,1,70,,52386,1824,,,1,30,,52404,1824,,,1,70,,52402,1824,,,1,30,,52403,1824,,,1,70,,52396,1824,,,1,30,,52405,1824,,,1,70,,52406,1824,,,1,100,,52400,1824,,,1,100,,52388,1824,,,1
400,'SA',631,,52426,1824,,,1,70,,52410,1824,,,1,30,,52415,1824,,,1,70,,52409,1824,,,1,32,,52427,1824,,,1,70,,52411,1824,,,1,32,,52416,1824,,,1,71,,52418,1824,,,1,30,,52428,1824,,,1,70,,52412,1824,,,1,30,,52417,1824,,,1,70,,52434,1824,,,1,30,,52432,1824,,,1,70,,52407,1824,,,1,30,,52419,1824,,,1,70,,52425,1824,,,1,30,,52420,1824,,,1,70,,52430,1824,,,1,30,,52413,1824,,,1,70,,52433,1824,,,1,30,,52429,1824,,,1,70,,52414,1824,,,1,30,,52422,1824,,,1,70,,52424,1824,,,1,30,,52436,1824,,,1,70,,52421,1824,,,1,30,,52439,1824,,,1,70,,52437,1824,,,1,30,,52438,1824,,,1,70,,52431,1824,,,1,30,,52440,1824,,,1,70,,52441,1824,,,1,100,,52435,1824,,,1,100,,52423,1824,,,1
400,'SE',557,,52468,1824,,,1,60,,52475,1824,,,1,15,,52476,1824,,,1,20,,52467,1824,,,1,66,,52478,1824,,,1,18,,52470,1824,,,1,64,,52479,1824,,,1,11,,52483,1824,,,1,32,,52474,1824,,,1,13,,52453,1824,,,1,63,,52442,1824,,,1,31,,52455,1824,,,1,70,,52447,1824,,,1,30,,52448,1824,,,1,70,,52449,1824,,,1,30,,52451,1824,,,1,70,,52460,1824,,,1,30,,52461,1824,,,1,70,,52450,1824,,,1,29,,52446,1824,,,1,69,,52443,1824,,,1,31,,52477,1824,,,1,66,,52482,1824,,,1,34,,52480,1824,,,1,71,,52471,1824,,,1,30,,52472,1824,,,1,69,,52481,1824,,,1,25,,52459,1824,,,1,60,,52454,1824,,,1,34,,52464,1824,,,1,74,,52457,1824,,,1,30,,52444,1824,,,1,70,,52463,1824,,,1,30,,52465,1824,,,1,70,,52462,1824,,,1,30,,52452,1824,,,1,69,,52458,1824,,,1,30,,52466,1824,,,1,100,,52456,1824,,,1,100,,52445,1824,,,1
2101,'DI',549,,55843,2668,,,1,70,,55842,2668,,,1,30,,55853,2668,,,1,69,,55850,2668,,,1,30,,55860,2668,,,1,70,,55849,2668,,,1,31,,55857,2668,,,1,70,,55874,2668,,,1,30,,55848,2668,,,1,67,,55851,2668,,,1,33,,55854,2668,,,1,70,,55862,2668,,,1,32,,55852,2668,,,1,70,,55870,2668,,,1,31,,55844,2668,,,1,72,,55868,2668,,,1,30,,55861,2668,,,1,70,,55858,2668,,,1,30,,55866,2668,,,1,70,,55869,2668,,,1,30,,55855,2668,,,1,70,,55867,2668,,,1,30,,55845,2668,,,1,70,,55859,2668,,,1,30,,55873,2668,,,1,70,,55865,2668,,,1,28,,55863,2668,,,1,67,,55838,2668,,,1,30,,55856,2668,,,1,70,,55872,2668,,,1,30,,55846,2668,,,1,70,,55871,2668,,,1,30,,55835,2668,,,1,70,,55837,2668,,,1,30,,55864,2668,,,1,70,,55847,2668,,,1,30,,55840,2668,,,1,70,,55839,2668,,,1,30,,55841,2668,,,1,70,,55836,2668,,,1
2101,'F1',549,,55883,2668,,,1,70,,55882,2668,,,1,30,,55893,2668,,,1,69,,55890,2668,,,1,30,,55900,2668,,,1,70,,55889,2668,,,1,31,,55897,2668,,,1,70,,55914,2668,,,1,30,,55888,2668,,,1,67,,55891,2668,,,1,33,,55894,2668,,,1,70,,55902,2668,,,1,32,,55892,2668,,,1,70,,55910,2668,,,1,31,,55884,2668,,,1,72,,55908,2668,,,1,30,,55901,2668,,,1,70,,55898,2668,,,1,30,,55906,2668,,,1,70,,55909,2668,,,1,30,,55895,2668,,,1,70,,55907,2668,,,1,30,,55885,2668,,,1,70,,55899,2668,,,1,30,,55913,2668,,,1,70,,55905,2668,,,1,28,,55903,2668,,,1,67,,55878,2668,,,1,30,,55896,2668,,,1,70,,55912,2668,,,1,30,,55886,2668,,,1,70,,55911,2668,,,1,30,,55875,2668,,,1,70,,55877,2668,,,1,30,,55904,2668,,,1,70,,55887,2668,,,1,30,,55880,2668,,,1,70,,55879,2668,,,1,30,,55881,2668,,,1,70,,55876,2668,,,1
2101,'F2',549,,55917,2668,,,1,70,,55919,2668,,,1,30,,55948,2668,,,1,70,,55918,2668,,,1,31,,55938,2668,,,1,70,,55929,2668,,,1,30,,55920,2668,,,1,70,,55949,2668,,,1,30,,55944,2668,,,1,65,,55941,2668,,,1,31,,55933,2668,,,1,74,,55936,2668,,,1,33,,55942,2668,,,1,66,,55950,2668,,,1,34,,55927,2668,,,1,71,,55953,2668,,,1,30,,55945,2668,,,1,70,,55937,2668,,,1,30,,55921,2668,,,1,70,,55954,2668,,,1,30,,55946,2668,,,1,70,,55932,2668,,,1,30,,55922,2668,,,1,70,,55939,2668,,,1,30,,55947,2668,,,1,70,,55926,2668,,,1,28,,55923,2668,,,1,67,,55940,2668,,,1,30,,55951,2668,,,1,70,,55943,2668,,,1,30,,55915,2668,,,1,70,,55934,2668,,,1,30,,55924,2668,,,1,70,,55928,2668,,,1,30,,55930,2668,,,1,70,,55916,2668,,,1,30,,55952,2668,,,1,70,,55935,2668,,,1,30,,55931,2668,,,1,70,,55925,2668,,,1
2101,'SA',549,,55957,2668,,,1,70,,55959,2668,,,1,30,,55988,2668,,,1,70,,55958,2668,,,1,31,,55978,2668,,,1,70,,55969,2668,,,1,30,,55960,2668,,,1,70,,55989,2668,,,1,30,,55984,2668,,,1,65,,55981,2668,,,1,31,,55973,2668,,,1,74,,55976,2668,,,1,33,,55982,2668,,,1,66,,55990,2668,,,1,34,,55967,2668,,,1,71,,55993,2668,,,1,30,,55985,2668,,,1,70,,55977,2668,,,1,30,,55961,2668,,,1,70,,55994,2668,,,1,30,,55986,2668,,,1,70,,55972,2668,,,1,30,,55962,2668,,,1,70,,55979,2668,,,1,30,,55987,2668,,,1,70,,55966,2668,,,1,28,,55963,2668,,,1,67,,55980,2668,,,1,30,,55991,2668,,,1,70,,55983,2668,,,1,30,,55955,2668,,,1,70,,55974,2668,,,1,30,,55964,2668,,,1,70,,55968,2668,,,1,30,,55970,2668,,,1,70,,55956,2668,,,1,30,,55992,2668,,,1,70,,55975,2668,,,1,30,,55971,2668,,,1,70,,55965,2668,,,1
2101,'SE',444,,55997,2668,,,1,86,,55996,2668,,,1,27,,56025,2668,,,1,55,,45788,2668,,,1,15,,56021,2668,,,1,12,,45786,2668,,,1,10,,56030,2668,,,1,10,,56027,2668,,,1,51,,56022,2668,,,1,10,,56032,2668,,,1,10,,56031,2668,,,1,10,,56023,2668,,,1,13,,45789,2668,,,1,58,,56028,2668,,,1,17,,56033,2668,,,1,23,,56035,2668,,,1,57,,56036,2668,,,1,20,,56010,2668,,,1,21,,56001,2668,,,1,67,,55998,2668,,,1,33,,56000,2668,,,1,70,,55995,2668,,,1,30,,55999,2668,,,1,71,,56005,2668,,,1,33,,56011,2668,,,1,70,,56006,2668,,,1,30,,56012,2668,,,1,73,,56002,2668,,,1,28,,56037,2668,,,1,70,,56026,2668,,,1,33,,56041,2668,,,1,55,,56034,2668,,,1,15,,56024,2668,,,1,15,,56039,2668,,,1,15,,56038,2668,,,1,58,,56029,2668,,,1,19,,56040,2668,,,1,17,,56019,2668,,,1,60,,56016,2668,,,1,26,,56014,2668,,,1,69,,56007,2668,,,1,25,,56017,2668,,,1,70,,56013,2668,,,1,30,,56015,2668,,,1,69,,56008,2668,,,1,30,,56009,2668,,,1,70,,56003,2668,,,1,59,,56020,2668,,,1,99,,56018,2668,,,1,95,,56004,2668,,,1
3200,'DI',603,,56554,1824,0,44,1,101,,56555,1824,0,44,1,99,,56556,1824,0,44,1,101,,56562,1824,0,44,1,100,,56561,1824,0,44,1,100,,56557,1824,0,44,1,101,,56558,1824,0,44,1,100,,56565,1824,0,44,1,98,,56563,1824,0,44,1,104,,56559,1824,0,44,1,96,,56566,1824,0,44,1,100,,56564,1824,0,44,1,100,,56567,1824,0,44,1,101,,56570,1824,0,44,1,100,,56568,1824,0,44,1,100,,56572,1824,0,44,1,100,,56571,1824,0,44,1,100,,56569,1824,0,44,1,100,,56573,1824,0,44,1,100,,56560,1824,0,44,1
3200,'F1',603,,56574,1824,0,44,1,101,,56575,1824,0,44,1,99,,56576,1824,0,44,1,101,,56582,1824,0,44,1,100,,56581,1824,0,44,1,100,,56577,1824,0,44,1,101,,56578,1824,0,44,1,100,,56585,1824,0,44,1,98,,56583,1824,0,44,1,104,,56579,1824,0,44,1,96,,56586,1824,0,44,1,100,,56584,1824,0,44,1,100,,56587,1824,0,44,1,101,,56590,1824,0,44,1,100,,56588,1824,0,44,1,100,,56592,1824,0,44,1,100,,56591,1824,0,44,1,100,,56589,1824,0,44,1,100,,56593,1824,0,44,1,100,,56580,1824,0,44,1
3200,'F2',603,,56595,1824,0,44,1,101,,56596,1824,0,44,1,96,,56601,1824,0,44,1,102,,56603,1824,0,44,1,101,,56594,1824,0,44,1,101,,56602,1824,0,44,1,99,,56604,1824,0,44,1,103,,56605,1824,0,44,1,102,,56607,1824,0,44,1,97,,56597,1824,0,44,1,98,,56606,1824,0,44,1,100,,56608,1824,0,44,1,100,,56598,1824,0,44,1,101,,56609,1824,0,44,1,100,,56613,1824,0,44,1,100,,56611,1824,0,44,1,100,,56610,1824,0,44,1,100,,56599,1824,0,44,1,100,,56612,1824,0,44,1,100,,56600,1824,0,44,1
3200,'SA',603,,56615,1824,0,44,1,101,,56616,1824,0,44,1,96,,56621,1824,0,44,1,102,,56623,1824,0,44,1,101,,56614,1824,0,44,1,101,,56622,1824,0,44,1,99,,56624,1824,0,44,1,103,,56625,1824,0,44,1,102,,56627,1824,0,44,1,97,,56617,1824,0,44,1,98,,56626,1824,0,44,1,100,,56628,1824,0,44,1,100,,56618,1824,0,44,1,101,,56629,1824,0,44,1,100,,56633,1824,0,44,1,100,,56631,1824,0,44,1,100,,56630,1824,0,44,1,100,,56619,1824,0,44,1,100,,56632,1824,0,44,1,100,,56620,1824,0,44,1
3200,'SE',613,,56649,1824,,,1,32,,56650,1824,,,1,64,,56655,1824,,,1,31,,56648,1824,,,1,76,,56658,1824,,,1,20,,56634,1824,0,44,1,96,,56641,1824,0,44,1,100,,56636,1824,0,44,1,100,,56647,1824,0,44,1,100,,56640,1824,0,44,1,100,,56642,1824,0,44,1,104,,56644,1824,0,44,1,104,,56656,1824,,,1,68,,56654,1824,,,1,30,,56652,1824,,,1,70,,56657,1824,,,1,25,,56651,1824,,,1,75,,56659,1824,,,1,25,,56653,1824,,,1,74,,56645,1824,0,44,1,30,,56639,1824,0,44,1,100,,56643,1824,0,44,1,100,,56646,1824,0,44,1,100,,56635,1824,0,44,1,100,,56637,1824,0,44,1,101,,56638,1824,0,44,1
13200,'DI',830,,61957,1824,0,21 45,1,100,,61955,1824,0,21 45,1,100,,61959,1824,0,21 45,1,100,,61958,1824,0,21 45,1,100,,61960,1824,0,21 45,1,100,,61956,1824,0,21 45,1,100,,61962,1824,0,21 45,1,105,,61961,1824,0,21 45,1,95,,61964,1824,0,21 45,1,100,,61963,1824,0,21 45,1,102,,61965,1824,0,21 45,1,98,,61970,1824,0,21 45,1,100,,61968,1824,0,21 45,1,100,,61966,1824,0,21 45,1,100,,61971,1824,0,21 45,1,100,,61969,1824,0,21 45,1,100,,61967,1824,0,21 45,1,100,,61972,1824,0,21 45,1
13200,'F1',830,,61975,1824,0,21 45,1,100,,61973,1824,0,21 45,1,100,,61977,1824,0,21 45,1,100,,61976,1824,0,21 45,1,100,,61978,1824,0,21 45,1,100,,61974,1824,0,21 45,1,100,,61980,1824,0,21 45,1,105,,61979,1824,0,21 45,1,95,,61982,1824,0,21 45,1,100,,61981,1824,0,21 45,1,102,,61983,1824,0,21 45,1,98,,61988,1824,0,21 45,1,100,,61986,1824,0,21 45,1,100,,61984,1824,0,21 45,1,100,,61989,1824,0,21 45,1,100,,61987,1824,0,21 45,1,100,,61985,1824,0,21 45,1,100,,61990,1824,0,21 45,1
13200,'F2',730,,61997,1824,0,21 45,1,100,,61992,1824,0,21 45,1,100,,61995,1824,0,21 45,1,103,,61998,1824,0,21 45,1,97,,61991,1824,0,21 45,1,104,,61996,1824,0,21 45,1,96,,61999,1824,0,21 45,1,104,,62000,1824,0,21 45,1,96,,62002,1824,0,21 45,1,100,,61993,1824,0,21 45,1,100,,62001,1824,0,21 45,1,102,,62003,1824,0,21 45,1,98,,62006,1824,0,21 45,1,100,,62004,1824,0,21 45,1,100,,62009,1824,0,21 45,1,100,,62007,1824,0,21 45,1,100,,62005,1824,0,21 45,1,100,,61994,1824,0,21 45,1,100,,62008,1824,0,21 45,1
13200,'SA',730,,62016,1824,0,21 45,1,100,,62011,1824,0,21 45,1,100,,62014,1824,0,21 45,1,103,,62017,1824,0,21 45,1,97,,62010,1824,0,21 45,1,104,,62015,1824,0,21 45,1,96,,62018,1824,0,21 45,1,104,,62019,1824,0,21 45,1,96,,62021,1824,0,21 45,1,100,,62012,1824,0,21 45,1,100,,62020,1824,0,21 45,1,102,,62022,1824,0,21 45,1,98,,62025,1824,0,21 45,1,100,,62023,1824,0,21 45,1,100,,62028,1824,0,21 45,1,100,,62026,1824,0,21 45,1,100,,62024,1824,0,21 45,1,100,,62013,1824,0,21 45,1,100,,62027,1824,0,21 45,1
13200,'SE',641,,62038,1824,0,21 45,1,61,,62041,1824,0,21 45,1,11,,62031,1824,0,21 45,1,9,,62040,1824,0,21 45,1,4,,62033,1824,0,21 45,1,22,,62036,1824,0,21 45,1,58,,62039,1824,0,21 45,1,20,,62042,1824,0,21 45,1,79,,62037,1824,0,21 45,1,97,,62043,1824,0,21 45,1,99,,62035,1824,0,21 45,1,56,,62046,1824,0,21 45,1,100,,62029,1824,0,21 45,1,148,,62052,1824,0,21 45,1,53,,62047,1824,0,21 45,1,64,,62053,1824,0,21 45,1,20,,62049,1824,0,21 45,1,60,,62032,1824,0,21 45,1,21,,62048,1824,0,21 45,1,20,,62051,1824,0,21 45,1,60,,62044,1824,0,21 45,1,21,,62030,1824,0,21 45,1,21,,62034,1824,0,21 45,1,59,,62054,1824,0,21 45,1,20,,62045,1824,0,21 45,1,19,,62050,1824,0,21 45,1
