1601,'DI',554,,25074,5879,,,2,100,,25075,5879,,,2,70,,25066,5879,,,2,30,,25076,5879,,,2,70,,25067,5879,,,2,30,,25077,5879,,,2,70,,25068,5879,,,2,30,,25078,5879,,,2,70,,25069,5879,,,2,30,,25079,5879,,,2,70,,25070,5879,,,2,30,,25080,5879,,,2,68,,25071,5879,,,2,32,,25081,5879,,,2,73,,25072,5879,,,2,27,,25082,5879,,,2,70,,25073,5879,,,2,30,,25083,5879,,,2,70,,25085,5879,,,2,30,,25084,5879,,,2,70,,25086,5879,,,2,30,,25088,5879,,,2,70,,25087,5879,,,2,30,,25089,5879,,,2,100,,25090,5879,,,2,100,,25091,5879,,,2,100,,25092,5879,,,2,100,,25093,5879,,,2,100,,25094,5879,,,2,100,,25095,5879,,,2,100,,25096,5879,,,2
1601,'F1',554,,44943,5879,,,2,100,,44944,5879,,,2,70,,44935,5879,,,2,30,,44945,5879,,,2,70,,44936,5879,,,2,30,,44946,5879,,,2,70,,44937,5879,,,2,30,,44947,5879,,,2,70,,44938,5879,,,2,30,,44948,5879,,,2,70,,44939,5879,,,2,30,,44949,5879,,,2,68,,44940,5879,,,2,32,,44950,5879,,,2,73,,44941,5879,,,2,27,,44951,5879,,,2,70,,44942,5879,,,2,30,,44952,5879,,,2,70,,44954,5879,,,2,30,,44953,5879,,,2,70,,44955,5879,,,2,30,,44957,5879,,,2,70,,44956,5879,,,2,30,,44958,5879,,,2,100,,44959,5879,,,2,100,,44960,5879,,,2,100,,44961,5879,,,2,100,,44962,5879,,,2,100,,44963,5879,,,2,100,,44964,5879,,,2,100,,44965,5879,,,2
1601,'F2',554,,44971,5879,,,2,100,,44972,5879,,,2,68,,44975,5879,,,2,32,,44973,5879,,,2,70,,44976,5879,,,2,30,,44974,5879,,,2,70,,44977,5879,,,2,30,,44993,5879,,,2,70,,44978,5879,,,2,30,,44994,5879,,,2,70,,44979,5879,,,2,30,,44995,5879,,,2,70,,44980,5879,,,2,30,,44996,5879,,,2,70,,44986,5879,,,2,30,,44966,5879,,,2,70,,44987,5879,,,2,30,,44967,5879,,,2,70,,44988,5879,,,2,30,,44968,5879,,,2,70,,44989,5879,,,2,30,,44969,5879,,,2,67,,44990,5879,,,2,33,,44970,5879,,,2,100,,44981,5879,,,2,100,,44982,5879,,,2,100,,44983,5879,,,2,100,,44984,5879,,,2,100,,44985,5879,,,2,100,,44991,5879,,,2,100,,44992,5879,,,2
1601,'F8',554,,25220,5879,,,2,100,,25221,5879,,,2,68,,25224,5879,,,2,32,,25222,5879,,,2,70,,25225,5879,,,2,30,,25223,5879,,,2,70,,25226,5879,,,2,30,,25242,5879,,,2,70,,25227,5879,,,2,30,,25243,5879,,,2,70,,25228,5879,,,2,30,,25244,5879,,,2,70,,25229,5879,,,2,30,,25245,5879,,,2,70,,25235,5879,,,2,30,,25215,5879,,,2,70,,25236,5879,,,2,30,,25216,5879,,,2,70,,25237,5879,,,2,30,,25217,5879,,,2,70,,25238,5879,,,2,30,,25218,5879,,,2,67,,25239,5879,,,2,33,,25219,5879,,,2,100,,25230,5879,,,2,100,,25231,5879,,,2,100,,25232,5879,,,2,100,,25233,5879,,,2,100,,25234,5879,,,2,100,,25240,5879,,,2,100,,25241,5879,,,2
1601,'F9',554,,25254,5879,,,2,100,,25255,5879,,,2,70,,25246,5879,,,2,30,,25256,5879,,,2,70,,25247,5879,,,2,30,,25257,5879,,,2,70,,25248,5879,,,2,30,,25258,5879,,,2,70,,25249,5879,,,2,30,,25259,5879,,,2,70,,25250,5879,,,2,30,,25260,5879,,,2,68,,25251,5879,,,2,32,,25261,5879,,,2,73,,25252,5879,,,2,27,,25262,5879,,,2,70,,25253,5879,,,2,30,,25263,5879,,,2,70,,25265,5879,,,2,30,,25264,5879,,,2,70,,25266,5879,,,2,30,,25268,5879,,,2,70,,25267,5879,,,2,30,,25269,5879,,,2,100,,25270,5879,,,2,100,,25271,5879,,,2,100,,25272,5879,,,2,100,,25273,5879,,,2,100,,25274,5879,,,2,100,,25275,5879,,,2,100,,25276,5879,,,2
1601,'SA',554,,25282,5879,,,2,100,,25283,5879,,,2,68,,25286,5879,,,2,32,,25284,5879,,,2,70,,25287,5879,,,2,30,,25285,5879,,,2,70,,25288,5879,,,2,30,,25304,5879,,,2,70,,25289,5879,,,2,30,,25305,5879,,,2,70,,25290,5879,,,2,30,,25306,5879,,,2,70,,25291,5879,,,2,30,,25307,5879,,,2,70,,25297,5879,,,2,30,,25277,5879,,,2,70,,25298,5879,,,2,30,,25278,5879,,,2,70,,25299,5879,,,2,30,,25279,5879,,,2,70,,25300,5879,,,2,30,,25280,5879,,,2,67,,25301,5879,,,2,33,,25281,5879,,,2,100,,25292,5879,,,2,100,,25293,5879,,,2,100,,25294,5879,,,2,100,,25295,5879,,,2,100,,25296,5879,,,2,100,,25302,5879,,,2,100,,25303,5879,,,2
1601,'SE',524,,45005,5879,,,2,30,,45008,5879,,,2,60,,45029,5879,,,2,20,,45010,5879,,,2,20,,45009,5879,,,2,60,,45034,5879,,,2,17,,45006,5879,,,2,15,,45012,5879,,,2,56,,45007,5879,,,2,15,,45011,5879,,,2,19,,45037,5879,,,2,22,,45013,5879,,,2,70,,45032,5879,,,2,30,,44997,5879,,,2,70,,45039,5879,,,2,30,,45027,5879,,,2,70,,45036,5879,,,2,30,,44998,5879,,,2,70,,45014,5879,,,2,30,,45028,5879,,,2,70,,45026,5879,,,2,30,,45003,5879,,,2,70,,45001,5879,,,2,31,,45002,5879,,,2,76,,45038,5879,,,2,20,,45015,5879,,,2,60,,45040,5879,,,2,18,,45030,5879,,,2,19,,45041,5879,,,2,55,,45031,5879,,,2,15,,45022,5879,,,2,15,,45033,5879,,,2,15,,45024,5879,,,2,60,,45035,5879,,,2,17,,45023,5879,,,2,30,,45025,5879,,,2,70,,45004,5879,,,2,27,,45016,5879,,,2,70,,44999,5879,,,2,28,,45017,5879,,,2,70,,45000,5879,,,2,30,,45018,5879,,,2,99,,45019,5879,,,2,100,,45020,5879,,,2,100,,45021,5879,,,2
7101,'DI',534,,33239,5527,,,2,70,,33251,5527,,,2,29,,33246,5527,,,2,70,,33225,5527,,,2,30,,33249,5527,,,2,70,,33241,5527,,,2,30,,33252,5527,,,2,70,,33240,5527,,,2,31,,33222,5527,,,2,69,,33220,5527,,,2,31,,33221,5527,,,2,70,,33228,5527,,,2,30,,33242,5527,,,2,70,,33253,5527,,,2,30,,33247,5527,,,2,75,,33226,5527,,,2,25,,33248,5527,,,2,70,,33227,5527,,,2,30,,33250,5527,,,2,70,,33245,5527,,,2,30,,33235,5527,,,2,70,,33231,5527,,,2,30,,33238,5527,,,2,70,,33232,5527,,,2,28,,33229,5527,,,2,72,,33233,5527,,,2,30,,33230,5527,,,2,70,,33234,5527,,,2,100,,33236,5527,,,2,99,,33237,5527,,,2,100,,33244,5527,,,2,100,,33223,5527,,,2,100,,33224,5527,,,2
7101,'F1',534,,48160,5527,,,2,70,,48172,5527,,,2,29,,48167,5527,,,2,70,,48146,5527,,,2,30,,48170,5527,,,2,70,,48162,5527,,,2,30,,48173,5527,,,2,70,,48161,5527,,,2,31,,48143,5527,,,2,69,,48141,5527,,,2,31,,48142,5527,,,2,70,,48149,5527,,,2,30,,48163,5527,,,2,70,,48174,5527,,,2,30,,48168,5527,,,2,75,,48147,5527,,,2,25,,48169,5527,,,2,70,,48148,5527,,,2,30,,48171,5527,,,2,70,,48166,5527,,,2,30,,48156,5527,,,2,70,,48152,5527,,,2,30,,48159,5527,,,2,70,,48153,5527,,,2,28,,48150,5527,,,2,72,,48154,5527,,,2,30,,48151,5527,,,2,70,,48155,5527,,,2,100,,48157,5527,,,2,99,,48158,5527,,,2,100,,48165,5527,,,2,100,,48144,5527,,,2,100,,48145,5527,,,2
7101,'F2',534,,48187,5527,,,2,70,,48184,5527,,,2,29,,48208,5527,,,2,70,,48183,5527,,,2,30,,48178,5527,,,2,70,,48188,5527,,,2,31,,48209,5527,,,2,69,,48185,5527,,,2,30,,48175,5527,,,2,70,,48191,5527,,,2,31,,48204,5527,,,2,70,,48192,5527,,,2,30,,48205,5527,,,2,70,,48193,5527,,,2,30,,48206,5527,,,2,70,,48194,5527,,,2,30,,48207,5527,,,2,70,,48195,5527,,,2,30,,48198,5527,,,2,70,,48196,5527,,,2,30,,48199,5527,,,2,70,,48197,5527,,,2,30,,48200,5527,,,2,68,,48181,5527,,,2,30,,48201,5527,,,2,76,,48186,5527,,,2,26,,48202,5527,,,2,72,,48182,5527,,,2,98,,48189,5527,,,2,100,,48180,5527,,,2,100,,48179,5527,,,2,100,,48177,5527,,,2,100,,48176,5527,,,2,100,,48203,5527,,,2
7101,'F8',534,,33380,5527,,,2,70,,33377,5527,,,2,29,,33401,5527,,,2,70,,33376,5527,,,2,30,,33371,5527,,,2,70,,33381,5527,,,2,31,,33402,5527,,,2,69,,33378,5527,,,2,30,,33368,5527,,,2,70,,33384,5527,,,2,31,,33397,5527,,,2,70,,33385,5527,,,2,30,,33398,5527,,,2,70,,33386,5527,,,2,30,,33399,5527,,,2,70,,33387,5527,,,2,30,,33400,5527,,,2,70,,33388,5527,,,2,30,,33391,5527,,,2,70,,33389,5527,,,2,30,,33392,5527,,,2,70,,33390,5527,,,2,30,,33393,5527,,,2,68,,33374,5527,,,2,30,,33394,5527,,,2,76,,33379,5527,,,2,26,,33395,5527,,,2,72,,33375,5527,,,2,98,,33382,5527,,,2,100,,33373,5527,,,2,100,,33372,5527,,,2,100,,33370,5527,,,2,100,,33369,5527,,,2,100,,33396,5527,,,2
7101,'F9',534,,33422,5527,,,2,70,,33434,5527,,,2,29,,33429,5527,,,2,70,,33408,5527,,,2,30,,33432,5527,,,2,70,,33424,5527,,,2,30,,33435,5527,,,2,70,,33423,5527,,,2,31,,33405,5527,,,2,69,,33403,5527,,,2,31,,33404,5527,,,2,70,,33411,5527,,,2,30,,33425,5527,,,2,70,,33436,5527,,,2,30,,33430,5527,,,2,75,,33409,5527,,,2,25,,33431,5527,,,2,70,,33410,5527,,,2,30,,33433,5527,,,2,70,,33428,5527,,,2,30,,33418,5527,,,2,70,,33414,5527,,,2,30,,33421,5527,,,2,70,,33415,5527,,,2,28,,33412,5527,,,2,72,,33416,5527,,,2,30,,33413,5527,,,2,70,,33417,5527,,,2,100,,33419,5527,,,2,99,,33420,5527,,,2,100,,33427,5527,,,2,100,,33406,5527,,,2,100,,33407,5527,,,2
7101,'SA',534,,33449,5527,,,2,70,,33446,5527,,,2,29,,33468,5527,,,2,70,,33445,5527,,,2,30,,33440,5527,,,2,70,,33450,5527,,,2,31,,33469,5527,,,2,69,,33447,5527,,,2,30,,33437,5527,,,2,70,,33451,5527,,,2,31,,33464,5527,,,2,70,,33452,5527,,,2,30,,33465,5527,,,2,70,,33453,5527,,,2,30,,33466,5527,,,2,70,,33454,5527,,,2,30,,33467,5527,,,2,70,,33455,5527,,,2,30,,33458,5527,,,2,70,,33456,5527,,,2,30,,33459,5527,,,2,70,,33457,5527,,,2,30,,33460,5527,,,2,68,,33443,5527,,,2,30,,33461,5527,,,2,76,,33448,5527,,,2,26,,33462,5527,,,2,72,,33444,5527,,,2,98,,12078,5527,,,2,100,,33442,5527,,,2,100,,33441,5527,,,2,100,,33439,5527,,,2,100,,33438,5527,,,2,100,,33463,5527,,,2
7101,'SE',458,,48218,5527,,,2,70,,48214,5527,,,2,30,,48248,5527,,,2,70,,48216,5527,,,2,30,,48250,5527,,,2,56,,48231,5527,,,2,25,,48249,5527,,,2,20,,48210,5527,,,2,62,,48220,5527,,,2,18,,48212,5527,,,2,66,,48232,5527,,,2,31,,48213,5527,,,2,69,,48233,5527,,,2,30,,48221,5527,,,2,70,,48234,5527,,,2,30,,48237,5527,,,2,70,,48235,5527,,,2,30,,48222,5527,,,2,70,,48236,5527,,,2,30,,48246,5527,,,2,70,,48238,5527,,,2,30,,48225,5527,,,2,72,,48239,5527,,,2,31,,48247,5527,,,2,71,,48217,5527,,,2,41,,48244,5527,,,2,82,,48219,5527,,,2,76,,48253,5527,,,2,32,,48252,5527,,,2,66,,48215,5527,,,2,30,,48240,5527,,,2,69,,48223,5527,,,2,29,,48241,5527,,,2,70,,48251,5527,,,2,30,,48242,5527,,,2,70,,48211,5527,,,2,30,,48243,5527,,,2,70,,48228,5527,,,2,30,,48224,5527,,,2,70,,48229,5527,,,2,28,,48254,5527,,,2
