2300,'F2',645,,45829,2438,,,1,100,,45830,2438,,,1,100,,45821,2438,,,1,101,,45822,2438,,,1,99,,45825,2438,,,1,103,,45826,2438,,,1,97,,45831,2438,,,1,100,,45832,2438,,,1,100,,45828,2438,,,1,100,,45827,2438,,,1,100,,45823,2438,,,1,102,,45824,2438,,,1
2300,'F8',645,,27462,2438,,,1,100,,27463,2438,,,1,100,,27454,2438,,,1,101,,27455,2438,,,1,99,,27458,2438,,,1,103,,27459,2438,,,1,97,,27464,2438,,,1,100,,27465,2438,,,1,100,,27461,2438,,,1,100,,27460,2438,,,1,100,,27456,2438,,,1,102,,27457,2438,,,1
2300,'SA',645,,27474,2438,,,1,100,,27475,2438,,,1,100,,27466,2438,,,1,101,,27467,2438,,,1,99,,27470,2438,,,1,103,,27471,2438,,,1,97,,27476,2438,,,1,100,,27477,2438,,,1,100,,27473,2438,,,1,100,,27472,2438,,,1,100,,27468,2438,,,1,102,,27469,2438,,,1
2300,'SE',946,,45837,2438,,,1,100,,45833,2438,,,1,100,,45836,2438,,,1,100,,45834,2438,,,1,100,,45835,2438,,,1
12300,'DI',616,,37610,2438,0,42 43,1,100,,37620,2438,0,42 43,1,100,,37611,2438,0,42 43,1,100,,37621,2438,0,42 43,1,100,,37612,2438,0,42 43,1,100,,37622,2438,0,42 43,1,105,,37613,2438,0,42 43,1,95,,37623,2438,0,42 43,1,100,,37614,2438,0,42 43,1,100,,37624,2438,0,42 43,1,100,,37615,2438,0,42 43,1,100,,37625,2438,0,42 43,1,100,,37616,2438,0,42 43,1,100,,37626,2438,0,42 43,1,100,,37617,2438,0,42 43,1,100,,37627,2438,0,42 43,1,100,,37618,2438,0,42 43,1,100,,37628,2438,0,42 43,1,100,,37619,2438,0,42 43,1
12300,'F1',616,,49910,2438,0,42 43,1,100,,49920,2438,0,42 43,1,100,,49911,2438,0,42 43,1,100,,49921,2438,0,42 43,1,100,,49912,2438,0,42 43,1,100,,49922,2438,0,42 43,1,105,,49913,2438,0,42 43,1,95,,49923,2438,0,42 43,1,100,,49914,2438,0,42 43,1,100,,49924,2438,0,42 43,1,100,,49915,2438,0,42 43,1,100,,49925,2438,0,42 43,1,100,,49916,2438,0,42 43,1,100,,49926,2438,0,42 43,1,100,,49917,2438,0,42 43,1,100,,49927,2438,0,42 43,1,100,,49918,2438,0,42 43,1,100,,49928,2438,0,42 43,1,100,,49919,2438,0,42 43,1
12300,'F2',615,,49930,2438,0,42 43,1,100,,49929,2438,0,42 43,1,100,,49931,2438,0,42 43,1,105,,49940,2438,0,42 43,1,99,,49932,2438,0,42 43,1,100,,49941,2438,0,42 43,1,100,,49933,2438,0,42 43,1,96,,49942,2438,0,42 43,1,100,,49934,2438,0,42 43,1,100,,49943,2438,0,42 43,1,104,,49935,2438,0,42 43,1,101,,49944,2438,0,42 43,1,99,,49936,2438,0,42 43,1,96,,49945,2438,0,42 43,1,100,,49937,2438,0,42 43,1,100,,49946,2438,0,42 43,1,100,,49938,2438,0,42 43,1,100,,49947,2438,0,42 43,1,100,,49939,2438,0,42 43,1
12300,'F8',615,,37705,2438,0,42 43,1,100,,37704,2438,0,42 43,1,100,,37706,2438,0,42 43,1,105,,37715,2438,0,42 43,1,99,,37707,2438,0,42 43,1,100,,37716,2438,0,42 43,1,100,,37708,2438,0,42 43,1,96,,37717,2438,0,42 43,1,100,,37709,2438,0,42 43,1,100,,37718,2438,0,42 43,1,104,,37710,2438,0,42 43,1,101,,37719,2438,0,42 43,1,99,,37711,2438,0,42 43,1,96,,37720,2438,0,42 43,1,100,,37712,2438,0,42 43,1,100,,37721,2438,0,42 43,1,100,,37713,2438,0,42 43,1,100,,37722,2438,0,42 43,1,100,,37714,2438,0,42 43,1
12300,'F9',616,,37723,2438,0,42 43,1,100,,37733,2438,0,42 43,1,100,,37724,2438,0,42 43,1,100,,37734,2438,0,42 43,1,100,,37725,2438,0,42 43,1,100,,37735,2438,0,42 43,1,105,,37726,2438,0,42 43,1,95,,37736,2438,0,42 43,1,100,,37727,2438,0,42 43,1,100,,37737,2438,0,42 43,1,100,,37728,2438,0,42 43,1,100,,37738,2438,0,42 43,1,100,,37729,2438,0,42 43,1,100,,37739,2438,0,42 43,1,100,,37730,2438,0,42 43,1,100,,37740,2438,0,42 43,1,100,,37731,2438,0,42 43,1,100,,37741,2438,0,42 43,1,100,,37732,2438,0,42 43,1
12300,'SA',615,,37743,2438,0,42 43,1,100,,37742,2438,0,42 43,1,100,,37744,2438,0,42 43,1,105,,37753,2438,0,42 43,1,99,,37745,2438,0,42 43,1,100,,37754,2438,0,42 43,1,100,,37746,2438,0,42 43,1,96,,37755,2438,0,42 43,1,100,,37747,2438,0,42 43,1,100,,37756,2438,0,42 43,1,104,,37748,2438,0,42 43,1,101,,37757,2438,0,42 43,1,99,,37749,2438,0,42 43,1,96,,37758,2438,0,42 43,1,100,,37750,2438,0,42 43,1,100,,37759,2438,0,42 43,1,100,,37751,2438,0,42 43,1,100,,37760,2438,0,42 43,1,100,,37752,2438,0,42 43,1
12300,'SE',508,,49961,2438,0,42 43,1,33,,49949,2438,0,42 43,1,15,,49984,2438,0,42 43,1,50,,49964,2438,0,42 43,1,10,,49954,2438,0,42 43,1,10,,49952,2438,0,42 43,1,11,,49967,2438,0,42 43,1,8,,49956,2438,0,42 43,1,12,,49968,2438,0,42 43,1,50,,49953,2438,0,42 43,1,21,,49970,2438,0,42 43,1,17,,49974,2438,0,42 43,1,69,,49965,2438,0,42 43,1,29,,49971,2438,0,42 43,1,69,,49951,2438,0,42 43,1,102,,49972,2438,0,42 43,1,100,,49957,2438,0,42 43,1,99,,49966,2438,0,42 43,1,101,,49958,2438,0,42 43,1,5,,49955,2438,0,42 43,1,93,,49969,2438,0,42 43,1,30,,49959,2438,0,42 43,1,70,,49976,2438,0,42 43,1,26,,49980,2438,0,42 43,1,71,,49975,2438,0,42 43,1,31,,49950,2438,0,42 43,1,71,,49960,2438,0,42 43,1,31,,49977,2438,0,42 43,1,76,,49973,2438,0,42 43,1,28,,49962,2438,0,42 43,1,70,,49981,2438,0,42 43,1,30,,49963,2438,0,42 43,1,70,,49948,2438,0,42 43,1,100,,49982,2438,0,42 43,1,100,,49978,2438,0,42 43,1,99,,49983,2438,0,42 43,1,100,,49979,2438,0,42 43,1
17000,'SE',547,,50412,5066,0,46,2,70,,50416,5066,0,46,2,31,,50413,5066,0,46,2,70,,50417,5066,0,46,2,30,,50414,5066,0,46,2,73,,50418,5066,0,46,2,28,,50415,5066,0,46,2,690,,50419,5066,0,46,2,70,,50423,5066,0,46,2,30,,50420,5066,0,46,2,70,,50424,5066,0,46,2,30,,50421,5066,0,46,2,70,,50425,5066,0,46,2,30,,50422,5066,0,46,2
