1901,'DI',539,,25993,689,,,2,100,,25994,689,,,2,100,,25995,689,,,2,100,,25996,689,,,2,104,,25997,689,,,2,100,,25998,689,,,2,100,,25999,689,,,2,100,,26000,689,,,2,100,,26001,689,,,2,100,,26002,689,,,2,100,,26003,689,,,2,100,,26004,689,,,2,100,,26005,689,,,2,100,,26006,689,,,2,100,,26007,689,,,2,100,,26008,689,,,2,100,,26009,689,,,2,100,,26010,689,,,2,100,,26011,689,,,2,100,,26012,689,,,2,100,,25992,689,,,2
1901,'F1',539,,45266,689,,,2,100,,45267,689,,,2,100,,45268,689,,,2,100,,45269,689,,,2,104,,45270,689,,,2,100,,45271,689,,,2,100,,45272,689,,,2,100,,45273,689,,,2,100,,45274,689,,,2,100,,45275,689,,,2,100,,45276,689,,,2,100,,45277,689,,,2,100,,45278,689,,,2,100,,45279,689,,,2,100,,45280,689,,,2,100,,45281,689,,,2,100,,45282,689,,,2,100,,45283,689,,,2,100,,45284,689,,,2,100,,45285,689,,,2,100,,45265,689,,,2
1901,'F2',539,,45286,689,,,2,70,,45296,689,,,2,30,,45287,689,,,2,70,,45297,689,,,2,30,,45288,689,,,2,70,,45298,689,,,2,30,,45289,689,,,2,70,,45299,689,,,2,34,,45290,689,,,2,70,,45300,689,,,2,30,,45291,689,,,2,70,,45301,689,,,2,30,,45292,689,,,2,70,,45313,689,,,2,30,,45293,689,,,2,70,,45314,689,,,2,30,,45294,689,,,2,70,,45315,689,,,2,30,,45295,689,,,2,70,,45316,689,,,2,30,,45302,689,,,2,70,,45317,689,,,2,30,,45303,689,,,2,70,,45318,689,,,2,30,,45304,689,,,2,70,,45319,689,,,2,30,,45305,689,,,2,100,,45306,689,,,2,100,,45307,689,,,2,100,,45308,689,,,2,100,,45309,689,,,2,100,,45310,689,,,2,100,,45311,689,,,2,100,,45312,689,,,2
1901,'F8',539,,26123,689,,,2,70,,26133,689,,,2,30,,26124,689,,,2,70,,26134,689,,,2,30,,26125,689,,,2,70,,26135,689,,,2,30,,26126,689,,,2,70,,26136,689,,,2,34,,26127,689,,,2,70,,26137,689,,,2,30,,26128,689,,,2,70,,26138,689,,,2,30,,26129,689,,,2,70,,26150,689,,,2,30,,26130,689,,,2,70,,26151,689,,,2,30,,26131,689,,,2,70,,26152,689,,,2,30,,26132,689,,,2,70,,26153,689,,,2,30,,26139,689,,,2,70,,26154,689,,,2,30,,26140,689,,,2,70,,26155,689,,,2,30,,26141,689,,,2,70,,26156,689,,,2,30,,26142,689,,,2,100,,26143,689,,,2,100,,26144,689,,,2,100,,26145,689,,,2,100,,26146,689,,,2,100,,26147,689,,,2,100,,26148,689,,,2,100,,26149,689,,,2
1901,'F9',539,,26158,689,,,2,100,,26159,689,,,2,100,,26160,689,,,2,100,,26161,689,,,2,104,,26162,689,,,2,100,,26163,689,,,2,100,,26164,689,,,2,100,,26165,689,,,2,100,,26166,689,,,2,100,,26167,689,,,2,100,,26168,689,,,2,100,,26169,689,,,2,100,,26170,689,,,2,100,,26171,689,,,2,100,,26172,689,,,2,100,,26173,689,,,2,100,,26174,689,,,2,100,,26175,689,,,2,100,,26176,689,,,2,100,,26177,689,,,2,100,,26157,689,,,2
1901,'SA',539,,26178,689,,,2,70,,26188,689,,,2,30,,26179,689,,,2,70,,26189,689,,,2,30,,26180,689,,,2,70,,26190,689,,,2,30,,26181,689,,,2,70,,26191,689,,,2,34,,26182,689,,,2,70,,26192,689,,,2,30,,26183,689,,,2,70,,26193,689,,,2,30,,26184,689,,,2,70,,26205,689,,,2,30,,26185,689,,,2,70,,26206,689,,,2,30,,26186,689,,,2,70,,26207,689,,,2,30,,26187,689,,,2,70,,26208,689,,,2,30,,26194,689,,,2,70,,26209,689,,,2,30,,26195,689,,,2,70,,26210,689,,,2,30,,26196,689,,,2,70,,26211,689,,,2,30,,26197,689,,,2,100,,26198,689,,,2,100,,26199,689,,,2,100,,26200,689,,,2,100,,26201,689,,,2,100,,26202,689,,,2,100,,26203,689,,,2,100,,26204,689,,,2
1901,'SE',457,,45320,689,,,2,75,,45337,689,,,2,70,,45358,689,,,2,23,,45348,689,,,2,14,,45354,689,,,2,15,,45347,689,,,2,52,,45355,689,,,2,12,,45351,689,,,2,12,,45349,689,,,2,12,,45350,689,,,2,15,,45352,689,,,2,61,,45353,689,,,2,20,,45346,689,,,2,72,,45341,689,,,2,34,,45328,689,,,2,70,,45342,689,,,2,30,,45329,689,,,2,70,,45343,689,,,2,30,,45330,689,,,2,70,,45344,689,,,2,30,,45331,689,,,2,70,,45338,689,,,2,30,,45332,689,,,2,72,,45339,689,,,2,30,,45363,689,,,2,70,,45365,689,,,2,29,,45357,689,,,2,61,,45356,689,,,2,23,,45359,689,,,2,20,,45364,689,,,2,61,,45361,689,,,2,18,,45362,689,,,2,17,,45360,689,,,2,61,,45366,689,,,2,19,,45345,689,,,2,24,,45340,689,,,2,65,,45333,689,,,2,30,,45321,689,,,2,70,,45334,689,,,2,30,,45322,689,,,2,70,,45335,689,,,2,29,,45323,689,,,2,70,,45336,689,,,2,30,,45324,689,,,2,100,,45325,689,,,2,100,,45326,689,,,2,100,,45327,689,,,2
5000,'DI',637,,31267,10986,,,2,102,,31252,10986,,,2,100,,31260,10986,,,2,100,,31258,10986,,,2,103,,31259,10986,,,2,94,,31261,10986,,,2,103,,31262,10986,,,2,103,,31263,10986,,,2,97,,31251,10986,,,2,96,,31264,10986,,,2,103,,31249,10986,,,2,106,,31248,10986,,,2,95,,31257,10986,,,2,100,,31250,10986,,,2,100,,31253,10986,,,2,100,,31255,10986,,,2,100,,31265,10986,,,2,100,,31254,10986,,,2,100,,31256,10986,,,2,100,,31266,10986,,,2
5000,'F1',637,,47379,10986,,,2,102,,47364,10986,,,2,100,,47372,10986,,,2,100,,47370,10986,,,2,103,,47371,10986,,,2,94,,47373,10986,,,2,103,,47374,10986,,,2,103,,47375,10986,,,2,97,,47363,10986,,,2,96,,47376,10986,,,2,103,,47361,10986,,,2,106,,47360,10986,,,2,95,,47369,10986,,,2,100,,47362,10986,,,2,100,,47365,10986,,,2,100,,47367,10986,,,2,100,,47377,10986,,,2,100,,47366,10986,,,2,100,,47368,10986,,,2,100,,47378,10986,,,2
5000,'F2',639,,47386,10986,,,2,98,,47385,10986,,,2,102,,47390,10986,,,2,97,,47394,10986,,,2,103,,47395,10986,,,2,96,,47399,10986,,,2,102,,47396,10986,,,2,98,,47380,10986,,,2,99,,47381,10986,,,2,103,,47382,10986,,,2,103,,47383,10986,,,2,103,,47384,10986,,,2,96,,47387,10986,,,2,100,,47398,10986,,,2,100,,47397,10986,,,2,100,,47388,10986,,,2,97,,47391,10986,,,2,103,,47392,10986,,,2,101,,47393,10986,,,2,99,,47389,10986,,,2
5000,'F8',639,,31342,10986,,,2,98,,31341,10986,,,2,102,,31346,10986,,,2,97,,31350,10986,,,2,103,,31351,10986,,,2,96,,31355,10986,,,2,102,,31352,10986,,,2,98,,31336,10986,,,2,99,,31337,10986,,,2,103,,31338,10986,,,2,103,,31339,10986,,,2,103,,31340,10986,,,2,96,,31343,10986,,,2,100,,31354,10986,,,2,100,,31353,10986,,,2,100,,31344,10986,,,2,97,,31347,10986,,,2,103,,31348,10986,,,2,101,,31349,10986,,,2,99,,31345,10986,,,2
5000,'F9',637,,31375,10986,,,2,102,,31360,10986,,,2,100,,31368,10986,,,2,100,,31366,10986,,,2,103,,31367,10986,,,2,94,,31369,10986,,,2,103,,31370,10986,,,2,103,,31371,10986,,,2,97,,31359,10986,,,2,96,,31372,10986,,,2,103,,31357,10986,,,2,106,,31356,10986,,,2,95,,31365,10986,,,2,100,,31358,10986,,,2,100,,31361,10986,,,2,100,,31363,10986,,,2,100,,31373,10986,,,2,100,,31362,10986,,,2,100,,31364,10986,,,2,100,,31374,10986,,,2
5000,'SA',639,,31382,10986,,,2,98,,31381,10986,,,2,102,,31386,10986,,,2,97,,31390,10986,,,2,103,,31391,10986,,,2,96,,31395,10986,,,2,102,,31392,10986,,,2,98,,31376,10986,,,2,99,,31377,10986,,,2,103,,31378,10986,,,2,103,,31379,10986,,,2,103,,31380,10986,,,2,96,,31383,10986,,,2,100,,31394,10986,,,2,100,,31393,10986,,,2,100,,31384,10986,,,2,97,,31387,10986,,,2,103,,31388,10986,,,2,101,,31389,10986,,,2,99,,31385,10986,,,2
5000,'SE',559,,47410,10986,,,2,70,,47422,10986,,,2,30,,47412,10986,,,2,70,,47411,10986,,,2,30,,47409,10986,,,2,70,,47423,10986,,,2,73,,47404,10986,,,2,27,,47408,10986,,,2,100,,47424,10986,,,2,100,,47400,10986,,,2,100,,47413,10986,,,2,100,,47406,10986,,,2,99,,47402,10986,,,2,102,,47414,10986,,,2,28,,47425,10986,,,2,73,,47419,10986,,,2,74,,47426,10986,,,2,26,,47405,10986,,,2,70,,47421,10986,,,2,30,,47420,10986,,,2,28,,47407,10986,,,2,70,,47417,10986,,,2,100,,47415,10986,,,2,100,,47418,10986,,,2,100,,47427,10986,,,2,100,,47416,10986,,,2,100,,47401,10986,,,2,100,,47403,10986,,,2
