3200,'DI',612,,28441,6758,0,44,1,101,,28442,6758,0,44,1,99,,28443,6758,0,44,1,102,,28444,6758,0,44,1,100,,28447,6758,0,44,1,100,,28449,6758,0,44,1,101,,28445,6758,0,44,1,101,,28451,6758,0,44,1,98,,28450,6758,0,44,1,104,,28453,6758,0,44,1,96,,28452,6758,0,44,1,100,,28455,6758,0,44,1,100,,28454,6758,0,44,1,100,,28448,6758,0,44,1,100,,28439,6758,0,44,1,100,,28456,6758,0,44,1,100,,28458,6758,0,44,1,100,,28446,6758,0,44,1,100,,28457,6758,0,44,1,99,,28440,6758,0,44,1
3200,'F1',612,,46248,6758,0,44,1,101,,46249,6758,0,44,1,99,,46250,6758,0,44,1,102,,46251,6758,0,44,1,100,,46254,6758,0,44,1,100,,46256,6758,0,44,1,101,,46252,6758,0,44,1,101,,46258,6758,0,44,1,98,,46257,6758,0,44,1,104,,46260,6758,0,44,1,96,,46259,6758,0,44,1,100,,46262,6758,0,44,1,100,,46261,6758,0,44,1,100,,46255,6758,0,44,1,100,,46246,6758,0,44,1,100,,46263,6758,0,44,1,100,,46265,6758,0,44,1,100,,46253,6758,0,44,1,100,,46264,6758,0,44,1,99,,46247,6758,0,44,1
3200,'F2',612,,46267,6758,0,44,1,101,,46268,6758,0,44,1,96,,46269,6758,0,44,1,103,,46270,6758,0,44,1,101,,46276,6758,0,44,1,101,,46271,6758,0,44,1,99,,46285,6758,0,44,1,104,,46277,6758,0,44,1,102,,46272,6758,0,44,1,97,,46273,6758,0,44,1,98,,46278,6758,0,44,1,100,,46279,6758,0,44,1,100,,46274,6758,0,44,1,100,,46281,6758,0,44,1,100,,46280,6758,0,44,1,100,,46282,6758,0,44,1,100,,46284,6758,0,44,1,100,,46283,6758,0,44,1,100,,46275,6758,0,44,1,99,,46266,6758,0,44,1
3200,'F8',612,,28526,6758,0,44,1,101,,28527,6758,0,44,1,96,,28528,6758,0,44,1,103,,28529,6758,0,44,1,101,,28535,6758,0,44,1,101,,28530,6758,0,44,1,99,,28544,6758,0,44,1,104,,28536,6758,0,44,1,102,,28531,6758,0,44,1,97,,28532,6758,0,44,1,98,,28537,6758,0,44,1,100,,28538,6758,0,44,1,100,,28533,6758,0,44,1,100,,28540,6758,0,44,1,100,,28539,6758,0,44,1,100,,28541,6758,0,44,1,100,,28543,6758,0,44,1,100,,28542,6758,0,44,1,100,,28534,6758,0,44,1,99,,28525,6758,0,44,1
3200,'F9',612,,28547,6758,0,44,1,101,,28548,6758,0,44,1,99,,28549,6758,0,44,1,102,,28550,6758,0,44,1,100,,28553,6758,0,44,1,100,,28555,6758,0,44,1,101,,28551,6758,0,44,1,101,,28557,6758,0,44,1,98,,28556,6758,0,44,1,104,,28559,6758,0,44,1,96,,28558,6758,0,44,1,100,,28561,6758,0,44,1,100,,28560,6758,0,44,1,100,,28554,6758,0,44,1,100,,28545,6758,0,44,1,100,,28562,6758,0,44,1,100,,28564,6758,0,44,1,100,,28552,6758,0,44,1,100,,28563,6758,0,44,1,99,,28546,6758,0,44,1
3200,'SA',612,,28566,6758,0,44,1,101,,28567,6758,0,44,1,96,,28568,6758,0,44,1,103,,28569,6758,0,44,1,101,,28575,6758,0,44,1,101,,28570,6758,0,44,1,99,,28584,6758,0,44,1,104,,28576,6758,0,44,1,102,,28571,6758,0,44,1,97,,28572,6758,0,44,1,98,,28577,6758,0,44,1,100,,28578,6758,0,44,1,100,,28573,6758,0,44,1,100,,28580,6758,0,44,1,100,,28579,6758,0,44,1,100,,28581,6758,0,44,1,100,,28583,6758,0,44,1,100,,28582,6758,0,44,1,100,,28574,6758,0,44,1,99,,28565,6758,0,44,1
3200,'SE',624,,46301,6758,,,1,32,,46302,6758,,,1,64,,46311,6758,,,1,32,,46304,6758,,,1,76,,46310,6758,,,1,19,,46288,6758,0,44,1,96,,46290,6758,0,44,1,100,,46292,6758,0,44,1,100,,46286,6758,0,44,1,100,,46299,6758,0,44,1,100,,46287,6758,0,44,1,104,,46291,6758,0,44,1,106,,46309,6758,,,1,68,,46306,6758,,,1,30,,46300,6758,,,1,70,,46308,6758,,,1,25,,46305,6758,,,1,74,,46307,6758,,,1,25,,46303,6758,,,1,73,,46293,6758,0,44,1,30,,46297,6758,0,44,1,100,,46296,6758,0,44,1,99,,46298,6758,0,44,1,100,,46289,6758,0,44,1,99,,46294,6758,0,44,1,101,,46295,6758,0,44,1
13200,'DI',841,,38037,5435,0,21 45,1,100,,38042,5435,0,21 45,1,100,,38038,5435,0,21 45,1,100,,38040,5435,0,21 45,1,100,,38043,5435,0,21 45,1,100,,38046,5435,0,21 45,1,100,,38044,5435,0,21 45,1,105,,38048,5435,0,21 45,1,95,,38047,5435,0,21 45,1,100,,38045,5435,0,21 45,1,102,,38049,5435,0,21 45,1,98,,38050,5435,0,21 45,1,100,,38041,5435,0,21 45,1,100,,38036,5435,0,21 45,1,100,,38051,5435,0,21 45,1,100,,38053,5435,0,21 45,1,100,,38039,5435,0,21 45,1,100,,38052,5435,0,21 45,1
13200,'F1',841,,50085,5435,0,21 45,1,100,,50090,5435,0,21 45,1,100,,50086,5435,0,21 45,1,100,,50088,5435,0,21 45,1,100,,50091,5435,0,21 45,1,100,,50094,5435,0,21 45,1,100,,50092,5435,0,21 45,1,105,,50096,5435,0,21 45,1,95,,50095,5435,0,21 45,1,100,,50093,5435,0,21 45,1,102,,50097,5435,0,21 45,1,98,,50098,5435,0,21 45,1,100,,50089,5435,0,21 45,1,100,,50084,5435,0,21 45,1,100,,50099,5435,0,21 45,1,100,,50101,5435,0,21 45,1,100,,50087,5435,0,21 45,1,100,,50100,5435,0,21 45,1
13200,'F2',741,,50120,5435,0,21 45,1,100,,50107,5435,0,21 45,1,100,,50102,5435,0,21 45,1,103,,50103,5435,0,21 45,1,97,,50108,5435,0,21 45,1,104,,50104,5435,0,21 45,1,96,,50119,5435,0,21 45,1,104,,50109,5435,0,21 45,1,96,,50111,5435,0,21 45,1,100,,50105,5435,0,21 45,1,100,,50110,5435,0,21 45,1,102,,50112,5435,0,21 45,1,98,,50114,5435,0,21 45,1,100,,50113,5435,0,21 45,1,100,,50116,5435,0,21 45,1,100,,50115,5435,0,21 45,1,100,,50118,5435,0,21 45,1,100,,50117,5435,0,21 45,1,100,,50106,5435,0,21 45,1
13200,'F8',741,,38135,5435,0,21 45,1,100,,38122,5435,0,21 45,1,100,,38117,5435,0,21 45,1,103,,38118,5435,0,21 45,1,97,,38123,5435,0,21 45,1,104,,38119,5435,0,21 45,1,96,,38134,5435,0,21 45,1,104,,38124,5435,0,21 45,1,96,,38126,5435,0,21 45,1,100,,38120,5435,0,21 45,1,100,,38125,5435,0,21 45,1,102,,38127,5435,0,21 45,1,98,,38129,5435,0,21 45,1,100,,38128,5435,0,21 45,1,100,,38131,5435,0,21 45,1,100,,38130,5435,0,21 45,1,100,,38133,5435,0,21 45,1,100,,38132,5435,0,21 45,1,100,,38121,5435,0,21 45,1
13200,'F9',841,,38137,5435,0,21 45,1,100,,38142,5435,0,21 45,1,100,,38138,5435,0,21 45,1,100,,38140,5435,0,21 45,1,100,,38143,5435,0,21 45,1,100,,38146,5435,0,21 45,1,100,,38144,5435,0,21 45,1,105,,38148,5435,0,21 45,1,95,,38147,5435,0,21 45,1,100,,38145,5435,0,21 45,1,102,,38149,5435,0,21 45,1,98,,38150,5435,0,21 45,1,100,,38141,5435,0,21 45,1,100,,38136,5435,0,21 45,1,100,,38151,5435,0,21 45,1,100,,38153,5435,0,21 45,1,100,,38139,5435,0,21 45,1,100,,38152,5435,0,21 45,1
13200,'SA',741,,38172,5435,0,21 45,1,100,,38159,5435,0,21 45,1,100,,38154,5435,0,21 45,1,103,,38155,5435,0,21 45,1,97,,38160,5435,0,21 45,1,104,,38156,5435,0,21 45,1,96,,38171,5435,0,21 45,1,104,,38161,5435,0,21 45,1,96,,38163,5435,0,21 45,1,100,,38157,5435,0,21 45,1,100,,38162,5435,0,21 45,1,102,,38164,5435,0,21 45,1,98,,38166,5435,0,21 45,1,100,,38165,5435,0,21 45,1,100,,38168,5435,0,21 45,1,100,,38167,5435,0,21 45,1,100,,38170,5435,0,21 45,1,100,,38169,5435,0,21 45,1,100,,38158,5435,0,21 45,1
13200,'SE',649,,50121,5435,0,21 45,1,63,,50133,5435,0,21 45,1,20,,50132,5435,0,21 45,1,22,,50130,5435,0,21 45,1,58,,50122,5435,0,21 45,1,22,,50134,5435,0,21 45,1,80,,50131,5435,0,21 45,1,96,,50127,5435,0,21 45,1,99,,50140,5435,0,21 45,1,96,,50125,5435,0,21 45,1,100,,50141,5435,0,21 45,1,108,,50144,5435,0,21 45,1,95,,50123,5435,0,21 45,1,24,,50135,5435,0,21 45,1,20,,50137,5435,0,21 45,1,60,,50129,5435,0,21 45,1,22,,50124,5435,0,21 45,1,20,,50136,5435,0,21 45,1,60,,50142,5435,0,21 45,1,20,,50128,5435,0,21 45,1,21,,50126,5435,0,21 45,1,59,,50139,5435,0,21 45,1,19,,50143,5435,0,21 45,1,19,,50138,5435,0,21 45,1
