801,'DI',549,,23101,12702,,,1,70,,2745,12702,,,1,30,,2752,12702,,,1,70,,23108,12702,,,1,30,,23102,12702,,,1,72,,2746,12702,,,1,30,,2753,12702,,,1,70,,23109,12702,,,1,28,,23103,12702,,,1,70,,2747,12702,,,1,30,,2754,12702,,,1,69,,23110,12702,,,1,30,,23104,12702,,,1,70,,2748,12702,,,1,30,,2755,12702,,,1,70,,23111,12702,,,1,31,,2741,12702,,,1,70,,2749,12702,,,1,31,,2756,12702,,,1,70,,23112,12702,,,1,29,,23106,12702,,,1,70,,2750,12702,,,1,30,,23115,12702,,,1,70,,23113,12702,,,1,19,,23105,12702,,,1,14,,23107,12702,,,1,70,,2751,12702,,,1,28,,23116,12702,,,1,70,,23114,12702,,,1,85,,2742,12702,,,1,100,,23117,12702,,,1,100,,2743,12702,,,1,99,,23118,12702,,,1,100,,2744,12702,,,1,99,,23119,12702,,,1
801,'F8',549,,23268,12702,,,1,70,,23280,12702,,,1,30,,23283,12702,,,1,70,,23286,12702,,,1,30,,23269,12702,,,1,72,,23281,12702,,,1,30,,23284,12702,,,1,70,,23287,12702,,,1,27,,23270,12702,,,1,69,,23282,12702,,,1,30,,23285,12702,,,1,70,,23288,12702,,,1,31,,23271,12702,,,1,70,,23276,12702,,,1,31,,23293,12702,,,1,70,,23289,12702,,,1,31,,23272,12702,,,1,70,,23277,12702,,,1,30,,23294,12702,,,1,70,,23290,12702,,,1,30,,23297,12702,,,1,70,,23278,12702,,,1,30,,23295,12702,,,1,70,,23291,12702,,,1,25,,23264,12702,,,1,10,,23298,12702,,,1,60,,23279,12702,,,1,30,,23296,12702,,,1,70,,23292,12702,,,1,90,,23265,12702,,,1,100,,23273,12702,,,1,100,,23266,12702,,,1,98,,23274,12702,,,1,100,,23267,12702,,,1,100,,23275,12702,,,1
801,'F9',549,,23299,12702,,,1,70,,23307,12702,,,1,30,,23314,12702,,,1,70,,23322,12702,,,1,30,,23300,12702,,,1,72,,23308,12702,,,1,30,,23315,12702,,,1,70,,23323,12702,,,1,28,,23301,12702,,,1,70,,23309,12702,,,1,30,,23316,12702,,,1,69,,23324,12702,,,1,30,,23302,12702,,,1,70,,23310,12702,,,1,30,,23317,12702,,,1,70,,23325,12702,,,1,31,,23303,12702,,,1,70,,23311,12702,,,1,31,,23318,12702,,,1,70,,23326,12702,,,1,29,,23320,12702,,,1,70,,23312,12702,,,1,30,,23329,12702,,,1,70,,23327,12702,,,1,19,,23319,12702,,,1,14,,23321,12702,,,1,70,,23313,12702,,,1,28,,23330,12702,,,1,70,,23328,12702,,,1,85,,23304,12702,,,1,100,,23331,12702,,,1,100,,23305,12702,,,1,99,,23332,12702,,,1,100,,23306,12702,,,1,99,,23333,12702,,,1
801,'SA',549,,23338,12702,,,1,70,,23350,12702,,,1,30,,23353,12702,,,1,70,,23356,12702,,,1,30,,23339,12702,,,1,72,,23351,12702,,,1,30,,23354,12702,,,1,70,,23357,12702,,,1,27,,23340,12702,,,1,69,,23352,12702,,,1,30,,23355,12702,,,1,70,,23358,12702,,,1,31,,23341,12702,,,1,70,,23346,12702,,,1,31,,23363,12702,,,1,70,,23359,12702,,,1,31,,23342,12702,,,1,70,,23347,12702,,,1,30,,23364,12702,,,1,70,,23360,12702,,,1,30,,2977,12702,,,1,70,,23348,12702,,,1,30,,23365,12702,,,1,70,,23361,12702,,,1,25,,23334,12702,,,1,10,,2978,12702,,,1,60,,23349,12702,,,1,30,,23366,12702,,,1,70,,23362,12702,,,1,90,,23335,12702,,,1,100,,23343,12702,,,1,100,,23336,12702,,,1,98,,23344,12702,,,1,100,,23337,12702,,,1,100,,23345,12702,,,1
801,'SE',515,,23393,12702,,,1,33,,23367,12702,,,1,67,,23401,12702,,,1,21,,23403,12702,,,1,5,,23400,12702,,,1,15,,23435,12702,,,1,45,,23410,12702,,,1,11,,23413,12702,,,1,3,,23415,12702,,,1,6,,23372,12702,,,1,2,,23428,12702,,,1,6,,23376,12702,,,1,3,,23436,12702,,,1,4,,23434,12702,,,1,3,,23437,12702,,,1,3,,23383,12702,,,1,9,,23368,12702,,,1,7,,23440,12702,,,1,44,,23395,12702,,,1,8,,23385,12702,,,1,12,,23402,12702,,,1,18,,23404,12702,,,1,18,,23394,12702,,,1,53,,23371,12702,,,1,15,,23373,12702,,,1,15,,23377,12702,,,1,15,,23369,12702,,,1,57,,23386,12702,,,1,15,,23382,12702,,,1,14,,23405,12702,,,1,15,,23379,12702,,,1,56,,23430,12702,,,1,15,,23374,12702,,,1,15,,23378,12702,,,1,15,,23370,12702,,,1,55,,23384,12702,,,1,15,,23387,12702,,,1,16,,23414,12702,,,1,15,,23406,12702,,,1,55,,23416,12702,,,1,15,,23389,12702,,,1,15,,23433,12702,,,1,15,,23439,12702,,,1,55,,23431,12702,,,1,15,,23421,12702,,,1,18,,23419,12702,,,1,55,,23396,12702,,,1,13,,23438,12702,,,1,21,,23380,12702,,,1,11,,23417,12702,,,1,10,,23375,12702,,,1,54,,23432,12702,,,1,16,,23420,12702,,,1,17,,23429,12702,,,1,15,,23388,12702,,,1,52,,23424,12702,,,1,16,,23423,12702,,,1,15,,23407,12702,,,1,15,,23381,12702,,,1,54,,23418,12702,,,1,21,,23422,12702,,,1,22,,23399,12702,,,1,67,,23425,12702,,,1,28,,23411,12702,,,1,71,,23397,12702,,,1,29,,23426,12702,,,1,73,,23408,12702,,,1,27,,23412,12702,,,1,52,,23390,12702,,,1,20,,23398,12702,,,1,29,,23427,12702,,,1,60,,23409,12702,,,1,92,,23391,12702,,,1,100,,23392,12702,,,1
2801,'DI',937,,27810,6378,,,1,100,,27815,6378,,,1,100,,27813,6378,,,1,101,,27811,6378,,,1,100,,27812,6378,,,1,100,,27816,6378,,,1,98,,27819,6378,,,1,99,,27818,6378,,,1,96,,27817,6378,,,1,105,,27814,6378,,,1
2801,'F8',937,,27885,6378,,,1,100,,27880,6378,,,1,100,,27878,6378,,,1,101,,27882,6378,,,1,100,,27881,6378,,,1,100,,27883,6378,,,1,98,,27879,6378,,,1,96,,27887,6378,,,1,99,,27886,6378,,,1,105,,27884,6378,,,1
2801,'F9',937,,27888,6378,,,1,100,,27893,6378,,,1,100,,27891,6378,,,1,101,,27889,6378,,,1,100,,27890,6378,,,1,100,,27894,6378,,,1,98,,27897,6378,,,1,99,,27896,6378,,,1,96,,27895,6378,,,1,105,,27892,6378,,,1
2801,'SA',937,,27904,6378,,,1,100,,27900,6378,,,1,100,,27898,6378,,,1,101,,27901,6378,,,1,100,,7052,6378,,,1,100,,27902,6378,,,1,98,,27899,6378,,,1,96,,27906,6378,,,1,99,,27905,6378,,,1,105,,27903,6378,,,1
2801,'SE',646,,27922,6378,,,1,63,,27940,8088,,,1,18,,27929,6378,,,1,21,,27938,8088,,,1,67,,27941,8088,,,1,21,,27920,6378,,,1,20,,27939,8088,,,1,64,,27911,6378,,,1,29,,27923,6378,,,1,70,,27907,6378,,,1,30,,27921,6378,,,1,70,,27924,6378,,,1,30,,27908,6378,,,1,70,,27930,6378,,,1,30,,27925,6378,,,1,70,,27909,6378,,,1,30,,27931,6378,,,1,71,,27926,6378,,,1,30,,27910,6378,,,1,61,,27932,6378,,,1,12,,27912,6378,,,1,17,,27914,6378,,,1,10,,27942,8088,,,1,57,,27936,6378,,,1,13,,27934,6378,,,1,15,,27917,6378,,,1,18,,27944,8088,,,1,53,,27913,6378,,,1,16,,27915,6378,,,1,13,,27943,8088,,,1,18,,27935,6378,,,1,54,,27927,6378,,,1,22,,27933,6378,,,1,21,,27937,6378,,,1,63,,27919,6378,,,1,100,,27916,6378,,,1,100,,27928,6378,,,1,100,,27918,6378,,,1
8801,'DI',636,,36910,11974,,,1,70,,36915,11974,,,1,30,,36921,11974,,,1,70,,36931,11974,,,1,30,,36911,11974,,,1,70,,36916,11974,,,1,30,,36922,11974,,,1,68,,36932,11974,,,1,29,,36912,11974,,,1,70,,36917,11974,,,1,30,,36923,11974,,,1,70,,36933,11974,,,1,30,,36913,11974,,,1,70,,36918,11974,,,1,30,,36924,11974,,,1,71,,36934,11974,,,1,30,,36914,11974,,,1,71,,36919,11974,,,1,30,,36925,11974,,,1,69,,15257,11974,,,1,30,,36926,11974,,,1,70,,36920,11974,,,1,30,,36935,11974,,,1,73,,15258,11974,,,1,22,,36927,11974,,,1,106,,36936,11974,,,1,100,,36928,11974,,,1,100,,36937,11974,,,1,100,,36929,11974,,,1,100,,36938,11974,,,1,99,,36930,11974,,,1
8801,'F8',634,,37048,11974,,,1,70,,37047,11974,,,1,30,,37069,11974,,,1,69,,37060,11974,,,1,30,,37049,11974,,,1,70,,37073,11974,,,1,32,,37070,11974,,,1,67,,37061,11974,,,1,30,,37053,11974,,,1,69,,37074,11974,,,1,30,,37071,11974,,,1,71,,37062,11974,,,1,30,,37054,11974,,,1,71,,37066,11974,,,1,28,,37050,11974,,,1,71,,37063,11974,,,1,30,,37055,11974,,,1,70,,37067,11974,,,1,30,,37051,11974,,,1,70,,37045,11974,,,1,30,,37056,11974,,,1,71,,37068,11974,,,1,28,,37052,11974,,,1,72,,37046,11974,,,1,21,,37075,11974,,,1,109,,37064,11974,,,1,100,,37057,11974,,,1,100,,37065,11974,,,1,100,,37058,11974,,,1,97,,37072,11974,,,1,100,,37059,11974,,,1
8801,'F9',636,,37078,11974,,,1,70,,37083,11974,,,1,30,,37089,11974,,,1,70,,37099,11974,,,1,30,,37079,11974,,,1,70,,37084,11974,,,1,30,,37090,11974,,,1,68,,37100,11974,,,1,29,,37080,11974,,,1,70,,37085,11974,,,1,30,,37091,11974,,,1,70,,37101,11974,,,1,30,,37081,11974,,,1,70,,37086,11974,,,1,30,,37092,11974,,,1,71,,37102,11974,,,1,30,,37082,11974,,,1,71,,37087,11974,,,1,30,,37093,11974,,,1,69,,37076,11974,,,1,30,,37094,11974,,,1,70,,37088,11974,,,1,30,,37103,11974,,,1,73,,37077,11974,,,1,22,,37095,11974,,,1,106,,37104,11974,,,1,100,,37096,11974,,,1,100,,37105,11974,,,1,100,,37097,11974,,,1,100,,37106,11974,,,1,99,,37098,11974,,,1
8801,'SA',634,,37110,11974,,,1,70,,37109,11974,,,1,30,,37131,11974,,,1,69,,37122,11974,,,1,30,,37111,11974,,,1,70,,37134,11974,,,1,32,,37132,11974,,,1,67,,37123,11974,,,1,30,,37115,11974,,,1,69,,37135,11974,,,1,30,,37133,11974,,,1,71,,37124,11974,,,1,30,,37116,11974,,,1,71,,37128,11974,,,1,28,,37112,11974,,,1,71,,37125,11974,,,1,30,,37117,11974,,,1,70,,37129,11974,,,1,30,,37113,11974,,,1,70,,37107,11974,,,1,30,,37118,11974,,,1,71,,37130,11974,,,1,28,,37114,11974,,,1,72,,37108,11974,,,1,21,,37136,11974,,,1,109,,37126,11974,,,1,100,,37119,11974,,,1,100,,37127,11974,,,1,100,,37120,11974,,,1,97,,15458,11974,,,1,100,,37121,11974,,,1
8801,'SE',631,,37137,11974,,,1,20,,37149,11974,,,1,55,,37139,11974,,,1,12,,15479,11974,,,1,7,,37141,11974,,,1,20,,37151,11974,,,1,9,,37146,11974,,,1,52,,37153,11974,,,1,12,,37143,11974,,,1,10,,37148,11974,,,1,19,,37178,11974,,,1,58,,37179,11974,,,1,30,,37180,11974,,,1,70,,37152,11974,,,1,30,,37167,11974,,,1,70,,37150,11974,,,1,30,,37147,11974,,,1,70,,37165,11974,,,1,30,,37168,11974,,,1,70,,37142,11974,,,1,30,,37140,11974,,,1,70,,37169,11974,,,1,33,,37144,11974,,,1,69,,37166,11974,,,1,9,,15486,11974,,,1,2,,15491,11974,,,1,2,,37159,11974,,,1,7,,37138,11974,,,1,19,,37160,11974,,,1,58,,37172,11974,,,1,12,,37170,11974,,,1,15,,37173,11974,,,1,19,,37175,11974,,,1,52,,37145,11974,,,1,15,,37154,11974,,,1,14,,37181,11974,,,1,16,,37158,11974,,,1,54,,37161,11974,,,1,17,,37162,11974,,,1,18,,37155,11974,,,1,67,,37176,11974,,,1,32,,37174,11974,,,1,70,,15492,11974,,,1,29,,37156,11974,,,1,70,,37177,11974,,,1,30,,37171,11974,,,1,101,,37157,11974,,,1,98,,37164,11974,,,1,100,,37163,11974,,,1
60801,'SE',1513,,40763,7569,,,2,2,,40764,7569,,,2
