4401,'DI',626,,30200,1769,,,2,101,,30205,1769,,,2,103,,30195,1769,,,2,101,,30198,1769,,,2,96,,30192,1769,,,2,100,,30206,1769,,,2,100,,30193,1769,,,2,100,,30207,1769,,,2,100,,30201,1769,,,2,98,,30208,1769,,,2,104,,30202,1769,,,2,99,,30196,1769,,,2,102,,30194,1769,,,2,97,,30199,1769,,,2,100,,30197,1769,,,2,101,,30203,1769,,,2,99,,30209,1769,,,2,101,,30204,1769,,,2,100,,30210,1769,,,2
4401,'F1',626,,46953,1769,,,2,101,,46958,1769,,,2,103,,46948,1769,,,2,101,,46951,1769,,,2,96,,46945,1769,,,2,100,,46959,1769,,,2,100,,46946,1769,,,2,100,,46960,1769,,,2,100,,46954,1769,,,2,98,,46961,1769,,,2,104,,46955,1769,,,2,99,,46949,1769,,,2,102,,46947,1769,,,2,97,,46952,1769,,,2,100,,46950,1769,,,2,101,,46956,1769,,,2,99,,46962,1769,,,2,101,,46957,1769,,,2,100,,46963,1769,,,2
4401,'F2',626,,46964,1769,,,2,103,,46966,1769,,,2,98,,46971,1769,,,2,100,,46967,1769,,,2,100,,46972,1769,,,2,100,,46968,1769,,,2,100,,46973,1769,,,2,105,,46969,1769,,,2,100,,46974,1769,,,2,95,,46970,1769,,,2,105,,46975,1769,,,2,100,,46979,1769,,,2,101,,46978,1769,,,2,94,,46976,1769,,,2,100,,46965,1769,,,2,101,,46977,1769,,,2,100,,46982,1769,,,2,98,,46980,1769,,,2,103,,46981,1769,,,2
4401,'F8',626,,30286,1769,,,2,103,,30288,1769,,,2,98,,30293,1769,,,2,100,,30289,1769,,,2,100,,30294,1769,,,2,100,,30290,1769,,,2,100,,30295,1769,,,2,105,,30291,1769,,,2,100,,30296,1769,,,2,95,,30292,1769,,,2,105,,30297,1769,,,2,100,,30301,1769,,,2,101,,30300,1769,,,2,94,,30298,1769,,,2,100,,30287,1769,,,2,101,,30299,1769,,,2,100,,30304,1769,,,2,98,,30302,1769,,,2,103,,30303,1769,,,2
4401,'F9',626,,30313,1769,,,2,101,,30318,1769,,,2,103,,30308,1769,,,2,101,,30311,1769,,,2,96,,30305,1769,,,2,100,,30319,1769,,,2,100,,30306,1769,,,2,100,,30320,1769,,,2,100,,30314,1769,,,2,98,,30321,1769,,,2,104,,30315,1769,,,2,99,,30309,1769,,,2,102,,30307,1769,,,2,97,,30312,1769,,,2,100,,30310,1769,,,2,101,,30316,1769,,,2,99,,30322,1769,,,2,101,,30317,1769,,,2,100,,30323,1769,,,2
4401,'SA',626,,30324,1769,,,2,103,,30326,1769,,,2,98,,30331,1769,,,2,100,,30327,1769,,,2,100,,30332,1769,,,2,100,,30328,1769,,,2,100,,30333,1769,,,2,105,,30329,1769,,,2,100,,30334,1769,,,2,95,,30330,1769,,,2,105,,30335,1769,,,2,100,,30339,1769,,,2,101,,30338,1769,,,2,94,,30336,1769,,,2,100,,30325,1769,,,2,101,,30337,1769,,,2,100,,30342,1769,,,2,98,,30340,1769,,,2,103,,30341,1769,,,2
4401,'SE',606,,46990,1769,,,2,20,,47001,1769,,,2,20,,46991,1769,,,2,61,,47002,1769,,,2,15,,46992,1769,,,2,15,,47013,1769,,,2,15,,46985,1769,,,2,55,,46989,1769,,,2,15,,46984,1769,,,2,14,,46993,1769,,,2,90,,47014,1769,,,2,100,,47000,1769,,,2,100,,47015,1769,,,2,101,,46983,1769,,,2,100,,47006,1769,,,2,100,,46994,1769,,,2,100,,47012,1769,,,2,30,,46995,1769,,,2,60,,46997,1769,,,2,15,,46996,1769,,,2,15,,46988,1769,,,2,55,,46998,1769,,,2,15,,47004,1769,,,2,20,,46999,1769,,,2,19,,47009,1769,,,2,60,,47003,1769,,,2,20,,47010,1769,,,2,90,,47005,1769,,,2,100,,47011,1769,,,2,100,,47007,1769,,,2,100,,46986,1769,,,2,100,,47016,1769,,,2,100,,47008,1769,,,2,100,,46987,1769,,,2
4701,'DI',653,,30682,3492,,,1,100,,30668,3492,,,1,100,,30670,3492,,,1,100,,30686,3492,,,1,100,,30669,3492,,,1,100,,30674,3492,,,1,100,,30683,3492,,,1,100,,30671,3492,,,1,104,,30672,3492,,,1,91,,30677,3492,,,1,108,,30678,3492,,,1,102,,30673,3492,,,1,95,,30679,3492,,,1,96,,30675,3492,,,1,100,,30680,3492,,,1,99,,30684,3492,,,1,100,,30676,3492,,,1,100,,30681,3492,,,1,100,,30685,3492,,,1
4701,'F1',653,,47156,3492,,,1,100,,47142,3492,,,1,100,,47144,3492,,,1,100,,47160,3492,,,1,100,,47143,3492,,,1,100,,47148,3492,,,1,100,,47157,3492,,,1,100,,47145,3492,,,1,104,,47146,3492,,,1,91,,47151,3492,,,1,108,,47152,3492,,,1,102,,47147,3492,,,1,95,,47153,3492,,,1,96,,47149,3492,,,1,100,,47154,3492,,,1,99,,47158,3492,,,1,100,,47150,3492,,,1,100,,47155,3492,,,1,100,,47159,3492,,,1
4701,'F2',653,,47177,3492,,,1,103,,47164,3492,,,1,101,,47161,3492,,,1,96,,47168,3492,,,1,96,,47162,3492,,,1,104,,47169,3492,,,1,100,,47165,3492,,,1,100,,47170,3492,,,1,95,,47163,3492,,,1,104,,47166,3492,,,1,100,,47171,3492,,,1,101,,47167,3492,,,1,100,,47172,3492,,,1,96,,47175,3492,,,1,100,,47173,3492,,,1,99,,47174,3492,,,1,100,,47176,3492,,,1,100,,47178,3492,,,1,100,,47179,3492,,,1,100,,47180,3492,,,1
4701,'F8',653,,30784,3492,,,1,103,,30771,3492,,,1,101,,30768,3492,,,1,96,,30775,3492,,,1,96,,30769,3492,,,1,104,,30776,3492,,,1,100,,30772,3492,,,1,100,,30777,3492,,,1,95,,30770,3492,,,1,104,,30773,3492,,,1,100,,30778,3492,,,1,101,,30774,3492,,,1,100,,30779,3492,,,1,96,,30782,3492,,,1,100,,30780,3492,,,1,99,,30781,3492,,,1,100,,30783,3492,,,1,100,,30785,3492,,,1,100,,30786,3492,,,1,100,,30787,3492,,,1
4701,'F9',653,,30802,3492,,,1,100,,30788,3492,,,1,100,,30790,3492,,,1,100,,30806,3492,,,1,100,,30789,3492,,,1,100,,30794,3492,,,1,100,,30803,3492,,,1,100,,30791,3492,,,1,104,,30792,3492,,,1,91,,30797,3492,,,1,108,,30798,3492,,,1,102,,30793,3492,,,1,95,,30799,3492,,,1,96,,30795,3492,,,1,100,,30800,3492,,,1,99,,30804,3492,,,1,100,,30796,3492,,,1,100,,30801,3492,,,1,100,,30805,3492,,,1
4701,'SA',653,,30823,3492,,,1,103,,30810,3492,,,1,101,,30807,3492,,,1,96,,30814,3492,,,1,96,,30808,3492,,,1,104,,30815,3492,,,1,100,,30811,3492,,,1,100,,30816,3492,,,1,95,,30809,3492,,,1,104,,30812,3492,,,1,100,,30817,3492,,,1,101,,30813,3492,,,1,100,,30818,3492,,,1,96,,30821,3492,,,1,100,,30819,3492,,,1,99,,30820,3492,,,1,100,,30822,3492,,,1,100,,30824,3492,,,1,100,,30825,3492,,,1,100,,30826,3492,,,1
4701,'SE',612,,47192,3492,,,1,30,,47184,3492,,,1,60,,47196,3492,,,1,15,,47197,3492,,,1,15,,47199,3492,,,1,15,,47218,3492,,,1,55,,47206,3492,,,1,15,,47217,3492,,,1,18,,47203,3492,,,1,20,,47216,3492,,,1,60,,47198,3492,,,1,20,,47207,3492,,,1,70,,47195,3492,,,1,30,,47200,3492,,,1,70,,47215,3492,,,1,30,,47201,3492,,,1,70,,47204,3492,,,1,30,,47212,3492,,,1,70,,47186,3492,,,1,30,,47193,3492,,,1,70,,47220,3492,,,1,30,,47210,3492,,,1,70,,47187,3492,,,1,31,,47185,3492,,,1,71,,47194,3492,,,1,33,,47190,3492,,,1,72,,47213,3492,,,1,18,,47205,3492,,,1,27,,47191,3492,,,1,70,,47214,3492,,,1,30,,47183,3492,,,1,72,,47188,3492,,,1,23,,47211,3492,,,1,70,,47202,3492,,,1,30,,47189,3492,,,1,69,,47219,3492,,,1,30,,47208,3492,,,1,70,,47221,3492,,,1,100,,47209,3492,,,1,100,,47181,3492,,,1,100,,47182,3492,,,1
