601,'DI',620,,22527,7470,,,1,30,,22533,7470,,,1,70,,22545,7470,,,1,30,,22540,7470,,,1,70,,22536,7470,,,1,30,,22534,7470,,,1,70,,22519,7470,,,1,30,,22523,7470,,,1,74,,22537,7470,,,1,30,,22531,7470,,,1,70,,22520,7470,,,1,30,,2206,7470,,,1,70,,2212,7470,,,1,33,,22521,7470,,,1,70,,22524,7470,,,1,30,,22530,7470,,,1,70,,22522,7470,,,1,30,,22532,7470,,,1,70,,22528,7470,,,1,30,,22525,7470,,,1,70,,22538,7470,,,1,30,,22546,7470,,,1,70,,22541,7470,,,1,28,,22539,7470,,,1,70,,22547,7470,,,1,30,,22542,7470,,,1,100,,22529,7470,,,1,100,,22544,7470,,,1,100,,22535,7470,,,1,100,,22526,7470,,,1,100,,22518,7470,,,1,100,,22543,7470,,,1
601,'F8',620,,22662,7470,,,1,30,,22658,7470,,,1,70,,22678,7470,,,1,30,,22667,7470,,,1,70,,22663,7470,,,1,30,,22659,7470,,,1,74,,22664,7470,,,1,26,,22668,7470,,,1,76,,22677,7470,,,1,23,,22665,7470,,,1,75,,22674,7470,,,1,26,,22660,7470,,,1,70,,22653,7470,,,1,38,,22661,7470,,,1,70,,22654,7470,,,1,29,,22647,7470,,,1,70,,22669,7470,,,1,30,,22655,7470,,,1,70,,22648,7470,,,1,30,,22670,7470,,,1,70,,22656,7470,,,1,30,,22649,7470,,,1,70,,22671,7470,,,1,28,,22657,7470,,,1,70,,22650,7470,,,1,30,,22672,7470,,,1,100,,22675,7470,,,1,100,,22666,7470,,,1,100,,22651,7470,,,1,100,,22652,7470,,,1,100,,22676,7470,,,1,100,,22673,7470,,,1
601,'F9',620,,22689,7470,,,1,30,,22696,7470,,,1,70,,22708,7470,,,1,30,,22703,7470,,,1,70,,22699,7470,,,1,30,,22697,7470,,,1,70,,22680,7470,,,1,30,,22684,7470,,,1,74,,22700,7470,,,1,30,,22694,7470,,,1,70,,22681,7470,,,1,30,,22685,7470,,,1,70,,22690,7470,,,1,33,,22682,7470,,,1,70,,22686,7470,,,1,30,,22693,7470,,,1,70,,22683,7470,,,1,30,,22695,7470,,,1,70,,22691,7470,,,1,30,,22687,7470,,,1,70,,22701,7470,,,1,30,,22709,7470,,,1,70,,22704,7470,,,1,28,,22702,7470,,,1,70,,22710,7470,,,1,30,,22705,7470,,,1,100,,22692,7470,,,1,100,,22707,7470,,,1,100,,22698,7470,,,1,100,,22688,7470,,,1,100,,22679,7470,,,1,100,,22706,7470,,,1
601,'SA',620,,22726,7470,,,1,30,,22722,7470,,,1,70,,22742,7470,,,1,30,,22731,7470,,,1,70,,22727,7470,,,1,30,,22723,7470,,,1,74,,22728,7470,,,1,26,,22732,7470,,,1,76,,22741,7470,,,1,23,,22729,7470,,,1,75,,22738,7470,,,1,26,,22724,7470,,,1,70,,22717,7470,,,1,38,,22725,7470,,,1,70,,22718,7470,,,1,29,,22711,7470,,,1,70,,22733,7470,,,1,30,,22719,7470,,,1,70,,22712,7470,,,1,30,,22734,7470,,,1,70,,22720,7470,,,1,30,,22713,7470,,,1,70,,22735,7470,,,1,28,,22721,7470,,,1,70,,22714,7470,,,1,30,,22736,7470,,,1,100,,22739,7470,,,1,100,,22730,7470,,,1,100,,22715,7470,,,1,100,,22716,7470,,,1,100,,22740,7470,,,1,100,,22737,7470,,,1
601,'SE',534,,22760,7470,,,1,70,,22752,7470,,,1,32,,22761,7470,,,1,71,,22744,7470,,,1,25,,22764,7470,,,1,77,,22771,7470,,,1,29,,22767,7470,,,1,72,,22765,7470,,,1,28,,22766,7470,,,1,70,,22759,7470,,,1,30,,22745,7470,,,1,70,,22754,7470,,,1,30,,22778,7470,,,1,70,,22769,7470,,,1,30,,22770,7470,,,1,70,,22775,7470,,,1,30,,22773,7470,,,1,70,,22755,7470,,,1,30,,22753,7470,,,1,72,,22750,7470,,,1,30,,22748,7470,,,1,66,,22776,7470,,,1,38,,22774,7470,,,1,66,,22751,7470,,,1,31,,22768,7470,,,1,65,,22762,7470,,,1,31,,22746,7470,,,1,70,,22743,7470,,,1,28,,22749,7470,,,1,70,,22772,7470,,,1,30,,22763,7470,,,1,70,,22756,7470,,,1,30,,22777,7470,,,1,70,,22747,7470,,,1,98,,22757,7470,,,1,100,,22779,7470,,,1,100,,22758,7470,,,1
1301,'DI',639,,24063,8522,,,1,100,,3602,8522,,,1,100,,24064,8522,,,1,100,,3603,8522,,,1,100,,24065,8522,,,1,100,,3604,8522,,,1,100,,24066,8522,,,1,100,,3605,8522,,,1,100,,24068,8522,,,1,100,,24075,8522,,,1,100,,24060,8522,,,1,100,,24067,8522,,,1,100,,24062,8522,,,1,100,,24069,8522,,,1,100,,24073,8522,,,1,100,,24071,8522,,,1,100,,24070,8522,,,1,100,,24061,8522,,,1,100,,24074,8522,,,1,100,,24072,8522,,,1
1301,'F8',639,,24168,8522,,,1,100,,24161,8522,,,1,100,,24169,8522,,,1,100,,24162,8522,,,1,100,,24163,8522,,,1,100,,24170,8522,,,1,100,,24172,8522,,,1,100,,24164,8522,,,1,100,,24173,8522,,,1,100,,24165,8522,,,1,100,,24160,8522,,,1,100,,24175,8522,,,1,100,,24178,8522,,,1,100,,24166,8522,,,1,100,,24174,8522,,,1,100,,24171,8522,,,1,100,,24179,8522,,,1,100,,24176,8522,,,1,100,,24167,8522,,,1,100,,24177,8522,,,1
1301,'F9',639,,24187,8522,,,1,100,,24182,8522,,,1,100,,24188,8522,,,1,100,,24183,8522,,,1,100,,24189,8522,,,1,100,,24184,8522,,,1,100,,24190,8522,,,1,100,,24185,8522,,,1,100,,24192,8522,,,1,100,,24199,8522,,,1,100,,24180,8522,,,1,100,,24191,8522,,,1,100,,24186,8522,,,1,100,,24193,8522,,,1,100,,24197,8522,,,1,100,,24195,8522,,,1,100,,24194,8522,,,1,100,,24181,8522,,,1,100,,24198,8522,,,1,100,,24196,8522,,,1
1301,'SA',639,,24208,8522,,,1,100,,24201,8522,,,1,100,,24209,8522,,,1,100,,24202,8522,,,1,100,,24203,8522,,,1,100,,24210,8522,,,1,100,,24212,8522,,,1,100,,24204,8522,,,1,100,,24213,8522,,,1,100,,24205,8522,,,1,100,,24200,8522,,,1,100,,24215,8522,,,1,100,,24218,8522,,,1,100,,24206,8522,,,1,100,,24214,8522,,,1,100,,24211,8522,,,1,100,,24219,8522,,,1,100,,24216,8522,,,1,100,,24207,8522,,,1,100,,24217,8522,,,1
1301,'SE',546,,24234,8522,,,1,72,,24235,8522,,,1,31,,24233,8522,,,1,58,,24222,8522,,,1,14,,24258,8522,,,1,13,,24224,8522,,,1,14,,24251,8522,,,1,62,,24225,8522,,,1,12,,24223,8522,,,1,13,,24262,8522,,,1,15,,24244,8522,,,1,55,,24240,8522,,,1,20,,24243,8522,,,1,28,,24236,8522,,,1,70,,24221,8522,,,1,30,,24239,8522,,,1,70,,24253,8522,,,1,30,,24231,8522,,,1,70,,24245,8522,,,1,31,,24232,8522,,,1,70,,24237,8522,,,1,30,,24254,8522,,,1,70,,24241,8522,,,1,30,,24246,8522,,,1,69,,24259,8522,,,1,35,,24256,8522,,,1,69,,24220,8522,,,1,27,,24227,8522,,,1,55,,24242,8522,,,1,20,,24238,8522,,,1,22,,24263,8522,,,1,58,,24249,8522,,,1,19,,24247,8522,,,1,29,,24228,8522,,,1,68,,24261,8522,,,1,30,,24226,8522,,,1,70,,24255,8522,,,1,30,,24257,8522,,,1,70,,24248,8522,,,1,29,,24260,8522,,,1,100,,24250,8522,,,1,100,,24252,8522,,,1,100,,24229,8522,,,1,98,,24230,8522,,,1
1401,'SE',619,,24339,17163,,,1,32,,24341,17163,,,1,61,,24344,17163,,,1,16,,24343,17163,,,1,16,,24346,17163,,,1,14,,24340,17163,,,1,54,,24337,17163,,,1,14,,24342,17163,,,1,14,,24345,17163,,,1,16,,24348,17163,,,1,56,,24338,17163,,,1,21,,24347,17163,,,1,22,,24356,15030,,,1,100,,24357,15030,,,1,100,,24361,15030,,,1,100,,24362,15030,,,1,100,,24349,15030,,,1,100,,24353,15030,,,1,100,,24351,15030,,,1,85,,24360,15030,,,1,15,,24355,15030,,,1,59,,24350,15030,,,1,24,,24364,15030,,,1,18,,24363,15030,,,1,60,,24358,15030,,,1,20,,24352,15030,,,1,18,,24354,15030,,,1,68,,24359,15030,,,1
1501,'DI',708,,24559,9563,,,1,100,,24556,9563,,,1,100,,24553,9563,,,1,100,,24566,9563,,,1,101,,24571,9563,,,1,100,,24564,9563,,,1,100,,24560,9563,,,1,100,,24554,9563,,,1,100,,24568,9563,,,1,100,,24555,9563,,,1,100,,24563,9563,,,1,100,,24561,9563,,,1,100,,24565,9563,,,1,97,,24569,9563,,,1,100,,24567,9563,,,1,100,,24562,9563,,,1,100,,24557,9563,,,1,100,,24570,9563,,,1,100,,24558,9563,,,1
1501,'F8',707,,24664,9563,,,1,100,,24658,9563,,,1,100,,24652,9563,,,1,100,,24665,9563,,,1,100,,24650,9563,,,1,100,,24649,9563,,,1,100,,24661,9563,,,1,101,,24656,9563,,,1,100,,24660,9563,,,1,102,,24657,9563,,,1,98,,24653,9563,,,1,100,,24659,9563,,,1,100,,24662,9563,,,1,99,,24663,9563,,,1,100,,24651,9563,,,1,100,,24666,9563,,,1,100,,24654,9563,,,1,100,,24667,9563,,,1,100,,24655,9563,,,1
1501,'F9',708,,24674,9563,,,1,100,,24671,9563,,,1,100,,24668,9563,,,1,100,,24681,9563,,,1,101,,24686,9563,,,1,100,,24679,9563,,,1,100,,24675,9563,,,1,100,,24669,9563,,,1,100,,24683,9563,,,1,100,,24670,9563,,,1,100,,24678,9563,,,1,100,,24676,9563,,,1,100,,24680,9563,,,1,97,,24684,9563,,,1,100,,24682,9563,,,1,100,,24677,9563,,,1,100,,24672,9563,,,1,100,,24685,9563,,,1,100,,24673,9563,,,1
1501,'SA',707,,24702,9563,,,1,100,,24696,9563,,,1,100,,24690,9563,,,1,100,,24703,9563,,,1,100,,24688,9563,,,1,100,,24687,9563,,,1,100,,24699,9563,,,1,101,,24694,9563,,,1,100,,24698,9563,,,1,102,,24695,9563,,,1,98,,24691,9563,,,1,100,,24697,9563,,,1,100,,24700,9563,,,1,99,,24701,9563,,,1,100,,24689,9563,,,1,100,,24704,9563,,,1,100,,24692,9563,,,1,100,,24705,9563,,,1,100,,24693,9563,,,1
1501,'SE',531,,24718,9563,,,1,86,,24710,9563,,,1,31,,24716,9563,,,1,73,,24738,9563,,,1,21,,24726,9563,,,1,60,,24720,9563,,,1,20,,24711,9563,,,1,30,,24707,9563,,,1,73,,24744,9563,,,1,27,,24728,9563,,,1,68,,24717,9563,,,1,30,,24736,9563,,,1,70,,24730,9563,,,1,30,,24712,9563,,,1,71,,24714,9563,,,1,30,,24731,9563,,,1,70,,24733,9563,,,1,30,,24715,9563,,,1,70,,24713,9563,,,1,30,,24739,9563,,,1,72,,24721,9563,,,1,31,,24742,9563,,,1,63,,24737,9563,,,1,39,,24734,9563,,,1,67,,24723,9563,,,1,30,,24709,9563,,,1,71,,24743,9563,,,1,26,,24732,9563,,,1,70,,24722,9563,,,1,30,,24740,9563,,,1,68,,24735,9563,,,1,30,,24708,9563,,,1,70,,24729,9563,,,1,30,,24741,9563,,,1,70,,24725,9563,,,1,30,,24706,9563,,,1,98,,24719,9563,,,1,100,,24724,9563,,,1,99,,24727,9563,,,1
50601,'SE',1636,,40637,442,,,2
60001,'SE',907,,40740,5200,,,2
61301,'SE',906,,40773,7510,,,2
61801,'SE',857,,40781,8435,,,2
