5000,'DI',639,,31267,11385,4,,2,102,,31252,11385,4,,2,100,,31260,11385,4,,2,100,,31258,11385,4,,2,103,,31259,11385,4,,2,94,,31261,11385,4,,2,103,,31262,11385,4,,2,103,,31263,11385,4,,2,97,,31251,11385,4,,2,96,,31264,11385,4,,2,103,,31249,11385,4,,2,106,,31248,11385,4,,2,95,,31257,11385,4,,2,100,,31250,11385,4,,2,100,,31253,11385,4,,2,100,,31255,11385,4,,2,100,,31265,11385,4,,2,100,,31254,11385,4,,2,100,,31256,11385,4,,2,100,,31266,11385,4,,2
5000,'F8',641,,31342,11385,4,,2,98,,31341,11385,4,,2,102,,31346,11385,4,,2,97,,31350,11385,4,,2,103,,31351,11385,4,,2,96,,31355,11385,4,,2,102,,31352,11385,4,,2,98,,31336,11385,4,,2,99,,31337,11385,4,,2,103,,31338,11385,4,,2,103,,31339,11385,4,,2,103,,31340,11385,4,,2,96,,31343,11385,4,,2,100,,31354,11385,4,,2,100,,31353,11385,4,,2,100,,31344,11385,4,,2,97,,31347,11385,4,,2,103,,31348,11385,4,,2,101,,31349,11385,4,,2,99,,31345,11385,4,,2
5000,'F9',639,,31375,11385,4,,2,102,,31360,11385,4,,2,100,,31368,11385,4,,2,100,,31366,11385,4,,2,103,,31367,11385,4,,2,94,,31369,11385,4,,2,103,,31370,11385,4,,2,103,,31371,11385,4,,2,97,,31359,11385,4,,2,96,,31372,11385,4,,2,103,,31357,11385,4,,2,106,,31356,11385,4,,2,95,,31365,11385,4,,2,100,,31358,11385,4,,2,100,,31361,11385,4,,2,100,,31363,11385,4,,2,100,,31373,11385,4,,2,100,,31362,11385,4,,2,100,,31364,11385,4,,2,100,,31374,11385,4,,2
5000,'SA',641,,31382,11385,4,,2,98,,31381,11385,4,,2,102,,31386,11385,4,,2,97,,31390,11385,4,,2,103,,31391,11385,4,,2,96,,31395,11385,4,,2,102,,31392,11385,4,,2,98,,31376,11385,4,,2,99,,31377,11385,4,,2,103,,31378,11385,4,,2,103,,31379,11385,4,,2,103,,31380,11385,4,,2,96,,31383,11385,4,,2,100,,31394,11385,4,,2,100,,31393,11385,4,,2,100,,31384,11385,4,,2,97,,31387,11385,4,,2,103,,31388,11385,4,,2,101,,31389,11385,4,,2,99,,31385,11385,4,,2
5000,'SE',601,,31404,11385,4,,2,30,,31406,11385,4,,2,70,,31409,11385,4,,2,30,,31405,11385,4,,2,70,,31401,11385,4,,2,30,,31407,11385,4,,2,73,,31410,11385,4,,2,27,,31418,11385,4,,2,100,,31421,11385,4,,2,100,,31408,11385,4,,2,100,,31403,11385,4,,2,100,,31411,11385,4,,2,99,,31396,11385,4,,2,102,,31412,11385,4,,2,68,,31422,11385,4,,2,33,,31400,11385,4,,2,74,,31423,11385,4,,2,26,,31413,11385,4,,2,70,,31397,11385,4,,2,30,,31419,11385,4,,2,68,,31402,11385,4,,2,30,,31420,11385,4,,2,100,,31398,11385,4,,2,100,,31414,11385,4,,2,100,,31399,11385,4,,2,100,,31415,11385,4,,2,100,,31416,11385,4,,2,100,,31417,11385,4,,2
5001,'DI',639,,31443,0,,,2,102,,31428,0,,,2,100,,31436,0,,,2,100,,31434,0,,,2,103,,31435,0,,,2,94,,31437,0,,,2,103,,31438,0,,,2,103,,31439,0,,,2,97,,31427,0,,,2,96,,31440,0,,,2,103,,31425,0,,,2,106,,31424,0,,,2,95,,31433,0,,,2,100,,31426,0,,,2,100,,31429,0,,,2,100,,31431,0,,,2,100,,31441,0,,,2,100,,31430,0,,,2,100,,31432,0,,,2,100,,31442,0,,,2
5001,'F8',641,,31519,0,,,2,98,,31518,0,,,2,102,,31523,0,,,2,97,,31527,0,,,2,103,,31528,0,,,2,96,,31532,0,,,2,102,,31529,0,,,2,98,,31513,0,,,2,99,,31514,0,,,2,103,,31515,0,,,2,103,,31516,0,,,2,103,,31517,0,,,2,96,,31520,0,,,2,100,,31531,0,,,2,100,,31530,0,,,2,100,,31521,0,,,2,97,,31524,0,,,2,103,,31525,0,,,2,101,,31526,0,,,2,99,,31522,0,,,2
5001,'F9',639,,31552,0,,,2,102,,31537,0,,,2,100,,31545,0,,,2,100,,31543,0,,,2,103,,31544,0,,,2,94,,31546,0,,,2,103,,31547,0,,,2,103,,31548,0,,,2,97,,31536,0,,,2,96,,31549,0,,,2,103,,31534,0,,,2,106,,31533,0,,,2,95,,31542,0,,,2,100,,31535,0,,,2,100,,31538,0,,,2,100,,31540,0,,,2,100,,31550,0,,,2,100,,31539,0,,,2,100,,31541,0,,,2,100,,31551,0,,,2
5001,'SA',641,,31559,0,,,2,98,,31558,0,,,2,102,,31563,0,,,2,97,,31567,0,,,2,103,,31568,0,,,2,96,,31572,0,,,2,102,,31569,0,,,2,98,,31553,0,,,2,99,,31554,0,,,2,103,,31555,0,,,2,103,,31556,0,,,2,103,,31557,0,,,2,96,,31560,0,,,2,100,,31571,0,,,2,100,,31570,0,,,2,100,,31561,0,,,2,97,,31564,0,,,2,103,,31565,0,,,2,101,,31566,0,,,2,99,,31562,0,,,2
5001,'SE',531,,31578,0,,,2,70,,31582,0,,,2,30,,31584,0,,,2,70,,31587,0,,,2,30,,31583,0,,,2,70,,31579,0,,,2,30,,31585,0,,,2,73,,31588,0,,,2,27,,31596,0,,,2,100,,31599,0,,,2,100,,31586,0,,,2,100,,31581,0,,,2,100,,31589,0,,,2,99,,31573,0,,,2,102,,31590,0,,,2,68,,31600,0,,,2,33,,31577,0,,,2,74,,31601,0,,,2,26,,31591,0,,,2,70,,31574,0,,,2,30,,31597,0,,,2,68,,31580,0,,,2,30,,31598,0,,,2,100,,31575,0,,,2,100,,31592,0,,,2,100,,31576,0,,,2,100,,31593,0,,,2,100,,31594,0,,,2,100,,31595,0,,,2
50500,'SE',1625,,40631,4420,,,2
53801,'SE',905,,40681,0,,,2
