1400,'SE',640,,24292,14214,,,1,17,,24287,14214,,,1,66,,24288,14214,,,1,13,,24291,14214,,,1,17,,24294,14214,,,1,58,,24293,14214,,,1,30,,24289,14214,,,1,60,,24290,14214,,,1,52,,24302,11967,,,1,100,,24305,11967,,,1,100,,24306,11967,,,1,100,,24295,11967,,,1,100,,24298,11967,,,1,100,,24297,11967,,,1,150,,24301,11967,,,1,13,,3826,11967,,,1,18,,24308,11967,,,1,15,,24307,11967,,,1,61,,24303,11967,,,1,18,,24300,11967,,,1,21,,24296,11967,,,1,58,,24304,11967,,,1,29,,24299,11967,,,1
4101,'DI',729,,29270,1835,0,40 41,1,100,,29274,1835,0,40 41,1,101,,29264,1835,0,40 41,1,100,,29260,1835,0,40 41,1,100,,29271,1835,0,40 41,1,100,,29261,1835,0,40 41,1,100,,29272,1835,0,40 41,1,100,,29265,1835,0,40 41,1,100,,29257,1835,0,40 41,1,102,,29262,1835,0,40 41,1,98,,29266,1835,0,40 41,1,100,,29258,1835,0,40 41,1,100,,29267,1835,0,40 41,1,100,,29259,1835,0,40 41,1,100,,29263,1835,0,40 41,1,99,,29268,1835,0,40 41,1,100,,29273,1835,0,40 41,1,100,,29269,1835,0,40 41,1,100,,29275,1835,0,40 41,1
4101,'F8',729,,29343,1835,0,40 41,1,100,,29356,1835,0,40 41,1,101,,29344,1835,0,40 41,1,101,,29349,1835,0,40 41,1,99,,29357,1835,0,40 41,1,100,,29350,1835,0,40 41,1,100,,29345,1835,0,40 41,1,100,,29351,1835,0,40 41,1,100,,29346,1835,0,40 41,1,100,,29342,1835,0,40 41,1,100,,29347,1835,0,40 41,1,100,,29340,1835,0,40 41,1,100,,29352,1835,0,40 41,1,100,,29341,1835,0,40 41,1,100,,29358,1835,0,40 41,1,99,,29353,1835,0,40 41,1,100,,29348,1835,0,40 41,1,100,,29354,1835,0,40 41,1,100,,29355,1835,0,40 41,1
4101,'F9',729,,29372,1835,0,40 41,1,100,,29376,1835,0,40 41,1,101,,29366,1835,0,40 41,1,100,,29362,1835,0,40 41,1,100,,29373,1835,0,40 41,1,100,,29363,1835,0,40 41,1,100,,29374,1835,0,40 41,1,100,,29367,1835,0,40 41,1,100,,29359,1835,0,40 41,1,102,,29364,1835,0,40 41,1,98,,29368,1835,0,40 41,1,100,,29360,1835,0,40 41,1,100,,29369,1835,0,40 41,1,100,,29361,1835,0,40 41,1,100,,29365,1835,0,40 41,1,99,,29370,1835,0,40 41,1,100,,29375,1835,0,40 41,1,100,,29371,1835,0,40 41,1,100,,29377,1835,0,40 41,1
4101,'SA',729,,29381,1835,0,40 41,1,100,,29394,1835,0,40 41,1,101,,29382,1835,0,40 41,1,101,,29387,1835,0,40 41,1,99,,29395,1835,0,40 41,1,100,,29388,1835,0,40 41,1,100,,29383,1835,0,40 41,1,100,,29389,1835,0,40 41,1,100,,29384,1835,0,40 41,1,100,,29380,1835,0,40 41,1,100,,29385,1835,0,40 41,1,100,,29378,1835,0,40 41,1,100,,29390,1835,0,40 41,1,100,,29379,1835,0,40 41,1,100,,29396,1835,0,40 41,1,99,,29391,1835,0,40 41,1,100,,29386,1835,0,40 41,1,100,,29392,1835,0,40 41,1,100,,29393,1835,0,40 41,1
4101,'SE',700,,29397,1835,0,40 41,1,30,,29414,1835,0,40 41,1,70,,29408,1835,0,40 41,1,35,,29409,1835,0,40 41,1,65,,29415,1835,0,40 41,1,30,,29416,1835,0,40 41,1,100,,29411,1835,0,40 41,1,100,,29417,1835,0,40 41,1,100,,29412,1835,0,40 41,1,100,,29401,1835,0,40 41,1,101,,29420,1835,0,40 41,1,74,,29421,1835,0,40 41,1,25,,29418,1835,0,40 41,1,27,,29404,1835,0,40 41,1,78,,29410,1835,0,40 41,1,66,,29399,1835,0,40 41,1,29,,29402,1835,0,40 41,1,71,,29422,1835,0,40 41,1,29,,29407,1835,0,40 41,1,100,,29398,1835,0,40 41,1,100,,29413,1835,0,40 41,1,100,,29400,1835,0,40 41,1,100,,29405,1835,0,40 41,1,100,,29419,1835,0,40 41,1,100,,29406,1835,0,40 41,1,100,,29403,1835,0,40 41,1
55000,'SE',1633,,40710,6414,,,2
61400,'SE',1711,,40775,10025,,,2
68400,'SE',1616,,40901,3320,,,2,1,,40900,3320,,,2
69201,'SE',845,,40933,5070,,,2
