800,'DI',601,,22786,7028,,,1,33,,22781,7028,,,1,70,,2441,7028,,,1,30,,2447,7028,,,1,70,,22787,7028,,,1,30,,22782,7028,,,1,72,,2442,7028,,,1,30,,2448,7028,,,1,70,,22788,7028,,,1,30,,22783,7028,,,1,70,,2443,7028,,,1,30,,2449,7028,,,1,71,,22789,7028,,,1,30,,2436,7028,,,1,70,,2444,7028,,,1,30,,2450,7028,,,1,70,,22790,7028,,,1,30,,22784,7028,,,1,70,,2445,7028,,,1,30,,22793,7028,,,1,70,,22791,7028,,,1,30,,22785,7028,,,1,69,,2446,7028,,,1,30,,22794,7028,,,1,72,,22792,7028,,,1,43,,2437,7028,,,1,99,,22795,7028,,,1,100,,2438,7028,,,1,99,,22796,7028,,,1,100,,2439,7028,,,1,100,,22797,7028,,,1,100,,2440,7028,,,1,100,,22780,7028,,,1
800,'F1',601,,44063,7028,,,1,33,,44043,7028,,,1,70,,44051,7028,,,1,30,,44057,7028,,,1,70,,44064,7028,,,1,30,,44044,7028,,,1,72,,44052,7028,,,1,30,,44058,7028,,,1,70,,44065,7028,,,1,30,,44045,7028,,,1,70,,44053,7028,,,1,30,,44059,7028,,,1,71,,44066,7028,,,1,30,,44046,7028,,,1,70,,44054,7028,,,1,30,,44060,7028,,,1,70,,44067,7028,,,1,30,,44061,7028,,,1,70,,44055,7028,,,1,30,,44070,7028,,,1,70,,44068,7028,,,1,30,,44062,7028,,,1,69,,44056,7028,,,1,30,,44071,7028,,,1,72,,44069,7028,,,1,43,,44047,7028,,,1,99,,44072,7028,,,1,100,,44048,7028,,,1,99,,44073,7028,,,1,100,,44049,7028,,,1,100,,44074,7028,,,1,100,,44050,7028,,,1,100,,44042,7028,,,1
800,'F2',601,,44096,7028,,,1,30,,44079,7028,,,1,72,,44092,7028,,,1,30,,44094,7028,,,1,71,,44097,7028,,,1,30,,44080,7028,,,1,70,,44093,7028,,,1,31,,44095,7028,,,1,70,,44098,7028,,,1,31,,44081,7028,,,1,70,,44087,7028,,,1,30,,44103,7028,,,1,68,,44099,7028,,,1,32,,44082,7028,,,1,70,,44088,7028,,,1,30,,44104,7028,,,1,70,,44100,7028,,,1,30,,44107,7028,,,1,70,,44089,7028,,,1,30,,44105,7028,,,1,70,,44101,7028,,,1,30,,44108,7028,,,1,70,,44090,7028,,,1,30,,44106,7028,,,1,72,,44102,7028,,,1,28,,44075,7028,,,1,70,,44091,7028,,,1,46,,44083,7028,,,1,98,,44076,7028,,,1,100,,44084,7028,,,1,100,,44077,7028,,,1,100,,44085,7028,,,1,100,,44078,7028,,,1,100,,44086,7028,,,1
800,'F8',601,,22955,7028,,,1,30,,22938,7028,,,1,72,,22951,7028,,,1,30,,22953,7028,,,1,71,,22956,7028,,,1,30,,22939,7028,,,1,70,,22952,7028,,,1,31,,22954,7028,,,1,70,,22957,7028,,,1,31,,22940,7028,,,1,70,,22946,7028,,,1,30,,22962,7028,,,1,68,,22958,7028,,,1,32,,22941,7028,,,1,70,,22947,7028,,,1,30,,22963,7028,,,1,70,,22959,7028,,,1,30,,22966,7028,,,1,70,,22948,7028,,,1,30,,22964,7028,,,1,70,,22960,7028,,,1,30,,22967,7028,,,1,70,,22949,7028,,,1,30,,22965,7028,,,1,72,,22961,7028,,,1,28,,22934,7028,,,1,70,,22950,7028,,,1,46,,22942,7028,,,1,98,,22935,7028,,,1,100,,22943,7028,,,1,100,,22936,7028,,,1,100,,22944,7028,,,1,100,,22937,7028,,,1,100,,22945,7028,,,1
800,'F9',601,,22989,7028,,,1,33,,22969,7028,,,1,70,,22977,7028,,,1,30,,22983,7028,,,1,70,,22990,7028,,,1,30,,22970,7028,,,1,72,,22978,7028,,,1,30,,22984,7028,,,1,70,,22991,7028,,,1,30,,22971,7028,,,1,70,,22979,7028,,,1,30,,22985,7028,,,1,71,,22992,7028,,,1,30,,22972,7028,,,1,70,,22980,7028,,,1,30,,22986,7028,,,1,70,,22993,7028,,,1,30,,22987,7028,,,1,70,,22981,7028,,,1,30,,22996,7028,,,1,70,,22994,7028,,,1,30,,22988,7028,,,1,69,,22982,7028,,,1,30,,22997,7028,,,1,72,,22995,7028,,,1,43,,22973,7028,,,1,99,,22998,7028,,,1,100,,22974,7028,,,1,99,,22999,7028,,,1,100,,22975,7028,,,1,100,,23000,7028,,,1,100,,22976,7028,,,1,100,,22968,7028,,,1
800,'SA',601,,23022,7028,,,1,30,,23005,7028,,,1,72,,23018,7028,,,1,30,,23020,7028,,,1,71,,23023,7028,,,1,30,,23006,7028,,,1,70,,23019,7028,,,1,31,,23021,7028,,,1,70,,23024,7028,,,1,31,,23007,7028,,,1,70,,23013,7028,,,1,30,,23029,7028,,,1,68,,23025,7028,,,1,32,,23008,7028,,,1,70,,23014,7028,,,1,30,,23030,7028,,,1,70,,23026,7028,,,1,30,,2660,7028,,,1,70,,23015,7028,,,1,30,,23031,7028,,,1,70,,23027,7028,,,1,30,,2661,7028,,,1,70,,23016,7028,,,1,30,,23032,7028,,,1,72,,23028,7028,,,1,28,,23001,7028,,,1,70,,23017,7028,,,1,46,,23009,7028,,,1,98,,23002,7028,,,1,100,,23010,7028,,,1,100,,23003,7028,,,1,100,,23011,7028,,,1,100,,23004,7028,,,1,100,,23012,7028,,,1
800,'SE',505,,44153,7028,,,1,28,,44155,7028,,,1,22,,44156,7028,,,1,81,,44112,7028,,,1,70,,44154,7028,,,1,21,,44126,7028,,,1,19,,44157,7028,,,1,13,,44150,7028,,,1,55,,44115,7028,,,1,15,,44134,7028,,,1,15,,44113,7028,,,1,57,,44137,7028,,,1,15,,44124,7028,,,1,15,,44127,7028,,,1,15,,44130,7028,,,1,55,,44171,7028,,,1,15,,44116,7028,,,1,15,,44135,7028,,,1,15,,44114,7028,,,1,55,,44138,7028,,,1,15,,44140,7028,,,1,17,,44118,7028,,,1,15,,44128,7028,,,1,55,,44158,7028,,,1,15,,44172,7028,,,1,15,,44169,7028,,,1,15,,44136,7028,,,1,55,,44109,7028,,,1,15,,44139,7028,,,1,15,,44125,7028,,,1,15,,44119,7028,,,1,55,,44131,7028,,,1,15,,44159,7028,,,1,17,,44117,7028,,,1,15,,44162,7028,,,1,55,,44161,7028,,,1,15,,44110,7028,,,1,15,,44141,7028,,,1,15,,44146,7028,,,1,55,,44129,7028,,,1,15,,44165,7028,,,1,15,,44132,7028,,,1,12,,44160,7028,,,1,12,,44145,7028,,,1,52,,44163,7028,,,1,12,,44151,7028,,,1,12,,44164,7028,,,1,12,,44111,7028,,,1,11,,44142,7028,,,1,52,,44147,7028,,,1,12,,44166,7028,,,1,11,,44148,7028,,,1,10,,44167,7028,,,1,10,,44133,7028,,,1,60,,44152,7028,,,1,27,,44120,7028,,,1,68,,44173,7028,,,1,30,,44168,7028,,,1,68,,44149,7028,,,1,30,,44121,7028,,,1,70,,44170,7028,,,1,45,,44143,7028,,,1,100,,44122,7028,,,1,97,,44144,7028,,,1,100,,44123,7028,,,1
2800,'DI',857,,27669,6656,0,32 33,1,101,,27674,6656,0,32 33,1,101,,27672,6656,0,32 33,1,100,,27670,6656,0,32 33,1,100,,27671,6656,0,32 33,1,100,,27675,6656,0,32 33,1,100,,27678,6656,0,32 33,1,141,,27677,6656,0,32 33,1,59,,27676,6656,0,32 33,1,100,,27673,6656,0,32 33,1
2800,'F1',857,,45917,6656,0,32 33,1,101,,45922,6656,0,32 33,1,101,,45920,6656,0,32 33,1,100,,45918,6656,0,32 33,1,100,,45919,6656,0,32 33,1,100,,45923,6656,0,32 33,1,100,,45926,6656,0,32 33,1,141,,45925,6656,0,32 33,1,59,,45924,6656,0,32 33,1,100,,45921,6656,0,32 33,1
2800,'F2',859,,45934,6656,0,32 33,1,99,,45929,6656,0,32 33,1,144,,45927,6656,0,32 33,1,57,,45931,6656,0,32 33,1,141,,45930,6656,0,32 33,1,100,,45932,6656,0,32 33,1,59,,45928,6656,0,32 33,1,143,,45936,6656,0,32 33,1,99,,45935,6656,0,32 33,1,58,,45933,6656,0,32 33,1
2800,'F8',859,,27747,6656,0,32 33,1,99,,27742,6656,0,32 33,1,144,,27740,6656,0,32 33,1,57,,27744,6656,0,32 33,1,141,,27743,6656,0,32 33,1,100,,27745,6656,0,32 33,1,59,,27741,6656,0,32 33,1,143,,27749,6656,0,32 33,1,99,,27748,6656,0,32 33,1,58,,27746,6656,0,32 33,1
2800,'F9',857,,27750,6656,0,32 33,1,101,,27755,6656,0,32 33,1,101,,27753,6656,0,32 33,1,100,,27751,6656,0,32 33,1,100,,27752,6656,0,32 33,1,100,,27756,6656,0,32 33,1,100,,27759,6656,0,32 33,1,141,,27758,6656,0,32 33,1,59,,27757,6656,0,32 33,1,100,,27754,6656,0,32 33,1
2800,'SA',859,,27766,6656,0,32 33,1,99,,27762,6656,0,32 33,1,144,,27760,6656,0,32 33,1,57,,27763,6656,0,32 33,1,141,,6923,6656,0,32 33,1,100,,27764,6656,0,32 33,1,59,,27761,6656,0,32 33,1,143,,27768,6656,0,32 33,1,99,,27767,6656,0,32 33,1,58,,27765,6656,0,32 33,1
2800,'SE',624,,45971,6656,0,32 33,1,85,,45972,6656,0,32 33,1,23,,45976,6656,0,32 33,1,3,,45977,6656,0,32 33,1,16,,45950,6656,0,32 33,1,53,,45962,6656,0,32 33,1,12,,45970,6656,0,32 33,1,18,,45961,6656,0,32 33,1,14,,45966,6656,0,32 33,1,58,,45951,6656,0,32 33,1,30,,45942,6656,0,32 33,1,70,,45946,6656,0,32 33,1,30,,45952,6656,0,32 33,1,70,,45943,6656,0,32 33,1,32,,45947,6656,0,32 33,1,70,,45953,6656,0,32 33,1,30,,45944,6656,0,32 33,1,70,,45948,6656,0,32 33,1,30,,45954,6656,0,32 33,1,70,,45945,6656,0,32 33,1,32,,45949,6656,0,32 33,1,70,,45973,6656,0,32 33,1,15,,45939,6656,0,32 33,1,15,,45959,6656,0,32 33,1,15,,45964,6656,0,32 33,1,55,,45975,6656,0,32 33,1,15,,45956,6656,0,32 33,1,14,,45958,6656,0,32 33,1,12,,45974,6656,0,32 33,1,52,,45940,6656,0,32 33,1,12,,45960,6656,0,32 33,1,12,,45963,6656,0,32 33,1,12,,45967,6656,0,32 33,1,12,,45955,6656,0,32 33,1,51,,45957,6656,0,32 33,1,12,,45937,6656,0,32 33,1,11,,45938,6656,0,32 33,1,13,,45965,6656,0,32 33,1,95,,45941,6656,0,32 33,1,98,,45968,6656,0,32 33,1,98,,45969,6656,0,32 33,1
8800,'DI',719,,36639,7028,,,1,30,,36644,7028,,,1,70,,36650,7028,,,1,30,,36659,7028,,,1,70,,36640,7028,,,1,30,,36645,7028,,,1,72,,36651,7028,,,1,30,,36660,7028,,,1,70,,36641,7028,,,1,30,,36646,7028,,,1,70,,36652,7028,,,1,30,,36661,7028,,,1,70,,36642,7028,,,1,30,,36647,7028,,,1,70,,36653,7028,,,1,30,,15002,7028,,,1,70,,36654,7028,,,1,30,,36648,7028,,,1,70,,36662,7028,,,1,30,,15003,7028,,,1,70,,36655,7028,,,1,29,,36649,7028,,,1,70,,36663,7028,,,1,100,,36656,7028,,,1,100,,36664,7028,,,1,100,,36657,7028,,,1,100,,36665,7028,,,1,97,,36658,7028,,,1,100,,36638,7028,,,1,100,,36643,7028,,,1
8800,'F1',719,,49524,7028,,,1,30,,49529,7028,,,1,70,,49535,7028,,,1,30,,49544,7028,,,1,70,,49525,7028,,,1,30,,49530,7028,,,1,72,,49536,7028,,,1,30,,49545,7028,,,1,70,,49526,7028,,,1,30,,49531,7028,,,1,70,,49537,7028,,,1,30,,49546,7028,,,1,70,,49527,7028,,,1,30,,49532,7028,,,1,70,,49538,7028,,,1,30,,49521,7028,,,1,70,,49539,7028,,,1,30,,49533,7028,,,1,70,,49547,7028,,,1,30,,49522,7028,,,1,70,,49540,7028,,,1,29,,49534,7028,,,1,70,,49548,7028,,,1,100,,49541,7028,,,1,100,,49549,7028,,,1,100,,49542,7028,,,1,100,,49550,7028,,,1,97,,49543,7028,,,1,100,,49523,7028,,,1,100,,49528,7028,,,1
8800,'F2',718,,49554,7028,,,1,30,,49579,7028,,,1,71,,49575,7028,,,1,30,,49566,7028,,,1,71,,49559,7028,,,1,30,,49580,7028,,,1,71,,49576,7028,,,1,30,,49567,7028,,,1,70,,49560,7028,,,1,30,,49571,7028,,,1,70,,49556,7028,,,1,30,,49568,7028,,,1,70,,49561,7028,,,1,30,,49572,7028,,,1,70,,49557,7028,,,1,30,,49551,7028,,,1,70,,49562,7028,,,1,30,,49573,7028,,,1,70,,49558,7028,,,1,30,,49552,7028,,,1,71,,49581,7028,,,1,29,,49574,7028,,,1,71,,49569,7028,,,1,29,,49553,7028,,,1,70,,49563,7028,,,1,100,,49570,7028,,,1,99,,49564,7028,,,1,98,,49578,7028,,,1,100,,49565,7028,,,1,100,,49577,7028,,,1,100,,49555,7028,,,1
8800,'F8',718,,36775,7028,,,1,30,,36800,7028,,,1,71,,36796,7028,,,1,30,,36787,7028,,,1,71,,36780,7028,,,1,30,,36801,7028,,,1,71,,36797,7028,,,1,30,,36788,7028,,,1,70,,36781,7028,,,1,30,,36792,7028,,,1,70,,36777,7028,,,1,30,,36789,7028,,,1,70,,36782,7028,,,1,30,,36793,7028,,,1,70,,36778,7028,,,1,30,,36772,7028,,,1,70,,36783,7028,,,1,30,,36794,7028,,,1,70,,36779,7028,,,1,30,,36773,7028,,,1,71,,36802,7028,,,1,29,,36795,7028,,,1,71,,36790,7028,,,1,29,,36774,7028,,,1,70,,36784,7028,,,1,100,,36791,7028,,,1,99,,36785,7028,,,1,98,,36799,7028,,,1,100,,36786,7028,,,1,100,,36798,7028,,,1,100,,36776,7028,,,1
8800,'F9',719,,36806,7028,,,1,30,,36811,7028,,,1,70,,36817,7028,,,1,30,,36826,7028,,,1,70,,36807,7028,,,1,30,,36812,7028,,,1,72,,36818,7028,,,1,30,,36827,7028,,,1,70,,36808,7028,,,1,30,,36813,7028,,,1,70,,36819,7028,,,1,30,,36828,7028,,,1,70,,36809,7028,,,1,30,,36814,7028,,,1,70,,36820,7028,,,1,30,,36803,7028,,,1,70,,36821,7028,,,1,30,,36815,7028,,,1,70,,36829,7028,,,1,30,,36804,7028,,,1,70,,36822,7028,,,1,29,,36816,7028,,,1,70,,36830,7028,,,1,100,,36823,7028,,,1,100,,36831,7028,,,1,100,,36824,7028,,,1,100,,36832,7028,,,1,97,,36825,7028,,,1,100,,36805,7028,,,1,100,,36810,7028,,,1
8800,'SA',718,,36836,7028,,,1,30,,36860,7028,,,1,71,,36857,7028,,,1,30,,36848,7028,,,1,71,,36841,7028,,,1,30,,36861,7028,,,1,71,,36858,7028,,,1,30,,36849,7028,,,1,70,,36842,7028,,,1,30,,36853,7028,,,1,70,,36838,7028,,,1,30,,36850,7028,,,1,70,,36843,7028,,,1,30,,36854,7028,,,1,70,,36839,7028,,,1,30,,36833,7028,,,1,70,,36844,7028,,,1,30,,36855,7028,,,1,70,,36840,7028,,,1,30,,36834,7028,,,1,71,,36862,7028,,,1,29,,36856,7028,,,1,71,,36851,7028,,,1,29,,36835,7028,,,1,70,,36845,7028,,,1,100,,36852,7028,,,1,99,,36846,7028,,,1,98,,15203,7028,,,1,100,,36847,7028,,,1,100,,36859,7028,,,1,100,,36837,7028,,,1
8800,'SE',719,,49597,7028,,,1,21,,49625,7028,,,1,15,,49606,7028,,,1,54,,49611,7028,,,1,15,,49627,7028,,,1,15,,49600,7028,,,1,15,,49626,7028,,,1,69,,49586,7028,,,1,30,,49620,7028,,,1,70,,49621,7028,,,1,30,,49582,7028,,,1,72,,49588,7028,,,1,30,,49590,7028,,,1,70,,49584,7028,,,1,30,,49583,7028,,,1,70,,49593,7028,,,1,30,,49589,7028,,,1,72,,49623,7028,,,1,30,,49591,7028,,,1,58,,49601,7028,,,1,15,,49607,7028,,,1,15,,49598,7028,,,1,55,,49587,7028,,,1,15,,49629,7028,,,1,15,,49628,7028,,,1,13,,49624,7028,,,1,12,,49585,7028,,,1,52,,49614,7028,,,1,12,,49592,7028,,,1,12,,49602,7028,,,1,12,,49613,7028,,,1,11,,49608,7028,,,1,52,,49599,7028,,,1,12,,49604,7028,,,1,11,,49603,7028,,,1,19,,49605,7028,,,1,55,,49594,7028,,,1,22,,49622,7028,,,1,28,,49609,7028,,,1,70,,49596,7028,,,1,28,,49595,7028,,,1,70,,49615,7028,,,1,30,,49610,7028,,,1,70,,49618,7028,,,1,100,,49616,7028,,,1,99,,49619,7028,,,1,98,,49617,7028,,,1
