2101,'DI',544,,27057,1191,,,1,70,,27051,1191,,,1,30,,27073,1191,,,1,69,,27075,1191,,,1,30,,27077,1191,,,1,70,,27068,1191,,,1,31,,27069,1191,,,1,70,,27074,1191,,,1,30,,27058,1191,,,1,67,,27071,1191,,,1,33,,27084,1191,,,1,70,,27082,1191,,,1,32,,27072,1191,,,1,70,,27059,1191,,,1,31,,27078,1191,,,1,70,,27070,1191,,,1,30,,27076,1191,,,1,70,,27085,1191,,,1,30,,27083,1191,,,1,70,,27060,1191,,,1,30,,27062,1191,,,1,70,,27052,1191,,,1,30,,27065,1191,,,1,70,,27061,1191,,,1,30,,27046,1191,,,1,70,,27053,1191,,,1,30,,27066,1191,,,1,67,,27050,1191,,,1,30,,27047,1191,,,1,70,,27049,1191,,,1,30,,27080,1191,,,1,70,,27063,1191,,,1,30,,27054,1191,,,1,70,,27067,1191,,,1,30,,27055,1191,,,1,70,,27056,1191,,,1,30,,27079,1191,,,1,70,,27081,1191,,,1,30,,27048,1191,,,1,70,,27064,1191,,,1
2101,'F1',544,,45688,1191,,,1,70,,45682,1191,,,1,30,,45704,1191,,,1,69,,45706,1191,,,1,30,,45708,1191,,,1,70,,45699,1191,,,1,31,,45700,1191,,,1,70,,45705,1191,,,1,30,,45689,1191,,,1,67,,45702,1191,,,1,33,,45715,1191,,,1,70,,45713,1191,,,1,32,,45703,1191,,,1,70,,45690,1191,,,1,31,,45709,1191,,,1,70,,45701,1191,,,1,30,,45707,1191,,,1,70,,45716,1191,,,1,30,,45714,1191,,,1,70,,45691,1191,,,1,30,,45693,1191,,,1,70,,45683,1191,,,1,30,,45696,1191,,,1,70,,45692,1191,,,1,30,,45677,1191,,,1,70,,45684,1191,,,1,30,,45697,1191,,,1,67,,45681,1191,,,1,30,,45678,1191,,,1,70,,45680,1191,,,1,30,,45711,1191,,,1,70,,45694,1191,,,1,30,,45685,1191,,,1,70,,45698,1191,,,1,30,,45686,1191,,,1,70,,45687,1191,,,1,30,,45710,1191,,,1,70,,45712,1191,,,1,30,,45679,1191,,,1,70,,45695,1191,,,1
2101,'F2',544,,45733,1191,,,1,70,,45724,1191,,,1,30,,45737,1191,,,1,70,,45746,1191,,,1,30,,45747,1191,,,1,70,,45735,1191,,,1,30,,45750,1191,,,1,70,,45738,1191,,,1,30,,45725,1191,,,1,65,,45720,1191,,,1,31,,45734,1191,,,1,74,,45739,1191,,,1,33,,45721,1191,,,1,66,,45726,1191,,,1,34,,45730,1191,,,1,70,,45743,1191,,,1,30,,45748,1191,,,1,70,,45740,1191,,,1,30,,45751,1191,,,1,70,,45744,1191,,,1,30,,45749,1191,,,1,70,,45741,1191,,,1,30,,45753,1191,,,1,70,,45727,1191,,,1,30,,45752,1191,,,1,70,,45742,1191,,,1,30,,45754,1191,,,1,67,,45717,1191,,,1,30,,45731,1191,,,1,70,,45745,1191,,,1,30,,45728,1191,,,1,70,,45736,1191,,,1,30,,45722,1191,,,1,70,,45732,1191,,,1,30,,45718,1191,,,1,70,,45729,1191,,,1,30,,45756,1191,,,1,70,,45723,1191,,,1,30,,45755,1191,,,1,70,,45719,1191,,,1
2101,'F8',544,,27226,1191,,,1,70,,27217,1191,,,1,30,,27230,1191,,,1,70,,27239,1191,,,1,30,,27240,1191,,,1,70,,27228,1191,,,1,30,,27243,1191,,,1,70,,27231,1191,,,1,30,,27218,1191,,,1,65,,27213,1191,,,1,31,,27227,1191,,,1,74,,27232,1191,,,1,33,,27214,1191,,,1,66,,27219,1191,,,1,34,,27223,1191,,,1,70,,27236,1191,,,1,30,,27241,1191,,,1,70,,27233,1191,,,1,30,,27244,1191,,,1,70,,27237,1191,,,1,30,,27242,1191,,,1,70,,27234,1191,,,1,30,,27246,1191,,,1,70,,27220,1191,,,1,30,,27245,1191,,,1,70,,27235,1191,,,1,30,,27247,1191,,,1,67,,27210,1191,,,1,30,,27224,1191,,,1,70,,27238,1191,,,1,30,,27221,1191,,,1,70,,27229,1191,,,1,30,,27215,1191,,,1,70,,27225,1191,,,1,30,,27211,1191,,,1,70,,27222,1191,,,1,30,,27249,1191,,,1,70,,27216,1191,,,1,30,,27248,1191,,,1,70,,27212,1191,,,1
2101,'F9',544,,27261,1191,,,1,70,,27255,1191,,,1,30,,27277,1191,,,1,69,,27279,1191,,,1,30,,27281,1191,,,1,70,,27272,1191,,,1,31,,27273,1191,,,1,70,,27278,1191,,,1,30,,27262,1191,,,1,67,,27275,1191,,,1,33,,27288,1191,,,1,70,,27286,1191,,,1,32,,27276,1191,,,1,70,,27263,1191,,,1,31,,27282,1191,,,1,70,,27274,1191,,,1,30,,27280,1191,,,1,70,,27289,1191,,,1,30,,27287,1191,,,1,70,,27264,1191,,,1,30,,27266,1191,,,1,70,,27256,1191,,,1,30,,27269,1191,,,1,70,,27265,1191,,,1,30,,27250,1191,,,1,70,,27257,1191,,,1,30,,27270,1191,,,1,67,,27254,1191,,,1,30,,27251,1191,,,1,70,,27253,1191,,,1,30,,27284,1191,,,1,70,,27267,1191,,,1,30,,27258,1191,,,1,70,,27271,1191,,,1,30,,27259,1191,,,1,70,,27260,1191,,,1,30,,27283,1191,,,1,70,,27285,1191,,,1,30,,27252,1191,,,1,70,,27268,1191,,,1
2101,'SA',544,,27306,1191,,,1,70,,27297,1191,,,1,30,,27310,1191,,,1,70,,27319,1191,,,1,30,,27320,1191,,,1,70,,27308,1191,,,1,30,,27321,1191,,,1,70,,27311,1191,,,1,30,,27298,1191,,,1,65,,27293,1191,,,1,31,,27307,1191,,,1,74,,27312,1191,,,1,33,,27294,1191,,,1,66,,27299,1191,,,1,34,,27303,1191,,,1,70,,27316,1191,,,1,30,,6523,1191,,,1,70,,27313,1191,,,1,30,,27322,1191,,,1,70,,27317,1191,,,1,30,,6524,1191,,,1,70,,27314,1191,,,1,30,,27324,1191,,,1,70,,27300,1191,,,1,30,,27323,1191,,,1,70,,27315,1191,,,1,30,,27325,1191,,,1,67,,27290,1191,,,1,30,,27304,1191,,,1,70,,27318,1191,,,1,30,,27301,1191,,,1,70,,27309,1191,,,1,30,,27295,1191,,,1,70,,27305,1191,,,1,30,,27291,1191,,,1,70,,27302,1191,,,1,30,,27326,1191,,,1,70,,27296,1191,,,1,30,,6535,1191,,,1,70,,27292,1191,,,1
2101,'SE',442,,45761,1191,,,1,86,,45759,1191,,,1,26,,45794,1191,,,1,55,,45788,1191,,,1,15,,45785,1191,,,1,12,,45786,1191,,,1,12,,45798,1191,,,1,52,,45799,1191,,,1,13,,45795,1191,,,1,15,,45797,1191,,,1,22,,45789,1191,,,1,58,,45790,1191,,,1,17,,45801,1191,,,1,23,,45793,1191,,,1,56,,45802,1191,,,1,20,,45757,1191,,,1,21,,45763,1191,,,1,67,,45765,1191,,,1,33,,45768,1191,,,1,70,,45781,1191,,,1,30,,45764,1191,,,1,70,,45770,1191,,,1,33,,45758,1191,,,1,70,,45760,1191,,,1,30,,45769,1191,,,1,73,,45773,1191,,,1,28,,45783,1191,,,1,70,,45784,1191,,,1,33,,45796,1191,,,1,55,,45791,1191,,,1,15,,45800,1191,,,1,15,,45803,1191,,,1,15,,45804,1191,,,1,58,,45792,1191,,,1,19,,45787,1191,,,1,17,,45782,1191,,,1,60,,45778,1191,,,1,26,,45780,1191,,,1,69,,45766,1191,,,1,25,,45762,1191,,,1,30,,45772,1191,,,1,71,,45777,1191,,,1,29,,45775,1191,,,1,70,,45776,1191,,,1,30,,45779,1191,,,1,100,,45767,1191,,,1,100,,45774,1191,,,1,95,,45771,1191,,,1
4700,'DI',636,,30486,8352,,,1,100,,30472,8352,,,1,100,,30489,8352,,,1,100,,30490,8352,,,1,100,,30473,8352,,,1,100,,30478,8352,,,1,100,,30487,8352,,,1,100,,30474,8352,,,1,104,,30475,8352,,,1,91,,30481,8352,,,1,108,,30482,8352,,,1,102,,30476,8352,,,1,95,,30483,8352,,,1,96,,30479,8352,,,1,100,,30484,8352,,,1,100,,30477,8352,,,1,100,,30480,8352,,,1,100,,30485,8352,,,1,100,,30488,8352,,,1,100,,30491,8352,,,1
4700,'F1',636,,47077,8352,,,1,100,,47063,8352,,,1,100,,47080,8352,,,1,100,,47081,8352,,,1,100,,47064,8352,,,1,100,,47069,8352,,,1,100,,47078,8352,,,1,100,,47065,8352,,,1,104,,47066,8352,,,1,91,,47072,8352,,,1,108,,47073,8352,,,1,102,,47067,8352,,,1,95,,47074,8352,,,1,96,,47070,8352,,,1,100,,47075,8352,,,1,100,,47068,8352,,,1,100,,47071,8352,,,1,100,,47076,8352,,,1,100,,47079,8352,,,1,100,,47082,8352,,,1
4700,'F2',636,,47100,8352,,,1,103,,47086,8352,,,1,101,,47083,8352,,,1,96,,47090,8352,,,1,96,,47084,8352,,,1,104,,47091,8352,,,1,100,,47087,8352,,,1,100,,47092,8352,,,1,95,,47085,8352,,,1,104,,47088,8352,,,1,100,,47093,8352,,,1,101,,47089,8352,,,1,100,,47094,8352,,,1,96,,47097,8352,,,1,100,,47095,8352,,,1,100,,47096,8352,,,1,100,,47098,8352,,,1,100,,47099,8352,,,1,100,,47101,8352,,,1,100,,47102,8352,,,1
4700,'F8',636,,30588,8352,,,1,103,,30574,8352,,,1,101,,30571,8352,,,1,96,,30578,8352,,,1,96,,30572,8352,,,1,104,,30579,8352,,,1,100,,30575,8352,,,1,100,,30580,8352,,,1,95,,30573,8352,,,1,104,,30576,8352,,,1,100,,30581,8352,,,1,101,,30577,8352,,,1,100,,30582,8352,,,1,96,,30585,8352,,,1,100,,30583,8352,,,1,100,,30584,8352,,,1,100,,30586,8352,,,1,100,,30587,8352,,,1,100,,30589,8352,,,1,100,,30590,8352,,,1
4700,'F9',636,,30605,8352,,,1,100,,30591,8352,,,1,100,,30608,8352,,,1,100,,30609,8352,,,1,100,,30592,8352,,,1,100,,30597,8352,,,1,100,,30606,8352,,,1,100,,30593,8352,,,1,104,,30594,8352,,,1,91,,30600,8352,,,1,108,,30601,8352,,,1,102,,30595,8352,,,1,95,,30602,8352,,,1,96,,30598,8352,,,1,100,,30603,8352,,,1,100,,30596,8352,,,1,100,,30599,8352,,,1,100,,30604,8352,,,1,100,,30607,8352,,,1,100,,30610,8352,,,1
4700,'SA',636,,30628,8352,,,1,103,,30614,8352,,,1,101,,30611,8352,,,1,96,,30618,8352,,,1,96,,30612,8352,,,1,104,,30619,8352,,,1,100,,30615,8352,,,1,100,,30620,8352,,,1,95,,30613,8352,,,1,104,,30616,8352,,,1,100,,30621,8352,,,1,101,,30617,8352,,,1,100,,30622,8352,,,1,96,,30625,8352,,,1,100,,30623,8352,,,1,100,,30624,8352,,,1,100,,30626,8352,,,1,100,,30627,8352,,,1,100,,30629,8352,,,1,100,,30630,8352,,,1
4700,'SE',637,,47134,8352,,,1,72,,47107,8352,,,1,30,,47123,8352,,,1,73,,47120,8352,,,1,34,,47136,8352,,,1,69,,47124,8352,,,1,30,,47104,8352,,,1,70,,47117,8352,,,1,30,,47133,8352,,,1,70,,47118,8352,,,1,30,,47121,8352,,,1,70,,47130,8352,,,1,30,,47108,8352,,,1,70,,47114,8352,,,1,30,,47139,8352,,,1,70,,47128,8352,,,1,30,,47109,8352,,,1,70,,47137,8352,,,1,28,,47115,8352,,,1,68,,47140,8352,,,1,38,,47131,8352,,,1,55,,47122,8352,,,1,15,,47125,8352,,,1,14,,47112,8352,,,1,15,,47138,8352,,,1,54,,47132,8352,,,1,15,,47116,8352,,,1,15,,47106,8352,,,1,15,,47113,8352,,,1,58,,47110,8352,,,1,27,,47129,8352,,,1,70,,47119,8352,,,1,30,,47111,8352,,,1,70,,47135,8352,,,1,30,,47126,8352,,,1,70,,47141,8352,,,1,100,,47127,8352,,,1,100,,47103,8352,,,1,100,,47105,8352,,,1
