2500,'DI',714,,56116,11731,,,2
2500,'F1',714,,56117,11731,,,2
2500,'F2',714,,56118,11731,,,2
2500,'SA',714,,56119,11731,,,2
2500,'SE',539,,56125,11731,,,2,70,,56127,11731,,,2,29,,56142,11731,,,2,19,,56140,11731,,,2,61,,56136,11731,,,2,19,,56128,11731,,,2,71,,56129,11731,,,2,28,,56131,11731,,,2,74,,56138,11731,,,2,30,,56126,11731,,,2,470,,56130,11731,,,2,30,,56137,11731,,,2,69,,56145,11731,,,2,13,,56144,11731,,,2,18,,56143,11731,,,2,72,,56132,11731,,,2,31,,56120,11731,,,2,69,,56133,11731,,,2,30,,56123,11731,,,2,69,,56121,11731,,,2,28,,56134,11731,,,2,70,,56122,11731,,,2,335,,56139,11731,,,2,83,,56141,11731,,,2,15,,56124,11731,,,2,85,,56135,11731,,,2
12301,'DI',527,,37798,8555,,,1,100,,37808,8555,,,1,100,,37799,8555,,,1,100,,37809,8555,,,1,100,,37800,8555,,,1,100,,37810,8555,,,1,100,,37801,8555,,,1,100,,61842,8555,,,1,100,,37802,8555,,,1,100,,61843,8555,,,1,100,,37803,8555,,,1,100,,61844,8555,,,1,100,,61838,8555,,,1,100,,61845,8555,,,1,100,,61839,8555,,,1,100,,61846,8555,,,1,100,,61840,8555,,,1,100,,61847,8555,,,1,100,,61841,8555,,,1,100,,61848,8555,,,1
12301,'F1',527,,49985,8555,,,1,100,,49995,8555,,,1,100,,49986,8555,,,1,100,,49996,8555,,,1,100,,49987,8555,,,1,100,,49997,8555,,,1,100,,49988,8555,,,1,100,,61853,8555,,,1,100,,49989,8555,,,1,100,,61854,8555,,,1,100,,49990,8555,,,1,100,,61855,8555,,,1,100,,61849,8555,,,1,100,,61856,8555,,,1,100,,61850,8555,,,1,100,,61857,8555,,,1,100,,61851,8555,,,1,100,,61858,8555,,,1,100,,61852,8555,,,1,100,,61859,8555,,,1
12301,'F2',528,,61861,8555,,,1,100,,61860,8555,,,1,100,,61862,8555,,,1,99,,61868,8555,,,1,100,,61872,8555,,,1,100,,61863,8555,,,1,100,,61873,8555,,,1,100,,61864,8555,,,1,100,,61874,8555,,,1,100,,61865,8555,,,1,100,,61875,8555,,,1,100,,61866,8555,,,1,100,,61876,8555,,,1,100,,61867,8555,,,1,100,,61877,8555,,,1,100,,61869,8555,,,1,100,,61878,8555,,,1,100,,61870,8555,,,1,100,,61879,8555,,,1,100,,61871,8555,,,1
12301,'SA',528,,61881,8555,,,1,100,,61880,8555,,,1,100,,61882,8555,,,1,99,,61888,8555,,,1,100,,61892,8555,,,1,100,,61883,8555,,,1,100,,61893,8555,,,1,100,,61884,8555,,,1,100,,61894,8555,,,1,100,,61885,8555,,,1,100,,61895,8555,,,1,100,,61886,8555,,,1,100,,61896,8555,,,1,100,,61887,8555,,,1,100,,61897,8555,,,1,100,,61889,8555,,,1,100,,61898,8555,,,1,100,,61890,8555,,,1,100,,61899,8555,,,1,100,,61891,8555,,,1
12301,'SE',513,,61913,8555,,,1,30,,61916,8555,,,1,60,,50029,8555,,,1,21,,61904,8555,,,1,15,,61902,8555,,,1,66,,61901,8555,,,1,30,,61900,8555,,,1,70,,61903,8555,,,1,30,,61905,8555,,,1,69,,61910,8555,,,1,30,,61912,8555,,,1,96,,61909,8555,,,1,100,,61932,8555,,,1,100,,61908,8555,,,1,100,,61918,8555,,,1,100,,61922,8555,,,1,11,,61921,8555,,,1,64,,50049,8555,,,1,20,,50053,8555,,,1,15,,61927,8555,,,1,19,,61928,8555,,,1,46,,61924,8555,,,1,17,,61929,8555,,,1,10,,61931,8555,,,1,6,,61919,8555,,,1,64,,61926,8555,,,1,29,,50050,8555,,,1,69,,61911,8555,,,1,31,,61917,8555,,,1,26,,61920,8555,,,1,74,,61907,8555,,,1,28,,61906,8555,,,1,70,,61925,8555,,,1,98,,61930,8555,,,1,99,,61914,8555,,,1,100,,61923,8555,,,1,119,,61915,8555,,,1
