1701,'DI',609,,25564,11228,,,1,100,,25567,11228,,,1,30,,25560,11228,,,1,70,,25550,11228,,,1,30,,25556,11228,,,1,70,,25565,11228,,,1,30,,25578,11228,,,1,70,,25568,11228,,,1,30,,25573,11228,,,1,70,,25551,11228,,,1,30,,25575,11228,,,1,70,,25562,11228,,,1,30,,25571,11228,,,1,70,,25579,11228,,,1,30,,25557,11228,,,1,70,,25574,11228,,,1,30,,25563,11228,,,1,70,,25561,11228,,,1,30,,25577,11228,,,1,69,,25569,11228,,,1,30,,25552,11228,,,1,71,,25559,11228,,,1,30,,25553,11228,,,1,70,,25548,11228,,,1,31,,25554,11228,,,1,70,,25547,11228,,,1,99,,25576,11228,,,1,100,,25570,11228,,,1,100,,25555,11228,,,1,100,,25572,11228,,,1,100,,25558,11228,,,1,100,,25549,11228,,,1
1701,'F1',609,,45121,11228,,,1,100,,45124,11228,,,1,30,,45117,11228,,,1,70,,45107,11228,,,1,30,,45113,11228,,,1,70,,45122,11228,,,1,30,,45135,11228,,,1,70,,45125,11228,,,1,30,,45130,11228,,,1,70,,45108,11228,,,1,30,,45132,11228,,,1,70,,45119,11228,,,1,30,,45128,11228,,,1,70,,45136,11228,,,1,30,,45114,11228,,,1,70,,45131,11228,,,1,30,,45120,11228,,,1,70,,45118,11228,,,1,30,,45134,11228,,,1,69,,45126,11228,,,1,30,,45109,11228,,,1,71,,45116,11228,,,1,30,,45110,11228,,,1,70,,45105,11228,,,1,31,,45111,11228,,,1,70,,45104,11228,,,1,99,,45133,11228,,,1,100,,45127,11228,,,1,100,,45112,11228,,,1,100,,45129,11228,,,1,100,,45115,11228,,,1,100,,45106,11228,,,1
1701,'F2',609,,45164,11228,,,1,100,,45158,11228,,,1,30,,45153,11228,,,1,70,,45168,11228,,,1,30,,45140,11228,,,1,70,,45152,11228,,,1,30,,45165,11228,,,1,70,,45150,11228,,,1,30,,45139,11228,,,1,70,,45159,11228,,,1,30,,45141,11228,,,1,70,,45145,11228,,,1,30,,45137,11228,,,1,70,,45147,11228,,,1,30,,45154,11228,,,1,70,,45160,11228,,,1,30,,45166,11228,,,1,70,,45146,11228,,,1,30,,45167,11228,,,1,70,,45155,11228,,,1,30,,45162,11228,,,1,69,,45161,11228,,,1,30,,45142,11228,,,1,71,,45144,11228,,,1,30,,45143,11228,,,1,71,,45148,11228,,,1,99,,45163,11228,,,1,100,,45156,11228,,,1,100,,45151,11228,,,1,100,,45149,11228,,,1,100,,45138,11228,,,1,100,,45169,11228,,,1
1701,'F8',609,,25673,11228,,,1,100,,25667,11228,,,1,30,,25662,11228,,,1,70,,25677,11228,,,1,30,,25649,11228,,,1,70,,25661,11228,,,1,30,,25674,11228,,,1,70,,25659,11228,,,1,30,,25648,11228,,,1,70,,25668,11228,,,1,30,,25650,11228,,,1,70,,25654,11228,,,1,30,,25646,11228,,,1,70,,25656,11228,,,1,30,,25663,11228,,,1,70,,25669,11228,,,1,30,,25675,11228,,,1,70,,25655,11228,,,1,30,,25676,11228,,,1,70,,25664,11228,,,1,30,,25671,11228,,,1,69,,25670,11228,,,1,30,,25651,11228,,,1,71,,25653,11228,,,1,30,,25652,11228,,,1,71,,25657,11228,,,1,99,,25672,11228,,,1,100,,25665,11228,,,1,100,,25660,11228,,,1,100,,25658,11228,,,1,100,,25647,11228,,,1,100,,25678,11228,,,1
1701,'F9',609,,25696,11228,,,1,100,,25699,11228,,,1,30,,25692,11228,,,1,70,,25682,11228,,,1,30,,25688,11228,,,1,70,,25697,11228,,,1,30,,25710,11228,,,1,70,,25700,11228,,,1,30,,25705,11228,,,1,70,,25683,11228,,,1,30,,25707,11228,,,1,70,,25694,11228,,,1,30,,25703,11228,,,1,70,,25711,11228,,,1,30,,25689,11228,,,1,70,,25706,11228,,,1,30,,25695,11228,,,1,70,,25693,11228,,,1,30,,25709,11228,,,1,69,,25701,11228,,,1,30,,25684,11228,,,1,71,,25691,11228,,,1,30,,25685,11228,,,1,70,,25680,11228,,,1,31,,25686,11228,,,1,70,,25679,11228,,,1,99,,25708,11228,,,1,100,,25702,11228,,,1,100,,25687,11228,,,1,100,,25704,11228,,,1,100,,25690,11228,,,1,100,,25681,11228,,,1
1701,'SA',609,,25737,11228,,,1,100,,25731,11228,,,1,30,,25727,11228,,,1,70,,25741,11228,,,1,30,,25715,11228,,,1,70,,5087,11228,,,1,30,,25738,11228,,,1,70,,25725,11228,,,1,30,,25714,11228,,,1,70,,25732,11228,,,1,30,,25716,11228,,,1,70,,25720,11228,,,1,30,,25712,11228,,,1,70,,25722,11228,,,1,30,,25728,11228,,,1,70,,25733,11228,,,1,30,,25739,11228,,,1,70,,25721,11228,,,1,30,,25740,11228,,,1,70,,25729,11228,,,1,30,,25735,11228,,,1,69,,25734,11228,,,1,30,,25717,11228,,,1,71,,25719,11228,,,1,30,,25718,11228,,,1,71,,25723,11228,,,1,99,,25736,11228,,,1,100,,5098,11228,,,1,100,,25726,11228,,,1,100,,25724,11228,,,1,100,,25713,11228,,,1,100,,25742,11228,,,1
2501,'DI',1616,,27599,16310,,,2
2501,'F1',1616,,45883,16310,,,2
2501,'F2',1616,,45884,16310,,,2
2501,'F8',1616,,27634,16310,,,2
2501,'F9',1616,,27635,16310,,,2
2501,'SA',1616,,27636,16310,,,2
2501,'SE',528,,45907,14673,,,2,30,,45897,14673,,,2,63,,45894,14673,,,2,34,,45908,14673,,,2,76,,45912,16310,,,2,70,,45911,16310,,,2,26,,45898,14673,,,2,30,,45885,14673,,,2,67,,45900,14673,,,2,505,,45890,14673,,,2,71,,45901,14673,,,2,33,,45887,14673,,,2,71,,45914,16310,,,2,20,,45910,16310,,,2,12,,45913,16310,,,2,9,,45906,14673,,,2,59,,45889,14673,,,2,14,,45888,14673,,,2,14,,45892,14673,,,2,68,,45902,14673,,,2,27,,45886,14673,,,2,29,,45893,14673,,,2,99,,45896,14673,,,2,385,,45909,14673,,,2,86,,45915,16310,,,2,12,,45904,14673,,,2,75,,45905,14673,,,2
7601,'SE',521,,48822,8345,,,1,30,,48825,8345,,,1,70,,48826,8345,,,1,27,,48830,8345,,,1,61,,48831,8345,,,1,20,,48827,8345,,,1,22,,48844,8345,,,1,53,,48811,8345,,,1,10,,48814,8345,,,1,21,,48817,8345,,,1,22,,48845,8345,,,1,66,,48815,8345,,,1,29,,48818,8345,,,1,70,,48809,8345,,,1,30,,48828,8345,,,1,70,,48820,8345,,,1,30,,48816,8345,,,1,70,,48812,8345,,,1,30,,48810,8345,,,1,70,,48847,8345,,,1,30,,48807,8345,,,1,70,,48829,8345,,,1,32,,48813,8345,,,1,76,,48819,8345,,,1,26,,48832,8345,,,1,72,,48834,8345,,,1,74,,48824,8345,,,1,24,,48842,8345,,,1,15,,48846,8345,,,1,59,,48848,8345,,,1,21,,48821,8345,,,1,17,,48843,8345,,,1,18,,48851,8345,,,1,66,,48833,8345,,,1,30,,48823,8345,,,1,70,,48808,8345,,,1,29,,48835,8345,,,1,70,,48849,8345,,,1,30,,48836,8345,,,1,70,,48850,8345,,,1,29,,48837,8345,,,1,70,,48840,8345,,,1,30,,48838,8345,,,1,70,,48841,8345,,,1,30,,48839,8345,,,1
