3300,'SE',1607,,28812,5094,,,2,34,,28809,5094,,,2,67,,28810,5094,,,2,30,,28811,5094,,,2,71,,28813,5094,,,2,28,,28814,5094,,,2
4401,'DI',625,,30200,1388,,,2,101,,30205,1388,,,2,103,,30195,1388,,,2,101,,30198,1388,,,2,96,,30192,1388,,,2,100,,30206,1388,,,2,100,,30193,1388,,,2,100,,30207,1388,,,2,100,,30201,1388,,,2,98,,30208,1388,,,2,104,,30202,1388,,,2,99,,30196,1388,,,2,102,,30194,1388,,,2,97,,30199,1388,,,2,100,,30197,1388,,,2,101,,30203,1388,,,2,99,,30209,1388,,,2,101,,30204,1388,,,2,100,,30210,1388,,,2
4401,'F8',625,,30286,1388,,,2,103,,30288,1388,,,2,98,,30293,1388,,,2,100,,30289,1388,,,2,100,,30294,1388,,,2,100,,30290,1388,,,2,100,,30295,1388,,,2,105,,30291,1388,,,2,100,,30296,1388,,,2,95,,30292,1388,,,2,105,,30297,1388,,,2,100,,30301,1388,,,2,101,,30300,1388,,,2,94,,30298,1388,,,2,100,,30287,1388,,,2,101,,30299,1388,,,2,100,,30304,1388,,,2,98,,30302,1388,,,2,103,,30303,1388,,,2
4401,'F9',625,,30313,1388,,,2,101,,30318,1388,,,2,103,,30308,1388,,,2,101,,30311,1388,,,2,96,,30305,1388,,,2,100,,30319,1388,,,2,100,,30306,1388,,,2,100,,30320,1388,,,2,100,,30314,1388,,,2,98,,30321,1388,,,2,104,,30315,1388,,,2,99,,30309,1388,,,2,102,,30307,1388,,,2,97,,30312,1388,,,2,100,,30310,1388,,,2,101,,30316,1388,,,2,99,,30322,1388,,,2,101,,30317,1388,,,2,100,,30323,1388,,,2
4401,'SA',625,,30324,1388,,,2,103,,30326,1388,,,2,98,,30331,1388,,,2,100,,30327,1388,,,2,100,,30332,1388,,,2,100,,30328,1388,,,2,100,,30333,1388,,,2,105,,30329,1388,,,2,100,,30334,1388,,,2,95,,30330,1388,,,2,105,,30335,1388,,,2,100,,30339,1388,,,2,101,,30338,1388,,,2,94,,30336,1388,,,2,100,,30325,1388,,,2,101,,30337,1388,,,2,100,,30342,1388,,,2,98,,30340,1388,,,2,103,,30341,1388,,,2
4401,'SE',605,,30374,1388,,,2,16,,30355,1388,,,2,15,,30375,1388,,,2,16,,30364,1388,,,2,54,,30358,1388,,,2,11,,30346,1388,,,2,15,,30360,1388,,,2,15,,30359,1388,,,2,10,,30376,1388,,,2,58,,30361,1388,,,2,16,,30377,1388,,,2,94,,30368,1388,,,2,100,,30373,1388,,,2,100,,30343,1388,,,2,101,,30349,1388,,,2,100,,30353,1388,,,2,100,,30350,1388,,,2,100,,30365,1388,,,2,21,,30347,1388,,,2,55,,30366,1388,,,2,18,,30369,1388,,,2,16,,30367,1388,,,2,14,,30362,1388,,,2,52,,30356,1388,,,2,15,,30348,1388,,,2,15,,30363,1388,,,2,16,,30344,1388,,,2,53,,30351,1388,,,2,16,,30357,1388,,,2,19,,30352,1388,,,2,89,,30379,1388,,,2,100,,30378,1388,,,2,100,,30345,1388,,,2,100,,30370,1388,,,2,100,,30354,1388,,,2,100,,30372,1388,,,2,100,,30371,1388,,,2
53300,'SE',1634,,40663,8457,,,2
53400,'SE',1638,,40667,8457,,,2
67400,'SE',1610,,40879,1886,,,2
67401,'SE',847,,40881,750,,,2
