1301,'DI',622,,24063,875,,,1,100,,3602,875,,,1,100,,24064,875,,,1,100,,3603,875,,,1,100,,24065,875,,,1,100,,3604,875,,,1,100,,24066,875,,,1,100,,3605,875,,,1,100,,24068,875,,,1,100,,24075,875,,,1,100,,24060,875,,,1,100,,24067,875,,,1,100,,24062,875,,,1,100,,24069,875,,,1,100,,24073,875,,,1,100,,24071,875,,,1,100,,24070,875,,,1,100,,24061,875,,,1,100,,24074,875,,,1,100,,24072,875,,,1
1301,'F8',622,,24168,875,,,1,100,,24161,875,,,1,100,,24169,875,,,1,100,,24162,875,,,1,100,,24163,875,,,1,100,,24170,875,,,1,100,,24172,875,,,1,100,,24164,875,,,1,100,,24173,875,,,1,100,,24165,875,,,1,100,,24160,875,,,1,100,,24175,875,,,1,100,,24178,875,,,1,100,,24166,875,,,1,100,,24174,875,,,1,100,,24171,875,,,1,100,,24179,875,,,1,100,,24176,875,,,1,100,,24167,875,,,1,100,,24177,875,,,1
1301,'F9',622,,24187,875,,,1,100,,24182,875,,,1,100,,24188,875,,,1,100,,24183,875,,,1,100,,24189,875,,,1,100,,24184,875,,,1,100,,24190,875,,,1,100,,24185,875,,,1,100,,24192,875,,,1,100,,24199,875,,,1,100,,24180,875,,,1,100,,24191,875,,,1,100,,24186,875,,,1,100,,24193,875,,,1,100,,24197,875,,,1,100,,24195,875,,,1,100,,24194,875,,,1,100,,24181,875,,,1,100,,24198,875,,,1,100,,24196,875,,,1
1301,'SA',622,,24208,875,,,1,100,,24201,875,,,1,100,,24209,875,,,1,100,,24202,875,,,1,100,,24203,875,,,1,100,,24210,875,,,1,100,,24212,875,,,1,100,,24204,875,,,1,100,,24213,875,,,1,100,,24205,875,,,1,100,,24200,875,,,1,100,,24215,875,,,1,100,,24218,875,,,1,100,,24206,875,,,1,100,,24214,875,,,1,100,,24211,875,,,1,100,,24219,875,,,1,100,,24216,875,,,1,100,,24207,875,,,1,100,,24217,875,,,1
1301,'SE',528,,24234,875,,,1,72,,24235,875,,,1,30,,24233,875,,,1,16,,24222,875,,,1,54,,24258,875,,,1,13,,24224,875,,,1,14,,24251,875,,,1,19,,24225,875,,,1,55,,24223,875,,,1,13,,24262,875,,,1,15,,24244,875,,,1,15,,24240,875,,,1,60,,24243,875,,,1,30,,24236,875,,,1,70,,24221,875,,,1,30,,24239,875,,,1,70,,24253,875,,,1,30,,24231,875,,,1,70,,24245,875,,,1,30,,24232,875,,,1,70,,24237,875,,,1,30,,24254,875,,,1,70,,24241,875,,,1,30,,24246,875,,,1,69,,24259,875,,,1,34,,24256,875,,,1,69,,24220,875,,,1,27,,24227,875,,,1,15,,24242,875,,,1,60,,24238,875,,,1,22,,24263,875,,,1,18,,24249,875,,,1,61,,24247,875,,,1,29,,24228,875,,,1,69,,24261,875,,,1,30,,24226,875,,,1,70,,24255,875,,,1,30,,24257,875,,,1,70,,24248,875,,,1,30,,24260,875,,,1,100,,24250,875,,,1,100,,24252,875,,,1,100,,24229,875,,,1,100,,24230,875,,,1
1501,'DI',647,,24559,875,,,1,100,,24556,875,,,1,100,,24553,875,,,1,100,,24566,875,,,1,100,,24571,875,,,1,100,,24564,875,,,1,100,,24560,875,,,1,100,,24554,875,,,1,100,,24568,875,,,1,100,,24555,875,,,1,100,,24563,875,,,1,100,,24561,875,,,1,100,,24565,875,,,1,100,,24569,875,,,1,100,,24567,875,,,1,100,,24562,875,,,1,100,,24557,875,,,1,100,,24570,875,,,1,100,,24558,875,,,1
1501,'F8',647,,24664,875,,,1,100,,24658,875,,,1,100,,24652,875,,,1,100,,24665,875,,,1,100,,24650,875,,,1,100,,24649,875,,,1,100,,24661,875,,,1,100,,24656,875,,,1,100,,24660,875,,,1,102,,24657,875,,,1,98,,24653,875,,,1,100,,24659,875,,,1,100,,24662,875,,,1,100,,24663,875,,,1,100,,24651,875,,,1,100,,24666,875,,,1,100,,24654,875,,,1,100,,24667,875,,,1,100,,24655,875,,,1
1501,'F9',647,,24674,875,,,1,100,,24671,875,,,1,100,,24668,875,,,1,100,,24681,875,,,1,100,,24686,875,,,1,100,,24679,875,,,1,100,,24675,875,,,1,100,,24669,875,,,1,100,,24683,875,,,1,100,,24670,875,,,1,100,,24678,875,,,1,100,,24676,875,,,1,100,,24680,875,,,1,100,,24684,875,,,1,100,,24682,875,,,1,100,,24677,875,,,1,100,,24672,875,,,1,100,,24685,875,,,1,100,,24673,875,,,1
1501,'SA',647,,24702,875,,,1,100,,24696,875,,,1,100,,24690,875,,,1,100,,24703,875,,,1,100,,24688,875,,,1,100,,24687,875,,,1,100,,24699,875,,,1,100,,24694,875,,,1,100,,24698,875,,,1,102,,24695,875,,,1,98,,24691,875,,,1,100,,24697,875,,,1,100,,24700,875,,,1,100,,24701,875,,,1,100,,24689,875,,,1,100,,24704,875,,,1,100,,24692,875,,,1,100,,24705,875,,,1,100,,24693,875,,,1
1501,'SE',511,,24718,875,,,1,46,,24710,875,,,1,70,,24716,875,,,1,30,,24738,875,,,1,60,,24726,875,,,1,20,,24720,875,,,1,20,,24711,875,,,1,70,,24707,875,,,1,30,,24744,875,,,1,71,,24728,875,,,1,29,,24717,875,,,1,70,,24736,875,,,1,30,,24730,875,,,1,70,,24712,875,,,1,31,,24714,875,,,1,70,,24731,875,,,1,30,,24733,875,,,1,70,,24715,875,,,1,30,,24713,875,,,1,70,,24739,875,,,1,30,,24721,875,,,1,71,,24742,875,,,1,23,,24737,875,,,1,79,,24734,875,,,1,27,,24723,875,,,1,70,,24709,875,,,1,31,,24743,875,,,1,68,,24732,875,,,1,30,,24722,875,,,1,70,,24740,875,,,1,30,,24735,875,,,1,70,,24708,875,,,1,30,,24729,875,,,1,70,,24741,875,,,1,30,,24725,875,,,1,70,,24706,875,,,1,100,,24719,875,,,1,100,,24724,875,,,1,100,,24727,875,,,1
3001,'SE',557,,28292,842,0,60 23,2,70,,28293,842,0,60 23,2,30,,28294,842,0,60 23,2,70,,28296,842,0,60 23,2,32,,28295,842,0,60 23,2,72,,28297,842,0,60 23,2,721,,28300,842,0,60 23,2,71,,28301,842,0,60 23,2,28,,28298,842,0,60 23,2,72,,28299,842,0,60 23,2,31,,28302,842,0,60 23,2
52600,'SE',1631,,40645,4940,,,2,1,,40644,4940,,,2
61801,'SE',835,,40781,788,,,2
