100,'DI',659,,20128,4437,0,14,1,100,,20129,4437,0,14,1,100,,20130,4437,0,14,1,100,,20131,4437,0,14,1,100,,20132,4437,0,14,1,100,,20133,4437,0,14,1,100,,20134,4437,0,14,1,141,,20135,4437,0,14,1,100,,20136,4437,0,14,1,58,,20138,4437,0,14,1,100,,20139,4437,0,14,1,100,,20140,4437,0,14,1,100,,20141,4437,0,14,1,100,,20142,4437,0,14,1,100,,20143,4437,0,14,1,100,,20144,4437,0,14,1,100,,20145,4437,0,14,1,100,,20148,4437,0,14,1,100,,20146,4437,0,14,1,100,,20147,4437,0,14,1
100,'F1',659,,42996,4437,0,14,1,100,,42997,4437,0,14,1,100,,42998,4437,0,14,1,100,,42999,4437,0,14,1,100,,43000,4437,0,14,1,100,,43001,4437,0,14,1,100,,43002,4437,0,14,1,141,,43003,4437,0,14,1,100,,43004,4437,0,14,1,58,,43006,4437,0,14,1,100,,43007,4437,0,14,1,100,,43008,4437,0,14,1,100,,43009,4437,0,14,1,100,,43010,4437,0,14,1,100,,43011,4437,0,14,1,100,,43012,4437,0,14,1,100,,43013,4437,0,14,1,100,,43016,4437,0,14,1,100,,43014,4437,0,14,1,100,,43015,4437,0,14,1
100,'F2',629,,43039,4437,0,14,1,30,,43028,4437,0,14,1,70,,43040,4437,0,14,1,30,,43029,4437,0,14,1,70,,43041,4437,0,14,1,30,,43030,4437,0,14,1,70,,43043,4437,0,14,1,30,,43031,4437,0,14,1,70,,43044,4437,0,14,1,30,,43032,4437,0,14,1,70,,43045,4437,0,14,1,30,,43033,4437,0,14,1,70,,43046,4437,0,14,1,30,,43034,4437,0,14,1,71,,43050,4437,0,14,1,70,,43035,4437,0,14,1,30,,43051,4437,0,14,1,70,,43036,4437,0,14,1,28,,43047,4437,0,14,1,30,,43017,4437,0,14,1,70,,43048,4437,0,14,1,30,,43018,4437,0,14,1,70,,43049,4437,0,14,1,30,,43019,4437,0,14,1,70,,43038,4437,0,14,1,30,,43020,4437,0,14,1,100,,43021,4437,0,14,1,100,,43022,4437,0,14,1,100,,43023,4437,0,14,1,100,,43024,4437,0,14,1,100,,43025,4437,0,14,1,100,,43026,4437,0,14,1,100,,43027,4437,0,14,1
100,'F8',629,,20280,4437,0,14,1,30,,20269,4437,0,14,1,70,,20281,4437,0,14,1,30,,20270,4437,0,14,1,70,,20282,4437,0,14,1,30,,20271,4437,0,14,1,70,,20284,4437,0,14,1,30,,20272,4437,0,14,1,70,,20285,4437,0,14,1,30,,20273,4437,0,14,1,70,,20286,4437,0,14,1,30,,20274,4437,0,14,1,70,,20287,4437,0,14,1,30,,20275,4437,0,14,1,71,,20291,4437,0,14,1,70,,20276,4437,0,14,1,30,,20292,4437,0,14,1,70,,20277,4437,0,14,1,28,,20288,4437,0,14,1,30,,20258,4437,0,14,1,70,,20289,4437,0,14,1,30,,20259,4437,0,14,1,70,,20290,4437,0,14,1,30,,20260,4437,0,14,1,70,,20279,4437,0,14,1,30,,20261,4437,0,14,1,100,,20262,4437,0,14,1,100,,20263,4437,0,14,1,100,,20264,4437,0,14,1,100,,20265,4437,0,14,1,100,,20266,4437,0,14,1,100,,20267,4437,0,14,1,100,,20268,4437,0,14,1
100,'F9',659,,20293,4437,0,14,1,100,,20294,4437,0,14,1,100,,20295,4437,0,14,1,100,,20296,4437,0,14,1,100,,20297,4437,0,14,1,100,,20298,4437,0,14,1,100,,20299,4437,0,14,1,141,,20300,4437,0,14,1,100,,20301,4437,0,14,1,58,,20303,4437,0,14,1,100,,20304,4437,0,14,1,100,,20305,4437,0,14,1,100,,20306,4437,0,14,1,100,,20307,4437,0,14,1,100,,20308,4437,0,14,1,100,,20309,4437,0,14,1,100,,20310,4437,0,14,1,100,,20313,4437,0,14,1,100,,20311,4437,0,14,1,100,,20312,4437,0,14,1
100,'SA',629,,20325,4437,0,14,1,30,,20314,4437,0,14,1,70,,20326,4437,0,14,1,30,,20315,4437,0,14,1,70,,20327,4437,0,14,1,30,,20316,4437,0,14,1,70,,20329,4437,0,14,1,30,,20317,4437,0,14,1,70,,20330,4437,0,14,1,30,,20318,4437,0,14,1,70,,20331,4437,0,14,1,30,,20319,4437,0,14,1,70,,20332,4437,0,14,1,30,,20320,4437,0,14,1,71,,20336,4437,0,14,1,70,,20321,4437,0,14,1,30,,20337,4437,0,14,1,70,,20322,4437,0,14,1,28,,20333,4437,0,14,1,30,,164,4437,0,14,1,70,,20334,4437,0,14,1,30,,165,4437,0,14,1,70,,20335,4437,0,14,1,30,,166,4437,0,14,1,70,,20324,4437,0,14,1,30,,167,4437,0,14,1,100,,168,4437,0,14,1,100,,169,4437,0,14,1,100,,170,4437,0,14,1,100,,171,4437,0,14,1,100,,172,4437,0,14,1,100,,173,4437,0,14,1,100,,174,4437,0,14,1
100,'SE',551,,43086,4437,0,14,1,76,,43090,4437,0,14,1,29,,43087,4437,0,14,1,75,,43052,4437,0,14,1,69,,43072,4437,0,14,1,35,,43065,4437,0,14,1,80,,43064,4437,0,14,1,30,,43067,4437,0,14,1,70,,43082,4437,0,14,1,30,,43061,4437,0,14,1,70,,43095,4437,0,14,1,30,,43053,4437,0,14,1,71,,43080,4437,0,14,1,30,,43075,4437,0,14,1,70,,43074,4437,0,14,1,30,,43094,4437,0,14,1,70,,43054,4437,0,14,1,30,,43096,4437,0,14,1,71,,43076,4437,0,14,1,18,,43088,4437,0,14,1,21,,43083,4437,0,14,1,55,,43062,4437,0,14,1,19,,43069,4437,0,14,1,12,,43098,4437,0,14,1,62,,43084,4437,0,14,1,12,,20368,4437,0,14,1,12,,43063,4437,0,14,1,15,,43100,4437,0,14,1,12,,43070,4437,0,14,1,55,,43089,4437,0,14,1,15,,43066,4437,0,14,1,20,,43093,4437,0,14,1,69,,43097,4437,0,14,1,30,,43092,4437,0,14,1,70,,43091,4437,0,14,1,30,,43055,4437,0,14,1,70,,43079,4437,0,14,1,30,,43056,4437,0,14,1,100,,43057,4437,0,14,1,99,,43058,4437,0,14,1,100,,43059,4437,0,14,1,99,,43060,4437,0,14,1
600,'DI',635,,22284,4107,,,1,70,,22276,4107,,,1,30,,22272,4107,,,1,71,,22283,4107,,,1,30,,22269,4107,,,1,70,,22261,4107,,,1,31,,22273,4107,,,1,70,,22280,4107,,,1,30,,22257,4107,,,1,69,,1973,4107,,,1,31,,22265,4107,,,1,70,,22258,4107,,,1,30,,22262,4107,,,1,74,,22268,4107,,,1,29,,22259,4107,,,1,70,,22270,4107,,,1,27,,22266,4107,,,1,73,,22263,4107,,,1,30,,22274,4107,,,1,69,,22285,4107,,,1,31,,22277,4107,,,1,67,,22275,4107,,,1,30,,22286,4107,,,1,70,,22278,4107,,,1,28,,22260,4107,,,1,71,,22267,4107,,,1,104,,22281,4107,,,1,100,,22271,4107,,,1,100,,22264,4107,,,1,100,,22256,4107,,,1,100,,22279,4107,,,1,100,,22282,4107,,,1
600,'F1',635,,43870,4107,,,1,70,,43862,4107,,,1,30,,43858,4107,,,1,71,,43869,4107,,,1,30,,43855,4107,,,1,70,,43846,4107,,,1,31,,43859,4107,,,1,70,,43866,4107,,,1,30,,43842,4107,,,1,69,,43847,4107,,,1,31,,43851,4107,,,1,70,,43843,4107,,,1,30,,43848,4107,,,1,74,,43854,4107,,,1,29,,43844,4107,,,1,70,,43856,4107,,,1,27,,43852,4107,,,1,73,,43849,4107,,,1,30,,43860,4107,,,1,69,,43871,4107,,,1,31,,43863,4107,,,1,67,,43861,4107,,,1,30,,43872,4107,,,1,70,,43864,4107,,,1,28,,43845,4107,,,1,71,,43853,4107,,,1,104,,43867,4107,,,1,100,,43857,4107,,,1,100,,43850,4107,,,1,100,,43841,4107,,,1,100,,43865,4107,,,1,100,,43868,4107,,,1
600,'F2',635,,43904,4107,,,1,71,,43893,4107,,,1,29,,43889,4107,,,1,70,,43886,4107,,,1,34,,43890,4107,,,1,66,,43894,4107,,,1,35,,43903,4107,,,1,63,,43891,4107,,,1,32,,43900,4107,,,1,69,,43887,4107,,,1,30,,43880,4107,,,1,78,,43888,4107,,,1,30,,43881,4107,,,1,67,,43873,4107,,,1,31,,43895,4107,,,1,67,,43882,4107,,,1,30,,43874,4107,,,1,70,,43896,4107,,,1,30,,43883,4107,,,1,70,,43875,4107,,,1,30,,43897,4107,,,1,70,,43884,4107,,,1,30,,43876,4107,,,1,70,,43898,4107,,,1,30,,43885,4107,,,1,70,,43901,4107,,,1,105,,43892,4107,,,1,100,,43877,4107,,,1,99,,43879,4107,,,1,100,,43902,4107,,,1,100,,43899,4107,,,1,100,,43878,4107,,,1
600,'F8',635,,22417,4107,,,1,71,,22406,4107,,,1,29,,22402,4107,,,1,70,,22399,4107,,,1,34,,22403,4107,,,1,66,,22407,4107,,,1,35,,22416,4107,,,1,63,,22404,4107,,,1,32,,22413,4107,,,1,69,,22400,4107,,,1,30,,22393,4107,,,1,78,,22401,4107,,,1,30,,22394,4107,,,1,67,,22386,4107,,,1,31,,22408,4107,,,1,67,,22395,4107,,,1,30,,22387,4107,,,1,70,,22409,4107,,,1,30,,22396,4107,,,1,70,,22388,4107,,,1,30,,22410,4107,,,1,70,,22397,4107,,,1,30,,22389,4107,,,1,70,,22411,4107,,,1,30,,22398,4107,,,1,70,,22414,4107,,,1,105,,22405,4107,,,1,100,,22390,4107,,,1,99,,22392,4107,,,1,100,,22415,4107,,,1,100,,22412,4107,,,1,100,,22391,4107,,,1
600,'F9',635,,22447,4107,,,1,70,,22439,4107,,,1,30,,22435,4107,,,1,71,,22446,4107,,,1,30,,22432,4107,,,1,70,,22423,4107,,,1,31,,22436,4107,,,1,70,,22443,4107,,,1,30,,22419,4107,,,1,69,,22424,4107,,,1,31,,22428,4107,,,1,70,,22420,4107,,,1,30,,22425,4107,,,1,74,,22431,4107,,,1,29,,22421,4107,,,1,70,,22433,4107,,,1,27,,22429,4107,,,1,73,,22426,4107,,,1,30,,22437,4107,,,1,69,,22448,4107,,,1,31,,22440,4107,,,1,67,,22438,4107,,,1,30,,22449,4107,,,1,70,,22441,4107,,,1,28,,22422,4107,,,1,71,,22430,4107,,,1,104,,22444,4107,,,1,100,,22434,4107,,,1,100,,22427,4107,,,1,100,,22418,4107,,,1,100,,22442,4107,,,1,100,,22445,4107,,,1
600,'SA',635,,22481,4107,,,1,71,,22470,4107,,,1,29,,22466,4107,,,1,70,,22463,4107,,,1,34,,22467,4107,,,1,66,,22471,4107,,,1,35,,22480,4107,,,1,63,,22468,4107,,,1,32,,22477,4107,,,1,69,,22464,4107,,,1,30,,22457,4107,,,1,78,,22465,4107,,,1,30,,22458,4107,,,1,67,,22450,4107,,,1,31,,22472,4107,,,1,67,,22459,4107,,,1,30,,22451,4107,,,1,70,,22473,4107,,,1,30,,22460,4107,,,1,70,,22452,4107,,,1,30,,22474,4107,,,1,70,,22461,4107,,,1,30,,22453,4107,,,1,70,,22475,4107,,,1,30,,22462,4107,,,1,70,,22478,4107,,,1,105,,22469,4107,,,1,100,,22454,4107,,,1,99,,22456,4107,,,1,100,,22479,4107,,,1,100,,22476,4107,,,1,100,,22455,4107,,,1
600,'SE',547,,43911,4107,,,1,70,,43936,4107,,,1,30,,43917,4107,,,1,71,,43937,4107,,,1,31,,43916,4107,,,1,67,,43931,4107,,,1,33,,43932,4107,,,1,69,,43922,4107,,,1,30,,43924,4107,,,1,70,,43906,4107,,,1,30,,43940,4107,,,1,70,,43918,4107,,,1,30,,43929,4107,,,1,70,,43934,4107,,,1,30,,43919,4107,,,1,70,,43912,4107,,,1,30,,43925,4107,,,1,71,,43930,4107,,,1,29,,43905,4107,,,1,72,,43920,4107,,,1,30,,43913,4107,,,1,69,,43939,4107,,,1,38,,43935,4107,,,1,65,,43910,4107,,,1,29,,43909,4107,,,1,68,,43938,4107,,,1,30,,43915,4107,,,1,70,,43928,4107,,,1,29,,43914,4107,,,1,70,,43927,4107,,,1,29,,43921,4107,,,1,70,,43933,4107,,,1,100,,43923,4107,,,1,100,,43907,4107,,,1,100,,43908,4107,,,1,100,,43926,4107,,,1
5500,'SE',1618,,47691,9560,0,16,2,18,,47693,9560,0,16,2,15,,47695,9560,0,16,2,56,,47687,9560,0,16,2,14,,47689,9560,0,16,2,15,,47692,9560,0,16,2,15,,47694,9560,0,16,2,55,,47696,9560,0,16,2,20,,47688,9560,0,16,2,20,,47690,9560,0,16,2
