2000,'DI',617,,26261,5854,,,2,100,,26264,5854,,,2,100,,26267,5854,,,2,100,,26259,5854,,,2,100,,26265,5854,,,2,97,,26268,5854,,,2,103,,26269,5854,,,2,100,,26266,5854,,,2,100,,26270,5854,,,2,100,,26262,5854,,,2,97,,26273,5854,,,2,103,,26274,5854,,,2,100,,26263,5854,,,2,100,,26271,5854,,,2,100,,26260,5854,,,2,100,,26275,5854,,,2,100,,26272,5854,,,2,100,,26276,5854,,,2,100,,26277,5854,,,2
2000,'F8',619,,26384,5854,,,2,100,,26378,5854,,,2,100,,26375,5854,,,2,100,,26369,5854,,,2,100,,26371,5854,,,2,100,,26370,5854,,,2,100,,26379,5854,,,2,100,,26372,5854,,,2,100,,26373,5854,,,2,100,,26383,5854,,,2,96,,26380,5854,,,2,104,,26381,5854,,,2,104,,26382,5854,,,2,96,,26367,5854,,,2,100,,26376,5854,,,2,100,,26374,5854,,,2,100,,26366,5854,,,2,100,,26385,5854,,,2,100,,26377,5854,,,2,100,,26368,5854,,,2
2000,'F9',617,,26388,5854,,,2,100,,26391,5854,,,2,100,,26394,5854,,,2,100,,26386,5854,,,2,100,,26392,5854,,,2,97,,26395,5854,,,2,103,,26396,5854,,,2,100,,26393,5854,,,2,100,,26397,5854,,,2,100,,26389,5854,,,2,97,,26400,5854,,,2,103,,26401,5854,,,2,100,,26390,5854,,,2,100,,26398,5854,,,2,100,,26387,5854,,,2,100,,26402,5854,,,2,100,,26399,5854,,,2,100,,26403,5854,,,2,100,,26404,5854,,,2
2000,'SA',619,,26422,5854,,,2,100,,5701,5854,,,2,100,,26414,5854,,,2,100,,26408,5854,,,2,100,,26410,5854,,,2,100,,26409,5854,,,2,100,,26417,5854,,,2,100,,26411,5854,,,2,100,,26412,5854,,,2,100,,26421,5854,,,2,96,,26418,5854,,,2,104,,26419,5854,,,2,104,,26420,5854,,,2,96,,26406,5854,,,2,100,,26415,5854,,,2,100,,26413,5854,,,2,100,,26405,5854,,,2,100,,26423,5854,,,2,100,,26416,5854,,,2,100,,26407,5854,,,2
2000,'SE',537,,26438,5854,,,2,20,,26464,5854,,,2,64,,26447,5854,,,2,31,,26439,5854,,,2,54,,26470,5263,,,2,9,,26468,5263,,,2,8,,26472,5263,,,2,10,,26465,5263,,,2,11,,26467,5263,,,2,6,,26466,5263,,,2,54,,26471,5263,,,2,32,,26469,5263,,,2,71,,26473,5263,,,2,30,,26425,5854,,,2,71,,26455,5854,,,2,30,,26431,5854,,,2,70,,26458,5854,,,2,30,,26428,5854,,,2,70,,26452,5854,,,2,30,,26432,5854,,,2,70,,26460,5854,,,2,30,,26429,5854,,,2,70,,26451,5854,,,2,30,,26433,5854,,,2,69,,26440,5854,,,2,21,,26442,5854,,,2,17,,26435,5854,,,2,55,,26427,5854,,,2,15,,26436,5854,,,2,15,,26453,5854,,,2,17,,26443,5854,,,2,10,,26459,5854,,,2,53,,26444,5854,,,2,11,,26446,5854,,,2,12,,26441,5854,,,2,13,,26454,5854,,,2,11,,26434,5854,,,2,54,,26462,5854,,,2,13,,26445,5854,,,2,15,,26457,5854,,,2,69,,26424,5854,,,2,30,,26456,5854,,,2,70,,26463,5854,,,2,30,,26437,5854,,,2,70,,26461,5854,,,2,30,,26448,5854,,,2,100,,26430,5854,,,2,100,,26449,5854,,,2,100,,26426,5854,,,2,100,,26450,5854,,,2
2500,'DI',702,,27541,5125,,,2
2500,'F8',702,,27570,5125,,,2
2500,'F9',702,,27571,5125,,,2
2500,'SA',702,,27572,5125,,,2
2500,'SE',524,,27574,5125,,,2,30,,27575,5125,,,2,69,,27594,5125,,,2,19,,27593,5125,,,2,61,,27589,5125,,,2,19,,27576,5125,,,2,29,,27578,5125,,,2,68,,27579,5125,,,2,36,,27577,5125,,,2,70,,27573,5125,,,2,430,,27580,5125,,,2,70,,27581,5125,,,2,29,,27597,5125,,,2,53,,27596,5125,,,2,18,,27595,5125,,,2,31,,27582,5125,,,2,72,,27585,5125,,,2,29,,27587,5125,,,2,69,,27590,5125,,,2,31,,27586,5125,,,2,68,,27588,5125,,,2,30,,27584,5125,,,2,375,,27592,5125,,,2,83,,27598,5125,,,2,15,,27591,5125,,,2,85,,27583,5125,,,2
8100,'DI',659,,35724,4925,,,1,100,,35713,4925,,,1,143,,35720,4925,,,1,100,,35714,4925,,,1,100,,35722,4925,,,1,100,,35726,4925,,,1,100,,35727,4925,,,1,100,,35717,4925,,,1,100,,35721,4925,,,1,100,,35712,4925,,,1,56,,35725,4925,,,1,148,,35715,4925,,,1,96,,35723,4925,,,1,100,,35716,4925,,,1,100,,35728,4925,,,1,100,,35718,4925,,,1,100,,35730,4925,,,1,100,,35729,4925,,,1,100,,35719,4925,,,1
8100,'F8',659,,35809,4925,,,1,100,,35815,4925,,,1,143,,35810,4925,,,1,100,,35811,4925,,,1,100,,35816,4925,,,1,100,,35798,4925,,,1,100,,35800,4925,,,1,100,,35805,4925,,,1,100,,35812,4925,,,1,100,,35817,4925,,,1,100,,35803,4925,,,1,104,,35806,4925,,,1,96,,35813,4925,,,1,100,,35799,4925,,,1,100,,35807,4925,,,1,100,,35802,4925,,,1,100,,35814,4925,,,1,100,,35808,4925,,,1,100,,35804,4925,,,1,100,,35801,4925,,,1
8100,'F9',659,,35830,4925,,,1,100,,35819,4925,,,1,143,,35826,4925,,,1,100,,35820,4925,,,1,100,,35828,4925,,,1,100,,35832,4925,,,1,100,,35833,4925,,,1,100,,35823,4925,,,1,100,,35827,4925,,,1,100,,35818,4925,,,1,56,,35831,4925,,,1,148,,35821,4925,,,1,96,,35829,4925,,,1,100,,35822,4925,,,1,100,,35834,4925,,,1,100,,35824,4925,,,1,100,,35836,4925,,,1,100,,35835,4925,,,1,100,,35825,4925,,,1
8100,'SA',659,,35848,4925,,,1,100,,35854,4925,,,1,143,,35849,4925,,,1,100,,35850,4925,,,1,100,,14262,4925,,,1,100,,35837,4925,,,1,100,,35839,4925,,,1,100,,35844,4925,,,1,100,,35851,4925,,,1,100,,35855,4925,,,1,100,,35842,4925,,,1,104,,35845,4925,,,1,96,,35852,4925,,,1,100,,35838,4925,,,1,100,,35846,4925,,,1,100,,35841,4925,,,1,100,,35853,4925,,,1,100,,35847,4925,,,1,100,,35843,4925,,,1,100,,35840,4925,,,1
8100,'SE',620,,35859,4925,,,1,38,,35870,4925,,,1,70,,35866,4925,,,1,31,,35874,4925,,,1,69,,35871,4925,,,1,76,,35864,4925,,,1,98,,35856,4925,,,1,100,,35872,4925,,,1,100,,35865,4925,,,1,100,,35881,4925,,,1,100,,35879,4925,,,1,100,,35862,4925,,,1,30,,35877,4925,,,1,72,,35882,4925,,,1,30,,35873,4925,,,1,70,,35867,4925,,,1,30,,35858,4925,,,1,70,,35878,4925,,,1,30,,35868,4925,,,1,67,,35857,4925,,,1,100,,35863,4925,,,1,100,,35860,4925,,,1,100,,35875,4925,,,1,100,,35880,4925,,,1,100,,35861,4925,,,1,100,,35876,4925,,,1,100,,35869,4925,,,1
12500,'SE',757,,38003,5263,,,2,57,,38008,5263,,,2,20,,38009,5263,,,2,10,,38001,5263,,,2,14,,38006,5263,,,2,47,,38007,5263,,,2,15,,38004,5263,,,2,19,,38005,5263,,,2,67,,38002,5263,,,2
