2301,'F2',623,,56098,8818,,,1,103,,56089,8818,,,1,103,,56091,8818,,,1,100,,56096,8818,,,1,103,,56097,8818,,,1,99,,56088,8818,,,1,103,,56094,8818,,,1,97,,56087,8818,,,1,99,,56090,8818,,,1,100,,56092,8818,,,1,100,,56093,8818,,,1,100,,56095,8818,,,1
2301,'SA',623,,56110,8818,,,1,103,,56101,8818,,,1,103,,56103,8818,,,1,100,,56108,8818,,,1,103,,56109,8818,,,1,99,,56100,8818,,,1,103,,56106,8818,,,1,97,,56099,8818,,,1,99,,56102,8818,,,1,100,,56104,8818,,,1,100,,56105,8818,,,1,100,,56107,8818,,,1
2301,'SE',1035,,56114,8818,,,1,100,,56111,8818,,,1,100,,56113,8818,,,1,103,,56115,8818,,,1,99,,56112,8818,,,1
7401,'DI',730,,59566,6975,,,1,100,,59553,6975,,,1,100,,59559,6975,,,1,100,,59554,6975,,,1,100,,59560,6975,,,1,99,,59561,6975,,,1,105,,59567,6975,,,1,96,,59562,6975,,,1,100,,59552,6975,,,1,100,,59568,6975,,,1,100,,59569,6975,,,1,104,,59555,6975,,,1,96,,59556,6975,,,1,100,,59557,6975,,,1,100,,59558,6975,,,1,100,,59563,6975,,,1,100,,59564,6975,,,1,100,,59565,6975,,,1
7401,'F1',730,,59584,6975,,,1,100,,59571,6975,,,1,100,,59577,6975,,,1,100,,59572,6975,,,1,100,,59578,6975,,,1,99,,59579,6975,,,1,105,,59585,6975,,,1,96,,59580,6975,,,1,100,,59570,6975,,,1,100,,59586,6975,,,1,100,,59587,6975,,,1,104,,59573,6975,,,1,96,,59574,6975,,,1,100,,59575,6975,,,1,100,,59576,6975,,,1,100,,59581,6975,,,1,100,,59582,6975,,,1,100,,59583,6975,,,1
7401,'F2',728,,59600,6975,,,1,102,,59601,6975,,,1,100,,59591,6975,,,1,99,,59602,6975,,,1,100,,59603,6975,,,1,101,,59599,6975,,,1,100,,59588,6975,,,1,100,,59589,6975,,,1,99,,59592,6975,,,1,101,,59593,6975,,,1,100,,59594,6975,,,1,102,,59604,6975,,,1,98,,59595,6975,,,1,100,,59596,6975,,,1,100,,59597,6975,,,1,100,,59605,6975,,,1,100,,59598,6975,,,1,100,,59606,6975,,,1,100,,59590,6975,,,1
7401,'SA',728,,59619,6975,,,1,102,,59620,6975,,,1,100,,59610,6975,,,1,99,,59621,6975,,,1,100,,59622,6975,,,1,101,,59618,6975,,,1,100,,59607,6975,,,1,100,,59608,6975,,,1,99,,59611,6975,,,1,101,,59612,6975,,,1,100,,59613,6975,,,1,102,,59623,6975,,,1,98,,59614,6975,,,1,100,,59615,6975,,,1,100,,59616,6975,,,1,100,,59624,6975,,,1,100,,59617,6975,,,1,100,,59625,6975,,,1,100,,59609,6975,,,1
7401,'SE',629,,59651,6975,,,1,72,,59649,6975,,,1,27,,59652,6975,,,1,78,,59648,6975,,,1,26,,59647,6975,,,1,70,,59650,6975,,,1,28,,59626,6975,,,1,101,,59631,6975,,,1,100,,59632,6975,,,1,101,,59627,6975,,,1,100,,59628,6975,,,1,101,,59629,6975,,,1,102,,59634,6975,,,1,69,,59633,6975,,,1,27,,59630,6975,,,1,76,,59641,6975,,,1,29,,59638,6975,,,1,69,,59645,6975,,,1,28,,59643,6975,,,1,70,,59644,6975,,,1,28,,59642,6975,,,1,98,,59639,6975,,,1,100,,59640,6975,,,1,99,,59635,6975,,,1,100,,59646,6975,,,1,100,,59636,6975,,,1,100,,59637,6975,,,1
12301,'DI',558,,37798,23115,,,1,100,,37808,23115,,,1,100,,37799,23115,,,1,100,,37809,23115,,,1,142,,37800,23115,,,1,100,,37810,23115,,,1,100,,37801,23115,,,1,100,,61842,23115,,,1,100,,37802,23115,,,1,100,,61843,23115,,,1,100,,37803,23115,,,1,100,,61844,23115,,,1,100,,61838,23115,,,1,100,,61845,23115,,,1,100,,61839,23115,,,1,58,,61846,23115,,,1,100,,61840,23115,,,1,100,,61847,23115,,,1,100,,61841,23115,,,1,100,,61848,23115,,,1
12301,'F1',558,,49985,23115,,,1,100,,49995,23115,,,1,100,,49986,23115,,,1,100,,49996,23115,,,1,142,,49987,23115,,,1,100,,49997,23115,,,1,100,,49988,23115,,,1,100,,61853,23115,,,1,100,,49989,23115,,,1,100,,61854,23115,,,1,100,,49990,23115,,,1,100,,61855,23115,,,1,100,,61849,23115,,,1,100,,61856,23115,,,1,100,,61850,23115,,,1,58,,61857,23115,,,1,100,,61851,23115,,,1,100,,61858,23115,,,1,100,,61852,23115,,,1,100,,61859,23115,,,1
12301,'F2',556,,61861,23115,,,1,100,,61860,23115,,,1,100,,61862,23115,,,1,102,,61868,23115,,,1,100,,61872,23115,,,1,100,,61863,23115,,,1,100,,61873,23115,,,1,100,,61864,23115,,,1,100,,61874,23115,,,1,100,,61865,23115,,,1,100,,61875,23115,,,1,100,,61866,23115,,,1,100,,61876,23115,,,1,100,,61867,23115,,,1,100,,61877,23115,,,1,100,,61869,23115,,,1,100,,61878,23115,,,1,100,,61870,23115,,,1,100,,61879,23115,,,1,100,,61871,23115,,,1
12301,'SA',556,,61881,23115,,,1,100,,61880,23115,,,1,100,,61882,23115,,,1,102,,61888,23115,,,1,100,,61892,23115,,,1,100,,61883,23115,,,1,100,,61893,23115,,,1,100,,61884,23115,,,1,100,,61894,23115,,,1,100,,61885,23115,,,1,100,,61895,23115,,,1,100,,61886,23115,,,1,100,,61896,23115,,,1,100,,61887,23115,,,1,100,,61897,23115,,,1,100,,61889,23115,,,1,100,,61898,23115,,,1,100,,61890,23115,,,1,100,,61899,23115,,,1,100,,61891,23115,,,1
12301,'SE',544,,61913,23115,,,1,70,,61916,23115,,,1,323,,61910,23115,,,1,70,,61912,23115,,,1,96,,61909,23115,,,1,102,,61932,23115,,,1,100,,61908,23115,,,1,100,,61918,23115,,,1,100,,61922,23115,,,1,11,,61921,23115,,,1,28,,50049,23115,,,1,60,,50053,23115,,,1,15,,61927,23115,,,1,19,,61928,23115,,,1,6,,61924,23115,,,1,56,,61929,23115,,,1,10,,61931,23115,,,1,6,,61919,23115,,,1,24,,61926,23115,,,1,66,,50050,23115,,,1,26,,61911,23115,,,1,71,,61917,23115,,,1,26,,61920,23115,,,1,74,,61907,23115,,,1,28,,61906,23115,,,1,70,,61925,23115,,,1,58,,61930,23115,,,1,97,,61914,23115,,,1,100,,61923,23115,,,1,157,,61915,23115,,,1
