2101,'DI',601,,55843,7326,,,1,30,,55842,7326,,,1,70,,55853,7326,,,1,29,,55850,7326,,,1,70,,55860,7326,,,1,30,,55849,7326,,,1,71,,55857,7326,,,1,30,,55874,7326,,,1,70,,55848,7326,,,1,27,,55851,7326,,,1,73,,55854,7326,,,1,30,,55862,7326,,,1,72,,55852,7326,,,1,30,,55870,7326,,,1,71,,55844,7326,,,1,33,,55868,7326,,,1,70,,55861,7326,,,1,30,,55858,7326,,,1,70,,55866,7326,,,1,30,,55869,7326,,,1,70,,55855,7326,,,1,30,,55867,7326,,,1,70,,55845,7326,,,1,30,,55859,7326,,,1,70,,55873,7326,,,1,30,,55865,7326,,,1,67,,55863,7326,,,1,27,,55838,7326,,,1,70,,55856,7326,,,1,30,,55872,7326,,,1,70,,55846,7326,,,1,30,,55871,7326,,,1,70,,55835,7326,,,1,30,,55837,7326,,,1,70,,55864,7326,,,1,30,,55847,7326,,,1,70,,55840,7326,,,1,30,,55839,7326,,,1,70,,55841,7326,,,1,30,,55836,7326,,,1
2101,'F1',601,,55883,7326,,,1,30,,55882,7326,,,1,70,,55893,7326,,,1,29,,55890,7326,,,1,70,,55900,7326,,,1,30,,55889,7326,,,1,71,,55897,7326,,,1,30,,55914,7326,,,1,70,,55888,7326,,,1,27,,55891,7326,,,1,73,,55894,7326,,,1,30,,55902,7326,,,1,72,,55892,7326,,,1,30,,55910,7326,,,1,71,,55884,7326,,,1,33,,55908,7326,,,1,70,,55901,7326,,,1,30,,55898,7326,,,1,70,,55906,7326,,,1,30,,55909,7326,,,1,70,,55895,7326,,,1,30,,55907,7326,,,1,70,,55885,7326,,,1,30,,55899,7326,,,1,70,,55913,7326,,,1,30,,55905,7326,,,1,67,,55903,7326,,,1,27,,55878,7326,,,1,70,,55896,7326,,,1,30,,55912,7326,,,1,70,,55886,7326,,,1,30,,55911,7326,,,1,70,,55875,7326,,,1,30,,55877,7326,,,1,70,,55904,7326,,,1,30,,55887,7326,,,1,70,,55880,7326,,,1,30,,55879,7326,,,1,70,,55881,7326,,,1,30,,55876,7326,,,1
2101,'F2',601,,55917,7326,,,1,30,,55919,7326,,,1,70,,55948,7326,,,1,30,,55918,7326,,,1,71,,55938,7326,,,1,30,,55929,7326,,,1,70,,55920,7326,,,1,30,,55949,7326,,,1,70,,55944,7326,,,1,25,,55941,7326,,,1,31,,55933,7326,,,1,74,,55936,7326,,,1,73,,55942,7326,,,1,26,,55950,7326,,,1,74,,55927,7326,,,1,32,,55953,7326,,,1,70,,55945,7326,,,1,30,,55937,7326,,,1,70,,55921,7326,,,1,30,,55954,7326,,,1,70,,55946,7326,,,1,30,,55932,7326,,,1,70,,55922,7326,,,1,30,,55939,7326,,,1,70,,55947,7326,,,1,30,,55926,7326,,,1,67,,55923,7326,,,1,27,,55940,7326,,,1,70,,55951,7326,,,1,30,,55943,7326,,,1,70,,55915,7326,,,1,30,,55934,7326,,,1,70,,55924,7326,,,1,30,,55928,7326,,,1,70,,55930,7326,,,1,30,,55916,7326,,,1,70,,55952,7326,,,1,30,,55935,7326,,,1,70,,55931,7326,,,1,30,,55925,7326,,,1
2101,'SA',601,,55957,7326,,,1,30,,55959,7326,,,1,70,,55988,7326,,,1,30,,55958,7326,,,1,71,,55978,7326,,,1,30,,55969,7326,,,1,70,,55960,7326,,,1,30,,55989,7326,,,1,70,,55984,7326,,,1,25,,55981,7326,,,1,31,,55973,7326,,,1,74,,55976,7326,,,1,73,,55982,7326,,,1,26,,55990,7326,,,1,74,,55967,7326,,,1,32,,55993,7326,,,1,70,,55985,7326,,,1,30,,55977,7326,,,1,70,,55961,7326,,,1,30,,55994,7326,,,1,70,,55986,7326,,,1,30,,55972,7326,,,1,70,,55962,7326,,,1,30,,55979,7326,,,1,70,,55987,7326,,,1,30,,55966,7326,,,1,67,,55963,7326,,,1,27,,55980,7326,,,1,70,,55991,7326,,,1,30,,55983,7326,,,1,70,,55955,7326,,,1,30,,55974,7326,,,1,70,,55964,7326,,,1,30,,55968,7326,,,1,70,,55970,7326,,,1,30,,55956,7326,,,1,70,,55992,7326,,,1,30,,55975,7326,,,1,70,,55971,7326,,,1,30,,55965,7326,,,1
2101,'SE',455,,55997,7326,,,1,86,,55996,7326,,,1,67,,56025,7326,,,1,15,,45788,7326,,,1,15,,56021,7326,,,1,14,,45786,7326,,,1,50,,56030,7326,,,1,10,,56027,7326,,,1,13,,56022,7326,,,1,10,,56032,7326,,,1,10,,56031,7326,,,1,10,,56023,7326,,,1,53,,45789,7326,,,1,18,,56028,7326,,,1,17,,56033,7326,,,1,63,,56035,7326,,,1,14,,56036,7326,,,1,20,,56010,7326,,,1,61,,56001,7326,,,1,27,,55998,7326,,,1,74,,56000,7326,,,1,30,,55995,7326,,,1,70,,55999,7326,,,1,31,,56005,7326,,,1,73,,56011,7326,,,1,30,,56006,7326,,,1,70,,56012,7326,,,1,34,,56002,7326,,,1,68,,56037,7326,,,1,30,,56026,7326,,,1,73,,56041,7326,,,1,15,,56034,7326,,,1,15,,56024,7326,,,1,15,,56039,7326,,,1,55,,56038,7326,,,1,18,,56029,7326,,,1,19,,56040,7326,,,1,57,,56019,7326,,,1,20,,56016,7326,,,1,26,,56014,7326,,,1,67,,56007,7326,,,1,25,,56017,7326,,,1,70,,56013,7326,,,1,30,,56015,7326,,,1,69,,56008,7326,,,1,30,,56009,7326,,,1,70,,56003,7326,,,1,98,,56020,7326,,,1,98,,56018,7326,,,1,95,,56004,7326,,,1
5000,'DI',623,,58006,5226,,,2,102,,58000,5226,,,2,100,,58001,5226,,,2,100,,58007,5226,,,2,103,,58008,5226,,,2,94,,58002,5226,,,2,103,,58003,5226,,,2,103,,58004,5226,,,2,97,,57992,5226,,,2,96,,57994,5226,,,2,103,,57995,5226,,,2,106,,57996,5226,,,2,95,,58009,5226,,,2,100,,58005,5226,,,2,100,,57999,5226,,,2,100,,57997,5226,,,2,100,,58011,5226,,,2,100,,57998,5226,,,2,100,,57993,5226,,,2,100,,58010,5226,,,2
5000,'F1',623,,58026,5226,,,2,102,,58020,5226,,,2,100,,58021,5226,,,2,100,,58027,5226,,,2,103,,58028,5226,,,2,94,,58022,5226,,,2,103,,58023,5226,,,2,103,,58024,5226,,,2,97,,58012,5226,,,2,96,,58014,5226,,,2,103,,58015,5226,,,2,106,,58016,5226,,,2,95,,58029,5226,,,2,100,,58025,5226,,,2,100,,58019,5226,,,2,100,,58017,5226,,,2,100,,58031,5226,,,2,100,,58018,5226,,,2,100,,58013,5226,,,2,100,,58030,5226,,,2
5000,'F2',625,,58032,5226,,,2,98,,58036,5226,,,2,102,,58038,5226,,,2,97,,58046,5226,,,2,103,,58043,5226,,,2,96,,58047,5226,,,2,102,,58033,5226,,,2,98,,58037,5226,,,2,99,,47381,5226,,,2,103,,58048,5226,,,2,103,,58049,5226,,,2,103,,58050,5226,,,2,96,,58034,5226,,,2,100,,58040,5226,,,2,100,,58039,5226,,,2,100,,58041,5226,,,2,97,,58044,5226,,,2,103,,58045,5226,,,2,101,,58035,5226,,,2,99,,58042,5226,,,2
5000,'SA',625,,58051,5226,,,2,98,,58055,5226,,,2,102,,58057,5226,,,2,97,,58065,5226,,,2,103,,58062,5226,,,2,96,,58066,5226,,,2,102,,58052,5226,,,2,98,,58056,5226,,,2,99,,31377,5226,,,2,103,,58067,5226,,,2,103,,58068,5226,,,2,103,,58069,5226,,,2,96,,58053,5226,,,2,100,,58059,5226,,,2,100,,58058,5226,,,2,100,,58060,5226,,,2,97,,58063,5226,,,2,103,,58064,5226,,,2,101,,58054,5226,,,2,99,,58061,5226,,,2
5000,'SE',545,,58077,5226,,,2,70,,58072,5226,,,2,30,,58089,5226,,,2,70,,58082,5226,,,2,30,,58075,5226,,,2,70,,58081,5226,,,2,33,,58076,5226,,,2,67,,58073,5226,,,2,100,,58095,5226,,,2,100,,58088,5226,,,2,100,,58071,5226,,,2,100,,58078,5226,,,2,99,,58085,5226,,,2,102,,58079,5226,,,2,28,,58083,5226,,,2,71,,47419,5226,,,2,34,,58084,5226,,,2,66,,58086,5226,,,2,30,,58074,5226,,,2,70,,58091,5226,,,2,30,,58093,5226,,,2,70,,58087,5226,,,2,100,,58090,5226,,,2,100,,58092,5226,,,2,100,,58080,5226,,,2,100,,58070,5226,,,2,100,,58096,5226,,,2,100,,58094,5226,,,2
42101,'SE',557,,62811,3816,,,1,77,,62809,3816,,,1,24,,62808,3816,,,1,62,,62819,3816,,,1,17,,62812,3816,,,1,72,,62817,3816,,,1,723,,62813,3816,,,1,75,,62820,3816,,,1,20,,62818,3816,,,1,30,,62816,3816,,,1,71,,62814,3816,,,1,29,,62815,3816,,,1,575,,62807,3816,,,1
52101,'SE',918,,63429,4637,,,2
53601,'SE',918,,63447,3645,,,2
67000,'SE',1615,,63538,3661,,,2,1,,63539,3661,,,2,1,,63537,3661,,,2
