3800,'DI',703,,28912,7796,,,1,100,,28918,7796,,,1,100,,28916,7796,,,1,101,,28910,7796,,,1,96,,28919,7796,,,1,100,,28907,7796,,,1,103,,28923,7796,,,1,100,,28911,7796,,,1,100,,28917,7796,,,1,101,,28920,7796,,,1,104,,28908,7796,,,1,101,,28913,7796,,,1,97,,28914,7796,,,1,100,,28909,7796,,,1,99,,28921,7796,,,1,101,,28915,7796,,,1,100,,28922,7796,,,1,100,,28924,7796,,,1
3800,'F1',703,,46445,7796,,,1,100,,46451,7796,,,1,100,,46449,7796,,,1,101,,46443,7796,,,1,96,,46452,7796,,,1,100,,46440,7796,,,1,103,,46456,7796,,,1,100,,46444,7796,,,1,100,,46450,7796,,,1,101,,46453,7796,,,1,104,,46441,7796,,,1,101,,46446,7796,,,1,97,,46447,7796,,,1,100,,46442,7796,,,1,99,,46454,7796,,,1,101,,46448,7796,,,1,100,,46455,7796,,,1,100,,46457,7796,,,1
3800,'F2',603,,46463,7796,,,1,100,,46460,7796,,,1,100,,46470,7796,,,1,100,,46464,7796,,,1,100,,46471,7796,,,1,100,,46465,7796,,,1,100,,46472,7796,,,1,104,,46466,7796,,,1,100,,46473,7796,,,1,100,,46467,7796,,,1,102,,46461,7796,,,1,100,,46468,7796,,,1,100,,46462,7796,,,1,97,,46469,7796,,,1,100,,46458,7796,,,1,99,,46474,7796,,,1,100,,46459,7796,,,1,101,,46475,7796,,,1,99,,46476,7796,,,1
3800,'F8',603,,28998,7796,,,1,100,,28995,7796,,,1,100,,29005,7796,,,1,100,,28999,7796,,,1,100,,29006,7796,,,1,100,,29000,7796,,,1,100,,29007,7796,,,1,104,,29001,7796,,,1,100,,29008,7796,,,1,100,,29002,7796,,,1,102,,28996,7796,,,1,100,,29003,7796,,,1,100,,28997,7796,,,1,97,,29004,7796,,,1,100,,28993,7796,,,1,99,,29009,7796,,,1,100,,28994,7796,,,1,101,,29010,7796,,,1,99,,29011,7796,,,1
3800,'F9',703,,29017,7796,,,1,100,,29023,7796,,,1,100,,29021,7796,,,1,101,,29015,7796,,,1,96,,29024,7796,,,1,100,,29012,7796,,,1,103,,29028,7796,,,1,100,,29016,7796,,,1,100,,29022,7796,,,1,101,,29025,7796,,,1,104,,29013,7796,,,1,101,,29018,7796,,,1,97,,29019,7796,,,1,100,,29014,7796,,,1,99,,29026,7796,,,1,101,,29020,7796,,,1,100,,29027,7796,,,1,100,,29029,7796,,,1
3800,'SA',603,,29035,7796,,,1,100,,29032,7796,,,1,100,,29042,7796,,,1,100,,29036,7796,,,1,100,,29043,7796,,,1,100,,29037,7796,,,1,100,,29044,7796,,,1,104,,29038,7796,,,1,100,,29045,7796,,,1,100,,29039,7796,,,1,102,,29033,7796,,,1,100,,29040,7796,,,1,100,,29034,7796,,,1,97,,29041,7796,,,1,100,,29030,7796,,,1,99,,29046,7796,,,1,100,,29031,7796,,,1,101,,29047,7796,,,1,99,,29048,7796,,,1
3800,'SE',618,,46497,7796,,,1,21,,46489,7796,,,1,18,,46493,7796,,,1,58,,46494,7796,,,1,24,,46499,7796,,,1,12,,46481,7796,,,1,60,,46485,7796,,,1,24,,46486,7796,,,1,69,,46477,7796,,,1,18,,46504,7796,,,1,17,,46502,7796,,,1,70,,46479,7796,,,1,44,,46478,7796,,,1,100,,46482,7796,,,1,100,,46496,7796,,,1,101,,46490,7796,,,1,94,,46483,7796,,,1,67,,46480,7796,,,1,33,,46495,7796,,,1,70,,46487,7796,,,1,30,,46506,7796,,,1,72,,46488,7796,,,1,26,,46492,7796,,,1,66,,46491,7796,,,1,94,,46503,7796,,,1,100,,46501,7796,,,1,99,,46500,7796,,,1,99,,46498,7796,,,1,100,,46505,7796,,,1,100,,46484,7796,,,1
4101,'DI',748,,29270,9391,,,1,100,,29274,9391,,,1,101,,29264,9391,,,1,100,,29260,9391,,,1,100,,29271,9391,,,1,100,,29261,9391,,,1,101,,29272,9391,,,1,100,,29265,9391,,,1,100,,29257,9391,,,1,102,,29262,9391,,,1,98,,29266,9391,,,1,100,,29258,9391,,,1,98,,29267,9391,,,1,100,,29259,9391,,,1,100,,29263,9391,,,1,99,,29268,9391,,,1,100,,29273,9391,,,1,100,,29269,9391,,,1,100,,29275,9391,,,1
4101,'F1',748,,46590,9391,,,1,100,,46594,9391,,,1,101,,46584,9391,,,1,100,,46580,9391,,,1,100,,46591,9391,,,1,100,,46581,9391,,,1,101,,46592,9391,,,1,100,,46585,9391,,,1,100,,46577,9391,,,1,102,,46582,9391,,,1,98,,46586,9391,,,1,100,,46578,9391,,,1,98,,46587,9391,,,1,100,,46579,9391,,,1,100,,46583,9391,,,1,99,,46588,9391,,,1,100,,46593,9391,,,1,100,,46589,9391,,,1,100,,46595,9391,,,1
4101,'F2',748,,46599,9391,,,1,100,,46612,9391,,,1,101,,46600,9391,,,1,101,,46605,9391,,,1,99,,46613,9391,,,1,100,,46606,9391,,,1,101,,46601,9391,,,1,100,,46607,9391,,,1,100,,46602,9391,,,1,100,,46598,9391,,,1,100,,46603,9391,,,1,100,,46596,9391,,,1,98,,46608,9391,,,1,100,,46597,9391,,,1,100,,46614,9391,,,1,99,,46609,9391,,,1,100,,46604,9391,,,1,100,,46610,9391,,,1,100,,46611,9391,,,1
4101,'F8',748,,29343,9391,,,1,100,,29356,9391,,,1,101,,29344,9391,,,1,101,,29349,9391,,,1,99,,29357,9391,,,1,100,,29350,9391,,,1,101,,29345,9391,,,1,100,,29351,9391,,,1,100,,29346,9391,,,1,100,,29342,9391,,,1,100,,29347,9391,,,1,100,,29340,9391,,,1,98,,29352,9391,,,1,100,,29341,9391,,,1,100,,29358,9391,,,1,99,,29353,9391,,,1,100,,29348,9391,,,1,100,,29354,9391,,,1,100,,29355,9391,,,1
4101,'F9',748,,29372,9391,,,1,100,,29376,9391,,,1,101,,29366,9391,,,1,100,,29362,9391,,,1,100,,29373,9391,,,1,100,,29363,9391,,,1,101,,29374,9391,,,1,100,,29367,9391,,,1,100,,29359,9391,,,1,102,,29364,9391,,,1,98,,29368,9391,,,1,100,,29360,9391,,,1,98,,29369,9391,,,1,100,,29361,9391,,,1,100,,29365,9391,,,1,99,,29370,9391,,,1,100,,29375,9391,,,1,100,,29371,9391,,,1,100,,29377,9391,,,1
4101,'SA',748,,29381,9391,,,1,100,,29394,9391,,,1,101,,29382,9391,,,1,101,,29387,9391,,,1,99,,29395,9391,,,1,100,,29388,9391,,,1,101,,29383,9391,,,1,100,,29389,9391,,,1,100,,29384,9391,,,1,100,,29380,9391,,,1,100,,29385,9391,,,1,100,,29378,9391,,,1,98,,29390,9391,,,1,100,,29379,9391,,,1,100,,29396,9391,,,1,99,,29391,9391,,,1,100,,29386,9391,,,1,100,,29392,9391,,,1,100,,29393,9391,,,1
4101,'SE',717,,46619,9391,,,1,30,,46632,9391,,,1,70,,46620,9391,,,1,36,,46621,9391,,,1,65,,46616,9391,,,1,30,,46635,9391,,,1,100,,46615,9391,,,1,100,,46622,9391,,,1,100,,46636,9391,,,1,100,,46623,9391,,,1,101,,46638,9391,,,1,75,,46624,9391,,,1,25,,46639,9391,,,1,69,,46634,9391,,,1,37,,46633,9391,,,1,66,,46626,9391,,,1,27,,46637,9391,,,1,71,,46617,9391,,,1,29,,46640,9391,,,1,100,,46629,9391,,,1,99,,46628,9391,,,1,100,,46625,9391,,,1,99,,46630,9391,,,1,100,,46627,9391,,,1,100,,46618,9391,,,1,100,,46631,9391,,,1
