2800,'DI',905,,27669,9618,0,32 33,1,101,,27674,9618,0,32 33,1,101,,27672,9618,0,32 33,1,100,,27670,9618,0,32 33,1,100,,27671,9618,0,32 33,1,100,,27675,9618,0,32 33,1,100,,27678,9618,0,32 33,1,101,,27677,9618,0,32 33,1,99,,27676,9618,0,32 33,1,100,,27673,9618,0,32 33,1
2800,'F1',905,,45917,9618,0,32 33,1,101,,45922,9618,0,32 33,1,101,,45920,9618,0,32 33,1,100,,45918,9618,0,32 33,1,100,,45919,9618,0,32 33,1,100,,45923,9618,0,32 33,1,100,,45926,9618,0,32 33,1,101,,45925,9618,0,32 33,1,99,,45924,9618,0,32 33,1,100,,45921,9618,0,32 33,1
2800,'F2',907,,45934,9618,0,32 33,1,99,,45929,9618,0,32 33,1,104,,45927,9618,0,32 33,1,97,,45931,9618,0,32 33,1,101,,45930,9618,0,32 33,1,100,,45932,9618,0,32 33,1,99,,45928,9618,0,32 33,1,103,,45936,9618,0,32 33,1,99,,45935,9618,0,32 33,1,98,,45933,9618,0,32 33,1
2800,'F8',907,,27747,9618,0,32 33,1,99,,27742,9618,0,32 33,1,104,,27740,9618,0,32 33,1,97,,27744,9618,0,32 33,1,101,,27743,9618,0,32 33,1,100,,27745,9618,0,32 33,1,99,,27741,9618,0,32 33,1,103,,27749,9618,0,32 33,1,99,,27748,9618,0,32 33,1,98,,27746,9618,0,32 33,1
2800,'F9',905,,27750,9618,0,32 33,1,101,,27755,9618,0,32 33,1,101,,27753,9618,0,32 33,1,100,,27751,9618,0,32 33,1,100,,27752,9618,0,32 33,1,100,,27756,9618,0,32 33,1,100,,27759,9618,0,32 33,1,101,,27758,9618,0,32 33,1,99,,27757,9618,0,32 33,1,100,,27754,9618,0,32 33,1
2800,'SA',907,,27766,9618,0,32 33,1,99,,27762,9618,0,32 33,1,104,,27760,9618,0,32 33,1,97,,27763,9618,0,32 33,1,101,,6923,9618,0,32 33,1,100,,27764,9618,0,32 33,1,99,,27761,9618,0,32 33,1,103,,27768,9618,0,32 33,1,99,,27767,9618,0,32 33,1,98,,27765,9618,0,32 33,1
2800,'SE',633,,45971,9618,0,32 33,1,85,,45972,9618,0,32 33,1,23,,45976,9618,0,32 33,1,3,,45977,9618,0,32 33,1,56,,45950,9618,0,32 33,1,13,,45962,9618,0,32 33,1,12,,45970,9618,0,32 33,1,18,,45961,9618,0,32 33,1,14,,45966,9618,0,32 33,1,58,,45951,9618,0,32 33,1,30,,45942,9618,0,32 33,1,70,,45946,9618,0,32 33,1,30,,45952,9618,0,32 33,1,70,,45943,9618,0,32 33,1,32,,45947,9618,0,32 33,1,70,,45953,9618,0,32 33,1,30,,45944,9618,0,32 33,1,70,,45948,9618,0,32 33,1,30,,45954,9618,0,32 33,1,70,,45945,9618,0,32 33,1,33,,45949,9618,0,32 33,1,71,,45973,9618,0,32 33,1,15,,45939,9618,0,32 33,1,15,,45959,9618,0,32 33,1,55,,45964,9618,0,32 33,1,15,,45975,9618,0,32 33,1,15,,45956,9618,0,32 33,1,14,,45958,9618,0,32 33,1,52,,45974,9618,0,32 33,1,12,,45940,9618,0,32 33,1,12,,45960,9618,0,32 33,1,12,,45963,9618,0,32 33,1,12,,45967,9618,0,32 33,1,52,,45955,9618,0,32 33,1,11,,45957,9618,0,32 33,1,12,,45937,9618,0,32 33,1,10,,45938,9618,0,32 33,1,13,,45965,9618,0,32 33,1,95,,45941,9618,0,32 33,1,98,,45968,9618,0,32 33,1,98,,45969,9618,0,32 33,1
12800,'SE',609,,50079,10343,,,2,100,,50078,10343,,,2,895,,50080,10343,,,2
42800,'DI',618,,39684,10343,,,1,110,,39685,10343,,,1,111,,39686,10343,,,1,109,,39687,10343,,,1,110,,39688,10343,,,1,75,,39694,10343,,,1,75,,39689,10343,,,1,35,,39695,10343,,,1,75,,39690,10343,,,1,35,,39696,10343,,,1,74,,39691,10343,,,1,78,,39697,10343,,,1,34,,39692,10343,,,1,80,,39698,10343,,,1,34,,39693,10343,,,1,151,,39699,10343,,,1,106,,39700,10343,,,1,108,,39701,10343,,,1,110,,39702,10343,,,1,110,,39703,10343,,,1
42800,'F1',618,,50759,10343,,,1,110,,50760,10343,,,1,111,,50761,10343,,,1,109,,50762,10343,,,1,110,,50763,10343,,,1,75,,50769,10343,,,1,75,,50764,10343,,,1,35,,50770,10343,,,1,75,,50765,10343,,,1,35,,50771,10343,,,1,74,,50766,10343,,,1,78,,50772,10343,,,1,34,,50767,10343,,,1,80,,50773,10343,,,1,34,,50768,10343,,,1,151,,50774,10343,,,1,106,,50775,10343,,,1,108,,50776,10343,,,1,110,,50777,10343,,,1,110,,50778,10343,,,1
42800,'F2',618,,50779,10343,,,1,110,,50780,10343,,,1,111,,50781,10343,,,1,109,,50782,10343,,,1,110,,50783,10343,,,1,75,,50789,10343,,,1,75,,50784,10343,,,1,35,,50790,10343,,,1,75,,50785,10343,,,1,35,,50791,10343,,,1,74,,50786,10343,,,1,78,,50792,10343,,,1,34,,50787,10343,,,1,80,,50793,10343,,,1,34,,50788,10343,,,1,151,,50794,10343,,,1,106,,50795,10343,,,1,108,,50796,10343,,,1,110,,50797,10343,,,1,110,,50798,10343,,,1
42800,'F8',618,,39752,10343,,,1,110,,39753,10343,,,1,111,,39754,10343,,,1,109,,39755,10343,,,1,110,,39756,10343,,,1,75,,39762,10343,,,1,75,,39757,10343,,,1,35,,39763,10343,,,1,75,,39758,10343,,,1,35,,39764,10343,,,1,74,,39759,10343,,,1,78,,39765,10343,,,1,34,,39760,10343,,,1,80,,39766,10343,,,1,34,,39761,10343,,,1,151,,39767,10343,,,1,106,,39768,10343,,,1,108,,39769,10343,,,1,110,,39770,10343,,,1,110,,39771,10343,,,1
42800,'F9',618,,39772,10343,,,1,110,,39773,10343,,,1,111,,39774,10343,,,1,109,,39775,10343,,,1,110,,39776,10343,,,1,75,,39782,10343,,,1,75,,39777,10343,,,1,35,,39783,10343,,,1,75,,39778,10343,,,1,35,,39784,10343,,,1,74,,39779,10343,,,1,78,,39785,10343,,,1,34,,39780,10343,,,1,80,,39786,10343,,,1,34,,39781,10343,,,1,151,,39787,10343,,,1,106,,39788,10343,,,1,108,,39789,10343,,,1,110,,39790,10343,,,1,110,,39791,10343,,,1
42800,'SA',618,,39792,10343,,,1,110,,39793,10343,,,1,111,,39794,10343,,,1,109,,39795,10343,,,1,110,,39796,10343,,,1,75,,39802,10343,,,1,75,,39797,10343,,,1,35,,39803,10343,,,1,75,,39798,10343,,,1,35,,39804,10343,,,1,74,,39799,10343,,,1,78,,39805,10343,,,1,34,,39800,10343,,,1,80,,39806,10343,,,1,34,,39801,10343,,,1,151,,39807,10343,,,1,106,,39808,10343,,,1,108,,39809,10343,,,1,110,,39810,10343,,,1,110,,39811,10343,,,1
42800,'SE',533,,50799,10343,,,1,75,,50809,10343,,,1,33,,50800,10343,,,1,85,,50810,10343,,,1,78,,50801,10343,,,1,35,,50811,10343,,,1,77,,50802,10343,,,1,32,,50812,10343,,,1,75,,50803,10343,,,1,35,,50813,10343,,,1,75,,50804,10343,,,1,75,,50814,10343,,,1,33,,50805,10343,,,1,73,,50815,10343,,,1,35,,50806,10343,,,1,74,,50816,10343,,,1,77,,50807,10343,,,1,37,,50817,10343,,,1,76,,50808,10343,,,1,40,,50818,10343,,,1,74,,50825,10343,,,1,79,,50819,10343,,,1,32,,50826,10343,,,1,75,,50820,10343,,,1,107,,50821,10343,,,1,108,,50822,10343,,,1,110,,50823,10343,,,1,110,,50824,10343,,,1
