801,'DI',600,,53514,16471,,,1,30,,53522,16471,,,1,70,,53529,16471,,,1,30,,53541,16471,,,1,70,,53515,16471,,,1,32,,53523,16471,,,1,70,,53530,16471,,,1,30,,53542,16471,,,1,69,,53516,16471,,,1,30,,53524,16471,,,1,70,,53531,16471,,,1,29,,53543,16471,,,1,70,,53517,16471,,,1,30,,53525,16471,,,1,70,,53532,16471,,,1,30,,53544,16471,,,1,71,,53518,16471,,,1,30,,53526,16471,,,1,71,,53538,16471,,,1,30,,53545,16471,,,1,69,,53539,16471,,,1,30,,53527,16471,,,1,70,,53533,16471,,,1,30,,53546,16471,,,1,19,,53548,16471,,,1,53,,53540,16471,,,1,30,,53528,16471,,,1,68,,53534,16471,,,1,30,,53547,16471,,,1,85,,53519,16471,,,1,100,,53535,16471,,,1,100,,53520,16471,,,1,99,,53536,16471,,,1,100,,53521,16471,,,1,99,,53537,16471,,,1
801,'F1',600,,53549,16471,,,1,30,,53557,16471,,,1,70,,53564,16471,,,1,30,,53576,16471,,,1,70,,53550,16471,,,1,32,,53558,16471,,,1,70,,53565,16471,,,1,30,,53577,16471,,,1,69,,53551,16471,,,1,30,,53559,16471,,,1,70,,53566,16471,,,1,29,,53578,16471,,,1,70,,53552,16471,,,1,30,,53560,16471,,,1,70,,53567,16471,,,1,30,,53579,16471,,,1,71,,53553,16471,,,1,30,,53561,16471,,,1,71,,53573,16471,,,1,30,,53580,16471,,,1,69,,53574,16471,,,1,30,,53562,16471,,,1,70,,53568,16471,,,1,30,,53581,16471,,,1,19,,53583,16471,,,1,53,,53575,16471,,,1,30,,53563,16471,,,1,68,,53569,16471,,,1,30,,53582,16471,,,1,85,,53554,16471,,,1,100,,53570,16471,,,1,100,,53555,16471,,,1,99,,53571,16471,,,1,100,,53556,16471,,,1,99,,53572,16471,,,1
801,'F2',600,,53588,16471,,,1,30,,53593,16471,,,1,70,,53600,16471,,,1,30,,53605,16471,,,1,70,,53589,16471,,,1,32,,53594,16471,,,1,70,,53601,16471,,,1,30,,53606,16471,,,1,27,,53590,16471,,,1,70,,53595,16471,,,1,30,,53602,16471,,,1,70,,53607,16471,,,1,71,,53591,16471,,,1,30,,53596,16471,,,1,71,,53603,16471,,,1,30,,53608,16471,,,1,71,,53592,16471,,,1,30,,53597,16471,,,1,70,,53604,16471,,,1,30,,53609,16471,,,1,70,,44242,16471,,,1,30,,53598,16471,,,1,70,,53615,16471,,,1,30,,53610,16471,,,1,25,,53584,16471,,,1,50,,44243,16471,,,1,19,,53599,16471,,,1,30,,53616,16471,,,1,70,,53611,16471,,,1,90,,53585,16471,,,1,100,,53612,16471,,,1,100,,53586,16471,,,1,96,,53613,16471,,,1,100,,53587,16471,,,1,100,,53614,16471,,,1
801,'SA',600,,53621,16471,,,1,30,,53626,16471,,,1,70,,53633,16471,,,1,30,,53638,16471,,,1,70,,53622,16471,,,1,32,,53627,16471,,,1,70,,53634,16471,,,1,30,,53639,16471,,,1,27,,53623,16471,,,1,70,,53628,16471,,,1,30,,53635,16471,,,1,70,,53640,16471,,,1,71,,53624,16471,,,1,30,,53629,16471,,,1,71,,53636,16471,,,1,30,,53641,16471,,,1,71,,53625,16471,,,1,30,,53630,16471,,,1,70,,53637,16471,,,1,30,,53642,16471,,,1,70,,2977,16471,,,1,30,,53631,16471,,,1,70,,53648,16471,,,1,30,,53643,16471,,,1,25,,53617,16471,,,1,50,,2978,16471,,,1,19,,53632,16471,,,1,30,,53649,16471,,,1,70,,53644,16471,,,1,90,,53618,16471,,,1,100,,53645,16471,,,1,100,,53619,16471,,,1,96,,53646,16471,,,1,100,,53620,16471,,,1,100,,53647,16471,,,1
801,'SE',526,,53650,16471,,,1,33,,53651,16471,,,1,67,,44285,16471,,,1,21,,53672,16471,,,1,6,,53717,16471,,,1,55,,53706,16471,,,1,5,,53665,16471,,,1,11,,53710,16471,,,1,4,,53713,16471,,,1,5,,53655,16471,,,1,3,,53714,16471,,,1,5,,53685,16471,,,1,4,,53708,16471,,,1,3,,53712,16471,,,1,3,,53696,16471,,,1,4,,53659,16471,,,1,49,,53652,16471,,,1,6,,53683,16471,,,1,5,,53663,16471,,,1,7,,53668,16471,,,1,12,,53660,16471,,,1,18,,53673,16471,,,1,58,,53654,16471,,,1,13,,53690,16471,,,1,15,,53656,16471,,,1,15,,53686,16471,,,1,55,,53678,16471,,,1,17,,53693,16471,,,1,15,,44259,16471,,,1,14,,53674,16471,,,1,55,,53666,16471,,,1,16,,53691,16471,,,1,15,,53657,16471,,,1,15,,53687,16471,,,1,55,,53679,16471,,,1,15,,53694,16471,,,1,15,,53653,16471,,,1,16,,53661,16471,,,1,55,,53675,16471,,,1,15,,53669,16471,,,1,15,,53692,16471,,,1,15,,53709,16471,,,1,55,,53688,16471,,,1,15,,53684,16471,,,1,15,,53695,16471,,,1,18,,53697,16471,,,1,55,,53715,16471,,,1,13,,53681,16471,,,1,22,,53700,16471,,,1,51,,53670,16471,,,1,10,,53658,16471,,,1,14,,53711,16471,,,1,16,,53680,16471,,,1,18,,53664,16471,,,1,55,,53702,16471,,,1,12,,53698,16471,,,1,16,,53662,16471,,,1,15,,53682,16471,,,1,55,,53701,16471,,,1,13,,53671,16471,,,1,21,,53689,16471,,,1,61,,53707,16471,,,1,27,,53699,16471,,,1,68,,53676,16471,,,1,31,,53703,16471,,,1,27,,53718,16471,,,1,73,,53720,16471,,,1,27,,53677,16471,,,1,52,,53716,16471,,,1,20,,53704,16471,,,1,69,,53719,16471,,,1,20,,53721,16471,,,1,91,,53667,16471,,,1,100,,53705,16471,,,1
2801,'DI',948,,56267,10147,,,1,100,,56262,10147,,,1,100,,56266,10147,,,1,101,,56263,10147,,,1,100,,56265,10147,,,1,100,,56261,10147,,,1,98,,56264,10147,,,1,99,,56260,10147,,,1,96,,56268,10147,,,1,105,,56269,10147,,,1
2801,'F1',948,,56277,10147,,,1,100,,56272,10147,,,1,100,,56276,10147,,,1,101,,56273,10147,,,1,100,,56275,10147,,,1,100,,56271,10147,,,1,98,,56274,10147,,,1,99,,56270,10147,,,1,96,,56278,10147,,,1,105,,56279,10147,,,1
2801,'F2',948,,56285,10147,,,1,100,,56283,10147,,,1,100,,56280,10147,,,1,101,,56286,10147,,,1,100,,45991,10147,,,1,100,,56288,10147,,,1,98,,56282,10147,,,1,96,,56281,10147,,,1,99,,56284,10147,,,1,105,,56287,10147,,,1
2801,'SA',948,,56294,10147,,,1,100,,56292,10147,,,1,100,,56289,10147,,,1,101,,56295,10147,,,1,100,,7052,10147,,,1,100,,56297,10147,,,1,98,,56291,10147,,,1,96,,56290,10147,,,1,99,,56293,10147,,,1,105,,56296,10147,,,1
2801,'SE',658,,56298,10147,,,1,64,,56333,11857,,,1,18,,56320,10147,,,1,61,,56330,11857,,,1,27,,56329,11857,,,1,20,,56319,10147,,,1,60,,56335,11857,,,1,24,,56300,10147,,,1,69,,56299,10147,,,1,30,,56315,10147,,,1,70,,56321,10147,,,1,30,,56312,10147,,,1,70,,56301,10147,,,1,30,,56322,10147,,,1,70,,56304,10147,,,1,30,,56302,10147,,,1,70,,56323,10147,,,1,32,,56305,10147,,,1,70,,56303,10147,,,1,21,,56317,10147,,,1,12,,56306,10147,,,1,17,,56310,10147,,,1,50,,56331,11857,,,1,17,,56324,10147,,,1,13,,56308,10147,,,1,15,,56325,10147,,,1,58,,56334,11857,,,1,13,,56307,10147,,,1,16,,56311,10147,,,1,13,,56332,11857,,,1,58,,56309,10147,,,1,14,,56314,10147,,,1,20,,56318,10147,,,1,61,,56327,10147,,,1,23,,56326,10147,,,1,100,,56313,10147,,,1,100,,56328,10147,,,1,100,,56316,10147,,,1
8101,'DI',646,,60482,20139,,,1,100,,60474,20139,,,1,100,,60484,20139,,,1,103,,60469,20139,,,1,100,,60487,20139,,,1,100,,60485,20139,,,1,100,,60471,20139,,,1,100,,60470,20139,,,1,100,,60478,20139,,,1,100,,60480,20139,,,1,100,,60488,20139,,,1,96,,60472,20139,,,1,108,,60483,20139,,,1,96,,60476,20139,,,1,100,,60475,20139,,,1,100,,60481,20139,,,1,100,,60477,20139,,,1,100,,60479,20139,,,1,100,,60473,20139,,,1
8101,'F1',646,,60502,20139,,,1,100,,60494,20139,,,1,100,,60504,20139,,,1,103,,60489,20139,,,1,100,,60507,20139,,,1,100,,60505,20139,,,1,100,,60491,20139,,,1,100,,60490,20139,,,1,100,,60498,20139,,,1,100,,60500,20139,,,1,100,,60508,20139,,,1,96,,60492,20139,,,1,108,,60503,20139,,,1,96,,60496,20139,,,1,100,,60495,20139,,,1,100,,60501,20139,,,1,100,,60497,20139,,,1,100,,60499,20139,,,1,100,,60493,20139,,,1
8101,'F2',646,,60529,20139,,,1,100,,60512,20139,,,1,100,,60510,20139,,,1,103,,60527,20139,,,1,100,,60513,20139,,,1,100,,60516,20139,,,1,100,,60517,20139,,,1,100,,60520,20139,,,1,100,,60518,20139,,,1,100,,60511,20139,,,1,100,,60509,20139,,,1,100,,60519,20139,,,1,104,,60521,20139,,,1,96,,60514,20139,,,1,100,,60515,20139,,,1,100,,60522,20139,,,1,100,,60524,20139,,,1,100,,60528,20139,,,1,100,,60523,20139,,,1,100,,60525,20139,,,1
8101,'SA',646,,60550,20139,,,1,100,,60533,20139,,,1,100,,60531,20139,,,1,103,,60548,20139,,,1,100,,60534,20139,,,1,100,,60537,20139,,,1,100,,60538,20139,,,1,100,,60541,20139,,,1,100,,60539,20139,,,1,100,,60532,20139,,,1,100,,60530,20139,,,1,100,,60540,20139,,,1,104,,60542,20139,,,1,96,,60535,20139,,,1,100,,60536,20139,,,1,100,,60543,20139,,,1,100,,60545,20139,,,1,100,,60549,20139,,,1,100,,60544,20139,,,1,100,,60546,20139,,,1
8101,'SE',617,,60564,20139,,,1,30,,60574,20139,,,1,62,,60553,20139,,,1,38,,60562,20139,,,1,70,,60552,20139,,,1,31,,60569,20139,,,1,69,,60559,20139,,,1,36,,60575,20139,,,1,98,,60554,20139,,,1,100,,60558,20139,,,1,100,,60560,20139,,,1,100,,60576,20139,,,1,100,,60577,20139,,,1,100,,60555,20139,,,1,71,,60557,20139,,,1,31,,60570,20139,,,1,70,,60578,20139,,,1,30,,60573,20139,,,1,70,,60551,20139,,,1,30,,60565,20139,,,1,70,,60567,20139,,,1,26,,60563,20139,,,1,100,,60556,20139,,,1,100,,60561,20139,,,1,100,,60571,20139,,,1,100,,60566,20139,,,1,100,,60579,20139,,,1,100,,60572,20139,,,1
8801,'DI',647,,61085,15743,,,1,70,,61081,15743,,,1,30,,61091,15743,,,1,70,,61099,15743,,,1,30,,61086,15743,,,1,70,,61082,15743,,,1,30,,61092,15743,,,1,69,,61100,15743,,,1,29,,61087,15743,,,1,70,,61083,15743,,,1,30,,61093,15743,,,1,70,,61101,15743,,,1,30,,61089,15743,,,1,70,,61084,15743,,,1,30,,61094,15743,,,1,71,,61098,15743,,,1,30,,61102,15743,,,1,71,,61080,15743,,,1,30,,61095,15743,,,1,69,,61078,15743,,,1,30,,61103,15743,,,1,70,,61090,15743,,,1,30,,61096,15743,,,1,72,,61079,15743,,,1,22,,61104,15743,,,1,106,,61097,15743,,,1,100,,61106,15743,,,1,100,,61105,15743,,,1,98,,61107,15743,,,1,100,,61088,15743,,,1,99,,61108,15743,,,1
8801,'F1',647,,61116,15743,,,1,70,,61112,15743,,,1,30,,61122,15743,,,1,70,,61130,15743,,,1,30,,61117,15743,,,1,70,,61113,15743,,,1,30,,61123,15743,,,1,69,,61131,15743,,,1,29,,61118,15743,,,1,70,,61114,15743,,,1,30,,61124,15743,,,1,70,,61132,15743,,,1,30,,61120,15743,,,1,70,,61115,15743,,,1,30,,61125,15743,,,1,71,,61129,15743,,,1,30,,61133,15743,,,1,71,,61111,15743,,,1,30,,61126,15743,,,1,69,,61109,15743,,,1,30,,61134,15743,,,1,70,,61121,15743,,,1,30,,61127,15743,,,1,72,,61110,15743,,,1,22,,61135,15743,,,1,106,,61128,15743,,,1,100,,61137,15743,,,1,100,,61136,15743,,,1,98,,61138,15743,,,1,100,,61119,15743,,,1,99,,61139,15743,,,1
8801,'F2',645,,61143,15743,,,1,70,,61149,15743,,,1,30,,61157,15743,,,1,69,,61160,15743,,,1,30,,61144,15743,,,1,70,,61150,15743,,,1,33,,61158,15743,,,1,67,,61161,15743,,,1,30,,61145,15743,,,1,69,,61151,15743,,,1,30,,61159,15743,,,1,71,,61162,15743,,,1,30,,61146,15743,,,1,71,,61152,15743,,,1,28,,61166,15743,,,1,71,,61163,15743,,,1,30,,61147,15743,,,1,70,,61153,15743,,,1,30,,61169,15743,,,1,70,,61140,15743,,,1,30,,61148,15743,,,1,71,,61142,15743,,,1,28,,61170,15743,,,1,72,,61141,15743,,,1,20,,61165,15743,,,1,109,,61167,15743,,,1,100,,61154,15743,,,1,100,,61168,15743,,,1,100,,61155,15743,,,1,95,,61164,15743,,,1,100,,61156,15743,,,1
8801,'SA',645,,61174,15743,,,1,70,,61180,15743,,,1,30,,61188,15743,,,1,69,,61191,15743,,,1,30,,61175,15743,,,1,70,,61181,15743,,,1,33,,61189,15743,,,1,67,,61192,15743,,,1,30,,61176,15743,,,1,69,,61182,15743,,,1,30,,61190,15743,,,1,71,,61193,15743,,,1,30,,61177,15743,,,1,71,,61183,15743,,,1,28,,61197,15743,,,1,71,,61194,15743,,,1,30,,61178,15743,,,1,70,,61184,15743,,,1,30,,61200,15743,,,1,70,,61171,15743,,,1,30,,61179,15743,,,1,71,,61173,15743,,,1,28,,61201,15743,,,1,72,,61172,15743,,,1,20,,61196,15743,,,1,109,,61198,15743,,,1,100,,61185,15743,,,1,100,,61199,15743,,,1,100,,61186,15743,,,1,95,,61195,15743,,,1,100,,61187,15743,,,1
8801,'SE',643,,61216,15743,,,1,60,,61203,15743,,,1,15,,61231,15743,,,1,12,,61217,15743,,,1,7,,61218,15743,,,1,21,,61220,15743,,,1,49,,61208,15743,,,1,12,,61221,15743,,,1,11,,61202,15743,,,1,10,,61244,15743,,,1,19,,61243,15743,,,1,58,,61214,15743,,,1,30,,61219,15743,,,1,70,,61209,15743,,,1,30,,61205,15743,,,1,70,,61232,15743,,,1,30,,61242,15743,,,1,70,,61207,15743,,,1,30,,61239,15743,,,1,70,,61240,15743,,,1,30,,61204,15743,,,1,70,,61235,15743,,,1,33,,61241,15743,,,1,69,,61206,15743,,,1,9,,61222,15743,,,1,2,,61212,15743,,,1,2,,61233,15743,,,1,7,,61213,15743,,,1,20,,61237,15743,,,1,58,,61246,15743,,,1,12,,61236,15743,,,1,15,,61215,15743,,,1,60,,61248,15743,,,1,12,,61210,15743,,,1,15,,61245,15743,,,1,14,,61223,15743,,,1,56,,61234,15743,,,1,13,,61238,15743,,,1,17,,61247,15743,,,1,17,,61227,15743,,,1,67,,61249,15743,,,1,32,,61224,15743,,,1,70,,61250,15743,,,1,27,,61228,15743,,,1,70,,61211,15743,,,1,30,,61225,15743,,,1,100,,61229,15743,,,1,98,,61226,15743,,,1,100,,61230,15743,,,1
60801,'SE',1525,,63490,11338,,,2,2,,63491,11338,,,2
