600,'DI',629,,22284,1497,,,1,30,,22276,1497,,,1,70,,22272,1497,,,1,71,,22283,1497,,,1,30,,22269,1497,,,1,70,,22261,1497,,,1,31,,22273,1497,,,1,70,,22280,1497,,,1,30,,22257,1497,,,1,69,,1973,1497,,,1,31,,22265,1497,,,1,28,,22258,1497,,,1,70,,22262,1497,,,1,74,,22268,1497,,,1,29,,22259,1497,,,1,70,,22270,1497,,,1,27,,22266,1497,,,1,73,,22263,1497,,,1,30,,22274,1497,,,1,69,,22285,1497,,,1,31,,22277,1497,,,1,27,,22275,1497,,,1,70,,22286,1497,,,1,30,,22278,1497,,,1,70,,22260,1497,,,1,71,,22267,1497,,,1,104,,22281,1497,,,1,100,,22271,1497,,,1,100,,22264,1497,,,1,100,,22256,1497,,,1,100,,22279,1497,,,1,100,,22282,1497,,,1
600,'F1',629,,43870,1497,,,1,30,,43862,1497,,,1,70,,43858,1497,,,1,71,,43869,1497,,,1,30,,43855,1497,,,1,70,,43846,1497,,,1,31,,43859,1497,,,1,70,,43866,1497,,,1,30,,43842,1497,,,1,69,,43847,1497,,,1,31,,43851,1497,,,1,28,,43843,1497,,,1,70,,43848,1497,,,1,74,,43854,1497,,,1,29,,43844,1497,,,1,70,,43856,1497,,,1,27,,43852,1497,,,1,73,,43849,1497,,,1,30,,43860,1497,,,1,69,,43871,1497,,,1,31,,43863,1497,,,1,27,,43861,1497,,,1,70,,43872,1497,,,1,30,,43864,1497,,,1,70,,43845,1497,,,1,71,,43853,1497,,,1,104,,43867,1497,,,1,100,,43857,1497,,,1,100,,43850,1497,,,1,100,,43841,1497,,,1,100,,43865,1497,,,1,100,,43868,1497,,,1
600,'F2',629,,43904,1497,,,1,71,,43893,1497,,,1,29,,43889,1497,,,1,30,,43886,1497,,,1,74,,43890,1497,,,1,26,,43894,1497,,,1,75,,43903,1497,,,1,23,,43891,1497,,,1,72,,43900,1497,,,1,29,,43887,1497,,,1,70,,43880,1497,,,1,76,,43888,1497,,,1,30,,43881,1497,,,1,67,,43873,1497,,,1,31,,43895,1497,,,1,27,,43882,1497,,,1,70,,43874,1497,,,1,30,,43896,1497,,,1,70,,43883,1497,,,1,30,,43875,1497,,,1,70,,43897,1497,,,1,30,,43884,1497,,,1,70,,43876,1497,,,1,30,,43898,1497,,,1,70,,43885,1497,,,1,30,,43901,1497,,,1,145,,43892,1497,,,1,100,,43877,1497,,,1,100,,43879,1497,,,1,100,,43902,1497,,,1,100,,43899,1497,,,1,100,,43878,1497,,,1
600,'F8',629,,22417,1497,,,1,71,,22406,1497,,,1,29,,22402,1497,,,1,30,,22399,1497,,,1,74,,22403,1497,,,1,26,,22407,1497,,,1,75,,22416,1497,,,1,23,,22404,1497,,,1,72,,22413,1497,,,1,29,,22400,1497,,,1,70,,22393,1497,,,1,76,,22401,1497,,,1,30,,22394,1497,,,1,67,,22386,1497,,,1,31,,22408,1497,,,1,27,,22395,1497,,,1,70,,22387,1497,,,1,30,,22409,1497,,,1,70,,22396,1497,,,1,30,,22388,1497,,,1,70,,22410,1497,,,1,30,,22397,1497,,,1,70,,22389,1497,,,1,30,,22411,1497,,,1,70,,22398,1497,,,1,30,,22414,1497,,,1,145,,22405,1497,,,1,100,,22390,1497,,,1,100,,22392,1497,,,1,100,,22415,1497,,,1,100,,22412,1497,,,1,100,,22391,1497,,,1
600,'F9',629,,22447,1497,,,1,30,,22439,1497,,,1,70,,22435,1497,,,1,71,,22446,1497,,,1,30,,22432,1497,,,1,70,,22423,1497,,,1,31,,22436,1497,,,1,70,,22443,1497,,,1,30,,22419,1497,,,1,69,,22424,1497,,,1,31,,22428,1497,,,1,28,,22420,1497,,,1,70,,22425,1497,,,1,74,,22431,1497,,,1,29,,22421,1497,,,1,70,,22433,1497,,,1,27,,22429,1497,,,1,73,,22426,1497,,,1,30,,22437,1497,,,1,69,,22448,1497,,,1,31,,22440,1497,,,1,27,,22438,1497,,,1,70,,22449,1497,,,1,30,,22441,1497,,,1,70,,22422,1497,,,1,71,,22430,1497,,,1,104,,22444,1497,,,1,100,,22434,1497,,,1,100,,22427,1497,,,1,100,,22418,1497,,,1,100,,22442,1497,,,1,100,,22445,1497,,,1
600,'SA',629,,22481,1497,,,1,71,,22470,1497,,,1,29,,22466,1497,,,1,30,,22463,1497,,,1,74,,22467,1497,,,1,26,,22471,1497,,,1,75,,22480,1497,,,1,23,,22468,1497,,,1,72,,22477,1497,,,1,29,,22464,1497,,,1,70,,22457,1497,,,1,76,,22465,1497,,,1,30,,22458,1497,,,1,67,,22450,1497,,,1,31,,22472,1497,,,1,27,,22459,1497,,,1,70,,22451,1497,,,1,30,,22473,1497,,,1,70,,22460,1497,,,1,30,,22452,1497,,,1,70,,22474,1497,,,1,30,,22461,1497,,,1,70,,22453,1497,,,1,30,,22475,1497,,,1,70,,22462,1497,,,1,30,,22478,1497,,,1,145,,22469,1497,,,1,100,,22454,1497,,,1,100,,22456,1497,,,1,100,,22479,1497,,,1,100,,22476,1497,,,1,100,,22455,1497,,,1
600,'SE',541,,43911,1497,,,1,70,,43936,1497,,,1,30,,43917,1497,,,1,70,,43937,1497,,,1,30,,43916,1497,,,1,67,,43931,1497,,,1,33,,43932,1497,,,1,70,,43922,1497,,,1,30,,43924,1497,,,1,70,,43906,1497,,,1,30,,43940,1497,,,1,70,,43918,1497,,,1,30,,43929,1497,,,1,70,,43934,1497,,,1,30,,43919,1497,,,1,70,,43912,1497,,,1,30,,43925,1497,,,1,70,,43930,1497,,,1,28,,43905,1497,,,1,72,,43920,1497,,,1,30,,43913,1497,,,1,69,,43939,1497,,,1,37,,43935,1497,,,1,65,,43910,1497,,,1,30,,43909,1497,,,1,69,,43938,1497,,,1,30,,43915,1497,,,1,70,,43928,1497,,,1,30,,43914,1497,,,1,70,,43927,1497,,,1,30,,43921,1497,,,1,70,,43933,1497,,,1,100,,43923,1497,,,1,100,,43907,1497,,,1,100,,43908,1497,,,1,100,,43926,1497,,,1
1300,'DI',652,,3422,1497,,,1,100,,23867,1497,,,1,100,,3423,1497,,,1,100,,23868,1497,,,1,100,,3424,1497,,,1,100,,23869,1497,,,1,100,,3425,1497,,,1,95,,23870,1497,,,1,105,,23878,1497,,,1,100,,23864,1497,,,1,100,,23871,1497,,,1,100,,23866,1497,,,1,100,,23872,1497,,,1,100,,23876,1497,,,1,100,,23874,1497,,,1,100,,23873,1497,,,1,100,,23865,1497,,,1,100,,23877,1497,,,1,100,,23875,1497,,,1
1300,'F1',652,,44457,1497,,,1,100,,44462,1497,,,1,100,,44458,1497,,,1,100,,44463,1497,,,1,100,,44459,1497,,,1,100,,44464,1497,,,1,100,,44460,1497,,,1,95,,44465,1497,,,1,105,,44473,1497,,,1,100,,44455,1497,,,1,100,,44466,1497,,,1,100,,44461,1497,,,1,100,,44467,1497,,,1,100,,44471,1497,,,1,100,,44469,1497,,,1,100,,44468,1497,,,1,100,,44456,1497,,,1,100,,44472,1497,,,1,100,,44470,1497,,,1
1300,'F2',652,,44475,1497,,,1,100,,44482,1497,,,1,100,,44476,1497,,,1,101,,44477,1497,,,1,99,,44483,1497,,,1,100,,44485,1497,,,1,100,,44478,1497,,,1,100,,44486,1497,,,1,100,,44479,1497,,,1,100,,44474,1497,,,1,100,,44489,1497,,,1,100,,44492,1497,,,1,100,,44480,1497,,,1,100,,44487,1497,,,1,100,,44484,1497,,,1,100,,44493,1497,,,1,100,,44490,1497,,,1,100,,44481,1497,,,1,100,,44491,1497,,,1,100,,44488,1497,,,1
1300,'F8',652,,23961,1497,,,1,100,,23968,1497,,,1,100,,23962,1497,,,1,101,,23963,1497,,,1,99,,23969,1497,,,1,100,,23971,1497,,,1,100,,23964,1497,,,1,100,,23972,1497,,,1,100,,23965,1497,,,1,100,,23960,1497,,,1,100,,23975,1497,,,1,100,,23978,1497,,,1,100,,23966,1497,,,1,100,,23973,1497,,,1,100,,23970,1497,,,1,100,,23979,1497,,,1,100,,23976,1497,,,1,100,,23967,1497,,,1,100,,23977,1497,,,1,100,,23974,1497,,,1
1300,'F9',652,,23982,1497,,,1,100,,23987,1497,,,1,100,,23983,1497,,,1,100,,23988,1497,,,1,100,,23984,1497,,,1,100,,23989,1497,,,1,100,,23985,1497,,,1,95,,23990,1497,,,1,105,,23998,1497,,,1,100,,23980,1497,,,1,100,,23991,1497,,,1,100,,23986,1497,,,1,100,,23992,1497,,,1,100,,23996,1497,,,1,100,,23994,1497,,,1,100,,23993,1497,,,1,100,,23981,1497,,,1,100,,23997,1497,,,1,100,,23995,1497,,,1
1300,'SA',652,,24000,1497,,,1,100,,24007,1497,,,1,100,,24001,1497,,,1,101,,24002,1497,,,1,99,,24008,1497,,,1,100,,24010,1497,,,1,100,,24003,1497,,,1,100,,24011,1497,,,1,100,,24004,1497,,,1,100,,23999,1497,,,1,100,,24014,1497,,,1,100,,24017,1497,,,1,100,,24005,1497,,,1,100,,24012,1497,,,1,100,,24009,1497,,,1,100,,24018,1497,,,1,100,,24015,1497,,,1,100,,24006,1497,,,1,100,,24016,1497,,,1,100,,24013,1497,,,1
1300,'SE',557,,44527,1497,,,1,73,,44516,1497,,,1,26,,44518,1497,,,1,71,,44500,1497,,,1,15,,44517,1497,,,1,15,,44515,1497,,,1,55,,44504,1497,,,1,25,,44508,1497,,,1,65,,44506,1497,,,1,30,,44531,1497,,,1,70,,44496,1497,,,1,30,,44494,1497,,,1,70,,44514,1497,,,1,30,,44521,1497,,,1,70,,44532,1497,,,1,30,,44502,1497,,,1,70,,44507,1497,,,1,30,,44513,1497,,,1,70,,44501,1497,,,1,30,,44497,1497,,,1,70,,44499,1497,,,1,30,,44519,1497,,,1,20,,44509,1497,,,1,60,,44528,1497,,,1,15,,44533,1497,,,1,12,,44511,1497,,,1,10,,44520,1497,,,1,58,,44529,1497,,,1,20,,44495,1497,,,1,20,,44530,1497,,,1,60,,44526,1497,,,1,27,,44510,1497,,,1,70,,44512,1497,,,1,32,,44505,1497,,,1,70,,44534,1497,,,1,30,,44525,1497,,,1,70,,44503,1497,,,1,100,,44522,1497,,,1,100,,44498,1497,,,1,100,,44524,1497,,,1,103,,44523,1497,,,1
1400,'SE',937,,44631,1282,,,1,100,,44636,1282,,,1,100,,44635,1282,,,1,100,,44630,1282,,,1,100,,44627,1282,,,1,100,,44632,1282,,,1,109,,44634,1282,,,1,13,,44638,1282,,,1,58,,44633,1282,,,1,15,,44641,1282,,,1,18,,44629,1282,,,1,60,,44637,1282,,,1,21,,44639,1282,,,1,19,,44640,1282,,,1,69,,44628,1282,,,1
1500,'DI',724,,24371,1282,,,1,100,,24368,1282,,,1,100,,24365,1282,,,1,100,,24378,1282,,,1,100,,24383,1282,,,1,100,,24376,1282,,,1,100,,24372,1282,,,1,100,,24366,1282,,,1,100,,24380,1282,,,1,100,,24367,1282,,,1,100,,24375,1282,,,1,100,,24373,1282,,,1,100,,24377,1282,,,1,100,,24381,1282,,,1,100,,24379,1282,,,1,100,,24374,1282,,,1,100,,24369,1282,,,1,100,,24382,1282,,,1,100,,24370,1282,,,1
1500,'F1',724,,44676,1282,,,1,100,,44673,1282,,,1,100,,44670,1282,,,1,100,,44683,1282,,,1,100,,44688,1282,,,1,100,,44681,1282,,,1,100,,44677,1282,,,1,100,,44671,1282,,,1,100,,44685,1282,,,1,100,,44672,1282,,,1,100,,44680,1282,,,1,100,,44678,1282,,,1,100,,44682,1282,,,1,100,,44686,1282,,,1,100,,44684,1282,,,1,100,,44679,1282,,,1,100,,44674,1282,,,1,100,,44687,1282,,,1,100,,44675,1282,,,1
1500,'F2',724,,44704,1282,,,1,100,,44697,1282,,,1,100,,44691,1282,,,1,100,,44705,1282,,,1,105,,44699,1282,,,1,95,,44689,1282,,,1,100,,44701,1282,,,1,100,,44695,1282,,,1,100,,44700,1282,,,1,100,,44696,1282,,,1,100,,44692,1282,,,1,100,,44698,1282,,,1,100,,44702,1282,,,1,100,,44703,1282,,,1,100,,44690,1282,,,1,100,,44706,1282,,,1,100,,44693,1282,,,1,100,,44707,1282,,,1,100,,44694,1282,,,1
1500,'F8',724,,24474,1282,,,1,100,,24467,1282,,,1,100,,24461,1282,,,1,100,,24475,1282,,,1,105,,24469,1282,,,1,95,,24459,1282,,,1,100,,24471,1282,,,1,100,,24465,1282,,,1,100,,24470,1282,,,1,100,,24466,1282,,,1,100,,24462,1282,,,1,100,,24468,1282,,,1,100,,24472,1282,,,1,100,,24473,1282,,,1,100,,24460,1282,,,1,100,,24476,1282,,,1,100,,24463,1282,,,1,100,,24477,1282,,,1,100,,24464,1282,,,1
1500,'F9',724,,24484,1282,,,1,100,,24481,1282,,,1,100,,24478,1282,,,1,100,,24491,1282,,,1,100,,24496,1282,,,1,100,,24489,1282,,,1,100,,24485,1282,,,1,100,,24479,1282,,,1,100,,24493,1282,,,1,100,,24480,1282,,,1,100,,24488,1282,,,1,100,,24486,1282,,,1,100,,24490,1282,,,1,100,,24494,1282,,,1,100,,24492,1282,,,1,100,,24487,1282,,,1,100,,24482,1282,,,1,100,,24495,1282,,,1,100,,24483,1282,,,1
1500,'SA',724,,24512,1282,,,1,100,,24505,1282,,,1,100,,24499,1282,,,1,100,,24513,1282,,,1,105,,24507,1282,,,1,95,,24497,1282,,,1,100,,24509,1282,,,1,100,,24503,1282,,,1,100,,24508,1282,,,1,100,,24504,1282,,,1,100,,24500,1282,,,1,100,,24506,1282,,,1,100,,24510,1282,,,1,100,,24511,1282,,,1,100,,24498,1282,,,1,100,,24514,1282,,,1,100,,24501,1282,,,1,100,,24515,1282,,,1,100,,24502,1282,,,1
1500,'SE',547,,44722,1282,,,1,70,,44712,1282,,,1,30,,44727,1282,,,1,68,,44719,1282,,,1,32,,44738,1282,,,1,66,,44723,1282,,,1,34,,44731,1282,,,1,70,,44716,1282,,,1,30,,44742,1282,,,1,70,,44708,1282,,,1,30,,44717,1282,,,1,70,,44726,1282,,,1,30,,44710,1282,,,1,70,,44718,1282,,,1,30,,44732,1282,,,1,70,,44711,1282,,,1,30,,44715,1282,,,1,70,,44733,1282,,,1,30,,44741,1282,,,1,70,,44709,1282,,,1,24,,44728,1282,,,1,74,,44729,1282,,,1,38,,44739,1282,,,1,64,,44735,1282,,,1,30,,44744,1282,,,1,70,,44730,1282,,,1,30,,44725,1282,,,1,70,,44740,1282,,,1,30,,44743,1282,,,1,70,,44720,1282,,,1,30,,44734,1282,,,1,70,,44737,1282,,,1,30,,44736,1282,,,1,70,,44714,1282,,,1,100,,44721,1282,,,1,100,,44724,1282,,,1,100,,44713,1282,,,1
