2100,'DI',524,,26717,12449,,,1,30,,26710,12449,,,1,70,,26733,12449,,,1,29,,26735,12449,,,1,70,,26737,12449,,,1,30,,26728,12449,,,1,71,,26729,12449,,,1,30,,26734,12449,,,1,70,,26718,12449,,,1,27,,26731,12449,,,1,73,,26744,12449,,,1,30,,26742,12449,,,1,72,,26732,12449,,,1,28,,26719,12449,,,1,71,,26738,12449,,,1,30,,26730,12449,,,1,70,,26736,12449,,,1,30,,26745,12449,,,1,70,,26743,12449,,,1,30,,26720,12449,,,1,70,,26722,12449,,,1,30,,26711,12449,,,1,70,,26725,12449,,,1,30,,26721,12449,,,1,70,,26705,12449,,,1,30,,26712,12449,,,1,70,,26726,12449,,,1,29,,26709,12449,,,1,70,,26706,12449,,,1,30,,26708,12449,,,1,70,,26740,12449,,,1,30,,26723,12449,,,1,70,,26713,12449,,,1,30,,26727,12449,,,1,70,,26714,12449,,,1,30,,26716,12449,,,1,70,,26739,12449,,,1,30,,26741,12449,,,1,70,,26707,12449,,,1,30,,26724,12449,,,1,70,,26715,12449,,,1
2100,'F1',524,,45557,12449,,,1,30,,45550,12449,,,1,70,,45573,12449,,,1,29,,45575,12449,,,1,70,,45577,12449,,,1,30,,45568,12449,,,1,71,,45569,12449,,,1,30,,45574,12449,,,1,70,,45558,12449,,,1,27,,45571,12449,,,1,73,,45584,12449,,,1,30,,45582,12449,,,1,72,,45572,12449,,,1,28,,45559,12449,,,1,71,,45578,12449,,,1,30,,45570,12449,,,1,70,,45576,12449,,,1,30,,45585,12449,,,1,70,,45583,12449,,,1,30,,45560,12449,,,1,70,,45562,12449,,,1,30,,45551,12449,,,1,70,,45565,12449,,,1,30,,45561,12449,,,1,70,,45545,12449,,,1,30,,45552,12449,,,1,70,,45566,12449,,,1,29,,45549,12449,,,1,70,,45546,12449,,,1,30,,45548,12449,,,1,70,,45580,12449,,,1,30,,45563,12449,,,1,70,,45553,12449,,,1,30,,45567,12449,,,1,70,,45554,12449,,,1,30,,45556,12449,,,1,70,,45579,12449,,,1,30,,45581,12449,,,1,70,,45547,12449,,,1,30,,45564,12449,,,1,70,,45555,12449,,,1
2100,'F2',524,,45603,12449,,,1,30,,45594,12449,,,1,70,,45607,12449,,,1,30,,45616,12449,,,1,70,,45617,12449,,,1,30,,45605,12449,,,1,70,,45620,12449,,,1,30,,45608,12449,,,1,70,,45595,12449,,,1,25,,45590,12449,,,1,71,,45604,12449,,,1,34,,45609,12449,,,1,73,,45591,12449,,,1,24,,45596,12449,,,1,74,,45600,12449,,,1,30,,45613,12449,,,1,70,,45618,12449,,,1,30,,45610,12449,,,1,70,,45621,12449,,,1,30,,45614,12449,,,1,70,,45619,12449,,,1,30,,45611,12449,,,1,70,,45623,12449,,,1,30,,45597,12449,,,1,70,,45622,12449,,,1,30,,45612,12449,,,1,70,,45624,12449,,,1,29,,45586,12449,,,1,70,,45601,12449,,,1,30,,45615,12449,,,1,70,,45598,12449,,,1,30,,45606,12449,,,1,70,,45592,12449,,,1,30,,45602,12449,,,1,70,,45588,12449,,,1,30,,45599,12449,,,1,70,,45626,12449,,,1,30,,45593,12449,,,1,70,,45625,12449,,,1,30,,45589,12449,,,1,69,,45587,12449,,,1
2100,'F8',524,,26891,12449,,,1,30,,26882,12449,,,1,70,,26895,12449,,,1,30,,26904,12449,,,1,70,,26905,12449,,,1,30,,26893,12449,,,1,70,,26908,12449,,,1,30,,26896,12449,,,1,70,,26883,12449,,,1,25,,26878,12449,,,1,71,,26892,12449,,,1,34,,26897,12449,,,1,73,,26879,12449,,,1,24,,26884,12449,,,1,74,,26888,12449,,,1,30,,26901,12449,,,1,70,,26906,12449,,,1,30,,26898,12449,,,1,70,,26909,12449,,,1,30,,26902,12449,,,1,70,,26907,12449,,,1,30,,26899,12449,,,1,70,,26911,12449,,,1,30,,26885,12449,,,1,70,,26910,12449,,,1,30,,26900,12449,,,1,70,,26912,12449,,,1,29,,26874,12449,,,1,70,,26889,12449,,,1,30,,26903,12449,,,1,70,,26886,12449,,,1,30,,26894,12449,,,1,70,,26880,12449,,,1,30,,26890,12449,,,1,70,,26876,12449,,,1,30,,26887,12449,,,1,70,,26914,12449,,,1,30,,26881,12449,,,1,70,,26913,12449,,,1,30,,26877,12449,,,1,69,,26875,12449,,,1
2100,'F9',524,,26927,12449,,,1,30,,26920,12449,,,1,70,,26943,12449,,,1,29,,26945,12449,,,1,70,,26947,12449,,,1,30,,26938,12449,,,1,71,,26939,12449,,,1,30,,26944,12449,,,1,70,,26928,12449,,,1,27,,26941,12449,,,1,73,,26954,12449,,,1,30,,26952,12449,,,1,72,,26942,12449,,,1,28,,26929,12449,,,1,71,,26948,12449,,,1,30,,26940,12449,,,1,70,,26946,12449,,,1,30,,26955,12449,,,1,70,,26953,12449,,,1,30,,26930,12449,,,1,70,,26932,12449,,,1,30,,26921,12449,,,1,70,,26935,12449,,,1,30,,26931,12449,,,1,70,,26915,12449,,,1,30,,26922,12449,,,1,70,,26936,12449,,,1,29,,26919,12449,,,1,70,,26916,12449,,,1,30,,26918,12449,,,1,70,,26950,12449,,,1,30,,26933,12449,,,1,70,,26923,12449,,,1,30,,26937,12449,,,1,70,,26924,12449,,,1,30,,26926,12449,,,1,70,,26949,12449,,,1,30,,26951,12449,,,1,70,,26917,12449,,,1,30,,26934,12449,,,1,70,,26925,12449,,,1
2100,'SA',524,,26973,12449,,,1,30,,26964,12449,,,1,70,,26977,12449,,,1,30,,26986,12449,,,1,70,,26987,12449,,,1,30,,26975,12449,,,1,70,,26988,12449,,,1,30,,26978,12449,,,1,70,,26965,12449,,,1,25,,26960,12449,,,1,71,,26974,12449,,,1,34,,26979,12449,,,1,73,,26961,12449,,,1,24,,26966,12449,,,1,74,,26970,12449,,,1,30,,26983,12449,,,1,70,,6221,12449,,,1,30,,26980,12449,,,1,70,,26989,12449,,,1,30,,26984,12449,,,1,70,,6222,12449,,,1,30,,26981,12449,,,1,70,,26991,12449,,,1,30,,26967,12449,,,1,70,,26990,12449,,,1,30,,26982,12449,,,1,70,,26992,12449,,,1,29,,26956,12449,,,1,70,,26971,12449,,,1,30,,26985,12449,,,1,70,,26968,12449,,,1,30,,26976,12449,,,1,70,,26962,12449,,,1,30,,26972,12449,,,1,70,,26958,12449,,,1,30,,26969,12449,,,1,70,,26993,12449,,,1,30,,26963,12449,,,1,70,,6233,12449,,,1,30,,26959,12449,,,1,69,,26957,12449,,,1
2100,'SE',537,,45652,12449,,,1,15,,45637,12449,,,1,55,,45633,12449,,,1,12,,45634,12449,,,1,12,,45660,12449,,,1,12,,45661,12449,,,1,65,,45659,12449,,,1,21,,45638,12449,,,1,17,,45641,12449,,,1,57,,45665,12449,,,1,23,,45648,12449,,,1,18,,45666,12449,,,1,60,,45627,12449,,,1,21,,45639,12449,,,1,27,,45643,12449,,,1,72,,45649,12449,,,1,30,,45675,12449,,,1,70,,45640,12449,,,1,30,,45656,12449,,,1,73,,45628,12449,,,1,30,,45631,12449,,,1,70,,45653,12449,,,1,30,,45662,12449,,,1,71,,45629,12449,,,1,75,,45632,12449,,,1,27,,45654,12449,,,1,15,,45642,12449,,,1,55,,45663,12449,,,1,15,,45667,12449,,,1,15,,45669,12449,,,1,16,,45644,12449,,,1,59,,45635,12449,,,1,17,,45676,12449,,,1,10,,45655,12449,,,1,11,,45672,12449,,,1,15,,45650,12449,,,1,53,,45674,12449,,,1,15,,45651,12449,,,1,15,,45645,12449,,,1,60,,45636,12449,,,1,20,,45630,12449,,,1,17,,45658,12449,,,1,70,,45671,12449,,,1,30,,45668,12449,,,1,70,,45670,12449,,,1,30,,45673,12449,,,1,100,,45646,12449,,,1,100,,45664,12449,,,1,97,,45657,12449,,,1,100,,45647,12449,,,1
13201,'DI',724,,38200,10010,,,1,100,,38198,10010,,,1,100,,38199,10010,,,1,100,,38204,10010,,,1,100,,38201,10010,,,1,100,,38202,10010,,,1,100,,38205,10010,,,1,100,,38208,10010,,,1,100,,38206,10010,,,1,105,,38210,10010,,,1,95,,38209,10010,,,1,100,,38207,10010,,,1,101,,38211,10010,,,1,97,,38212,10010,,,1,100,,38203,10010,,,1,100,,38197,10010,,,1,100,,38213,10010,,,1,100,,38214,10010,,,1
13201,'F1',724,,50148,10010,,,1,100,,50146,10010,,,1,100,,50147,10010,,,1,100,,50152,10010,,,1,100,,50149,10010,,,1,100,,50150,10010,,,1,100,,50153,10010,,,1,100,,50156,10010,,,1,100,,50154,10010,,,1,105,,50158,10010,,,1,95,,50157,10010,,,1,100,,50155,10010,,,1,101,,50159,10010,,,1,97,,50160,10010,,,1,100,,50151,10010,,,1,100,,50145,10010,,,1,100,,50161,10010,,,1,100,,50162,10010,,,1
13201,'F2',724,,50164,10010,,,1,100,,50180,10010,,,1,100,,50168,10010,,,1,100,,50163,10010,,,1,103,,50165,10010,,,1,97,,50169,10010,,,1,104,,50166,10010,,,1,96,,50179,10010,,,1,104,,50170,10010,,,1,96,,50172,10010,,,1,100,,50167,10010,,,1,100,,50171,10010,,,1,101,,50173,10010,,,1,97,,50175,10010,,,1,100,,50174,10010,,,1,100,,50177,10010,,,1,100,,50176,10010,,,1,100,,50178,10010,,,1
13201,'F8',724,,38280,10010,,,1,100,,38296,10010,,,1,100,,38284,10010,,,1,100,,38279,10010,,,1,103,,38281,10010,,,1,97,,38285,10010,,,1,104,,38282,10010,,,1,96,,38295,10010,,,1,104,,38286,10010,,,1,96,,38288,10010,,,1,100,,38283,10010,,,1,100,,38287,10010,,,1,101,,38289,10010,,,1,97,,38291,10010,,,1,100,,38290,10010,,,1,100,,38293,10010,,,1,100,,38292,10010,,,1,100,,38294,10010,,,1
13201,'F9',724,,38300,10010,,,1,100,,38298,10010,,,1,100,,38299,10010,,,1,100,,38304,10010,,,1,100,,38301,10010,,,1,100,,38302,10010,,,1,100,,38305,10010,,,1,100,,38308,10010,,,1,100,,38306,10010,,,1,105,,38310,10010,,,1,95,,38309,10010,,,1,100,,38307,10010,,,1,101,,38311,10010,,,1,97,,38312,10010,,,1,100,,38303,10010,,,1,100,,38297,10010,,,1,100,,38313,10010,,,1,100,,38314,10010,,,1
13201,'SA',724,,38316,10010,,,1,100,,38332,10010,,,1,100,,38320,10010,,,1,100,,38315,10010,,,1,103,,38317,10010,,,1,97,,38321,10010,,,1,104,,38318,10010,,,1,96,,38331,10010,,,1,104,,38322,10010,,,1,96,,38324,10010,,,1,100,,38319,10010,,,1,100,,38323,10010,,,1,101,,38325,10010,,,1,97,,38327,10010,,,1,100,,38326,10010,,,1,100,,38329,10010,,,1,100,,38328,10010,,,1,100,,38330,10010,,,1
13201,'SE',557,,50185,10010,,,1,70,,50190,10010,,,1,73,,50195,10010,,,1,20,,50198,10010,,,1,22,,50181,10010,,,1,62,,50196,10010,,,1,20,,50194,10010,,,1,17,,50192,10010,,,1,18,,50182,10010,,,1,60,,50197,10010,,,1,18,,50189,10010,,,1,22,,50193,10010,,,1,96,,50187,10010,,,1,99,,50203,10010,,,1,96,,50186,10010,,,1,100,,50204,10010,,,1,150,,50206,10010,,,1,57,,50183,10010,,,1,64,,50199,10010,,,1,21,,50201,10010,,,1,58,,50191,10010,,,1,23,,50184,10010,,,1,19,,50200,10010,,,1,58,,50205,10010,,,1,19,,50188,10010,,,1,40,,50202,10010,,,1
