401,'DI',708,,52491,5284,,,1,30,,52485,5284,,,1,70,,52501,5284,,,1,32,,52494,5284,,,1,70,,52504,5284,,,1,30,,52486,5284,,,1,70,,52502,5284,,,1,30,,52495,5284,,,1,70,,52505,5284,,,1,30,,52487,5284,,,1,70,,52511,5284,,,1,30,,52509,5284,,,1,70,,52506,5284,,,1,31,,52488,5284,,,1,69,,52507,5284,,,1,30,,52512,5284,,,1,70,,52496,5284,,,1,32,,52489,5284,,,1,69,,52508,5284,,,1,30,,52513,5284,,,1,74,,52497,5284,,,1,25,,52498,5284,,,1,70,,52514,5284,,,1,30,,52510,5284,,,1,70,,52515,5284,,,1,31,,52499,5284,,,1,69,,52492,5284,,,1,30,,52516,5284,,,1,70,,52518,5284,,,1,100,,52517,5284,,,1,100,,52490,5284,,,1,100,,52503,5284,,,1
401,'F1',708,,52526,5284,,,1,30,,52520,5284,,,1,70,,52536,5284,,,1,32,,52529,5284,,,1,70,,52539,5284,,,1,30,,52521,5284,,,1,70,,52537,5284,,,1,30,,52530,5284,,,1,70,,52540,5284,,,1,30,,52522,5284,,,1,70,,52546,5284,,,1,30,,52544,5284,,,1,70,,52541,5284,,,1,31,,52523,5284,,,1,69,,52542,5284,,,1,30,,52547,5284,,,1,70,,52531,5284,,,1,32,,52524,5284,,,1,69,,52543,5284,,,1,30,,52548,5284,,,1,74,,52532,5284,,,1,25,,52533,5284,,,1,70,,52549,5284,,,1,30,,52545,5284,,,1,70,,52550,5284,,,1,31,,52534,5284,,,1,69,,52527,5284,,,1,30,,52551,5284,,,1,70,,52553,5284,,,1,100,,52552,5284,,,1,100,,52525,5284,,,1,100,,52538,5284,,,1
401,'F2',708,,52555,5284,,,1,30,,52574,5284,,,1,70,,52558,5284,,,1,32,,52562,5284,,,1,70,,52556,5284,,,1,30,,52575,5284,,,1,70,,52559,5284,,,1,30,,52563,5284,,,1,70,,52580,5284,,,1,30,,52578,5284,,,1,70,,52554,5284,,,1,30,,52565,5284,,,1,70,,52571,5284,,,1,30,,52566,5284,,,1,70,,52582,5284,,,1,30,,52560,5284,,,1,70,,52579,5284,,,1,30,,52576,5284,,,1,70,,52572,5284,,,1,30,,52568,5284,,,1,70,,52570,5284,,,1,30,,52583,5284,,,1,70,,52567,5284,,,1,30,,52586,5284,,,1,70,,52584,5284,,,1,30,,52585,5284,,,1,70,,52577,5284,,,1,30,,52587,5284,,,1,70,,52588,5284,,,1,100,,52581,5284,,,1,100,,52569,5284,,,1,100,,52564,5284,,,1
401,'SA',708,,52590,5284,,,1,30,,52609,5284,,,1,70,,52593,5284,,,1,32,,52597,5284,,,1,70,,52591,5284,,,1,30,,52610,5284,,,1,70,,52594,5284,,,1,30,,52598,5284,,,1,70,,52615,5284,,,1,30,,52613,5284,,,1,70,,52589,5284,,,1,30,,52600,5284,,,1,70,,52606,5284,,,1,30,,52601,5284,,,1,70,,52617,5284,,,1,30,,52595,5284,,,1,70,,52614,5284,,,1,30,,52611,5284,,,1,70,,52607,5284,,,1,30,,52603,5284,,,1,70,,52605,5284,,,1,30,,52618,5284,,,1,70,,52602,5284,,,1,30,,52621,5284,,,1,70,,52619,5284,,,1,30,,52620,5284,,,1,70,,52612,5284,,,1,30,,52622,5284,,,1,70,,52623,5284,,,1,100,,52616,5284,,,1,100,,52604,5284,,,1,100,,52599,5284,,,1
401,'SE',623,,52647,5284,,,1,21,,52625,5284,,,1,71,,52656,5284,,,1,33,,52643,5284,,,1,73,,52653,5284,,,1,30,,52652,5284,,,1,72,,52630,5284,,,1,30,,52637,5284,,,1,70,,52657,5284,,,1,30,,52636,5284,,,1,70,,52635,5284,,,1,30,,52626,5284,,,1,71,,52645,5284,,,1,32,,52662,5284,,,1,70,,52648,5284,,,1,30,,52629,5284,,,1,66,,52624,5284,,,1,34,,52632,5284,,,1,55,,52649,5284,,,1,23,,52633,5284,,,1,22,,52639,5284,,,1,59,,52627,5284,,,1,20,,52655,5284,,,1,23,,52644,5284,,,1,57,,52659,5284,,,1,20,,52661,5284,,,1,24,,52640,5284,,,1,56,,52651,5284,,,1,27,,52628,5284,,,1,70,,52660,5284,,,1,27,,52646,5284,,,1,69,,52658,5284,,,1,30,,52641,5284,,,1,70,,52654,5284,,,1,30,,52663,5284,,,1,100,,52650,5284,,,1,99,,52631,5284,,,1,100,,52642,5284,,,1
7700,'DI',717,,59947,6943,,,1,100,,59949,6943,,,1,100,,59948,6943,,,1,100,,59950,6943,,,1,100,,59951,6943,,,1,100,,59953,6943,,,1,100,,59952,6943,,,1,100,,59954,6943,,,1,100,,59945,6943,,,1,100,,59955,6943,,,1,100,,59946,6943,,,1,100,,59956,6943,,,1,99,,59957,6943,,,1,100,,59959,6943,,,1,100,,59958,6943,,,1
7700,'F1',717,,59962,6943,,,1,100,,59964,6943,,,1,100,,59963,6943,,,1,100,,59965,6943,,,1,100,,59966,6943,,,1,100,,59968,6943,,,1,100,,59967,6943,,,1,100,,59969,6943,,,1,100,,59960,6943,,,1,100,,59970,6943,,,1,100,,59961,6943,,,1,100,,59971,6943,,,1,99,,59972,6943,,,1,100,,59974,6943,,,1,100,,59973,6943,,,1
7700,'F2',717,,59975,6943,,,1,100,,59977,6943,,,1,100,,59976,6943,,,1,100,,59978,6943,,,1,100,,59980,6943,,,1,100,,59979,6943,,,1,100,,59981,6943,,,1,97,,59982,6943,,,1,103,,59983,6943,,,1,99,,59985,6943,,,1,101,,59984,6943,,,1,100,,59986,6943,,,1,99,,59987,6943,,,1,100,,59989,6943,,,1,100,,59988,6943,,,1
7700,'SA',717,,59990,6943,,,1,100,,59992,6943,,,1,100,,59991,6943,,,1,100,,59993,6943,,,1,100,,59995,6943,,,1,100,,59994,6943,,,1,100,,59996,6943,,,1,97,,59997,6943,,,1,103,,59998,6943,,,1,99,,60000,6943,,,1,101,,59999,6943,,,1,100,,60001,6943,,,1,99,,60002,6943,,,1,100,,60004,6943,,,1,100,,60003,6943,,,1
7700,'SE',604,,60026,6943,,,1,37,,60025,6943,,,1,77,,60027,6943,,,1,26,,60005,6943,,,1,71,,60007,6943,,,1,31,,60009,6943,,,1,70,,60028,6943,,,1,30,,60006,6943,,,1,70,,60008,6943,,,1,30,,60010,6943,,,1,72,,60029,6943,,,1,29,,60030,6943,,,1,71,,60031,6943,,,1,33,,60011,6943,,,1,70,,60032,6943,,,1,30,,60014,6943,,,1,68,,60020,6943,,,1,31,,60012,6943,,,1,60,,60036,6943,,,1,20,,60033,6943,,,1,5,,60042,6943,,,1,15,,60015,6943,,,1,59,,60023,6943,,,1,18,,60021,6943,,,1,18,,60039,6943,,,1,57,,60013,6943,,,1,16,,60017,6943,,,1,20,,60037,6943,,,1,20,,60016,6943,,,1,58,,60024,6943,,,1,2,,60034,6943,,,1,19,,60022,6943,,,1,17,,60040,6943,,,1,70,,60018,6943,,,1,32,,60038,6943,,,1,71,,60035,6943,,,1,27,,60041,6943,,,1,70,,60019,6943,,,1
42100,'SE',643,,62805,5284,0,12 13,1,71,,62796,5284,0,12 13,1,17,,62803,5284,0,12 13,1,722,,62799,5284,0,12 13,1,62,,62806,5284,0,12 13,1,30,,62804,5284,0,12 13,1,70,,62802,5284,0,12 13,1,32,,62800,5284,0,12 13,1,69,,62801,5284,0,12 13,1
60701,'SE',852,,63489,5214,,,2
90100,'DI',646,,63623,5342,,,1,72,,63616,5342,,,1,32,,63607,5342,,,1,68,,63612,5342,,,1,30,,63610,5342,,,1,67,,63626,5342,,,1,31,,63624,5342,,,1,68,,63622,5342,,,1,31,,63613,5342,,,1,71,,63629,5342,,,1,28,,63619,5342,,,1,70,,63627,5342,,,1,29,,63601,5342,,,1,65,,63614,5342,,,1,34,,63608,5342,,,1,70,,63599,5342,,,1,31,,63628,5342,,,1,70,,63604,5342,,,1,30,,63618,5342,,,1,68,,63611,5342,,,1,32,,63600,5342,,,1,72,,63625,5342,,,1,35,,63609,5342,,,1,70,,63617,5342,,,1,35,,63606,5342,,,1,100,,63620,5342,,,1,100,,63602,5342,,,1,100,,63605,5342,,,1,100,,63615,5342,,,1,100,,63621,5342,,,1,100,,63603,5342,,,1
90100,'F1',646,,63654,5342,,,1,72,,63647,5342,,,1,32,,63638,5342,,,1,68,,63643,5342,,,1,30,,63641,5342,,,1,67,,63657,5342,,,1,31,,63655,5342,,,1,68,,63653,5342,,,1,31,,63644,5342,,,1,71,,63660,5342,,,1,28,,63650,5342,,,1,70,,63658,5342,,,1,29,,63632,5342,,,1,65,,63645,5342,,,1,34,,63639,5342,,,1,70,,63630,5342,,,1,31,,63659,5342,,,1,70,,63635,5342,,,1,30,,63649,5342,,,1,68,,63642,5342,,,1,32,,63631,5342,,,1,72,,63656,5342,,,1,35,,63640,5342,,,1,70,,63648,5342,,,1,35,,63637,5342,,,1,100,,63651,5342,,,1,100,,63633,5342,,,1,100,,63636,5342,,,1,100,,63646,5342,,,1,100,,63652,5342,,,1,100,,63634,5342,,,1
90100,'F2',646,,63686,5342,,,1,72,,63680,5342,,,1,32,,63678,5342,,,1,68,,63683,5342,,,1,30,,63688,5342,,,1,67,,63666,5342,,,1,31,,63679,5342,,,1,68,,63687,5342,,,1,31,,63681,5342,,,1,71,,63689,5342,,,1,28,,63671,5342,,,1,70,,63668,5342,,,1,29,,63661,5342,,,1,65,,63675,5342,,,1,34,,63690,5342,,,1,70,,63672,5342,,,1,31,,63669,5342,,,1,70,,63662,5342,,,1,30,,63664,5342,,,1,68,,63684,5342,,,1,32,,63673,5342,,,1,72,,63667,5342,,,1,35,,63676,5342,,,1,70,,63663,5342,,,1,35,,63691,5342,,,1,100,,63670,5342,,,1,100,,63682,5342,,,1,100,,63674,5342,,,1,100,,63665,5342,,,1,100,,63685,5342,,,1,100,,63677,5342,,,1
90100,'SA',646,,63717,5342,,,1,72,,63711,5342,,,1,32,,63709,5342,,,1,68,,63714,5342,,,1,30,,63719,5342,,,1,67,,63697,5342,,,1,31,,63710,5342,,,1,68,,63718,5342,,,1,31,,63712,5342,,,1,71,,63720,5342,,,1,28,,63702,5342,,,1,70,,63699,5342,,,1,29,,63692,5342,,,1,65,,63706,5342,,,1,34,,63721,5342,,,1,70,,63703,5342,,,1,31,,63700,5342,,,1,70,,63693,5342,,,1,30,,63695,5342,,,1,68,,63715,5342,,,1,32,,63704,5342,,,1,72,,63698,5342,,,1,35,,63707,5342,,,1,70,,63694,5342,,,1,35,,63722,5342,,,1,100,,63701,5342,,,1,100,,63713,5342,,,1,100,,63705,5342,,,1,100,,63696,5342,,,1,100,,63716,5342,,,1,100,,63708,5342,,,1
90100,'SE',532,,63749,5342,,,1,80,,63758,5342,,,1,30,,63755,5342,,,1,77,,63756,5342,,,1,37,,63752,5342,,,1,75,,63731,5342,,,1,20,,63759,5342,,,1,60,,63733,5342,,,1,20,,63728,5342,,,1,20,,63757,5342,,,1,60,,63764,5342,,,1,20,,63723,5342,,,1,20,,63727,5342,,,1,60,,63732,5342,,,1,20,,63730,5342,,,1,20,,63734,5342,,,1,60,,63729,5342,,,1,20,,63767,5342,,,1,20,,63765,5342,,,1,60,,63735,5342,,,1,20,,63750,5342,,,1,20,,63762,5342,,,1,60,,63766,5342,,,1,20,,63736,5342,,,1,20,,63760,5342,,,1,63,,63768,5342,,,1,15,,63748,5342,,,1,15,,63771,5342,,,1,15,,63751,5342,,,1,57,,63774,5342,,,1,10,,63738,5342,,,1,10,,63776,5342,,,1,10,,63742,5342,,,1,10,,63724,5342,,,1,49,,63737,5342,,,1,10,,63754,5342,,,1,9,,63761,5342,,,1,10,,63763,5342,,,1,10,,63753,5342,,,1,10,,63769,5342,,,1,55,,63744,5342,,,1,15,,63772,5342,,,1,15,,63726,5342,,,1,15,,63739,5342,,,1,55,,63773,5342,,,1,20,,63770,5342,,,1,25,,63777,5342,,,1,70,,63741,5342,,,1,30,,63745,5342,,,1,70,,63746,5342,,,1,30,,63725,5342,,,1,70,,63778,5342,,,1,30,,63740,5342,,,1,70,,63743,5342,,,1,99,,63747,5342,,,1,100,,63775,5342,,,1
