400,'DI',629,,52302,1208,,,1,30,,52320,1208,,,1,70,,52312,1208,,,1,30,,52310,1208,,,1,72,,52303,1208,,,1,70,,52321,1208,,,1,32,,52313,1208,,,1,70,,52323,1208,,,1,30,,52304,1208,,,1,71,,52322,1208,,,1,30,,52314,1208,,,1,67,,52324,1208,,,1,31,,52305,1208,,,1,72,,52329,1208,,,1,30,,52327,1208,,,1,68,,52317,1208,,,1,31,,52306,1208,,,1,69,,52325,1208,,,1,30,,52330,1208,,,1,72,,52315,1208,,,1,30,,52307,1208,,,1,70,,52326,1208,,,1,30,,52331,1208,,,1,72,,52316,1208,,,1,28,,52318,1208,,,1,70,,52332,1208,,,1,30,,52328,1208,,,1,70,,52333,1208,,,1,30,,52319,1208,,,1,70,,52311,1208,,,1,30,,52334,1208,,,1,70,,52336,1208,,,1,100,,52335,1208,,,1,100,,52308,1208,,,1
400,'F1',629,,52337,1208,,,1,30,,52355,1208,,,1,70,,52347,1208,,,1,30,,52345,1208,,,1,72,,52338,1208,,,1,70,,52356,1208,,,1,32,,52348,1208,,,1,70,,52358,1208,,,1,30,,52339,1208,,,1,71,,52357,1208,,,1,30,,52349,1208,,,1,67,,52359,1208,,,1,31,,52340,1208,,,1,72,,52364,1208,,,1,30,,52362,1208,,,1,68,,52352,1208,,,1,31,,52341,1208,,,1,69,,52360,1208,,,1,30,,52365,1208,,,1,72,,52350,1208,,,1,30,,52342,1208,,,1,70,,52361,1208,,,1,30,,52366,1208,,,1,72,,52351,1208,,,1,28,,52353,1208,,,1,70,,52367,1208,,,1,30,,52363,1208,,,1,70,,52368,1208,,,1,30,,52354,1208,,,1,70,,52346,1208,,,1,30,,52369,1208,,,1,70,,52371,1208,,,1,100,,52370,1208,,,1,100,,52343,1208,,,1
400,'F2',629,,52391,1208,,,1,30,,52375,1208,,,1,70,,52380,1208,,,1,30,,52374,1208,,,1,72,,52392,1208,,,1,70,,52376,1208,,,1,32,,52381,1208,,,1,71,,52383,1208,,,1,30,,52393,1208,,,1,70,,52377,1208,,,1,30,,52382,1208,,,1,70,,52399,1208,,,1,30,,52397,1208,,,1,70,,52372,1208,,,1,30,,52384,1208,,,1,70,,52390,1208,,,1,30,,52385,1208,,,1,70,,52395,1208,,,1,30,,52378,1208,,,1,70,,52398,1208,,,1,30,,52394,1208,,,1,70,,52379,1208,,,1,30,,52387,1208,,,1,70,,52389,1208,,,1,30,,52401,1208,,,1,70,,52386,1208,,,1,30,,52404,1208,,,1,70,,52402,1208,,,1,30,,52403,1208,,,1,70,,52396,1208,,,1,30,,52405,1208,,,1,70,,52406,1208,,,1,100,,52400,1208,,,1,100,,52388,1208,,,1
400,'SA',629,,52426,1208,,,1,30,,52410,1208,,,1,70,,52415,1208,,,1,30,,52409,1208,,,1,72,,52427,1208,,,1,70,,52411,1208,,,1,32,,52416,1208,,,1,71,,52418,1208,,,1,30,,52428,1208,,,1,70,,52412,1208,,,1,30,,52417,1208,,,1,70,,52434,1208,,,1,30,,52432,1208,,,1,70,,52407,1208,,,1,30,,52419,1208,,,1,70,,52425,1208,,,1,30,,52420,1208,,,1,70,,52430,1208,,,1,30,,52413,1208,,,1,70,,52433,1208,,,1,30,,52429,1208,,,1,70,,52414,1208,,,1,30,,52422,1208,,,1,70,,52424,1208,,,1,30,,52436,1208,,,1,70,,52421,1208,,,1,30,,52439,1208,,,1,70,,52437,1208,,,1,30,,52438,1208,,,1,70,,52431,1208,,,1,30,,52440,1208,,,1,70,,52441,1208,,,1,100,,52435,1208,,,1,100,,52423,1208,,,1
400,'SE',556,,52468,1208,,,1,60,,52475,1208,,,1,15,,52476,1208,,,1,20,,52467,1208,,,1,66,,52478,1208,,,1,17,,52470,1208,,,1,24,,52479,1208,,,1,52,,52483,1208,,,1,32,,52474,1208,,,1,13,,52453,1208,,,1,63,,52442,1208,,,1,30,,52455,1208,,,1,70,,52447,1208,,,1,30,,52448,1208,,,1,70,,52449,1208,,,1,30,,52451,1208,,,1,70,,52460,1208,,,1,30,,52461,1208,,,1,70,,52450,1208,,,1,29,,52446,1208,,,1,69,,52443,1208,,,1,31,,52477,1208,,,1,66,,52482,1208,,,1,34,,52480,1208,,,1,71,,52471,1208,,,1,30,,52472,1208,,,1,69,,52481,1208,,,1,25,,52459,1208,,,1,60,,52454,1208,,,1,34,,52464,1208,,,1,74,,52457,1208,,,1,30,,52444,1208,,,1,70,,52463,1208,,,1,30,,52465,1208,,,1,70,,52462,1208,,,1,30,,52452,1208,,,1,70,,52458,1208,,,1,30,,52466,1208,,,1,100,,52456,1208,,,1,100,,52445,1208,,,1
1401,'SE',552,,54266,1208,,,1,70,,54252,1208,,,1,20,,54259,1208,,,1,60,,54263,1208,,,1,20,,54255,1208,,,1,20,,54254,1208,,,1,60,,54253,1208,,,1,20,,54256,1208,,,1,16,,54262,1208,,,1,64,,54261,1208,,,1,650,,54258,1208,,,1,71,,54265,1208,,,1,30,,54257,1208,,,1,70,,54264,1208,,,1,30,,54251,1208,,,1,70,,54260,1208,,,1
3200,'DI',602,,56554,1208,0,44,1,101,,56555,1208,0,44,1,99,,56556,1208,0,44,1,100,,56562,1208,0,44,1,100,,56561,1208,0,44,1,100,,56557,1208,0,44,1,101,,56558,1208,0,44,1,100,,56565,1208,0,44,1,98,,56563,1208,0,44,1,104,,56559,1208,0,44,1,96,,56566,1208,0,44,1,100,,56564,1208,0,44,1,100,,56567,1208,0,44,1,101,,56570,1208,0,44,1,100,,56568,1208,0,44,1,100,,56572,1208,0,44,1,100,,56571,1208,0,44,1,100,,56569,1208,0,44,1,100,,56573,1208,0,44,1,100,,56560,1208,0,44,1
3200,'F1',602,,56574,1208,0,44,1,101,,56575,1208,0,44,1,99,,56576,1208,0,44,1,100,,56582,1208,0,44,1,100,,56581,1208,0,44,1,100,,56577,1208,0,44,1,101,,56578,1208,0,44,1,100,,56585,1208,0,44,1,98,,56583,1208,0,44,1,104,,56579,1208,0,44,1,96,,56586,1208,0,44,1,100,,56584,1208,0,44,1,100,,56587,1208,0,44,1,101,,56590,1208,0,44,1,100,,56588,1208,0,44,1,100,,56592,1208,0,44,1,100,,56591,1208,0,44,1,100,,56589,1208,0,44,1,100,,56593,1208,0,44,1,100,,56580,1208,0,44,1
3200,'F2',602,,56595,1208,0,44,1,101,,56596,1208,0,44,1,56,,56601,1208,0,44,1,141,,56603,1208,0,44,1,101,,56594,1208,0,44,1,101,,56602,1208,0,44,1,99,,56604,1208,0,44,1,103,,56605,1208,0,44,1,102,,56607,1208,0,44,1,97,,56597,1208,0,44,1,98,,56606,1208,0,44,1,100,,56608,1208,0,44,1,100,,56598,1208,0,44,1,101,,56609,1208,0,44,1,100,,56613,1208,0,44,1,100,,56611,1208,0,44,1,100,,56610,1208,0,44,1,100,,56599,1208,0,44,1,100,,56612,1208,0,44,1,100,,56600,1208,0,44,1
3200,'SA',602,,56615,1208,0,44,1,101,,56616,1208,0,44,1,56,,56621,1208,0,44,1,141,,56623,1208,0,44,1,101,,56614,1208,0,44,1,101,,56622,1208,0,44,1,99,,56624,1208,0,44,1,103,,56625,1208,0,44,1,102,,56627,1208,0,44,1,97,,56617,1208,0,44,1,98,,56626,1208,0,44,1,100,,56628,1208,0,44,1,100,,56618,1208,0,44,1,101,,56629,1208,0,44,1,100,,56633,1208,0,44,1,100,,56631,1208,0,44,1,100,,56630,1208,0,44,1,100,,56619,1208,0,44,1,100,,56632,1208,0,44,1,100,,56620,1208,0,44,1
3200,'SE',612,,56649,1208,,,1,32,,56650,1208,,,1,64,,56655,1208,,,1,30,,56648,1208,,,1,76,,56658,1208,,,1,20,,56634,1208,0,44,1,96,,56641,1208,0,44,1,100,,56636,1208,0,44,1,100,,56647,1208,0,44,1,100,,56640,1208,0,44,1,100,,56642,1208,0,44,1,104,,56644,1208,0,44,1,104,,56656,1208,,,1,68,,56654,1208,,,1,30,,56652,1208,,,1,70,,56657,1208,,,1,25,,56651,1208,,,1,75,,56659,1208,,,1,25,,56653,1208,,,1,74,,56645,1208,0,44,1,30,,56639,1208,0,44,1,100,,56643,1208,0,44,1,100,,56646,1208,0,44,1,100,,56635,1208,0,44,1,100,,56637,1208,0,44,1,101,,56638,1208,0,44,1
11400,'DI',604,,61476,1208,,,1,100,,61477,1208,,,1,99,,61478,1208,,,1,100,,61479,1208,,,1,100,,61474,1208,,,1,100,,61475,1208,,,1,100,,61472,1208,,,1,100,,61473,1208,,,1,100,,61488,1208,,,1,100,,61489,1208,,,1,100,,61490,1208,,,1,100,,61480,1208,,,1,100,,61481,1208,,,1,100,,61482,1208,,,1,102,,61483,1208,,,1,100,,61484,1208,,,1,100,,61485,1208,,,1,100,,61486,1208,,,1,100,,61487,1208,,,1
11400,'F1',604,,61495,1208,,,1,100,,61496,1208,,,1,99,,61497,1208,,,1,100,,61498,1208,,,1,100,,61493,1208,,,1,100,,61494,1208,,,1,100,,61491,1208,,,1,100,,61492,1208,,,1,100,,61507,1208,,,1,100,,61508,1208,,,1,100,,61509,1208,,,1,100,,61499,1208,,,1,100,,61500,1208,,,1,100,,61501,1208,,,1,102,,61502,1208,,,1,100,,61503,1208,,,1,100,,61504,1208,,,1,100,,61505,1208,,,1,100,,61506,1208,,,1
11400,'F2',604,,61513,1208,,,1,100,,61514,1208,,,1,99,,61515,1208,,,1,100,,61516,1208,,,1,100,,61517,1208,,,1,100,,61518,1208,,,1,100,,61524,1208,,,1,100,,61525,1208,,,1,100,,61526,1208,,,1,100,,61527,1208,,,1,100,,61528,1208,,,1,100,,61510,1208,,,1,100,,61511,1208,,,1,100,,61512,1208,,,1,102,,61519,1208,,,1,100,,61520,1208,,,1,100,,61521,1208,,,1,100,,61522,1208,,,1,100,,61523,1208,,,1
11400,'SA',604,,61532,1208,,,1,100,,61533,1208,,,1,99,,61534,1208,,,1,100,,61535,1208,,,1,100,,61536,1208,,,1,100,,61537,1208,,,1,100,,61543,1208,,,1,100,,61544,1208,,,1,100,,61545,1208,,,1,100,,61546,1208,,,1,100,,61547,1208,,,1,100,,61529,1208,,,1,100,,61530,1208,,,1,100,,61531,1208,,,1,102,,61538,1208,,,1,100,,61539,1208,,,1,100,,61540,1208,,,1,100,,61541,1208,,,1,100,,61542,1208,,,1
11400,'SE',546,,61554,1208,,,1,68,,61574,1208,,,1,20,,61550,1208,,,1,20,,61558,1208,,,1,59,,61575,1208,,,1,17,,61580,1208,,,1,20,,61555,1208,,,1,63,,61585,1208,,,1,20,,61581,1208,,,1,20,,61556,1208,,,1,60,,61586,1208,,,1,20,,61582,1208,,,1,23,,61557,1208,,,1,57,,61587,1208,,,1,20,,61583,1208,,,1,20,,61559,1208,,,1,60,,61588,1208,,,1,20,,61584,1208,,,1,20,,61560,1208,,,1,60,,61577,1208,,,1,20,,61562,1208,,,1,20,,61561,1208,,,1,60,,61578,1208,,,1,20,,61563,1208,,,1,20,,61566,1208,,,1,60,,61579,1208,,,1,20,,61564,1208,,,1,20,,61567,1208,,,1,59,,61551,1208,,,1,21,,61548,1208,,,1,20,,61568,1208,,,1,60,,61576,1208,,,1,20,,61549,1208,,,1,20,,61595,1208,,,1,60,,61565,1208,,,1,20,,61569,1208,,,1,17,,61573,1208,,,1,63,,61552,1208,,,1,20,,61553,1208,,,1,70,,61589,1208,,,1,30,,61592,1208,,,1,72,,61590,1208,,,1,30,,61593,1208,,,1,70,,61591,1208,,,1,30,,61594,1208,,,1,100,,61570,1208,,,1,100,,61571,1208,,,1,100,,61572,1208,,,1
13200,'DI',829,,61957,1208,0,21 45,1,100,,61955,1208,0,21 45,1,100,,61959,1208,0,21 45,1,100,,61958,1208,0,21 45,1,100,,61960,1208,0,21 45,1,100,,61956,1208,0,21 45,1,100,,61962,1208,0,21 45,1,105,,61961,1208,0,21 45,1,95,,61964,1208,0,21 45,1,100,,61963,1208,0,21 45,1,101,,61965,1208,0,21 45,1,99,,61970,1208,0,21 45,1,100,,61968,1208,0,21 45,1,100,,61966,1208,0,21 45,1,100,,61971,1208,0,21 45,1,100,,61969,1208,0,21 45,1,100,,61967,1208,0,21 45,1,100,,61972,1208,0,21 45,1
13200,'F1',829,,61975,1208,0,21 45,1,100,,61973,1208,0,21 45,1,100,,61977,1208,0,21 45,1,100,,61976,1208,0,21 45,1,100,,61978,1208,0,21 45,1,100,,61974,1208,0,21 45,1,100,,61980,1208,0,21 45,1,105,,61979,1208,0,21 45,1,95,,61982,1208,0,21 45,1,100,,61981,1208,0,21 45,1,101,,61983,1208,0,21 45,1,99,,61988,1208,0,21 45,1,100,,61986,1208,0,21 45,1,100,,61984,1208,0,21 45,1,100,,61989,1208,0,21 45,1,100,,61987,1208,0,21 45,1,100,,61985,1208,0,21 45,1,100,,61990,1208,0,21 45,1
13200,'F2',729,,61997,1208,0,21 45,1,100,,61992,1208,0,21 45,1,100,,61995,1208,0,21 45,1,103,,61998,1208,0,21 45,1,97,,61991,1208,0,21 45,1,104,,61996,1208,0,21 45,1,96,,61999,1208,0,21 45,1,104,,62000,1208,0,21 45,1,96,,62002,1208,0,21 45,1,100,,61993,1208,0,21 45,1,100,,62001,1208,0,21 45,1,101,,62003,1208,0,21 45,1,99,,62006,1208,0,21 45,1,100,,62004,1208,0,21 45,1,100,,62009,1208,0,21 45,1,100,,62007,1208,0,21 45,1,100,,62005,1208,0,21 45,1,100,,61994,1208,0,21 45,1,100,,62008,1208,0,21 45,1
13200,'SA',729,,62016,1208,0,21 45,1,100,,62011,1208,0,21 45,1,100,,62014,1208,0,21 45,1,103,,62017,1208,0,21 45,1,97,,62010,1208,0,21 45,1,104,,62015,1208,0,21 45,1,96,,62018,1208,0,21 45,1,104,,62019,1208,0,21 45,1,96,,62021,1208,0,21 45,1,100,,62012,1208,0,21 45,1,100,,62020,1208,0,21 45,1,101,,62022,1208,0,21 45,1,99,,62025,1208,0,21 45,1,100,,62023,1208,0,21 45,1,100,,62028,1208,0,21 45,1,100,,62026,1208,0,21 45,1,100,,62024,1208,0,21 45,1,100,,62013,1208,0,21 45,1,100,,62027,1208,0,21 45,1
13200,'SE',640,,62038,1208,0,21 45,1,61,,62041,1208,0,21 45,1,11,,62031,1208,0,21 45,1,9,,62040,1208,0,21 45,1,4,,62033,1208,0,21 45,1,22,,62036,1208,0,21 45,1,58,,62039,1208,0,21 45,1,20,,62042,1208,0,21 45,1,79,,62037,1208,0,21 45,1,97,,62043,1208,0,21 45,1,99,,62035,1208,0,21 45,1,56,,62046,1208,0,21 45,1,100,,62029,1208,0,21 45,1,148,,62052,1208,0,21 45,1,53,,62047,1208,0,21 45,1,64,,62053,1208,0,21 45,1,20,,62049,1208,0,21 45,1,60,,62032,1208,0,21 45,1,21,,62048,1208,0,21 45,1,20,,62051,1208,0,21 45,1,60,,62044,1208,0,21 45,1,20,,62030,1208,0,21 45,1,21,,62034,1208,0,21 45,1,59,,62054,1208,0,21 45,1,21,,62045,1208,0,21 45,1,19,,62050,1208,0,21 45,1
69301,'SE',831,,63581,186,,,2,1,,63582,186,,,2
