800,'DI',554,,53345,3506,,,1,71,,53319,3506,,,1,30,,53327,3506,,,1,70,,53333,3506,,,1,30,,53346,3506,,,1,70,,53320,3506,,,1,32,,53328,3506,,,1,70,,53334,3506,,,1,30,,53347,3506,,,1,70,,53321,3506,,,1,30,,53329,3506,,,1,70,,53335,3506,,,1,31,,53348,3506,,,1,70,,53322,3506,,,1,30,,53330,3506,,,1,70,,53342,3506,,,1,30,,53349,3506,,,1,70,,53343,3506,,,1,30,,53331,3506,,,1,70,,53336,3506,,,1,30,,53350,3506,,,1,70,,53344,3506,,,1,29,,53332,3506,,,1,70,,53337,3506,,,1,32,,53351,3506,,,1,83,,53323,3506,,,1,100,,53338,3506,,,1,100,,53324,3506,,,1,99,,53339,3506,,,1,100,,53325,3506,,,1,100,,53340,3506,,,1,100,,53326,3506,,,1,100,,53341,3506,,,1
800,'F1',554,,53378,3506,,,1,71,,53352,3506,,,1,30,,53360,3506,,,1,70,,53366,3506,,,1,30,,53379,3506,,,1,70,,53353,3506,,,1,32,,53361,3506,,,1,70,,53367,3506,,,1,30,,53380,3506,,,1,70,,53354,3506,,,1,30,,53362,3506,,,1,70,,53368,3506,,,1,31,,53381,3506,,,1,70,,53355,3506,,,1,30,,53363,3506,,,1,70,,53375,3506,,,1,30,,53382,3506,,,1,70,,53376,3506,,,1,30,,53364,3506,,,1,70,,53369,3506,,,1,30,,53383,3506,,,1,70,,53377,3506,,,1,29,,53365,3506,,,1,70,,53370,3506,,,1,32,,53384,3506,,,1,83,,53356,3506,,,1,100,,53371,3506,,,1,100,,53357,3506,,,1,99,,53372,3506,,,1,100,,53358,3506,,,1,100,,53373,3506,,,1,100,,53359,3506,,,1,100,,53374,3506,,,1
800,'F2',553,,53405,3506,,,1,70,,53389,3506,,,1,32,,53393,3506,,,1,70,,53400,3506,,,1,31,,53406,3506,,,1,70,,53390,3506,,,1,30,,53394,3506,,,1,71,,53401,3506,,,1,30,,53407,3506,,,1,70,,53391,3506,,,1,30,,53395,3506,,,1,70,,53402,3506,,,1,28,,53408,3506,,,1,72,,53392,3506,,,1,30,,53396,3506,,,1,70,,53403,3506,,,1,30,,53409,3506,,,1,70,,44107,3506,,,1,30,,53397,3506,,,1,70,,53415,3506,,,1,30,,53410,3506,,,1,70,,44108,3506,,,1,30,,53398,3506,,,1,70,,53416,3506,,,1,32,,53411,3506,,,1,68,,53385,3506,,,1,30,,53399,3506,,,1,86,,53412,3506,,,1,98,,53386,3506,,,1,100,,53413,3506,,,1,100,,53387,3506,,,1,100,,53414,3506,,,1,100,,53388,3506,,,1,100,,53404,3506,,,1
800,'SA',553,,53437,3506,,,1,70,,53421,3506,,,1,32,,53425,3506,,,1,70,,53432,3506,,,1,31,,53438,3506,,,1,70,,53422,3506,,,1,30,,53426,3506,,,1,71,,53433,3506,,,1,30,,53439,3506,,,1,70,,53423,3506,,,1,30,,53427,3506,,,1,70,,53434,3506,,,1,28,,53440,3506,,,1,72,,53424,3506,,,1,30,,53428,3506,,,1,70,,53435,3506,,,1,30,,53441,3506,,,1,70,,2660,3506,,,1,30,,53429,3506,,,1,70,,53447,3506,,,1,30,,53442,3506,,,1,70,,2661,3506,,,1,30,,53430,3506,,,1,70,,53448,3506,,,1,32,,53443,3506,,,1,68,,53417,3506,,,1,30,,53431,3506,,,1,86,,53444,3506,,,1,98,,53418,3506,,,1,100,,53445,3506,,,1,100,,53419,3506,,,1,100,,53446,3506,,,1,100,,53420,3506,,,1,100,,53436,3506,,,1
800,'SE',456,,44153,3506,,,1,68,,53469,3506,,,1,22,,53461,3506,,,1,81,,53449,3506,,,1,30,,44154,3506,,,1,61,,53470,3506,,,1,19,,53451,3506,,,1,13,,53485,3506,,,1,55,,53452,3506,,,1,15,,53481,3506,,,1,15,,53475,3506,,,1,17,,53488,3506,,,1,55,,44124,3506,,,1,15,,53471,3506,,,1,15,,53462,3506,,,1,15,,53486,3506,,,1,55,,53453,3506,,,1,15,,53482,3506,,,1,15,,53476,3506,,,1,15,,53489,3506,,,1,55,,53450,3506,,,1,15,,53457,3506,,,1,15,,53472,3506,,,1,15,,53466,3506,,,1,55,,53487,3506,,,1,15,,53505,3506,,,1,15,,53483,3506,,,1,15,,53479,3506,,,1,55,,53490,3506,,,1,15,,53492,3506,,,1,15,,53507,3506,,,1,15,,53495,3506,,,1,55,,53467,3506,,,1,16,,53454,3506,,,1,15,,53506,3506,,,1,14,,53477,3506,,,1,54,,53460,3506,,,1,4,,53491,3506,,,1,13,,53498,3506,,,1,15,,53493,3506,,,1,15,,53458,3506,,,1,55,,53478,3506,,,1,15,,53496,3506,,,1,12,,53468,3506,,,1,12,,53511,3506,,,1,53,,53484,3506,,,1,11,,53459,3506,,,1,12,,53503,3506,,,1,12,,53508,3506,,,1,11,,53499,3506,,,1,12,,53494,3506,,,1,52,,53504,3506,,,1,12,,53480,3506,,,1,10,,53473,3506,,,1,10,,53497,3506,,,1,60,,53500,3506,,,1,27,,53509,3506,,,1,30,,53512,3506,,,1,70,,53474,3506,,,1,28,,53501,3506,,,1,70,,53510,3506,,,1,30,,53513,3506,,,1,85,,53463,3506,,,1,100,,53502,3506,,,1,98,,53464,3506,,,1,100,,53465,3506,,,1
2800,'DI',849,,56189,3506,0,32 33,1,101,,56184,3506,0,32 33,1,100,,56188,3506,0,32 33,1,100,,56185,3506,0,32 33,1,100,,56187,3506,0,32 33,1,100,,56183,3506,0,32 33,1,100,,56186,3506,0,32 33,1,101,,56182,3506,0,32 33,1,99,,56190,3506,0,32 33,1,100,,56191,3506,0,32 33,1
2800,'F1',849,,56199,3506,0,32 33,1,101,,56194,3506,0,32 33,1,100,,56198,3506,0,32 33,1,100,,56195,3506,0,32 33,1,100,,56197,3506,0,32 33,1,100,,56193,3506,0,32 33,1,100,,56196,3506,0,32 33,1,101,,56192,3506,0,32 33,1,99,,56200,3506,0,32 33,1,100,,56201,3506,0,32 33,1
2800,'F2',851,,56207,3506,0,32 33,1,99,,56205,3506,0,32 33,1,103,,56202,3506,0,32 33,1,97,,56208,3506,0,32 33,1,101,,45930,3506,0,32 33,1,100,,56210,3506,0,32 33,1,99,,56204,3506,0,32 33,1,103,,56203,3506,0,32 33,1,99,,56206,3506,0,32 33,1,98,,56209,3506,0,32 33,1
2800,'SA',851,,56216,3506,0,32 33,1,99,,56214,3506,0,32 33,1,103,,56211,3506,0,32 33,1,97,,56217,3506,0,32 33,1,101,,6923,3506,0,32 33,1,100,,56219,3506,0,32 33,1,99,,56213,3506,0,32 33,1,103,,56212,3506,0,32 33,1,99,,56215,3506,0,32 33,1,98,,56218,3506,0,32 33,1
2800,'SE',615,,56256,3506,0,32 33,1,86,,56253,3506,0,32 33,1,22,,56259,3506,0,32 33,1,3,,56252,3506,0,32 33,1,16,,56233,3506,0,32 33,1,13,,56240,3506,0,32 33,1,55,,56258,3506,0,32 33,1,15,,56220,3506,0,32 33,1,14,,56222,3506,0,32 33,1,18,,56221,3506,0,32 33,1,70,,56236,3506,0,32 33,1,30,,56241,3506,0,32 33,1,70,,56232,3506,0,32 33,1,30,,56223,3506,0,32 33,1,70,,56242,3506,0,32 33,1,30,,56226,3506,0,32 33,1,70,,56224,3506,0,32 33,1,30,,56243,3506,0,32 33,1,70,,56227,3506,0,32 33,1,30,,56225,3506,0,32 33,1,70,,56238,3506,0,32 33,1,31,,56254,3506,0,32 33,1,56,,56244,3506,0,32 33,1,14,,56229,3506,0,32 33,1,15,,56246,3506,0,32 33,1,15,,56257,3506,0,32 33,1,55,,56228,3506,0,32 33,1,14,,56231,3506,0,32 33,1,12,,56255,3506,0,32 33,1,12,,56245,3506,0,32 33,1,52,,56230,3506,0,32 33,1,12,,56235,3506,0,32 33,1,12,,56247,3506,0,32 33,1,12,,56239,3506,0,32 33,1,11,,45957,3506,0,32 33,1,52,,56249,3506,0,32 33,1,12,,56250,3506,0,32 33,1,13,,56248,3506,0,32 33,1,95,,56234,3506,0,32 33,1,100,,56251,3506,0,32 33,1,98,,56237,3506,0,32 33,1
8800,'DI',710,,60913,3506,,,1,30,,60910,3506,,,1,70,,60920,3506,,,1,30,,60927,3506,,,1,70,,60914,3506,,,1,30,,60911,3506,,,1,72,,60921,3506,,,1,30,,60928,3506,,,1,70,,60917,3506,,,1,30,,60912,3506,,,1,70,,60922,3506,,,1,30,,60926,3506,,,1,70,,60929,3506,,,1,30,,60909,3506,,,1,70,,60923,3506,,,1,30,,60907,3506,,,1,70,,60930,3506,,,1,30,,60918,3506,,,1,70,,60924,3506,,,1,30,,60908,3506,,,1,70,,60931,3506,,,1,30,,60919,3506,,,1,70,,60925,3506,,,1,100,,60933,3506,,,1,100,,60932,3506,,,1,100,,60934,3506,,,1,100,,60915,3506,,,1,97,,60935,3506,,,1,100,,60916,3506,,,1,100,,60906,3506,,,1
8800,'F1',710,,60943,3506,,,1,30,,60940,3506,,,1,70,,60950,3506,,,1,30,,60957,3506,,,1,70,,60944,3506,,,1,30,,60941,3506,,,1,72,,60951,3506,,,1,30,,60958,3506,,,1,70,,60947,3506,,,1,30,,60942,3506,,,1,70,,60952,3506,,,1,30,,60956,3506,,,1,70,,60959,3506,,,1,30,,60939,3506,,,1,70,,60953,3506,,,1,30,,60937,3506,,,1,70,,60960,3506,,,1,30,,60948,3506,,,1,70,,60954,3506,,,1,30,,60938,3506,,,1,70,,60961,3506,,,1,30,,60949,3506,,,1,70,,60955,3506,,,1,100,,60963,3506,,,1,100,,60962,3506,,,1,100,,60964,3506,,,1,100,,60945,3506,,,1,97,,60965,3506,,,1,100,,60946,3506,,,1,100,,60936,3506,,,1
8800,'F2',710,,60972,3506,,,1,30,,60978,3506,,,1,71,,60985,3506,,,1,30,,60987,3506,,,1,71,,60973,3506,,,1,30,,60979,3506,,,1,70,,60986,3506,,,1,30,,60988,3506,,,1,70,,60974,3506,,,1,30,,60980,3506,,,1,70,,60992,3506,,,1,30,,60989,3506,,,1,70,,60975,3506,,,1,30,,60981,3506,,,1,70,,60995,3506,,,1,30,,60967,3506,,,1,70,,60976,3506,,,1,30,,60970,3506,,,1,70,,60996,3506,,,1,30,,60968,3506,,,1,71,,60991,3506,,,1,29,,60971,3506,,,1,71,,60993,3506,,,1,29,,60969,3506,,,1,70,,60982,3506,,,1,100,,60994,3506,,,1,99,,60983,3506,,,1,99,,60990,3506,,,1,100,,60984,3506,,,1,100,,60966,3506,,,1,100,,60977,3506,,,1
8800,'SA',710,,61003,3506,,,1,30,,61009,3506,,,1,71,,61016,3506,,,1,30,,61018,3506,,,1,71,,61004,3506,,,1,30,,61010,3506,,,1,70,,61017,3506,,,1,30,,61019,3506,,,1,70,,61005,3506,,,1,30,,61011,3506,,,1,70,,61023,3506,,,1,30,,61020,3506,,,1,70,,61006,3506,,,1,30,,61012,3506,,,1,70,,61026,3506,,,1,30,,60998,3506,,,1,70,,61007,3506,,,1,30,,61001,3506,,,1,70,,61027,3506,,,1,30,,60999,3506,,,1,71,,61022,3506,,,1,29,,61002,3506,,,1,71,,61024,3506,,,1,29,,61000,3506,,,1,70,,61013,3506,,,1,100,,61025,3506,,,1,99,,61014,3506,,,1,99,,61021,3506,,,1,100,,61015,3506,,,1,100,,60997,3506,,,1,100,,61008,3506,,,1
8800,'SE',710,,61071,3506,,,1,21,,61070,3506,,,1,15,,61042,3506,,,1,54,,61045,3506,,,1,15,,61046,3506,,,1,15,,61047,3506,,,1,15,,61034,3506,,,1,69,,61030,3506,,,1,30,,61059,3506,,,1,70,,61069,3506,,,1,30,,61031,3506,,,1,70,,61066,3506,,,1,30,,61067,3506,,,1,70,,61028,3506,,,1,30,,61062,3506,,,1,70,,61068,3506,,,1,30,,61060,3506,,,1,71,,61064,3506,,,1,30,,61063,3506,,,1,57,,61043,3506,,,1,16,,61074,3506,,,1,15,,61035,3506,,,1,15,,61072,3506,,,1,55,,61049,3506,,,1,15,,61061,3506,,,1,13,,61065,3506,,,1,12,,61029,3506,,,1,12,,61073,3506,,,1,52,,61054,3506,,,1,13,,61044,3506,,,1,11,,61036,3506,,,1,11,,61075,3506,,,1,12,,61037,3506,,,1,52,,61039,3506,,,1,12,,61050,3506,,,1,19,,61038,3506,,,1,15,,61076,3506,,,1,62,,61055,3506,,,1,30,,61040,3506,,,1,70,,61051,3506,,,1,28,,61077,3506,,,1,70,,61056,3506,,,1,30,,61041,3506,,,1,70,,61052,3506,,,1,100,,61057,3506,,,1,99,,61053,3506,,,1,99,,61058,3506,,,1
