401,'DI',609,,52484,18058,,,1,30,,52500,18058,,,1,70,,52493,18058,,,1,30,,52491,18058,,,1,70,,52485,18058,,,1,30,,52501,18058,,,1,72,,52494,18058,,,1,30,,52504,18058,,,1,70,,52486,18058,,,1,30,,52502,18058,,,1,70,,52495,18058,,,1,30,,52505,18058,,,1,70,,52487,18058,,,1,30,,52511,18058,,,1,70,,52509,18058,,,1,30,,52506,18058,,,1,71,,52488,18058,,,1,29,,52507,18058,,,1,70,,52512,18058,,,1,30,,52496,18058,,,1,72,,52489,18058,,,1,29,,52508,18058,,,1,70,,52513,18058,,,1,34,,52497,18058,,,1,65,,52498,18058,,,1,30,,52514,18058,,,1,70,,52510,18058,,,1,30,,52515,18058,,,1,71,,52499,18058,,,1,29,,52492,18058,,,1,70,,52516,18058,,,1,30,,52518,18058,,,1,100,,52517,18058,,,1,100,,52490,18058,,,1,100,,52503,18058,,,1
401,'F1',609,,52519,18058,,,1,30,,52535,18058,,,1,70,,52528,18058,,,1,30,,52526,18058,,,1,70,,52520,18058,,,1,30,,52536,18058,,,1,72,,52529,18058,,,1,30,,52539,18058,,,1,70,,52521,18058,,,1,30,,52537,18058,,,1,70,,52530,18058,,,1,30,,52540,18058,,,1,70,,52522,18058,,,1,30,,52546,18058,,,1,70,,52544,18058,,,1,30,,52541,18058,,,1,71,,52523,18058,,,1,29,,52542,18058,,,1,70,,52547,18058,,,1,30,,52531,18058,,,1,72,,52524,18058,,,1,29,,52543,18058,,,1,70,,52548,18058,,,1,34,,52532,18058,,,1,65,,52533,18058,,,1,30,,52549,18058,,,1,70,,52545,18058,,,1,30,,52550,18058,,,1,71,,52534,18058,,,1,29,,52527,18058,,,1,70,,52551,18058,,,1,30,,52553,18058,,,1,100,,52552,18058,,,1,100,,52525,18058,,,1,100,,52538,18058,,,1
401,'F2',609,,52573,18058,,,1,30,,52557,18058,,,1,70,,52561,18058,,,1,30,,52555,18058,,,1,70,,52574,18058,,,1,30,,52558,18058,,,1,72,,52562,18058,,,1,30,,52556,18058,,,1,70,,52575,18058,,,1,30,,52559,18058,,,1,70,,52563,18058,,,1,30,,52580,18058,,,1,70,,52578,18058,,,1,32,,52554,18058,,,1,70,,52565,18058,,,1,30,,52571,18058,,,1,70,,52566,18058,,,1,30,,52582,18058,,,1,70,,52560,18058,,,1,30,,52579,18058,,,1,70,,52576,18058,,,1,30,,52572,18058,,,1,70,,52568,18058,,,1,30,,52570,18058,,,1,70,,52583,18058,,,1,28,,52567,18058,,,1,70,,52586,18058,,,1,30,,52584,18058,,,1,70,,52585,18058,,,1,30,,52577,18058,,,1,70,,52587,18058,,,1,30,,52588,18058,,,1,100,,52581,18058,,,1,100,,52569,18058,,,1,100,,52564,18058,,,1
401,'SA',609,,52608,18058,,,1,30,,52592,18058,,,1,70,,52596,18058,,,1,30,,52590,18058,,,1,70,,52609,18058,,,1,30,,52593,18058,,,1,72,,52597,18058,,,1,30,,52591,18058,,,1,70,,52610,18058,,,1,30,,52594,18058,,,1,70,,52598,18058,,,1,30,,52615,18058,,,1,70,,52613,18058,,,1,32,,52589,18058,,,1,70,,52600,18058,,,1,30,,52606,18058,,,1,70,,52601,18058,,,1,30,,52617,18058,,,1,70,,52595,18058,,,1,30,,52614,18058,,,1,70,,52611,18058,,,1,30,,52607,18058,,,1,70,,52603,18058,,,1,30,,52605,18058,,,1,70,,52618,18058,,,1,28,,52602,18058,,,1,70,,52621,18058,,,1,30,,52619,18058,,,1,70,,52620,18058,,,1,30,,52612,18058,,,1,70,,52622,18058,,,1,30,,52623,18058,,,1,100,,52616,18058,,,1,100,,52604,18058,,,1,100,,52599,18058,,,1
401,'SE',615,,52638,18058,,,1,22,,52634,18058,,,1,18,,52647,18058,,,1,61,,52625,18058,,,1,34,,52656,18058,,,1,74,,52643,18058,,,1,33,,52653,18058,,,1,70,,52652,18058,,,1,31,,52630,18058,,,1,70,,52637,18058,,,1,30,,52657,18058,,,1,70,,52636,18058,,,1,30,,52635,18058,,,1,70,,52626,18058,,,1,73,,52645,18058,,,1,32,,52662,18058,,,1,70,,52648,18058,,,1,30,,52629,18058,,,1,26,,52624,18058,,,1,74,,52632,18058,,,1,15,,52649,18058,,,1,63,,52633,18058,,,1,22,,52639,18058,,,1,19,,52627,18058,,,1,60,,52655,18058,,,1,25,,52644,18058,,,1,13,,52659,18058,,,1,60,,52661,18058,,,1,24,,52640,18058,,,1,15,,52651,18058,,,1,67,,52628,18058,,,1,30,,52660,18058,,,1,67,,52646,18058,,,1,28,,52658,18058,,,1,70,,52641,18058,,,1,30,,52654,18058,,,1,70,,52663,18058,,,1,100,,52650,18058,,,1,96,,52631,18058,,,1,100,,52642,18058,,,1
3201,'DI',542,,56660,7848,,,1,99,,56661,7848,,,1,101,,56662,7848,,,1,99,,56663,7848,,,1,102,,56669,7848,,,1,100,,56668,7848,,,1,102,,56664,7848,,,1,102,,56665,7848,,,1,103,,56672,7848,,,1,98,,56670,7848,,,1,104,,56666,7848,,,1,96,,56673,7848,,,1,99,,56671,7848,,,1,99,,56674,7848,,,1,99,,56677,7848,,,1,100,,56675,7848,,,1,100,,56679,7848,,,1,100,,56678,7848,,,1,100,,56676,7848,,,1,100,,56680,7848,,,1,99,,56667,7848,,,1
3201,'F1',542,,56681,7848,,,1,99,,56682,7848,,,1,101,,56683,7848,,,1,99,,56684,7848,,,1,102,,56690,7848,,,1,100,,56689,7848,,,1,102,,56685,7848,,,1,102,,56686,7848,,,1,103,,56693,7848,,,1,98,,56691,7848,,,1,104,,56687,7848,,,1,96,,56694,7848,,,1,99,,56692,7848,,,1,99,,56695,7848,,,1,99,,56698,7848,,,1,100,,56696,7848,,,1,100,,56700,7848,,,1,100,,56699,7848,,,1,100,,56697,7848,,,1,100,,56701,7848,,,1,99,,56688,7848,,,1
3201,'F2',542,,56703,7848,,,1,99,,56704,7848,,,1,101,,56705,7848,,,1,96,,56710,7848,,,1,103,,56712,7848,,,1,101,,56702,7848,,,1,103,,56711,7848,,,1,100,,56713,7848,,,1,106,,56714,7848,,,1,102,,56716,7848,,,1,97,,56706,7848,,,1,98,,56715,7848,,,1,99,,56717,7848,,,1,99,,56707,7848,,,1,99,,56718,7848,,,1,100,,56722,7848,,,1,100,,56720,7848,,,1,100,,56719,7848,,,1,100,,56708,7848,,,1,100,,56721,7848,,,1,99,,56709,7848,,,1
3201,'SA',542,,56724,7848,,,1,99,,56725,7848,,,1,101,,56726,7848,,,1,96,,56731,7848,,,1,103,,56733,7848,,,1,101,,56723,7848,,,1,103,,56732,7848,,,1,100,,56734,7848,,,1,106,,56735,7848,,,1,102,,56737,7848,,,1,97,,56727,7848,,,1,98,,56736,7848,,,1,99,,56738,7848,,,1,99,,56728,7848,,,1,99,,56739,7848,,,1,100,,56743,7848,,,1,100,,56741,7848,,,1,100,,56740,7848,,,1,100,,56729,7848,,,1,100,,56742,7848,,,1,99,,56730,7848,,,1
3201,'SE',519,,56767,12135,,,1,30,,56758,12135,,,1,70,,56764,12135,,,1,30,,56757,12135,,,1,76,,56759,12135,,,1,27,,56760,12135,,,1,64,,56766,12135,,,1,30,,56756,12135,,,1,75,,56770,12135,,,1,94,,56750,7848,,,1,101,,56745,7848,,,1,100,,56755,7848,,,1,100,,56749,7848,,,1,100,,56751,7848,,,1,103,,56753,7848,,,1,105,,56746,7848,,,1,21,,56768,12135,,,1,71,,56765,12135,,,1,30,,56762,12135,,,1,70,,56769,12135,,,1,23,,56761,12135,,,1,71,,56771,12135,,,1,25,,56763,12135,,,1,86,,56748,7848,,,1,100,,56752,7848,,,1,98,,56754,7848,,,1,100,,56744,7848,,,1,98,,56747,7848,,,1
3801,'DI',621,,57151,5384,,,1,100,,57154,5384,,,1,100,,57145,5384,,,1,100,,57158,5384,,,1,100,,57156,5384,,,1,100,,57160,5384,,,1,100,,57148,5384,,,1,100,,57155,5384,,,1,98,,57152,5384,,,1,99,,57159,5384,,,1,103,,57146,5384,,,1,101,,57153,5384,,,1,100,,57161,5384,,,1,99,,57149,5384,,,1,100,,57157,5384,,,1,100,,57162,5384,,,1,100,,57147,5384,,,1,100,,57150,5384,,,1,100,,57144,5384,,,1
3801,'F1',621,,57170,5384,,,1,100,,57173,5384,,,1,100,,57164,5384,,,1,100,,57177,5384,,,1,100,,57175,5384,,,1,100,,57179,5384,,,1,100,,57167,5384,,,1,100,,57174,5384,,,1,98,,57171,5384,,,1,99,,57178,5384,,,1,103,,57165,5384,,,1,101,,57172,5384,,,1,100,,57180,5384,,,1,99,,57168,5384,,,1,100,,57176,5384,,,1,100,,57181,5384,,,1,100,,57166,5384,,,1,100,,57169,5384,,,1,100,,57163,5384,,,1
3801,'F2',620,,57188,5384,,,1,100,,57192,5384,,,1,99,,57183,5384,,,1,101,,57197,5384,,,1,100,,57184,5384,,,1,100,,57189,5384,,,1,100,,57199,5384,,,1,100,,57185,5384,,,1,100,,57193,5384,,,1,100,,57198,5384,,,1,101,,57194,5384,,,1,100,,57182,5384,,,1,100,,57200,5384,,,1,99,,57190,5384,,,1,100,,57186,5384,,,1,100,,57187,5384,,,1,100,,57195,5384,,,1,100,,57191,5384,,,1,100,,57196,5384,,,1
3801,'SA',620,,57207,5384,,,1,100,,57211,5384,,,1,99,,57202,5384,,,1,101,,57216,5384,,,1,100,,57203,5384,,,1,100,,57208,5384,,,1,100,,57218,5384,,,1,100,,57204,5384,,,1,100,,57212,5384,,,1,100,,57217,5384,,,1,101,,57213,5384,,,1,100,,57201,5384,,,1,100,,57219,5384,,,1,99,,57209,5384,,,1,100,,57205,5384,,,1,100,,57206,5384,,,1,100,,57214,5384,,,1,100,,57210,5384,,,1,100,,57215,5384,,,1
3801,'SE',529,,57249,5384,,,1,30,,57224,5384,,,1,71,,57220,5384,,,1,74,,57233,5384,,,1,34,,57225,5384,,,1,64,,57221,5384,,,1,28,,57240,5384,,,1,75,,57226,5384,,,1,29,,57238,5384,,,1,75,,57243,5384,,,1,100,,57223,5384,,,1,100,,57234,5384,,,1,100,,57244,5384,,,1,98,,57222,5384,,,1,98,,57228,5384,,,1,15,,57237,5384,,,1,17,,57235,5384,,,1,22,,57246,5384,,,1,61,,57229,5384,,,1,20,,57236,5384,,,1,61,,57245,5384,,,1,20,,57247,5384,,,1,19,,57231,5384,,,1,62,,57232,5384,,,1,18,,57251,5384,,,1,20,,57248,5384,,,1,80,,57242,5384,,,1,95,,57250,5384,,,1,99,,57241,5384,,,1,99,,57227,5384,,,1,100,,57230,5384,,,1,100,,57239,5384,,,1
53200,'SE',1636,,63436,8069,,,2,1,,63437,8069,,,2
