400,'DI',642,,52302,6552,,,1,70,,52320,6552,,,1,30,,52312,6552,,,1,70,,52310,6552,,,1,32,,52303,6552,,,1,70,,52321,6552,,,1,32,,52313,6552,,,1,70,,52323,6552,,,1,30,,52304,6552,,,1,71,,52322,6552,,,1,30,,52314,6552,,,1,67,,52324,6552,,,1,31,,52305,6552,,,1,72,,52329,6552,,,1,30,,52327,6552,,,1,68,,52317,6552,,,1,31,,52306,6552,,,1,69,,52325,6552,,,1,30,,52330,6552,,,1,72,,52315,6552,,,1,30,,52307,6552,,,1,70,,52326,6552,,,1,30,,52331,6552,,,1,72,,52316,6552,,,1,28,,52318,6552,,,1,70,,52332,6552,,,1,30,,52328,6552,,,1,70,,52333,6552,,,1,30,,52319,6552,,,1,70,,52311,6552,,,1,30,,52334,6552,,,1,70,,52336,6552,,,1,100,,52335,6552,,,1,100,,52308,6552,,,1
400,'F1',642,,52337,6552,,,1,70,,52355,6552,,,1,30,,52347,6552,,,1,70,,52345,6552,,,1,32,,52338,6552,,,1,70,,52356,6552,,,1,32,,52348,6552,,,1,70,,52358,6552,,,1,30,,52339,6552,,,1,71,,52357,6552,,,1,30,,52349,6552,,,1,67,,52359,6552,,,1,31,,52340,6552,,,1,72,,52364,6552,,,1,30,,52362,6552,,,1,68,,52352,6552,,,1,31,,52341,6552,,,1,69,,52360,6552,,,1,30,,52365,6552,,,1,72,,52350,6552,,,1,30,,52342,6552,,,1,70,,52361,6552,,,1,30,,52366,6552,,,1,72,,52351,6552,,,1,28,,52353,6552,,,1,70,,52367,6552,,,1,30,,52363,6552,,,1,70,,52368,6552,,,1,30,,52354,6552,,,1,70,,52346,6552,,,1,30,,52369,6552,,,1,70,,52371,6552,,,1,100,,52370,6552,,,1,100,,52343,6552,,,1
400,'F2',642,,52391,6552,,,1,70,,52375,6552,,,1,30,,52380,6552,,,1,70,,52374,6552,,,1,32,,52392,6552,,,1,70,,52376,6552,,,1,32,,52381,6552,,,1,71,,52383,6552,,,1,30,,52393,6552,,,1,70,,52377,6552,,,1,30,,52382,6552,,,1,70,,52399,6552,,,1,30,,52397,6552,,,1,70,,52372,6552,,,1,30,,52384,6552,,,1,70,,52390,6552,,,1,30,,52385,6552,,,1,70,,52395,6552,,,1,30,,52378,6552,,,1,70,,52398,6552,,,1,30,,52394,6552,,,1,70,,52379,6552,,,1,30,,52387,6552,,,1,70,,52389,6552,,,1,30,,52401,6552,,,1,70,,52386,6552,,,1,30,,52404,6552,,,1,70,,52402,6552,,,1,30,,52403,6552,,,1,70,,52396,6552,,,1,30,,52405,6552,,,1,70,,52406,6552,,,1,100,,52400,6552,,,1,100,,52388,6552,,,1
400,'SA',642,,52426,6552,,,1,70,,52410,6552,,,1,30,,52415,6552,,,1,70,,52409,6552,,,1,32,,52427,6552,,,1,70,,52411,6552,,,1,32,,52416,6552,,,1,71,,52418,6552,,,1,30,,52428,6552,,,1,70,,52412,6552,,,1,30,,52417,6552,,,1,70,,52434,6552,,,1,30,,52432,6552,,,1,70,,52407,6552,,,1,30,,52419,6552,,,1,70,,52425,6552,,,1,30,,52420,6552,,,1,70,,52430,6552,,,1,30,,52413,6552,,,1,70,,52433,6552,,,1,30,,52429,6552,,,1,70,,52414,6552,,,1,30,,52422,6552,,,1,70,,52424,6552,,,1,30,,52436,6552,,,1,70,,52421,6552,,,1,30,,52439,6552,,,1,70,,52437,6552,,,1,30,,52438,6552,,,1,70,,52431,6552,,,1,30,,52440,6552,,,1,70,,52441,6552,,,1,100,,52435,6552,,,1,100,,52423,6552,,,1
400,'SE',609,,52468,6552,,,1,20,,52475,6552,,,1,15,,52476,6552,,,1,60,,52467,6552,,,1,26,,52478,6552,,,1,18,,52470,6552,,,1,64,,52479,6552,,,1,11,,52483,6552,,,1,32,,52474,6552,,,1,53,,52453,6552,,,1,23,,52442,6552,,,1,69,,52455,6552,,,1,30,,52447,6552,,,1,70,,52448,6552,,,1,30,,52449,6552,,,1,70,,52451,6552,,,1,30,,52460,6552,,,1,70,,52461,6552,,,1,30,,52450,6552,,,1,29,,52446,6552,,,1,69,,52443,6552,,,1,72,,52477,6552,,,1,26,,52482,6552,,,1,75,,52480,6552,,,1,31,,52471,6552,,,1,70,,52472,6552,,,1,30,,52481,6552,,,1,25,,52459,6552,,,1,60,,52454,6552,,,1,32,,52464,6552,,,1,74,,52457,6552,,,1,30,,52444,6552,,,1,70,,52463,6552,,,1,29,,52465,6552,,,1,70,,52462,6552,,,1,30,,52452,6552,,,1,69,,52458,6552,,,1,30,,52466,6552,,,1,100,,52456,6552,,,1,100,,52445,6552,,,1
3200,'DI',612,,56554,6552,0,44,1,101,,56555,6552,0,44,1,99,,56556,6552,0,44,1,102,,56562,6552,0,44,1,100,,56561,6552,0,44,1,100,,56557,6552,0,44,1,101,,56558,6552,0,44,1,101,,56565,6552,0,44,1,98,,56563,6552,0,44,1,104,,56559,6552,0,44,1,96,,56566,6552,0,44,1,100,,56564,6552,0,44,1,100,,56567,6552,0,44,1,100,,56570,6552,0,44,1,100,,56568,6552,0,44,1,100,,56572,6552,0,44,1,100,,56571,6552,0,44,1,100,,56569,6552,0,44,1,100,,56573,6552,0,44,1,99,,56560,6552,0,44,1
3200,'F1',612,,56574,6552,0,44,1,101,,56575,6552,0,44,1,99,,56576,6552,0,44,1,102,,56582,6552,0,44,1,100,,56581,6552,0,44,1,100,,56577,6552,0,44,1,101,,56578,6552,0,44,1,101,,56585,6552,0,44,1,98,,56583,6552,0,44,1,104,,56579,6552,0,44,1,96,,56586,6552,0,44,1,100,,56584,6552,0,44,1,100,,56587,6552,0,44,1,100,,56590,6552,0,44,1,100,,56588,6552,0,44,1,100,,56592,6552,0,44,1,100,,56591,6552,0,44,1,100,,56589,6552,0,44,1,100,,56593,6552,0,44,1,99,,56580,6552,0,44,1
3200,'F2',612,,56595,6552,0,44,1,101,,56596,6552,0,44,1,96,,56601,6552,0,44,1,103,,56603,6552,0,44,1,101,,56594,6552,0,44,1,101,,56602,6552,0,44,1,99,,56604,6552,0,44,1,104,,56605,6552,0,44,1,102,,56607,6552,0,44,1,97,,56597,6552,0,44,1,98,,56606,6552,0,44,1,100,,56608,6552,0,44,1,100,,56598,6552,0,44,1,100,,56609,6552,0,44,1,100,,56613,6552,0,44,1,100,,56611,6552,0,44,1,100,,56610,6552,0,44,1,100,,56599,6552,0,44,1,100,,56612,6552,0,44,1,99,,56600,6552,0,44,1
3200,'SA',612,,56615,6552,0,44,1,101,,56616,6552,0,44,1,96,,56621,6552,0,44,1,103,,56623,6552,0,44,1,101,,56614,6552,0,44,1,101,,56622,6552,0,44,1,99,,56624,6552,0,44,1,104,,56625,6552,0,44,1,102,,56627,6552,0,44,1,97,,56617,6552,0,44,1,98,,56626,6552,0,44,1,100,,56628,6552,0,44,1,100,,56618,6552,0,44,1,100,,56629,6552,0,44,1,100,,56633,6552,0,44,1,100,,56631,6552,0,44,1,100,,56630,6552,0,44,1,100,,56619,6552,0,44,1,100,,56632,6552,0,44,1,99,,56620,6552,0,44,1
3200,'SE',624,,56649,6552,,,1,32,,56650,6552,,,1,64,,56655,6552,,,1,32,,56648,6552,,,1,76,,56658,6552,,,1,19,,56634,6552,0,44,1,96,,56641,6552,0,44,1,100,,56636,6552,0,44,1,100,,56647,6552,0,44,1,100,,56640,6552,0,44,1,100,,56642,6552,0,44,1,104,,56644,6552,0,44,1,106,,56656,6552,,,1,68,,56654,6552,,,1,30,,56652,6552,,,1,70,,56657,6552,,,1,25,,56651,6552,,,1,74,,56659,6552,,,1,25,,56653,6552,,,1,73,,56645,6552,0,44,1,30,,56639,6552,0,44,1,100,,56643,6552,0,44,1,99,,56646,6552,0,44,1,100,,56635,6552,0,44,1,99,,56637,6552,0,44,1,101,,56638,6552,0,44,1
13200,'DI',841,,61957,5229,0,21 45,1,100,,61955,5229,0,21 45,1,100,,61959,5229,0,21 45,1,100,,61958,5229,0,21 45,1,100,,61960,5229,0,21 45,1,100,,61956,5229,0,21 45,1,100,,61962,5229,0,21 45,1,105,,61961,5229,0,21 45,1,95,,61964,5229,0,21 45,1,100,,61963,5229,0,21 45,1,102,,61965,5229,0,21 45,1,98,,61970,5229,0,21 45,1,100,,61968,5229,0,21 45,1,100,,61966,5229,0,21 45,1,100,,61971,5229,0,21 45,1,100,,61969,5229,0,21 45,1,100,,61967,5229,0,21 45,1,100,,61972,5229,0,21 45,1
13200,'F1',841,,61975,5229,0,21 45,1,100,,61973,5229,0,21 45,1,100,,61977,5229,0,21 45,1,100,,61976,5229,0,21 45,1,100,,61978,5229,0,21 45,1,100,,61974,5229,0,21 45,1,100,,61980,5229,0,21 45,1,105,,61979,5229,0,21 45,1,95,,61982,5229,0,21 45,1,100,,61981,5229,0,21 45,1,102,,61983,5229,0,21 45,1,98,,61988,5229,0,21 45,1,100,,61986,5229,0,21 45,1,100,,61984,5229,0,21 45,1,100,,61989,5229,0,21 45,1,100,,61987,5229,0,21 45,1,100,,61985,5229,0,21 45,1,100,,61990,5229,0,21 45,1
13200,'F2',741,,61997,5229,0,21 45,1,100,,61992,5229,0,21 45,1,100,,61995,5229,0,21 45,1,103,,61998,5229,0,21 45,1,97,,61991,5229,0,21 45,1,104,,61996,5229,0,21 45,1,96,,61999,5229,0,21 45,1,104,,62000,5229,0,21 45,1,96,,62002,5229,0,21 45,1,100,,61993,5229,0,21 45,1,100,,62001,5229,0,21 45,1,102,,62003,5229,0,21 45,1,98,,62006,5229,0,21 45,1,100,,62004,5229,0,21 45,1,100,,62009,5229,0,21 45,1,100,,62007,5229,0,21 45,1,100,,62005,5229,0,21 45,1,100,,61994,5229,0,21 45,1,100,,62008,5229,0,21 45,1
13200,'SA',741,,62016,5229,0,21 45,1,100,,62011,5229,0,21 45,1,100,,62014,5229,0,21 45,1,103,,62017,5229,0,21 45,1,97,,62010,5229,0,21 45,1,104,,62015,5229,0,21 45,1,96,,62018,5229,0,21 45,1,104,,62019,5229,0,21 45,1,96,,62021,5229,0,21 45,1,100,,62012,5229,0,21 45,1,100,,62020,5229,0,21 45,1,102,,62022,5229,0,21 45,1,98,,62025,5229,0,21 45,1,100,,62023,5229,0,21 45,1,100,,62028,5229,0,21 45,1,100,,62026,5229,0,21 45,1,100,,62024,5229,0,21 45,1,100,,62013,5229,0,21 45,1,100,,62027,5229,0,21 45,1
13200,'SE',649,,62038,5229,0,21 45,1,61,,62041,5229,0,21 45,1,11,,62031,5229,0,21 45,1,9,,62040,5229,0,21 45,1,4,,62033,5229,0,21 45,1,22,,62036,5229,0,21 45,1,58,,62039,5229,0,21 45,1,20,,62042,5229,0,21 45,1,79,,62037,5229,0,21 45,1,97,,62043,5229,0,21 45,1,99,,62035,5229,0,21 45,1,96,,62046,5229,0,21 45,1,100,,62029,5229,0,21 45,1,108,,62052,5229,0,21 45,1,94,,62047,5229,0,21 45,1,24,,62053,5229,0,21 45,1,20,,62049,5229,0,21 45,1,60,,62032,5229,0,21 45,1,22,,62048,5229,0,21 45,1,20,,62051,5229,0,21 45,1,60,,62044,5229,0,21 45,1,20,,62030,5229,0,21 45,1,21,,62034,5229,0,21 45,1,59,,62054,5229,0,21 45,1,19,,62045,5229,0,21 45,1,19,,62050,5229,0,21 45,1
52100,'SE',1634,,63428,6295,,,2
54001,'SE',905,,63453,707,,,2
