400,'DI',635,,52309,14922,,,1,69,,52302,14922,,,1,30,,52320,14922,,,1,70,,52312,14922,,,1,30,,52310,14922,,,1,72,,52303,14922,,,1,30,,52321,14922,,,1,72,,52313,14922,,,1,30,,52323,14922,,,1,70,,52304,14922,,,1,32,,52322,14922,,,1,70,,52314,14922,,,1,27,,52324,14922,,,1,71,,52305,14922,,,1,32,,52329,14922,,,1,70,,52327,14922,,,1,28,,52317,14922,,,1,71,,52306,14922,,,1,29,,52325,14922,,,1,70,,52330,14922,,,1,32,,52315,14922,,,1,70,,52307,14922,,,1,30,,52326,14922,,,1,70,,52331,14922,,,1,31,,52316,14922,,,1,68,,52318,14922,,,1,30,,52332,14922,,,1,70,,52328,14922,,,1,30,,52333,14922,,,1,70,,52319,14922,,,1,30,,52311,14922,,,1,70,,52334,14922,,,1,30,,52336,14922,,,1,100,,52335,14922,,,1,100,,52308,14922,,,1
400,'F2',635,,52373,14922,,,1,69,,52391,14922,,,1,30,,52375,14922,,,1,70,,52380,14922,,,1,30,,52374,14922,,,1,72,,52392,14922,,,1,30,,52376,14922,,,1,72,,52381,14922,,,1,31,,52383,14922,,,1,70,,52393,14922,,,1,31,,52377,14922,,,1,70,,52382,14922,,,1,30,,52399,14922,,,1,70,,52397,14922,,,1,30,,52372,14922,,,1,70,,52384,14922,,,1,30,,52390,14922,,,1,70,,52385,14922,,,1,30,,52395,14922,,,1,70,,52378,14922,,,1,30,,52398,14922,,,1,70,,52394,14922,,,1,30,,52379,14922,,,1,70,,52387,14922,,,1,29,,52389,14922,,,1,70,,52401,14922,,,1,30,,52386,14922,,,1,70,,52404,14922,,,1,30,,52402,14922,,,1,70,,52403,14922,,,1,30,,52396,14922,,,1,70,,52405,14922,,,1,30,,52406,14922,,,1,100,,52400,14922,,,1,100,,52388,14922,,,1
400,'SA',635,,52408,14922,,,1,69,,52426,14922,,,1,30,,52410,14922,,,1,70,,52415,14922,,,1,30,,52409,14922,,,1,72,,52427,14922,,,1,30,,52411,14922,,,1,72,,52416,14922,,,1,31,,52418,14922,,,1,70,,52428,14922,,,1,31,,52412,14922,,,1,70,,52417,14922,,,1,30,,52434,14922,,,1,70,,52432,14922,,,1,30,,52407,14922,,,1,70,,52419,14922,,,1,30,,52425,14922,,,1,70,,52420,14922,,,1,30,,52430,14922,,,1,70,,52413,14922,,,1,30,,52433,14922,,,1,70,,52429,14922,,,1,30,,52414,14922,,,1,70,,52422,14922,,,1,29,,52424,14922,,,1,70,,52436,14922,,,1,30,,52421,14922,,,1,70,,52439,14922,,,1,30,,52437,14922,,,1,70,,52438,14922,,,1,30,,52431,14922,,,1,70,,52440,14922,,,1,30,,52441,14922,,,1,100,,52435,14922,,,1,100,,52423,14922,,,1
400,'SE',537,,52473,14922,,,1,65,,52469,14922,,,1,28,,52468,14922,,,1,20,,52475,14922,,,1,55,,52476,14922,,,1,20,,52467,14922,,,1,26,,52478,14922,,,1,60,,52470,14922,,,1,24,,52479,14922,,,1,9,,52483,14922,,,1,72,,52474,14922,,,1,13,,52453,14922,,,1,23,,52442,14922,,,1,70,,52455,14922,,,1,30,,52447,14922,,,1,70,,52448,14922,,,1,30,,52449,14922,,,1,70,,52451,14922,,,1,30,,52460,14922,,,1,70,,52461,14922,,,1,30,,52450,14922,,,1,69,,52446,14922,,,1,29,,52443,14922,,,1,73,,52477,14922,,,1,26,,52482,14922,,,1,76,,52480,14922,,,1,30,,52471,14922,,,1,70,,52472,14922,,,1,29,,52481,14922,,,1,64,,52459,14922,,,1,20,,52454,14922,,,1,72,,52464,14922,,,1,34,,52457,14922,,,1,70,,52444,14922,,,1,30,,52463,14922,,,1,68,,52465,14922,,,1,30,,52462,14922,,,1,70,,52452,14922,,,1,27,,52458,14922,,,1,70,,52466,14922,,,1,100,,52456,14922,,,1
5900,'SE',652,,58232,2023,,,2,60,,58231,2023,,,2,30,,58233,2023,,,2,890,,58235,2023,,,2,27,,58238,2023,,,2,65,,58239,2023,,,2,24,,58237,2023,,,2,59,,58234,2023,,,2,33,,58236,2023,,,2
7701,'DI',820,,60045,9252,,,1,100,,60047,9252,,,1,100,,60046,9252,,,1,100,,60048,9252,,,1,100,,60049,9252,,,1,100,,60051,9252,,,1,100,,60050,9252,,,1,102,,60052,9252,,,1,100,,60043,9252,,,1,100,,60053,9252,,,1,100,,60044,9252,,,1,97,,60054,9252,,,1,98,,60055,9252,,,1,100,,60057,9252,,,1,100,,60056,9252,,,1
7701,'F2',820,,60073,9252,,,1,100,,60075,9252,,,1,100,,60074,9252,,,1,100,,60076,9252,,,1,100,,60078,9252,,,1,100,,60077,9252,,,1,100,,60079,9252,,,1,102,,60080,9252,,,1,100,,60081,9252,,,1,100,,60083,9252,,,1,100,,60082,9252,,,1,97,,60084,9252,,,1,98,,60085,9252,,,1,100,,60087,9252,,,1,100,,60086,9252,,,1
7701,'SA',820,,60088,9252,,,1,100,,60090,9252,,,1,100,,60089,9252,,,1,100,,60091,9252,,,1,100,,60093,9252,,,1,100,,60092,9252,,,1,100,,60094,9252,,,1,102,,60095,9252,,,1,100,,60096,9252,,,1,100,,60098,9252,,,1,100,,60097,9252,,,1,97,,60099,9252,,,1,98,,60100,9252,,,1,100,,60102,9252,,,1,100,,60101,9252,,,1
7701,'SE',641,,60103,9252,,,1,11,,60106,9252,,,1,7,,60124,9252,,,1,47,,60107,9252,,,1,10,,60108,9252,,,1,5,,60111,9252,,,1,6,,60112,9252,,,1,18,,60113,9252,,,1,72,,60126,9252,,,1,30,,60104,9252,,,1,67,,60125,9252,,,1,4,,60109,9252,,,1,31,,60114,9252,,,1,71,,60127,9252,,,1,30,,60105,9252,,,1,70,,60110,9252,,,1,30,,60115,9252,,,1,72,,60128,9252,,,1,29,,60129,9252,,,1,71,,60130,9252,,,1,33,,60116,9252,,,1,70,,60131,9252,,,1,30,,60118,9252,,,1,68,,60122,9252,,,1,33,,60117,9252,,,1,70,,60134,9252,,,1,31,,60119,9252,,,1,65,,60123,9252,,,1,30,,60137,9252,,,1,75,,60120,9252,,,1,30,,60135,9252,,,1,68,,60132,9252,,,1,29,,60138,9252,,,1,70,,60121,9252,,,1,32,,60136,9252,,,1,67,,60133,9252,,,1,26,,60139,9252,,,1
90101,'DI',538,,63968,17245,,,1,80,,63792,17245,,,1,30,,63797,17245,,,1,70,,63791,17245,,,1,30,,63807,17245,,,1,73,,63804,17245,,,1,32,,63798,17245,,,1,72,,63786,17245,,,1,31,,63793,17245,,,1,70,,63789,17245,,,1,30,,63808,17245,,,1,71,,63805,17245,,,1,30,,63803,17245,,,1,71,,63794,17245,,,1,73,,63811,17245,,,1,28,,63800,17245,,,1,30,,63809,17245,,,1,69,,63781,17245,,,1,25,,63795,17245,,,1,75,,63787,17245,,,1,30,,63779,17245,,,1,71,,63810,17245,,,1,30,,63783,17245,,,1,70,,63799,17245,,,1,28,,63790,17245,,,1,70,,63780,17245,,,1,28,,63806,17245,,,1,75,,63788,17245,,,1,104,,63785,17245,,,1,97,,63801,17245,,,1,100,,63782,17245,,,1,100,,63784,17245,,,1,100,,63796,17245,,,1,100,,63802,17245,,,1
90101,'F2',618,,63860,17245,,,1,30,,63869,17245,,,1,70,,63864,17245,,,1,30,,63866,17245,,,1,73,,63872,17245,,,1,32,,63863,17245,,,1,72,,63861,17245,,,1,31,,63868,17245,,,1,70,,63874,17245,,,1,30,,63849,17245,,,1,71,,63862,17245,,,1,30,,63873,17245,,,1,71,,63865,17245,,,1,73,,63875,17245,,,1,28,,63854,17245,,,1,30,,63851,17245,,,1,69,,63845,17245,,,1,25,,63858,17245,,,1,75,,63876,17245,,,1,30,,63855,17245,,,1,71,,63852,17245,,,1,30,,63846,17245,,,1,70,,63847,17245,,,1,28,,63870,17245,,,1,70,,63856,17245,,,1,28,,63850,17245,,,1,75,,63859,17245,,,1,104,,63877,17245,,,1,97,,63853,17245,,,1,100,,63867,17245,,,1,100,,63857,17245,,,1,100,,63848,17245,,,1,100,,63871,17245,,,1
90101,'SA',538,,63969,17245,,,1,80,,63893,17245,,,1,30,,63902,17245,,,1,70,,63897,17245,,,1,30,,63899,17245,,,1,73,,63905,17245,,,1,32,,63896,17245,,,1,72,,63894,17245,,,1,31,,63901,17245,,,1,70,,63907,17245,,,1,30,,63882,17245,,,1,71,,63895,17245,,,1,30,,63906,17245,,,1,71,,63898,17245,,,1,73,,63908,17245,,,1,28,,63887,17245,,,1,30,,63884,17245,,,1,69,,63878,17245,,,1,25,,63891,17245,,,1,75,,63909,17245,,,1,30,,63888,17245,,,1,71,,63885,17245,,,1,30,,63879,17245,,,1,70,,63880,17245,,,1,28,,63903,17245,,,1,70,,63889,17245,,,1,28,,63883,17245,,,1,75,,63892,17245,,,1,104,,63910,17245,,,1,97,,63886,17245,,,1,100,,63900,17245,,,1,100,,63890,17245,,,1,100,,63881,17245,,,1,100,,63904,17245,,,1
90101,'SE',533,,63970,17245,,,1,67,,63942,17245,,,1,30,,63945,17245,,,1,16,,63949,17245,,,1,55,,63917,17245,,,1,15,,63939,17245,,,1,15,,63919,17245,,,1,15,,63924,17245,,,1,10,,63948,17245,,,1,55,,63922,17245,,,1,10,,63927,17245,,,1,10,,63943,17245,,,1,12,,63914,17245,,,1,8,,63918,17245,,,1,5,,63944,17245,,,1,50,,63946,17245,,,1,10,,63920,17245,,,1,12,,63954,17245,,,1,15,,63941,17245,,,1,12,,63923,17245,,,1,60,,63925,17245,,,1,20,,63950,17245,,,1,20,,63928,17245,,,1,60,,63915,17245,,,1,20,,63947,17245,,,1,20,,63955,17245,,,1,60,,63911,17245,,,1,20,,63913,17245,,,1,20,,63926,17245,,,1,60,,63921,17245,,,1,20,,63929,17245,,,1,20,,63916,17245,,,1,60,,63958,17245,,,1,20,,63956,17245,,,1,20,,63930,17245,,,1,60,,63940,17245,,,1,23,,63953,17245,,,1,20,,63957,17245,,,1,60,,63931,17245,,,1,20,,63951,17245,,,1,70,,63959,17245,,,1,29,,63961,17245,,,1,73,,63963,17245,,,1,28,,63933,17245,,,1,72,,63952,17245,,,1,30,,63960,17245,,,1,63,,63935,17245,,,1,30,,63912,17245,,,1,70,,63962,17245,,,1,31,,63964,17245,,,1,70,,63932,17245,,,1,30,,63936,17245,,,1,70,,63937,17245,,,1,100,,63965,17245,,,1,100,,63934,17245,,,1,100,,63938,17245,,,1
