2000,'DI',618,,55377,6188,,,2,100,,55368,6188,,,2,100,,55364,6188,,,2,100,,55375,6188,,,2,100,,55369,6188,,,2,97,,55361,6188,,,2,103,,55362,6188,,,2,100,,55378,6188,,,2,100,,55376,6188,,,2,100,,55373,6188,,,2,97,,55365,6188,,,2,103,,55366,6188,,,2,100,,55374,6188,,,2,100,,55370,6188,,,2,100,,55363,6188,,,2,100,,55371,6188,,,2,100,,55367,6188,,,2,100,,55372,6188,,,2,100,,55379,6188,,,2
2000,'F1',618,,55396,6188,,,2,100,,55387,6188,,,2,100,,55383,6188,,,2,100,,55394,6188,,,2,100,,55388,6188,,,2,97,,55380,6188,,,2,103,,55381,6188,,,2,100,,55397,6188,,,2,100,,55395,6188,,,2,100,,55392,6188,,,2,97,,55384,6188,,,2,103,,55385,6188,,,2,100,,55393,6188,,,2,100,,55389,6188,,,2,100,,55382,6188,,,2,100,,55390,6188,,,2,100,,55386,6188,,,2,100,,55391,6188,,,2,100,,55398,6188,,,2
2000,'F2',620,,55412,6188,,,2,100,,55411,6188,,,2,100,,55413,6188,,,2,100,,55406,6188,,,2,100,,55399,6188,,,2,100,,55407,6188,,,2,100,,55400,6188,,,2,100,,55408,6188,,,2,100,,55401,6188,,,2,100,,55409,6188,,,2,96,,55414,6188,,,2,104,,55415,6188,,,2,104,,55416,6188,,,2,96,,55403,6188,,,2,100,,55410,6188,,,2,100,,55404,6188,,,2,100,,55402,6188,,,2,100,,55405,6188,,,2,100,,55417,6188,,,2,100,,45388,6188,,,2
2000,'SA',620,,55431,6188,,,2,100,,55430,6188,,,2,100,,55432,6188,,,2,100,,55425,6188,,,2,100,,55418,6188,,,2,100,,55426,6188,,,2,100,,55419,6188,,,2,100,,55427,6188,,,2,100,,55420,6188,,,2,100,,55428,6188,,,2,96,,55433,6188,,,2,104,,55434,6188,,,2,104,,55435,6188,,,2,96,,55422,6188,,,2,100,,55429,6188,,,2,100,,55423,6188,,,2,100,,55421,6188,,,2,100,,55424,6188,,,2,100,,55436,6188,,,2,100,,26407,6188,,,2
2000,'SE',538,,55437,6188,,,2,20,,55463,6188,,,2,64,,55468,6188,,,2,31,,55438,6188,,,2,54,,55479,5598,,,2,9,,55482,5598,,,2,8,,55481,5598,,,2,10,,55486,5598,,,2,11,,55484,5598,,,2,6,,55478,5598,,,2,54,,55485,5598,,,2,32,,55483,5598,,,2,71,,55480,5598,,,2,30,,55447,6188,,,2,71,,55440,6188,,,2,30,,55472,6188,,,2,70,,55446,6188,,,2,30,,55451,6188,,,2,70,,55476,6188,,,2,30,,55473,6188,,,2,70,,55442,6188,,,2,30,,55441,6188,,,2,70,,55448,6188,,,2,30,,55474,6188,,,2,69,,55467,6188,,,2,21,,55470,6188,,,2,17,,55454,6188,,,2,55,,55464,6188,,,2,15,,55477,6188,,,2,15,,55452,6188,,,2,17,,55459,6188,,,2,10,,55455,6188,,,2,53,,55443,6188,,,2,11,,55465,6188,,,2,12,,55456,6188,,,2,13,,55453,6188,,,2,11,,55469,6188,,,2,54,,55475,6188,,,2,13,,55444,6188,,,2,15,,55466,6188,,,2,69,,55471,6188,,,2,30,,55445,6188,,,2,70,,55461,6188,,,2,30,,55449,6188,,,2,70,,55450,6188,,,2,30,,55462,6188,,,2,100,,55460,6188,,,2,100,,55457,6188,,,2,100,,55439,6188,,,2,100,,55458,6188,,,2
2500,'DI',703,,56116,5460,,,2
2500,'F1',703,,56117,5460,,,2
2500,'F2',703,,56118,5460,,,2
2500,'SA',703,,56119,5460,,,2
2500,'SE',525,,56125,5460,,,2,30,,56127,5460,,,2,69,,56142,5460,,,2,19,,56140,5460,,,2,61,,56136,5460,,,2,19,,56128,5460,,,2,29,,56129,5460,,,2,68,,56131,5460,,,2,36,,56138,5460,,,2,70,,56126,5460,,,2,430,,56130,5460,,,2,70,,56137,5460,,,2,29,,56145,5460,,,2,53,,56144,5460,,,2,18,,56143,5460,,,2,31,,56132,5460,,,2,72,,56120,5460,,,2,29,,56133,5460,,,2,69,,56123,5460,,,2,31,,56121,5460,,,2,68,,56134,5460,,,2,30,,56122,5460,,,2,375,,56139,5460,,,2,83,,56141,5460,,,2,15,,56124,5460,,,2,85,,56135,5460,,,2
8100,'DI',700,,60369,5260,,,1,100,,60378,5260,,,1,103,,60364,5260,,,1,100,,60381,5260,,,1,100,,60379,5260,,,1,100,,60366,5260,,,1,100,,60365,5260,,,1,100,,60373,5260,,,1,100,,60375,5260,,,1,100,,60382,5260,,,1,56,,60367,5260,,,1,148,,60377,5260,,,1,96,,60371,5260,,,1,100,,60370,5260,,,1,100,,60376,5260,,,1,100,,60372,5260,,,1,100,,60374,5260,,,1,100,,60368,5260,,,1,100,,60380,5260,,,1
8100,'F1',700,,60388,5260,,,1,100,,60397,5260,,,1,103,,60383,5260,,,1,100,,60400,5260,,,1,100,,60398,5260,,,1,100,,60385,5260,,,1,100,,60384,5260,,,1,100,,60392,5260,,,1,100,,60394,5260,,,1,100,,60401,5260,,,1,56,,60386,5260,,,1,148,,60396,5260,,,1,96,,60390,5260,,,1,100,,60389,5260,,,1,100,,60395,5260,,,1,100,,60391,5260,,,1,100,,60393,5260,,,1,100,,60387,5260,,,1,100,,60399,5260,,,1
8100,'F2',700,,60405,5260,,,1,100,,60403,5260,,,1,103,,60420,5260,,,1,100,,60406,5260,,,1,100,,60409,5260,,,1,100,,60410,5260,,,1,100,,60413,5260,,,1,100,,60411,5260,,,1,100,,60404,5260,,,1,100,,60402,5260,,,1,100,,60412,5260,,,1,104,,60414,5260,,,1,96,,60407,5260,,,1,100,,60408,5260,,,1,100,,60415,5260,,,1,100,,60417,5260,,,1,100,,60421,5260,,,1,100,,60416,5260,,,1,100,,60418,5260,,,1,100,,60419,5260,,,1
8100,'SA',700,,60425,5260,,,1,100,,60423,5260,,,1,103,,60440,5260,,,1,100,,60426,5260,,,1,100,,60429,5260,,,1,100,,60430,5260,,,1,100,,60433,5260,,,1,100,,60431,5260,,,1,100,,60424,5260,,,1,100,,60422,5260,,,1,100,,60432,5260,,,1,104,,60434,5260,,,1,96,,60427,5260,,,1,100,,60428,5260,,,1,100,,60435,5260,,,1,100,,60437,5260,,,1,100,,60441,5260,,,1,100,,60436,5260,,,1,100,,60438,5260,,,1,100,,60439,5260,,,1
8100,'SE',621,,60444,5260,,,1,38,,60453,5260,,,1,70,,60443,5260,,,1,71,,60459,5260,,,1,29,,60450,5260,,,1,76,,60464,5260,,,1,98,,60445,5260,,,1,100,,60449,5260,,,1,100,,60451,5260,,,1,100,,60465,5260,,,1,100,,60466,5260,,,1,100,,60446,5260,,,1,30,,60448,5260,,,1,72,,60460,5260,,,1,30,,60467,5260,,,1,70,,60463,5260,,,1,30,,60442,5260,,,1,70,,60455,5260,,,1,30,,60457,5260,,,1,67,,60454,5260,,,1,100,,60447,5260,,,1,100,,60452,5260,,,1,100,,60461,5260,,,1,100,,60456,5260,,,1,100,,60468,5260,,,1,100,,60462,5260,,,1,100,,60458,5260,,,1
57001,'SE',814,,63473,0,,,2
