401,'DI',611,,52484,18819,,,1,30,,52500,18819,,,1,70,,52493,18819,,,1,30,,52491,18819,,,1,70,,52485,18819,,,1,30,,52501,18819,,,1,72,,52494,18819,,,1,30,,52504,18819,,,1,70,,52486,18819,,,1,30,,52502,18819,,,1,70,,52495,18819,,,1,30,,52505,18819,,,1,70,,52487,18819,,,1,30,,52511,18819,,,1,70,,52509,18819,,,1,30,,52506,18819,,,1,71,,52488,18819,,,1,29,,52507,18819,,,1,70,,52512,18819,,,1,30,,52496,18819,,,1,72,,52489,18819,,,1,29,,52508,18819,,,1,70,,52513,18819,,,1,34,,52497,18819,,,1,65,,52498,18819,,,1,30,,52514,18819,,,1,70,,52510,18819,,,1,30,,52515,18819,,,1,71,,52499,18819,,,1,29,,52492,18819,,,1,70,,52516,18819,,,1,30,,52518,18819,,,1,100,,52517,18819,,,1,100,,52490,18819,,,1,100,,52503,18819,,,1
401,'F1',611,,52519,18819,,,1,30,,52535,18819,,,1,70,,52528,18819,,,1,30,,52526,18819,,,1,70,,52520,18819,,,1,30,,52536,18819,,,1,72,,52529,18819,,,1,30,,52539,18819,,,1,70,,52521,18819,,,1,30,,52537,18819,,,1,70,,52530,18819,,,1,30,,52540,18819,,,1,70,,52522,18819,,,1,30,,52546,18819,,,1,70,,52544,18819,,,1,30,,52541,18819,,,1,71,,52523,18819,,,1,29,,52542,18819,,,1,70,,52547,18819,,,1,30,,52531,18819,,,1,72,,52524,18819,,,1,29,,52543,18819,,,1,70,,52548,18819,,,1,34,,52532,18819,,,1,65,,52533,18819,,,1,30,,52549,18819,,,1,70,,52545,18819,,,1,30,,52550,18819,,,1,71,,52534,18819,,,1,29,,52527,18819,,,1,70,,52551,18819,,,1,30,,52553,18819,,,1,100,,52552,18819,,,1,100,,52525,18819,,,1,100,,52538,18819,,,1
401,'F2',611,,52573,18819,,,1,30,,52557,18819,,,1,70,,52561,18819,,,1,30,,52555,18819,,,1,70,,52574,18819,,,1,30,,52558,18819,,,1,72,,52562,18819,,,1,30,,52556,18819,,,1,70,,52575,18819,,,1,30,,52559,18819,,,1,70,,52563,18819,,,1,30,,52580,18819,,,1,70,,52578,18819,,,1,32,,52554,18819,,,1,70,,52565,18819,,,1,30,,52571,18819,,,1,70,,52566,18819,,,1,30,,52582,18819,,,1,70,,52560,18819,,,1,30,,52579,18819,,,1,70,,52576,18819,,,1,30,,52572,18819,,,1,70,,52568,18819,,,1,30,,52570,18819,,,1,70,,52583,18819,,,1,28,,52567,18819,,,1,70,,52586,18819,,,1,30,,52584,18819,,,1,70,,52585,18819,,,1,30,,52577,18819,,,1,70,,52587,18819,,,1,30,,52588,18819,,,1,100,,52581,18819,,,1,100,,52569,18819,,,1,100,,52564,18819,,,1
401,'SA',611,,52608,18819,,,1,30,,52592,18819,,,1,70,,52596,18819,,,1,30,,52590,18819,,,1,70,,52609,18819,,,1,30,,52593,18819,,,1,72,,52597,18819,,,1,30,,52591,18819,,,1,70,,52610,18819,,,1,30,,52594,18819,,,1,70,,52598,18819,,,1,30,,52615,18819,,,1,70,,52613,18819,,,1,32,,52589,18819,,,1,70,,52600,18819,,,1,30,,52606,18819,,,1,70,,52601,18819,,,1,30,,52617,18819,,,1,70,,52595,18819,,,1,30,,52614,18819,,,1,70,,52611,18819,,,1,30,,52607,18819,,,1,70,,52603,18819,,,1,30,,52605,18819,,,1,70,,52618,18819,,,1,28,,52602,18819,,,1,70,,52621,18819,,,1,30,,52619,18819,,,1,70,,52620,18819,,,1,30,,52612,18819,,,1,70,,52622,18819,,,1,30,,52623,18819,,,1,100,,52616,18819,,,1,100,,52604,18819,,,1,100,,52599,18819,,,1
401,'SE',616,,52638,18819,,,1,22,,52634,18819,,,1,18,,52647,18819,,,1,61,,52625,18819,,,1,35,,52656,18819,,,1,74,,52643,18819,,,1,33,,52653,18819,,,1,70,,52652,18819,,,1,71,,52630,18819,,,1,30,,52637,18819,,,1,70,,52657,18819,,,1,30,,52636,18819,,,1,70,,52635,18819,,,1,30,,52626,18819,,,1,73,,52645,18819,,,1,32,,52662,18819,,,1,70,,52648,18819,,,1,30,,52629,18819,,,1,66,,52624,18819,,,1,34,,52632,18819,,,1,15,,52649,18819,,,1,63,,52633,18819,,,1,23,,52639,18819,,,1,19,,52627,18819,,,1,60,,52655,18819,,,1,24,,52644,18819,,,1,13,,52659,18819,,,1,60,,52661,18819,,,1,24,,52640,18819,,,1,15,,52651,18819,,,1,67,,52628,18819,,,1,30,,52660,18819,,,1,67,,52646,18819,,,1,28,,52658,18819,,,1,70,,52641,18819,,,1,30,,52654,18819,,,1,70,,52663,18819,,,1,100,,52650,18819,,,1,96,,52631,18819,,,1,100,,52642,18819,,,1
3201,'DI',544,,56660,8610,,,1,99,,56661,8610,,,1,101,,56662,8610,,,1,99,,56663,8610,,,1,102,,56669,8610,,,1,100,,56668,8610,,,1,102,,56664,8610,,,1,102,,56665,8610,,,1,103,,56672,8610,,,1,98,,56670,8610,,,1,104,,56666,8610,,,1,96,,56673,8610,,,1,98,,56671,8610,,,1,99,,56674,8610,,,1,99,,56677,8610,,,1,100,,56675,8610,,,1,100,,56679,8610,,,1,100,,56678,8610,,,1,100,,56676,8610,,,1,100,,56680,8610,,,1,99,,56667,8610,,,1
3201,'F1',544,,56681,8610,,,1,99,,56682,8610,,,1,101,,56683,8610,,,1,99,,56684,8610,,,1,102,,56690,8610,,,1,100,,56689,8610,,,1,102,,56685,8610,,,1,102,,56686,8610,,,1,103,,56693,8610,,,1,98,,56691,8610,,,1,104,,56687,8610,,,1,96,,56694,8610,,,1,98,,56692,8610,,,1,99,,56695,8610,,,1,99,,56698,8610,,,1,100,,56696,8610,,,1,100,,56700,8610,,,1,100,,56699,8610,,,1,100,,56697,8610,,,1,100,,56701,8610,,,1,99,,56688,8610,,,1
3201,'F2',544,,56703,8610,,,1,99,,56704,8610,,,1,101,,56705,8610,,,1,96,,56710,8610,,,1,103,,56712,8610,,,1,101,,56702,8610,,,1,103,,56711,8610,,,1,100,,56713,8610,,,1,106,,56714,8610,,,1,102,,56716,8610,,,1,97,,56706,8610,,,1,98,,56715,8610,,,1,98,,56717,8610,,,1,99,,56707,8610,,,1,99,,56718,8610,,,1,100,,56722,8610,,,1,100,,56720,8610,,,1,100,,56719,8610,,,1,100,,56708,8610,,,1,100,,56721,8610,,,1,99,,56709,8610,,,1
3201,'SA',544,,56724,8610,,,1,99,,56725,8610,,,1,101,,56726,8610,,,1,96,,56731,8610,,,1,103,,56733,8610,,,1,101,,56723,8610,,,1,103,,56732,8610,,,1,100,,56734,8610,,,1,106,,56735,8610,,,1,102,,56737,8610,,,1,97,,56727,8610,,,1,98,,56736,8610,,,1,98,,56738,8610,,,1,99,,56728,8610,,,1,99,,56739,8610,,,1,100,,56743,8610,,,1,100,,56741,8610,,,1,100,,56740,8610,,,1,100,,56729,8610,,,1,100,,56742,8610,,,1,99,,56730,8610,,,1
3201,'SE',521,,56767,12897,,,1,30,,56758,12897,,,1,70,,56764,12897,,,1,30,,56757,12897,,,1,76,,56759,12897,,,1,27,,56760,12897,,,1,64,,56766,12897,,,1,31,,56756,12897,,,1,75,,56770,12897,,,1,93,,56750,8610,,,1,101,,56745,8610,,,1,100,,56755,8610,,,1,100,,56749,8610,,,1,100,,56751,8610,,,1,103,,56753,8610,,,1,105,,56746,8610,,,1,21,,56768,12897,,,1,71,,56765,12897,,,1,30,,56762,12897,,,1,70,,56769,12897,,,1,23,,56761,12897,,,1,71,,56771,12897,,,1,25,,56763,12897,,,1,86,,56748,8610,,,1,100,,56752,8610,,,1,98,,56754,8610,,,1,100,,56744,8610,,,1,98,,56747,8610,,,1
53200,'SE',1638,,63436,8830,,,2,1,,63437,8830,,,2
