2500,'DI',704,,27541,6101,,,2
2500,'F1',704,,45855,6101,,,2
2500,'F2',704,,45856,6101,,,2
2500,'F8',704,,27570,6101,,,2
2500,'F9',704,,27571,6101,,,2
2500,'SA',704,,27572,6101,,,2
2500,'SE',526,,45864,6101,,,2,30,,45875,6101,,,2,69,,45879,6101,,,2,19,,45878,6101,,,2,61,,45874,6101,,,2,19,,45866,6101,,,2,29,,45857,6101,,,2,68,,45868,6101,,,2,36,,45867,6101,,,2,70,,45861,6101,,,2,430,,45869,6101,,,2,70,,45859,6101,,,2,29,,45881,6101,,,2,53,,45877,6101,,,2,18,,45880,6101,,,2,31,,45860,6101,,,2,72,,45862,6101,,,2,29,,45870,6101,,,2,69,,45858,6101,,,2,31,,45863,6101,,,2,68,,45871,6101,,,2,30,,45865,6101,,,2,375,,45876,6101,,,2,83,,45882,6101,,,2,15,,45872,6101,,,2,85,,45873,6101,,,2
8100,'DI',701,,35724,6321,,,1,100,,35713,6321,,,1,103,,35720,6321,,,1,100,,35714,6321,,,1,100,,35722,6321,,,1,100,,35726,6321,,,1,100,,35727,6321,,,1,100,,35717,6321,,,1,100,,35721,6321,,,1,100,,35712,6321,,,1,96,,35725,6321,,,1,108,,35715,6321,,,1,96,,35723,6321,,,1,100,,35716,6321,,,1,100,,35728,6321,,,1,100,,35718,6321,,,1,100,,35730,6321,,,1,100,,35729,6321,,,1,100,,35719,6321,,,1
8100,'F1',701,,49147,6321,,,1,100,,49136,6321,,,1,103,,49143,6321,,,1,100,,49137,6321,,,1,100,,49145,6321,,,1,100,,49149,6321,,,1,100,,49150,6321,,,1,100,,49140,6321,,,1,100,,49144,6321,,,1,100,,49135,6321,,,1,96,,49148,6321,,,1,108,,49138,6321,,,1,96,,49146,6321,,,1,100,,49139,6321,,,1,100,,49151,6321,,,1,100,,49141,6321,,,1,100,,49153,6321,,,1,100,,49152,6321,,,1,100,,49142,6321,,,1
8100,'F2',701,,49165,6321,,,1,100,,49171,6321,,,1,103,,49166,6321,,,1,100,,49167,6321,,,1,100,,49172,6321,,,1,100,,49154,6321,,,1,100,,49156,6321,,,1,100,,49161,6321,,,1,100,,49168,6321,,,1,100,,49173,6321,,,1,100,,49159,6321,,,1,104,,49162,6321,,,1,96,,49169,6321,,,1,100,,49155,6321,,,1,100,,49163,6321,,,1,100,,49158,6321,,,1,100,,49170,6321,,,1,100,,49164,6321,,,1,100,,49160,6321,,,1,100,,49157,6321,,,1
8100,'F8',701,,35809,6321,,,1,100,,35815,6321,,,1,103,,35810,6321,,,1,100,,35811,6321,,,1,100,,35816,6321,,,1,100,,35798,6321,,,1,100,,35800,6321,,,1,100,,35805,6321,,,1,100,,35812,6321,,,1,100,,35817,6321,,,1,100,,35803,6321,,,1,104,,35806,6321,,,1,96,,35813,6321,,,1,100,,35799,6321,,,1,100,,35807,6321,,,1,100,,35802,6321,,,1,100,,35814,6321,,,1,100,,35808,6321,,,1,100,,35804,6321,,,1,100,,35801,6321,,,1
8100,'F9',701,,35830,6321,,,1,100,,35819,6321,,,1,103,,35826,6321,,,1,100,,35820,6321,,,1,100,,35828,6321,,,1,100,,35832,6321,,,1,100,,35833,6321,,,1,100,,35823,6321,,,1,100,,35827,6321,,,1,100,,35818,6321,,,1,96,,35831,6321,,,1,108,,35821,6321,,,1,96,,35829,6321,,,1,100,,35822,6321,,,1,100,,35834,6321,,,1,100,,35824,6321,,,1,100,,35836,6321,,,1,100,,35835,6321,,,1,100,,35825,6321,,,1
8100,'SA',701,,35848,6321,,,1,100,,35854,6321,,,1,103,,35849,6321,,,1,100,,35850,6321,,,1,100,,14262,6321,,,1,100,,35837,6321,,,1,100,,35839,6321,,,1,100,,35844,6321,,,1,100,,35851,6321,,,1,100,,35855,6321,,,1,100,,35842,6321,,,1,104,,35845,6321,,,1,96,,35852,6321,,,1,100,,35838,6321,,,1,100,,35846,6321,,,1,100,,35841,6321,,,1,100,,35853,6321,,,1,100,,35847,6321,,,1,100,,35843,6321,,,1,100,,35840,6321,,,1
8100,'SE',623,,49185,6321,,,1,78,,49197,6321,,,1,30,,49186,6321,,,1,71,,49195,6321,,,1,29,,49176,6321,,,1,76,,49196,6321,,,1,98,,49179,6321,,,1,100,,49189,6321,,,1,100,,49177,6321,,,1,100,,49198,6321,,,1,100,,49187,6321,,,1,100,,49180,6321,,,1,30,,49188,6321,,,1,72,,49184,6321,,,1,30,,49174,6321,,,1,70,,49175,6321,,,1,30,,49190,6321,,,1,70,,49199,6321,,,1,30,,49178,6321,,,1,67,,49193,6321,,,1,100,,49181,6321,,,1,100,,49183,6321,,,1,100,,49194,6321,,,1,100,,49191,6321,,,1,100,,49182,6321,,,1,100,,49192,6321,,,1,100,,49200,6321,,,1
