100,'DI',709,,20128,7611,0,14,1,100,,20129,7611,0,14,1,100,,20130,7611,0,14,1,100,,20131,7611,0,14,1,100,,20132,7611,0,14,1,100,,20133,7611,0,14,1,100,,20134,7611,0,14,1,101,,20135,7611,0,14,1,100,,20136,7611,0,14,1,98,,20138,7611,0,14,1,100,,20139,7611,0,14,1,100,,20140,7611,0,14,1,100,,20141,7611,0,14,1,100,,20142,7611,0,14,1,100,,20143,7611,0,14,1,100,,20144,7611,0,14,1,100,,20145,7611,0,14,1,100,,20148,7611,0,14,1,100,,20146,7611,0,14,1,100,,20147,7611,0,14,1
100,'F8',639,,20280,7611,0,14,1,70,,20269,7611,0,14,1,30,,20281,7611,0,14,1,70,,20270,7611,0,14,1,30,,20282,7611,0,14,1,70,,20271,7611,0,14,1,30,,20284,7611,0,14,1,70,,20272,7611,0,14,1,30,,20285,7611,0,14,1,70,,20273,7611,0,14,1,30,,20286,7611,0,14,1,70,,20274,7611,0,14,1,30,,20287,7611,0,14,1,70,,20275,7611,0,14,1,31,,20291,7611,0,14,1,70,,20276,7611,0,14,1,30,,20292,7611,0,14,1,70,,20277,7611,0,14,1,28,,20288,7611,0,14,1,70,,20258,7611,0,14,1,30,,20289,7611,0,14,1,70,,20259,7611,0,14,1,30,,20290,7611,0,14,1,70,,20260,7611,0,14,1,30,,20279,7611,0,14,1,70,,20261,7611,0,14,1,100,,20262,7611,0,14,1,100,,20263,7611,0,14,1,100,,20264,7611,0,14,1,100,,20265,7611,0,14,1,100,,20266,7611,0,14,1,100,,20267,7611,0,14,1,100,,20268,7611,0,14,1
100,'F9',709,,20293,7611,0,14,1,100,,20294,7611,0,14,1,100,,20295,7611,0,14,1,100,,20296,7611,0,14,1,100,,20297,7611,0,14,1,100,,20298,7611,0,14,1,100,,20299,7611,0,14,1,101,,20300,7611,0,14,1,100,,20301,7611,0,14,1,98,,20303,7611,0,14,1,100,,20304,7611,0,14,1,100,,20305,7611,0,14,1,100,,20306,7611,0,14,1,100,,20307,7611,0,14,1,100,,20308,7611,0,14,1,100,,20309,7611,0,14,1,100,,20310,7611,0,14,1,100,,20313,7611,0,14,1,100,,20311,7611,0,14,1,100,,20312,7611,0,14,1
100,'SA',639,,20325,7611,0,14,1,70,,20314,7611,0,14,1,30,,20326,7611,0,14,1,70,,20315,7611,0,14,1,30,,20327,7611,0,14,1,70,,20316,7611,0,14,1,30,,20329,7611,0,14,1,70,,20317,7611,0,14,1,30,,20330,7611,0,14,1,70,,20318,7611,0,14,1,30,,20331,7611,0,14,1,70,,20319,7611,0,14,1,30,,20332,7611,0,14,1,70,,20320,7611,0,14,1,31,,20336,7611,0,14,1,70,,20321,7611,0,14,1,30,,20337,7611,0,14,1,70,,20322,7611,0,14,1,28,,20333,7611,0,14,1,70,,164,7611,0,14,1,30,,20334,7611,0,14,1,70,,165,7611,0,14,1,30,,20335,7611,0,14,1,70,,166,7611,0,14,1,30,,20324,7611,0,14,1,70,,167,7611,0,14,1,100,,168,7611,0,14,1,100,,169,7611,0,14,1,100,,170,7611,0,14,1,100,,171,7611,0,14,1,100,,172,7611,0,14,1,100,,173,7611,0,14,1,100,,174,7611,0,14,1
100,'SE',602,,20360,7611,0,14,1,36,,20371,7611,0,14,1,69,,20376,7611,0,14,1,35,,20366,7611,0,14,1,69,,20374,7611,0,14,1,35,,20369,7611,0,14,1,80,,20365,7611,0,14,1,30,,20384,7611,0,14,1,70,,20338,7611,0,14,1,30,,20382,7611,0,14,1,70,,20353,7611,0,14,1,30,,20385,7611,0,14,1,71,,20351,7611,0,14,1,30,,20373,7611,0,14,1,70,,20361,7611,0,14,1,30,,20378,7611,0,14,1,70,,20358,7611,0,14,1,30,,20367,7611,0,14,1,73,,20386,7611,0,14,1,18,,20388,7611,0,14,1,61,,20370,7611,0,14,1,15,,20347,7611,0,14,1,19,,20362,7611,0,14,1,12,,20339,7611,0,14,1,62,,20380,7611,0,14,1,12,,20368,7611,0,14,1,11,,20355,7611,0,14,1,15,,20377,7611,0,14,1,52,,20340,7611,0,14,1,15,,20372,7611,0,14,1,15,,20348,7611,0,14,1,20,,20383,7611,0,14,1,68,,20387,7611,0,14,1,30,,20356,7611,0,14,1,70,,20381,7611,0,14,1,29,,20341,7611,0,14,1,70,,20379,7611,0,14,1,30,,20342,7611,0,14,1,100,,20343,7611,0,14,1,99,,20344,7611,0,14,1,100,,20345,7611,0,14,1,98,,20346,7611,0,14,1
300,'DI',704,,20635,5986,,,1,100,,488,5986,,,1,100,,20636,5986,,,1,100,,489,5986,,,1,100,,20637,5986,,,1,100,,490,5986,,,1,100,,20638,5986,,,1,100,,491,5986,,,1,100,,492,5986,,,1,100,,493,5986,,,1,100,,494,5986,,,1,100,,495,5986,,,1,100,,20628,5986,,,1,100,,20629,5986,,,1,100,,20630,5986,,,1,100,,20631,5986,,,1,100,,20632,5986,,,1,100,,20633,5986,,,1,100,,20634,5986,,,1
300,'F8',634,,20741,5986,,,1,70,,20757,5986,,,1,30,,20742,5986,,,1,70,,20748,5986,,,1,30,,20743,5986,,,1,70,,20758,5986,,,1,30,,20744,5986,,,1,70,,20759,5986,,,1,30,,20745,5986,,,1,70,,20749,5986,,,1,30,,20746,5986,,,1,70,,20750,5986,,,1,30,,20747,5986,,,1,70,,20766,5986,,,1,30,,20760,5986,,,1,70,,20751,5986,,,1,30,,20761,5986,,,1,70,,20767,5986,,,1,30,,20762,5986,,,1,70,,20768,5986,,,1,30,,20763,5986,,,1,70,,20769,5986,,,1,30,,20764,5986,,,1,70,,20770,5986,,,1,30,,20765,5986,,,1,70,,20771,5986,,,1,100,,20752,5986,,,1,100,,20753,5986,,,1,100,,20754,5986,,,1,100,,20755,5986,,,1,100,,20772,5986,,,1,100,,20756,5986,,,1
300,'F9',704,,20788,5986,,,1,100,,20773,5986,,,1,100,,20789,5986,,,1,100,,20774,5986,,,1,100,,20790,5986,,,1,100,,20775,5986,,,1,100,,20791,5986,,,1,100,,20776,5986,,,1,100,,20777,5986,,,1,100,,20778,5986,,,1,100,,20779,5986,,,1,100,,20780,5986,,,1,100,,20781,5986,,,1,100,,20782,5986,,,1,100,,20783,5986,,,1,100,,20784,5986,,,1,100,,20785,5986,,,1,100,,20786,5986,,,1,100,,20787,5986,,,1
300,'SA',634,,20792,5986,,,1,70,,20808,5986,,,1,30,,20793,5986,,,1,70,,20799,5986,,,1,30,,20794,5986,,,1,70,,20809,5986,,,1,30,,20795,5986,,,1,70,,20810,5986,,,1,30,,20796,5986,,,1,70,,20800,5986,,,1,30,,20797,5986,,,1,70,,20801,5986,,,1,30,,20798,5986,,,1,70,,20811,5986,,,1,30,,624,5986,,,1,70,,20802,5986,,,1,30,,625,5986,,,1,70,,20812,5986,,,1,30,,626,5986,,,1,70,,20813,5986,,,1,30,,627,5986,,,1,70,,20814,5986,,,1,30,,628,5986,,,1,70,,20815,5986,,,1,30,,629,5986,,,1,70,,20816,5986,,,1,100,,20803,5986,,,1,100,,20804,5986,,,1,100,,20805,5986,,,1,100,,20806,5986,,,1,100,,20817,5986,,,1,100,,20807,5986,,,1
300,'SE',552,,20832,5986,,,1,83,,20834,5986,,,1,80,,20818,5986,,,1,40,,20819,5986,,,1,81,,20846,5986,,,1,69,,20841,5986,,,1,30,,20835,5986,,,1,70,,20842,5986,,,1,30,,20836,5986,,,1,70,,20820,5986,,,1,30,,20837,5986,,,1,70,,20821,5986,,,1,30,,20838,5986,,,1,70,,20822,5986,,,1,30,,20839,5986,,,1,70,,20823,5986,,,1,30,,20840,5986,,,1,71,,20824,5986,,,1,21,,20847,5986,,,1,18,,20854,5986,,,1,63,,20825,5986,,,1,21,,20845,5986,,,1,23,,20855,5986,,,1,58,,20829,5986,,,1,18,,20833,5986,,,1,20,,20853,5986,,,1,58,,20852,5986,,,1,32,,20848,5986,,,1,67,,20850,5986,,,1,29,,20849,5986,,,1,70,,20851,5986,,,1,30,,20830,5986,,,1,70,,20828,5986,,,1,30,,20831,5986,,,1,70,,20843,5986,,,1,100,,20844,5986,,,1,100,,20826,5986,,,1,100,,20827,5986,,,1
50100,'SE',1515,,40621,7575,,,2,144,,40620,7575,,,2
50301,'SE',905,,40629,742,,,2
