3300,'DI',614,,56772,4097,,,2,100,,56773,4097,,,2,100,,56774,4097,,,2,100,,56775,4097,,,2,100,,56776,4097,,,2,100,,56777,4097,,,2,100,,56778,4097,,,2,100,,56779,4097,,,2,100,,56780,4097,,,2,100,,56781,4097,,,2,99,,56782,4097,,,2,100,,56783,4097,,,2,100,,56784,4097,,,2,100,,56785,4097,,,2,101,,56786,4097,,,2,100,,56787,4097,,,2,100,,56788,4097,,,2,100,,56789,4097,,,2,100,,56790,4097,,,2
3300,'F1',614,,56791,4097,,,2,100,,56792,4097,,,2,100,,56793,4097,,,2,100,,56794,4097,,,2,100,,56795,4097,,,2,100,,56796,4097,,,2,100,,56797,4097,,,2,100,,56798,4097,,,2,100,,56799,4097,,,2,100,,56800,4097,,,2,99,,56801,4097,,,2,100,,56802,4097,,,2,100,,56803,4097,,,2,100,,56804,4097,,,2,101,,56805,4097,,,2,100,,56806,4097,,,2,100,,56807,4097,,,2,100,,56808,4097,,,2,100,,56809,4097,,,2
3300,'F2',614,,56810,4097,,,2,100,,56811,4097,,,2,100,,56812,4097,,,2,100,,56813,4097,,,2,100,,56814,4097,,,2,100,,56815,4097,,,2,100,,56816,4097,,,2,100,,56817,4097,,,2,100,,56818,4097,,,2,100,,56819,4097,,,2,99,,56820,4097,,,2,100,,56821,4097,,,2,100,,56822,4097,,,2,100,,56823,4097,,,2,101,,56824,4097,,,2,100,,56825,4097,,,2,100,,56826,4097,,,2,100,,56827,4097,,,2,100,,56828,4097,,,2
3300,'SA',614,,56829,4097,,,2,100,,56830,4097,,,2,100,,56831,4097,,,2,100,,56832,4097,,,2,100,,56833,4097,,,2,100,,56834,4097,,,2,100,,56835,4097,,,2,100,,56836,4097,,,2,100,,56837,4097,,,2,100,,56838,4097,,,2,99,,56839,4097,,,2,100,,56840,4097,,,2,100,,56841,4097,,,2,100,,56842,4097,,,2,101,,56843,4097,,,2,100,,56844,4097,,,2,100,,56845,4097,,,2,100,,56846,4097,,,2,100,,56847,4097,,,2
3300,'SE',616,,56883,4097,,,2,28,,56851,4097,,,2,70,,56856,4097,,,2,28,,56852,4097,,,2,70,,56857,4097,,,2,32,,56858,4097,,,2,70,,56853,4097,,,2,30,,56885,4097,,,2,70,,56854,4097,,,2,30,,56859,4097,,,2,70,,56855,4097,,,2,30,,56860,4097,,,2,70,,56870,4097,,,2,30,,56877,4097,,,2,70,,56876,4097,,,2,30,,56886,4097,,,2,70,,56882,4097,,,2,30,,56878,4097,,,2,70,,56848,4097,,,2,29,,56869,4097,,,2,68,,56849,4097,,,2,16,,56887,4097,,,2,14,,56861,4097,,,2,14,,56862,4097,,,2,55,,56863,4097,,,2,14,,56868,4097,,,2,15,,56884,4097,,,2,16,,56874,4097,,,2,55,,56875,4097,,,2,14,,56850,4097,,,2,30,,56864,4097,,,2,70,,56880,4097,,,2,30,,56865,4097,,,2,68,,56881,4097,,,2,30,,56866,4097,,,2,70,,56879,4097,,,2,30,,56867,4097,,,2,100,,56871,4097,,,2,100,,56872,4097,,,2,100,,56873,4097,,,2
53300,'SE',1632,,63440,7707,,,2
53400,'SE',1636,,63442,7707,,,2
64400,'SE',1608,,63510,1136,,,2,1,,63509,1136,,,2,1,,63511,1136,,,2
67400,'SE',1608,,63549,1136,,,2
67401,'SE',845,,63550,0,,,2
69301,'SE',849,,63581,6546,,,2,1,,63582,6546,,,2
