600,'DI',638,,53007,5045,,,1,70,,53012,5045,,,1,30,,53004,5045,,,1,71,,53019,5045,,,1,30,,53025,5045,,,1,70,,52999,5045,,,1,31,,53013,5045,,,1,70,,53029,5045,,,1,30,,53008,5045,,,1,69,,53005,5045,,,1,31,,53000,5045,,,1,70,,53026,5045,,,1,30,,53021,5045,,,1,74,,53020,5045,,,1,29,,52998,5045,,,1,70,,53016,5045,,,1,27,,53027,5045,,,1,73,,53001,5045,,,1,30,,53010,5045,,,1,69,,53014,5045,,,1,31,,53017,5045,,,1,67,,53011,5045,,,1,30,,53015,5045,,,1,70,,53023,5045,,,1,28,,53006,5045,,,1,71,,53018,5045,,,1,104,,53009,5045,,,1,100,,53022,5045,,,1,99,,53002,5045,,,1,100,,53028,5045,,,1,100,,53024,5045,,,1,100,,53003,5045,,,1
600,'F1',638,,53039,5045,,,1,70,,53044,5045,,,1,30,,53036,5045,,,1,71,,53051,5045,,,1,30,,53057,5045,,,1,70,,53031,5045,,,1,31,,53045,5045,,,1,70,,53061,5045,,,1,30,,53040,5045,,,1,69,,53037,5045,,,1,31,,53032,5045,,,1,70,,53058,5045,,,1,30,,53053,5045,,,1,74,,53052,5045,,,1,29,,53030,5045,,,1,70,,53048,5045,,,1,27,,53059,5045,,,1,73,,53033,5045,,,1,30,,53042,5045,,,1,69,,53046,5045,,,1,31,,53049,5045,,,1,67,,53043,5045,,,1,30,,53047,5045,,,1,70,,53055,5045,,,1,28,,53038,5045,,,1,71,,53050,5045,,,1,104,,53041,5045,,,1,100,,53054,5045,,,1,99,,53034,5045,,,1,100,,53060,5045,,,1,100,,53056,5045,,,1,100,,53035,5045,,,1
600,'F2',638,,53087,5045,,,1,71,,53070,5045,,,1,29,,53081,5045,,,1,70,,53066,5045,,,1,34,,53082,5045,,,1,66,,53071,5045,,,1,35,,53063,5045,,,1,63,,53064,5045,,,1,32,,53089,5045,,,1,69,,53072,5045,,,1,30,,53077,5045,,,1,78,,53073,5045,,,1,30,,53078,5045,,,1,67,,53085,5045,,,1,31,,53074,5045,,,1,67,,53090,5045,,,1,30,,53086,5045,,,1,70,,53075,5045,,,1,30,,53083,5045,,,1,70,,53079,5045,,,1,30,,53076,5045,,,1,70,,53069,5045,,,1,30,,53080,5045,,,1,70,,53084,5045,,,1,30,,53065,5045,,,1,70,,43901,5045,,,1,105,,53062,5045,,,1,100,,53067,5045,,,1,99,,53088,5045,,,1,100,,53091,5045,,,1,100,,43899,5045,,,1,100,,53068,5045,,,1
600,'SA',638,,53117,5045,,,1,71,,53100,5045,,,1,29,,53111,5045,,,1,70,,53096,5045,,,1,34,,53112,5045,,,1,66,,53101,5045,,,1,35,,53093,5045,,,1,63,,53094,5045,,,1,32,,53119,5045,,,1,69,,53102,5045,,,1,30,,53107,5045,,,1,78,,53103,5045,,,1,30,,53108,5045,,,1,67,,53115,5045,,,1,31,,53104,5045,,,1,67,,53120,5045,,,1,30,,53116,5045,,,1,70,,53105,5045,,,1,30,,53113,5045,,,1,70,,53109,5045,,,1,30,,53106,5045,,,1,70,,53099,5045,,,1,30,,53110,5045,,,1,70,,53114,5045,,,1,30,,53095,5045,,,1,70,,22478,5045,,,1,105,,53092,5045,,,1,100,,53097,5045,,,1,99,,53118,5045,,,1,100,,53121,5045,,,1,100,,22476,5045,,,1,100,,53098,5045,,,1
600,'SE',549,,53147,5045,,,1,70,,53153,5045,,,1,30,,53134,5045,,,1,72,,53122,5045,,,1,32,,53130,5045,,,1,67,,53146,5045,,,1,33,,53139,5045,,,1,69,,53148,5045,,,1,30,,53129,5045,,,1,70,,53144,5045,,,1,30,,53127,5045,,,1,70,,53136,5045,,,1,30,,53150,5045,,,1,70,,53155,5045,,,1,30,,53156,5045,,,1,70,,53152,5045,,,1,30,,53151,5045,,,1,71,,53123,5045,,,1,29,,53142,5045,,,1,72,,53128,5045,,,1,30,,53140,5045,,,1,69,,53145,5045,,,1,77,,53133,5045,,,1,25,,53149,5045,,,1,30,,53132,5045,,,1,68,,53137,5045,,,1,29,,53157,5045,,,1,70,,53131,5045,,,1,29,,53141,5045,,,1,70,,53154,5045,,,1,29,,53126,5045,,,1,70,,53138,5045,,,1,100,,53135,5045,,,1,100,,53124,5045,,,1,100,,53143,5045,,,1,100,,53125,5045,,,1
5500,'SE',1622,,58209,10498,0,16,2,18,,58211,10498,0,16,2,15,,58213,10498,0,16,2,56,,58215,10498,0,16,2,14,,58207,10498,0,16,2,15,,58210,10498,0,16,2,15,,58212,10498,0,16,2,55,,58214,10498,0,16,2,20,,58216,10498,0,16,2,20,,58208,10498,0,16,2
5501,'SE',624,,58217,2592,,,2,20,,58221,2592,,,2,15,,58223,2592,,,2,55,,58219,2592,,,2,15,,58218,2592,,,2,15,,58225,2592,,,2,15,,58222,2592,,,2,55,,58224,2592,,,2,20,,58220,2592,,,2
50000,'SE',1601,,63415,3687,,,2
50100,'SE',1506,,63418,5375,,,2,144,,63417,5375,,,2
53001,'SE',910,,63435,702,,,2
60600,'SE',1708,,63486,4641,,,2
65001,'SE',830,,63516,3136,,,2
