6101,'DI',724,,32655,12252,,,2,30,,32652,12252,,,2,72,,32658,12252,,,2,17,,32656,12252,,,2,70,,32653,12252,,,2,30,,32659,12252,,,2,70,,32657,12252,,,2,30,,32654,12252,,,2,70,,32660,12252,,,2,30,,32661,12252,,,2,70,,32665,12252,,,2,30,,32669,12252,,,2,70,,32662,12252,,,2,30,,32666,12252,,,2,70,,32670,12252,,,2,30,,32663,12252,,,2,70,,32667,12252,,,2,30,,32671,12252,,,2,70,,32664,12252,,,2,34,,32668,12252,,,2,61,,32672,12252,,,2,35,,32674,12252,,,2,60,,32677,12252,,,2,40,,32673,12252,,,2,65,,32675,12252,,,2,30,,32678,12252,,,2,85,,32676,12252,,,2,100,,32679,12252,,,2,100,,32680,12252,,,2,100,,32681,12252,,,2
6101,'F8',724,,32803,12252,,,2,30,,32800,12252,,,2,72,,32806,12252,,,2,17,,32804,12252,,,2,70,,32801,12252,,,2,30,,32807,12252,,,2,70,,32805,12252,,,2,30,,32802,12252,,,2,70,,32808,12252,,,2,30,,32809,12252,,,2,70,,32813,12252,,,2,30,,32815,12252,,,2,70,,32810,12252,,,2,30,,32814,12252,,,2,70,,32816,12252,,,2,30,,32811,12252,,,2,70,,32817,12252,,,2,30,,32821,12252,,,2,70,,32812,12252,,,2,34,,32818,12252,,,2,61,,32822,12252,,,2,35,,32824,12252,,,2,60,,32819,12252,,,2,40,,32823,12252,,,2,65,,32825,12252,,,2,30,,32820,12252,,,2,85,,32826,12252,,,2,100,,32828,12252,,,2,100,,32827,12252,,,2,100,,32830,12252,,,2
6101,'F9',724,,32835,12252,,,2,30,,32832,12252,,,2,72,,32838,12252,,,2,17,,32836,12252,,,2,70,,32833,12252,,,2,30,,32839,12252,,,2,70,,32837,12252,,,2,30,,32834,12252,,,2,70,,32840,12252,,,2,30,,32841,12252,,,2,70,,32845,12252,,,2,30,,32849,12252,,,2,70,,32842,12252,,,2,30,,32846,12252,,,2,70,,32850,12252,,,2,30,,32843,12252,,,2,70,,32847,12252,,,2,30,,32851,12252,,,2,70,,32844,12252,,,2,34,,32848,12252,,,2,61,,32852,12252,,,2,35,,32854,12252,,,2,60,,32857,12252,,,2,40,,32853,12252,,,2,65,,32855,12252,,,2,30,,32858,12252,,,2,85,,32856,12252,,,2,100,,32859,12252,,,2,100,,32860,12252,,,2,100,,32861,12252,,,2
6101,'SA',724,,32867,12252,,,2,30,,32864,12252,,,2,72,,32870,12252,,,2,17,,32868,12252,,,2,70,,32865,12252,,,2,30,,32871,12252,,,2,70,,32869,12252,,,2,30,,32866,12252,,,2,70,,32872,12252,,,2,30,,32873,12252,,,2,70,,32877,12252,,,2,30,,32879,12252,,,2,70,,32874,12252,,,2,30,,32878,12252,,,2,70,,32880,12252,,,2,30,,32875,12252,,,2,70,,32881,12252,,,2,30,,32885,12252,,,2,70,,32876,12252,,,2,34,,32882,12252,,,2,61,,32886,12252,,,2,35,,32888,12252,,,2,60,,32883,12252,,,2,40,,32887,12252,,,2,65,,32889,12252,,,2,30,,32884,12252,,,2,85,,32890,12252,,,2,100,,32892,12252,,,2,100,,32891,12252,,,2,100,,32894,12252,,,2
6101,'SE',604,,32945,12252,,,2,30,,32947,12252,,,2,10,,32900,12252,,,2,56,,32903,12252,,,2,9,,32897,12252,,,2,14,,32906,12252,,,2,15,,32896,12252,,,2,7,,32910,12252,,,2,56,,32904,12252,,,2,9,,32909,12252,,,2,19,,32901,12252,,,2,24,,32898,12252,,,2,62,,32907,12252,,,2,15,,32911,12252,,,2,76,,32902,12252,,,2,30,,32899,12252,,,2,70,,32908,12252,,,2,32,,32946,12252,,,2,70,,32905,12252,,,2,30,,32912,12252,,,2,72,,32916,12252,,,2,30,,32913,12252,,,2,70,,32914,12252,,,2,33,,32918,12252,,,2,61,,32920,12252,,,2,27,,32923,12252,,,2,23,,32915,12252,,,2,60,,32917,12252,,,2,24,,32925,12252,,,2,4,,32927,12252,,,2,65,,32921,12252,,,2,7,,32922,12252,,,2,14,,32928,12252,,,2,13,,32929,12252,,,2,14,,32919,12252,,,2,54,,32932,12252,,,2,6,,32935,12252,,,2,14,,32926,12252,,,2,14,,32924,12252,,,2,64,,32937,12252,,,2,24,,32930,12252,,,2,28,,32940,12252,,,2,68,,32943,12252,,,2,30,,32933,12252,,,2,69,,32936,12252,,,2,29,,32944,12252,,,2,70,,32931,12252,,,2,29,,32941,12252,,,2,70,,32938,12252,,,2
16101,'DI',559,,38767,3719,0,35 36,2,1172,,38766,3719,0,35 36,2
16101,'F8',559,,38824,3719,0,35 36,2,1172,,38825,3719,0,35 36,2
16101,'F9',559,,38838,3719,0,35 36,2,1172,,38837,3719,0,35 36,2
16101,'SA',559,,38849,3719,0,35 36,2,1172,,38850,3719,0,35 36,2
16101,'SE',635,,38867,3719,0,35 36,2,73,,38865,3719,0,35 36,2,32,,38868,3719,0,35 36,2,502,,38864,3719,0,35 36,2,372,,38870,3719,0,35 36,2,36,,38866,3719,0,35 36,2,78,,38869,3719,0,35 36,2
