400,'DI',638,,52309,16220,,,1,69,,52302,16220,,,1,30,,52320,16220,,,1,70,,52312,16220,,,1,30,,52310,16220,,,1,72,,52303,16220,,,1,30,,52321,16220,,,1,72,,52313,16220,,,1,30,,52323,16220,,,1,70,,52304,16220,,,1,32,,52322,16220,,,1,70,,52314,16220,,,1,27,,52324,16220,,,1,71,,52305,16220,,,1,32,,52329,16220,,,1,70,,52327,16220,,,1,28,,52317,16220,,,1,71,,52306,16220,,,1,29,,52325,16220,,,1,70,,52330,16220,,,1,32,,52315,16220,,,1,70,,52307,16220,,,1,30,,52326,16220,,,1,70,,52331,16220,,,1,31,,52316,16220,,,1,68,,52318,16220,,,1,30,,52332,16220,,,1,70,,52328,16220,,,1,30,,52333,16220,,,1,70,,52319,16220,,,1,30,,52311,16220,,,1,70,,52334,16220,,,1,30,,52336,16220,,,1,100,,52335,16220,,,1,100,,52308,16220,,,1
400,'F1',638,,52344,16220,,,1,69,,52337,16220,,,1,30,,52355,16220,,,1,70,,52347,16220,,,1,30,,52345,16220,,,1,72,,52338,16220,,,1,30,,52356,16220,,,1,72,,52348,16220,,,1,30,,52358,16220,,,1,70,,52339,16220,,,1,32,,52357,16220,,,1,70,,52349,16220,,,1,27,,52359,16220,,,1,71,,52340,16220,,,1,32,,52364,16220,,,1,70,,52362,16220,,,1,28,,52352,16220,,,1,71,,52341,16220,,,1,29,,52360,16220,,,1,70,,52365,16220,,,1,32,,52350,16220,,,1,70,,52342,16220,,,1,30,,52361,16220,,,1,70,,52366,16220,,,1,31,,52351,16220,,,1,68,,52353,16220,,,1,30,,52367,16220,,,1,70,,52363,16220,,,1,30,,52368,16220,,,1,70,,52354,16220,,,1,30,,52346,16220,,,1,70,,52369,16220,,,1,30,,52371,16220,,,1,100,,52370,16220,,,1,100,,52343,16220,,,1
400,'F2',638,,52373,16220,,,1,69,,52391,16220,,,1,30,,52375,16220,,,1,70,,52380,16220,,,1,30,,52374,16220,,,1,72,,52392,16220,,,1,30,,52376,16220,,,1,72,,52381,16220,,,1,31,,52383,16220,,,1,70,,52393,16220,,,1,31,,52377,16220,,,1,70,,52382,16220,,,1,30,,52399,16220,,,1,70,,52397,16220,,,1,30,,52372,16220,,,1,70,,52384,16220,,,1,30,,52390,16220,,,1,70,,52385,16220,,,1,30,,52395,16220,,,1,70,,52378,16220,,,1,30,,52398,16220,,,1,70,,52394,16220,,,1,30,,52379,16220,,,1,70,,52387,16220,,,1,29,,52389,16220,,,1,70,,52401,16220,,,1,30,,52386,16220,,,1,70,,52404,16220,,,1,30,,52402,16220,,,1,70,,52403,16220,,,1,30,,52396,16220,,,1,70,,52405,16220,,,1,30,,52406,16220,,,1,100,,52400,16220,,,1,100,,52388,16220,,,1
400,'SA',638,,52408,16220,,,1,69,,52426,16220,,,1,30,,52410,16220,,,1,70,,52415,16220,,,1,30,,52409,16220,,,1,72,,52427,16220,,,1,30,,52411,16220,,,1,72,,52416,16220,,,1,31,,52418,16220,,,1,70,,52428,16220,,,1,31,,52412,16220,,,1,70,,52417,16220,,,1,30,,52434,16220,,,1,70,,52432,16220,,,1,30,,52407,16220,,,1,70,,52419,16220,,,1,30,,52425,16220,,,1,70,,52420,16220,,,1,30,,52430,16220,,,1,70,,52413,16220,,,1,30,,52433,16220,,,1,70,,52429,16220,,,1,30,,52414,16220,,,1,70,,52422,16220,,,1,29,,52424,16220,,,1,70,,52436,16220,,,1,30,,52421,16220,,,1,70,,52439,16220,,,1,30,,52437,16220,,,1,70,,52438,16220,,,1,30,,52431,16220,,,1,70,,52440,16220,,,1,30,,52441,16220,,,1,100,,52435,16220,,,1,100,,52423,16220,,,1
400,'SE',541,,52473,16220,,,1,65,,52469,16220,,,1,28,,52468,16220,,,1,20,,52475,16220,,,1,55,,52476,16220,,,1,20,,52467,16220,,,1,26,,52478,16220,,,1,60,,52470,16220,,,1,24,,52479,16220,,,1,9,,52483,16220,,,1,72,,52474,16220,,,1,13,,52453,16220,,,1,23,,52442,16220,,,1,70,,52455,16220,,,1,30,,52447,16220,,,1,70,,52448,16220,,,1,30,,52449,16220,,,1,70,,52451,16220,,,1,30,,52460,16220,,,1,70,,52461,16220,,,1,30,,52450,16220,,,1,69,,52446,16220,,,1,29,,52443,16220,,,1,73,,52477,16220,,,1,26,,52482,16220,,,1,76,,52480,16220,,,1,30,,52471,16220,,,1,70,,52472,16220,,,1,29,,52481,16220,,,1,64,,52459,16220,,,1,20,,52454,16220,,,1,71,,52464,16220,,,1,34,,52457,16220,,,1,70,,52444,16220,,,1,30,,52463,16220,,,1,68,,52465,16220,,,1,30,,52462,16220,,,1,70,,52452,16220,,,1,27,,52458,16220,,,1,70,,52466,16220,,,1,100,,52456,16220,,,1
7701,'DI',823,,60045,10775,,,1,100,,60047,10775,,,1,100,,60046,10775,,,1,100,,60048,10775,,,1,100,,60049,10775,,,1,100,,60051,10775,,,1,100,,60050,10775,,,1,102,,60052,10775,,,1,100,,60043,10775,,,1,100,,60053,10775,,,1,100,,60044,10775,,,1,97,,60054,10775,,,1,98,,60055,10775,,,1,100,,60057,10775,,,1,100,,60056,10775,,,1
7701,'F1',823,,60060,10775,,,1,100,,60062,10775,,,1,100,,60061,10775,,,1,100,,60063,10775,,,1,100,,60064,10775,,,1,100,,60066,10775,,,1,100,,60065,10775,,,1,102,,60067,10775,,,1,100,,60058,10775,,,1,100,,60068,10775,,,1,100,,60059,10775,,,1,97,,60069,10775,,,1,98,,60070,10775,,,1,100,,60072,10775,,,1,100,,60071,10775,,,1
7701,'F2',823,,60073,10775,,,1,100,,60075,10775,,,1,100,,60074,10775,,,1,100,,60076,10775,,,1,100,,60078,10775,,,1,100,,60077,10775,,,1,100,,60079,10775,,,1,102,,60080,10775,,,1,100,,60081,10775,,,1,100,,60083,10775,,,1,100,,60082,10775,,,1,97,,60084,10775,,,1,98,,60085,10775,,,1,100,,60087,10775,,,1,100,,60086,10775,,,1
7701,'SA',823,,60088,10775,,,1,100,,60090,10775,,,1,100,,60089,10775,,,1,100,,60091,10775,,,1,100,,60093,10775,,,1,100,,60092,10775,,,1,100,,60094,10775,,,1,102,,60095,10775,,,1,100,,60096,10775,,,1,100,,60098,10775,,,1,100,,60097,10775,,,1,97,,60099,10775,,,1,98,,60100,10775,,,1,100,,60102,10775,,,1,100,,60101,10775,,,1
7701,'SE',644,,60103,10775,,,1,11,,60106,10775,,,1,47,,60124,10775,,,1,7,,60107,10775,,,1,10,,60108,10775,,,1,5,,60111,10775,,,1,6,,60112,10775,,,1,18,,60113,10775,,,1,72,,60126,10775,,,1,30,,60104,10775,,,1,67,,60125,10775,,,1,4,,60109,10775,,,1,32,,60114,10775,,,1,70,,60127,10775,,,1,30,,60105,10775,,,1,70,,60110,10775,,,1,30,,60115,10775,,,1,72,,60128,10775,,,1,29,,60129,10775,,,1,71,,60130,10775,,,1,33,,60116,10775,,,1,70,,60131,10775,,,1,30,,60118,10775,,,1,69,,60122,10775,,,1,73,,60117,10775,,,1,30,,60134,10775,,,1,71,,60119,10775,,,1,25,,60123,10775,,,1,30,,60137,10775,,,1,74,,60120,10775,,,1,70,,60135,10775,,,1,28,,60132,10775,,,1,29,,60138,10775,,,1,70,,60121,10775,,,1,32,,60136,10775,,,1,67,,60133,10775,,,1,26,,60139,10775,,,1
42101,'SE',606,,62811,6833,,,1,37,,62809,6833,,,1,65,,62808,6833,,,1,22,,62819,6833,,,1,17,,62812,6833,,,1,72,,62817,6833,,,1,722,,62813,6833,,,1,75,,62820,6833,,,1,20,,62818,6833,,,1,70,,62816,6833,,,1,30,,62814,6833,,,1,69,,62815,6833,,,1,534,,62807,6833,,,1
60700,'SE',1606,,63487,2656,,,2,1,,63488,2656,,,2
90101,'DI',620,,63792,18453,,,1,30,,63797,18453,,,1,70,,63791,18453,,,1,30,,63807,18453,,,1,73,,63804,18453,,,1,32,,63798,18453,,,1,72,,63786,18453,,,1,31,,63793,18453,,,1,70,,63789,18453,,,1,30,,63808,18453,,,1,71,,63805,18453,,,1,30,,63803,18453,,,1,71,,63794,18453,,,1,73,,63811,18453,,,1,28,,63800,18453,,,1,70,,63809,18453,,,1,29,,63781,18453,,,1,25,,63795,18453,,,1,75,,63787,18453,,,1,70,,63779,18453,,,1,31,,63810,18453,,,1,70,,63783,18453,,,1,30,,63799,18453,,,1,28,,63790,18453,,,1,70,,63780,18453,,,1,28,,63806,18453,,,1,75,,63788,18453,,,1,104,,63785,18453,,,1,97,,63801,18453,,,1,100,,63782,18453,,,1,100,,63784,18453,,,1,100,,63796,18453,,,1,100,,63802,18453,,,1
90101,'F1',620,,63825,18453,,,1,30,,63830,18453,,,1,70,,63824,18453,,,1,30,,63840,18453,,,1,73,,63837,18453,,,1,32,,63831,18453,,,1,72,,63819,18453,,,1,31,,63826,18453,,,1,70,,63822,18453,,,1,30,,63841,18453,,,1,71,,63838,18453,,,1,30,,63836,18453,,,1,71,,63827,18453,,,1,73,,63844,18453,,,1,28,,63833,18453,,,1,70,,63842,18453,,,1,29,,63814,18453,,,1,25,,63828,18453,,,1,75,,63820,18453,,,1,70,,63812,18453,,,1,31,,63843,18453,,,1,70,,63816,18453,,,1,30,,63832,18453,,,1,28,,63823,18453,,,1,70,,63813,18453,,,1,28,,63839,18453,,,1,75,,63821,18453,,,1,104,,63818,18453,,,1,97,,63834,18453,,,1,100,,63815,18453,,,1,100,,63817,18453,,,1,100,,63829,18453,,,1,100,,63835,18453,,,1
90101,'F2',620,,63860,18453,,,1,30,,63869,18453,,,1,70,,63864,18453,,,1,30,,63866,18453,,,1,73,,63872,18453,,,1,32,,63863,18453,,,1,72,,63861,18453,,,1,31,,63868,18453,,,1,70,,63874,18453,,,1,30,,63849,18453,,,1,71,,63862,18453,,,1,30,,63873,18453,,,1,71,,63865,18453,,,1,73,,63875,18453,,,1,28,,63854,18453,,,1,70,,63851,18453,,,1,29,,63845,18453,,,1,25,,63858,18453,,,1,75,,63876,18453,,,1,70,,63855,18453,,,1,31,,63852,18453,,,1,70,,63846,18453,,,1,30,,63847,18453,,,1,28,,63870,18453,,,1,70,,63856,18453,,,1,28,,63850,18453,,,1,75,,63859,18453,,,1,104,,63877,18453,,,1,97,,63853,18453,,,1,100,,63867,18453,,,1,100,,63857,18453,,,1,100,,63848,18453,,,1,100,,63871,18453,,,1
90101,'SA',620,,63893,18453,,,1,30,,63902,18453,,,1,70,,63897,18453,,,1,30,,63899,18453,,,1,73,,63905,18453,,,1,32,,63896,18453,,,1,72,,63894,18453,,,1,31,,63901,18453,,,1,70,,63907,18453,,,1,30,,63882,18453,,,1,71,,63895,18453,,,1,30,,63906,18453,,,1,71,,63898,18453,,,1,73,,63908,18453,,,1,28,,63887,18453,,,1,70,,63884,18453,,,1,29,,63878,18453,,,1,25,,63891,18453,,,1,75,,63909,18453,,,1,70,,63888,18453,,,1,31,,63885,18453,,,1,70,,63879,18453,,,1,30,,63880,18453,,,1,28,,63903,18453,,,1,70,,63889,18453,,,1,28,,63883,18453,,,1,75,,63892,18453,,,1,104,,63910,18453,,,1,97,,63886,18453,,,1,100,,63900,18453,,,1,100,,63890,18453,,,1,100,,63881,18453,,,1,100,,63904,18453,,,1
90101,'SE',603,,63942,18453,,,1,30,,63945,18453,,,1,16,,63949,18453,,,1,55,,63917,18453,,,1,15,,63939,18453,,,1,15,,63919,18453,,,1,15,,63924,18453,,,1,10,,63948,18453,,,1,55,,63922,18453,,,1,10,,63927,18453,,,1,10,,63943,18453,,,1,12,,63914,18453,,,1,8,,63918,18453,,,1,5,,63944,18453,,,1,50,,63946,18453,,,1,10,,63920,18453,,,1,12,,63954,18453,,,1,15,,63941,18453,,,1,12,,63923,18453,,,1,60,,63925,18453,,,1,20,,63950,18453,,,1,20,,63928,18453,,,1,60,,63915,18453,,,1,20,,63947,18453,,,1,20,,63955,18453,,,1,60,,63911,18453,,,1,20,,63913,18453,,,1,20,,63926,18453,,,1,60,,63921,18453,,,1,20,,63929,18453,,,1,20,,63916,18453,,,1,60,,63958,18453,,,1,20,,63956,18453,,,1,20,,63930,18453,,,1,60,,63940,18453,,,1,23,,63953,18453,,,1,60,,63957,18453,,,1,20,,63931,18453,,,1,20,,63951,18453,,,1,70,,63959,18453,,,1,29,,63961,18453,,,1,73,,63963,18453,,,1,28,,63933,18453,,,1,72,,63952,18453,,,1,30,,63960,18453,,,1,63,,63935,18453,,,1,30,,63912,18453,,,1,70,,63962,18453,,,1,31,,63964,18453,,,1,70,,63932,18453,,,1,30,,63936,18453,,,1,70,,63937,18453,,,1,100,,63965,18453,,,1,100,,63934,18453,,,1,100,,63938,18453,,,1
