1001,'DI',645,,23694,7948,,,1,67,,23668,7948,,,1,30,,23695,7948,,,1,70,,23693,7948,,,1,30,,23686,7948,,,1,78,,23669,7948,,,1,30,,23687,7948,,,1,70,,23670,7948,,,1,30,,23688,7948,,,1,70,,23671,7948,,,1,30,,23689,7948,,,1,70,,23672,7948,,,1,30,,23690,7948,,,1,70,,23673,7948,,,1,30,,23691,7948,,,1,70,,23674,7948,,,1,30,,23692,7948,,,1,70,,23675,7948,,,1,30,,23696,7948,,,1,70,,23676,7948,,,1,30,,23697,7948,,,1,70,,23677,7948,,,1,30,,23698,7948,,,1,70,,23678,7948,,,1,30,,23699,7948,,,1,81,,23679,7948,,,1,100,,23680,7948,,,1,100,,23681,7948,,,1,100,,23682,7948,,,1,100,,23683,7948,,,1,100,,23684,7948,,,1
1001,'F8',543,,23776,7948,,,1,96,,23777,7948,,,1,70,,23772,7948,,,1,30,,23766,7948,,,1,70,,23779,7948,,,1,30,,23778,7948,,,1,78,,23788,7948,,,1,32,,23787,7948,,,1,70,,23789,7948,,,1,30,,23795,7948,,,1,70,,23790,7948,,,1,30,,23796,7948,,,1,70,,23780,7948,,,1,32,,23797,7948,,,1,70,,23781,7948,,,1,29,,23798,7948,,,1,70,,23782,7948,,,1,30,,23767,7948,,,1,70,,23783,7948,,,1,30,,23768,7948,,,1,70,,23784,7948,,,1,30,,23769,7948,,,1,69,,23785,7948,,,1,31,,23770,7948,,,1,70,,23786,7948,,,1,30,,23771,7948,,,1,81,,23791,7948,,,1,100,,23792,7948,,,1,100,,23793,7948,,,1,100,,23794,7948,,,1,100,,23773,7948,,,1,100,,23774,7948,,,1
1001,'F9',645,,23825,7948,,,1,67,,23799,7948,,,1,30,,23826,7948,,,1,70,,23824,7948,,,1,30,,23817,7948,,,1,78,,23800,7948,,,1,30,,23818,7948,,,1,70,,23801,7948,,,1,30,,23819,7948,,,1,70,,23802,7948,,,1,30,,23820,7948,,,1,70,,23803,7948,,,1,30,,23821,7948,,,1,70,,23804,7948,,,1,30,,23822,7948,,,1,70,,23805,7948,,,1,30,,23823,7948,,,1,70,,23806,7948,,,1,30,,23827,7948,,,1,70,,23807,7948,,,1,30,,23828,7948,,,1,70,,23808,7948,,,1,30,,23829,7948,,,1,70,,23809,7948,,,1,30,,23830,7948,,,1,81,,23810,7948,,,1,100,,23811,7948,,,1,100,,23812,7948,,,1,100,,23813,7948,,,1,100,,23814,7948,,,1,100,,23815,7948,,,1
1001,'SA',543,,23841,7948,,,1,96,,23842,7948,,,1,70,,23837,7948,,,1,30,,23831,7948,,,1,70,,23844,7948,,,1,30,,23843,7948,,,1,78,,23853,7948,,,1,32,,23852,7948,,,1,70,,23854,7948,,,1,30,,23860,7948,,,1,70,,23855,7948,,,1,30,,23861,7948,,,1,70,,23845,7948,,,1,32,,23862,7948,,,1,70,,23846,7948,,,1,29,,23863,7948,,,1,70,,23847,7948,,,1,30,,23832,7948,,,1,70,,23848,7948,,,1,30,,23833,7948,,,1,70,,23849,7948,,,1,30,,23834,7948,,,1,69,,23850,7948,,,1,31,,23835,7948,,,1,70,,23851,7948,,,1,30,,23836,7948,,,1,81,,23856,7948,,,1,100,,23857,7948,,,1,100,,23858,7948,,,1,100,,23859,7948,,,1,100,,23838,7948,,,1,100,,23839,7948,,,1
7801,'SE',558,,35386,5030,,,2,70,,35381,5030,,,2,31,,35388,5030,,,2,70,,35382,5030,,,2,73,,35379,5030,,,2,25,,35383,5030,,,2,28,,35380,5030,,,2,753,,35384,5030,,,2,32,,35389,5030,,,2,72,,35387,5030,,,2,33,,35378,5030,,,2,64,,35385,5030,,,2
12001,'SE',612,,37601,6046,,,2,31,,37607,6046,,,2,66,,37599,6046,,,2,38,,37608,6046,,,2,70,,37600,6046,,,2,32,,37602,6046,,,2,796,,37603,6046,,,2,70,,37604,6046,,,2,35,,37609,6046,,,2,62,,37606,6046,,,2,28,,37605,6046,,,2
16101,'DI',623,,38767,13856,,,2,30,,38758,9134,,,2,70,,38755,9134,,,2,30,,38765,9134,,,2,70,,38759,9134,,,2,30,,38760,9134,,,2,70,,38762,9134,,,2,702,,38756,9134,,,2,28,,38761,9134,,,2,72,,38757,9134,,,2,30,,38766,13856,,,2,70,,38764,9134,,,2,32,,38763,9134,,,2
16101,'F8',623,,38824,13856,,,2,30,,38820,9134,,,2,70,,38817,9134,,,2,30,,38818,9134,,,2,70,,38815,9134,,,2,30,,38821,9134,,,2,70,,38819,9134,,,2,700,,38816,9134,,,2,31,,38813,9134,,,2,71,,38822,9134,,,2,30,,38825,13856,,,2,71,,38814,9134,,,2,31,,38823,9134,,,2
16101,'F9',623,,38838,13856,,,2,30,,38829,9134,,,2,70,,38826,9134,,,2,30,,38836,9134,,,2,70,,38830,9134,,,2,30,,38831,9134,,,2,70,,38833,9134,,,2,702,,38827,9134,,,2,28,,38832,9134,,,2,72,,38828,9134,,,2,30,,38837,13856,,,2,70,,38835,9134,,,2,32,,38834,9134,,,2
16101,'SA',623,,38849,13856,,,2,30,,17011,9134,,,2,70,,38843,9134,,,2,30,,38844,9134,,,2,70,,38841,9134,,,2,30,,38846,9134,,,2,70,,38845,9134,,,2,700,,38842,9134,,,2,31,,38839,9134,,,2,71,,38847,9134,,,2,30,,38850,13856,,,2,71,,38840,9134,,,2,31,,38848,9134,,,2
16101,'SE',616,,38858,9134,,,2,20,,38853,9134,,,2,66,,38867,13856,,,2,20,,38856,9134,,,2,13,,38865,13856,,,2,17,,38860,9134,,,2,56,,38868,13856,,,2,16,,38855,9134,,,2,23,,38859,9134,,,2,59,,38863,9134,,,2,17,,38852,9134,,,2,20,,38851,9134,,,2,367,,38864,13856,,,2,332,,38870,13856,,,2,15,,38861,9134,,,2,61,,38866,13856,,,2,20,,38854,9134,,,2,18,,38869,13856,,,2,60,,38862,9134,,,2,19,,38857,9134,,,2
41001,'SE',511,,39359,7948,,,2,30,,39352,7948,,,2,60,,39333,7948,,,2,23,,39329,7948,,,2,20,,39353,7948,,,2,13,,39365,7948,,,2,50,,39339,7948,,,2,8,,39330,7948,,,2,7,,39334,7948,,,2,10,,39351,7948,,,2,6,,39367,7948,,,2,2,,39341,7948,,,2,8,,39354,7948,,,2,3,,39343,7948,,,2,5,,39357,7948,,,2,50,,39323,7948,,,2,13,,39366,7948,,,2,11,,39324,7948,,,2,14,,39368,7948,,,2,56,,39344,7948,,,2,18,,39356,7948,,,2,30,,39348,7948,,,2,70,,39335,7948,,,2,30,,39360,7948,,,2,70,,39325,7948,,,2,30,,39361,7948,,,2,70,,39336,7948,,,2,30,,39362,7948,,,2,70,,39326,7948,,,2,30,,39342,7948,,,2,70,,39337,7948,,,2,31,,39347,7948,,,2,78,,39327,7948,,,2,26,,39346,7948,,,2,69,,39328,7948,,,2,15,,39370,7948,,,2,15,,39379,7948,,,2,55,,39349,7948,,,2,13,,39377,7948,,,2,8,,39338,7948,,,2,9,,39371,7948,,,2,10,,39374,7948,,,2,10,,39380,7948,,,2,55,,39350,7948,,,2,29,,39372,7948,,,2,78,,39358,7948,,,2,28,,39375,7948,,,2,69,,39321,7948,,,2,30,,39331,7948,,,2,70,,39322,7948,,,2,30,,39376,7948,,,2,70,,39345,7948,,,2,30,,39363,7948,,,2,70,,39340,7948,,,2,30,,39364,7948,,,2,100,,39382,7948,,,2
41701,'SE',531,,39594,8084,,,2,20,,39592,8084,,,2,60,,39593,8084,,,2,23,,39566,8084,,,2,18,,39567,8084,,,2,53,,39584,8084,,,2,8,,39576,8084,,,2,7,,39585,8084,,,2,9,,39579,8084,,,2,8,,39588,8084,,,2,6,,39601,8084,,,2,4,,39574,8084,,,2,3,,39609,8084,,,2,3,,39568,8084,,,2,48,,39608,8084,,,2,10,,39589,8084,,,2,14,,39570,8084,,,2,12,,39590,8084,,,2,16,,39591,8084,,,2,56,,39569,8084,,,2,24,,39571,8084,,,2,69,,39602,8084,,,2,30,,39572,8084,,,2,70,,39603,8084,,,2,30,,39573,8084,,,2,70,,39604,8084,,,2,30,,39610,8084,,,2,71,,39605,8084,,,2,30,,39611,8084,,,2,70,,39606,8084,,,2,30,,39612,8084,,,2,70,,39607,8084,,,2,29,,39583,8084,,,2,3,,39615,8084,,,2,5,,39613,8084,,,2,68,,39577,8084,,,2,22,,39587,8084,,,2,14,,39621,8084,,,2,15,,39578,8084,,,2,52,,39595,8084,,,2,11,,39582,8084,,,2,7,,39619,8084,,,2,10,,39623,8084,,,2,10,,39628,8084,,,2,52,,39580,8084,,,2,13,,39616,8084,,,2,15,,39620,8084,,,2,20,,39614,8084,,,2,60,,39617,8084,,,2,24,,39565,8084,,,2,68,,39618,8084,,,2,30,,39596,8084,,,2,70,,39624,8084,,,2,30,,39622,8084,,,2,70,,39625,8084,,,2,29,,39598,8084,,,2,70,,39626,8084,,,2,29,,39599,8084,,,2,30,,39627,8084,,,2,69,,39600,8084,,,2,30,,39629,8084,,,2
