800,'DI',616,,22786,13439,,,1,34,,22781,13439,,,1,70,,2441,13439,,,1,30,,2447,13439,,,1,70,,22787,13439,,,1,30,,22782,13439,,,1,75,,2442,13439,,,1,30,,2448,13439,,,1,70,,22788,13439,,,1,30,,22783,13439,,,1,70,,2443,13439,,,1,30,,2449,13439,,,1,72,,22789,13439,,,1,30,,2436,13439,,,1,70,,2444,13439,,,1,30,,2450,13439,,,1,70,,22790,13439,,,1,30,,22784,13439,,,1,70,,2445,13439,,,1,29,,22793,13439,,,1,70,,22791,13439,,,1,30,,22785,13439,,,1,67,,2446,13439,,,1,30,,22794,13439,,,1,72,,22792,13439,,,1,83,,2437,13439,,,1,99,,22795,13439,,,1,100,,2438,13439,,,1,99,,22796,13439,,,1,100,,2439,13439,,,1,100,,22797,13439,,,1,100,,2440,13439,,,1,100,,22780,13439,,,1
800,'F8',618,,22955,13439,,,1,30,,22938,13439,,,1,72,,22951,13439,,,1,30,,22953,13439,,,1,71,,22956,13439,,,1,30,,22939,13439,,,1,70,,22952,13439,,,1,33,,22954,13439,,,1,70,,22957,13439,,,1,32,,22940,13439,,,1,70,,22946,13439,,,1,30,,22962,13439,,,1,68,,22958,13439,,,1,32,,22941,13439,,,1,70,,22947,13439,,,1,30,,22963,13439,,,1,70,,22959,13439,,,1,30,,22966,13439,,,1,70,,22948,13439,,,1,30,,22964,13439,,,1,70,,22960,13439,,,1,30,,22967,13439,,,1,70,,22949,13439,,,1,30,,22965,13439,,,1,71,,22961,13439,,,1,28,,22934,13439,,,1,70,,22950,13439,,,1,86,,22942,13439,,,1,96,,22935,13439,,,1,100,,22943,13439,,,1,100,,22936,13439,,,1,100,,22944,13439,,,1,100,,22937,13439,,,1,100,,22945,13439,,,1
800,'F9',616,,22989,13439,,,1,34,,22969,13439,,,1,70,,22977,13439,,,1,30,,22983,13439,,,1,70,,22990,13439,,,1,30,,22970,13439,,,1,75,,22978,13439,,,1,30,,22984,13439,,,1,70,,22991,13439,,,1,30,,22971,13439,,,1,70,,22979,13439,,,1,30,,22985,13439,,,1,72,,22992,13439,,,1,30,,22972,13439,,,1,70,,22980,13439,,,1,30,,22986,13439,,,1,70,,22993,13439,,,1,30,,22987,13439,,,1,70,,22981,13439,,,1,29,,22996,13439,,,1,70,,22994,13439,,,1,30,,22988,13439,,,1,67,,22982,13439,,,1,30,,22997,13439,,,1,72,,22995,13439,,,1,83,,22973,13439,,,1,99,,22998,13439,,,1,100,,22974,13439,,,1,99,,22999,13439,,,1,100,,22975,13439,,,1,100,,23000,13439,,,1,100,,22976,13439,,,1,100,,22968,13439,,,1
800,'SA',618,,23022,13439,,,1,30,,23005,13439,,,1,72,,23018,13439,,,1,30,,23020,13439,,,1,71,,23023,13439,,,1,30,,23006,13439,,,1,70,,23019,13439,,,1,33,,23021,13439,,,1,70,,23024,13439,,,1,32,,23007,13439,,,1,70,,23013,13439,,,1,30,,23029,13439,,,1,68,,23025,13439,,,1,32,,23008,13439,,,1,70,,23014,13439,,,1,30,,23030,13439,,,1,70,,23026,13439,,,1,30,,2660,13439,,,1,70,,23015,13439,,,1,30,,23031,13439,,,1,70,,23027,13439,,,1,30,,2661,13439,,,1,70,,23016,13439,,,1,30,,23032,13439,,,1,71,,23028,13439,,,1,28,,23001,13439,,,1,70,,23017,13439,,,1,86,,23009,13439,,,1,96,,23002,13439,,,1,100,,23010,13439,,,1,100,,23003,13439,,,1,100,,23011,13439,,,1,100,,23004,13439,,,1,100,,23012,13439,,,1
800,'SE',524,,23067,13439,,,1,28,,23069,13439,,,1,62,,23076,13439,,,1,43,,23033,13439,,,1,65,,23048,13439,,,1,2,,23049,13439,,,1,6,,23068,13439,,,1,21,,23070,13439,,,1,59,,23061,13439,,,1,13,,23036,13439,,,1,15,,23037,13439,,,1,15,,23040,13439,,,1,55,,23034,13439,,,1,17,,23050,13439,,,1,15,,23046,13439,,,1,14,,23071,13439,,,1,55,,23042,13439,,,1,15,,23095,13439,,,1,15,,23038,13439,,,1,15,,23041,13439,,,1,55,,23035,13439,,,1,15,,23047,13439,,,1,15,,23051,13439,,,1,17,,23079,13439,,,1,55,,23072,13439,,,1,15,,23080,13439,,,1,15,,23054,13439,,,1,15,,23098,13439,,,1,55,,23099,13439,,,1,15,,23096,13439,,,1,15,,23085,13439,,,1,15,,23083,13439,,,1,55,,23062,13439,,,1,15,,23043,13439,,,1,15,,23081,13439,,,1,18,,23039,13439,,,1,55,,23097,13439,,,1,17,,23084,13439,,,1,14,,23093,13439,,,1,4,,23055,13439,,,1,53,,23052,13439,,,1,15,,23088,13439,,,1,15,,23087,13439,,,1,15,,23073,13439,,,1,55,,23044,13439,,,1,12,,23082,13439,,,1,12,,23100,13439,,,1,13,,23086,13439,,,1,11,,23066,13439,,,1,9,,23065,13439,,,1,52,,23094,13439,,,1,9,,23053,13439,,,1,12,,23089,13439,,,1,12,,23059,13439,,,1,7,,23060,13439,,,1,50,,23077,13439,,,1,10,,23045,13439,,,1,20,,23063,13439,,,1,27,,23090,13439,,,1,68,,23074,13439,,,1,28,,23078,13439,,,1,68,,23064,13439,,,1,30,,23091,13439,,,1,70,,23075,13439,,,1,85,,23056,13439,,,1,100,,23092,13439,,,1,96,,23057,13439,,,1,100,,23058,13439,,,1
4200,'DI',629,,29423,8750,,,1,100,,29424,8750,,,1,100,,29425,8750,,,1,100,,29426,8750,,,1,100,,29427,8750,,,1,101,,29428,8750,,,1,100,,29429,8750,,,1,100,,29430,8750,,,1,100,,29431,8750,,,1,100,,29432,8750,,,1,100,,29433,8750,,,1,100,,29434,8750,,,1,100,,29435,8750,,,1,100,,29436,8750,,,1,98,,29437,8750,,,1,100,,29438,8750,,,1,100,,29439,8750,,,1,100,,29440,8750,,,1,100,,29441,8750,,,1,100,,29442,8750,,,1
4200,'F8',629,,29543,8750,,,1,100,,29544,8750,,,1,100,,29545,8750,,,1,100,,29526,8750,,,1,100,,29527,8750,,,1,101,,29528,8750,,,1,100,,29529,8750,,,1,100,,29530,8750,,,1,100,,29531,8750,,,1,100,,29532,8750,,,1,100,,29533,8750,,,1,100,,29534,8750,,,1,100,,29535,8750,,,1,100,,29536,8750,,,1,98,,29537,8750,,,1,100,,29538,8750,,,1,100,,29539,8750,,,1,100,,29540,8750,,,1,100,,29541,8750,,,1,100,,29542,8750,,,1
4200,'F9',629,,29546,8750,,,1,100,,29547,8750,,,1,100,,29548,8750,,,1,100,,29549,8750,,,1,100,,29550,8750,,,1,101,,29551,8750,,,1,100,,29552,8750,,,1,100,,29553,8750,,,1,100,,29554,8750,,,1,100,,29555,8750,,,1,100,,29556,8750,,,1,100,,29557,8750,,,1,100,,29558,8750,,,1,100,,29559,8750,,,1,98,,29560,8750,,,1,100,,29561,8750,,,1,100,,29562,8750,,,1,100,,29563,8750,,,1,100,,29564,8750,,,1,100,,29565,8750,,,1
4200,'SA',629,,29583,8750,,,1,100,,29584,8750,,,1,100,,29585,8750,,,1,100,,29566,8750,,,1,100,,29567,8750,,,1,101,,29568,8750,,,1,100,,29569,8750,,,1,100,,29570,8750,,,1,100,,29571,8750,,,1,100,,29572,8750,,,1,100,,29573,8750,,,1,100,,29574,8750,,,1,100,,29575,8750,,,1,100,,29576,8750,,,1,98,,29577,8750,,,1,100,,29578,8750,,,1,100,,29579,8750,,,1,100,,29580,8750,,,1,100,,29581,8750,,,1,100,,29582,8750,,,1
4200,'SE',611,,29614,8750,,,1,36,,29596,8750,,,1,72,,29599,8750,,,1,12,,29595,8750,,,1,6,,29597,8750,,,1,6,,29592,8750,,,1,6,,29593,8750,,,1,61,,29591,8750,,,1,21,,29600,8750,,,1,74,,29627,8750,,,1,30,,29628,8750,,,1,70,,29594,8750,,,1,30,,29618,8750,,,1,70,,29598,8750,,,1,30,,29623,8750,,,1,70,,29601,8750,,,1,30,,29624,8750,,,1,70,,29587,8750,,,1,30,,29604,8750,,,1,70,,29602,8750,,,1,30,,29616,8750,,,1,70,,29626,8750,,,1,33,,29605,8750,,,1,70,,29621,8750,,,1,28,,29619,8750,,,1,64,,29625,8750,,,1,15,,29622,8750,,,1,14,,29586,8750,,,1,14,,29620,8750,,,1,12,,29615,8750,,,1,55,,29617,8750,,,1,27,,29603,8750,,,1,70,,29606,8750,,,1,31,,29610,8750,,,1,74,,29607,8750,,,1,30,,29611,8750,,,1,68,,29608,8750,,,1,30,,29612,8750,,,1,70,,29609,8750,,,1,30,,29613,8750,,,1,91,,29588,8750,,,1,100,,29589,8750,,,1,100,,29590,8750,,,1
13200,'DI',850,,38037,9312,,,2,100,,38042,9312,,,2,100,,38038,9312,,,2,100,,38040,9312,,,2,100,,38043,9312,,,2,100,,38046,9312,,,2,100,,38044,9312,,,2,105,,38048,9312,,,2,95,,38047,9312,,,2,100,,38045,9312,,,2,101,,38049,9312,,,2,98,,38050,9312,,,2,100,,38041,9312,,,2,100,,38036,9312,,,2,100,,38051,9312,,,2,100,,38053,9312,,,2,100,,38039,9312,,,2,100,,38052,9312,,,2
13200,'F8',750,,38135,9312,,,2,100,,38122,9312,,,2,100,,38117,9312,,,2,103,,38118,9312,,,2,97,,38123,9312,,,2,104,,38119,9312,,,2,96,,38134,9312,,,2,104,,38124,9312,,,2,96,,38126,9312,,,2,100,,38120,9312,,,2,100,,38125,9312,,,2,101,,38127,9312,,,2,98,,38129,9312,,,2,100,,38128,9312,,,2,100,,38131,9312,,,2,100,,38130,9312,,,2,100,,38133,9312,,,2,100,,38132,9312,,,2,100,,38121,9312,,,2
13200,'F9',850,,38137,9312,,,2,100,,38142,9312,,,2,100,,38138,9312,,,2,100,,38140,9312,,,2,100,,38143,9312,,,2,100,,38146,9312,,,2,100,,38144,9312,,,2,105,,38148,9312,,,2,95,,38147,9312,,,2,100,,38145,9312,,,2,101,,38149,9312,,,2,98,,38150,9312,,,2,100,,38141,9312,,,2,100,,38136,9312,,,2,100,,38151,9312,,,2,100,,38153,9312,,,2,100,,38139,9312,,,2,100,,38152,9312,,,2
13200,'SA',750,,38172,9312,,,2,100,,38159,9312,,,2,100,,38154,9312,,,2,103,,38155,9312,,,2,97,,38160,9312,,,2,104,,38156,9312,,,2,96,,38171,9312,,,2,104,,38161,9312,,,2,96,,38163,9312,,,2,100,,38157,9312,,,2,100,,38162,9312,,,2,101,,38164,9312,,,2,98,,38166,9312,,,2,100,,38165,9312,,,2,100,,38168,9312,,,2,100,,38167,9312,,,2,100,,38170,9312,,,2,100,,38169,9312,,,2,100,,38158,9312,,,2
13200,'SE',658,,38182,9312,,,2,61,,38185,9312,,,2,11,,38174,9312,,,2,9,,38184,9312,,,2,4,,38178,9312,,,2,62,,38179,9312,,,2,18,,38183,9312,,,2,20,,38186,9312,,,2,79,,16412,9312,,,2,97,,38196,9312,,,2,99,,16418,9312,,,2,96,,38195,9312,,,2,100,,38187,9312,,,2,108,,38188,9312,,,2,95,,38180,9312,,,2,24,,38189,9312,,,2,60,,38192,9312,,,2,20,,38176,9312,,,2,23,,38181,9312,,,2,60,,38175,9312,,,2,20,,38190,9312,,,2,20,,38173,9312,,,2,61,,38177,9312,,,2,19,,38194,9312,,,2,19,,38191,9312,,,2,59,,38193,9312,,,2
44200,'SE',1630,,39998,12767,0,15,2,99,,39999,12767,0,15,2
