301,'DI',633,,698,9867,,,1,100,,20863,9867,,,1,100,,699,9867,,,1,100,,20864,9867,,,1,100,,700,9867,,,1,100,,20865,9867,,,1,100,,701,9867,,,1,100,,20866,9867,,,1,100,,702,9867,,,1,100,,703,9867,,,1,100,,704,9867,,,1,100,,705,9867,,,1,100,,706,9867,,,1,100,,20856,9867,,,1,100,,20857,9867,,,1,100,,20858,9867,,,1,100,,20859,9867,,,1,100,,20860,9867,,,1,100,,20861,9867,,,1
301,'F1',633,,43287,9867,,,1,100,,43303,9867,,,1,100,,43288,9867,,,1,100,,43304,9867,,,1,100,,43289,9867,,,1,100,,43305,9867,,,1,100,,43290,9867,,,1,100,,43306,9867,,,1,100,,43291,9867,,,1,100,,43292,9867,,,1,100,,43293,9867,,,1,100,,43294,9867,,,1,100,,43295,9867,,,1,100,,43296,9867,,,1,100,,43297,9867,,,1,100,,43298,9867,,,1,100,,43299,9867,,,1,100,,43300,9867,,,1,100,,43301,9867,,,1
301,'F2',603,,43307,9867,,,1,30,,43315,9867,,,1,70,,43308,9867,,,1,30,,43325,9867,,,1,70,,43309,9867,,,1,30,,43316,9867,,,1,70,,43310,9867,,,1,30,,43326,9867,,,1,70,,43311,9867,,,1,30,,43327,9867,,,1,70,,43312,9867,,,1,30,,43317,9867,,,1,70,,43313,9867,,,1,30,,43318,9867,,,1,70,,43314,9867,,,1,30,,43334,9867,,,1,70,,43328,9867,,,1,30,,43319,9867,,,1,70,,43329,9867,,,1,30,,43335,9867,,,1,70,,43330,9867,,,1,30,,43336,9867,,,1,70,,43331,9867,,,1,30,,43337,9867,,,1,70,,43332,9867,,,1,30,,43338,9867,,,1,100,,43339,9867,,,1,100,,43320,9867,,,1,100,,43321,9867,,,1,100,,43322,9867,,,1,100,,43323,9867,,,1,100,,43340,9867,,,1
301,'F8',603,,20979,9867,,,1,30,,20987,9867,,,1,70,,20980,9867,,,1,30,,20997,9867,,,1,70,,20981,9867,,,1,30,,20988,9867,,,1,70,,20982,9867,,,1,30,,20998,9867,,,1,70,,20983,9867,,,1,30,,20999,9867,,,1,70,,20984,9867,,,1,30,,20989,9867,,,1,70,,20985,9867,,,1,30,,20990,9867,,,1,70,,20986,9867,,,1,30,,21006,9867,,,1,70,,21000,9867,,,1,30,,20991,9867,,,1,70,,21001,9867,,,1,30,,21007,9867,,,1,70,,21002,9867,,,1,30,,21008,9867,,,1,70,,21003,9867,,,1,30,,21009,9867,,,1,70,,21004,9867,,,1,30,,21010,9867,,,1,100,,21011,9867,,,1,100,,20992,9867,,,1,100,,20993,9867,,,1,100,,20994,9867,,,1,100,,20995,9867,,,1,100,,21012,9867,,,1
301,'F9',633,,21013,9867,,,1,100,,21029,9867,,,1,100,,21014,9867,,,1,100,,21030,9867,,,1,100,,21015,9867,,,1,100,,21031,9867,,,1,100,,21016,9867,,,1,100,,21032,9867,,,1,100,,21017,9867,,,1,100,,21018,9867,,,1,100,,21019,9867,,,1,100,,21020,9867,,,1,100,,21021,9867,,,1,100,,21022,9867,,,1,100,,21023,9867,,,1,100,,21024,9867,,,1,100,,21025,9867,,,1,100,,21026,9867,,,1,100,,21027,9867,,,1
301,'SA',603,,21033,9867,,,1,30,,21041,9867,,,1,70,,21034,9867,,,1,30,,21051,9867,,,1,70,,21035,9867,,,1,30,,21042,9867,,,1,70,,21036,9867,,,1,30,,21052,9867,,,1,70,,21037,9867,,,1,30,,21053,9867,,,1,70,,21038,9867,,,1,30,,21043,9867,,,1,70,,21039,9867,,,1,30,,21044,9867,,,1,70,,21040,9867,,,1,30,,21054,9867,,,1,70,,847,9867,,,1,30,,21045,9867,,,1,70,,848,9867,,,1,30,,21055,9867,,,1,70,,849,9867,,,1,30,,21056,9867,,,1,70,,850,9867,,,1,30,,21057,9867,,,1,70,,851,9867,,,1,30,,21058,9867,,,1,100,,21059,9867,,,1,100,,21046,9867,,,1,100,,21047,9867,,,1,100,,21048,9867,,,1,100,,21049,9867,,,1,100,,21060,9867,,,1
301,'SE',521,,43341,9867,,,1,30,,43349,9867,,,1,386,,43351,9867,,,1,70,,43357,9867,,,1,30,,43352,9867,,,1,70,,43358,9867,,,1,30,,43353,9867,,,1,70,,43359,9867,,,1,30,,43354,9867,,,1,70,,43360,9867,,,1,30,,43355,9867,,,1,70,,43361,9867,,,1,30,,43350,9867,,,1,473,,43364,9867,,,1,27,,43342,9867,,,1,67,,43362,9867,,,1,30,,43343,9867,,,1,70,,43363,9867,,,1,30,,43344,9867,,,1,70,,43356,9867,,,1,30,,43345,9867,,,1,100,,43346,9867,,,1,100,,43347,9867,,,1
400,'DI',648,,21120,20830,,,1,69,,21106,20830,,,1,30,,21112,20830,,,1,70,,21124,20830,,,1,30,,21121,20830,,,1,72,,21107,20830,,,1,30,,21113,20830,,,1,72,,21127,20830,,,1,30,,21129,20830,,,1,70,,21108,20830,,,1,33,,21114,20830,,,1,70,,21128,20830,,,1,27,,21130,20830,,,1,71,,21109,20830,,,1,32,,21135,20830,,,1,70,,21136,20830,,,1,28,,21131,20830,,,1,71,,21110,20830,,,1,29,,21115,20830,,,1,70,,21138,20830,,,1,32,,21118,20830,,,1,70,,21111,20830,,,1,30,,21116,20830,,,1,70,,21139,20830,,,1,30,,21119,20830,,,1,68,,21132,20830,,,1,30,,21137,20830,,,1,70,,21134,20830,,,1,30,,21126,20830,,,1,70,,21133,20830,,,1,30,,21122,20830,,,1,70,,21105,20830,,,1,30,,21117,20830,,,1,100,,21123,20830,,,1,100,,21125,20830,,,1
400,'F1',648,,43400,20830,,,1,69,,43386,20830,,,1,30,,43392,20830,,,1,70,,43404,20830,,,1,30,,43401,20830,,,1,72,,43387,20830,,,1,30,,43393,20830,,,1,72,,43407,20830,,,1,30,,43409,20830,,,1,70,,43388,20830,,,1,33,,43394,20830,,,1,70,,43408,20830,,,1,27,,43410,20830,,,1,71,,43389,20830,,,1,32,,43415,20830,,,1,70,,43416,20830,,,1,28,,43411,20830,,,1,71,,43390,20830,,,1,29,,43395,20830,,,1,70,,43418,20830,,,1,32,,43398,20830,,,1,70,,43391,20830,,,1,30,,43396,20830,,,1,70,,43419,20830,,,1,30,,43399,20830,,,1,68,,43412,20830,,,1,30,,43417,20830,,,1,70,,43414,20830,,,1,30,,43406,20830,,,1,70,,43413,20830,,,1,30,,43402,20830,,,1,70,,43385,20830,,,1,30,,43397,20830,,,1,100,,43403,20830,,,1,100,,43405,20830,,,1
400,'F2',648,,43425,20830,,,1,69,,43421,20830,,,1,30,,43429,20830,,,1,70,,43430,20830,,,1,30,,43426,20830,,,1,72,,43422,20830,,,1,30,,43448,20830,,,1,72,,43431,20830,,,1,31,,43427,20830,,,1,70,,43423,20830,,,1,32,,43449,20830,,,1,70,,43432,20830,,,1,30,,43442,20830,,,1,70,,43453,20830,,,1,30,,43440,20830,,,1,70,,43452,20830,,,1,30,,43436,20830,,,1,70,,43420,20830,,,1,30,,43433,20830,,,1,70,,43443,20830,,,1,30,,43454,20830,,,1,70,,43451,20830,,,1,30,,43439,20830,,,1,70,,43445,20830,,,1,28,,43438,20830,,,1,70,,43428,20830,,,1,30,,43444,20830,,,1,70,,43435,20830,,,1,30,,43424,20830,,,1,70,,43447,20830,,,1,30,,43434,20830,,,1,70,,43446,20830,,,1,30,,43450,20830,,,1,100,,43441,20830,,,1,100,,43437,20830,,,1
400,'F8',648,,21254,20830,,,1,69,,21250,20830,,,1,30,,21258,20830,,,1,70,,21259,20830,,,1,30,,21255,20830,,,1,72,,21251,20830,,,1,30,,21277,20830,,,1,72,,21260,20830,,,1,31,,21256,20830,,,1,70,,21252,20830,,,1,32,,21278,20830,,,1,70,,21261,20830,,,1,30,,21271,20830,,,1,70,,21282,20830,,,1,30,,21269,20830,,,1,70,,21281,20830,,,1,30,,21265,20830,,,1,70,,21249,20830,,,1,30,,21262,20830,,,1,70,,21272,20830,,,1,30,,21283,20830,,,1,70,,21280,20830,,,1,30,,21268,20830,,,1,70,,21274,20830,,,1,28,,21267,20830,,,1,70,,21257,20830,,,1,30,,21273,20830,,,1,70,,21264,20830,,,1,30,,21253,20830,,,1,70,,21276,20830,,,1,30,,21263,20830,,,1,70,,21275,20830,,,1,30,,21279,20830,,,1,100,,21270,20830,,,1,100,,21266,20830,,,1
400,'F9',648,,21299,20830,,,1,69,,21285,20830,,,1,30,,21291,20830,,,1,70,,21303,20830,,,1,30,,21300,20830,,,1,72,,21286,20830,,,1,30,,21292,20830,,,1,72,,21306,20830,,,1,30,,21308,20830,,,1,70,,21287,20830,,,1,33,,21293,20830,,,1,70,,21307,20830,,,1,27,,21309,20830,,,1,71,,21288,20830,,,1,32,,21314,20830,,,1,70,,21315,20830,,,1,28,,21310,20830,,,1,71,,21289,20830,,,1,29,,21294,20830,,,1,70,,21317,20830,,,1,32,,21297,20830,,,1,70,,21290,20830,,,1,30,,21295,20830,,,1,70,,21318,20830,,,1,30,,21298,20830,,,1,68,,21311,20830,,,1,30,,21316,20830,,,1,70,,21313,20830,,,1,30,,21305,20830,,,1,70,,21312,20830,,,1,30,,21301,20830,,,1,70,,21284,20830,,,1,30,,21296,20830,,,1,100,,21302,20830,,,1,100,,21304,20830,,,1
400,'SA',648,,1101,20830,,,1,69,,21319,20830,,,1,30,,1103,20830,,,1,70,,1104,20830,,,1,30,,1102,20830,,,1,72,,21320,20830,,,1,30,,21339,20830,,,1,72,,1105,20830,,,1,31,,21323,20830,,,1,70,,21321,20830,,,1,32,,21340,20830,,,1,70,,1106,20830,,,1,30,,21333,20830,,,1,70,,21344,20830,,,1,30,,21331,20830,,,1,70,,21343,20830,,,1,30,,21327,20830,,,1,70,,1099,20830,,,1,30,,1107,20830,,,1,70,,21334,20830,,,1,30,,21345,20830,,,1,70,,21342,20830,,,1,30,,21330,20830,,,1,70,,21336,20830,,,1,28,,21329,20830,,,1,70,,21324,20830,,,1,30,,21335,20830,,,1,70,,21326,20830,,,1,30,,21322,20830,,,1,70,,21338,20830,,,1,30,,21325,20830,,,1,70,,21337,20830,,,1,30,,21341,20830,,,1,100,,21332,20830,,,1,100,,21328,20830,,,1
400,'SE',946,,43461,20830,,,1,63,,43455,20830,,,1,30,,43476,20830,,,1,70,,43465,20830,,,1,30,,43462,20830,,,1,70,,43459,20830,,,1,30,,43463,20830,,,1,70,,43469,20830,,,1,30,,43456,20830,,,1,70,,43458,20830,,,1,29,,43478,20830,,,1,397,,43457,20830,,,1,20,,43471,20830,,,1,71,,43472,20830,,,1,74,,43460,20830,,,1,30,,43475,20830,,,1,70,,43467,20830,,,1,27,,43468,20830,,,1,30,,43479,20830,,,1,70,,43466,20830,,,1,27,,43477,20830,,,1,70,,43474,20830,,,1,100,,43473,20830,,,1
1901,'DI',603,,25993,14206,,,2,100,,25994,14206,,,2,100,,25995,14206,,,2,100,,25996,14206,,,2,104,,25997,14206,,,2,100,,25998,14206,,,2,100,,25999,14206,,,2,100,,26000,14206,,,2,100,,26001,14206,,,2,100,,26002,14206,,,2,100,,26003,14206,,,2,100,,26004,14206,,,2,100,,26005,14206,,,2,100,,26006,14206,,,2,100,,26007,14206,,,2,100,,26008,14206,,,2,100,,26009,14206,,,2,100,,26010,14206,,,2,100,,26011,14206,,,2,100,,26012,14206,,,2
1901,'F1',603,,45266,14206,,,2,100,,45267,14206,,,2,100,,45268,14206,,,2,100,,45269,14206,,,2,104,,45270,14206,,,2,100,,45271,14206,,,2,100,,45272,14206,,,2,100,,45273,14206,,,2,100,,45274,14206,,,2,100,,45275,14206,,,2,100,,45276,14206,,,2,100,,45277,14206,,,2,100,,45278,14206,,,2,100,,45279,14206,,,2,100,,45280,14206,,,2,100,,45281,14206,,,2,100,,45282,14206,,,2,100,,45283,14206,,,2,100,,45284,14206,,,2,100,,45285,14206,,,2
1901,'F2',603,,45286,14206,,,2,30,,45296,14206,,,2,70,,45287,14206,,,2,30,,45297,14206,,,2,70,,45288,14206,,,2,30,,45298,14206,,,2,70,,45289,14206,,,2,30,,45299,14206,,,2,74,,45290,14206,,,2,30,,45300,14206,,,2,70,,45291,14206,,,2,30,,45301,14206,,,2,70,,45292,14206,,,2,30,,45313,14206,,,2,70,,45293,14206,,,2,30,,45314,14206,,,2,70,,45294,14206,,,2,30,,45315,14206,,,2,70,,45295,14206,,,2,30,,45316,14206,,,2,70,,45302,14206,,,2,30,,45317,14206,,,2,70,,45303,14206,,,2,30,,45318,14206,,,2,70,,45304,14206,,,2,30,,45319,14206,,,2,70,,45305,14206,,,2,100,,45306,14206,,,2,100,,45307,14206,,,2,100,,45308,14206,,,2,100,,45309,14206,,,2,100,,45310,14206,,,2,100,,45311,14206,,,2
1901,'F8',603,,26123,14206,,,2,30,,26133,14206,,,2,70,,26124,14206,,,2,30,,26134,14206,,,2,70,,26125,14206,,,2,30,,26135,14206,,,2,70,,26126,14206,,,2,30,,26136,14206,,,2,74,,26127,14206,,,2,30,,26137,14206,,,2,70,,26128,14206,,,2,30,,26138,14206,,,2,70,,26129,14206,,,2,30,,26150,14206,,,2,70,,26130,14206,,,2,30,,26151,14206,,,2,70,,26131,14206,,,2,30,,26152,14206,,,2,70,,26132,14206,,,2,30,,26153,14206,,,2,70,,26139,14206,,,2,30,,26154,14206,,,2,70,,26140,14206,,,2,30,,26155,14206,,,2,70,,26141,14206,,,2,30,,26156,14206,,,2,70,,26142,14206,,,2,100,,26143,14206,,,2,100,,26144,14206,,,2,100,,26145,14206,,,2,100,,26146,14206,,,2,100,,26147,14206,,,2,100,,26148,14206,,,2
1901,'F9',603,,26158,14206,,,2,100,,26159,14206,,,2,100,,26160,14206,,,2,100,,26161,14206,,,2,104,,26162,14206,,,2,100,,26163,14206,,,2,100,,26164,14206,,,2,100,,26165,14206,,,2,100,,26166,14206,,,2,100,,26167,14206,,,2,100,,26168,14206,,,2,100,,26169,14206,,,2,100,,26170,14206,,,2,100,,26171,14206,,,2,100,,26172,14206,,,2,100,,26173,14206,,,2,100,,26174,14206,,,2,100,,26175,14206,,,2,100,,26176,14206,,,2,100,,26177,14206,,,2
1901,'SA',603,,26178,14206,,,2,30,,26188,14206,,,2,70,,26179,14206,,,2,30,,26189,14206,,,2,70,,26180,14206,,,2,30,,26190,14206,,,2,70,,26181,14206,,,2,30,,26191,14206,,,2,74,,26182,14206,,,2,30,,26192,14206,,,2,70,,26183,14206,,,2,30,,26193,14206,,,2,70,,26184,14206,,,2,30,,26205,14206,,,2,70,,26185,14206,,,2,30,,26206,14206,,,2,70,,26186,14206,,,2,30,,26207,14206,,,2,70,,26187,14206,,,2,30,,26208,14206,,,2,70,,26194,14206,,,2,30,,26209,14206,,,2,70,,26195,14206,,,2,30,,26210,14206,,,2,70,,26196,14206,,,2,30,,26211,14206,,,2,70,,26197,14206,,,2,100,,26198,14206,,,2,100,,26199,14206,,,2,100,,26200,14206,,,2,100,,26201,14206,,,2,100,,26202,14206,,,2,100,,26203,14206,,,2
1901,'SE',522,,45320,14206,,,2,35,,45337,14206,,,2,379,,45341,14206,,,2,74,,45328,14206,,,2,30,,45342,14206,,,2,70,,45329,14206,,,2,30,,45343,14206,,,2,70,,45330,14206,,,2,30,,45344,14206,,,2,70,,45331,14206,,,2,30,,45338,14206,,,2,70,,45332,14206,,,2,32,,45339,14206,,,2,408,,45345,14206,,,2,64,,45340,14206,,,2,24,,45333,14206,,,2,70,,45321,14206,,,2,30,,45334,14206,,,2,70,,45322,14206,,,2,30,,45335,14206,,,2,69,,45323,14206,,,2,100,,45324,14206,,,2,100,,45325,14206,,,2,100,,45326,14206,,,2
2101,'DI',620,,27057,15245,,,1,30,,27051,15245,,,1,70,,27073,15245,,,1,29,,27075,15245,,,1,70,,27077,15245,,,1,30,,27068,15245,,,1,71,,27069,15245,,,1,30,,27074,15245,,,1,70,,27058,15245,,,1,27,,27071,15245,,,1,73,,27084,15245,,,1,30,,27082,15245,,,1,72,,27072,15245,,,1,30,,27059,15245,,,1,71,,27078,15245,,,1,34,,27070,15245,,,1,70,,27076,15245,,,1,30,,27085,15245,,,1,70,,27083,15245,,,1,30,,27060,15245,,,1,70,,27062,15245,,,1,30,,27052,15245,,,1,70,,27065,15245,,,1,30,,27061,15245,,,1,70,,27046,15245,,,1,30,,27053,15245,,,1,65,,27066,15245,,,1,27,,27050,15245,,,1,70,,27047,15245,,,1,30,,27049,15245,,,1,70,,27080,15245,,,1,30,,27063,15245,,,1,70,,27054,15245,,,1,30,,27067,15245,,,1,70,,27055,15245,,,1,30,,27056,15245,,,1,70,,27079,15245,,,1,30,,27081,15245,,,1
2101,'F1',620,,45688,15245,,,1,30,,45682,15245,,,1,70,,45704,15245,,,1,29,,45706,15245,,,1,70,,45708,15245,,,1,30,,45699,15245,,,1,71,,45700,15245,,,1,30,,45705,15245,,,1,70,,45689,15245,,,1,27,,45702,15245,,,1,73,,45715,15245,,,1,30,,45713,15245,,,1,72,,45703,15245,,,1,30,,45690,15245,,,1,71,,45709,15245,,,1,34,,45701,15245,,,1,70,,45707,15245,,,1,30,,45716,15245,,,1,70,,45714,15245,,,1,30,,45691,15245,,,1,70,,45693,15245,,,1,30,,45683,15245,,,1,70,,45696,15245,,,1,30,,45692,15245,,,1,70,,45677,15245,,,1,30,,45684,15245,,,1,65,,45697,15245,,,1,27,,45681,15245,,,1,70,,45678,15245,,,1,30,,45680,15245,,,1,70,,45711,15245,,,1,30,,45694,15245,,,1,70,,45685,15245,,,1,30,,45698,15245,,,1,70,,45686,15245,,,1,30,,45687,15245,,,1,70,,45710,15245,,,1,30,,45712,15245,,,1
2101,'F2',620,,45733,15245,,,1,30,,45724,15245,,,1,70,,45737,15245,,,1,30,,45746,15245,,,1,72,,45747,15245,,,1,30,,45735,15245,,,1,70,,45750,15245,,,1,30,,45738,15245,,,1,70,,45725,15245,,,1,25,,45720,15245,,,1,71,,45734,15245,,,1,34,,45739,15245,,,1,73,,45721,15245,,,1,26,,45726,15245,,,1,74,,45730,15245,,,1,32,,45743,15245,,,1,70,,45748,15245,,,1,30,,45740,15245,,,1,70,,45751,15245,,,1,30,,45744,15245,,,1,70,,45749,15245,,,1,30,,45741,15245,,,1,70,,45753,15245,,,1,30,,45727,15245,,,1,70,,45752,15245,,,1,30,,45742,15245,,,1,65,,45754,15245,,,1,27,,45717,15245,,,1,70,,45731,15245,,,1,30,,45745,15245,,,1,70,,45728,15245,,,1,30,,45736,15245,,,1,70,,45722,15245,,,1,30,,45732,15245,,,1,70,,45718,15245,,,1,30,,45729,15245,,,1,70,,45756,15245,,,1,30,,45723,15245,,,1,70,,45755,15245,,,1
2101,'F8',620,,27226,15245,,,1,30,,27217,15245,,,1,70,,27230,15245,,,1,30,,27239,15245,,,1,72,,27240,15245,,,1,30,,27228,15245,,,1,70,,27243,15245,,,1,30,,27231,15245,,,1,70,,27218,15245,,,1,25,,27213,15245,,,1,71,,27227,15245,,,1,34,,27232,15245,,,1,73,,27214,15245,,,1,26,,27219,15245,,,1,74,,27223,15245,,,1,32,,27236,15245,,,1,70,,27241,15245,,,1,30,,27233,15245,,,1,70,,27244,15245,,,1,30,,27237,15245,,,1,70,,27242,15245,,,1,30,,27234,15245,,,1,70,,27246,15245,,,1,30,,27220,15245,,,1,70,,27245,15245,,,1,30,,27235,15245,,,1,65,,27247,15245,,,1,27,,27210,15245,,,1,70,,27224,15245,,,1,30,,27238,15245,,,1,70,,27221,15245,,,1,30,,27229,15245,,,1,70,,27215,15245,,,1,30,,27225,15245,,,1,70,,27211,15245,,,1,30,,27222,15245,,,1,70,,27249,15245,,,1,30,,27216,15245,,,1,70,,27248,15245,,,1
2101,'F9',620,,27261,15245,,,1,30,,27255,15245,,,1,70,,27277,15245,,,1,29,,27279,15245,,,1,70,,27281,15245,,,1,30,,27272,15245,,,1,71,,27273,15245,,,1,30,,27278,15245,,,1,70,,27262,15245,,,1,27,,27275,15245,,,1,73,,27288,15245,,,1,30,,27286,15245,,,1,72,,27276,15245,,,1,30,,27263,15245,,,1,71,,27282,15245,,,1,34,,27274,15245,,,1,70,,27280,15245,,,1,30,,27289,15245,,,1,70,,27287,15245,,,1,30,,27264,15245,,,1,70,,27266,15245,,,1,30,,27256,15245,,,1,70,,27269,15245,,,1,30,,27265,15245,,,1,70,,27250,15245,,,1,30,,27257,15245,,,1,65,,27270,15245,,,1,27,,27254,15245,,,1,70,,27251,15245,,,1,30,,27253,15245,,,1,70,,27284,15245,,,1,30,,27267,15245,,,1,70,,27258,15245,,,1,30,,27271,15245,,,1,70,,27259,15245,,,1,30,,27260,15245,,,1,70,,27283,15245,,,1,30,,27285,15245,,,1
2101,'SA',620,,27306,15245,,,1,30,,27297,15245,,,1,70,,27310,15245,,,1,30,,27319,15245,,,1,72,,27320,15245,,,1,30,,27308,15245,,,1,70,,27321,15245,,,1,30,,27311,15245,,,1,70,,27298,15245,,,1,25,,27293,15245,,,1,71,,27307,15245,,,1,34,,27312,15245,,,1,73,,27294,15245,,,1,26,,27299,15245,,,1,74,,27303,15245,,,1,32,,27316,15245,,,1,70,,6523,15245,,,1,30,,27313,15245,,,1,70,,27322,15245,,,1,30,,27317,15245,,,1,70,,6524,15245,,,1,30,,27314,15245,,,1,70,,27324,15245,,,1,30,,27300,15245,,,1,70,,27323,15245,,,1,30,,27315,15245,,,1,65,,27325,15245,,,1,27,,27290,15245,,,1,70,,27304,15245,,,1,30,,27318,15245,,,1,70,,27301,15245,,,1,30,,27309,15245,,,1,70,,27295,15245,,,1,30,,27305,15245,,,1,70,,27291,15245,,,1,30,,27302,15245,,,1,70,,27326,15245,,,1,30,,27296,15245,,,1,70,,6535,15245,,,1
2101,'SE',518,,45761,15245,,,1,486,,45757,15245,,,1,21,,45763,15245,,,1,27,,45765,15245,,,1,74,,45768,15245,,,1,30,,45781,15245,,,1,70,,45764,15245,,,1,32,,45770,15245,,,1,73,,45758,15245,,,1,70,,45760,15245,,,1,30,,45769,15245,,,1,418,,45778,15245,,,1,66,,45780,15245,,,1,26,,45766,15245,,,1,65,,45762,15245,,,1,30,,45772,15245,,,1,70,,45777,15245,,,1,29,,45775,15245,,,1,70,,45776,15245,,,1,30,,45779,15245,,,1,98,,45767,15245,,,1,97,,45774,15245,,,1
42101,'SE',2352,,50745,11442,,,1
