2801,'DI',949,,27810,10191,,,1,100,,27815,10191,,,1,100,,27813,10191,,,1,101,,27811,10191,,,1,100,,27812,10191,,,1,100,,27816,10191,,,1,98,,27819,10191,,,1,99,,27818,10191,,,1,96,,27817,10191,,,1,105,,27814,10191,,,1
2801,'F1',949,,45978,10191,,,1,100,,45983,10191,,,1,100,,45981,10191,,,1,101,,45979,10191,,,1,100,,45980,10191,,,1,100,,45984,10191,,,1,98,,45987,10191,,,1,99,,45986,10191,,,1,96,,45985,10191,,,1,105,,45982,10191,,,1
2801,'F2',949,,45995,10191,,,1,100,,45990,10191,,,1,100,,45988,10191,,,1,101,,45992,10191,,,1,100,,45991,10191,,,1,100,,45993,10191,,,1,98,,45989,10191,,,1,96,,45997,10191,,,1,99,,45996,10191,,,1,105,,45994,10191,,,1
2801,'F8',949,,27885,10191,,,1,100,,27880,10191,,,1,100,,27878,10191,,,1,101,,27882,10191,,,1,100,,27881,10191,,,1,100,,27883,10191,,,1,98,,27879,10191,,,1,96,,27887,10191,,,1,99,,27886,10191,,,1,105,,27884,10191,,,1
2801,'F9',949,,27888,10191,,,1,100,,27893,10191,,,1,100,,27891,10191,,,1,101,,27889,10191,,,1,100,,27890,10191,,,1,100,,27894,10191,,,1,98,,27897,10191,,,1,99,,27896,10191,,,1,96,,27895,10191,,,1,105,,27892,10191,,,1
2801,'SA',949,,27904,10191,,,1,100,,27900,10191,,,1,100,,27898,10191,,,1,101,,27901,10191,,,1,100,,7052,10191,,,1,100,,27902,10191,,,1,98,,27899,10191,,,1,96,,27906,10191,,,1,99,,27905,10191,,,1,105,,27903,10191,,,1
2801,'SE',659,,46024,10191,,,1,61,,46030,11900,,,1,21,,46025,10191,,,1,59,,46031,11900,,,1,29,,46035,11900,,,1,20,,46019,10191,,,1,56,,46029,11900,,,1,28,,46023,10191,,,1,69,,46009,10191,,,1,30,,46001,10191,,,1,70,,46005,10191,,,1,30,,46010,10191,,,1,70,,46002,10191,,,1,30,,46006,10191,,,1,70,,46011,10191,,,1,30,,46003,10191,,,1,70,,46007,10191,,,1,32,,46012,10191,,,1,70,,46004,10191,,,1,21,,46013,10191,,,1,12,,46008,10191,,,1,17,,46015,10191,,,1,50,,46032,11900,,,1,17,,45999,10191,,,1,13,,46017,10191,,,1,15,,46021,10191,,,1,58,,46034,11900,,,1,13,,46014,10191,,,1,16,,46016,10191,,,1,13,,46033,11900,,,1,58,,46018,10191,,,1,14,,46020,10191,,,1,20,,46026,10191,,,1,61,,45998,10191,,,1,23,,46022,10191,,,1,100,,46000,10191,,,1,100,,46027,10191,,,1,100,,46028,10191,,,1
7401,'DI',726,,34340,5699,,,1,100,,34344,5699,,,1,100,,34345,5699,,,1,100,,34346,5699,,,1,100,,34347,5699,,,1,99,,34348,5699,,,1,105,,34349,5699,,,1,96,,34337,5699,,,1,100,,34338,5699,,,1,100,,34350,5699,,,1,100,,34351,5699,,,1,104,,34352,5699,,,1,96,,34353,5699,,,1,100,,34354,5699,,,1,100,,34341,5699,,,1,100,,34342,5699,,,1,100,,34343,5699,,,1,100,,34339,5699,,,1
7401,'F1',726,,48579,5699,,,1,100,,48583,5699,,,1,100,,48584,5699,,,1,100,,48585,5699,,,1,100,,48586,5699,,,1,99,,48587,5699,,,1,105,,48588,5699,,,1,96,,48576,5699,,,1,100,,48577,5699,,,1,100,,48589,5699,,,1,100,,48590,5699,,,1,104,,48591,5699,,,1,96,,48592,5699,,,1,100,,48593,5699,,,1,100,,48580,5699,,,1,100,,48581,5699,,,1,100,,48582,5699,,,1,100,,48578,5699,,,1
7401,'F2',724,,48612,5699,,,1,102,,48597,5699,,,1,100,,48598,5699,,,1,99,,48599,5699,,,1,100,,48596,5699,,,1,101,,48600,5699,,,1,100,,48601,5699,,,1,100,,48602,5699,,,1,99,,48603,5699,,,1,101,,48604,5699,,,1,100,,48605,5699,,,1,102,,48594,5699,,,1,98,,48606,5699,,,1,100,,48607,5699,,,1,100,,48608,5699,,,1,100,,48609,5699,,,1,100,,48610,5699,,,1,100,,48611,5699,,,1,100,,48595,5699,,,1
7401,'F8',724,,34438,5699,,,1,102,,34423,5699,,,1,100,,34424,5699,,,1,99,,34425,5699,,,1,100,,34422,5699,,,1,101,,34426,5699,,,1,100,,34427,5699,,,1,100,,34428,5699,,,1,99,,34429,5699,,,1,101,,34430,5699,,,1,100,,34431,5699,,,1,102,,34420,5699,,,1,98,,34432,5699,,,1,100,,34433,5699,,,1,100,,34434,5699,,,1,100,,34435,5699,,,1,100,,34436,5699,,,1,100,,34437,5699,,,1,100,,34421,5699,,,1
7401,'F9',726,,34442,5699,,,1,100,,34446,5699,,,1,100,,34447,5699,,,1,100,,34448,5699,,,1,100,,34449,5699,,,1,99,,34450,5699,,,1,105,,34451,5699,,,1,96,,34439,5699,,,1,100,,34440,5699,,,1,100,,34452,5699,,,1,100,,34453,5699,,,1,104,,34454,5699,,,1,96,,34455,5699,,,1,100,,34456,5699,,,1,100,,34443,5699,,,1,100,,34444,5699,,,1,100,,34445,5699,,,1,100,,34441,5699,,,1
7401,'SA',724,,34475,5699,,,1,102,,34460,5699,,,1,100,,34461,5699,,,1,99,,34462,5699,,,1,100,,34459,5699,,,1,101,,34463,5699,,,1,100,,34464,5699,,,1,100,,34465,5699,,,1,99,,34466,5699,,,1,101,,34467,5699,,,1,100,,34468,5699,,,1,102,,34457,5699,,,1,98,,34469,5699,,,1,100,,34470,5699,,,1,100,,34471,5699,,,1,100,,34472,5699,,,1,100,,34473,5699,,,1,100,,34474,5699,,,1,100,,34458,5699,,,1
7401,'SE',625,,48639,5699,,,1,32,,48634,5699,,,1,66,,48638,5699,,,1,78,,48636,5699,,,1,26,,48635,5699,,,1,30,,48637,5699,,,1,69,,48631,5699,,,1,101,,48619,5699,,,1,100,,48622,5699,,,1,101,,48623,5699,,,1,100,,48624,5699,,,1,101,,48625,5699,,,1,101,,48613,5699,,,1,29,,48618,5699,,,1,67,,48626,5699,,,1,76,,48617,5699,,,1,29,,48632,5699,,,1,69,,48620,5699,,,1,28,,48627,5699,,,1,30,,48621,5699,,,1,68,,48628,5699,,,1,99,,48629,5699,,,1,100,,48630,5699,,,1,99,,48614,5699,,,1,100,,48615,5699,,,1,100,,48616,5699,,,1,100,,48633,5699,,,1
