2100,'DI',527,,26717,13122,,,1,30,,26710,13122,,,1,70,,26733,13122,,,1,29,,26735,13122,,,1,70,,26737,13122,,,1,30,,26728,13122,,,1,71,,26729,13122,,,1,30,,26734,13122,,,1,70,,26718,13122,,,1,27,,26731,13122,,,1,73,,26744,13122,,,1,30,,26742,13122,,,1,72,,26732,13122,,,1,28,,26719,13122,,,1,71,,26738,13122,,,1,30,,26730,13122,,,1,70,,26736,13122,,,1,30,,26745,13122,,,1,70,,26743,13122,,,1,30,,26720,13122,,,1,70,,26722,13122,,,1,30,,26711,13122,,,1,70,,26725,13122,,,1,30,,26721,13122,,,1,70,,26705,13122,,,1,30,,26712,13122,,,1,70,,26726,13122,,,1,29,,26709,13122,,,1,70,,26706,13122,,,1,30,,26708,13122,,,1,70,,26740,13122,,,1,30,,26723,13122,,,1,70,,26713,13122,,,1,30,,26727,13122,,,1,70,,26714,13122,,,1,30,,26716,13122,,,1,70,,26739,13122,,,1,30,,26741,13122,,,1,70,,26707,13122,,,1,30,,26724,13122,,,1,70,,26715,13122,,,1
2100,'F8',527,,26891,13122,,,1,30,,26882,13122,,,1,70,,26895,13122,,,1,30,,26904,13122,,,1,70,,26905,13122,,,1,30,,26893,13122,,,1,70,,26908,13122,,,1,30,,26896,13122,,,1,70,,26883,13122,,,1,25,,26878,13122,,,1,71,,26892,13122,,,1,34,,26897,13122,,,1,73,,26879,13122,,,1,24,,26884,13122,,,1,74,,26888,13122,,,1,30,,26901,13122,,,1,70,,26906,13122,,,1,30,,26898,13122,,,1,70,,26909,13122,,,1,30,,26902,13122,,,1,70,,26907,13122,,,1,30,,26899,13122,,,1,70,,26911,13122,,,1,30,,26885,13122,,,1,70,,26910,13122,,,1,30,,26900,13122,,,1,70,,26912,13122,,,1,29,,26874,13122,,,1,70,,26889,13122,,,1,30,,26903,13122,,,1,70,,26886,13122,,,1,30,,26894,13122,,,1,70,,26880,13122,,,1,30,,26890,13122,,,1,70,,26876,13122,,,1,30,,26887,13122,,,1,70,,26914,13122,,,1,30,,26881,13122,,,1,70,,26913,13122,,,1,30,,26877,13122,,,1,69,,26875,13122,,,1
2100,'F9',527,,26927,13122,,,1,30,,26920,13122,,,1,70,,26943,13122,,,1,29,,26945,13122,,,1,70,,26947,13122,,,1,30,,26938,13122,,,1,71,,26939,13122,,,1,30,,26944,13122,,,1,70,,26928,13122,,,1,27,,26941,13122,,,1,73,,26954,13122,,,1,30,,26952,13122,,,1,72,,26942,13122,,,1,28,,26929,13122,,,1,71,,26948,13122,,,1,30,,26940,13122,,,1,70,,26946,13122,,,1,30,,26955,13122,,,1,70,,26953,13122,,,1,30,,26930,13122,,,1,70,,26932,13122,,,1,30,,26921,13122,,,1,70,,26935,13122,,,1,30,,26931,13122,,,1,70,,26915,13122,,,1,30,,26922,13122,,,1,70,,26936,13122,,,1,29,,26919,13122,,,1,70,,26916,13122,,,1,30,,26918,13122,,,1,70,,26950,13122,,,1,30,,26933,13122,,,1,70,,26923,13122,,,1,30,,26937,13122,,,1,70,,26924,13122,,,1,30,,26926,13122,,,1,70,,26949,13122,,,1,30,,26951,13122,,,1,70,,26917,13122,,,1,30,,26934,13122,,,1,70,,26925,13122,,,1
2100,'SA',527,,26973,13122,,,1,30,,26964,13122,,,1,70,,26977,13122,,,1,30,,26986,13122,,,1,70,,26987,13122,,,1,30,,26975,13122,,,1,70,,26988,13122,,,1,30,,26978,13122,,,1,70,,26965,13122,,,1,25,,26960,13122,,,1,71,,26974,13122,,,1,34,,26979,13122,,,1,73,,26961,13122,,,1,24,,26966,13122,,,1,74,,26970,13122,,,1,30,,26983,13122,,,1,70,,6221,13122,,,1,30,,26980,13122,,,1,70,,26989,13122,,,1,30,,26984,13122,,,1,70,,6222,13122,,,1,30,,26981,13122,,,1,70,,26991,13122,,,1,30,,26967,13122,,,1,70,,26990,13122,,,1,30,,26982,13122,,,1,70,,26992,13122,,,1,29,,26956,13122,,,1,70,,26971,13122,,,1,30,,26985,13122,,,1,70,,26968,13122,,,1,30,,26976,13122,,,1,70,,26962,13122,,,1,30,,26972,13122,,,1,70,,26958,13122,,,1,30,,26969,13122,,,1,70,,26993,13122,,,1,30,,26963,13122,,,1,70,,6233,13122,,,1,30,,26959,13122,,,1,69,,26957,13122,,,1
2100,'SE',539,,27004,13122,,,1,15,,27005,13122,,,1,55,,26997,13122,,,1,12,,26999,13122,,,1,10,,27031,13122,,,1,20,,27035,13122,,,1,56,,26998,13122,,,1,10,,27008,13122,,,1,14,,27006,13122,,,1,17,,27000,13122,,,1,57,,27032,13122,,,1,23,,27007,13122,,,1,18,,27044,13122,,,1,60,,27033,13122,,,1,21,,27026,13122,,,1,27,,27028,13122,,,1,72,,27036,13122,,,1,30,,27034,13122,,,1,70,,26994,13122,,,1,30,,27020,13122,,,1,73,,27022,13122,,,1,30,,27001,13122,,,1,70,,27037,13122,,,1,30,,27045,13122,,,1,68,,27029,13122,,,1,82,,27027,13122,,,1,6,,27021,13122,,,1,17,,27017,13122,,,1,15,,27009,13122,,,1,55,,27002,13122,,,1,15,,27038,13122,,,1,15,,27030,13122,,,1,16,,27014,13122,,,1,59,,27041,13122,,,1,17,,27040,13122,,,1,10,,27018,13122,,,1,11,,27010,13122,,,1,55,,27003,13122,,,1,13,,27039,13122,,,1,15,,27019,13122,,,1,15,,27015,13122,,,1,60,,27042,13122,,,1,20,,27024,13122,,,1,17,,27011,13122,,,1,70,,27025,13122,,,1,30,,26995,13122,,,1,70,,27023,13122,,,1,30,,27016,13122,,,1,100,,27012,13122,,,1,100,,27043,13122,,,1,96,,26996,13122,,,1,100,,27013,13122,,,1
13201,'DI',726,,38200,10682,,,2,100,,38198,10682,,,2,100,,38199,10682,,,2,100,,38204,10682,,,2,100,,38201,10682,,,2,100,,38202,10682,,,2,100,,38205,10682,,,2,100,,38208,10682,,,2,100,,38206,10682,,,2,105,,38210,10682,,,2,95,,38209,10682,,,2,100,,38207,10682,,,2,101,,38211,10682,,,2,97,,38212,10682,,,2,100,,38203,10682,,,2,100,,38197,10682,,,2,100,,38213,10682,,,2,100,,38214,10682,,,2
13201,'F8',726,,38280,10682,,,2,100,,38296,10682,,,2,100,,38284,10682,,,2,100,,38279,10682,,,2,103,,38281,10682,,,2,97,,38285,10682,,,2,104,,38282,10682,,,2,96,,38295,10682,,,2,104,,38286,10682,,,2,96,,38288,10682,,,2,100,,38283,10682,,,2,100,,38287,10682,,,2,101,,38289,10682,,,2,97,,38291,10682,,,2,100,,38290,10682,,,2,100,,38293,10682,,,2,100,,38292,10682,,,2,100,,38294,10682,,,2
13201,'F9',726,,38300,10682,,,2,100,,38298,10682,,,2,100,,38299,10682,,,2,100,,38304,10682,,,2,100,,38301,10682,,,2,100,,38302,10682,,,2,100,,38305,10682,,,2,100,,38308,10682,,,2,100,,38306,10682,,,2,105,,38310,10682,,,2,95,,38309,10682,,,2,100,,38307,10682,,,2,101,,38311,10682,,,2,97,,38312,10682,,,2,100,,38303,10682,,,2,100,,38297,10682,,,2,100,,38313,10682,,,2,100,,38314,10682,,,2
13201,'SA',726,,38316,10682,,,2,100,,38332,10682,,,2,100,,38320,10682,,,2,100,,38315,10682,,,2,103,,38317,10682,,,2,97,,38321,10682,,,2,104,,38318,10682,,,2,96,,38331,10682,,,2,104,,38322,10682,,,2,96,,38324,10682,,,2,100,,38319,10682,,,2,100,,38323,10682,,,2,101,,38325,10682,,,2,97,,38327,10682,,,2,100,,38326,10682,,,2,100,,38329,10682,,,2,100,,38328,10682,,,2,100,,38330,10682,,,2
13201,'SE',558,,38339,10682,,,2,70,,38336,10682,,,2,75,,38345,10682,,,2,20,,38338,10682,,,2,23,,38343,10682,,,2,10,,38349,10682,,,2,50,,38347,10682,,,2,22,,38346,10682,,,2,18,,38340,10682,,,2,55,,38344,10682,,,2,20,,38348,10682,,,2,20,,38358,10682,,,2,59,,16560,10682,,,2,57,,38359,10682,,,2,99,,16564,10682,,,2,96,,38357,10682,,,2,100,,38350,10682,,,2,150,,38351,10682,,,2,11,,38354,10682,,,2,3,,38333,10682,,,2,43,,38341,10682,,,2,65,,38352,10682,,,2,20,,38355,10682,,,2,58,,38337,10682,,,2,23,,38342,10682,,,2,19,,38335,10682,,,2,58,,38353,10682,,,2,19,,38334,10682,,,2,80,,38356,10682,,,2
53201,'SE',900,,40660,1095,,,2,1,,40661,1095,,,2
64000,'SE',1626,,40789,6911,,,2,1,,40790,6911,,,2,1,,40791,6911,,,2
64001,'SE',837,,40796,2618,,,2,1,,40797,2618,,,2,1,,40795,2618,,,2
69700,'SE',1639,,40968,9696,,,2,1,,40969,9696,,,2
69701,'SE',836,,40972,3342,,,2,1,,40973,3342,,,2
