1901,'DI',541,,25993,1847,,,2,100,,25994,1847,,,2,100,,25995,1847,,,2,100,,25996,1847,,,2,104,,25997,1847,,,2,100,,25998,1847,,,2,100,,25999,1847,,,2,100,,26000,1847,,,2,100,,26001,1847,,,2,100,,26002,1847,,,2,100,,26003,1847,,,2,100,,26004,1847,,,2,100,,26005,1847,,,2,100,,26006,1847,,,2,100,,26007,1847,,,2,100,,26008,1847,,,2,100,,26009,1847,,,2,100,,26010,1847,,,2,100,,26011,1847,,,2,100,,26012,1847,,,2,100,,25992,1847,,,2
1901,'F8',541,,26123,1847,,,2,70,,26133,1847,,,2,30,,26124,1847,,,2,70,,26134,1847,,,2,30,,26125,1847,,,2,70,,26135,1847,,,2,30,,26126,1847,,,2,70,,26136,1847,,,2,34,,26127,1847,,,2,70,,26137,1847,,,2,30,,26128,1847,,,2,70,,26138,1847,,,2,30,,26129,1847,,,2,70,,26150,1847,,,2,30,,26130,1847,,,2,70,,26151,1847,,,2,30,,26131,1847,,,2,70,,26152,1847,,,2,30,,26132,1847,,,2,70,,26153,1847,,,2,30,,26139,1847,,,2,70,,26154,1847,,,2,30,,26140,1847,,,2,70,,26155,1847,,,2,30,,26141,1847,,,2,70,,26156,1847,,,2,30,,26142,1847,,,2,100,,26143,1847,,,2,100,,26144,1847,,,2,100,,26145,1847,,,2,100,,26146,1847,,,2,100,,26147,1847,,,2,100,,26148,1847,,,2,100,,26149,1847,,,2
1901,'F9',541,,26158,1847,,,2,100,,26159,1847,,,2,100,,26160,1847,,,2,100,,26161,1847,,,2,104,,26162,1847,,,2,100,,26163,1847,,,2,100,,26164,1847,,,2,100,,26165,1847,,,2,100,,26166,1847,,,2,100,,26167,1847,,,2,100,,26168,1847,,,2,100,,26169,1847,,,2,100,,26170,1847,,,2,100,,26171,1847,,,2,100,,26172,1847,,,2,100,,26173,1847,,,2,100,,26174,1847,,,2,100,,26175,1847,,,2,100,,26176,1847,,,2,100,,26177,1847,,,2,100,,26157,1847,,,2
1901,'SA',541,,26178,1847,,,2,70,,26188,1847,,,2,30,,26179,1847,,,2,70,,26189,1847,,,2,30,,26180,1847,,,2,70,,26190,1847,,,2,30,,26181,1847,,,2,70,,26191,1847,,,2,34,,26182,1847,,,2,70,,26192,1847,,,2,30,,26183,1847,,,2,70,,26193,1847,,,2,30,,26184,1847,,,2,70,,26205,1847,,,2,30,,26185,1847,,,2,70,,26206,1847,,,2,30,,26186,1847,,,2,70,,26207,1847,,,2,30,,26187,1847,,,2,70,,26208,1847,,,2,30,,26194,1847,,,2,70,,26209,1847,,,2,30,,26195,1847,,,2,70,,26210,1847,,,2,30,,26196,1847,,,2,70,,26211,1847,,,2,30,,26197,1847,,,2,100,,26198,1847,,,2,100,,26199,1847,,,2,100,,26200,1847,,,2,100,,26201,1847,,,2,100,,26202,1847,,,2,100,,26203,1847,,,2,100,,26204,1847,,,2
1901,'SE',459,,26226,1847,,,2,75,,26225,1847,,,2,70,,26249,1847,,,2,23,,26241,1847,,,2,14,,26247,1847,,,2,15,,26242,1847,,,2,52,,26245,1847,,,2,12,,26246,1847,,,2,12,,26239,1847,,,2,12,,26244,1847,,,2,15,,26238,1847,,,2,61,,26243,1847,,,2,20,,26240,1847,,,2,72,,26212,1847,,,2,34,,26234,1847,,,2,70,,26213,1847,,,2,30,,26214,1847,,,2,70,,26227,1847,,,2,30,,26215,1847,,,2,70,,26228,1847,,,2,30,,26231,1847,,,2,70,,26229,1847,,,2,30,,26232,1847,,,2,72,,26230,1847,,,2,30,,26250,1847,,,2,70,,26248,1847,,,2,29,,26257,1847,,,2,61,,26256,1847,,,2,23,,26254,1847,,,2,20,,26253,1847,,,2,61,,26255,1847,,,2,18,,26251,1847,,,2,17,,26252,1847,,,2,61,,26258,1847,,,2,19,,26220,1847,,,2,24,,26233,1847,,,2,65,,26216,1847,,,2,30,,26235,1847,,,2,70,,26217,1847,,,2,30,,26236,1847,,,2,70,,26218,1847,,,2,29,,26237,1847,,,2,70,,26219,1847,,,2,30,,26221,1847,,,2,100,,26222,1847,,,2,100,,26223,1847,,,2,100,,26224,1847,,,2
4201,'DI',545,,29629,3299,,,1,100,,29630,3299,,,1,100,,29631,3299,,,1,100,,29632,3299,,,1,100,,29633,3299,,,1,100,,29634,3299,,,1,100,,29635,3299,,,1,100,,29636,3299,,,1,100,,29637,3299,,,1,100,,29638,3299,,,1,100,,29639,3299,,,1,100,,29640,3299,,,1,100,,29641,3299,,,1,100,,29642,3299,,,1,100,,29643,3299,,,1,100,,29644,3299,,,1,100,,29645,3299,,,1,100,,29646,3299,,,1,100,,29647,3299,,,1,100,,29648,3299,,,1
4201,'F8',545,,29751,3299,,,1,100,,29752,3299,,,1,100,,29753,3299,,,1,100,,29754,3299,,,1,100,,29735,3299,,,1,100,,29736,3299,,,1,100,,29737,3299,,,1,100,,29738,3299,,,1,100,,29739,3299,,,1,100,,29740,3299,,,1,100,,29741,3299,,,1,100,,29742,3299,,,1,100,,29743,3299,,,1,100,,29744,3299,,,1,100,,29745,3299,,,1,100,,29746,3299,,,1,100,,29747,3299,,,1,100,,29748,3299,,,1,100,,29749,3299,,,1,100,,29750,3299,,,1
4201,'F9',545,,29755,3299,,,1,100,,29756,3299,,,1,100,,29757,3299,,,1,100,,29758,3299,,,1,100,,29759,3299,,,1,100,,29760,3299,,,1,100,,29761,3299,,,1,100,,29762,3299,,,1,100,,29763,3299,,,1,100,,29764,3299,,,1,100,,29765,3299,,,1,100,,29766,3299,,,1,100,,29767,3299,,,1,100,,29768,3299,,,1,100,,29769,3299,,,1,100,,29770,3299,,,1,100,,29771,3299,,,1,100,,29772,3299,,,1,100,,29773,3299,,,1,100,,29774,3299,,,1
4201,'SA',545,,29791,3299,,,1,100,,29792,3299,,,1,100,,29793,3299,,,1,100,,29794,3299,,,1,100,,29775,3299,,,1,100,,29776,3299,,,1,100,,29777,3299,,,1,100,,29778,3299,,,1,100,,29779,3299,,,1,100,,29780,3299,,,1,100,,29781,3299,,,1,100,,29782,3299,,,1,100,,29783,3299,,,1,100,,29784,3299,,,1,100,,29785,3299,,,1,100,,29786,3299,,,1,100,,29787,3299,,,1,100,,29788,3299,,,1,100,,29789,3299,,,1,100,,29790,3299,,,1
4201,'SE',514,,29799,3299,,,1,20,,29825,3299,,,1,70,,29804,3299,,,1,21,,29822,3299,,,1,14,,29823,3299,,,1,14,,29800,3299,,,1,54,,29805,3299,,,1,14,,29824,3299,,,1,14,,29807,3299,,,1,14,,29803,3299,,,1,63,,29801,3299,,,1,34,,29808,3299,,,1,78,,29839,3299,,,1,30,,29840,3299,,,1,70,,29802,3299,,,1,30,,29830,3299,,,1,70,,29806,3299,,,1,30,,29835,3299,,,1,70,,29809,3299,,,1,30,,29836,3299,,,1,70,,29795,3299,,,1,30,,29812,3299,,,1,70,,29810,3299,,,1,30,,29826,3299,,,1,4,,29827,3299,,,1,42,,29798,3299,,,1,2,,29829,3299,,,1,22,,29838,3299,,,1,30,,29813,3299,,,1,70,,29833,3299,,,1,28,,29831,3299,,,1,64,,29837,3299,,,1,17,,29834,3299,,,1,67,,29832,3299,,,1,29,,29828,3299,,,1,26,,29811,3299,,,1,75,,29814,3299,,,1,70,,29818,3299,,,1,30,,29815,3299,,,1,70,,29819,3299,,,1,29,,29816,3299,,,1,30,,29820,3299,,,1,70,,29817,3299,,,1,30,,29821,3299,,,1,90,,29796,3299,,,1,100,,29797,3299,,,1
6001,'SE',549,,32276,4671,,,1,62,,32273,4671,,,1,21,,32267,4671,,,1,68,,32277,4671,,,1,28,,32269,4671,,,1,28,,32278,4671,,,1,66,,32286,4671,,,1,14,,32287,4671,,,1,73,,32279,4671,,,1,100,,32285,4671,,,1,100,,32274,4671,,,1,100,,32280,4671,,,1,101,,32275,4671,,,1,100,,32293,4671,,,1,101,,32288,4671,,,1,99,,32289,4671,,,1,30,,32284,4671,,,1,67,,32281,4671,,,1,24,,32282,4671,,,1,27,,32271,4671,,,1,69,,32290,4671,,,1,30,,32283,4671,,,1,88,,32291,4671,,,1,100,,32270,4671,,,1,100,,32292,4671,,,1,100,,32268,4671,,,1,95,,32272,4671,,,1
16001,'DI',606,,38498,11065,,,1,99,,38493,11065,,,1,100,,38499,11065,,,1,100,,38502,11065,,,1,100,,38505,11065,,,1,100,,38500,11065,,,1,100,,38506,11065,,,1,100,,38497,11065,,,1,100,,38507,11065,,,1,100,,38495,11065,,,1,100,,38492,11065,,,1,100,,38503,11065,,,1,100,,38501,11065,,,1,100,,38508,11065,,,1,100,,38504,11065,,,1,103,,38496,11065,,,1,97,,38494,11065,,,1
16001,'F8',607,,38572,11065,,,1,99,,38570,11065,,,1,99,,38568,11065,,,1,100,,38573,11065,,,1,99,,38567,11065,,,1,101,,38564,11065,,,1,100,,38571,11065,,,1,100,,38577,11065,,,1,100,,38565,11065,,,1,100,,38569,11065,,,1,100,,38578,11065,,,1,100,,38574,11065,,,1,100,,38566,11065,,,1,101,,38579,11065,,,1,99,,38575,11065,,,1,103,,38580,11065,,,1,97,,38576,11065,,,1
16001,'F9',606,,38587,11065,,,1,99,,38582,11065,,,1,100,,38588,11065,,,1,100,,38591,11065,,,1,100,,38594,11065,,,1,100,,38589,11065,,,1,100,,38595,11065,,,1,100,,38586,11065,,,1,100,,38596,11065,,,1,100,,38584,11065,,,1,100,,38581,11065,,,1,100,,38592,11065,,,1,100,,38590,11065,,,1,100,,38597,11065,,,1,100,,38593,11065,,,1,103,,38585,11065,,,1,97,,38583,11065,,,1
16001,'SA',607,,38606,11065,,,1,99,,38604,11065,,,1,99,,38602,11065,,,1,100,,16801,11065,,,1,99,,38601,11065,,,1,101,,38598,11065,,,1,100,,38605,11065,,,1,100,,38609,11065,,,1,100,,38599,11065,,,1,100,,38603,11065,,,1,100,,38610,11065,,,1,100,,16802,11065,,,1,100,,38600,11065,,,1,101,,38611,11065,,,1,99,,38607,11065,,,1,103,,38612,11065,,,1,97,,38608,11065,,,1
16001,'SE',619,,38616,11065,,,1,28,,38617,11065,,,1,68,,38621,11065,,,1,28,,38623,11065,,,1,63,,38633,11065,,,1,23,,38635,11065,,,1,28,,38620,11065,,,1,83,,38634,11065,,,1,98,,38631,11065,,,1,93,,38619,11065,,,1,100,,38622,11065,,,1,100,,38624,11065,,,1,100,,38618,11065,,,1,99,,38636,11065,,,1,92,,38614,11065,,,1,97,,38625,11065,,,1,30,,38613,11065,,,1,67,,38626,11065,,,1,25,,38637,11065,,,1,66,,38615,11065,,,1,99,,38627,11065,,,1,100,,38630,11065,,,1,101,,38628,11065,,,1,100,,38632,11065,,,1,50,,38629,11065,,,1
54200,'SE',1626,,40691,2255,,,2
