6100,'DI',730,,32294,15768,4,,2,89,,32298,15768,4,,2,30,,32295,15768,4,,2,70,,32301,15768,4,,2,30,,32299,15768,4,,2,70,,32296,15768,4,,2,30,,32302,15768,4,,2,70,,32304,15768,4,,2,30,,32309,15768,4,,2,70,,32314,15768,4,,2,30,,32305,15768,4,,2,70,,32310,15768,4,,2,30,,32315,15768,4,,2,70,,32306,15768,4,,2,30,,32311,15768,4,,2,70,,32317,15768,4,,2,30,,32307,15768,4,,2,74,,32312,15768,4,,2,21,,32318,15768,4,,2,75,,32321,15768,4,,2,20,,32325,15768,4,,2,80,,32319,15768,4,,2,25,,32322,15768,4,,2,70,,32326,15768,4,,2,45,,32323,15768,4,,2,100,,32327,15768,4,,2,100,,32329,15768,4,,2,100,,32331,15768,4,,2,100,,32333,15768,4,,2,100,,32334,15768,4,,2
6100,'F8',730,,32473,15768,4,,2,89,,32477,15768,4,,2,30,,32474,15768,4,,2,70,,32480,15768,4,,2,30,,32478,15768,4,,2,70,,32475,15768,4,,2,30,,32481,15768,4,,2,70,,32483,15768,4,,2,30,,32488,15768,4,,2,70,,32491,15768,4,,2,30,,32484,15768,4,,2,70,,32489,15768,4,,2,30,,32492,15768,4,,2,70,,32485,15768,4,,2,30,,32494,15768,4,,2,70,,32499,15768,4,,2,30,,32486,15768,4,,2,74,,32495,15768,4,,2,21,,32500,15768,4,,2,75,,32503,15768,4,,2,20,,32496,15768,4,,2,80,,32501,15768,4,,2,25,,32504,15768,4,,2,70,,32497,15768,4,,2,45,,32506,15768,4,,2,100,,32509,15768,4,,2,100,,32507,15768,4,,2,100,,32511,15768,4,,2,100,,32510,15768,4,,2,100,,32512,15768,4,,2
6100,'F9',730,,32513,15768,4,,2,89,,32517,15768,4,,2,30,,32514,15768,4,,2,70,,32520,15768,4,,2,30,,32518,15768,4,,2,70,,32515,15768,4,,2,30,,32521,15768,4,,2,70,,32523,15768,4,,2,30,,32528,15768,4,,2,70,,32533,15768,4,,2,30,,32524,15768,4,,2,70,,32529,15768,4,,2,30,,32534,15768,4,,2,70,,32525,15768,4,,2,30,,32530,15768,4,,2,70,,32536,15768,4,,2,30,,32526,15768,4,,2,74,,32531,15768,4,,2,21,,32537,15768,4,,2,75,,32540,15768,4,,2,20,,32544,15768,4,,2,80,,32538,15768,4,,2,25,,32541,15768,4,,2,70,,32545,15768,4,,2,45,,32542,15768,4,,2,100,,32546,15768,4,,2,100,,32548,15768,4,,2,100,,32550,15768,4,,2,100,,32552,15768,4,,2,100,,32553,15768,4,,2
6100,'SA',730,,32554,15768,4,,2,89,,32558,15768,4,,2,30,,32555,15768,4,,2,70,,32561,15768,4,,2,30,,32559,15768,4,,2,70,,32556,15768,4,,2,30,,32562,15768,4,,2,70,,32564,15768,4,,2,30,,32569,15768,4,,2,70,,32572,15768,4,,2,30,,32565,15768,4,,2,70,,32570,15768,4,,2,30,,32573,15768,4,,2,70,,32566,15768,4,,2,30,,32575,15768,4,,2,70,,32580,15768,4,,2,30,,32567,15768,4,,2,74,,32576,15768,4,,2,21,,32581,15768,4,,2,75,,32584,15768,4,,2,20,,32577,15768,4,,2,80,,32582,15768,4,,2,25,,32585,15768,4,,2,70,,32578,15768,4,,2,45,,32587,15768,4,,2,100,,32590,15768,4,,2,100,,32588,15768,4,,2,100,,32592,15768,4,,2,100,,32591,15768,4,,2,100,,32593,15768,4,,2
6100,'SE',641,,32596,15768,4,,2,68,,32594,15768,4,,2,27,,32603,15768,4,,2,9,,32608,15768,4,,2,59,,32600,15768,4,,2,24,,32597,15768,4,,2,22,,32605,15768,4,,2,55,,32610,15768,4,,2,36,,32601,15768,4,,2,70,,32598,15768,4,,2,30,,32606,15768,4,,2,72,,32650,15768,4,,2,30,,32604,15768,4,,2,70,,32611,15768,4,,2,30,,32615,15768,4,,2,70,,32612,15768,4,,2,30,,32613,15768,4,,2,73,,32617,15768,4,,2,21,,32620,15768,4,,2,67,,32625,15768,4,,2,23,,32614,15768,4,,2,20,,32616,15768,4,,2,64,,32628,15768,4,,2,4,,32631,15768,4,,2,25,,32621,15768,4,,2,7,,32623,15768,4,,2,54,,32632,15768,4,,2,13,,32633,15768,4,,2,14,,32618,15768,4,,2,15,,32637,15768,4,,2,6,,32640,15768,4,,2,56,,32629,15768,4,,2,14,,32626,15768,4,,2,24,,32642,15768,4,,2,64,,32634,15768,4,,2,28,,32645,15768,4,,2,69,,32648,15768,4,,2,30,,32638,15768,4,,2,69,,32641,15768,4,,2,30,,32649,15768,4,,2,70,,32635,15768,4,,2,29,,32646,15768,4,,2,70,,32643,15768,4,,2,29,,32639,15768,4,,2,28,,32647,15768,4,,2,70,,32644,15768,4,,2
6101,'DI',700,,32655,0,0,50,2,30,,32652,0,0,50,2,72,,32658,0,0,50,2,17,,32656,0,0,50,2,30,,32653,0,0,50,2,70,,32659,0,0,50,2,30,,32657,0,0,50,2,70,,32654,0,0,50,2,30,,32660,0,0,50,2,70,,32661,0,0,50,2,30,,32665,0,0,50,2,70,,32669,0,0,50,2,30,,32662,0,0,50,2,70,,32666,0,0,50,2,30,,32670,0,0,50,2,70,,32663,0,0,50,2,30,,32667,0,0,50,2,70,,32671,0,0,50,2,30,,32664,0,0,50,2,74,,32668,0,0,50,2,21,,32672,0,0,50,2,75,,32674,0,0,50,2,20,,32677,0,0,50,2,80,,32673,0,0,50,2,25,,32675,0,0,50,2,70,,32678,0,0,50,2,45,,32676,0,0,50,2,100,,32679,0,0,50,2,100,,32680,0,0,50,2,100,,32681,0,0,50,2,100,,32682,0,0,50,2,100,,32683,0,0,50,2
6101,'F8',700,,32803,0,0,50,2,30,,32800,0,0,50,2,72,,32806,0,0,50,2,17,,32804,0,0,50,2,30,,32801,0,0,50,2,70,,32807,0,0,50,2,30,,32805,0,0,50,2,70,,32802,0,0,50,2,30,,32808,0,0,50,2,70,,32809,0,0,50,2,30,,32813,0,0,50,2,70,,32815,0,0,50,2,30,,32810,0,0,50,2,70,,32814,0,0,50,2,30,,32816,0,0,50,2,70,,32811,0,0,50,2,30,,32817,0,0,50,2,70,,32821,0,0,50,2,30,,32812,0,0,50,2,74,,32818,0,0,50,2,21,,32822,0,0,50,2,75,,32824,0,0,50,2,20,,32819,0,0,50,2,80,,32823,0,0,50,2,25,,32825,0,0,50,2,70,,32820,0,0,50,2,45,,32826,0,0,50,2,100,,32828,0,0,50,2,100,,32827,0,0,50,2,100,,32830,0,0,50,2,100,,32829,0,0,50,2,100,,32831,0,0,50,2
6101,'F9',700,,32835,0,0,50,2,30,,32832,0,0,50,2,72,,32838,0,0,50,2,17,,32836,0,0,50,2,30,,32833,0,0,50,2,70,,32839,0,0,50,2,30,,32837,0,0,50,2,70,,32834,0,0,50,2,30,,32840,0,0,50,2,70,,32841,0,0,50,2,30,,32845,0,0,50,2,70,,32849,0,0,50,2,30,,32842,0,0,50,2,70,,32846,0,0,50,2,30,,32850,0,0,50,2,70,,32843,0,0,50,2,30,,32847,0,0,50,2,70,,32851,0,0,50,2,30,,32844,0,0,50,2,74,,32848,0,0,50,2,21,,32852,0,0,50,2,75,,32854,0,0,50,2,20,,32857,0,0,50,2,80,,32853,0,0,50,2,25,,32855,0,0,50,2,70,,32858,0,0,50,2,45,,32856,0,0,50,2,100,,32859,0,0,50,2,100,,32860,0,0,50,2,100,,32861,0,0,50,2,100,,32862,0,0,50,2,100,,32863,0,0,50,2
6101,'SA',700,,32867,0,0,50,2,30,,32864,0,0,50,2,72,,32870,0,0,50,2,17,,32868,0,0,50,2,30,,32865,0,0,50,2,70,,32871,0,0,50,2,30,,32869,0,0,50,2,70,,32866,0,0,50,2,30,,32872,0,0,50,2,70,,32873,0,0,50,2,30,,32877,0,0,50,2,70,,32879,0,0,50,2,30,,32874,0,0,50,2,70,,32878,0,0,50,2,30,,32880,0,0,50,2,70,,32875,0,0,50,2,30,,32881,0,0,50,2,70,,32885,0,0,50,2,30,,32876,0,0,50,2,74,,32882,0,0,50,2,21,,32886,0,0,50,2,75,,32888,0,0,50,2,20,,32883,0,0,50,2,80,,32887,0,0,50,2,25,,32889,0,0,50,2,70,,32884,0,0,50,2,45,,32890,0,0,50,2,100,,32892,0,0,50,2,100,,32891,0,0,50,2,100,,32894,0,0,50,2,100,,32893,0,0,50,2,100,,32895,0,0,50,2
6101,'SE',538,,32945,0,0,50,2,70,,32947,0,0,50,2,10,,32900,0,0,50,2,14,,32903,0,0,50,2,9,,32897,0,0,50,2,14,,32906,0,0,50,2,54,,32896,0,0,50,2,7,,32910,0,0,50,2,20,,32904,0,0,50,2,9,,32909,0,0,50,2,59,,32901,0,0,50,2,24,,32898,0,0,50,2,22,,32907,0,0,50,2,55,,32911,0,0,50,2,36,,32902,0,0,50,2,70,,32899,0,0,50,2,30,,32908,0,0,50,2,72,,32946,0,0,50,2,30,,32905,0,0,50,2,70,,32912,0,0,50,2,30,,32916,0,0,50,2,70,,32913,0,0,50,2,30,,32914,0,0,50,2,73,,32918,0,0,50,2,21,,32920,0,0,50,2,67,,32923,0,0,50,2,23,,32915,0,0,50,2,20,,32917,0,0,50,2,64,,32925,0,0,50,2,4,,32927,0,0,50,2,25,,32921,0,0,50,2,7,,32922,0,0,50,2,54,,32928,0,0,50,2,13,,32929,0,0,50,2,14,,32919,0,0,50,2,15,,32932,0,0,50,2,6,,32935,0,0,50,2,56,,32926,0,0,50,2,14,,32924,0,0,50,2,24,,32937,0,0,50,2,64,,32930,0,0,50,2,28,,32940,0,0,50,2,69,,32943,0,0,50,2,30,,32933,0,0,50,2,69,,32936,0,0,50,2,30,,32944,0,0,50,2,70,,32931,0,0,50,2,29,,32941,0,0,50,2,70,,32938,0,0,50,2,29,,32934,0,0,50,2,28,,32942,0,0,50,2,70,,32939,0,0,50,2
8200,'SE',1546,,36089,11824,0,52,2,70,,36092,11824,0,52,2,27,,36090,11824,0,52,2,64,,36086,11824,0,52,2,24,,36088,11824,0,52,2,70,,36087,11824,0,52,2,30,,14484,11824,0,52,2,25,,36091,11824,0,52,2
8201,'SE',636,,36113,603,0,52,2,70,,36108,603,0,52,2,30,,36110,603,0,52,2,67,,36109,603,0,52,2,26,,36111,603,0,52,2,30,,36114,603,0,52,2,60,,36112,603,0,52,2
8601,'SE',636,,36635,8622,,,2,85,,36636,8622,,,2,32,,36637,8622,,,2
28401,'SE',904,,39125,4266,0,52,2,100,,39126,4266,0,52,2,100,,39127,4266,0,52,2,100,,39128,4266,0,52,2,100,,39129,4266,0,52,2,100,,39130,4266,0,52,2,100,,39131,4266,0,52,2
