1601,'DI',547,,25074,2888,,,2,100,,25075,2888,,,2,70,,25066,2888,,,2,30,,25076,2888,,,2,70,,25067,2888,,,2,30,,25077,2888,,,2,70,,25068,2888,,,2,30,,25078,2888,,,2,70,,25069,2888,,,2,30,,25079,2888,,,2,70,,25070,2888,,,2,30,,25080,2888,,,2,68,,25071,2888,,,2,32,,25081,2888,,,2,73,,25072,2888,,,2,27,,25082,2888,,,2,70,,25073,2888,,,2,30,,25083,2888,,,2,70,,25085,2888,,,2,30,,25084,2888,,,2,70,,25086,2888,,,2,30,,25088,2888,,,2,70,,25087,2888,,,2,30,,25089,2888,,,2,100,,25090,2888,,,2,100,,25091,2888,,,2,100,,25092,2888,,,2,100,,25093,2888,,,2,100,,25094,2888,,,2,100,,25095,2888,,,2,100,,25096,2888,,,2
1601,'F1',547,,44943,2888,,,2,100,,44944,2888,,,2,70,,44935,2888,,,2,30,,44945,2888,,,2,70,,44936,2888,,,2,30,,44946,2888,,,2,70,,44937,2888,,,2,30,,44947,2888,,,2,70,,44938,2888,,,2,30,,44948,2888,,,2,70,,44939,2888,,,2,30,,44949,2888,,,2,68,,44940,2888,,,2,32,,44950,2888,,,2,73,,44941,2888,,,2,27,,44951,2888,,,2,70,,44942,2888,,,2,30,,44952,2888,,,2,70,,44954,2888,,,2,30,,44953,2888,,,2,70,,44955,2888,,,2,30,,44957,2888,,,2,70,,44956,2888,,,2,30,,44958,2888,,,2,100,,44959,2888,,,2,100,,44960,2888,,,2,100,,44961,2888,,,2,100,,44962,2888,,,2,100,,44963,2888,,,2,100,,44964,2888,,,2,100,,44965,2888,,,2
1601,'F2',547,,44971,2888,,,2,100,,44972,2888,,,2,68,,44975,2888,,,2,32,,44973,2888,,,2,70,,44976,2888,,,2,30,,44974,2888,,,2,70,,44977,2888,,,2,30,,44993,2888,,,2,70,,44978,2888,,,2,30,,44994,2888,,,2,70,,44979,2888,,,2,30,,44995,2888,,,2,70,,44980,2888,,,2,30,,44996,2888,,,2,70,,44986,2888,,,2,30,,44966,2888,,,2,70,,44987,2888,,,2,30,,44967,2888,,,2,70,,44988,2888,,,2,30,,44968,2888,,,2,70,,44989,2888,,,2,30,,44969,2888,,,2,67,,44990,2888,,,2,33,,44970,2888,,,2,100,,44981,2888,,,2,100,,44982,2888,,,2,100,,44983,2888,,,2,100,,44984,2888,,,2,100,,44985,2888,,,2,100,,44991,2888,,,2,100,,44992,2888,,,2
1601,'F8',547,,25220,2888,,,2,100,,25221,2888,,,2,68,,25224,2888,,,2,32,,25222,2888,,,2,70,,25225,2888,,,2,30,,25223,2888,,,2,70,,25226,2888,,,2,30,,25242,2888,,,2,70,,25227,2888,,,2,30,,25243,2888,,,2,70,,25228,2888,,,2,30,,25244,2888,,,2,70,,25229,2888,,,2,30,,25245,2888,,,2,70,,25235,2888,,,2,30,,25215,2888,,,2,70,,25236,2888,,,2,30,,25216,2888,,,2,70,,25237,2888,,,2,30,,25217,2888,,,2,70,,25238,2888,,,2,30,,25218,2888,,,2,67,,25239,2888,,,2,33,,25219,2888,,,2,100,,25230,2888,,,2,100,,25231,2888,,,2,100,,25232,2888,,,2,100,,25233,2888,,,2,100,,25234,2888,,,2,100,,25240,2888,,,2,100,,25241,2888,,,2
1601,'F9',547,,25254,2888,,,2,100,,25255,2888,,,2,70,,25246,2888,,,2,30,,25256,2888,,,2,70,,25247,2888,,,2,30,,25257,2888,,,2,70,,25248,2888,,,2,30,,25258,2888,,,2,70,,25249,2888,,,2,30,,25259,2888,,,2,70,,25250,2888,,,2,30,,25260,2888,,,2,68,,25251,2888,,,2,32,,25261,2888,,,2,73,,25252,2888,,,2,27,,25262,2888,,,2,70,,25253,2888,,,2,30,,25263,2888,,,2,70,,25265,2888,,,2,30,,25264,2888,,,2,70,,25266,2888,,,2,30,,25268,2888,,,2,70,,25267,2888,,,2,30,,25269,2888,,,2,100,,25270,2888,,,2,100,,25271,2888,,,2,100,,25272,2888,,,2,100,,25273,2888,,,2,100,,25274,2888,,,2,100,,25275,2888,,,2,100,,25276,2888,,,2
1601,'SA',547,,25282,2888,,,2,100,,25283,2888,,,2,68,,25286,2888,,,2,32,,25284,2888,,,2,70,,25287,2888,,,2,30,,25285,2888,,,2,70,,25288,2888,,,2,30,,25304,2888,,,2,70,,25289,2888,,,2,30,,25305,2888,,,2,70,,25290,2888,,,2,30,,25306,2888,,,2,70,,25291,2888,,,2,30,,25307,2888,,,2,70,,25297,2888,,,2,30,,25277,2888,,,2,70,,25298,2888,,,2,30,,25278,2888,,,2,70,,25299,2888,,,2,30,,25279,2888,,,2,70,,25300,2888,,,2,30,,25280,2888,,,2,67,,25301,2888,,,2,33,,25281,2888,,,2,100,,25292,2888,,,2,100,,25293,2888,,,2,100,,25294,2888,,,2,100,,25295,2888,,,2,100,,25296,2888,,,2,100,,25302,2888,,,2,100,,25303,2888,,,2
1601,'SE',515,,45005,2888,,,2,30,,45008,2888,,,2,60,,45029,2888,,,2,20,,45010,2888,,,2,20,,45009,2888,,,2,60,,45034,2888,,,2,15,,45006,2888,,,2,15,,45012,2888,,,2,15,,45007,2888,,,2,55,,45011,2888,,,2,19,,45037,2888,,,2,25,,45013,2888,,,2,70,,45032,2888,,,2,30,,44997,2888,,,2,70,,45039,2888,,,2,30,,45027,2888,,,2,70,,45036,2888,,,2,30,,44998,2888,,,2,70,,45014,2888,,,2,30,,45028,2888,,,2,70,,45026,2888,,,2,30,,45003,2888,,,2,70,,45001,2888,,,2,30,,45002,2888,,,2,75,,45038,2888,,,2,20,,45015,2888,,,2,60,,45040,2888,,,2,20,,45030,2888,,,2,19,,45041,2888,,,2,15,,45031,2888,,,2,55,,45022,2888,,,2,15,,45033,2888,,,2,15,,45024,2888,,,2,60,,45035,2888,,,2,17,,45023,2888,,,2,30,,45025,2888,,,2,70,,45004,2888,,,2,28,,45016,2888,,,2,70,,44999,2888,,,2,28,,45017,2888,,,2,70,,45000,2888,,,2,30,,45018,2888,,,2,99,,45019,2888,,,2,100,,45020,2888,,,2,100,,45021,2888,,,2
7301,'DI',513,,33860,5572,,,2,30,,33867,5572,,,2,70,,33861,5572,,,2,30,,33871,5572,,,2,70,,33862,5572,,,2,36,,33872,5572,,,2,71,,33863,5572,,,2,30,,33868,5572,,,2,74,,33864,5572,,,2,31,,33869,5572,,,2,69,,33873,5572,,,2,30,,33858,5572,,,2,70,,33859,5572,,,2,30,,33848,5572,,,2,70,,33851,5572,,,2,30,,33865,5572,,,2,70,,33852,5572,,,2,32,,33874,5572,,,2,70,,33844,5572,,,2,30,,33857,5572,,,2,70,,33842,5572,,,2,30,,33853,5572,,,2,69,,33870,5572,,,2,31,,33845,5572,,,2,68,,33849,5572,,,2,31,,33843,5572,,,2,70,,33854,5572,,,2,33,,33875,5572,,,2,96,,33850,5572,,,2,99,,33866,5572,,,2,98,,33855,5572,,,2,100,,33856,5572,,,2,100,,33846,5572,,,2,100,,33847,5572,,,2
7301,'F1',513,,48402,5572,,,2,30,,48409,5572,,,2,70,,48403,5572,,,2,30,,48413,5572,,,2,70,,48404,5572,,,2,36,,48414,5572,,,2,71,,48405,5572,,,2,30,,48410,5572,,,2,74,,48406,5572,,,2,31,,48411,5572,,,2,69,,48415,5572,,,2,30,,48400,5572,,,2,70,,48401,5572,,,2,30,,48390,5572,,,2,70,,48393,5572,,,2,30,,48407,5572,,,2,70,,48394,5572,,,2,32,,48416,5572,,,2,70,,48386,5572,,,2,30,,48399,5572,,,2,70,,48384,5572,,,2,30,,48395,5572,,,2,69,,48412,5572,,,2,31,,48387,5572,,,2,68,,48391,5572,,,2,31,,48385,5572,,,2,70,,48396,5572,,,2,33,,48417,5572,,,2,96,,48392,5572,,,2,99,,48408,5572,,,2,98,,48397,5572,,,2,100,,48398,5572,,,2,100,,48388,5572,,,2,100,,48389,5572,,,2
7301,'F2',513,,48431,5572,,,2,30,,48450,5572,,,2,70,,48432,5572,,,2,30,,48437,5572,,,2,70,,48435,5572,,,2,36,,48438,5572,,,2,71,,48429,5572,,,2,29,,48441,5572,,,2,75,,48430,5572,,,2,30,,48442,5572,,,2,70,,48436,5572,,,2,30,,48434,5572,,,2,70,,48448,5572,,,2,30,,48418,5572,,,2,70,,48439,5572,,,2,30,,48443,5572,,,2,70,,48423,5572,,,2,31,,48433,5572,,,2,70,,48451,5572,,,2,30,,48426,5572,,,2,70,,48446,5572,,,2,30,,48427,5572,,,2,70,,48428,5572,,,2,25,,48424,5572,,,2,73,,48440,5572,,,2,34,,48425,5572,,,2,73,,48449,5572,,,2,25,,48447,5572,,,2,98,,48444,5572,,,2,102,,48445,5572,,,2,96,,48419,5572,,,2,100,,48420,5572,,,2,100,,48421,5572,,,2,100,,48422,5572,,,2
7301,'F8',513,,34024,5572,,,2,30,,34043,5572,,,2,70,,34025,5572,,,2,30,,34030,5572,,,2,70,,34028,5572,,,2,36,,34031,5572,,,2,71,,34022,5572,,,2,29,,34034,5572,,,2,75,,34023,5572,,,2,30,,34035,5572,,,2,70,,34029,5572,,,2,30,,34027,5572,,,2,70,,34041,5572,,,2,30,,34011,5572,,,2,70,,34032,5572,,,2,30,,34036,5572,,,2,70,,34016,5572,,,2,31,,34026,5572,,,2,70,,34044,5572,,,2,30,,34019,5572,,,2,70,,34039,5572,,,2,30,,34020,5572,,,2,70,,34021,5572,,,2,25,,34017,5572,,,2,73,,34033,5572,,,2,34,,34018,5572,,,2,73,,34042,5572,,,2,25,,34040,5572,,,2,98,,34037,5572,,,2,102,,34038,5572,,,2,96,,34012,5572,,,2,100,,34013,5572,,,2,100,,34014,5572,,,2,100,,34015,5572,,,2
7301,'F9',513,,34063,5572,,,2,30,,34070,5572,,,2,70,,34064,5572,,,2,30,,34074,5572,,,2,70,,34065,5572,,,2,36,,34075,5572,,,2,71,,34066,5572,,,2,30,,34071,5572,,,2,74,,34067,5572,,,2,31,,34072,5572,,,2,69,,34076,5572,,,2,30,,34061,5572,,,2,70,,34062,5572,,,2,30,,34051,5572,,,2,70,,34054,5572,,,2,30,,34068,5572,,,2,70,,34055,5572,,,2,32,,34077,5572,,,2,70,,34047,5572,,,2,30,,34060,5572,,,2,70,,34045,5572,,,2,30,,34056,5572,,,2,69,,34073,5572,,,2,31,,34048,5572,,,2,68,,34052,5572,,,2,31,,34046,5572,,,2,70,,34057,5572,,,2,33,,34078,5572,,,2,96,,34053,5572,,,2,99,,34069,5572,,,2,98,,34058,5572,,,2,100,,34059,5572,,,2,100,,34049,5572,,,2,100,,34050,5572,,,2
7301,'SA',513,,34089,5572,,,2,30,,34108,5572,,,2,70,,34090,5572,,,2,30,,34095,5572,,,2,70,,34093,5572,,,2,36,,34096,5572,,,2,71,,34087,5572,,,2,29,,34099,5572,,,2,75,,34088,5572,,,2,30,,34100,5572,,,2,70,,34094,5572,,,2,30,,34092,5572,,,2,70,,34106,5572,,,2,30,,34079,5572,,,2,70,,34097,5572,,,2,30,,34101,5572,,,2,70,,12643,5572,,,2,31,,34091,5572,,,2,70,,34109,5572,,,2,30,,34084,5572,,,2,70,,34104,5572,,,2,30,,34085,5572,,,2,70,,34086,5572,,,2,25,,12644,5572,,,2,73,,34098,5572,,,2,34,,12645,5572,,,2,73,,34107,5572,,,2,25,,34105,5572,,,2,98,,34102,5572,,,2,102,,34103,5572,,,2,96,,34080,5572,,,2,100,,34081,5572,,,2,100,,34082,5572,,,2,100,,34083,5572,,,2
7301,'SE',500,,48480,5572,,,2,20,,48497,5572,,,2,20,,48474,5572,,,2,60,,48481,5572,,,2,20,,48510,5572,,,2,12,,48465,5572,,,2,13,,48486,5572,,,2,10,,48499,5572,,,2,50,,48482,5572,,,2,10,,48453,5572,,,2,8,,48463,5572,,,2,7,,48514,5572,,,2,7,,48505,5572,,,2,7,,48496,5572,,,2,7,,48498,5572,,,2,49,,48457,5572,,,2,10,,48483,5572,,,2,10,,48476,5572,,,2,9,,48466,5572,,,2,15,,48502,5572,,,2,14,,48458,5572,,,2,55,,48500,5572,,,2,20,,48494,5572,,,2,20,,48487,5572,,,2,60,,48452,5572,,,2,20,,48462,5572,,,2,20,,48475,5572,,,2,60,,48464,5572,,,2,20,,48467,5572,,,2,22,,48455,5572,,,2,60,,48506,5572,,,2,20,,48484,5572,,,2,20,,48495,5572,,,2,60,,48456,5572,,,2,20,,48470,5572,,,2,20,,48459,5572,,,2,60,,48507,5572,,,2,20,,48485,5572,,,2,20,,48477,5572,,,2,62,,48509,5572,,,2,20,,48468,5572,,,2,64,,48460,5572,,,2,22,,48478,5572,,,2,21,,48511,5572,,,2,15,,48461,5572,,,2,56,,48489,5572,,,2,24,,48479,5572,,,2,15,,48512,5572,,,2,61,,48490,5572,,,2,22,,48471,5572,,,2,21,,48488,5572,,,2,66,,48504,5572,,,2,30,,48472,5572,,,2,69,,48503,5572,,,2,30,,48501,5572,,,2,70,,48513,5572,,,2,30,,48473,5572,,,2,70,,48469,5572,,,2,30,,48508,5572,,,2,70,,48454,5572,,,2,30,,48491,5572,,,2,66,,48493,5572,,,2,30,,48492,5572,,,2
