801,'DI',541,,23101,9613,,,1,70,,2745,9613,,,1,30,,2752,9613,,,1,70,,23108,9613,,,1,30,,23102,9613,,,1,71,,2746,9613,,,1,30,,2753,9613,,,1,70,,23109,9613,,,1,28,,23103,9613,,,1,70,,2747,9613,,,1,30,,2754,9613,,,1,68,,23110,9613,,,1,30,,23104,9613,,,1,70,,2748,9613,,,1,30,,2755,9613,,,1,70,,23111,9613,,,1,31,,2741,9613,,,1,70,,2749,9613,,,1,31,,2756,9613,,,1,70,,23112,9613,,,1,30,,23106,9613,,,1,70,,2750,9613,,,1,30,,23115,9613,,,1,70,,23113,9613,,,1,19,,23105,9613,,,1,15,,23107,9613,,,1,70,,2751,9613,,,1,28,,23116,9613,,,1,70,,23114,9613,,,1,45,,2742,9613,,,1,101,,23117,9613,,,1,100,,2743,9613,,,1,99,,23118,9613,,,1,100,,2744,9613,,,1,99,,23119,9613,,,1
801,'F1',541,,44174,9613,,,1,70,,44182,9613,,,1,30,,44189,9613,,,1,70,,44197,9613,,,1,30,,44175,9613,,,1,71,,44183,9613,,,1,30,,44190,9613,,,1,70,,44198,9613,,,1,28,,44176,9613,,,1,70,,44184,9613,,,1,30,,44191,9613,,,1,68,,44199,9613,,,1,30,,44177,9613,,,1,70,,44185,9613,,,1,30,,44192,9613,,,1,70,,44200,9613,,,1,31,,44178,9613,,,1,70,,44186,9613,,,1,31,,44193,9613,,,1,70,,44201,9613,,,1,30,,44195,9613,,,1,70,,44187,9613,,,1,30,,44204,9613,,,1,70,,44202,9613,,,1,19,,44194,9613,,,1,15,,44196,9613,,,1,70,,44188,9613,,,1,28,,44205,9613,,,1,70,,44203,9613,,,1,45,,44179,9613,,,1,101,,44206,9613,,,1,100,,44180,9613,,,1,99,,44207,9613,,,1,100,,44181,9613,,,1,99,,44208,9613,,,1
801,'F2',541,,44213,9613,,,1,70,,44225,9613,,,1,30,,44228,9613,,,1,70,,44231,9613,,,1,30,,44214,9613,,,1,71,,44226,9613,,,1,30,,44229,9613,,,1,70,,44232,9613,,,1,27,,44215,9613,,,1,68,,44227,9613,,,1,30,,44230,9613,,,1,70,,44233,9613,,,1,31,,44216,9613,,,1,70,,44221,9613,,,1,31,,44238,9613,,,1,70,,44234,9613,,,1,31,,44217,9613,,,1,70,,44222,9613,,,1,30,,44239,9613,,,1,70,,44235,9613,,,1,30,,44242,9613,,,1,70,,44223,9613,,,1,30,,44240,9613,,,1,70,,44236,9613,,,1,25,,44209,9613,,,1,10,,44243,9613,,,1,61,,44224,9613,,,1,30,,44241,9613,,,1,70,,44237,9613,,,1,50,,44210,9613,,,1,100,,44218,9613,,,1,100,,44211,9613,,,1,99,,44219,9613,,,1,100,,44212,9613,,,1,101,,44220,9613,,,1
801,'F8',541,,23268,9613,,,1,70,,23280,9613,,,1,30,,23283,9613,,,1,70,,23286,9613,,,1,30,,23269,9613,,,1,71,,23281,9613,,,1,30,,23284,9613,,,1,70,,23287,9613,,,1,27,,23270,9613,,,1,68,,23282,9613,,,1,30,,23285,9613,,,1,70,,23288,9613,,,1,31,,23271,9613,,,1,70,,23276,9613,,,1,31,,23293,9613,,,1,70,,23289,9613,,,1,31,,23272,9613,,,1,70,,23277,9613,,,1,30,,23294,9613,,,1,70,,23290,9613,,,1,30,,23297,9613,,,1,70,,23278,9613,,,1,30,,23295,9613,,,1,70,,23291,9613,,,1,25,,23264,9613,,,1,10,,23298,9613,,,1,61,,23279,9613,,,1,30,,23296,9613,,,1,70,,23292,9613,,,1,50,,23265,9613,,,1,100,,23273,9613,,,1,100,,23266,9613,,,1,99,,23274,9613,,,1,100,,23267,9613,,,1,101,,23275,9613,,,1
801,'F9',541,,23299,9613,,,1,70,,23307,9613,,,1,30,,23314,9613,,,1,70,,23322,9613,,,1,30,,23300,9613,,,1,71,,23308,9613,,,1,30,,23315,9613,,,1,70,,23323,9613,,,1,28,,23301,9613,,,1,70,,23309,9613,,,1,30,,23316,9613,,,1,68,,23324,9613,,,1,30,,23302,9613,,,1,70,,23310,9613,,,1,30,,23317,9613,,,1,70,,23325,9613,,,1,31,,23303,9613,,,1,70,,23311,9613,,,1,31,,23318,9613,,,1,70,,23326,9613,,,1,30,,23320,9613,,,1,70,,23312,9613,,,1,30,,23329,9613,,,1,70,,23327,9613,,,1,19,,23319,9613,,,1,15,,23321,9613,,,1,70,,23313,9613,,,1,28,,23330,9613,,,1,70,,23328,9613,,,1,45,,23304,9613,,,1,101,,23331,9613,,,1,100,,23305,9613,,,1,99,,23332,9613,,,1,100,,23306,9613,,,1,99,,23333,9613,,,1
801,'SA',541,,23338,9613,,,1,70,,23350,9613,,,1,30,,23353,9613,,,1,70,,23356,9613,,,1,30,,23339,9613,,,1,71,,23351,9613,,,1,30,,23354,9613,,,1,70,,23357,9613,,,1,27,,23340,9613,,,1,68,,23352,9613,,,1,30,,23355,9613,,,1,70,,23358,9613,,,1,31,,23341,9613,,,1,70,,23346,9613,,,1,31,,23363,9613,,,1,70,,23359,9613,,,1,31,,23342,9613,,,1,70,,23347,9613,,,1,30,,23364,9613,,,1,70,,23360,9613,,,1,30,,2977,9613,,,1,70,,23348,9613,,,1,30,,23365,9613,,,1,70,,23361,9613,,,1,25,,23334,9613,,,1,10,,2978,9613,,,1,61,,23349,9613,,,1,30,,23366,9613,,,1,70,,23362,9613,,,1,50,,23335,9613,,,1,100,,23343,9613,,,1,100,,23336,9613,,,1,99,,23344,9613,,,1,100,,23337,9613,,,1,101,,23345,9613,,,1
801,'SE',507,,44283,9613,,,1,33,,44246,9613,,,1,67,,44285,9613,,,1,21,,44287,9613,,,1,20,,44290,9613,,,1,55,,44288,9613,,,1,8,,44250,9613,,,1,14,,44268,9613,,,1,7,,44295,9613,,,1,8,,44247,9613,,,1,9,,44289,9613,,,1,63,,44286,9613,,,1,19,,44261,9613,,,1,18,,44291,9613,,,1,54,,44282,9613,,,1,15,,44251,9613,,,1,14,,44269,9613,,,1,15,,44248,9613,,,1,57,,44272,9613,,,1,15,,44259,9613,,,1,14,,44262,9613,,,1,15,,44265,9613,,,1,56,,44305,9613,,,1,15,,44252,9613,,,1,15,,44270,9613,,,1,15,,44249,9613,,,1,55,,44273,9613,,,1,15,,44275,9613,,,1,16,,44254,9613,,,1,15,,44263,9613,,,1,55,,44292,9613,,,1,15,,44306,9613,,,1,15,,44303,9613,,,1,15,,44271,9613,,,1,55,,44244,9613,,,1,15,,44274,9613,,,1,18,,44260,9613,,,1,15,,44255,9613,,,1,53,,44307,9613,,,1,20,,44266,9613,,,1,11,,44293,9613,,,1,10,,44253,9613,,,1,54,,44297,9613,,,1,16,,44296,9613,,,1,16,,44245,9613,,,1,15,,44276,9613,,,1,53,,44279,9613,,,1,16,,44264,9613,,,1,15,,44300,9613,,,1,15,,44267,9613,,,1,55,,44294,9613,,,1,21,,44298,9613,,,1,23,,44299,9613,,,1,67,,44280,9613,,,1,28,,44301,9613,,,1,71,,44284,9613,,,1,29,,44256,9613,,,1,73,,44308,9613,,,1,27,,44302,9613,,,1,12,,44277,9613,,,1,60,,44281,9613,,,1,29,,44257,9613,,,1,60,,44304,9613,,,1,52,,44278,9613,,,1,100,,44258,9613,,,1
2200,'SE',607,,45806,531,,,2,52,,45808,531,,,2,65,,45807,531,,,2,893,,45809,531,,,2,40,,45811,531,,,2,60,,45805,531,,,2,30,,45810,531,,,2,80,,45812,531,,,2
2801,'DI',928,,27810,3290,,,1,100,,27815,3290,,,1,100,,27813,3290,,,1,101,,27811,3290,,,1,100,,27812,3290,,,1,100,,27816,3290,,,1,99,,27819,3290,,,1,99,,27818,3290,,,1,96,,27817,3290,,,1,105,,27814,3290,,,1
2801,'F1',928,,45978,3290,,,1,100,,45983,3290,,,1,100,,45981,3290,,,1,101,,45979,3290,,,1,100,,45980,3290,,,1,100,,45984,3290,,,1,99,,45987,3290,,,1,99,,45986,3290,,,1,96,,45985,3290,,,1,105,,45982,3290,,,1
2801,'F2',928,,45995,3290,,,1,100,,45990,3290,,,1,100,,45988,3290,,,1,101,,45992,3290,,,1,100,,45991,3290,,,1,100,,45993,3290,,,1,99,,45989,3290,,,1,96,,45997,3290,,,1,99,,45996,3290,,,1,105,,45994,3290,,,1
2801,'F8',928,,27885,3290,,,1,100,,27880,3290,,,1,100,,27878,3290,,,1,101,,27882,3290,,,1,100,,27881,3290,,,1,100,,27883,3290,,,1,99,,27879,3290,,,1,96,,27887,3290,,,1,99,,27886,3290,,,1,105,,27884,3290,,,1
2801,'F9',928,,27888,3290,,,1,100,,27893,3290,,,1,100,,27891,3290,,,1,101,,27889,3290,,,1,100,,27890,3290,,,1,100,,27894,3290,,,1,99,,27897,3290,,,1,99,,27896,3290,,,1,96,,27895,3290,,,1,105,,27892,3290,,,1
2801,'SA',928,,27904,3290,,,1,100,,27900,3290,,,1,100,,27898,3290,,,1,101,,27901,3290,,,1,100,,7052,3290,,,1,100,,27902,3290,,,1,99,,27899,3290,,,1,96,,27906,3290,,,1,99,,27905,3290,,,1,105,,27903,3290,,,1
2801,'SE',638,,46024,3290,,,1,19,,46030,4999,,,1,61,,46025,3290,,,1,19,,46031,4999,,,1,69,,46035,4999,,,1,22,,46019,3290,,,1,16,,46029,4999,,,1,68,,46023,3290,,,1,29,,46009,3290,,,1,70,,46001,3290,,,1,30,,46005,3290,,,1,70,,46010,3290,,,1,30,,46002,3290,,,1,70,,46006,3290,,,1,30,,46011,3290,,,1,70,,46003,3290,,,1,30,,46007,3290,,,1,70,,46012,3290,,,1,30,,46004,3290,,,1,61,,46013,3290,,,1,12,,46008,3290,,,1,17,,46015,3290,,,1,10,,46032,4999,,,1,17,,45999,3290,,,1,53,,46017,3290,,,1,15,,46021,3290,,,1,18,,46034,4999,,,1,13,,46014,3290,,,1,56,,46016,3290,,,1,13,,46033,4999,,,1,18,,46018,3290,,,1,14,,46020,3290,,,1,63,,46026,3290,,,1,21,,45998,3290,,,1,63,,46022,3290,,,1,100,,46000,3290,,,1,100,,46027,3290,,,1,100,,46028,3290,,,1
8801,'DI',628,,36910,8885,,,1,30,,36915,8885,,,1,70,,36921,8885,,,1,30,,36931,8885,,,1,69,,36911,8885,,,1,30,,36916,8885,,,1,70,,36922,8885,,,1,28,,36932,8885,,,1,69,,36912,8885,,,1,30,,36917,8885,,,1,69,,36923,8885,,,1,30,,36933,8885,,,1,70,,36913,8885,,,1,30,,36918,8885,,,1,70,,36924,8885,,,1,31,,36934,8885,,,1,70,,36914,8885,,,1,31,,36919,8885,,,1,71,,36925,8885,,,1,29,,15257,8885,,,1,70,,36926,8885,,,1,30,,36920,8885,,,1,70,,36935,8885,,,1,34,,15258,8885,,,1,62,,36927,8885,,,1,106,,36936,8885,,,1,101,,36928,8885,,,1,100,,36937,8885,,,1,100,,36929,8885,,,1,100,,36938,8885,,,1,99,,36930,8885,,,1
8801,'F1',628,,49632,8885,,,1,30,,49637,8885,,,1,70,,49643,8885,,,1,30,,49653,8885,,,1,69,,49633,8885,,,1,30,,49638,8885,,,1,70,,49644,8885,,,1,28,,49654,8885,,,1,69,,49634,8885,,,1,30,,49639,8885,,,1,69,,49645,8885,,,1,30,,49655,8885,,,1,70,,49635,8885,,,1,30,,49640,8885,,,1,70,,49646,8885,,,1,31,,49656,8885,,,1,70,,49636,8885,,,1,31,,49641,8885,,,1,71,,49647,8885,,,1,29,,49630,8885,,,1,70,,49648,8885,,,1,30,,49642,8885,,,1,70,,49657,8885,,,1,34,,49631,8885,,,1,62,,49649,8885,,,1,106,,49658,8885,,,1,101,,49650,8885,,,1,100,,49659,8885,,,1,100,,49651,8885,,,1,100,,49660,8885,,,1,99,,49652,8885,,,1
8801,'F2',626,,49664,8885,,,1,30,,49663,8885,,,1,70,,49685,8885,,,1,28,,49676,8885,,,1,70,,49665,8885,,,1,30,,49689,8885,,,1,71,,49686,8885,,,1,27,,49677,8885,,,1,70,,49669,8885,,,1,29,,49690,8885,,,1,70,,49687,8885,,,1,31,,49678,8885,,,1,70,,49670,8885,,,1,31,,49682,8885,,,1,68,,49666,8885,,,1,31,,49679,8885,,,1,70,,49671,8885,,,1,30,,49683,8885,,,1,70,,49667,8885,,,1,30,,49661,8885,,,1,70,,49672,8885,,,1,31,,49684,8885,,,1,68,,49668,8885,,,1,32,,49662,8885,,,1,62,,49691,8885,,,1,109,,49680,8885,,,1,100,,49673,8885,,,1,100,,49681,8885,,,1,100,,49674,8885,,,1,98,,49688,8885,,,1,100,,49675,8885,,,1
8801,'F8',626,,37048,8885,,,1,30,,37047,8885,,,1,70,,37069,8885,,,1,28,,37060,8885,,,1,70,,37049,8885,,,1,30,,37073,8885,,,1,71,,37070,8885,,,1,27,,37061,8885,,,1,70,,37053,8885,,,1,29,,37074,8885,,,1,70,,37071,8885,,,1,31,,37062,8885,,,1,70,,37054,8885,,,1,31,,37066,8885,,,1,68,,37050,8885,,,1,31,,37063,8885,,,1,70,,37055,8885,,,1,30,,37067,8885,,,1,70,,37051,8885,,,1,30,,37045,8885,,,1,70,,37056,8885,,,1,31,,37068,8885,,,1,68,,37052,8885,,,1,32,,37046,8885,,,1,62,,37075,8885,,,1,109,,37064,8885,,,1,100,,37057,8885,,,1,100,,37065,8885,,,1,100,,37058,8885,,,1,98,,37072,8885,,,1,100,,37059,8885,,,1
8801,'F9',628,,37078,8885,,,1,30,,37083,8885,,,1,70,,37089,8885,,,1,30,,37099,8885,,,1,69,,37079,8885,,,1,30,,37084,8885,,,1,70,,37090,8885,,,1,28,,37100,8885,,,1,69,,37080,8885,,,1,30,,37085,8885,,,1,69,,37091,8885,,,1,30,,37101,8885,,,1,70,,37081,8885,,,1,30,,37086,8885,,,1,70,,37092,8885,,,1,31,,37102,8885,,,1,70,,37082,8885,,,1,31,,37087,8885,,,1,71,,37093,8885,,,1,29,,37076,8885,,,1,70,,37094,8885,,,1,30,,37088,8885,,,1,70,,37103,8885,,,1,34,,37077,8885,,,1,62,,37095,8885,,,1,106,,37104,8885,,,1,101,,37096,8885,,,1,100,,37105,8885,,,1,100,,37097,8885,,,1,100,,37106,8885,,,1,99,,37098,8885,,,1
8801,'SA',626,,37110,8885,,,1,30,,37109,8885,,,1,70,,37131,8885,,,1,28,,37122,8885,,,1,70,,37111,8885,,,1,30,,37134,8885,,,1,71,,37132,8885,,,1,27,,37123,8885,,,1,70,,37115,8885,,,1,29,,37135,8885,,,1,70,,37133,8885,,,1,31,,37124,8885,,,1,70,,37116,8885,,,1,31,,37128,8885,,,1,68,,37112,8885,,,1,31,,37125,8885,,,1,70,,37117,8885,,,1,30,,37129,8885,,,1,70,,37113,8885,,,1,30,,37107,8885,,,1,70,,37118,8885,,,1,31,,37130,8885,,,1,68,,37114,8885,,,1,32,,37108,8885,,,1,62,,37136,8885,,,1,109,,37126,8885,,,1,100,,37119,8885,,,1,100,,37127,8885,,,1,100,,37120,8885,,,1,98,,15458,8885,,,1,100,,37121,8885,,,1
8801,'SE',624,,49700,8885,,,1,20,,49692,8885,,,1,10,,49714,8885,,,1,54,,49719,8885,,,1,8,,49702,8885,,,1,13,,49721,8885,,,1,15,,49720,8885,,,1,10,,49693,8885,,,1,46,,49710,8885,,,1,18,,49718,8885,,,1,18,,49708,8885,,,1,20,,49732,8885,,,1,70,,49734,8885,,,1,30,,49733,8885,,,1,70,,49697,8885,,,1,30,,49727,8885,,,1,70,,49728,8885,,,1,30,,49694,8885,,,1,70,,49699,8885,,,1,30,,49703,8885,,,1,70,,49696,8885,,,1,30,,49695,8885,,,1,73,,49705,8885,,,1,29,,49701,8885,,,1,60,,49713,8885,,,1,18,,49730,8885,,,1,18,,49722,8885,,,1,52,,49704,8885,,,1,15,,49711,8885,,,1,19,,49715,8885,,,1,12,,49709,8885,,,1,55,,49698,8885,,,1,14,,49736,8885,,,1,16,,49735,8885,,,1,16,,49731,8885,,,1,56,,49723,8885,,,1,19,,49712,8885,,,1,27,,49716,8885,,,1,72,,49737,8885,,,1,30,,49706,8885,,,1,69,,49729,8885,,,1,30,,49717,8885,,,1,70,,49707,8885,,,1,102,,49724,8885,,,1,98,,49726,8885,,,1,100,,49725,8885,,,1
