9300,'SE',1630,,49739,4909,0,39 20,2,80,,49740,4909,0,39 20,2,20,,49738,4909,0,39 20,2,70,,49741,4909,0,39 20,2,40,,49742,4909,0,39 20,2
16000,'DI',727,,38365,17023,,,1,100,,38368,17023,,,1,100,,38371,17023,,,1,100,,38366,17023,,,1,100,,38372,17023,,,1,100,,38364,17023,,,1,100,,38373,17023,,,1,100,,38362,17023,,,1,100,,38360,17023,,,1,100,,38369,17023,,,1,100,,38367,17023,,,1,100,,38374,17023,,,1,100,,38370,17023,,,1,102,,38363,17023,,,1,98,,38361,17023,,,1
16000,'F1',727,,50212,17023,,,1,100,,50215,17023,,,1,100,,50218,17023,,,1,100,,50213,17023,,,1,100,,50219,17023,,,1,100,,50211,17023,,,1,100,,50220,17023,,,1,100,,50209,17023,,,1,100,,50207,17023,,,1,100,,50216,17023,,,1,100,,50214,17023,,,1,100,,50221,17023,,,1,100,,50217,17023,,,1,102,,50210,17023,,,1,98,,50208,17023,,,1
16000,'F2',727,,50226,17023,,,1,99,,50229,17023,,,1,101,,50225,17023,,,1,100,,50222,17023,,,1,100,,50228,17023,,,1,99,,50233,17023,,,1,101,,50223,17023,,,1,100,,50227,17023,,,1,100,,50234,17023,,,1,100,,50230,17023,,,1,100,,50224,17023,,,1,100,,50235,17023,,,1,100,,50231,17023,,,1,101,,50236,17023,,,1,99,,50232,17023,,,1
16000,'F8',727,,38429,17023,,,1,99,,38432,17023,,,1,101,,38428,17023,,,1,100,,38425,17023,,,1,100,,38431,17023,,,1,99,,38436,17023,,,1,101,,38426,17023,,,1,100,,38430,17023,,,1,100,,38437,17023,,,1,100,,38433,17023,,,1,100,,38427,17023,,,1,100,,38438,17023,,,1,100,,38434,17023,,,1,101,,38439,17023,,,1,99,,38435,17023,,,1
16000,'F9',727,,38445,17023,,,1,100,,38448,17023,,,1,100,,38451,17023,,,1,100,,38446,17023,,,1,100,,38452,17023,,,1,100,,38444,17023,,,1,100,,38453,17023,,,1,100,,38442,17023,,,1,100,,38440,17023,,,1,100,,38449,17023,,,1,100,,38447,17023,,,1,100,,38454,17023,,,1,100,,38450,17023,,,1,102,,38443,17023,,,1,98,,38441,17023,,,1
16000,'SA',727,,38459,17023,,,1,99,,16667,17023,,,1,101,,38458,17023,,,1,100,,38455,17023,,,1,100,,38461,17023,,,1,99,,38464,17023,,,1,101,,38456,17023,,,1,100,,38460,17023,,,1,100,,38465,17023,,,1,100,,16668,17023,,,1,100,,38457,17023,,,1,100,,38466,17023,,,1,100,,38462,17023,,,1,101,,38467,17023,,,1,99,,38463,17023,,,1
16000,'SE',638,,50239,17023,,,1,95,,50249,17023,,,1,84,,50247,17023,,,1,90,,50250,17023,,,1,50,,50248,17023,,,1,86,,50240,17023,,,1,101,,50241,17023,,,1,100,,50242,17023,,,1,100,,50251,17023,,,1,100,,50246,17023,,,1,101,,50253,17023,,,1,70,,50259,17023,,,1,28,,50237,17023,,,1,64,,50252,17023,,,1,35,,50254,17023,,,1,65,,50255,17023,,,1,27,,50245,17023,,,1,70,,50260,17023,,,1,30,,50243,17023,,,1,86,,50238,17023,,,1,97,,50244,17023,,,1,98,,50257,17023,,,1,92,,50256,17023,,,1,100,,50258,17023,,,1
19900,'SE',1616,,50477,16831,,,2,30,,50472,16831,,,2,73,,50475,16831,,,2,27,,50473,16831,,,2,69,,50474,16831,,,2,30,,50476,16831,,,2
19901,'SE',616,,50481,565,,,2,27,,50478,565,,,2,73,,50480,565,,,2,31,,50479,565,,,2
