1301,'DI',631,,54120,4607,,,1,100,,54114,4607,,,1,100,,54121,4607,,,1,100,,54117,4607,,,1,100,,54131,4607,,,1,100,,54122,4607,,,1,100,,54118,4607,,,1,100,,54125,4607,,,1,100,,54132,4607,,,1,100,,54123,4607,,,1,100,,54115,4607,,,1,100,,54130,4607,,,1,100,,54127,4607,,,1,100,,54116,4607,,,1,100,,54119,4607,,,1,100,,54128,4607,,,1,100,,54126,4607,,,1,100,,54124,4607,,,1,100,,54133,4607,,,1,100,,54129,4607,,,1
1301,'F1',631,,54140,4607,,,1,100,,54134,4607,,,1,100,,54141,4607,,,1,100,,54137,4607,,,1,100,,54151,4607,,,1,100,,54142,4607,,,1,100,,54138,4607,,,1,100,,54145,4607,,,1,100,,54152,4607,,,1,100,,54143,4607,,,1,100,,54135,4607,,,1,100,,54150,4607,,,1,100,,54147,4607,,,1,100,,54136,4607,,,1,100,,54139,4607,,,1,100,,54148,4607,,,1,100,,54146,4607,,,1,100,,54144,4607,,,1,100,,54153,4607,,,1,100,,54149,4607,,,1
1301,'F2',631,,54154,4607,,,1,100,,54164,4607,,,1,100,,54155,4607,,,1,100,,54165,4607,,,1,100,,54166,4607,,,1,100,,54172,4607,,,1,100,,54167,4607,,,1,100,,54158,4607,,,1,100,,54160,4607,,,1,100,,54173,4607,,,1,100,,54157,4607,,,1,100,,54168,4607,,,1,100,,54161,4607,,,1,100,,54156,4607,,,1,100,,54159,4607,,,1,100,,54169,4607,,,1,100,,54162,4607,,,1,100,,54170,4607,,,1,100,,54163,4607,,,1,100,,54171,4607,,,1
1301,'SA',631,,54174,4607,,,1,100,,54184,4607,,,1,100,,54175,4607,,,1,100,,54185,4607,,,1,100,,54186,4607,,,1,100,,54192,4607,,,1,100,,54187,4607,,,1,100,,54178,4607,,,1,100,,54180,4607,,,1,100,,54193,4607,,,1,100,,54177,4607,,,1,100,,54188,4607,,,1,100,,54181,4607,,,1,100,,54176,4607,,,1,100,,54179,4607,,,1,100,,54189,4607,,,1,100,,54182,4607,,,1,100,,54190,4607,,,1,100,,54183,4607,,,1,100,,54191,4607,,,1
1301,'SE',537,,54207,4607,,,1,72,,54199,4607,,,1,30,,54200,4607,,,1,17,,54204,4607,,,1,54,,44597,4607,,,1,13,,54212,4607,,,1,14,,54196,4607,,,1,20,,54210,4607,,,1,54,,54217,4607,,,1,13,,44598,4607,,,1,15,,54226,4607,,,1,15,,54213,4607,,,1,60,,54221,4607,,,1,29,,54233,4607,,,1,70,,54194,4607,,,1,30,,54231,4607,,,1,70,,54215,4607,,,1,30,,54216,4607,,,1,70,,54222,4607,,,1,31,,54208,4607,,,1,70,,54234,4607,,,1,30,,54195,4607,,,1,70,,54232,4607,,,1,30,,54223,4607,,,1,69,,54218,4607,,,1,34,,54203,4607,,,1,69,,54209,4607,,,1,27,,54197,4607,,,1,15,,54229,4607,,,1,60,,54211,4607,,,1,22,,54227,4607,,,1,18,,54201,4607,,,1,60,,54205,4607,,,1,29,,54228,4607,,,1,69,,54219,4607,,,1,30,,54230,4607,,,1,70,,54198,4607,,,1,30,,54224,4607,,,1,70,,54225,4607,,,1,30,,54214,4607,,,1,100,,54220,4607,,,1,100,,54202,4607,,,1,100,,54206,4607,,,1,98,,44602,4607,,,1
3701,'SE',634,,57033,2247,,,2,70,,57034,2247,,,2,30,,57036,2247,,,2,70,,57035,2247,,,2,30,,57037,2247,,,2
52600,'SE',1645,,63430,9216,4,,2,1,,63431,9216,4,,2
61301,'SE',854,,63496,3595,,,2
61801,'SE',846,,63500,4520,,,2
69501,'SE',838,,63589,1488,,,2,1,,63590,1488,,,2
