5400,'DI',707,,31627,7232,,,1,100,,31620,7232,,,1,101,,31614,7232,,,1,102,,31621,7232,,,1,100,,31615,7232,,,1,100,,31602,7232,,,1,31,,31624,7232,,,1,70,,31625,7232,,,1,30,,31603,7232,,,1,70,,31616,7232,,,1,30,,31607,7232,,,1,70,,31626,7232,,,1,30,,31622,7232,,,1,70,,31613,7232,,,1,30,,31617,7232,,,1,70,,31618,7232,,,1,29,,31608,7232,,,1,73,,31623,7232,,,1,34,,31619,7232,,,1,63,,31604,7232,,,1,100,,31605,7232,,,1,100,,31606,7232,,,1,100,,31609,7232,,,1,100,,31610,7232,,,1,99,,31611,7232,,,1,100,,31612,7232,,,1
5400,'F8',707,,31737,7232,,,1,30,,31745,7232,,,1,70,,31740,7232,,,1,31,,31739,7232,,,1,70,,31738,7232,,,1,32,,31729,7232,,,1,70,,31727,7232,,,1,30,,31746,7232,,,1,70,,31735,7232,,,1,30,,31728,7232,,,1,70,,31730,7232,,,1,31,,31736,7232,,,1,70,,31747,7232,,,1,30,,31731,7232,,,1,70,,31741,7232,,,1,30,,31748,7232,,,1,70,,31724,7232,,,1,30,,31742,7232,,,1,70,,31732,7232,,,1,30,,31725,7232,,,1,70,,31743,7232,,,1,29,,31733,7232,,,1,73,,31726,7232,,,1,30,,31744,7232,,,1,67,,31734,7232,,,1,100,,31749,7232,,,1,100,,31750,7232,,,1,100,,31751,7232,,,1,100,,31752,7232,,,1,99,,31753,7232,,,1,100,,31754,7232,,,1
5400,'F9',707,,31780,7232,,,1,100,,31773,7232,,,1,101,,31767,7232,,,1,102,,31774,7232,,,1,100,,31768,7232,,,1,100,,31755,7232,,,1,31,,31777,7232,,,1,70,,31778,7232,,,1,30,,31756,7232,,,1,70,,31769,7232,,,1,30,,31760,7232,,,1,70,,31779,7232,,,1,30,,31775,7232,,,1,70,,31766,7232,,,1,30,,31770,7232,,,1,70,,31771,7232,,,1,29,,31761,7232,,,1,73,,31776,7232,,,1,34,,31772,7232,,,1,63,,31757,7232,,,1,100,,31758,7232,,,1,100,,31759,7232,,,1,100,,31762,7232,,,1,100,,31763,7232,,,1,99,,31764,7232,,,1,100,,31765,7232,,,1
5400,'SA',707,,31794,7232,,,1,30,,31802,7232,,,1,70,,31797,7232,,,1,31,,31796,7232,,,1,70,,31795,7232,,,1,32,,31786,7232,,,1,70,,31784,7232,,,1,30,,10589,7232,,,1,70,,31792,7232,,,1,30,,31785,7232,,,1,70,,31787,7232,,,1,31,,31793,7232,,,1,70,,31803,7232,,,1,30,,31788,7232,,,1,70,,31798,7232,,,1,30,,10591,7232,,,1,70,,31781,7232,,,1,30,,31799,7232,,,1,70,,31789,7232,,,1,30,,31782,7232,,,1,70,,31800,7232,,,1,29,,31790,7232,,,1,73,,31783,7232,,,1,30,,31801,7232,,,1,67,,31791,7232,,,1,100,,31804,7232,,,1,100,,31805,7232,,,1,100,,31806,7232,,,1,100,,31807,7232,,,1,99,,31808,7232,,,1,100,,31809,7232,,,1
5400,'SE',701,,31823,7232,,,1,36,,31812,7232,,,1,71,,31822,7232,,,1,34,,31815,7232,,,1,72,,31838,7232,,,1,30,,31835,7232,,,1,70,,31839,7232,,,1,30,,31830,7232,,,1,70,,31827,7232,,,1,30,,31819,7232,,,1,70,,31837,7232,,,1,30,,31811,7232,,,1,71,,31840,7232,,,1,30,,31821,7232,,,1,70,,31814,7232,,,1,30,,31828,7232,,,1,66,,31816,7232,,,1,27,,31826,7232,,,1,70,,31817,7232,,,1,30,,31825,7232,,,1,74,,31829,7232,,,1,23,,31833,7232,,,1,75,,31818,7232,,,1,28,,31841,7232,,,1,75,,31836,7232,,,1,29,,31831,7232,,,1,68,,31810,7232,,,1,30,,31842,7232,,,1,70,,31834,7232,,,1,30,,31813,7232,,,1,68,,31843,7232,,,1,100,,31832,7232,,,1,99,,31820,7232,,,1,100,,31824,7232,,,1
5901,'SE',604,,32183,9752,,,2,30,,32185,9752,,,2,72,,32182,9752,,,2,20,,32186,9752,,,2,20,,32184,9752,,,2,69,,32187,9752,,,2
7700,'DI',722,,35010,8784,0,21 22 23,1,100,,35013,8784,0,21 22 23,1,100,,35011,8784,0,21 22 23,1,100,,35014,8784,0,21 22 23,1,100,,35012,8784,0,21 22 23,1,100,,35009,8784,0,21 22 23,1,100,,35015,8784,0,21 22 23,1,100,,35018,8784,0,21 22 23,1,100,,35008,8784,0,21 22 23,1,100,,35019,8784,0,21 22 23,1,100,,35020,8784,0,21 22 23,1,100,,35021,8784,0,21 22 23,1,99,,35016,8784,0,21 22 23,1,100,,35022,8784,0,21 22 23,1,100,,35017,8784,0,21 22 23,1
7700,'F8',722,,35108,8784,0,21 22 23,1,100,,35099,8784,0,21 22 23,1,100,,35095,8784,0,21 22 23,1,100,,35100,8784,0,21 22 23,1,100,,35096,8784,0,21 22 23,1,100,,35098,8784,0,21 22 23,1,100,,35101,8784,0,21 22 23,1,97,,35094,8784,0,21 22 23,1,103,,35102,8784,0,21 22 23,1,99,,35104,8784,0,21 22 23,1,101,,35103,8784,0,21 22 23,1,100,,35105,8784,0,21 22 23,1,99,,35106,8784,0,21 22 23,1,100,,35097,8784,0,21 22 23,1,100,,35107,8784,0,21 22 23,1
7700,'F9',722,,35111,8784,0,21 22 23,1,100,,35114,8784,0,21 22 23,1,100,,35112,8784,0,21 22 23,1,100,,35115,8784,0,21 22 23,1,100,,35113,8784,0,21 22 23,1,100,,35110,8784,0,21 22 23,1,100,,35116,8784,0,21 22 23,1,100,,35119,8784,0,21 22 23,1,100,,35109,8784,0,21 22 23,1,100,,35120,8784,0,21 22 23,1,100,,35121,8784,0,21 22 23,1,100,,35122,8784,0,21 22 23,1,99,,35117,8784,0,21 22 23,1,100,,35123,8784,0,21 22 23,1,100,,35118,8784,0,21 22 23,1
7700,'SA',722,,35137,8784,0,21 22 23,1,100,,35128,8784,0,21 22 23,1,100,,35125,8784,0,21 22 23,1,100,,35129,8784,0,21 22 23,1,100,,13602,8784,0,21 22 23,1,100,,35127,8784,0,21 22 23,1,100,,35130,8784,0,21 22 23,1,97,,35124,8784,0,21 22 23,1,103,,35131,8784,0,21 22 23,1,99,,35133,8784,0,21 22 23,1,101,,35132,8784,0,21 22 23,1,100,,35134,8784,0,21 22 23,1,99,,35135,8784,0,21 22 23,1,100,,35126,8784,0,21 22 23,1,100,,35136,8784,0,21 22 23,1
7700,'SE',611,,35141,8784,0,21 22 23,1,15,,35142,8784,0,21 22 23,1,20,,35147,8784,0,21 22 23,1,58,,35150,8784,0,21 22 23,1,30,,35153,8784,0,21 22 23,1,23,,35148,8784,0,21 22 23,1,62,,35152,8784,0,21 22 23,1,15,,35143,8784,0,21 22 23,1,71,,35151,8784,0,21 22 23,1,30,,35154,8784,0,21 22 23,1,70,,35149,8784,0,21 22 23,1,30,,35144,8784,0,21 22 23,1,70,,35156,8784,0,21 22 23,1,30,,35155,8784,0,21 22 23,1,70,,35158,8784,0,21 22 23,1,31,,35159,8784,0,21 22 23,1,73,,35157,8784,0,21 22 23,1,30,,35160,8784,0,21 22 23,1,70,,35164,8784,0,21 22 23,1,27,,35166,8784,0,21 22 23,1,20,,35169,8784,0,21 22 23,1,60,,35173,8784,0,21 22 23,1,20,,35161,8784,0,21 22 23,1,5,,35139,8784,0,21 22 23,1,15,,35165,8784,0,21 22 23,1,59,,35145,8784,0,21 22 23,1,18,,35167,8784,0,21 22 23,1,18,,35170,8784,0,21 22 23,1,57,,35174,8784,0,21 22 23,1,18,,13636,8784,0,21 22 23,1,18,,35162,8784,0,21 22 23,1,60,,35146,8784,0,21 22 23,1,18,,35168,8784,0,21 22 23,1,2,,35172,8784,0,21 22 23,1,19,,35171,8784,0,21 22 23,1,16,,35163,8784,0,21 22 23,1,70,,35175,8784,0,21 22 23,1,72,,35177,8784,0,21 22 23,1,31,,35140,8784,0,21 22 23,1,27,,35138,8784,0,21 22 23,1,70,,35176,8784,0,21 22 23,1
