600,'DI',628,,53007,1168,,,1,30,,53012,1168,,,1,70,,53004,1168,,,1,31,,53019,1168,,,1,70,,53025,1168,,,1,30,,52999,1168,,,1,71,,53013,1168,,,1,70,,53029,1168,,,1,30,,53008,1168,,,1,29,,53005,1168,,,1,71,,53000,1168,,,1,28,,53026,1168,,,1,70,,53021,1168,,,1,74,,53020,1168,,,1,29,,52998,1168,,,1,70,,53016,1168,,,1,27,,53027,1168,,,1,73,,53001,1168,,,1,30,,53010,1168,,,1,69,,53014,1168,,,1,31,,53017,1168,,,1,27,,53011,1168,,,1,70,,53015,1168,,,1,30,,53023,1168,,,1,70,,53006,1168,,,1,31,,53018,1168,,,1,144,,53009,1168,,,1,100,,53022,1168,,,1,100,,53002,1168,,,1,100,,53028,1168,,,1,100,,53024,1168,,,1,100,,53003,1168,,,1
600,'F1',628,,53039,1168,,,1,30,,53044,1168,,,1,70,,53036,1168,,,1,31,,53051,1168,,,1,70,,53057,1168,,,1,30,,53031,1168,,,1,71,,53045,1168,,,1,70,,53061,1168,,,1,30,,53040,1168,,,1,29,,53037,1168,,,1,71,,53032,1168,,,1,28,,53058,1168,,,1,70,,53053,1168,,,1,74,,53052,1168,,,1,29,,53030,1168,,,1,70,,53048,1168,,,1,27,,53059,1168,,,1,73,,53033,1168,,,1,30,,53042,1168,,,1,69,,53046,1168,,,1,31,,53049,1168,,,1,27,,53043,1168,,,1,70,,53047,1168,,,1,30,,53055,1168,,,1,70,,53038,1168,,,1,31,,53050,1168,,,1,144,,53041,1168,,,1,100,,53054,1168,,,1,100,,53034,1168,,,1,100,,53060,1168,,,1,100,,53056,1168,,,1,100,,53035,1168,,,1
600,'F2',628,,53087,1168,,,1,31,,53070,1168,,,1,69,,53081,1168,,,1,30,,53066,1168,,,1,74,,53082,1168,,,1,26,,53071,1168,,,1,75,,53063,1168,,,1,23,,53064,1168,,,1,72,,53089,1168,,,1,29,,53072,1168,,,1,70,,53077,1168,,,1,76,,53073,1168,,,1,30,,53078,1168,,,1,67,,53085,1168,,,1,31,,53074,1168,,,1,27,,53090,1168,,,1,70,,53086,1168,,,1,30,,53075,1168,,,1,70,,53083,1168,,,1,30,,53079,1168,,,1,70,,53076,1168,,,1,30,,53069,1168,,,1,70,,53080,1168,,,1,30,,53084,1168,,,1,70,,53065,1168,,,1,30,,43901,1168,,,1,145,,53062,1168,,,1,100,,53067,1168,,,1,100,,53088,1168,,,1,100,,53091,1168,,,1,100,,43899,1168,,,1,100,,53068,1168,,,1
600,'SA',628,,53117,1168,,,1,31,,53100,1168,,,1,69,,53111,1168,,,1,30,,53096,1168,,,1,74,,53112,1168,,,1,26,,53101,1168,,,1,75,,53093,1168,,,1,23,,53094,1168,,,1,72,,53119,1168,,,1,29,,53102,1168,,,1,70,,53107,1168,,,1,76,,53103,1168,,,1,30,,53108,1168,,,1,67,,53115,1168,,,1,31,,53104,1168,,,1,27,,53120,1168,,,1,70,,53116,1168,,,1,30,,53105,1168,,,1,70,,53113,1168,,,1,30,,53109,1168,,,1,70,,53106,1168,,,1,30,,53099,1168,,,1,70,,53110,1168,,,1,30,,53114,1168,,,1,70,,53095,1168,,,1,30,,22478,1168,,,1,145,,53092,1168,,,1,100,,53097,1168,,,1,100,,53118,1168,,,1,100,,53121,1168,,,1,100,,22476,1168,,,1,100,,53098,1168,,,1
600,'SE',540,,53147,1168,,,1,70,,53153,1168,,,1,30,,53134,1168,,,1,70,,53122,1168,,,1,30,,53130,1168,,,1,67,,53146,1168,,,1,33,,53139,1168,,,1,70,,53148,1168,,,1,30,,53129,1168,,,1,70,,53144,1168,,,1,30,,53127,1168,,,1,70,,53136,1168,,,1,30,,53150,1168,,,1,70,,53155,1168,,,1,30,,53156,1168,,,1,70,,53152,1168,,,1,30,,53151,1168,,,1,70,,53123,1168,,,1,28,,53142,1168,,,1,72,,53128,1168,,,1,30,,53140,1168,,,1,69,,53145,1168,,,1,37,,53133,1168,,,1,65,,53149,1168,,,1,30,,53132,1168,,,1,69,,53137,1168,,,1,30,,53157,1168,,,1,70,,53131,1168,,,1,30,,53141,1168,,,1,70,,53154,1168,,,1,30,,53126,1168,,,1,70,,53138,1168,,,1,100,,53135,1168,,,1,100,,53124,1168,,,1,100,,53143,1168,,,1,100,,53125,1168,,,1
1300,'DI',651,,53998,1168,,,1,100,,54005,1168,,,1,100,,54004,1168,,,1,100,,54014,1168,,,1,100,,54006,1168,,,1,100,,54002,1168,,,1,100,,54009,1168,,,1,95,,54015,1168,,,1,105,,54007,1168,,,1,100,,54000,1168,,,1,100,,54013,1168,,,1,100,,54010,1168,,,1,100,,54001,1168,,,1,100,,54003,1168,,,1,100,,54011,1168,,,1,100,,54008,1168,,,1,100,,53999,1168,,,1,100,,54016,1168,,,1,100,,54012,1168,,,1
1300,'F1',651,,54017,1168,,,1,100,,54024,1168,,,1,100,,54023,1168,,,1,100,,54033,1168,,,1,100,,54025,1168,,,1,100,,54021,1168,,,1,100,,54028,1168,,,1,95,,54034,1168,,,1,105,,54026,1168,,,1,100,,54019,1168,,,1,100,,54032,1168,,,1,100,,54029,1168,,,1,100,,54020,1168,,,1,100,,54022,1168,,,1,100,,54030,1168,,,1,100,,54027,1168,,,1,100,,54018,1168,,,1,100,,54035,1168,,,1,100,,54031,1168,,,1
1300,'F2',651,,54046,1168,,,1,100,,54036,1168,,,1,100,,54047,1168,,,1,101,,54048,1168,,,1,99,,54054,1168,,,1,100,,54049,1168,,,1,100,,54040,1168,,,1,100,,54042,1168,,,1,100,,54055,1168,,,1,100,,54038,1168,,,1,100,,54050,1168,,,1,100,,54043,1168,,,1,100,,54037,1168,,,1,100,,54041,1168,,,1,100,,54051,1168,,,1,100,,54044,1168,,,1,100,,54052,1168,,,1,100,,54045,1168,,,1,100,,54053,1168,,,1,100,,54039,1168,,,1
1300,'SA',651,,54066,1168,,,1,100,,54056,1168,,,1,100,,54067,1168,,,1,101,,54068,1168,,,1,99,,54074,1168,,,1,100,,54069,1168,,,1,100,,54060,1168,,,1,100,,54062,1168,,,1,100,,54075,1168,,,1,100,,54058,1168,,,1,100,,54070,1168,,,1,100,,54063,1168,,,1,100,,54057,1168,,,1,100,,54061,1168,,,1,100,,54071,1168,,,1,100,,54064,1168,,,1,100,,54072,1168,,,1,100,,54065,1168,,,1,100,,54073,1168,,,1,100,,54059,1168,,,1
1300,'SE',556,,54083,1168,,,1,73,,44516,1168,,,1,26,,54096,1168,,,1,71,,54095,1168,,,1,15,,44517,1168,,,1,15,,54076,1168,,,1,55,,54091,1168,,,1,25,,54084,1168,,,1,65,,54112,1168,,,1,30,,54080,1168,,,1,70,,54086,1168,,,1,30,,54093,1168,,,1,70,,54078,1168,,,1,30,,54101,1168,,,1,70,,54089,1168,,,1,30,,54113,1168,,,1,70,,54079,1168,,,1,30,,54111,1168,,,1,70,,54102,1168,,,1,30,,54097,1168,,,1,70,,54107,1168,,,1,30,,54090,1168,,,1,20,,54105,1168,,,1,60,,54104,1168,,,1,15,,54109,1168,,,1,12,,54106,1168,,,1,10,,54110,1168,,,1,58,,54088,1168,,,1,20,,54077,1168,,,1,20,,54094,1168,,,1,60,,54108,1168,,,1,27,,54098,1168,,,1,70,,54081,1168,,,1,32,,54082,1168,,,1,70,,54100,1168,,,1,30,,54103,1168,,,1,70,,54092,1168,,,1,100,,54099,1168,,,1,100,,54085,1168,,,1,100,,54087,1168,,,1,103,,44523,1168,,,1
1400,'SE',547,,54241,954,,,1,70,,54248,954,,,1,30,,54246,954,,,1,70,,54242,954,,,1,30,,54245,954,,,1,69,,54244,954,,,1,32,,54239,954,,,1,694,,54250,954,,,1,59,,54247,954,,,1,21,,54249,954,,,1,22,,54240,954,,,1,58,,54235,954,,,1,20,,54236,954,,,1,20,,54238,954,,,1,61,,54237,954,,,1,19,,54243,954,,,1
1500,'DI',723,,54267,954,,,1,100,,54279,954,,,1,100,,54276,954,,,1,100,,54282,954,,,1,100,,54275,954,,,1,100,,54268,954,,,1,100,,54278,954,,,1,100,,54280,954,,,1,100,,54270,954,,,1,100,,54283,954,,,1,100,,54273,954,,,1,100,,54277,954,,,1,100,,54271,954,,,1,100,,54285,954,,,1,100,,54284,954,,,1,100,,54274,954,,,1,100,,54269,954,,,1,100,,54281,954,,,1,100,,54272,954,,,1
1500,'F1',723,,54286,954,,,1,100,,54298,954,,,1,100,,54295,954,,,1,100,,54301,954,,,1,100,,54294,954,,,1,100,,54287,954,,,1,100,,54297,954,,,1,100,,54299,954,,,1,100,,54289,954,,,1,100,,54302,954,,,1,100,,54292,954,,,1,100,,54296,954,,,1,100,,54290,954,,,1,100,,54304,954,,,1,100,,54303,954,,,1,100,,54293,954,,,1,100,,54288,954,,,1,100,,54300,954,,,1,100,,54291,954,,,1
1500,'F2',724,,54317,954,,,1,100,,54315,954,,,1,100,,54310,954,,,1,100,,54308,954,,,1,105,,54320,954,,,1,95,,44689,954,,,1,100,,54313,954,,,1,100,,54318,954,,,1,100,,54305,954,,,1,100,,54309,954,,,1,100,,54321,954,,,1,100,,54311,954,,,1,100,,54314,954,,,1,100,,54307,954,,,1,100,,54316,954,,,1,100,,54312,954,,,1,100,,54306,954,,,1,100,,44707,954,,,1,100,,54319,954,,,1
1500,'SA',724,,54334,954,,,1,100,,54332,954,,,1,100,,54327,954,,,1,100,,54325,954,,,1,105,,54337,954,,,1,95,,24497,954,,,1,100,,54330,954,,,1,100,,54335,954,,,1,100,,54322,954,,,1,100,,54326,954,,,1,100,,54338,954,,,1,100,,54328,954,,,1,100,,54331,954,,,1,100,,54324,954,,,1,100,,54333,954,,,1,100,,54329,954,,,1,100,,54323,954,,,1,100,,24515,954,,,1,100,,54336,954,,,1
1500,'SE',546,,54343,954,,,1,70,,54348,954,,,1,30,,54342,954,,,1,68,,54375,954,,,1,33,,54363,954,,,1,66,,54344,954,,,1,34,,54367,954,,,1,70,,54357,954,,,1,29,,54353,954,,,1,70,,54359,954,,,1,30,,54371,954,,,1,70,,54370,954,,,1,30,,54360,954,,,1,70,,54349,954,,,1,30,,54339,954,,,1,70,,54361,954,,,1,30,,54350,954,,,1,70,,54354,954,,,1,31,,54352,954,,,1,70,,54358,954,,,1,24,,54351,954,,,1,74,,54373,954,,,1,37,,54347,954,,,1,65,,54355,954,,,1,30,,54374,954,,,1,70,,54340,954,,,1,30,,54372,954,,,1,69,,54369,954,,,1,30,,54368,954,,,1,70,,54366,954,,,1,30,,54364,954,,,1,70,,54365,954,,,1,30,,54356,954,,,1,70,,54345,954,,,1,100,,54362,954,,,1,100,,54341,954,,,1,100,,54346,954,,,1
60600,'SE',1646,,63486,765,,,2
61300,'SE',1648,,63495,592,,,2
61400,'SE',1648,,63497,939,,,2
