800,'DI',555,,22786,4146,,,1,72,,22781,4146,,,1,30,,2441,4146,,,1,70,,2447,4146,,,1,30,,22787,4146,,,1,70,,22782,4146,,,1,32,,2442,4146,,,1,70,,2448,4146,,,1,30,,22788,4146,,,1,70,,22783,4146,,,1,30,,2443,4146,,,1,70,,2449,4146,,,1,71,,22789,4146,,,1,30,,2436,4146,,,1,70,,2444,4146,,,1,30,,2450,4146,,,1,70,,22790,4146,,,1,30,,22784,4146,,,1,70,,2445,4146,,,1,30,,22793,4146,,,1,70,,22791,4146,,,1,30,,22785,4146,,,1,29,,2446,4146,,,1,70,,22794,4146,,,1,72,,22792,4146,,,1,43,,2437,4146,,,1,100,,22795,4146,,,1,100,,2438,4146,,,1,99,,22796,4146,,,1,100,,2439,4146,,,1,100,,22797,4146,,,1,100,,2440,4146,,,1,100,,22780,4146,,,1
800,'F8',555,,22955,4146,,,1,70,,22938,4146,,,1,32,,22951,4146,,,1,70,,22953,4146,,,1,31,,22956,4146,,,1,70,,22939,4146,,,1,30,,22952,4146,,,1,71,,22954,4146,,,1,30,,22957,4146,,,1,70,,22940,4146,,,1,30,,22946,4146,,,1,70,,22962,4146,,,1,28,,22958,4146,,,1,72,,22941,4146,,,1,30,,22947,4146,,,1,70,,22963,4146,,,1,30,,22959,4146,,,1,70,,22966,4146,,,1,30,,22948,4146,,,1,70,,22964,4146,,,1,30,,22960,4146,,,1,70,,22967,4146,,,1,30,,22949,4146,,,1,70,,22965,4146,,,1,72,,22961,4146,,,1,28,,22934,4146,,,1,30,,22950,4146,,,1,86,,22942,4146,,,1,98,,22935,4146,,,1,100,,22943,4146,,,1,100,,22936,4146,,,1,100,,22944,4146,,,1,100,,22937,4146,,,1,100,,22945,4146,,,1
800,'F9',555,,22989,4146,,,1,72,,22969,4146,,,1,30,,22977,4146,,,1,70,,22983,4146,,,1,30,,22990,4146,,,1,70,,22970,4146,,,1,32,,22978,4146,,,1,70,,22984,4146,,,1,30,,22991,4146,,,1,70,,22971,4146,,,1,30,,22979,4146,,,1,70,,22985,4146,,,1,71,,22992,4146,,,1,30,,22972,4146,,,1,70,,22980,4146,,,1,30,,22986,4146,,,1,70,,22993,4146,,,1,30,,22987,4146,,,1,70,,22981,4146,,,1,30,,22996,4146,,,1,70,,22994,4146,,,1,30,,22988,4146,,,1,29,,22982,4146,,,1,70,,22997,4146,,,1,72,,22995,4146,,,1,43,,22973,4146,,,1,100,,22998,4146,,,1,100,,22974,4146,,,1,99,,22999,4146,,,1,100,,22975,4146,,,1,100,,23000,4146,,,1,100,,22976,4146,,,1,100,,22968,4146,,,1
800,'SA',555,,23022,4146,,,1,70,,23005,4146,,,1,32,,23018,4146,,,1,70,,23020,4146,,,1,31,,23023,4146,,,1,70,,23006,4146,,,1,30,,23019,4146,,,1,71,,23021,4146,,,1,30,,23024,4146,,,1,70,,23007,4146,,,1,30,,23013,4146,,,1,70,,23029,4146,,,1,28,,23025,4146,,,1,72,,23008,4146,,,1,30,,23014,4146,,,1,70,,23030,4146,,,1,30,,23026,4146,,,1,70,,2660,4146,,,1,30,,23015,4146,,,1,70,,23031,4146,,,1,30,,23027,4146,,,1,70,,2661,4146,,,1,30,,23016,4146,,,1,70,,23032,4146,,,1,72,,23028,4146,,,1,28,,23001,4146,,,1,30,,23017,4146,,,1,86,,23009,4146,,,1,98,,23002,4146,,,1,100,,23010,4146,,,1,100,,23003,4146,,,1,100,,23011,4146,,,1,100,,23004,4146,,,1,100,,23012,4146,,,1
800,'SE',458,,23067,4146,,,1,68,,23069,4146,,,1,22,,23076,4146,,,1,81,,23033,4146,,,1,30,,23068,4146,,,1,61,,23070,4146,,,1,19,,23061,4146,,,1,13,,23036,4146,,,1,55,,23037,4146,,,1,15,,23040,4146,,,1,15,,23034,4146,,,1,17,,23050,4146,,,1,55,,23046,4146,,,1,15,,23071,4146,,,1,15,,23042,4146,,,1,15,,23095,4146,,,1,55,,23038,4146,,,1,15,,23041,4146,,,1,15,,23035,4146,,,1,15,,23047,4146,,,1,55,,23051,4146,,,1,16,,23079,4146,,,1,15,,23072,4146,,,1,15,,23080,4146,,,1,55,,23054,4146,,,1,15,,23098,4146,,,1,15,,23099,4146,,,1,15,,23096,4146,,,1,55,,23085,4146,,,1,15,,23083,4146,,,1,15,,23062,4146,,,1,15,,23043,4146,,,1,55,,23081,4146,,,1,16,,23039,4146,,,1,15,,23097,4146,,,1,14,,23084,4146,,,1,54,,23093,4146,,,1,4,,23055,4146,,,1,13,,23052,4146,,,1,15,,23088,4146,,,1,15,,23087,4146,,,1,55,,23073,4146,,,1,15,,23044,4146,,,1,12,,23082,4146,,,1,12,,23100,4146,,,1,53,,23086,4146,,,1,11,,23066,4146,,,1,12,,23065,4146,,,1,12,,23094,4146,,,1,11,,23053,4146,,,1,52,,23089,4146,,,1,12,,23059,4146,,,1,12,,23060,4146,,,1,10,,23077,4146,,,1,10,,23045,4146,,,1,60,,23063,4146,,,1,27,,23090,4146,,,1,69,,23074,4146,,,1,30,,23078,4146,,,1,28,,23064,4146,,,1,70,,23091,4146,,,1,30,,23075,4146,,,1,85,,23056,4146,,,1,100,,23092,4146,,,1,98,,23057,4146,,,1,100,,23058,4146,,,1
2800,'DI',851,,27669,4146,0,32 33,1,101,,27674,4146,0,32 33,1,100,,27672,4146,0,32 33,1,100,,27670,4146,0,32 33,1,100,,27671,4146,0,32 33,1,100,,27675,4146,0,32 33,1,100,,27678,4146,0,32 33,1,101,,27677,4146,0,32 33,1,99,,27676,4146,0,32 33,1,100,,27673,4146,0,32 33,1
2800,'F8',853,,27747,4146,0,32 33,1,99,,27742,4146,0,32 33,1,103,,27740,4146,0,32 33,1,97,,27744,4146,0,32 33,1,101,,27743,4146,0,32 33,1,100,,27745,4146,0,32 33,1,99,,27741,4146,0,32 33,1,103,,27749,4146,0,32 33,1,99,,27748,4146,0,32 33,1,98,,27746,4146,0,32 33,1
2800,'F9',851,,27750,4146,0,32 33,1,101,,27755,4146,0,32 33,1,100,,27753,4146,0,32 33,1,100,,27751,4146,0,32 33,1,100,,27752,4146,0,32 33,1,100,,27756,4146,0,32 33,1,100,,27759,4146,0,32 33,1,101,,27758,4146,0,32 33,1,99,,27757,4146,0,32 33,1,100,,27754,4146,0,32 33,1
2800,'SA',853,,27766,4146,0,32 33,1,99,,27762,4146,0,32 33,1,103,,27760,4146,0,32 33,1,97,,27763,4146,0,32 33,1,101,,6923,4146,0,32 33,1,100,,27764,4146,0,32 33,1,99,,27761,4146,0,32 33,1,103,,27768,4146,0,32 33,1,99,,27767,4146,0,32 33,1,98,,27765,4146,0,32 33,1
2800,'SE',617,,27804,4146,0,32 33,1,86,,27802,4146,0,32 33,1,22,,27805,4146,0,32 33,1,3,,27806,4146,0,32 33,1,16,,27770,4146,0,32 33,1,13,,27785,4146,0,32 33,1,55,,27803,4146,0,32 33,1,15,,27769,4146,0,32 33,1,14,,27775,4146,0,32 33,1,18,,27787,4146,0,32 33,1,70,,27771,4146,0,32 33,1,30,,27786,4146,0,32 33,1,70,,27788,4146,0,32 33,1,30,,27772,4146,0,32 33,1,71,,27793,4146,0,32 33,1,70,,27789,4146,0,32 33,1,30,,27773,4146,0,32 33,1,70,,27794,4146,0,32 33,1,30,,27790,4146,0,32 33,1,70,,27774,4146,0,32 33,1,30,,27795,4146,0,32 33,1,71,,27807,4146,0,32 33,1,16,,27799,4146,0,32 33,1,14,,27797,4146,0,32 33,1,15,,27781,4146,0,32 33,1,55,,27809,4146,0,32 33,1,15,,27776,4146,0,32 33,1,14,,27778,4146,0,32 33,1,12,,27808,4146,0,32 33,1,12,,27800,4146,0,32 33,1,52,,27798,4146,0,32 33,1,12,,27791,4146,0,32 33,1,12,,27782,4146,0,32 33,1,12,,27796,4146,0,32 33,1,11,,27777,4146,0,32 33,1,52,,27801,4146,0,32 33,1,12,,27780,4146,0,32 33,1,13,,27784,4146,0,32 33,1,95,,27779,4146,0,32 33,1,99,,27792,4146,0,32 33,1,98,,27783,4146,0,32 33,1
7700,'DI',700,,35010,904,0,21 22 23,1,100,,35013,904,0,21 22 23,1,100,,35011,904,0,21 22 23,1,100,,35014,904,0,21 22 23,1,100,,35012,904,0,21 22 23,1,100,,35009,904,0,21 22 23,1,100,,35015,904,0,21 22 23,1,100,,35018,904,0,21 22 23,1,100,,35008,904,0,21 22 23,1,100,,35019,904,0,21 22 23,1,100,,35020,904,0,21 22 23,1,100,,35021,904,0,21 22 23,1,100,,35016,904,0,21 22 23,1,100,,35022,904,0,21 22 23,1,100,,35017,904,0,21 22 23,1
7700,'F8',700,,35108,904,0,21 22 23,1,100,,35099,904,0,21 22 23,1,100,,35095,904,0,21 22 23,1,100,,35100,904,0,21 22 23,1,100,,35096,904,0,21 22 23,1,100,,35098,904,0,21 22 23,1,100,,35101,904,0,21 22 23,1,57,,35094,904,0,21 22 23,1,143,,35102,904,0,21 22 23,1,59,,35104,904,0,21 22 23,1,141,,35103,904,0,21 22 23,1,100,,35105,904,0,21 22 23,1,100,,35106,904,0,21 22 23,1,100,,35097,904,0,21 22 23,1,100,,35107,904,0,21 22 23,1
7700,'F9',700,,35111,904,0,21 22 23,1,100,,35114,904,0,21 22 23,1,100,,35112,904,0,21 22 23,1,100,,35115,904,0,21 22 23,1,100,,35113,904,0,21 22 23,1,100,,35110,904,0,21 22 23,1,100,,35116,904,0,21 22 23,1,100,,35119,904,0,21 22 23,1,100,,35109,904,0,21 22 23,1,100,,35120,904,0,21 22 23,1,100,,35121,904,0,21 22 23,1,100,,35122,904,0,21 22 23,1,100,,35117,904,0,21 22 23,1,100,,35123,904,0,21 22 23,1,100,,35118,904,0,21 22 23,1
7700,'SA',700,,35137,904,0,21 22 23,1,100,,35128,904,0,21 22 23,1,100,,35125,904,0,21 22 23,1,100,,35129,904,0,21 22 23,1,100,,13602,904,0,21 22 23,1,100,,35127,904,0,21 22 23,1,100,,35130,904,0,21 22 23,1,57,,35124,904,0,21 22 23,1,143,,35131,904,0,21 22 23,1,59,,35133,904,0,21 22 23,1,141,,35132,904,0,21 22 23,1,100,,35134,904,0,21 22 23,1,100,,35135,904,0,21 22 23,1,100,,35126,904,0,21 22 23,1,100,,35136,904,0,21 22 23,1
7700,'SE',552,,35141,904,0,21 22 23,1,55,,35142,904,0,21 22 23,1,20,,35147,904,0,21 22 23,1,16,,35150,904,0,21 22 23,1,67,,35153,904,0,21 22 23,1,23,,35148,904,0,21 22 23,1,22,,35152,904,0,21 22 23,1,55,,35143,904,0,21 22 23,1,32,,35151,904,0,21 22 23,1,70,,35154,904,0,21 22 23,1,30,,35149,904,0,21 22 23,1,70,,35144,904,0,21 22 23,1,30,,35156,904,0,21 22 23,1,70,,35155,904,0,21 22 23,1,30,,35158,904,0,21 22 23,1,70,,35159,904,0,21 22 23,1,33,,35157,904,0,21 22 23,1,70,,35160,904,0,21 22 23,1,30,,35164,904,0,21 22 23,1,66,,35166,904,0,21 22 23,1,20,,35169,904,0,21 22 23,1,20,,35173,904,0,21 22 23,1,60,,35161,904,0,21 22 23,1,5,,35139,904,0,21 22 23,1,15,,35165,904,0,21 22 23,1,18,,35145,904,0,21 22 23,1,58,,35167,904,0,21 22 23,1,18,,35170,904,0,21 22 23,1,18,,35174,904,0,21 22 23,1,58,,13636,904,0,21 22 23,1,20,,35162,904,0,21 22 23,1,20,,35146,904,0,21 22 23,1,18,,35168,904,0,21 22 23,1,42,,35172,904,0,21 22 23,1,20,,35171,904,0,21 22 23,1,18,,35163,904,0,21 22 23,1,70,,35175,904,0,21 22 23,1,32,,35177,904,0,21 22 23,1,71,,35140,904,0,21 22 23,1,28,,35138,904,0,21 22 23,1,70,,35176,904,0,21 22 23,1
8800,'DI',712,,36639,4146,,,1,30,,36644,4146,,,1,70,,36650,4146,,,1,30,,36659,4146,,,1,70,,36640,4146,,,1,30,,36645,4146,,,1,72,,36651,4146,,,1,30,,36660,4146,,,1,70,,36641,4146,,,1,30,,36646,4146,,,1,70,,36652,4146,,,1,30,,36661,4146,,,1,70,,36642,4146,,,1,30,,36647,4146,,,1,70,,36653,4146,,,1,30,,15002,4146,,,1,70,,36654,4146,,,1,30,,36648,4146,,,1,70,,36662,4146,,,1,30,,15003,4146,,,1,70,,36655,4146,,,1,30,,36649,4146,,,1,70,,36663,4146,,,1,100,,36656,4146,,,1,100,,36664,4146,,,1,100,,36657,4146,,,1,100,,36665,4146,,,1,97,,36658,4146,,,1,100,,36638,4146,,,1,100,,36643,4146,,,1
8800,'F8',712,,36775,4146,,,1,30,,36800,4146,,,1,71,,36796,4146,,,1,30,,36787,4146,,,1,71,,36780,4146,,,1,30,,36801,4146,,,1,70,,36797,4146,,,1,30,,36788,4146,,,1,70,,36781,4146,,,1,30,,36792,4146,,,1,70,,36777,4146,,,1,30,,36789,4146,,,1,70,,36782,4146,,,1,30,,36793,4146,,,1,70,,36778,4146,,,1,30,,36772,4146,,,1,70,,36783,4146,,,1,30,,36794,4146,,,1,70,,36779,4146,,,1,30,,36773,4146,,,1,71,,36802,4146,,,1,29,,36795,4146,,,1,71,,36790,4146,,,1,29,,36774,4146,,,1,70,,36784,4146,,,1,100,,36791,4146,,,1,99,,36785,4146,,,1,99,,36799,4146,,,1,100,,36786,4146,,,1,100,,36798,4146,,,1,100,,36776,4146,,,1
8800,'F9',712,,36806,4146,,,1,30,,36811,4146,,,1,70,,36817,4146,,,1,30,,36826,4146,,,1,70,,36807,4146,,,1,30,,36812,4146,,,1,72,,36818,4146,,,1,30,,36827,4146,,,1,70,,36808,4146,,,1,30,,36813,4146,,,1,70,,36819,4146,,,1,30,,36828,4146,,,1,70,,36809,4146,,,1,30,,36814,4146,,,1,70,,36820,4146,,,1,30,,36803,4146,,,1,70,,36821,4146,,,1,30,,36815,4146,,,1,70,,36829,4146,,,1,30,,36804,4146,,,1,70,,36822,4146,,,1,30,,36816,4146,,,1,70,,36830,4146,,,1,100,,36823,4146,,,1,100,,36831,4146,,,1,100,,36824,4146,,,1,100,,36832,4146,,,1,97,,36825,4146,,,1,100,,36805,4146,,,1,100,,36810,4146,,,1
8800,'SA',712,,36836,4146,,,1,30,,36860,4146,,,1,71,,36857,4146,,,1,30,,36848,4146,,,1,71,,36841,4146,,,1,30,,36861,4146,,,1,70,,36858,4146,,,1,30,,36849,4146,,,1,70,,36842,4146,,,1,30,,36853,4146,,,1,70,,36838,4146,,,1,30,,36850,4146,,,1,70,,36843,4146,,,1,30,,36854,4146,,,1,70,,36839,4146,,,1,30,,36833,4146,,,1,70,,36844,4146,,,1,30,,36855,4146,,,1,70,,36840,4146,,,1,30,,36834,4146,,,1,71,,36862,4146,,,1,29,,36856,4146,,,1,71,,36851,4146,,,1,29,,36835,4146,,,1,70,,36845,4146,,,1,100,,36852,4146,,,1,99,,36846,4146,,,1,99,,15203,4146,,,1,100,,36847,4146,,,1,100,,36859,4146,,,1,100,,36837,4146,,,1
8800,'SE',712,,36873,4146,,,1,21,,36905,4146,,,1,15,,36906,4146,,,1,54,,15219,4146,,,1,15,,36907,4146,,,1,15,,36875,4146,,,1,15,,36876,4146,,,1,69,,36895,4146,,,1,30,,36874,4146,,,1,70,,36872,4146,,,1,30,,36893,4146,,,1,71,,36896,4146,,,1,30,,36865,4146,,,1,70,,36863,4146,,,1,30,,36897,4146,,,1,70,,36866,4146,,,1,30,,36894,4146,,,1,71,,36909,4146,,,1,30,,36898,4146,,,1,57,,36900,4146,,,1,16,,36902,4146,,,1,15,,36867,4146,,,1,15,,36878,4146,,,1,55,,36908,4146,,,1,15,,36883,4146,,,1,13,,36887,4146,,,1,12,,36864,4146,,,1,12,,36888,4146,,,1,52,,36880,4146,,,1,13,,36885,4146,,,1,11,,36871,4146,,,1,11,,36903,4146,,,1,12,,36868,4146,,,1,52,,36879,4146,,,1,12,,36901,4146,,,1,19,,36884,4146,,,1,15,,15235,4146,,,1,62,,36881,4146,,,1,29,,36904,4146,,,1,70,,36899,4146,,,1,28,,15236,4146,,,1,70,,36882,4146,,,1,30,,36870,4146,,,1,70,,36891,4146,,,1,100,,36889,4146,,,1,99,,36892,4146,,,1,99,,36890,4146,,,1
