301,'DI',626,,52169,6839,,,1,100,,52177,6839,,,1,100,,52170,6839,,,1,100,,52178,6839,,,1,100,,52171,6839,,,1,100,,52172,6839,,,1,100,,52180,6839,,,1,100,,52173,6839,,,1,100,,52174,6839,,,1,100,,52175,6839,,,1,100,,52179,6839,,,1,100,,705,6839,,,1,100,,706,6839,,,1,100,,52176,6839,,,1,100,,20857,6839,,,1,100,,20858,6839,,,1,100,,20859,6839,,,1,100,,20860,6839,,,1,100,,20861,6839,,,1
301,'F2',556,,52203,6839,,,1,70,,52205,6839,,,1,30,,52208,6839,,,1,70,,52193,6839,,,1,30,,52204,6839,,,1,70,,52212,6839,,,1,30,,52209,6839,,,1,70,,52194,6839,,,1,30,,52200,6839,,,1,70,,52195,6839,,,1,30,,52210,6839,,,1,70,,52213,6839,,,1,30,,52201,6839,,,1,70,,52216,6839,,,1,30,,52202,6839,,,1,70,,52217,6839,,,1,30,,43328,6839,,,1,70,,52218,6839,,,1,30,,43329,6839,,,1,70,,52211,6839,,,1,30,,52196,6839,,,1,70,,52222,6839,,,1,30,,52197,6839,,,1,70,,52223,6839,,,1,30,,52198,6839,,,1,70,,52224,6839,,,1,100,,52214,6839,,,1,100,,52215,6839,,,1,100,,52219,6839,,,1,100,,52220,6839,,,1,100,,52221,6839,,,1,100,,52207,6839,,,1
301,'SA',556,,52235,6839,,,1,70,,52237,6839,,,1,30,,52240,6839,,,1,70,,52225,6839,,,1,30,,52236,6839,,,1,70,,52244,6839,,,1,30,,52241,6839,,,1,70,,52226,6839,,,1,30,,52232,6839,,,1,70,,52227,6839,,,1,30,,52242,6839,,,1,70,,52245,6839,,,1,30,,52233,6839,,,1,70,,52248,6839,,,1,30,,52234,6839,,,1,70,,52249,6839,,,1,30,,847,6839,,,1,70,,52250,6839,,,1,30,,848,6839,,,1,70,,52243,6839,,,1,30,,52228,6839,,,1,70,,52254,6839,,,1,30,,52229,6839,,,1,70,,52255,6839,,,1,30,,52230,6839,,,1,70,,52256,6839,,,1,100,,52246,6839,,,1,100,,52247,6839,,,1,100,,52251,6839,,,1,100,,52252,6839,,,1,100,,52253,6839,,,1,100,,52239,6839,,,1
301,'SE',513,,52257,6839,,,1,30,,52270,6839,,,1,72,,52283,6839,,,1,25,,52291,6839,,,1,60,,52295,6839,,,1,15,,52290,6839,,,1,16,,52269,6839,,,1,15,,52293,6839,,,1,55,,52300,6839,,,1,19,,52284,6839,,,1,21,,52294,6839,,,1,60,,52288,6839,,,1,28,,52278,6839,,,1,30,,52280,6839,,,1,70,,52279,6839,,,1,30,,52281,6839,,,1,70,,52268,6839,,,1,30,,52273,6839,,,1,70,,52258,6839,,,1,30,,52274,6839,,,1,70,,52259,6839,,,1,30,,52275,6839,,,1,70,,52260,6839,,,1,30,,52296,6839,,,1,72,,52285,6839,,,1,79,,52297,6839,,,1,44,,52301,6839,,,1,81,,52298,6839,,,1,78,,52282,6839,,,1,89,,52271,6839,,,1,27,,52276,6839,,,1,27,,52272,6839,,,1,70,,52277,6839,,,1,30,,52266,6839,,,1,70,,52261,6839,,,1,30,,52267,6839,,,1,70,,52262,6839,,,1,100,,52263,6839,,,1,100,,52264,6839,,,1
400,'DI',642,,52309,17802,,,1,69,,52302,17802,,,1,30,,52320,17802,,,1,70,,52312,17802,,,1,30,,52310,17802,,,1,72,,52303,17802,,,1,30,,52321,17802,,,1,72,,52313,17802,,,1,30,,52323,17802,,,1,70,,52304,17802,,,1,32,,52322,17802,,,1,70,,52314,17802,,,1,27,,52324,17802,,,1,71,,52305,17802,,,1,32,,52329,17802,,,1,70,,52327,17802,,,1,28,,52317,17802,,,1,71,,52306,17802,,,1,29,,52325,17802,,,1,70,,52330,17802,,,1,32,,52315,17802,,,1,70,,52307,17802,,,1,30,,52326,17802,,,1,70,,52331,17802,,,1,30,,52316,17802,,,1,68,,52318,17802,,,1,30,,52332,17802,,,1,70,,52328,17802,,,1,30,,52333,17802,,,1,70,,52319,17802,,,1,30,,52311,17802,,,1,70,,52334,17802,,,1,30,,52336,17802,,,1,100,,52335,17802,,,1,100,,52308,17802,,,1
400,'F2',642,,52373,17802,,,1,69,,52391,17802,,,1,30,,52375,17802,,,1,70,,52380,17802,,,1,30,,52374,17802,,,1,72,,52392,17802,,,1,30,,52376,17802,,,1,72,,52381,17802,,,1,31,,52383,17802,,,1,70,,52393,17802,,,1,31,,52377,17802,,,1,70,,52382,17802,,,1,30,,52399,17802,,,1,70,,52397,17802,,,1,30,,52372,17802,,,1,70,,52384,17802,,,1,30,,52390,17802,,,1,70,,52385,17802,,,1,30,,52395,17802,,,1,70,,52378,17802,,,1,30,,52398,17802,,,1,70,,52394,17802,,,1,30,,52379,17802,,,1,70,,52387,17802,,,1,28,,52389,17802,,,1,70,,52401,17802,,,1,30,,52386,17802,,,1,70,,52404,17802,,,1,30,,52402,17802,,,1,70,,52403,17802,,,1,30,,52396,17802,,,1,70,,52405,17802,,,1,30,,52406,17802,,,1,100,,52400,17802,,,1,100,,52388,17802,,,1
400,'SA',642,,52408,17802,,,1,69,,52426,17802,,,1,30,,52410,17802,,,1,70,,52415,17802,,,1,30,,52409,17802,,,1,72,,52427,17802,,,1,30,,52411,17802,,,1,72,,52416,17802,,,1,31,,52418,17802,,,1,70,,52428,17802,,,1,31,,52412,17802,,,1,70,,52417,17802,,,1,30,,52434,17802,,,1,70,,52432,17802,,,1,30,,52407,17802,,,1,70,,52419,17802,,,1,30,,52425,17802,,,1,70,,52420,17802,,,1,30,,52430,17802,,,1,70,,52413,17802,,,1,30,,52433,17802,,,1,70,,52429,17802,,,1,30,,52414,17802,,,1,70,,52422,17802,,,1,28,,52424,17802,,,1,70,,52436,17802,,,1,30,,52421,17802,,,1,70,,52439,17802,,,1,30,,52437,17802,,,1,70,,52438,17802,,,1,30,,52431,17802,,,1,70,,52440,17802,,,1,30,,52441,17802,,,1,100,,52435,17802,,,1,100,,52423,17802,,,1
400,'SE',545,,52473,17802,,,1,65,,52469,17802,,,1,28,,52468,17802,,,1,20,,52475,17802,,,1,55,,52476,17802,,,1,20,,52467,17802,,,1,26,,52478,17802,,,1,60,,52470,17802,,,1,24,,52479,17802,,,1,9,,52483,17802,,,1,72,,52474,17802,,,1,13,,52453,17802,,,1,63,,52442,17802,,,1,30,,52455,17802,,,1,70,,52447,17802,,,1,30,,52448,17802,,,1,70,,52449,17802,,,1,30,,52451,17802,,,1,70,,52460,17802,,,1,30,,52461,17802,,,1,70,,52450,17802,,,1,29,,52446,17802,,,1,29,,52443,17802,,,1,73,,52477,17802,,,1,26,,52482,17802,,,1,77,,52480,17802,,,1,69,,52471,17802,,,1,30,,52472,17802,,,1,69,,52481,17802,,,1,24,,52459,17802,,,1,20,,52454,17802,,,1,71,,52464,17802,,,1,34,,52457,17802,,,1,70,,52444,17802,,,1,30,,52463,17802,,,1,68,,52465,17802,,,1,30,,52462,17802,,,1,70,,52452,17802,,,1,27,,52458,17802,,,1,70,,52466,17802,,,1,100,,52456,17802,,,1
2101,'DI',613,,55843,12217,,,1,30,,55842,12217,,,1,70,,55853,12217,,,1,29,,55850,12217,,,1,70,,55860,12217,,,1,30,,55849,12217,,,1,71,,55857,12217,,,1,30,,55874,12217,,,1,70,,55848,12217,,,1,27,,55851,12217,,,1,73,,55854,12217,,,1,30,,55862,12217,,,1,72,,55852,12217,,,1,30,,55870,12217,,,1,71,,55844,12217,,,1,34,,55868,12217,,,1,70,,55861,12217,,,1,30,,55858,12217,,,1,70,,55866,12217,,,1,30,,55869,12217,,,1,70,,55855,12217,,,1,30,,55867,12217,,,1,70,,55845,12217,,,1,30,,55859,12217,,,1,70,,55873,12217,,,1,30,,55865,12217,,,1,65,,55863,12217,,,1,27,,55838,12217,,,1,70,,55856,12217,,,1,30,,55872,12217,,,1,70,,55846,12217,,,1,30,,55871,12217,,,1,70,,55835,12217,,,1,30,,55837,12217,,,1,70,,55864,12217,,,1,30,,55847,12217,,,1,70,,55840,12217,,,1,30,,55839,12217,,,1
2101,'F2',613,,55917,12217,,,1,30,,55919,12217,,,1,70,,55948,12217,,,1,30,,55918,12217,,,1,72,,55938,12217,,,1,30,,55929,12217,,,1,70,,55920,12217,,,1,30,,55949,12217,,,1,70,,55944,12217,,,1,25,,55941,12217,,,1,71,,55933,12217,,,1,34,,55936,12217,,,1,73,,55942,12217,,,1,26,,55950,12217,,,1,74,,55927,12217,,,1,32,,55953,12217,,,1,70,,55945,12217,,,1,30,,55937,12217,,,1,70,,55921,12217,,,1,30,,55954,12217,,,1,70,,55946,12217,,,1,30,,55932,12217,,,1,70,,55922,12217,,,1,30,,55939,12217,,,1,70,,55947,12217,,,1,30,,55926,12217,,,1,65,,55923,12217,,,1,27,,55940,12217,,,1,70,,55951,12217,,,1,30,,55943,12217,,,1,70,,55915,12217,,,1,30,,55934,12217,,,1,70,,55924,12217,,,1,30,,55928,12217,,,1,70,,55930,12217,,,1,30,,55916,12217,,,1,70,,55952,12217,,,1,30,,55935,12217,,,1,70,,55931,12217,,,1
2101,'SA',613,,55957,12217,,,1,30,,55959,12217,,,1,70,,55988,12217,,,1,30,,55958,12217,,,1,72,,55978,12217,,,1,30,,55969,12217,,,1,70,,55960,12217,,,1,30,,55989,12217,,,1,70,,55984,12217,,,1,25,,55981,12217,,,1,71,,55973,12217,,,1,34,,55976,12217,,,1,73,,55982,12217,,,1,26,,55990,12217,,,1,74,,55967,12217,,,1,32,,55993,12217,,,1,70,,55985,12217,,,1,30,,55977,12217,,,1,70,,55961,12217,,,1,30,,55994,12217,,,1,70,,55986,12217,,,1,30,,55972,12217,,,1,70,,55962,12217,,,1,30,,55979,12217,,,1,70,,55987,12217,,,1,30,,55966,12217,,,1,65,,55963,12217,,,1,27,,55980,12217,,,1,70,,55991,12217,,,1,30,,55983,12217,,,1,70,,55955,12217,,,1,30,,55974,12217,,,1,70,,55964,12217,,,1,30,,55968,12217,,,1,70,,55970,12217,,,1,30,,55956,12217,,,1,70,,55992,12217,,,1,30,,55975,12217,,,1,70,,55971,12217,,,1
2101,'SE',510,,55997,12217,,,1,46,,55996,12217,,,1,67,,56025,12217,,,1,15,,45788,12217,,,1,15,,56021,12217,,,1,55,,45786,12217,,,1,10,,56030,12217,,,1,10,,56027,12217,,,1,13,,56022,12217,,,1,10,,56032,12217,,,1,50,,56031,12217,,,1,10,,56023,12217,,,1,13,,45789,12217,,,1,18,,56028,12217,,,1,17,,56033,12217,,,1,63,,56035,12217,,,1,13,,56036,12217,,,1,20,,56010,12217,,,1,61,,56001,12217,,,1,27,,55998,12217,,,1,74,,56000,12217,,,1,30,,55995,12217,,,1,70,,55999,12217,,,1,32,,56005,12217,,,1,73,,56011,12217,,,1,30,,56006,12217,,,1,70,,56012,12217,,,1,79,,56002,12217,,,1,24,,56037,12217,,,1,30,,56026,12217,,,1,73,,56041,12217,,,1,15,,56034,12217,,,1,15,,56024,12217,,,1,54,,56039,12217,,,1,15,,56038,12217,,,1,18,,56029,12217,,,1,59,,56040,12217,,,1,16,,56019,12217,,,1,20,,56016,12217,,,1,66,,56014,12217,,,1,26,,56007,12217,,,1,25,,56017,12217,,,1,70,,56013,12217,,,1,30,,56015,12217,,,1,69,,56008,12217,,,1,30,,56009,12217,,,1,70,,56003,12217,,,1,98,,56020,12217,,,1,97,,56018,12217,,,1
7701,'DI',827,,60045,12132,,,1,100,,60047,12132,,,1,100,,60046,12132,,,1,100,,60048,12132,,,1,100,,60049,12132,,,1,100,,60051,12132,,,1,100,,60050,12132,,,1,102,,60052,12132,,,1,100,,60043,12132,,,1,100,,60053,12132,,,1,100,,60044,12132,,,1,97,,60054,12132,,,1,98,,60055,12132,,,1,100,,60057,12132,,,1,100,,60056,12132,,,1
7701,'F2',827,,60073,12132,,,1,100,,60075,12132,,,1,100,,60074,12132,,,1,100,,60076,12132,,,1,100,,60078,12132,,,1,100,,60077,12132,,,1,100,,60079,12132,,,1,102,,60080,12132,,,1,100,,60081,12132,,,1,100,,60083,12132,,,1,100,,60082,12132,,,1,97,,60084,12132,,,1,98,,60085,12132,,,1,100,,60087,12132,,,1,100,,60086,12132,,,1
7701,'SA',827,,60088,12132,,,1,100,,60090,12132,,,1,100,,60089,12132,,,1,100,,60091,12132,,,1,100,,60093,12132,,,1,100,,60092,12132,,,1,100,,60094,12132,,,1,102,,60095,12132,,,1,100,,60096,12132,,,1,100,,60098,12132,,,1,100,,60097,12132,,,1,97,,60099,12132,,,1,98,,60100,12132,,,1,100,,60102,12132,,,1,100,,60101,12132,,,1
7701,'SE',648,,60103,12132,,,1,11,,60106,12132,,,1,47,,60124,12132,,,1,7,,60107,12132,,,1,11,,60108,12132,,,1,4,,60111,12132,,,1,7,,60112,12132,,,1,18,,60113,12132,,,1,72,,60126,12132,,,1,30,,60104,12132,,,1,67,,60125,12132,,,1,4,,60109,12132,,,1,31,,60114,12132,,,1,70,,60127,12132,,,1,30,,60105,12132,,,1,70,,60110,12132,,,1,30,,60115,12132,,,1,72,,60128,12132,,,1,30,,60129,12132,,,1,71,,60130,12132,,,1,73,,60116,12132,,,1,30,,60131,12132,,,1,70,,60118,12132,,,1,29,,60122,12132,,,1,73,,60117,12132,,,1,30,,60134,12132,,,1,70,,60119,12132,,,1,25,,60123,12132,,,1,70,,60137,12132,,,1,34,,60120,12132,,,1,70,,60135,12132,,,1,28,,60132,12132,,,1,69,,60138,12132,,,1,30,,60121,12132,,,1,72,,60136,12132,,,1,27,,60133,12132,,,1,26,,60139,12132,,,1
42101,'SE',610,,62811,8415,,,1,38,,62809,8415,,,1,65,,62808,8415,,,1,22,,62819,8415,,,1,17,,62812,8415,,,1,72,,62817,8415,,,1,722,,62813,8415,,,1,75,,62820,8415,,,1,20,,62818,8415,,,1,70,,62816,8415,,,1,29,,62814,8415,,,1,69,,62815,8415,,,1,534,,62807,8415,,,1
90101,'DI',544,,63968,20125,,,1,80,,63792,20125,,,1,30,,63797,20125,,,1,70,,63791,20125,,,1,30,,63807,20125,,,1,73,,63804,20125,,,1,32,,63798,20125,,,1,72,,63786,20125,,,1,71,,63793,20125,,,1,30,,63789,20125,,,1,70,,63808,20125,,,1,31,,63805,20125,,,1,70,,63803,20125,,,1,31,,63794,20125,,,1,73,,63811,20125,,,1,28,,63800,20125,,,1,70,,63809,20125,,,1,29,,63781,20125,,,1,25,,63795,20125,,,1,75,,63787,20125,,,1,70,,63779,20125,,,1,31,,63810,20125,,,1,70,,63783,20125,,,1,30,,63799,20125,,,1,68,,63790,20125,,,1,30,,63780,20125,,,1,67,,63806,20125,,,1,35,,63788,20125,,,1,104,,63785,20125,,,1,97,,63801,20125,,,1,100,,63782,20125,,,1,100,,63784,20125,,,1,100,,63796,20125,,,1,100,,63802,20125,,,1
90101,'F2',624,,63860,20125,,,1,30,,63869,20125,,,1,70,,63864,20125,,,1,30,,63866,20125,,,1,73,,63872,20125,,,1,32,,63863,20125,,,1,72,,63861,20125,,,1,71,,63868,20125,,,1,30,,63874,20125,,,1,70,,63849,20125,,,1,31,,63862,20125,,,1,70,,63873,20125,,,1,31,,63865,20125,,,1,73,,63875,20125,,,1,28,,63854,20125,,,1,70,,63851,20125,,,1,29,,63845,20125,,,1,25,,63858,20125,,,1,75,,63876,20125,,,1,70,,63855,20125,,,1,31,,63852,20125,,,1,70,,63846,20125,,,1,30,,63847,20125,,,1,68,,63870,20125,,,1,30,,63856,20125,,,1,67,,63850,20125,,,1,35,,63859,20125,,,1,104,,63877,20125,,,1,97,,63853,20125,,,1,100,,63867,20125,,,1,100,,63857,20125,,,1,100,,63848,20125,,,1,100,,63871,20125,,,1
90101,'SA',544,,63969,20125,,,1,80,,63893,20125,,,1,30,,63902,20125,,,1,70,,63897,20125,,,1,30,,63899,20125,,,1,73,,63905,20125,,,1,32,,63896,20125,,,1,72,,63894,20125,,,1,71,,63901,20125,,,1,30,,63907,20125,,,1,70,,63882,20125,,,1,31,,63895,20125,,,1,70,,63906,20125,,,1,31,,63898,20125,,,1,73,,63908,20125,,,1,28,,63887,20125,,,1,70,,63884,20125,,,1,29,,63878,20125,,,1,25,,63891,20125,,,1,75,,63909,20125,,,1,70,,63888,20125,,,1,31,,63885,20125,,,1,70,,63879,20125,,,1,30,,63880,20125,,,1,68,,63903,20125,,,1,30,,63889,20125,,,1,67,,63883,20125,,,1,35,,63892,20125,,,1,104,,63910,20125,,,1,97,,63886,20125,,,1,100,,63900,20125,,,1,100,,63890,20125,,,1,100,,63881,20125,,,1,100,,63904,20125,,,1
90101,'SE',539,,63970,20125,,,1,67,,63942,20125,,,1,30,,63945,20125,,,1,16,,63949,20125,,,1,55,,63917,20125,,,1,15,,63939,20125,,,1,15,,63919,20125,,,1,15,,63924,20125,,,1,50,,63948,20125,,,1,16,,63922,20125,,,1,10,,63927,20125,,,1,10,,63943,20125,,,1,12,,63914,20125,,,1,8,,63918,20125,,,1,45,,63944,20125,,,1,10,,63946,20125,,,1,10,,63920,20125,,,1,12,,63954,20125,,,1,15,,63941,20125,,,1,52,,63923,20125,,,1,20,,63925,20125,,,1,20,,63950,20125,,,1,60,,63928,20125,,,1,20,,63915,20125,,,1,20,,63947,20125,,,1,60,,63955,20125,,,1,20,,63911,20125,,,1,20,,63913,20125,,,1,60,,63926,20125,,,1,20,,63921,20125,,,1,20,,63929,20125,,,1,60,,63916,20125,,,1,20,,63958,20125,,,1,20,,63956,20125,,,1,60,,63930,20125,,,1,20,,63940,20125,,,1,23,,63953,20125,,,1,60,,63957,20125,,,1,20,,63931,20125,,,1,20,,63951,20125,,,1,70,,63959,20125,,,1,29,,63961,20125,,,1,73,,63963,20125,,,1,27,,63933,20125,,,1,72,,63952,20125,,,1,30,,63960,20125,,,1,63,,63935,20125,,,1,30,,63912,20125,,,1,70,,63962,20125,,,1,31,,63964,20125,,,1,70,,63932,20125,,,1,30,,63936,20125,,,1,70,,63937,20125,,,1,100,,63965,20125,,,1,100,,63934,20125,,,1,100,,63938,20125,,,1
