2000,'DI',632,,26261,11838,,,2,100,,26264,11838,,,2,100,,26267,11838,,,2,100,,26259,11838,,,2,100,,26265,11838,,,2,97,,26268,11838,,,2,103,,26269,11838,,,2,100,,26266,11838,,,2,100,,26270,11838,,,2,100,,26262,11838,,,2,97,,26273,11838,,,2,103,,26274,11838,,,2,100,,26263,11838,,,2,100,,26271,11838,,,2,100,,26260,11838,,,2,100,,26275,11838,,,2,100,,26272,11838,,,2,100,,26276,11838,,,2,100,,26277,11838,,,2
2000,'F8',633,,26384,11838,,,2,100,,26378,11838,,,2,100,,26375,11838,,,2,100,,26369,11838,,,2,100,,26371,11838,,,2,100,,26370,11838,,,2,100,,26379,11838,,,2,100,,26372,11838,,,2,100,,26373,11838,,,2,100,,26383,11838,,,2,96,,26380,11838,,,2,104,,26381,11838,,,2,104,,26382,11838,,,2,96,,26367,11838,,,2,100,,26376,11838,,,2,100,,26374,11838,,,2,100,,26366,11838,,,2,100,,26385,11838,,,2,100,,26377,11838,,,2,100,,26368,11838,,,2
2000,'F9',632,,26388,11838,,,2,100,,26391,11838,,,2,100,,26394,11838,,,2,100,,26386,11838,,,2,100,,26392,11838,,,2,97,,26395,11838,,,2,103,,26396,11838,,,2,100,,26393,11838,,,2,100,,26397,11838,,,2,100,,26389,11838,,,2,97,,26400,11838,,,2,103,,26401,11838,,,2,100,,26390,11838,,,2,100,,26398,11838,,,2,100,,26387,11838,,,2,100,,26402,11838,,,2,100,,26399,11838,,,2,100,,26403,11838,,,2,100,,26404,11838,,,2
2000,'SA',633,,26422,11838,,,2,100,,5701,11838,,,2,100,,26414,11838,,,2,100,,26408,11838,,,2,100,,26410,11838,,,2,100,,26409,11838,,,2,100,,26417,11838,,,2,100,,26411,11838,,,2,100,,26412,11838,,,2,100,,26421,11838,,,2,96,,26418,11838,,,2,104,,26419,11838,,,2,104,,26420,11838,,,2,96,,26406,11838,,,2,100,,26415,11838,,,2,100,,26413,11838,,,2,100,,26405,11838,,,2,100,,26423,11838,,,2,100,,26416,11838,,,2,100,,26407,11838,,,2
2000,'SE',554,,26438,11838,,,2,60,,26464,11838,,,2,24,,26447,11838,,,2,71,,26439,11838,,,2,14,,26470,11247,,,2,9,,26468,11247,,,2,8,,26472,11247,,,2,10,,26465,11247,,,2,51,,26467,11247,,,2,6,,26466,11247,,,2,14,,26471,11247,,,2,32,,26469,11247,,,2,71,,26473,11247,,,2,29,,26425,11838,,,2,71,,26455,11838,,,2,30,,26431,11838,,,2,70,,26458,11838,,,2,30,,26428,11838,,,2,70,,26452,11838,,,2,30,,26432,11838,,,2,70,,26460,11838,,,2,30,,26429,11838,,,2,70,,26451,11838,,,2,30,,26433,11838,,,2,71,,26440,11838,,,2,21,,26442,11838,,,2,57,,26435,11838,,,2,15,,26427,11838,,,2,15,,26436,11838,,,2,15,,26453,11838,,,2,57,,26443,11838,,,2,11,,26459,11838,,,2,13,,26444,11838,,,2,9,,26446,11838,,,2,12,,26441,11838,,,2,53,,26454,11838,,,2,11,,26434,11838,,,2,14,,26462,11838,,,2,13,,26445,11838,,,2,15,,26457,11838,,,2,68,,26424,11838,,,2,30,,26456,11838,,,2,70,,26463,11838,,,2,30,,26437,11838,,,2,70,,26461,11838,,,2,30,,26448,11838,,,2,100,,26430,11838,,,2,100,,26449,11838,,,2,100,,26426,11838,,,2,100,,26450,11838,,,2
2201,'SE',542,,27418,4297,,,2,92,,27420,4297,,,2,25,,27419,4297,,,2,70,,27417,4297,,,2,30,,27421,4297,,,2,948,,27423,4297,,,2,40,,27422,4297,,,2,60,,27424,4297,,,2
16101,'DI',610,,38767,9020,,,2,30,,38758,4297,,,2,70,,38755,4297,,,2,30,,38765,4297,,,2,70,,38759,4297,,,2,30,,38760,4297,,,2,70,,38762,4297,,,2,702,,38756,4297,,,2,28,,38761,4297,,,2,72,,38757,4297,,,2,30,,38766,9020,,,2,70,,38764,4297,,,2,32,,38763,4297,,,2
16101,'F8',610,,38824,9020,,,2,30,,38820,4297,,,2,70,,38817,4297,,,2,30,,38818,4297,,,2,70,,38815,4297,,,2,30,,38821,4297,,,2,70,,38819,4297,,,2,700,,38816,4297,,,2,31,,38813,4297,,,2,71,,38822,4297,,,2,30,,38825,9020,,,2,71,,38814,4297,,,2,31,,38823,4297,,,2
16101,'F9',610,,38838,9020,,,2,30,,38829,4297,,,2,70,,38826,4297,,,2,30,,38836,4297,,,2,70,,38830,4297,,,2,30,,38831,4297,,,2,70,,38833,4297,,,2,702,,38827,4297,,,2,28,,38832,4297,,,2,72,,38828,4297,,,2,30,,38837,9020,,,2,70,,38835,4297,,,2,32,,38834,4297,,,2
16101,'SA',610,,38849,9020,,,2,30,,17011,4297,,,2,70,,38843,4297,,,2,30,,38844,4297,,,2,70,,38841,4297,,,2,30,,38846,4297,,,2,70,,38845,4297,,,2,700,,38842,4297,,,2,31,,38839,4297,,,2,71,,38847,4297,,,2,30,,38850,9020,,,2,71,,38840,4297,,,2,31,,38848,4297,,,2
16101,'SE',604,,38858,4297,,,2,20,,38853,4297,,,2,24,,38867,9020,,,2,60,,38856,4297,,,2,13,,38865,9020,,,2,17,,38860,4297,,,2,16,,38868,9020,,,2,56,,38855,4297,,,2,23,,38859,4297,,,2,20,,38863,4297,,,2,57,,38852,4297,,,2,20,,38851,4297,,,2,325,,38864,9020,,,2,372,,38870,9020,,,2,15,,38861,4297,,,2,61,,38866,9020,,,2,20,,38854,4297,,,2,18,,38869,9020,,,2,61,,38862,4297,,,2,20,,38857,4297,,,2
57001,'SE',828,,40728,5580,,,2
