801,'DI',530,,23101,4871,,,1,70,,2745,4871,,,1,30,,2752,4871,,,1,70,,23108,4871,,,1,30,,23102,4871,,,1,71,,2746,4871,,,1,30,,2753,4871,,,1,70,,23109,4871,,,1,27,,23103,4871,,,1,30,,2747,4871,,,1,70,,2754,4871,,,1,27,,23110,4871,,,1,70,,23104,4871,,,1,30,,2748,4871,,,1,70,,2755,4871,,,1,30,,23111,4871,,,1,71,,2741,4871,,,1,30,,2749,4871,,,1,71,,2756,4871,,,1,30,,23112,4871,,,1,70,,23106,4871,,,1,30,,2750,4871,,,1,70,,23115,4871,,,1,30,,23113,4871,,,1,59,,23105,4871,,,1,16,,23107,4871,,,1,70,,2751,4871,,,1,28,,23116,4871,,,1,70,,23114,4871,,,1,45,,2742,4871,,,1,103,,23117,4871,,,1,100,,2743,4871,,,1,99,,23118,4871,,,1,100,,2744,4871,,,1,99,,23119,4871,,,1
801,'F8',530,,23268,4871,,,1,70,,23280,4871,,,1,30,,23283,4871,,,1,70,,23286,4871,,,1,30,,23269,4871,,,1,70,,23281,4871,,,1,30,,23284,4871,,,1,70,,23287,4871,,,1,27,,23270,4871,,,1,27,,23282,4871,,,1,70,,23285,4871,,,1,30,,23288,4871,,,1,71,,23271,4871,,,1,30,,23276,4871,,,1,71,,23293,4871,,,1,30,,23289,4871,,,1,71,,23272,4871,,,1,30,,23277,4871,,,1,70,,23294,4871,,,1,30,,23290,4871,,,1,70,,23297,4871,,,1,30,,23278,4871,,,1,70,,23295,4871,,,1,30,,23291,4871,,,1,65,,23264,4871,,,1,10,,23298,4871,,,1,23,,23279,4871,,,1,70,,23296,4871,,,1,30,,23292,4871,,,1,90,,23265,4871,,,1,100,,23273,4871,,,1,100,,23266,4871,,,1,100,,23274,4871,,,1,100,,23267,4871,,,1,102,,23275,4871,,,1
801,'F9',530,,23299,4871,,,1,70,,23307,4871,,,1,30,,23314,4871,,,1,70,,23322,4871,,,1,30,,23300,4871,,,1,71,,23308,4871,,,1,30,,23315,4871,,,1,70,,23323,4871,,,1,27,,23301,4871,,,1,30,,23309,4871,,,1,70,,23316,4871,,,1,27,,23324,4871,,,1,70,,23302,4871,,,1,30,,23310,4871,,,1,70,,23317,4871,,,1,30,,23325,4871,,,1,71,,23303,4871,,,1,30,,23311,4871,,,1,71,,23318,4871,,,1,30,,23326,4871,,,1,70,,23320,4871,,,1,30,,23312,4871,,,1,70,,23329,4871,,,1,30,,23327,4871,,,1,59,,23319,4871,,,1,16,,23321,4871,,,1,70,,23313,4871,,,1,28,,23330,4871,,,1,70,,23328,4871,,,1,45,,23304,4871,,,1,103,,23331,4871,,,1,100,,23305,4871,,,1,99,,23332,4871,,,1,100,,23306,4871,,,1,99,,23333,4871,,,1
801,'SA',530,,23338,4871,,,1,70,,23350,4871,,,1,30,,23353,4871,,,1,70,,23356,4871,,,1,30,,23339,4871,,,1,70,,23351,4871,,,1,30,,23354,4871,,,1,70,,23357,4871,,,1,27,,23340,4871,,,1,27,,23352,4871,,,1,70,,23355,4871,,,1,30,,23358,4871,,,1,71,,23341,4871,,,1,30,,23346,4871,,,1,71,,23363,4871,,,1,30,,23359,4871,,,1,71,,23342,4871,,,1,30,,23347,4871,,,1,70,,23364,4871,,,1,30,,23360,4871,,,1,70,,2977,4871,,,1,30,,23348,4871,,,1,70,,23365,4871,,,1,30,,23361,4871,,,1,65,,23334,4871,,,1,10,,2978,4871,,,1,23,,23349,4871,,,1,70,,23366,4871,,,1,30,,23362,4871,,,1,90,,23335,4871,,,1,100,,23343,4871,,,1,100,,23336,4871,,,1,100,,23344,4871,,,1,100,,23337,4871,,,1,102,,23345,4871,,,1
801,'SE',456,,23393,4871,,,1,73,,23367,4871,,,1,27,,23401,4871,,,1,61,,23403,4871,,,1,22,,23410,4871,,,1,11,,23413,4871,,,1,9,,23372,4871,,,1,48,,23376,4871,,,1,10,,23383,4871,,,1,9,,23368,4871,,,1,11,,23395,4871,,,1,21,,23402,4871,,,1,60,,23404,4871,,,1,18,,23394,4871,,,1,13,,23371,4871,,,1,55,,23373,4871,,,1,15,,23377,4871,,,1,15,,23369,4871,,,1,17,,23386,4871,,,1,55,,23382,4871,,,1,14,,23405,4871,,,1,15,,23379,4871,,,1,16,,23430,4871,,,1,55,,23374,4871,,,1,15,,23378,4871,,,1,15,,23370,4871,,,1,15,,23384,4871,,,1,55,,23387,4871,,,1,16,,23414,4871,,,1,15,,23406,4871,,,1,15,,23416,4871,,,1,55,,23389,4871,,,1,15,,23433,4871,,,1,15,,23439,4871,,,1,15,,23431,4871,,,1,55,,23421,4871,,,1,16,,23419,4871,,,1,15,,23396,4871,,,1,13,,23438,4871,,,1,59,,23380,4871,,,1,11,,23417,4871,,,1,10,,23375,4871,,,1,14,,23432,4871,,,1,56,,23420,4871,,,1,16,,23429,4871,,,1,15,,23388,4871,,,1,13,,23424,4871,,,1,56,,23423,4871,,,1,15,,23407,4871,,,1,15,,23381,4871,,,1,17,,23418,4871,,,1,61,,23422,4871,,,1,24,,23399,4871,,,1,67,,23425,4871,,,1,28,,23411,4871,,,1,31,,23397,4871,,,1,70,,23426,4871,,,1,73,,23408,4871,,,1,27,,23412,4871,,,1,14,,23390,4871,,,1,60,,23398,4871,,,1,29,,23427,4871,,,1,20,,23409,4871,,,1,93,,23391,4871,,,1,100,,23392,4871,,,1
13201,'DI',708,,38200,3605,,,2,100,,38198,3605,,,2,100,,38199,3605,,,2,100,,38204,3605,,,2,100,,38201,3605,,,2,100,,38202,3605,,,2,100,,38205,3605,,,2,100,,38208,3605,,,2,100,,38206,3605,,,2,105,,38210,3605,,,2,95,,38209,3605,,,2,100,,38207,3605,,,2,101,,38211,3605,,,2,98,,38212,3605,,,2,100,,38203,3605,,,2,100,,38197,3605,,,2,100,,38213,3605,,,2,100,,38214,3605,,,2
13201,'F8',708,,38280,3605,,,2,100,,38296,3605,,,2,100,,38284,3605,,,2,100,,38279,3605,,,2,103,,38281,3605,,,2,97,,38285,3605,,,2,104,,38282,3605,,,2,96,,38295,3605,,,2,104,,38286,3605,,,2,96,,38288,3605,,,2,100,,38283,3605,,,2,100,,38287,3605,,,2,101,,38289,3605,,,2,98,,38291,3605,,,2,100,,38290,3605,,,2,100,,38293,3605,,,2,100,,38292,3605,,,2,100,,38294,3605,,,2
13201,'F9',708,,38300,3605,,,2,100,,38298,3605,,,2,100,,38299,3605,,,2,100,,38304,3605,,,2,100,,38301,3605,,,2,100,,38302,3605,,,2,100,,38305,3605,,,2,100,,38308,3605,,,2,100,,38306,3605,,,2,105,,38310,3605,,,2,95,,38309,3605,,,2,100,,38307,3605,,,2,101,,38311,3605,,,2,98,,38312,3605,,,2,100,,38303,3605,,,2,100,,38297,3605,,,2,100,,38313,3605,,,2,100,,38314,3605,,,2
13201,'SA',708,,38316,3605,,,2,100,,38332,3605,,,2,100,,38320,3605,,,2,100,,38315,3605,,,2,103,,38317,3605,,,2,97,,38321,3605,,,2,104,,38318,3605,,,2,96,,38331,3605,,,2,104,,38322,3605,,,2,96,,38324,3605,,,2,100,,38319,3605,,,2,100,,38323,3605,,,2,101,,38325,3605,,,2,98,,38327,3605,,,2,100,,38326,3605,,,2,100,,38329,3605,,,2,100,,38328,3605,,,2,100,,38330,3605,,,2
13201,'SE',542,,38339,3605,,,2,70,,38336,3605,,,2,32,,38345,3605,,,2,60,,38338,3605,,,2,22,,38343,3605,,,2,10,,38349,3605,,,2,10,,38347,3605,,,2,62,,38346,3605,,,2,19,,38340,3605,,,2,17,,38344,3605,,,2,60,,38348,3605,,,2,19,,38358,3605,,,2,19,,16560,3605,,,2,97,,38359,3605,,,2,99,,16564,3605,,,2,96,,38357,3605,,,2,100,,38350,3605,,,2,109,,38351,3605,,,2,11,,38354,3605,,,2,3,,38333,3605,,,2,83,,38341,3605,,,2,65,,38352,3605,,,2,20,,38355,3605,,,2,19,,38337,3605,,,2,63,,38342,3605,,,2,19,,38335,3605,,,2,19,,38353,3605,,,2,59,,38334,3605,,,2,40,,38356,3605,,,2
44201,'SE',712,,40002,6260,,,2,100,,40003,6260,,,2
