800,'DI',600,,53345,6358,,,1,33,,53319,6358,,,1,70,,53327,6358,,,1,30,,53333,6358,,,1,70,,53346,6358,,,1,30,,53320,6358,,,1,72,,53328,6358,,,1,30,,53334,6358,,,1,70,,53347,6358,,,1,30,,53321,6358,,,1,70,,53329,6358,,,1,30,,53335,6358,,,1,71,,53348,6358,,,1,30,,53322,6358,,,1,70,,53330,6358,,,1,30,,53342,6358,,,1,70,,53349,6358,,,1,30,,53343,6358,,,1,70,,53331,6358,,,1,30,,53336,6358,,,1,70,,53350,6358,,,1,30,,53344,6358,,,1,69,,53332,6358,,,1,30,,53337,6358,,,1,72,,53351,6358,,,1,43,,53323,6358,,,1,100,,53338,6358,,,1,100,,53324,6358,,,1,99,,53339,6358,,,1,100,,53325,6358,,,1,100,,53340,6358,,,1,100,,53326,6358,,,1,100,,53341,6358,,,1
800,'F1',600,,53378,6358,,,1,33,,53352,6358,,,1,70,,53360,6358,,,1,30,,53366,6358,,,1,70,,53379,6358,,,1,30,,53353,6358,,,1,72,,53361,6358,,,1,30,,53367,6358,,,1,70,,53380,6358,,,1,30,,53354,6358,,,1,70,,53362,6358,,,1,30,,53368,6358,,,1,71,,53381,6358,,,1,30,,53355,6358,,,1,70,,53363,6358,,,1,30,,53375,6358,,,1,70,,53382,6358,,,1,30,,53376,6358,,,1,70,,53364,6358,,,1,30,,53369,6358,,,1,70,,53383,6358,,,1,30,,53377,6358,,,1,69,,53365,6358,,,1,30,,53370,6358,,,1,72,,53384,6358,,,1,43,,53356,6358,,,1,100,,53371,6358,,,1,100,,53357,6358,,,1,99,,53372,6358,,,1,100,,53358,6358,,,1,100,,53373,6358,,,1,100,,53359,6358,,,1,100,,53374,6358,,,1
800,'F2',601,,53405,6358,,,1,30,,53389,6358,,,1,72,,53393,6358,,,1,30,,53400,6358,,,1,71,,53406,6358,,,1,30,,53390,6358,,,1,70,,53394,6358,,,1,31,,53401,6358,,,1,70,,53407,6358,,,1,30,,53391,6358,,,1,70,,53395,6358,,,1,30,,53402,6358,,,1,68,,53408,6358,,,1,32,,53392,6358,,,1,70,,53396,6358,,,1,30,,53403,6358,,,1,70,,53409,6358,,,1,30,,44107,6358,,,1,70,,53397,6358,,,1,30,,53415,6358,,,1,70,,53410,6358,,,1,30,,44108,6358,,,1,70,,53398,6358,,,1,30,,53416,6358,,,1,72,,53411,6358,,,1,28,,53385,6358,,,1,70,,53399,6358,,,1,46,,53412,6358,,,1,98,,53386,6358,,,1,100,,53413,6358,,,1,100,,53387,6358,,,1,100,,53414,6358,,,1,100,,53388,6358,,,1,100,,53404,6358,,,1
800,'SA',601,,53437,6358,,,1,30,,53421,6358,,,1,72,,53425,6358,,,1,30,,53432,6358,,,1,71,,53438,6358,,,1,30,,53422,6358,,,1,70,,53426,6358,,,1,31,,53433,6358,,,1,70,,53439,6358,,,1,30,,53423,6358,,,1,70,,53427,6358,,,1,30,,53434,6358,,,1,68,,53440,6358,,,1,32,,53424,6358,,,1,70,,53428,6358,,,1,30,,53435,6358,,,1,70,,53441,6358,,,1,30,,2660,6358,,,1,70,,53429,6358,,,1,30,,53447,6358,,,1,70,,53442,6358,,,1,30,,2661,6358,,,1,70,,53430,6358,,,1,30,,53448,6358,,,1,72,,53443,6358,,,1,28,,53417,6358,,,1,70,,53431,6358,,,1,46,,53444,6358,,,1,98,,53418,6358,,,1,100,,53445,6358,,,1,100,,53419,6358,,,1,100,,53446,6358,,,1,100,,53420,6358,,,1,100,,53436,6358,,,1
800,'SE',505,,44153,6358,,,1,28,,53469,6358,,,1,22,,53461,6358,,,1,81,,53449,6358,,,1,70,,44154,6358,,,1,21,,53470,6358,,,1,19,,53451,6358,,,1,13,,53485,6358,,,1,55,,53452,6358,,,1,15,,53481,6358,,,1,15,,53475,6358,,,1,57,,53488,6358,,,1,15,,44124,6358,,,1,15,,53471,6358,,,1,15,,53462,6358,,,1,55,,53486,6358,,,1,15,,53453,6358,,,1,15,,53482,6358,,,1,15,,53476,6358,,,1,55,,53489,6358,,,1,15,,53450,6358,,,1,17,,53457,6358,,,1,15,,53472,6358,,,1,55,,53466,6358,,,1,15,,53487,6358,,,1,15,,53505,6358,,,1,15,,53483,6358,,,1,55,,53479,6358,,,1,15,,53490,6358,,,1,15,,53492,6358,,,1,15,,53507,6358,,,1,55,,53495,6358,,,1,15,,53467,6358,,,1,16,,53454,6358,,,1,15,,53506,6358,,,1,54,,53477,6358,,,1,14,,53460,6358,,,1,4,,53491,6358,,,1,13,,53498,6358,,,1,15,,53493,6358,,,1,55,,53458,6358,,,1,15,,53478,6358,,,1,15,,53496,6358,,,1,12,,53468,6358,,,1,12,,53511,6358,,,1,53,,53484,6358,,,1,11,,53459,6358,,,1,12,,53503,6358,,,1,12,,53508,6358,,,1,11,,53499,6358,,,1,52,,53494,6358,,,1,12,,53504,6358,,,1,11,,53480,6358,,,1,10,,53473,6358,,,1,10,,53497,6358,,,1,60,,53500,6358,,,1,27,,53509,6358,,,1,68,,53512,6358,,,1,30,,53474,6358,,,1,68,,53501,6358,,,1,30,,53510,6358,,,1,70,,53513,6358,,,1,45,,53463,6358,,,1,100,,53502,6358,,,1,97,,53464,6358,,,1,100,,53465,6358,,,1
2800,'DI',857,,56189,6358,0,32 33,1,101,,56184,6358,0,32 33,1,100,,56188,6358,0,32 33,1,100,,56185,6358,0,32 33,1,100,,56187,6358,0,32 33,1,100,,56183,6358,0,32 33,1,100,,56186,6358,0,32 33,1,101,,56182,6358,0,32 33,1,99,,56190,6358,0,32 33,1,100,,56191,6358,0,32 33,1
2800,'F1',857,,56199,6358,0,32 33,1,101,,56194,6358,0,32 33,1,100,,56198,6358,0,32 33,1,100,,56195,6358,0,32 33,1,100,,56197,6358,0,32 33,1,100,,56193,6358,0,32 33,1,100,,56196,6358,0,32 33,1,101,,56192,6358,0,32 33,1,99,,56200,6358,0,32 33,1,100,,56201,6358,0,32 33,1
2800,'F2',859,,56207,6358,0,32 33,1,99,,56205,6358,0,32 33,1,143,,56202,6358,0,32 33,1,57,,56208,6358,0,32 33,1,101,,45930,6358,0,32 33,1,100,,56210,6358,0,32 33,1,99,,56204,6358,0,32 33,1,143,,56203,6358,0,32 33,1,99,,56206,6358,0,32 33,1,58,,56209,6358,0,32 33,1
2800,'SA',859,,56216,6358,0,32 33,1,99,,56214,6358,0,32 33,1,143,,56211,6358,0,32 33,1,57,,56217,6358,0,32 33,1,101,,6923,6358,0,32 33,1,100,,56219,6358,0,32 33,1,99,,56213,6358,0,32 33,1,143,,56212,6358,0,32 33,1,99,,56215,6358,0,32 33,1,58,,56218,6358,0,32 33,1
2800,'SE',624,,56256,6358,0,32 33,1,86,,56253,6358,0,32 33,1,22,,56259,6358,0,32 33,1,3,,56252,6358,0,32 33,1,16,,56233,6358,0,32 33,1,53,,56240,6358,0,32 33,1,15,,56258,6358,0,32 33,1,15,,56220,6358,0,32 33,1,14,,56222,6358,0,32 33,1,58,,56221,6358,0,32 33,1,30,,56236,6358,0,32 33,1,70,,56241,6358,0,32 33,1,30,,56232,6358,0,32 33,1,70,,56223,6358,0,32 33,1,32,,56242,6358,0,32 33,1,70,,56226,6358,0,32 33,1,30,,56224,6358,0,32 33,1,70,,56243,6358,0,32 33,1,30,,56227,6358,0,32 33,1,70,,56225,6358,0,32 33,1,30,,56238,6358,0,32 33,1,71,,56254,6358,0,32 33,1,16,,56244,6358,0,32 33,1,14,,56229,6358,0,32 33,1,15,,56246,6358,0,32 33,1,55,,56257,6358,0,32 33,1,15,,56228,6358,0,32 33,1,14,,56231,6358,0,32 33,1,12,,56255,6358,0,32 33,1,52,,56245,6358,0,32 33,1,12,,56230,6358,0,32 33,1,12,,56235,6358,0,32 33,1,12,,56247,6358,0,32 33,1,12,,56239,6358,0,32 33,1,51,,45957,6358,0,32 33,1,12,,56249,6358,0,32 33,1,12,,56250,6358,0,32 33,1,13,,56248,6358,0,32 33,1,95,,56234,6358,0,32 33,1,98,,56251,6358,0,32 33,1,98,,56237,6358,0,32 33,1
8800,'DI',718,,60913,6358,,,1,30,,60910,6358,,,1,70,,60920,6358,,,1,30,,60927,6358,,,1,70,,60914,6358,,,1,30,,60911,6358,,,1,72,,60921,6358,,,1,30,,60928,6358,,,1,70,,60917,6358,,,1,30,,60912,6358,,,1,70,,60922,6358,,,1,30,,60926,6358,,,1,70,,60929,6358,,,1,30,,60909,6358,,,1,70,,60923,6358,,,1,30,,60907,6358,,,1,70,,60930,6358,,,1,30,,60918,6358,,,1,70,,60924,6358,,,1,30,,60908,6358,,,1,70,,60931,6358,,,1,30,,60919,6358,,,1,70,,60925,6358,,,1,100,,60933,6358,,,1,100,,60932,6358,,,1,100,,60934,6358,,,1,100,,60915,6358,,,1,97,,60935,6358,,,1,100,,60916,6358,,,1,100,,60906,6358,,,1
8800,'F1',718,,60943,6358,,,1,30,,60940,6358,,,1,70,,60950,6358,,,1,30,,60957,6358,,,1,70,,60944,6358,,,1,30,,60941,6358,,,1,72,,60951,6358,,,1,30,,60958,6358,,,1,70,,60947,6358,,,1,30,,60942,6358,,,1,70,,60952,6358,,,1,30,,60956,6358,,,1,70,,60959,6358,,,1,30,,60939,6358,,,1,70,,60953,6358,,,1,30,,60937,6358,,,1,70,,60960,6358,,,1,30,,60948,6358,,,1,70,,60954,6358,,,1,30,,60938,6358,,,1,70,,60961,6358,,,1,30,,60949,6358,,,1,70,,60955,6358,,,1,100,,60963,6358,,,1,100,,60962,6358,,,1,100,,60964,6358,,,1,100,,60945,6358,,,1,97,,60965,6358,,,1,100,,60946,6358,,,1,100,,60936,6358,,,1
8800,'F2',718,,60972,6358,,,1,30,,60978,6358,,,1,71,,60985,6358,,,1,30,,60987,6358,,,1,71,,60973,6358,,,1,30,,60979,6358,,,1,70,,60986,6358,,,1,30,,60988,6358,,,1,70,,60974,6358,,,1,30,,60980,6358,,,1,70,,60992,6358,,,1,30,,60989,6358,,,1,70,,60975,6358,,,1,30,,60981,6358,,,1,70,,60995,6358,,,1,30,,60967,6358,,,1,70,,60976,6358,,,1,30,,60970,6358,,,1,70,,60996,6358,,,1,30,,60968,6358,,,1,71,,60991,6358,,,1,29,,60971,6358,,,1,71,,60993,6358,,,1,29,,60969,6358,,,1,70,,60982,6358,,,1,100,,60994,6358,,,1,99,,60983,6358,,,1,99,,60990,6358,,,1,100,,60984,6358,,,1,100,,60966,6358,,,1,100,,60977,6358,,,1
8800,'SA',718,,61003,6358,,,1,30,,61009,6358,,,1,71,,61016,6358,,,1,30,,61018,6358,,,1,71,,61004,6358,,,1,30,,61010,6358,,,1,70,,61017,6358,,,1,30,,61019,6358,,,1,70,,61005,6358,,,1,30,,61011,6358,,,1,70,,61023,6358,,,1,30,,61020,6358,,,1,70,,61006,6358,,,1,30,,61012,6358,,,1,70,,61026,6358,,,1,30,,60998,6358,,,1,70,,61007,6358,,,1,30,,61001,6358,,,1,70,,61027,6358,,,1,30,,60999,6358,,,1,71,,61022,6358,,,1,29,,61002,6358,,,1,71,,61024,6358,,,1,29,,61000,6358,,,1,70,,61013,6358,,,1,100,,61025,6358,,,1,99,,61014,6358,,,1,99,,61021,6358,,,1,100,,61015,6358,,,1,100,,60997,6358,,,1,100,,61008,6358,,,1
8800,'SE',719,,61071,6358,,,1,21,,61070,6358,,,1,15,,61042,6358,,,1,54,,61045,6358,,,1,15,,61046,6358,,,1,15,,61047,6358,,,1,15,,61034,6358,,,1,69,,61030,6358,,,1,30,,61059,6358,,,1,70,,61069,6358,,,1,30,,61031,6358,,,1,72,,61066,6358,,,1,30,,61067,6358,,,1,70,,61028,6358,,,1,30,,61062,6358,,,1,70,,61068,6358,,,1,30,,61060,6358,,,1,71,,61064,6358,,,1,30,,61063,6358,,,1,57,,61043,6358,,,1,16,,61074,6358,,,1,15,,61035,6358,,,1,15,,61072,6358,,,1,55,,61049,6358,,,1,15,,61061,6358,,,1,13,,61065,6358,,,1,12,,61029,6358,,,1,52,,61073,6358,,,1,12,,61054,6358,,,1,13,,61044,6358,,,1,11,,61036,6358,,,1,11,,61075,6358,,,1,52,,61037,6358,,,1,12,,61039,6358,,,1,11,,61050,6358,,,1,19,,61038,6358,,,1,55,,61076,6358,,,1,22,,61055,6358,,,1,28,,61040,6358,,,1,70,,61051,6358,,,1,28,,61077,6358,,,1,70,,61056,6358,,,1,30,,61041,6358,,,1,70,,61052,6358,,,1,100,,61057,6358,,,1,99,,61053,6358,,,1,98,,61058,6358,,,1
