2301,'F2',609,,45845,2776,,,1,103,,45846,2776,,,1,101,,45847,2776,,,1,100,,45838,2776,,,1,103,,45839,2776,,,1,99,,45841,2776,,,1,103,,45842,2776,,,1,97,,45848,2776,,,1,99,,45849,2776,,,1,100,,45844,2776,,,1,100,,45843,2776,,,1,100,,45840,2776,,,1
2301,'F8',609,,27519,2776,,,1,103,,27520,2776,,,1,101,,27521,2776,,,1,100,,27512,2776,,,1,103,,27513,2776,,,1,99,,27515,2776,,,1,103,,27516,2776,,,1,97,,27522,2776,,,1,99,,27523,2776,,,1,100,,27518,2776,,,1,100,,27517,2776,,,1,100,,27514,2776,,,1
2301,'SA',609,,27531,2776,,,1,103,,27532,2776,,,1,101,,27533,2776,,,1,100,,27524,2776,,,1,103,,27525,2776,,,1,99,,27527,2776,,,1,103,,27528,2776,,,1,97,,27534,2776,,,1,99,,27535,2776,,,1,100,,27530,2776,,,1,100,,27529,2776,,,1,100,,27526,2776,,,1
2301,'SE',1017,,45854,2776,,,1,100,,45850,2776,,,1,100,,45853,2776,,,1,101,,45851,2776,,,1,100,,45852,2776,,,1
12301,'DI',543,,37798,17073,,,1,100,,37808,17073,,,1,100,,37799,17073,,,1,100,,37809,17073,,,1,101,,37800,17073,,,1,100,,37810,17073,,,1,100,,37801,17073,,,1,100,,37811,17073,,,1,100,,37802,17073,,,1,100,,37812,17073,,,1,100,,37803,17073,,,1,100,,37813,17073,,,1,100,,37804,17073,,,1,100,,37814,17073,,,1,100,,37805,17073,,,1,99,,37815,17073,,,1,100,,37806,17073,,,1,100,,37816,17073,,,1,100,,37807,17073,,,1,100,,37817,17073,,,1
12301,'F1',543,,49985,17073,,,1,100,,49995,17073,,,1,100,,49986,17073,,,1,100,,49996,17073,,,1,101,,49987,17073,,,1,100,,49997,17073,,,1,100,,49988,17073,,,1,100,,49998,17073,,,1,100,,49989,17073,,,1,100,,49999,17073,,,1,100,,49990,17073,,,1,100,,50000,17073,,,1,100,,49991,17073,,,1,100,,50001,17073,,,1,100,,49992,17073,,,1,99,,50002,17073,,,1,100,,49993,17073,,,1,100,,50003,17073,,,1,100,,49994,17073,,,1,100,,50004,17073,,,1
12301,'F2',542,,50007,17073,,,1,100,,50005,17073,,,1,100,,50008,17073,,,1,100,,50006,17073,,,1,100,,50009,17073,,,1,100,,50017,17073,,,1,100,,50010,17073,,,1,100,,50018,17073,,,1,100,,50011,17073,,,1,100,,50019,17073,,,1,100,,50012,17073,,,1,100,,50020,17073,,,1,100,,50013,17073,,,1,100,,50021,17073,,,1,100,,50014,17073,,,1,100,,50022,17073,,,1,100,,50015,17073,,,1,100,,50023,17073,,,1,100,,50016,17073,,,1,100,,50024,17073,,,1
12301,'F8',542,,37897,17073,,,1,100,,37895,17073,,,1,100,,37898,17073,,,1,100,,37896,17073,,,1,100,,37899,17073,,,1,100,,37907,17073,,,1,100,,37900,17073,,,1,100,,37908,17073,,,1,100,,37901,17073,,,1,100,,37909,17073,,,1,100,,37902,17073,,,1,100,,37910,17073,,,1,100,,37903,17073,,,1,100,,37911,17073,,,1,100,,37904,17073,,,1,100,,37912,17073,,,1,100,,37905,17073,,,1,100,,37913,17073,,,1,100,,37906,17073,,,1,100,,37914,17073,,,1
12301,'F9',543,,37915,17073,,,1,100,,37925,17073,,,1,100,,37916,17073,,,1,100,,37926,17073,,,1,101,,37917,17073,,,1,100,,37927,17073,,,1,100,,37918,17073,,,1,100,,37928,17073,,,1,100,,37919,17073,,,1,100,,37929,17073,,,1,100,,37920,17073,,,1,100,,37930,17073,,,1,100,,37921,17073,,,1,100,,37931,17073,,,1,100,,37922,17073,,,1,99,,37932,17073,,,1,100,,37923,17073,,,1,100,,37933,17073,,,1,100,,37924,17073,,,1,100,,37934,17073,,,1
12301,'SA',542,,37937,17073,,,1,100,,37935,17073,,,1,100,,37938,17073,,,1,100,,37936,17073,,,1,100,,37939,17073,,,1,100,,37947,17073,,,1,100,,37940,17073,,,1,100,,37948,17073,,,1,100,,37941,17073,,,1,100,,37949,17073,,,1,100,,37942,17073,,,1,100,,37950,17073,,,1,100,,37943,17073,,,1,100,,37951,17073,,,1,100,,37944,17073,,,1,100,,37952,17073,,,1,100,,37945,17073,,,1,100,,37953,17073,,,1,100,,37946,17073,,,1,100,,37954,17073,,,1
12301,'SE',529,,50041,17073,,,1,30,,50044,17073,,,1,60,,50029,17073,,,1,24,,50028,17073,,,1,15,,50030,17073,,,1,66,,50031,17073,,,1,30,,50026,17073,,,1,69,,50027,17073,,,1,30,,50025,17073,,,1,68,,50048,17073,,,1,30,,50042,17073,,,1,96,,50034,17073,,,1,101,,50046,17073,,,1,100,,50036,17073,,,1,100,,50043,17073,,,1,100,,50061,17073,,,1,11,,50035,17073,,,1,66,,50049,17073,,,1,20,,50053,17073,,,1,55,,50045,17073,,,1,19,,50055,17073,,,1,6,,50037,17073,,,1,15,,50040,17073,,,1,10,,50059,17073,,,1,6,,50051,17073,,,1,64,,50060,17073,,,1,27,,50050,17073,,,1,69,,50033,17073,,,1,31,,50038,17073,,,1,66,,50052,17073,,,1,34,,50047,17073,,,1,68,,50039,17073,,,1,30,,50056,17073,,,1,98,,50032,17073,,,1,98,,50057,17073,,,1,100,,50054,17073,,,1,118,,50058,17073,,,1
