8101,'DI',609,,60482,396,0,51,1,100,,60474,396,0,51,1,100,,60484,396,0,51,1,103,,60469,396,0,51,1,100,,60487,396,0,51,1,100,,60485,396,0,51,1,100,,60471,396,0,51,1,100,,60470,396,0,51,1,100,,60478,396,0,51,1,100,,60480,396,0,51,1,100,,60488,396,0,51,1,96,,60472,396,0,51,1,108,,60483,396,0,51,1,96,,60476,396,0,51,1,100,,60475,396,0,51,1,100,,60481,396,0,51,1,100,,60477,396,0,51,1,100,,60479,396,0,51,1,100,,60473,396,0,51,1,100,,60486,396,0,51,1
8101,'F1',609,,60502,396,0,51,1,100,,60494,396,0,51,1,100,,60504,396,0,51,1,103,,60489,396,0,51,1,100,,60507,396,0,51,1,100,,60505,396,0,51,1,100,,60491,396,0,51,1,100,,60490,396,0,51,1,100,,60498,396,0,51,1,100,,60500,396,0,51,1,100,,60508,396,0,51,1,96,,60492,396,0,51,1,108,,60503,396,0,51,1,96,,60496,396,0,51,1,100,,60495,396,0,51,1,100,,60501,396,0,51,1,100,,60497,396,0,51,1,100,,60499,396,0,51,1,100,,60493,396,0,51,1,100,,60506,396,0,51,1
8101,'F2',609,,60529,396,0,51,1,100,,60512,396,0,51,1,100,,60510,396,0,51,1,103,,60527,396,0,51,1,100,,60513,396,0,51,1,100,,60516,396,0,51,1,100,,60517,396,0,51,1,100,,60520,396,0,51,1,100,,60518,396,0,51,1,100,,60511,396,0,51,1,100,,60509,396,0,51,1,100,,60519,396,0,51,1,104,,60521,396,0,51,1,96,,60514,396,0,51,1,100,,60515,396,0,51,1,100,,60522,396,0,51,1,100,,60524,396,0,51,1,100,,60528,396,0,51,1,100,,60523,396,0,51,1,100,,60525,396,0,51,1,100,,60526,396,0,51,1
8101,'SA',609,,60550,396,0,51,1,100,,60533,396,0,51,1,100,,60531,396,0,51,1,103,,60548,396,0,51,1,100,,60534,396,0,51,1,100,,60537,396,0,51,1,100,,60538,396,0,51,1,100,,60541,396,0,51,1,100,,60539,396,0,51,1,100,,60532,396,0,51,1,100,,60530,396,0,51,1,100,,60540,396,0,51,1,104,,60542,396,0,51,1,96,,60535,396,0,51,1,100,,60536,396,0,51,1,100,,60543,396,0,51,1,100,,60545,396,0,51,1,100,,60549,396,0,51,1,100,,60544,396,0,51,1,100,,60546,396,0,51,1,100,,60547,396,0,51,1
8101,'SE',539,,60564,396,0,51,1,70,,60574,396,0,51,1,22,,60553,396,0,51,1,78,,60562,396,0,51,1,30,,60552,396,0,51,1,71,,60569,396,0,51,1,29,,60559,396,0,51,1,76,,60575,396,0,51,1,98,,60554,396,0,51,1,100,,60558,396,0,51,1,100,,60560,396,0,51,1,100,,60576,396,0,51,1,100,,60577,396,0,51,1,100,,60555,396,0,51,1,31,,60557,396,0,51,1,72,,60570,396,0,51,1,30,,60578,396,0,51,1,70,,60573,396,0,51,1,30,,60551,396,0,51,1,70,,60565,396,0,51,1,30,,60567,396,0,51,1,66,,60563,396,0,51,1,100,,60556,396,0,51,1,100,,60561,396,0,51,1,100,,60571,396,0,51,1,100,,60566,396,0,51,1,100,,60579,396,0,51,1,100,,60572,396,0,51,1,100,,60568,396,0,51,1
8301,'DI',711,,60720,396,0,50,1,100,,60721,396,0,50,1,108,,60722,396,0,50,1,100,,60723,396,0,50,1,100,,60724,396,0,50,1,100,,60725,396,0,50,1,100,,60726,396,0,50,1,100,,60727,396,0,50,1,100,,60728,396,0,50,1,100,,60729,396,0,50,1,100,,60730,396,0,50,1,100,,60731,396,0,50,1,100,,60732,396,0,50,1,100,,60733,396,0,50,1,100,,60734,396,0,50,1,100,,60735,396,0,50,1,100,,60736,396,0,50,1,100,,60737,396,0,50,1
8301,'F1',711,,60738,396,0,50,1,100,,60739,396,0,50,1,108,,60740,396,0,50,1,100,,60741,396,0,50,1,100,,60742,396,0,50,1,100,,60743,396,0,50,1,100,,60744,396,0,50,1,100,,60745,396,0,50,1,100,,60746,396,0,50,1,100,,60747,396,0,50,1,100,,60748,396,0,50,1,100,,60749,396,0,50,1,100,,60750,396,0,50,1,100,,60751,396,0,50,1,100,,60752,396,0,50,1,100,,60753,396,0,50,1,100,,60754,396,0,50,1,100,,60755,396,0,50,1
8301,'F2',611,,60756,396,0,50,1,100,,60757,396,0,50,1,100,,60758,396,0,50,1,108,,60759,396,0,50,1,100,,60760,396,0,50,1,100,,60761,396,0,50,1,100,,60762,396,0,50,1,100,,60763,396,0,50,1,100,,60764,396,0,50,1,100,,60765,396,0,50,1,100,,60766,396,0,50,1,100,,60767,396,0,50,1,100,,60768,396,0,50,1,100,,60769,396,0,50,1,100,,60770,396,0,50,1,100,,60771,396,0,50,1,100,,60772,396,0,50,1,100,,60773,396,0,50,1,100,,60774,396,0,50,1,100,,60775,396,0,50,1
8301,'SA',611,,60776,396,0,50,1,100,,60777,396,0,50,1,100,,60778,396,0,50,1,108,,60779,396,0,50,1,100,,60780,396,0,50,1,100,,60781,396,0,50,1,100,,60782,396,0,50,1,100,,60783,396,0,50,1,100,,60784,396,0,50,1,100,,60785,396,0,50,1,100,,60786,396,0,50,1,100,,60787,396,0,50,1,100,,60788,396,0,50,1,100,,60789,396,0,50,1,100,,60790,396,0,50,1,100,,60791,396,0,50,1,100,,60792,396,0,50,1,100,,60793,396,0,50,1,100,,60794,396,0,50,1,100,,60795,396,0,50,1
8301,'SE',534,,60828,396,0,50,1,70,,60803,396,0,50,1,19,,60830,396,0,50,1,16,,60829,396,0,50,1,65,,60813,396,0,50,1,20,,60799,396,0,50,1,22,,60808,396,0,50,1,58,,60814,396,0,50,1,20,,60804,396,0,50,1,23,,60825,396,0,50,1,71,,60815,396,0,50,1,20,,60826,396,0,50,1,80,,60824,396,0,50,1,100,,60806,396,0,50,1,100,,60807,396,0,50,1,100,,60800,396,0,50,1,100,,60801,396,0,50,1,101,,60802,396,0,50,1,15,,60796,396,0,50,1,25,,60811,396,0,50,1,60,,60805,396,0,50,1,22,,60798,396,0,50,1,60,,60809,396,0,50,1,18,,60810,396,0,50,1,20,,60827,396,0,50,1,20,,60812,396,0,50,1,60,,60816,396,0,50,1,20,,60797,396,0,50,1,80,,60817,396,0,50,1,100,,60818,396,0,50,1,100,,60819,396,0,50,1,100,,60820,396,0,50,1,100,,60821,396,0,50,1,100,,60822,396,0,50,1,100,,60823,396,0,50,1
8401,'SE',618,,60884,396,0,50,2,15,,60885,396,0,50,2,25,,60887,396,0,50,2,60,,60861,396,0,50,2,24,,60886,396,0,50,2,16,,60862,396,0,50,2,60,,60890,396,0,50,2,20,,60871,396,0,50,2,66,,60888,396,0,50,2,47,,60865,396,0,50,2,100,,60860,396,0,50,2,100,,60866,396,0,50,2,100,,60874,396,0,50,2,100,,60868,396,0,50,2,95,,60876,396,0,50,2,5,,60872,396,0,50,2,78,,60892,396,0,50,2,19,,60891,396,0,50,2,60,,60863,396,0,50,2,21,,60870,396,0,50,2,21,,60864,396,0,50,2,59,,60889,396,0,50,2,20,,60873,396,0,50,2,20,,60875,396,0,50,2,61,,60869,396,0,50,2,19,,60867,396,0,50,2,20,,60877,396,0,50,2,100,,60878,396,0,50,2,100,,60879,396,0,50,2,100,,60880,396,0,50,2,100,,60881,396,0,50,2,100,,60882,396,0,50,2,100,,60883,396,0,50,2
68300,'SE',1634,,63559,8594,,,2
