101,'DI',628,,51926,4370,,,1,100,,51927,4370,,,1,100,,51928,4370,,,1,100,,51921,4370,,,1,100,,51922,4370,,,1,100,,51923,4370,,,1,100,,51924,4370,,,1,100,,51925,4370,,,1,101,,51930,4370,,,1,100,,51929,4370,,,1,98,,51911,4370,,,1,100,,51912,4370,,,1,100,,51913,4370,,,1,100,,51914,4370,,,1,100,,51915,4370,,,1,100,,51916,4370,,,1,100,,51917,4370,,,1,100,,51918,4370,,,1,100,,51919,4370,,,1,100,,51920,4370,,,1
101,'F1',628,,51946,4370,,,1,100,,51947,4370,,,1,100,,51948,4370,,,1,100,,51941,4370,,,1,100,,51942,4370,,,1,100,,51943,4370,,,1,100,,51944,4370,,,1,100,,51945,4370,,,1,101,,51950,4370,,,1,100,,51949,4370,,,1,98,,51931,4370,,,1,100,,51932,4370,,,1,100,,51933,4370,,,1,100,,51934,4370,,,1,100,,51935,4370,,,1,100,,51936,4370,,,1,100,,51937,4370,,,1,100,,51938,4370,,,1,100,,51939,4370,,,1,100,,51940,4370,,,1
101,'F2',558,,51951,4370,,,1,70,,43132,4370,,,1,30,,51952,4370,,,1,70,,43133,4370,,,1,30,,51953,4370,,,1,70,,43134,4370,,,1,30,,51954,4370,,,1,70,,43135,4370,,,1,30,,51963,4370,,,1,70,,43136,4370,,,1,30,,51964,4370,,,1,70,,43137,4370,,,1,30,,51955,4370,,,1,70,,51965,4370,,,1,30,,51969,4370,,,1,70,,51975,4370,,,1,31,,51970,4370,,,1,70,,51976,4370,,,1,30,,51971,4370,,,1,70,,51977,4370,,,1,28,,51966,4370,,,1,70,,51972,4370,,,1,30,,51967,4370,,,1,70,,51973,4370,,,1,30,,51968,4370,,,1,70,,51974,4370,,,1,100,,51956,4370,,,1,100,,51957,4370,,,1,100,,51958,4370,,,1,100,,51959,4370,,,1,100,,51960,4370,,,1,100,,51961,4370,,,1,100,,51962,4370,,,1
101,'SA',558,,51978,4370,,,1,70,,20561,4370,,,1,30,,51979,4370,,,1,70,,20562,4370,,,1,30,,51980,4370,,,1,70,,20563,4370,,,1,30,,51981,4370,,,1,70,,20564,4370,,,1,30,,51990,4370,,,1,70,,20565,4370,,,1,30,,51991,4370,,,1,70,,20566,4370,,,1,30,,51982,4370,,,1,70,,51992,4370,,,1,30,,51996,4370,,,1,70,,52002,4370,,,1,31,,51997,4370,,,1,70,,52003,4370,,,1,30,,51998,4370,,,1,70,,52004,4370,,,1,28,,51993,4370,,,1,70,,51999,4370,,,1,30,,51994,4370,,,1,70,,52000,4370,,,1,30,,51995,4370,,,1,70,,52001,4370,,,1,100,,51983,4370,,,1,100,,51984,4370,,,1,100,,51985,4370,,,1,100,,51986,4370,,,1,100,,51987,4370,,,1,100,,51988,4370,,,1,100,,51989,4370,,,1
101,'SE',510,,52025,4370,,,1,30,,52026,4370,,,1,60,,52024,4370,,,1,20,,52005,4370,,,1,20,,52020,4370,,,1,16,,52044,4370,,,1,62,,52007,4370,,,1,10,,52006,4370,,,1,20,,52023,4370,,,1,55,,52041,4370,,,1,15,,52038,4370,,,1,15,,52008,4370,,,1,14,,52039,4370,,,1,60,,52047,4370,,,1,20,,52009,4370,,,1,20,,52017,4370,,,1,70,,52042,4370,,,1,30,,52030,4370,,,1,70,,52028,4370,,,1,30,,52048,4370,,,1,70,,52037,4370,,,1,31,,52045,4370,,,1,70,,52022,4370,,,1,30,,52018,4370,,,1,70,,52031,4370,,,1,30,,52029,4370,,,1,71,,52019,4370,,,1,33,,52033,4370,,,1,57,,52035,4370,,,1,35,,52015,4370,,,1,71,,52021,4370,,,1,34,,52016,4370,,,1,65,,52043,4370,,,1,27,,52046,4370,,,1,75,,52034,4370,,,1,28,,52027,4370,,,1,70,,52040,4370,,,1,30,,52032,4370,,,1,68,,52010,4370,,,1,30,,52036,4370,,,1,70,,52011,4370,,,1,100,,52012,4370,,,1,99,,52013,4370,,,1,100,,52014,4370,,,1
601,'DI',614,,53163,5242,,,1,30,,53166,5242,,,1,70,,53167,5242,,,1,30,,53172,5242,,,1,70,,53164,5242,,,1,30,,53179,5242,,,1,70,,53185,5242,,,1,30,,53159,5242,,,1,73,,53173,5242,,,1,30,,53189,5242,,,1,70,,53168,5242,,,1,30,,53165,5242,,,1,70,,53160,5242,,,1,33,,53186,5242,,,1,70,,53181,5242,,,1,30,,53180,5242,,,1,70,,53158,5242,,,1,30,,53176,5242,,,1,70,,53187,5242,,,1,30,,53161,5242,,,1,70,,53170,5242,,,1,30,,53174,5242,,,1,70,,53177,5242,,,1,29,,53171,5242,,,1,70,,53175,5242,,,1,30,,53183,5242,,,1,100,,53178,5242,,,1,100,,53169,5242,,,1,100,,53182,5242,,,1,100,,53162,5242,,,1,100,,53188,5242,,,1,100,,53184,5242,,,1
601,'F1',614,,53195,5242,,,1,30,,53198,5242,,,1,70,,53199,5242,,,1,30,,53204,5242,,,1,70,,53196,5242,,,1,30,,53211,5242,,,1,70,,53217,5242,,,1,30,,53191,5242,,,1,73,,53205,5242,,,1,30,,53221,5242,,,1,70,,53200,5242,,,1,30,,53197,5242,,,1,70,,53192,5242,,,1,33,,53218,5242,,,1,70,,53213,5242,,,1,30,,53212,5242,,,1,70,,53190,5242,,,1,30,,53208,5242,,,1,70,,53219,5242,,,1,30,,53193,5242,,,1,70,,53202,5242,,,1,30,,53206,5242,,,1,70,,53209,5242,,,1,29,,53203,5242,,,1,70,,53207,5242,,,1,30,,53215,5242,,,1,100,,53210,5242,,,1,100,,53201,5242,,,1,100,,53214,5242,,,1,100,,53194,5242,,,1,100,,53220,5242,,,1,100,,53216,5242,,,1
601,'F2',614,,53228,5242,,,1,30,,53225,5242,,,1,70,,53247,5242,,,1,30,,53230,5242,,,1,70,,53241,5242,,,1,30,,53226,5242,,,1,74,,53242,5242,,,1,26,,53231,5242,,,1,75,,53223,5242,,,1,23,,53224,5242,,,1,75,,53249,5242,,,1,26,,53232,5242,,,1,70,,53237,5242,,,1,38,,53233,5242,,,1,70,,53238,5242,,,1,29,,53245,5242,,,1,70,,53234,5242,,,1,30,,53250,5242,,,1,70,,53246,5242,,,1,30,,53235,5242,,,1,70,,53243,5242,,,1,30,,53239,5242,,,1,70,,53236,5242,,,1,29,,53229,5242,,,1,70,,53240,5242,,,1,30,,53244,5242,,,1,100,,44001,5242,,,1,100,,53222,5242,,,1,100,,53227,5242,,,1,100,,53248,5242,,,1,100,,53251,5242,,,1,100,,43999,5242,,,1
601,'SA',614,,53258,5242,,,1,30,,53255,5242,,,1,70,,53277,5242,,,1,30,,53260,5242,,,1,70,,53271,5242,,,1,30,,53256,5242,,,1,74,,53272,5242,,,1,26,,53261,5242,,,1,75,,53253,5242,,,1,23,,53254,5242,,,1,75,,53279,5242,,,1,26,,53262,5242,,,1,70,,53267,5242,,,1,38,,53263,5242,,,1,70,,53268,5242,,,1,29,,53275,5242,,,1,70,,53264,5242,,,1,30,,53280,5242,,,1,70,,53276,5242,,,1,30,,53265,5242,,,1,70,,53273,5242,,,1,30,,53269,5242,,,1,70,,53266,5242,,,1,29,,53259,5242,,,1,70,,53270,5242,,,1,30,,53274,5242,,,1,100,,22739,5242,,,1,100,,53252,5242,,,1,100,,53257,5242,,,1,100,,53278,5242,,,1,100,,53281,5242,,,1,100,,22737,5242,,,1
601,'SE',528,,53290,5242,,,1,30,,53289,5242,,,1,71,,53305,5242,,,1,71,,53311,5242,,,1,25,,53294,5242,,,1,77,,53282,5242,,,1,29,,53292,5242,,,1,72,,53295,5242,,,1,28,,53298,5242,,,1,70,,53306,5242,,,1,30,,53291,5242,,,1,70,,53304,5242,,,1,30,,53288,5242,,,1,70,,53296,5242,,,1,30,,53284,5242,,,1,70,,53315,5242,,,1,30,,53316,5242,,,1,70,,53310,5242,,,1,30,,53308,5242,,,1,71,,53285,5242,,,1,30,,53301,5242,,,1,26,,53302,5242,,,1,78,,53299,5242,,,1,66,,53309,5242,,,1,32,,53312,5242,,,1,25,,53314,5242,,,1,71,,53317,5242,,,1,70,,53297,5242,,,1,29,,53318,5242,,,1,30,,53293,5242,,,1,70,,53300,5242,,,1,30,,53313,5242,,,1,70,,53307,5242,,,1,30,,53286,5242,,,1,98,,53283,5242,,,1,100,,53287,5242,,,1,100,,53303,5242,,,1
5501,'SE',628,,58217,4223,,,2,20,,58221,4223,,,2,55,,58223,4223,,,2,15,,58219,4223,,,2,15,,58218,4223,,,2,15,,58225,4223,,,2,55,,58222,4223,,,2,15,,58224,4223,,,2,20,,58220,4223,,,2
50101,'SE',748,,63419,4658,,,2,100,,63420,4658,,,2
60001,'SE',901,,63479,3041,,,2
65000,'SE',1644,,63515,11058,,,2
