8800,'DI',742,,36639,16810,,,1,70,,36644,16810,,,1,30,,36650,16810,,,1,70,,36659,16810,,,1,30,,36640,16810,,,1,70,,36645,16810,,,1,33,,36651,16810,,,1,70,,36660,16810,,,1,30,,36641,16810,,,1,70,,36646,16810,,,1,31,,36652,16810,,,1,70,,36661,16810,,,1,30,,36642,16810,,,1,70,,36647,16810,,,1,30,,36653,16810,,,1,70,,15002,16810,,,1,30,,36654,16810,,,1,70,,36648,16810,,,1,30,,36662,16810,,,1,70,,15003,16810,,,1,30,,36655,16810,,,1,67,,36649,16810,,,1,30,,36663,16810,,,1,100,,36656,16810,,,1,100,,36664,16810,,,1,100,,36657,16810,,,1,100,,36665,16810,,,1,96,,36658,16810,,,1,100,,36638,16810,,,1,100,,36643,16810,,,1
8800,'F1',742,,49524,16810,,,1,70,,49529,16810,,,1,30,,49535,16810,,,1,70,,49544,16810,,,1,30,,49525,16810,,,1,70,,49530,16810,,,1,33,,49536,16810,,,1,70,,49545,16810,,,1,30,,49526,16810,,,1,70,,49531,16810,,,1,31,,49537,16810,,,1,70,,49546,16810,,,1,30,,49527,16810,,,1,70,,49532,16810,,,1,30,,49538,16810,,,1,70,,49521,16810,,,1,30,,49539,16810,,,1,70,,49533,16810,,,1,30,,49547,16810,,,1,70,,49522,16810,,,1,30,,49540,16810,,,1,67,,49534,16810,,,1,30,,49548,16810,,,1,100,,49541,16810,,,1,100,,49549,16810,,,1,100,,49542,16810,,,1,100,,49550,16810,,,1,96,,49543,16810,,,1,100,,49523,16810,,,1,100,,49528,16810,,,1
8800,'F2',742,,49554,16810,,,1,70,,49579,16810,,,1,31,,49575,16810,,,1,70,,49566,16810,,,1,31,,49559,16810,,,1,70,,49580,16810,,,1,32,,49576,16810,,,1,70,,49567,16810,,,1,30,,49560,16810,,,1,70,,49571,16810,,,1,30,,49556,16810,,,1,70,,49568,16810,,,1,30,,49561,16810,,,1,70,,49572,16810,,,1,30,,49557,16810,,,1,70,,49551,16810,,,1,30,,49562,16810,,,1,70,,49573,16810,,,1,30,,49558,16810,,,1,70,,49552,16810,,,1,31,,49581,16810,,,1,69,,49574,16810,,,1,31,,49569,16810,,,1,69,,49553,16810,,,1,30,,49563,16810,,,1,100,,49570,16810,,,1,98,,49564,16810,,,1,97,,49578,16810,,,1,100,,49565,16810,,,1,100,,49577,16810,,,1,100,,49555,16810,,,1
8800,'F8',742,,36775,16810,,,1,70,,36800,16810,,,1,31,,36796,16810,,,1,70,,36787,16810,,,1,31,,36780,16810,,,1,70,,36801,16810,,,1,32,,36797,16810,,,1,70,,36788,16810,,,1,30,,36781,16810,,,1,70,,36792,16810,,,1,30,,36777,16810,,,1,70,,36789,16810,,,1,30,,36782,16810,,,1,70,,36793,16810,,,1,30,,36778,16810,,,1,70,,36772,16810,,,1,30,,36783,16810,,,1,70,,36794,16810,,,1,30,,36779,16810,,,1,70,,36773,16810,,,1,31,,36802,16810,,,1,69,,36795,16810,,,1,31,,36790,16810,,,1,69,,36774,16810,,,1,30,,36784,16810,,,1,100,,36791,16810,,,1,98,,36785,16810,,,1,97,,36799,16810,,,1,100,,36786,16810,,,1,100,,36798,16810,,,1,100,,36776,16810,,,1
8800,'F9',742,,36806,16810,,,1,70,,36811,16810,,,1,30,,36817,16810,,,1,70,,36826,16810,,,1,30,,36807,16810,,,1,70,,36812,16810,,,1,33,,36818,16810,,,1,70,,36827,16810,,,1,30,,36808,16810,,,1,70,,36813,16810,,,1,31,,36819,16810,,,1,70,,36828,16810,,,1,30,,36809,16810,,,1,70,,36814,16810,,,1,30,,36820,16810,,,1,70,,36803,16810,,,1,30,,36821,16810,,,1,70,,36815,16810,,,1,30,,36829,16810,,,1,70,,36804,16810,,,1,30,,36822,16810,,,1,67,,36816,16810,,,1,30,,36830,16810,,,1,100,,36823,16810,,,1,100,,36831,16810,,,1,100,,36824,16810,,,1,100,,36832,16810,,,1,96,,36825,16810,,,1,100,,36805,16810,,,1,100,,36810,16810,,,1
8800,'SA',742,,36836,16810,,,1,70,,36860,16810,,,1,31,,36857,16810,,,1,70,,36848,16810,,,1,31,,36841,16810,,,1,70,,36861,16810,,,1,32,,36858,16810,,,1,70,,36849,16810,,,1,30,,36842,16810,,,1,70,,36853,16810,,,1,30,,36838,16810,,,1,70,,36850,16810,,,1,30,,36843,16810,,,1,70,,36854,16810,,,1,30,,36839,16810,,,1,70,,36833,16810,,,1,30,,36844,16810,,,1,70,,36855,16810,,,1,30,,36840,16810,,,1,70,,36834,16810,,,1,31,,36862,16810,,,1,69,,36856,16810,,,1,31,,36851,16810,,,1,69,,36835,16810,,,1,30,,36845,16810,,,1,100,,36852,16810,,,1,98,,36846,16810,,,1,97,,15203,16810,,,1,100,,36847,16810,,,1,100,,36859,16810,,,1,100,,36837,16810,,,1
8800,'SE',708,,49612,16810,,,1,41,,49597,16810,,,1,61,,49625,16810,,,1,15,,49606,16810,,,1,14,,49611,16810,,,1,15,,49627,16810,,,1,55,,49600,16810,,,1,12,,49626,16810,,,1,29,,49586,16810,,,1,70,,49620,16810,,,1,30,,49621,16810,,,1,70,,49582,16810,,,1,33,,49588,16810,,,1,70,,49590,16810,,,1,30,,49584,16810,,,1,70,,49583,16810,,,1,30,,49593,16810,,,1,70,,49589,16810,,,1,34,,49623,16810,,,1,75,,49591,16810,,,1,18,,49601,16810,,,1,55,,49607,16810,,,1,15,,49598,16810,,,1,15,,49587,16810,,,1,15,,49629,16810,,,1,55,,49628,16810,,,1,13,,49624,16810,,,1,9,,49585,16810,,,1,12,,49614,16810,,,1,12,,49592,16810,,,1,50,,49602,16810,,,1,12,,49613,16810,,,1,11,,49608,16810,,,1,12,,49599,16810,,,1,12,,49604,16810,,,1,7,,49603,16810,,,1,59,,49605,16810,,,1,15,,49594,16810,,,1,22,,49622,16810,,,1,68,,49609,16810,,,1,30,,49596,16810,,,1,68,,49595,16810,,,1,30,,49615,16810,,,1,70,,49610,16810,,,1,30,,49618,16810,,,1,100,,49616,16810,,,1,99,,49619,16810,,,1,94,,49617,16810,,,1
13200,'DI',855,,38037,11689,,,1,100,,38042,11689,,,1,100,,38038,11689,,,1,100,,38040,11689,,,1,100,,38043,11689,,,1,100,,38046,11689,,,1,100,,38044,11689,,,1,145,,38048,11689,,,1,55,,38047,11689,,,1,100,,38045,11689,,,1,101,,38049,11689,,,1,98,,38050,11689,,,1,100,,38041,11689,,,1,100,,38036,11689,,,1,100,,38051,11689,,,1,100,,38053,11689,,,1,100,,38039,11689,,,1,100,,38052,11689,,,1
13200,'F1',855,,50085,11689,,,1,100,,50090,11689,,,1,100,,50086,11689,,,1,100,,50088,11689,,,1,100,,50091,11689,,,1,100,,50094,11689,,,1,100,,50092,11689,,,1,145,,50096,11689,,,1,55,,50095,11689,,,1,100,,50093,11689,,,1,101,,50097,11689,,,1,98,,50098,11689,,,1,100,,50089,11689,,,1,100,,50084,11689,,,1,100,,50099,11689,,,1,100,,50101,11689,,,1,100,,50087,11689,,,1,100,,50100,11689,,,1
13200,'F2',755,,50120,11689,,,1,100,,50107,11689,,,1,100,,50102,11689,,,1,103,,50103,11689,,,1,97,,50108,11689,,,1,104,,50104,11689,,,1,96,,50119,11689,,,1,104,,50109,11689,,,1,96,,50111,11689,,,1,100,,50105,11689,,,1,100,,50110,11689,,,1,101,,50112,11689,,,1,98,,50114,11689,,,1,100,,50113,11689,,,1,100,,50116,11689,,,1,100,,50115,11689,,,1,100,,50118,11689,,,1,100,,50117,11689,,,1,100,,50106,11689,,,1
13200,'F8',755,,38135,11689,,,1,100,,38122,11689,,,1,100,,38117,11689,,,1,103,,38118,11689,,,1,97,,38123,11689,,,1,104,,38119,11689,,,1,96,,38134,11689,,,1,104,,38124,11689,,,1,96,,38126,11689,,,1,100,,38120,11689,,,1,100,,38125,11689,,,1,101,,38127,11689,,,1,98,,38129,11689,,,1,100,,38128,11689,,,1,100,,38131,11689,,,1,100,,38130,11689,,,1,100,,38133,11689,,,1,100,,38132,11689,,,1,100,,38121,11689,,,1
13200,'F9',855,,38137,11689,,,1,100,,38142,11689,,,1,100,,38138,11689,,,1,100,,38140,11689,,,1,100,,38143,11689,,,1,100,,38146,11689,,,1,100,,38144,11689,,,1,145,,38148,11689,,,1,55,,38147,11689,,,1,100,,38145,11689,,,1,101,,38149,11689,,,1,98,,38150,11689,,,1,100,,38141,11689,,,1,100,,38136,11689,,,1,100,,38151,11689,,,1,100,,38153,11689,,,1,100,,38139,11689,,,1,100,,38152,11689,,,1
13200,'SA',755,,38172,11689,,,1,100,,38159,11689,,,1,100,,38154,11689,,,1,103,,38155,11689,,,1,97,,38160,11689,,,1,104,,38156,11689,,,1,96,,38171,11689,,,1,104,,38161,11689,,,1,96,,38163,11689,,,1,100,,38157,11689,,,1,100,,38162,11689,,,1,101,,38164,11689,,,1,98,,38166,11689,,,1,100,,38165,11689,,,1,100,,38168,11689,,,1,100,,38167,11689,,,1,100,,38170,11689,,,1,100,,38169,11689,,,1,100,,38158,11689,,,1
13200,'SE',705,,50121,11689,,,1,23,,50133,11689,,,1,20,,50132,11689,,,1,61,,50130,11689,,,1,18,,50122,11689,,,1,22,,50134,11689,,,1,80,,50131,11689,,,1,96,,50127,11689,,,1,99,,50140,11689,,,1,96,,50125,11689,,,1,100,,50141,11689,,,1,108,,50144,11689,,,1,97,,50123,11689,,,1,24,,50135,11689,,,1,60,,50137,11689,,,1,20,,50129,11689,,,1,23,,50124,11689,,,1,60,,50136,11689,,,1,20,,50142,11689,,,1,19,,50128,11689,,,1,61,,50126,11689,,,1,19,,50139,11689,,,1,18,,50143,11689,,,1,59,,50138,11689,,,1
