100,'DI',659,,20128,4437,0,14,1,100,,20129,4437,0,14,1,100,,20130,4437,0,14,1,100,,20131,4437,0,14,1,100,,20132,4437,0,14,1,100,,20133,4437,0,14,1,100,,20134,4437,0,14,1,141,,20135,4437,0,14,1,100,,20136,4437,0,14,1,58,,20138,4437,0,14,1,100,,20139,4437,0,14,1,100,,20140,4437,0,14,1,100,,20141,4437,0,14,1,100,,20142,4437,0,14,1,100,,20143,4437,0,14,1,100,,20144,4437,0,14,1,100,,20145,4437,0,14,1,100,,20148,4437,0,14,1,100,,20146,4437,0,14,1,100,,20147,4437,0,14,1
100,'F8',629,,20280,4437,0,14,1,30,,20269,4437,0,14,1,70,,20281,4437,0,14,1,30,,20270,4437,0,14,1,70,,20282,4437,0,14,1,30,,20271,4437,0,14,1,70,,20284,4437,0,14,1,30,,20272,4437,0,14,1,70,,20285,4437,0,14,1,30,,20273,4437,0,14,1,70,,20286,4437,0,14,1,30,,20274,4437,0,14,1,70,,20287,4437,0,14,1,30,,20275,4437,0,14,1,71,,20291,4437,0,14,1,70,,20276,4437,0,14,1,30,,20292,4437,0,14,1,70,,20277,4437,0,14,1,28,,20288,4437,0,14,1,30,,20258,4437,0,14,1,70,,20289,4437,0,14,1,30,,20259,4437,0,14,1,70,,20290,4437,0,14,1,30,,20260,4437,0,14,1,70,,20279,4437,0,14,1,30,,20261,4437,0,14,1,100,,20262,4437,0,14,1,100,,20263,4437,0,14,1,100,,20264,4437,0,14,1,100,,20265,4437,0,14,1,100,,20266,4437,0,14,1,100,,20267,4437,0,14,1,100,,20268,4437,0,14,1
100,'F9',659,,20293,4437,0,14,1,100,,20294,4437,0,14,1,100,,20295,4437,0,14,1,100,,20296,4437,0,14,1,100,,20297,4437,0,14,1,100,,20298,4437,0,14,1,100,,20299,4437,0,14,1,141,,20300,4437,0,14,1,100,,20301,4437,0,14,1,58,,20303,4437,0,14,1,100,,20304,4437,0,14,1,100,,20305,4437,0,14,1,100,,20306,4437,0,14,1,100,,20307,4437,0,14,1,100,,20308,4437,0,14,1,100,,20309,4437,0,14,1,100,,20310,4437,0,14,1,100,,20313,4437,0,14,1,100,,20311,4437,0,14,1,100,,20312,4437,0,14,1
100,'SA',629,,20325,4437,0,14,1,30,,20314,4437,0,14,1,70,,20326,4437,0,14,1,30,,20315,4437,0,14,1,70,,20327,4437,0,14,1,30,,20316,4437,0,14,1,70,,20329,4437,0,14,1,30,,20317,4437,0,14,1,70,,20330,4437,0,14,1,30,,20318,4437,0,14,1,70,,20331,4437,0,14,1,30,,20319,4437,0,14,1,70,,20332,4437,0,14,1,30,,20320,4437,0,14,1,71,,20336,4437,0,14,1,70,,20321,4437,0,14,1,30,,20337,4437,0,14,1,70,,20322,4437,0,14,1,28,,20333,4437,0,14,1,30,,164,4437,0,14,1,70,,20334,4437,0,14,1,30,,165,4437,0,14,1,70,,20335,4437,0,14,1,30,,166,4437,0,14,1,70,,20324,4437,0,14,1,30,,167,4437,0,14,1,100,,168,4437,0,14,1,100,,169,4437,0,14,1,100,,170,4437,0,14,1,100,,171,4437,0,14,1,100,,172,4437,0,14,1,100,,173,4437,0,14,1,100,,174,4437,0,14,1
100,'SE',551,,20360,4437,0,14,1,76,,20371,4437,0,14,1,29,,20376,4437,0,14,1,75,,20366,4437,0,14,1,69,,20374,4437,0,14,1,35,,20369,4437,0,14,1,80,,20365,4437,0,14,1,30,,20384,4437,0,14,1,70,,20338,4437,0,14,1,30,,20382,4437,0,14,1,70,,20353,4437,0,14,1,30,,20385,4437,0,14,1,71,,20351,4437,0,14,1,30,,20373,4437,0,14,1,70,,20361,4437,0,14,1,30,,20378,4437,0,14,1,70,,20358,4437,0,14,1,30,,20367,4437,0,14,1,71,,20386,4437,0,14,1,18,,20388,4437,0,14,1,21,,20370,4437,0,14,1,55,,20347,4437,0,14,1,19,,20362,4437,0,14,1,12,,20339,4437,0,14,1,62,,20380,4437,0,14,1,12,,20368,4437,0,14,1,12,,20355,4437,0,14,1,15,,20377,4437,0,14,1,12,,20340,4437,0,14,1,55,,20372,4437,0,14,1,15,,20348,4437,0,14,1,20,,20383,4437,0,14,1,69,,20387,4437,0,14,1,30,,20356,4437,0,14,1,70,,20381,4437,0,14,1,30,,20341,4437,0,14,1,70,,20379,4437,0,14,1,30,,20342,4437,0,14,1,100,,20343,4437,0,14,1,99,,20344,4437,0,14,1,100,,20345,4437,0,14,1,99,,20346,4437,0,14,1
600,'DI',635,,22284,4107,,,1,70,,22276,4107,,,1,30,,22272,4107,,,1,71,,22283,4107,,,1,30,,22269,4107,,,1,70,,22261,4107,,,1,31,,22273,4107,,,1,70,,22280,4107,,,1,30,,22257,4107,,,1,69,,1973,4107,,,1,31,,22265,4107,,,1,70,,22258,4107,,,1,30,,22262,4107,,,1,74,,22268,4107,,,1,29,,22259,4107,,,1,70,,22270,4107,,,1,27,,22266,4107,,,1,73,,22263,4107,,,1,30,,22274,4107,,,1,69,,22285,4107,,,1,31,,22277,4107,,,1,67,,22275,4107,,,1,30,,22286,4107,,,1,70,,22278,4107,,,1,28,,22260,4107,,,1,71,,22267,4107,,,1,104,,22281,4107,,,1,100,,22271,4107,,,1,100,,22264,4107,,,1,100,,22256,4107,,,1,100,,22279,4107,,,1,100,,22282,4107,,,1
600,'F8',635,,22417,4107,,,1,71,,22406,4107,,,1,29,,22402,4107,,,1,70,,22399,4107,,,1,34,,22403,4107,,,1,66,,22407,4107,,,1,35,,22416,4107,,,1,63,,22404,4107,,,1,32,,22413,4107,,,1,69,,22400,4107,,,1,30,,22393,4107,,,1,78,,22401,4107,,,1,30,,22394,4107,,,1,67,,22386,4107,,,1,31,,22408,4107,,,1,67,,22395,4107,,,1,30,,22387,4107,,,1,70,,22409,4107,,,1,30,,22396,4107,,,1,70,,22388,4107,,,1,30,,22410,4107,,,1,70,,22397,4107,,,1,30,,22389,4107,,,1,70,,22411,4107,,,1,30,,22398,4107,,,1,70,,22414,4107,,,1,105,,22405,4107,,,1,100,,22390,4107,,,1,99,,22392,4107,,,1,100,,22415,4107,,,1,100,,22412,4107,,,1,100,,22391,4107,,,1
600,'F9',635,,22447,4107,,,1,70,,22439,4107,,,1,30,,22435,4107,,,1,71,,22446,4107,,,1,30,,22432,4107,,,1,70,,22423,4107,,,1,31,,22436,4107,,,1,70,,22443,4107,,,1,30,,22419,4107,,,1,69,,22424,4107,,,1,31,,22428,4107,,,1,70,,22420,4107,,,1,30,,22425,4107,,,1,74,,22431,4107,,,1,29,,22421,4107,,,1,70,,22433,4107,,,1,27,,22429,4107,,,1,73,,22426,4107,,,1,30,,22437,4107,,,1,69,,22448,4107,,,1,31,,22440,4107,,,1,67,,22438,4107,,,1,30,,22449,4107,,,1,70,,22441,4107,,,1,28,,22422,4107,,,1,71,,22430,4107,,,1,104,,22444,4107,,,1,100,,22434,4107,,,1,100,,22427,4107,,,1,100,,22418,4107,,,1,100,,22442,4107,,,1,100,,22445,4107,,,1
600,'SA',635,,22481,4107,,,1,71,,22470,4107,,,1,29,,22466,4107,,,1,70,,22463,4107,,,1,34,,22467,4107,,,1,66,,22471,4107,,,1,35,,22480,4107,,,1,63,,22468,4107,,,1,32,,22477,4107,,,1,69,,22464,4107,,,1,30,,22457,4107,,,1,78,,22465,4107,,,1,30,,22458,4107,,,1,67,,22450,4107,,,1,31,,22472,4107,,,1,67,,22459,4107,,,1,30,,22451,4107,,,1,70,,22473,4107,,,1,30,,22460,4107,,,1,70,,22452,4107,,,1,30,,22474,4107,,,1,70,,22461,4107,,,1,30,,22453,4107,,,1,70,,22475,4107,,,1,30,,22462,4107,,,1,70,,22478,4107,,,1,105,,22469,4107,,,1,100,,22454,4107,,,1,99,,22456,4107,,,1,100,,22479,4107,,,1,100,,22476,4107,,,1,100,,22455,4107,,,1
600,'SE',547,,22500,4107,,,1,70,,22483,4107,,,1,30,,22501,4107,,,1,71,,22507,4107,,,1,31,,22503,4107,,,1,67,,22514,4107,,,1,33,,22502,4107,,,1,69,,22486,4107,,,1,30,,22497,4107,,,1,70,,22496,4107,,,1,30,,22515,4107,,,1,70,,22505,4107,,,1,30,,22506,4107,,,1,70,,22512,4107,,,1,30,,22510,4107,,,1,70,,22494,4107,,,1,30,,22498,4107,,,1,71,,22493,4107,,,1,29,,22488,4107,,,1,72,,22504,4107,,,1,30,,22511,4107,,,1,69,,22509,4107,,,1,38,,22491,4107,,,1,65,,22495,4107,,,1,29,,22492,4107,,,1,68,,22482,4107,,,1,30,,22489,4107,,,1,70,,22508,4107,,,1,29,,22517,4107,,,1,70,,22485,4107,,,1,29,,22513,4107,,,1,70,,22490,4107,,,1,100,,22484,4107,,,1,100,,22516,4107,,,1,100,,22487,4107,,,1,100,,22499,4107,,,1
5500,'SE',1618,,32122,9560,0,16,2,18,,32120,9560,0,16,2,15,,32124,9560,0,16,2,56,,32118,9560,0,16,2,14,,32116,9560,0,16,2,15,,32123,9560,0,16,2,15,,32121,9560,0,16,2,55,,32125,9560,0,16,2,20,,32119,9560,0,16,2,20,,32117,9560,0,16,2
50100,'SE',1503,,40621,4437,,,2,144,,40620,4437,,,2
60600,'SE',1654,,40754,3704,,,2
65001,'SE',827,,40813,2198,,,2
