801,'DI',532,,23101,5723,,,1,70,,2745,5723,,,1,30,,2752,5723,,,1,70,,23108,5723,,,1,30,,23102,5723,,,1,71,,2746,5723,,,1,30,,2753,5723,,,1,70,,23109,5723,,,1,27,,23103,5723,,,1,70,,2747,5723,,,1,30,,2754,5723,,,1,27,,23110,5723,,,1,70,,23104,5723,,,1,30,,2748,5723,,,1,70,,2755,5723,,,1,30,,23111,5723,,,1,71,,2741,5723,,,1,30,,2749,5723,,,1,71,,2756,5723,,,1,30,,23112,5723,,,1,70,,23106,5723,,,1,30,,2750,5723,,,1,70,,23115,5723,,,1,30,,23113,5723,,,1,59,,23105,5723,,,1,16,,23107,5723,,,1,70,,2751,5723,,,1,28,,23116,5723,,,1,70,,23114,5723,,,1,45,,2742,5723,,,1,102,,23117,5723,,,1,100,,2743,5723,,,1,99,,23118,5723,,,1,100,,2744,5723,,,1,99,,23119,5723,,,1
801,'F1',532,,44174,5723,,,1,70,,44182,5723,,,1,30,,44189,5723,,,1,70,,44197,5723,,,1,30,,44175,5723,,,1,71,,44183,5723,,,1,30,,44190,5723,,,1,70,,44198,5723,,,1,27,,44176,5723,,,1,70,,44184,5723,,,1,30,,44191,5723,,,1,27,,44199,5723,,,1,70,,44177,5723,,,1,30,,44185,5723,,,1,70,,44192,5723,,,1,30,,44200,5723,,,1,71,,44178,5723,,,1,30,,44186,5723,,,1,71,,44193,5723,,,1,30,,44201,5723,,,1,70,,44195,5723,,,1,30,,44187,5723,,,1,70,,44204,5723,,,1,30,,44202,5723,,,1,59,,44194,5723,,,1,16,,44196,5723,,,1,70,,44188,5723,,,1,28,,44205,5723,,,1,70,,44203,5723,,,1,45,,44179,5723,,,1,102,,44206,5723,,,1,100,,44180,5723,,,1,99,,44207,5723,,,1,100,,44181,5723,,,1,99,,44208,5723,,,1
801,'F2',532,,44213,5723,,,1,70,,44225,5723,,,1,30,,44228,5723,,,1,70,,44231,5723,,,1,30,,44214,5723,,,1,70,,44226,5723,,,1,30,,44229,5723,,,1,70,,44232,5723,,,1,27,,44215,5723,,,1,27,,44227,5723,,,1,70,,44230,5723,,,1,30,,44233,5723,,,1,71,,44216,5723,,,1,30,,44221,5723,,,1,71,,44238,5723,,,1,30,,44234,5723,,,1,71,,44217,5723,,,1,30,,44222,5723,,,1,70,,44239,5723,,,1,30,,44235,5723,,,1,70,,44242,5723,,,1,30,,44223,5723,,,1,70,,44240,5723,,,1,30,,44236,5723,,,1,65,,44209,5723,,,1,10,,44243,5723,,,1,23,,44224,5723,,,1,70,,44241,5723,,,1,30,,44237,5723,,,1,90,,44210,5723,,,1,100,,44218,5723,,,1,100,,44211,5723,,,1,100,,44219,5723,,,1,100,,44212,5723,,,1,101,,44220,5723,,,1
801,'F8',532,,23268,5723,,,1,70,,23280,5723,,,1,30,,23283,5723,,,1,70,,23286,5723,,,1,30,,23269,5723,,,1,70,,23281,5723,,,1,30,,23284,5723,,,1,70,,23287,5723,,,1,27,,23270,5723,,,1,27,,23282,5723,,,1,70,,23285,5723,,,1,30,,23288,5723,,,1,71,,23271,5723,,,1,30,,23276,5723,,,1,71,,23293,5723,,,1,30,,23289,5723,,,1,71,,23272,5723,,,1,30,,23277,5723,,,1,70,,23294,5723,,,1,30,,23290,5723,,,1,70,,23297,5723,,,1,30,,23278,5723,,,1,70,,23295,5723,,,1,30,,23291,5723,,,1,65,,23264,5723,,,1,10,,23298,5723,,,1,23,,23279,5723,,,1,70,,23296,5723,,,1,30,,23292,5723,,,1,90,,23265,5723,,,1,100,,23273,5723,,,1,100,,23266,5723,,,1,100,,23274,5723,,,1,100,,23267,5723,,,1,101,,23275,5723,,,1
801,'F9',532,,23299,5723,,,1,70,,23307,5723,,,1,30,,23314,5723,,,1,70,,23322,5723,,,1,30,,23300,5723,,,1,71,,23308,5723,,,1,30,,23315,5723,,,1,70,,23323,5723,,,1,27,,23301,5723,,,1,70,,23309,5723,,,1,30,,23316,5723,,,1,27,,23324,5723,,,1,70,,23302,5723,,,1,30,,23310,5723,,,1,70,,23317,5723,,,1,30,,23325,5723,,,1,71,,23303,5723,,,1,30,,23311,5723,,,1,71,,23318,5723,,,1,30,,23326,5723,,,1,70,,23320,5723,,,1,30,,23312,5723,,,1,70,,23329,5723,,,1,30,,23327,5723,,,1,59,,23319,5723,,,1,16,,23321,5723,,,1,70,,23313,5723,,,1,28,,23330,5723,,,1,70,,23328,5723,,,1,45,,23304,5723,,,1,102,,23331,5723,,,1,100,,23305,5723,,,1,99,,23332,5723,,,1,100,,23306,5723,,,1,99,,23333,5723,,,1
801,'SA',532,,23338,5723,,,1,70,,23350,5723,,,1,30,,23353,5723,,,1,70,,23356,5723,,,1,30,,23339,5723,,,1,70,,23351,5723,,,1,30,,23354,5723,,,1,70,,23357,5723,,,1,27,,23340,5723,,,1,27,,23352,5723,,,1,70,,23355,5723,,,1,30,,23358,5723,,,1,71,,23341,5723,,,1,30,,23346,5723,,,1,71,,23363,5723,,,1,30,,23359,5723,,,1,71,,23342,5723,,,1,30,,23347,5723,,,1,70,,23364,5723,,,1,30,,23360,5723,,,1,70,,2977,5723,,,1,30,,23348,5723,,,1,70,,23365,5723,,,1,30,,23361,5723,,,1,65,,23334,5723,,,1,10,,2978,5723,,,1,23,,23349,5723,,,1,70,,23366,5723,,,1,30,,23362,5723,,,1,90,,23335,5723,,,1,100,,23343,5723,,,1,100,,23336,5723,,,1,100,,23344,5723,,,1,100,,23337,5723,,,1,101,,23345,5723,,,1
801,'SE',458,,44283,5723,,,1,73,,44246,5723,,,1,27,,44285,5723,,,1,61,,44287,5723,,,1,20,,44290,5723,,,1,12,,44288,5723,,,1,8,,44250,5723,,,1,52,,44268,5723,,,1,7,,44295,5723,,,1,8,,44247,5723,,,1,9,,44289,5723,,,1,24,,44286,5723,,,1,61,,44261,5723,,,1,18,,44291,5723,,,1,14,,44282,5723,,,1,55,,44251,5723,,,1,14,,44269,5723,,,1,15,,44248,5723,,,1,17,,44272,5723,,,1,55,,44259,5723,,,1,14,,44262,5723,,,1,15,,44265,5723,,,1,16,,44305,5723,,,1,55,,44252,5723,,,1,15,,44270,5723,,,1,15,,44249,5723,,,1,15,,44273,5723,,,1,55,,44275,5723,,,1,16,,44254,5723,,,1,15,,44263,5723,,,1,15,,44292,5723,,,1,55,,44306,5723,,,1,15,,44303,5723,,,1,15,,44271,5723,,,1,15,,44244,5723,,,1,55,,44274,5723,,,1,16,,44260,5723,,,1,15,,44255,5723,,,1,13,,44307,5723,,,1,59,,44266,5723,,,1,11,,44293,5723,,,1,10,,44253,5723,,,1,14,,44297,5723,,,1,56,,44296,5723,,,1,16,,44245,5723,,,1,15,,44276,5723,,,1,13,,44279,5723,,,1,56,,44264,5723,,,1,15,,44300,5723,,,1,15,,44267,5723,,,1,17,,44294,5723,,,1,61,,44298,5723,,,1,24,,44299,5723,,,1,67,,44280,5723,,,1,28,,44301,5723,,,1,71,,44284,5723,,,1,30,,44256,5723,,,1,73,,44308,5723,,,1,27,,44302,5723,,,1,13,,44277,5723,,,1,60,,44281,5723,,,1,29,,44257,5723,,,1,20,,44304,5723,,,1,93,,44278,5723,,,1,100,,44258,5723,,,1
4201,'DI',543,,29629,2017,,,1,100,,29630,2017,,,1,100,,29631,2017,,,1,100,,29632,2017,,,1,100,,29633,2017,,,1,100,,29634,2017,,,1,100,,29635,2017,,,1,100,,29636,2017,,,1,100,,29637,2017,,,1,100,,29638,2017,,,1,100,,29639,2017,,,1,100,,29640,2017,,,1,100,,29641,2017,,,1,100,,29642,2017,,,1,100,,29643,2017,,,1,100,,29644,2017,,,1,100,,29645,2017,,,1,100,,29646,2017,,,1,100,,29647,2017,,,1,100,,29648,2017,,,1
4201,'F1',543,,46724,2017,,,1,100,,46725,2017,,,1,100,,46726,2017,,,1,100,,46727,2017,,,1,100,,46728,2017,,,1,100,,46729,2017,,,1,100,,46730,2017,,,1,100,,46731,2017,,,1,100,,46732,2017,,,1,100,,46733,2017,,,1,100,,46734,2017,,,1,100,,46735,2017,,,1,100,,46736,2017,,,1,100,,46737,2017,,,1,100,,46738,2017,,,1,100,,46739,2017,,,1,100,,46740,2017,,,1,100,,46741,2017,,,1,100,,46742,2017,,,1,100,,46743,2017,,,1
4201,'F2',543,,46760,2017,,,1,100,,46761,2017,,,1,100,,46762,2017,,,1,100,,46763,2017,,,1,100,,46744,2017,,,1,100,,46745,2017,,,1,100,,46746,2017,,,1,100,,46747,2017,,,1,100,,46748,2017,,,1,100,,46749,2017,,,1,100,,46750,2017,,,1,100,,46751,2017,,,1,100,,46752,2017,,,1,100,,46753,2017,,,1,100,,46754,2017,,,1,100,,46755,2017,,,1,100,,46756,2017,,,1,100,,46757,2017,,,1,100,,46758,2017,,,1,100,,46759,2017,,,1
4201,'F8',543,,29751,2017,,,1,100,,29752,2017,,,1,100,,29753,2017,,,1,100,,29754,2017,,,1,100,,29735,2017,,,1,100,,29736,2017,,,1,100,,29737,2017,,,1,100,,29738,2017,,,1,100,,29739,2017,,,1,100,,29740,2017,,,1,100,,29741,2017,,,1,100,,29742,2017,,,1,100,,29743,2017,,,1,100,,29744,2017,,,1,100,,29745,2017,,,1,100,,29746,2017,,,1,100,,29747,2017,,,1,100,,29748,2017,,,1,100,,29749,2017,,,1,100,,29750,2017,,,1
4201,'F9',543,,29755,2017,,,1,100,,29756,2017,,,1,100,,29757,2017,,,1,100,,29758,2017,,,1,100,,29759,2017,,,1,100,,29760,2017,,,1,100,,29761,2017,,,1,100,,29762,2017,,,1,100,,29763,2017,,,1,100,,29764,2017,,,1,100,,29765,2017,,,1,100,,29766,2017,,,1,100,,29767,2017,,,1,100,,29768,2017,,,1,100,,29769,2017,,,1,100,,29770,2017,,,1,100,,29771,2017,,,1,100,,29772,2017,,,1,100,,29773,2017,,,1,100,,29774,2017,,,1
4201,'SA',543,,29791,2017,,,1,100,,29792,2017,,,1,100,,29793,2017,,,1,100,,29794,2017,,,1,100,,29775,2017,,,1,100,,29776,2017,,,1,100,,29777,2017,,,1,100,,29778,2017,,,1,100,,29779,2017,,,1,100,,29780,2017,,,1,100,,29781,2017,,,1,100,,29782,2017,,,1,100,,29783,2017,,,1,100,,29784,2017,,,1,100,,29785,2017,,,1,100,,29786,2017,,,1,100,,29787,2017,,,1,100,,29788,2017,,,1,100,,29789,2017,,,1,100,,29790,2017,,,1
4201,'SE',511,,46775,2017,,,1,20,,46769,2017,,,1,70,,46766,2017,,,1,21,,46809,2017,,,1,14,,46797,2017,,,1,14,,46781,2017,,,1,54,,46767,2017,,,1,14,,46784,2017,,,1,14,,46803,2017,,,1,14,,46777,2017,,,1,63,,46778,2017,,,1,34,,46782,2017,,,1,78,,46776,2017,,,1,30,,46783,2017,,,1,70,,46779,2017,,,1,30,,46785,2017,,,1,70,,46801,2017,,,1,30,,46765,2017,,,1,70,,46800,2017,,,1,30,,46768,2017,,,1,70,,46802,2017,,,1,30,,46786,2017,,,1,70,,46780,2017,,,1,30,,46774,2017,,,1,4,,46772,2017,,,1,2,,46771,2017,,,1,2,,46798,2017,,,1,62,,46788,2017,,,1,30,,46791,2017,,,1,70,,46787,2017,,,1,28,,46804,2017,,,1,64,,46799,2017,,,1,17,,46770,2017,,,1,27,,46805,2017,,,1,69,,46764,2017,,,1,27,,46792,2017,,,1,75,,46806,2017,,,1,30,,46793,2017,,,1,70,,46807,2017,,,1,30,,46794,2017,,,1,69,,46808,2017,,,1,30,,46795,2017,,,1,70,,46773,2017,,,1,30,,46796,2017,,,1,90,,46789,2017,,,1,100,,46790,2017,,,1
44201,'SE',714,,50897,7111,,,2,100,,50898,7111,,,2
