300,'DI',651,,20635,0,,,1,100,,488,0,,,1,100,,20636,0,,,1,100,,489,0,,,1,100,,20637,0,,,1,100,,490,0,,,1,100,,20638,0,,,1,100,,491,0,,,1,100,,492,0,,,1,100,,493,0,,,1,100,,494,0,,,1,100,,495,0,,,1,100,,20628,0,,,1,100,,20629,0,,,1,100,,20630,0,,,1,100,,20631,0,,,1,100,,20632,0,,,1,100,,20633,0,,,1,100,,20634,0,,,1
300,'F1',651,,43213,0,,,1,100,,43198,0,,,1,100,,43214,0,,,1,100,,43199,0,,,1,100,,43215,0,,,1,100,,43200,0,,,1,100,,43216,0,,,1,100,,43201,0,,,1,100,,43202,0,,,1,100,,43203,0,,,1,100,,43204,0,,,1,100,,43205,0,,,1,100,,43206,0,,,1,100,,43207,0,,,1,100,,43208,0,,,1,100,,43209,0,,,1,100,,43210,0,,,1,100,,43211,0,,,1,100,,43212,0,,,1
300,'F2',621,,43217,0,,,1,30,,43233,0,,,1,70,,43218,0,,,1,30,,43224,0,,,1,70,,43219,0,,,1,30,,43234,0,,,1,70,,43220,0,,,1,30,,43235,0,,,1,70,,43221,0,,,1,30,,43225,0,,,1,70,,43222,0,,,1,30,,43226,0,,,1,70,,43223,0,,,1,30,,43242,0,,,1,70,,43236,0,,,1,30,,43227,0,,,1,70,,43237,0,,,1,30,,43243,0,,,1,70,,43238,0,,,1,30,,43244,0,,,1,70,,43239,0,,,1,30,,43245,0,,,1,70,,43240,0,,,1,30,,43246,0,,,1,70,,43241,0,,,1,30,,43247,0,,,1,100,,43228,0,,,1,100,,43229,0,,,1,100,,43230,0,,,1,100,,43231,0,,,1,100,,43248,0,,,1,100,,43232,0,,,1
300,'F8',621,,20741,0,,,1,30,,20757,0,,,1,70,,20742,0,,,1,30,,20748,0,,,1,70,,20743,0,,,1,30,,20758,0,,,1,70,,20744,0,,,1,30,,20759,0,,,1,70,,20745,0,,,1,30,,20749,0,,,1,70,,20746,0,,,1,30,,20750,0,,,1,70,,20747,0,,,1,30,,20766,0,,,1,70,,20760,0,,,1,30,,20751,0,,,1,70,,20761,0,,,1,30,,20767,0,,,1,70,,20762,0,,,1,30,,20768,0,,,1,70,,20763,0,,,1,30,,20769,0,,,1,70,,20764,0,,,1,30,,20770,0,,,1,70,,20765,0,,,1,30,,20771,0,,,1,100,,20752,0,,,1,100,,20753,0,,,1,100,,20754,0,,,1,100,,20755,0,,,1,100,,20772,0,,,1,100,,20756,0,,,1
300,'F9',651,,20788,0,,,1,100,,20773,0,,,1,100,,20789,0,,,1,100,,20774,0,,,1,100,,20790,0,,,1,100,,20775,0,,,1,100,,20791,0,,,1,100,,20776,0,,,1,100,,20777,0,,,1,100,,20778,0,,,1,100,,20779,0,,,1,100,,20780,0,,,1,100,,20781,0,,,1,100,,20782,0,,,1,100,,20783,0,,,1,100,,20784,0,,,1,100,,20785,0,,,1,100,,20786,0,,,1,100,,20787,0,,,1
300,'SA',621,,20792,0,,,1,30,,20808,0,,,1,70,,20793,0,,,1,30,,20799,0,,,1,70,,20794,0,,,1,30,,20809,0,,,1,70,,20795,0,,,1,30,,20810,0,,,1,70,,20796,0,,,1,30,,20800,0,,,1,70,,20797,0,,,1,30,,20801,0,,,1,70,,20798,0,,,1,30,,20811,0,,,1,70,,624,0,,,1,30,,20802,0,,,1,70,,625,0,,,1,30,,20812,0,,,1,70,,626,0,,,1,30,,20813,0,,,1,70,,627,0,,,1,30,,20814,0,,,1,70,,628,0,,,1,30,,20815,0,,,1,70,,629,0,,,1,30,,20816,0,,,1,100,,20803,0,,,1,100,,20804,0,,,1,100,,20805,0,,,1,100,,20806,0,,,1,100,,20817,0,,,1,100,,20807,0,,,1
300,'SE',539,,43252,0,,,1,82,,43283,0,,,1,80,,43249,0,,,1,40,,43272,0,,,1,80,,43261,0,,,1,30,,43266,0,,,1,70,,43273,0,,,1,30,,43267,0,,,1,70,,43274,0,,,1,30,,43268,0,,,1,70,,43275,0,,,1,30,,43269,0,,,1,70,,43276,0,,,1,30,,43270,0,,,1,70,,43277,0,,,1,30,,43262,0,,,1,70,,43278,0,,,1,29,,43263,0,,,1,61,,43250,0,,,1,18,,43279,0,,,1,22,,43264,0,,,1,61,,43251,0,,,1,21,,43282,0,,,1,18,,43285,0,,,1,60,,43265,0,,,1,20,,43284,0,,,1,20,,43253,0,,,1,73,,43286,0,,,1,27,,43254,0,,,1,70,,43280,0,,,1,30,,43255,0,,,1,70,,43281,0,,,1,30,,43256,0,,,1,70,,43271,0,,,1,30,,43257,0,,,1,100,,43258,0,,,1,100,,43259,0,,,1,100,,43260,0,,,1
301,'DI',637,,698,11137,4,,1,100,,20863,11137,4,,1,100,,699,11137,4,,1,100,,20864,11137,4,,1,100,,700,11137,4,,1,100,,20865,11137,4,,1,100,,701,11137,4,,1,100,,20866,11137,4,,1,100,,702,11137,4,,1,100,,703,11137,4,,1,100,,704,11137,4,,1,100,,705,11137,4,,1,100,,706,11137,4,,1,100,,20856,11137,4,,1,100,,20857,11137,4,,1,100,,20858,11137,4,,1,100,,20859,11137,4,,1,100,,20860,11137,4,,1,100,,20861,11137,4,,1
301,'F1',637,,43287,11137,4,,1,100,,43303,11137,4,,1,100,,43288,11137,4,,1,100,,43304,11137,4,,1,100,,43289,11137,4,,1,100,,43305,11137,4,,1,100,,43290,11137,4,,1,100,,43306,11137,4,,1,100,,43291,11137,4,,1,100,,43292,11137,4,,1,100,,43293,11137,4,,1,100,,43294,11137,4,,1,100,,43295,11137,4,,1,100,,43296,11137,4,,1,100,,43297,11137,4,,1,100,,43298,11137,4,,1,100,,43299,11137,4,,1,100,,43300,11137,4,,1,100,,43301,11137,4,,1
301,'F2',607,,43307,11137,4,,1,30,,43315,11137,4,,1,70,,43308,11137,4,,1,30,,43325,11137,4,,1,70,,43309,11137,4,,1,30,,43316,11137,4,,1,70,,43310,11137,4,,1,30,,43326,11137,4,,1,70,,43311,11137,4,,1,30,,43327,11137,4,,1,70,,43312,11137,4,,1,30,,43317,11137,4,,1,70,,43313,11137,4,,1,30,,43318,11137,4,,1,70,,43314,11137,4,,1,30,,43334,11137,4,,1,70,,43328,11137,4,,1,30,,43319,11137,4,,1,70,,43329,11137,4,,1,30,,43335,11137,4,,1,70,,43330,11137,4,,1,30,,43336,11137,4,,1,70,,43331,11137,4,,1,30,,43337,11137,4,,1,70,,43332,11137,4,,1,30,,43338,11137,4,,1,100,,43339,11137,4,,1,100,,43320,11137,4,,1,100,,43321,11137,4,,1,100,,43322,11137,4,,1,100,,43323,11137,4,,1,100,,43340,11137,4,,1
301,'F8',607,,20979,11137,4,,1,30,,20987,11137,4,,1,70,,20980,11137,4,,1,30,,20997,11137,4,,1,70,,20981,11137,4,,1,30,,20988,11137,4,,1,70,,20982,11137,4,,1,30,,20998,11137,4,,1,70,,20983,11137,4,,1,30,,20999,11137,4,,1,70,,20984,11137,4,,1,30,,20989,11137,4,,1,70,,20985,11137,4,,1,30,,20990,11137,4,,1,70,,20986,11137,4,,1,30,,21006,11137,4,,1,70,,21000,11137,4,,1,30,,20991,11137,4,,1,70,,21001,11137,4,,1,30,,21007,11137,4,,1,70,,21002,11137,4,,1,30,,21008,11137,4,,1,70,,21003,11137,4,,1,30,,21009,11137,4,,1,70,,21004,11137,4,,1,30,,21010,11137,4,,1,100,,21011,11137,4,,1,100,,20992,11137,4,,1,100,,20993,11137,4,,1,100,,20994,11137,4,,1,100,,20995,11137,4,,1,100,,21012,11137,4,,1
301,'F9',637,,21013,11137,4,,1,100,,21029,11137,4,,1,100,,21014,11137,4,,1,100,,21030,11137,4,,1,100,,21015,11137,4,,1,100,,21031,11137,4,,1,100,,21016,11137,4,,1,100,,21032,11137,4,,1,100,,21017,11137,4,,1,100,,21018,11137,4,,1,100,,21019,11137,4,,1,100,,21020,11137,4,,1,100,,21021,11137,4,,1,100,,21022,11137,4,,1,100,,21023,11137,4,,1,100,,21024,11137,4,,1,100,,21025,11137,4,,1,100,,21026,11137,4,,1,100,,21027,11137,4,,1
301,'SA',607,,21033,11137,4,,1,30,,21041,11137,4,,1,70,,21034,11137,4,,1,30,,21051,11137,4,,1,70,,21035,11137,4,,1,30,,21042,11137,4,,1,70,,21036,11137,4,,1,30,,21052,11137,4,,1,70,,21037,11137,4,,1,30,,21053,11137,4,,1,70,,21038,11137,4,,1,30,,21043,11137,4,,1,70,,21039,11137,4,,1,30,,21044,11137,4,,1,70,,21040,11137,4,,1,30,,21054,11137,4,,1,70,,847,11137,4,,1,30,,21045,11137,4,,1,70,,848,11137,4,,1,30,,21055,11137,4,,1,70,,849,11137,4,,1,30,,21056,11137,4,,1,70,,850,11137,4,,1,30,,21057,11137,4,,1,70,,851,11137,4,,1,30,,21058,11137,4,,1,100,,21059,11137,4,,1,100,,21046,11137,4,,1,100,,21047,11137,4,,1,100,,21048,11137,4,,1,100,,21049,11137,4,,1,100,,21060,11137,4,,1
301,'SE',525,,43341,11137,4,,1,30,,43349,11137,4,,1,72,,43370,11137,4,,1,25,,43365,11137,4,,1,61,,43382,11137,4,,1,20,,43377,11137,4,,1,22,,43366,11137,4,,1,57,,43372,11137,4,,1,22,,43378,11137,4,,1,21,,43367,11137,4,,1,59,,43373,11137,4,,1,28,,43351,11137,4,,1,70,,43357,11137,4,,1,30,,43352,11137,4,,1,70,,43358,11137,4,,1,30,,43353,11137,4,,1,70,,43359,11137,4,,1,30,,43354,11137,4,,1,70,,43360,11137,4,,1,30,,43355,11137,4,,1,70,,43361,11137,4,,1,30,,43350,11137,4,,1,70,,43379,11137,4,,1,32,,43374,11137,4,,1,79,,43380,11137,4,,1,84,,43369,11137,4,,1,41,,43384,11137,4,,1,77,,43383,11137,4,,1,89,,43364,11137,4,,1,27,,43342,11137,4,,1,67,,43362,11137,4,,1,30,,43343,11137,4,,1,70,,43363,11137,4,,1,30,,43344,11137,4,,1,70,,43356,11137,4,,1,30,,43345,11137,4,,1,100,,43346,11137,4,,1,100,,43347,11137,4,,1
900,'SE',646,,44309,0,0,58 7,2,69,,44311,0,0,58 7,2,30,,44310,0,0,58 7,2,860,,44316,0,0,58 7,2,33,,44315,0,0,58 7,2,67,,44314,0,0,58 7,2,30,,44313,0,0,58 7,2,70,,44312,0,0,58 7,2
901,'SE',637,,44317,15412,4,,2,72,,44319,15412,4,,2,33,,44318,15412,4,,2,70,,44321,15412,4,,2,30,,44320,15412,4,,2,860,,44324,8875,4,,2,37,,44323,8875,4,,2,63,,44322,8875,4,,2
1600,'DI',610,,24754,0,0,8,2,30,,24745,0,0,8,2,70,,24755,0,0,8,2,30,,24746,0,0,8,2,70,,24756,0,0,8,2,30,,24747,0,0,8,2,70,,24757,0,0,8,2,30,,24748,0,0,8,2,70,,24758,0,0,8,2,30,,24749,0,0,8,2,70,,24759,0,0,8,2,28,,24750,0,0,8,2,72,,24760,0,0,8,2,33,,24751,0,0,8,2,67,,24761,0,0,8,2,30,,24752,0,0,8,2,70,,24762,0,0,8,2,30,,24764,0,0,8,2,70,,24763,0,0,8,2,30,,24765,0,0,8,2,70,,24768,0,0,8,2,30,,24766,0,0,8,2,70,,24769,0,0,8,2,31,,24767,0,0,8,2,69,,24770,0,0,8,2,100,,24771,0,0,8,2,100,,24772,0,0,8,2,100,,24773,0,0,8,2,100,,24774,0,0,8,2,100,,24775,0,0,8,2,100,,24776,0,0,8,2,100,,24777,0,0,8,2
1600,'F1',610,,44831,0,0,8,2,30,,44822,0,0,8,2,70,,44832,0,0,8,2,30,,44823,0,0,8,2,70,,44833,0,0,8,2,30,,44824,0,0,8,2,70,,44834,0,0,8,2,30,,44825,0,0,8,2,70,,44835,0,0,8,2,30,,44826,0,0,8,2,70,,44836,0,0,8,2,28,,44827,0,0,8,2,72,,44837,0,0,8,2,33,,44828,0,0,8,2,67,,44838,0,0,8,2,30,,44829,0,0,8,2,70,,44839,0,0,8,2,30,,44841,0,0,8,2,70,,44840,0,0,8,2,30,,44842,0,0,8,2,70,,44845,0,0,8,2,30,,44843,0,0,8,2,70,,44846,0,0,8,2,31,,44844,0,0,8,2,69,,44847,0,0,8,2,100,,44848,0,0,8,2,100,,44849,0,0,8,2,100,,44850,0,0,8,2,100,,44851,0,0,8,2,100,,44852,0,0,8,2,100,,44853,0,0,8,2,100,,44854,0,0,8,2
1600,'F2',610,,44861,0,0,8,2,28,,44864,0,0,8,2,72,,44862,0,0,8,2,30,,44865,0,0,8,2,70,,44863,0,0,8,2,30,,44866,0,0,8,2,70,,44884,0,0,8,2,30,,44867,0,0,8,2,70,,44885,0,0,8,2,30,,44868,0,0,8,2,70,,44886,0,0,8,2,30,,44869,0,0,8,2,70,,44887,0,0,8,2,30,,44875,0,0,8,2,70,,44855,0,0,8,2,30,,44876,0,0,8,2,70,,44856,0,0,8,2,30,,44877,0,0,8,2,70,,44857,0,0,8,2,30,,44878,0,0,8,2,70,,44858,0,0,8,2,27,,44879,0,0,8,2,73,,44859,0,0,8,2,35,,44883,0,0,8,2,65,,44870,0,0,8,2,100,,44871,0,0,8,2,100,,44872,0,0,8,2,100,,44873,0,0,8,2,100,,44874,0,0,8,2,100,,44880,0,0,8,2,100,,44881,0,0,8,2,100,,44882,0,0,8,2
1600,'F8',610,,24912,0,0,8,2,28,,24915,0,0,8,2,72,,24913,0,0,8,2,30,,24916,0,0,8,2,70,,24914,0,0,8,2,30,,24917,0,0,8,2,70,,24935,0,0,8,2,30,,24918,0,0,8,2,70,,24936,0,0,8,2,30,,24919,0,0,8,2,70,,24937,0,0,8,2,30,,24920,0,0,8,2,70,,24938,0,0,8,2,30,,24926,0,0,8,2,70,,24906,0,0,8,2,30,,24927,0,0,8,2,70,,24907,0,0,8,2,30,,24928,0,0,8,2,70,,24908,0,0,8,2,30,,24929,0,0,8,2,70,,24909,0,0,8,2,27,,24930,0,0,8,2,73,,24910,0,0,8,2,35,,24934,0,0,8,2,65,,24921,0,0,8,2,100,,24922,0,0,8,2,100,,24923,0,0,8,2,100,,24924,0,0,8,2,100,,24925,0,0,8,2,100,,24931,0,0,8,2,100,,24932,0,0,8,2,100,,24933,0,0,8,2
1600,'F9',610,,24948,0,0,8,2,30,,24939,0,0,8,2,70,,24949,0,0,8,2,30,,24940,0,0,8,2,70,,24950,0,0,8,2,30,,24941,0,0,8,2,70,,24951,0,0,8,2,30,,24942,0,0,8,2,70,,24952,0,0,8,2,30,,24943,0,0,8,2,70,,24953,0,0,8,2,28,,24944,0,0,8,2,72,,24954,0,0,8,2,33,,24945,0,0,8,2,67,,24955,0,0,8,2,30,,24946,0,0,8,2,70,,24956,0,0,8,2,30,,24958,0,0,8,2,70,,24957,0,0,8,2,30,,24959,0,0,8,2,70,,24962,0,0,8,2,30,,24960,0,0,8,2,70,,24963,0,0,8,2,31,,24961,0,0,8,2,69,,24964,0,0,8,2,100,,24965,0,0,8,2,100,,24966,0,0,8,2,100,,24967,0,0,8,2,100,,24968,0,0,8,2,100,,24969,0,0,8,2,100,,24970,0,0,8,2,100,,24971,0,0,8,2
1600,'SA',610,,24978,0,0,8,2,28,,24981,0,0,8,2,72,,24979,0,0,8,2,30,,24982,0,0,8,2,70,,24980,0,0,8,2,30,,24983,0,0,8,2,70,,25001,0,0,8,2,30,,24984,0,0,8,2,70,,25002,0,0,8,2,30,,24985,0,0,8,2,70,,25003,0,0,8,2,30,,24986,0,0,8,2,70,,25004,0,0,8,2,30,,24992,0,0,8,2,70,,24972,0,0,8,2,30,,24993,0,0,8,2,70,,24973,0,0,8,2,30,,24994,0,0,8,2,70,,24974,0,0,8,2,30,,24995,0,0,8,2,70,,24975,0,0,8,2,27,,24996,0,0,8,2,73,,24976,0,0,8,2,35,,25000,0,0,8,2,65,,24987,0,0,8,2,100,,24988,0,0,8,2,100,,24989,0,0,8,2,100,,24990,0,0,8,2,100,,24991,0,0,8,2,100,,24997,0,0,8,2,100,,24998,0,0,8,2,100,,24999,0,0,8,2
1600,'SE',550,,44902,0,0,8,2,60,,44901,0,0,8,2,32,,44898,0,0,8,2,67,,44899,0,0,8,2,15,,44903,0,0,8,2,15,,44930,0,0,8,2,67,,44905,0,0,8,2,34,,44925,0,0,8,2,70,,44888,0,0,8,2,30,,44932,0,0,8,2,70,,44920,0,0,8,2,30,,44929,0,0,8,2,70,,44889,0,0,8,2,30,,44906,0,0,8,2,70,,44921,0,0,8,2,30,,44919,0,0,8,2,70,,44895,0,0,8,2,30,,44893,0,0,8,2,70,,44894,0,0,8,2,30,,44931,0,0,8,2,60,,44907,0,0,8,2,20,,44933,0,0,8,2,20,,44923,0,0,8,2,60,,44934,0,0,8,2,15,,44924,0,0,8,2,15,,44915,0,0,8,2,15,,44926,0,0,8,2,55,,44917,0,0,8,2,20,,44928,0,0,8,2,20,,44916,0,0,8,2,70,,44918,0,0,8,2,30,,44896,0,0,8,2,70,,44908,0,0,8,2,30,,44890,0,0,8,2,70,,44909,0,0,8,2,30,,44891,0,0,8,2,70,,44910,0,0,8,2,30,,44892,0,0,8,2,70,,44911,0,0,8,2,100,,44912,0,0,8,2,100,,44913,0,0,8,2,100,,44914,0,0,8,2
1601,'DI',602,,25074,8332,4,,2,100,,25075,8332,4,,2,30,,25066,8332,4,,2,70,,25076,8332,4,,2,30,,25067,8332,4,,2,70,,25077,8332,4,,2,30,,25068,8332,4,,2,70,,25078,8332,4,,2,30,,25069,8332,4,,2,70,,25079,8332,4,,2,30,,25070,8332,4,,2,70,,25080,8332,4,,2,28,,25071,8332,4,,2,72,,25081,8332,4,,2,33,,25072,8332,4,,2,67,,25082,8332,4,,2,30,,25073,8332,4,,2,70,,25083,8332,4,,2,30,,25085,8332,4,,2,70,,25084,8332,4,,2,30,,25086,8332,4,,2,70,,25088,8332,4,,2,30,,25087,8332,4,,2,70,,25089,8332,4,,2,100,,25090,8332,4,,2,100,,25091,8332,4,,2,100,,25092,8332,4,,2,100,,25093,8332,4,,2,100,,25094,8332,4,,2,100,,25095,8332,4,,2,100,,25096,8332,4,,2
1601,'F1',602,,44943,8332,4,,2,100,,44944,8332,4,,2,30,,44935,8332,4,,2,70,,44945,8332,4,,2,30,,44936,8332,4,,2,70,,44946,8332,4,,2,30,,44937,8332,4,,2,70,,44947,8332,4,,2,30,,44938,8332,4,,2,70,,44948,8332,4,,2,30,,44939,8332,4,,2,70,,44949,8332,4,,2,28,,44940,8332,4,,2,72,,44950,8332,4,,2,33,,44941,8332,4,,2,67,,44951,8332,4,,2,30,,44942,8332,4,,2,70,,44952,8332,4,,2,30,,44954,8332,4,,2,70,,44953,8332,4,,2,30,,44955,8332,4,,2,70,,44957,8332,4,,2,30,,44956,8332,4,,2,70,,44958,8332,4,,2,100,,44959,8332,4,,2,100,,44960,8332,4,,2,100,,44961,8332,4,,2,100,,44962,8332,4,,2,100,,44963,8332,4,,2,100,,44964,8332,4,,2,100,,44965,8332,4,,2
1601,'F2',602,,44971,8332,4,,2,100,,44972,8332,4,,2,28,,44975,8332,4,,2,72,,44973,8332,4,,2,30,,44976,8332,4,,2,70,,44974,8332,4,,2,30,,44977,8332,4,,2,70,,44993,8332,4,,2,30,,44978,8332,4,,2,70,,44994,8332,4,,2,30,,44979,8332,4,,2,70,,44995,8332,4,,2,30,,44980,8332,4,,2,70,,44996,8332,4,,2,30,,44986,8332,4,,2,70,,44966,8332,4,,2,30,,44987,8332,4,,2,70,,44967,8332,4,,2,30,,44988,8332,4,,2,70,,44968,8332,4,,2,30,,44989,8332,4,,2,70,,44969,8332,4,,2,27,,44990,8332,4,,2,73,,44970,8332,4,,2,100,,44981,8332,4,,2,100,,44982,8332,4,,2,100,,44983,8332,4,,2,100,,44984,8332,4,,2,100,,44985,8332,4,,2,100,,44991,8332,4,,2,100,,44992,8332,4,,2
1601,'F8',602,,25220,8332,4,,2,100,,25221,8332,4,,2,28,,25224,8332,4,,2,72,,25222,8332,4,,2,30,,25225,8332,4,,2,70,,25223,8332,4,,2,30,,25226,8332,4,,2,70,,25242,8332,4,,2,30,,25227,8332,4,,2,70,,25243,8332,4,,2,30,,25228,8332,4,,2,70,,25244,8332,4,,2,30,,25229,8332,4,,2,70,,25245,8332,4,,2,30,,25235,8332,4,,2,70,,25215,8332,4,,2,30,,25236,8332,4,,2,70,,25216,8332,4,,2,30,,25237,8332,4,,2,70,,25217,8332,4,,2,30,,25238,8332,4,,2,70,,25218,8332,4,,2,27,,25239,8332,4,,2,73,,25219,8332,4,,2,100,,25230,8332,4,,2,100,,25231,8332,4,,2,100,,25232,8332,4,,2,100,,25233,8332,4,,2,100,,25234,8332,4,,2,100,,25240,8332,4,,2,100,,25241,8332,4,,2
1601,'F9',602,,25254,8332,4,,2,100,,25255,8332,4,,2,30,,25246,8332,4,,2,70,,25256,8332,4,,2,30,,25247,8332,4,,2,70,,25257,8332,4,,2,30,,25248,8332,4,,2,70,,25258,8332,4,,2,30,,25249,8332,4,,2,70,,25259,8332,4,,2,30,,25250,8332,4,,2,70,,25260,8332,4,,2,28,,25251,8332,4,,2,72,,25261,8332,4,,2,33,,25252,8332,4,,2,67,,25262,8332,4,,2,30,,25253,8332,4,,2,70,,25263,8332,4,,2,30,,25265,8332,4,,2,70,,25264,8332,4,,2,30,,25266,8332,4,,2,70,,25268,8332,4,,2,30,,25267,8332,4,,2,70,,25269,8332,4,,2,100,,25270,8332,4,,2,100,,25271,8332,4,,2,100,,25272,8332,4,,2,100,,25273,8332,4,,2,100,,25274,8332,4,,2,100,,25275,8332,4,,2,100,,25276,8332,4,,2
1601,'SA',602,,25282,8332,4,,2,100,,25283,8332,4,,2,28,,25286,8332,4,,2,72,,25284,8332,4,,2,30,,25287,8332,4,,2,70,,25285,8332,4,,2,30,,25288,8332,4,,2,70,,25304,8332,4,,2,30,,25289,8332,4,,2,70,,25305,8332,4,,2,30,,25290,8332,4,,2,70,,25306,8332,4,,2,30,,25291,8332,4,,2,70,,25307,8332,4,,2,30,,25297,8332,4,,2,70,,25277,8332,4,,2,30,,25298,8332,4,,2,70,,25278,8332,4,,2,30,,25299,8332,4,,2,70,,25279,8332,4,,2,30,,25300,8332,4,,2,70,,25280,8332,4,,2,27,,25301,8332,4,,2,73,,25281,8332,4,,2,100,,25292,8332,4,,2,100,,25293,8332,4,,2,100,,25294,8332,4,,2,100,,25295,8332,4,,2,100,,25296,8332,4,,2,100,,25302,8332,4,,2,100,,25303,8332,4,,2
1601,'SE',532,,45005,8332,4,,2,70,,45008,8332,4,,2,20,,45029,8332,4,,2,20,,45010,8332,4,,2,62,,45009,8332,4,,2,20,,45034,8332,4,,2,17,,45006,8332,4,,2,15,,45012,8332,4,,2,57,,45007,8332,4,,2,15,,45011,8332,4,,2,19,,45037,8332,4,,2,60,,45013,8332,4,,2,30,,45032,8332,4,,2,70,,44997,8332,4,,2,30,,45039,8332,4,,2,70,,45027,8332,4,,2,30,,45036,8332,4,,2,70,,44998,8332,4,,2,30,,45014,8332,4,,2,70,,45028,8332,4,,2,30,,45026,8332,4,,2,70,,45003,8332,4,,2,30,,45001,8332,4,,2,72,,45002,8332,4,,2,37,,45038,8332,4,,2,60,,45015,8332,4,,2,20,,45040,8332,4,,2,18,,45030,8332,4,,2,57,,45041,8332,4,,2,15,,45031,8332,4,,2,15,,45022,8332,4,,2,15,,45033,8332,4,,2,55,,45024,8332,4,,2,20,,45035,8332,4,,2,17,,45023,8332,4,,2,70,,45025,8332,4,,2,30,,45004,8332,4,,2,67,,45016,8332,4,,2,30,,44999,8332,4,,2,68,,45017,8332,4,,2,30,,45000,8332,4,,2,70,,45018,8332,4,,2,98,,45019,8332,4,,2,100,,45020,8332,4,,2,100,,45021,8332,4,,2
1900,'DI',616,,25744,0,0,9,2,100,,25745,0,0,9,2,100,,25746,0,0,9,2,104,,25747,0,0,9,2,100,,25748,0,0,9,2,100,,25749,0,0,9,2,100,,25750,0,0,9,2,100,,25751,0,0,9,2,100,,25752,0,0,9,2,100,,25753,0,0,9,2,100,,25754,0,0,9,2,100,,25755,0,0,9,2,100,,25756,0,0,9,2,100,,25757,0,0,9,2,100,,25758,0,0,9,2,100,,25759,0,0,9,2,100,,25760,0,0,9,2,100,,25761,0,0,9,2,100,,25762,0,0,9,2,100,,25743,0,0,9,2
1900,'F1',616,,45171,0,0,9,2,100,,45172,0,0,9,2,100,,45173,0,0,9,2,104,,45174,0,0,9,2,100,,45175,0,0,9,2,100,,45176,0,0,9,2,100,,45177,0,0,9,2,100,,45178,0,0,9,2,100,,45179,0,0,9,2,100,,45180,0,0,9,2,100,,45181,0,0,9,2,100,,45182,0,0,9,2,100,,45183,0,0,9,2,100,,45184,0,0,9,2,100,,45185,0,0,9,2,100,,45186,0,0,9,2,100,,45187,0,0,9,2,100,,45188,0,0,9,2,100,,45189,0,0,9,2,100,,45170,0,0,9,2
1900,'F2',616,,45190,0,0,9,2,30,,45199,0,0,9,2,70,,45191,0,0,9,2,30,,45200,0,0,9,2,70,,45192,0,0,9,2,30,,45201,0,0,9,2,74,,45193,0,0,9,2,30,,45202,0,0,9,2,70,,45194,0,0,9,2,30,,45203,0,0,9,2,70,,45195,0,0,9,2,30,,45215,0,0,9,2,70,,45196,0,0,9,2,30,,45216,0,0,9,2,70,,45197,0,0,9,2,30,,45217,0,0,9,2,70,,45198,0,0,9,2,30,,45218,0,0,9,2,70,,45204,0,0,9,2,30,,45219,0,0,9,2,70,,45205,0,0,9,2,30,,45220,0,0,9,2,70,,45206,0,0,9,2,30,,45221,0,0,9,2,70,,45207,0,0,9,2,100,,45208,0,0,9,2,100,,45209,0,0,9,2,100,,45210,0,0,9,2,100,,45211,0,0,9,2,100,,45212,0,0,9,2,100,,45213,0,0,9,2,100,,45214,0,0,9,2
1900,'F8',616,,25865,0,0,9,2,30,,25874,0,0,9,2,70,,25866,0,0,9,2,30,,25875,0,0,9,2,70,,25867,0,0,9,2,30,,25876,0,0,9,2,74,,25868,0,0,9,2,30,,25877,0,0,9,2,70,,25869,0,0,9,2,30,,25878,0,0,9,2,70,,25870,0,0,9,2,30,,25890,0,0,9,2,70,,25871,0,0,9,2,30,,25891,0,0,9,2,70,,25872,0,0,9,2,30,,25892,0,0,9,2,70,,25873,0,0,9,2,30,,25893,0,0,9,2,70,,25879,0,0,9,2,30,,25894,0,0,9,2,70,,25880,0,0,9,2,30,,25895,0,0,9,2,70,,25881,0,0,9,2,30,,25896,0,0,9,2,70,,25882,0,0,9,2,100,,25883,0,0,9,2,100,,25884,0,0,9,2,100,,25885,0,0,9,2,100,,25886,0,0,9,2,100,,25887,0,0,9,2,100,,25888,0,0,9,2,100,,25889,0,0,9,2
1900,'F9',616,,25898,0,0,9,2,100,,25899,0,0,9,2,100,,25900,0,0,9,2,104,,25901,0,0,9,2,100,,25902,0,0,9,2,100,,25903,0,0,9,2,100,,25904,0,0,9,2,100,,25905,0,0,9,2,100,,25906,0,0,9,2,100,,25907,0,0,9,2,100,,25908,0,0,9,2,100,,25909,0,0,9,2,100,,25910,0,0,9,2,100,,25911,0,0,9,2,100,,25912,0,0,9,2,100,,25913,0,0,9,2,100,,25914,0,0,9,2,100,,25915,0,0,9,2,100,,25916,0,0,9,2,100,,25897,0,0,9,2
1900,'SA',616,,25917,0,0,9,2,30,,25926,0,0,9,2,70,,25918,0,0,9,2,30,,25927,0,0,9,2,70,,25919,0,0,9,2,30,,25928,0,0,9,2,74,,25920,0,0,9,2,30,,25929,0,0,9,2,70,,25921,0,0,9,2,30,,25930,0,0,9,2,70,,25922,0,0,9,2,30,,25942,0,0,9,2,70,,25923,0,0,9,2,30,,25943,0,0,9,2,70,,25924,0,0,9,2,30,,25944,0,0,9,2,70,,25925,0,0,9,2,30,,25945,0,0,9,2,70,,25931,0,0,9,2,30,,25946,0,0,9,2,70,,25932,0,0,9,2,30,,25947,0,0,9,2,70,,25933,0,0,9,2,30,,25948,0,0,9,2,70,,25934,0,0,9,2,100,,25935,0,0,9,2,100,,25936,0,0,9,2,100,,25937,0,0,9,2,100,,25938,0,0,9,2,100,,25939,0,0,9,2,100,,25940,0,0,9,2,100,,25941,0,0,9,2
1900,'SE',539,,45243,0,0,9,2,76,,45256,0,0,9,2,27,,45262,0,0,9,2,12,,45244,0,0,9,2,51,,45241,0,0,9,2,12,,45242,0,0,9,2,15,,45254,0,0,9,2,21,,45255,0,0,9,2,60,,45230,0,0,9,2,32,,45250,0,0,9,2,75,,45231,0,0,9,2,30,,45251,0,0,9,2,70,,45232,0,0,9,2,30,,45252,0,0,9,2,70,,45233,0,0,9,2,30,,45253,0,0,9,2,70,,45234,0,0,9,2,30,,45245,0,0,9,2,70,,45235,0,0,9,2,30,,45246,0,0,9,2,70,,45259,0,0,9,2,30,,45263,0,0,9,2,67,,45236,0,0,9,2,21,,45222,0,0,9,2,62,,45247,0,0,9,2,20,,45261,0,0,9,2,19,,45257,0,0,9,2,20,,45258,0,0,9,2,57,,45248,0,0,9,2,23,,45264,0,0,9,2,20,,45260,0,0,9,2,64,,45249,0,0,9,2,27,,45237,0,0,9,2,70,,45223,0,0,9,2,30,,45238,0,0,9,2,70,,45224,0,0,9,2,30,,45239,0,0,9,2,70,,45225,0,0,9,2,30,,45240,0,0,9,2,70,,45226,0,0,9,2,100,,45227,0,0,9,2,100,,45228,0,0,9,2,100,,45229,0,0,9,2
1901,'DI',607,,25993,15475,4,,2,100,,25994,15475,4,,2,100,,25995,15475,4,,2,100,,25996,15475,4,,2,104,,25997,15475,4,,2,100,,25998,15475,4,,2,100,,25999,15475,4,,2,100,,26000,15475,4,,2,100,,26001,15475,4,,2,100,,26002,15475,4,,2,100,,26003,15475,4,,2,100,,26004,15475,4,,2,100,,26005,15475,4,,2,100,,26006,15475,4,,2,100,,26007,15475,4,,2,100,,26008,15475,4,,2,100,,26009,15475,4,,2,100,,26010,15475,4,,2,100,,26011,15475,4,,2,100,,26012,15475,4,,2
1901,'F1',607,,45266,15475,4,,2,100,,45267,15475,4,,2,100,,45268,15475,4,,2,100,,45269,15475,4,,2,104,,45270,15475,4,,2,100,,45271,15475,4,,2,100,,45272,15475,4,,2,100,,45273,15475,4,,2,100,,45274,15475,4,,2,100,,45275,15475,4,,2,100,,45276,15475,4,,2,100,,45277,15475,4,,2,100,,45278,15475,4,,2,100,,45279,15475,4,,2,100,,45280,15475,4,,2,100,,45281,15475,4,,2,100,,45282,15475,4,,2,100,,45283,15475,4,,2,100,,45284,15475,4,,2,100,,45285,15475,4,,2
1901,'F2',607,,45286,15475,4,,2,30,,45296,15475,4,,2,70,,45287,15475,4,,2,30,,45297,15475,4,,2,70,,45288,15475,4,,2,30,,45298,15475,4,,2,70,,45289,15475,4,,2,30,,45299,15475,4,,2,74,,45290,15475,4,,2,30,,45300,15475,4,,2,70,,45291,15475,4,,2,30,,45301,15475,4,,2,70,,45292,15475,4,,2,30,,45313,15475,4,,2,70,,45293,15475,4,,2,30,,45314,15475,4,,2,70,,45294,15475,4,,2,30,,45315,15475,4,,2,70,,45295,15475,4,,2,30,,45316,15475,4,,2,70,,45302,15475,4,,2,30,,45317,15475,4,,2,70,,45303,15475,4,,2,30,,45318,15475,4,,2,70,,45304,15475,4,,2,30,,45319,15475,4,,2,70,,45305,15475,4,,2,100,,45306,15475,4,,2,100,,45307,15475,4,,2,100,,45308,15475,4,,2,100,,45309,15475,4,,2,100,,45310,15475,4,,2,100,,45311,15475,4,,2
1901,'F8',607,,26123,15475,4,,2,30,,26133,15475,4,,2,70,,26124,15475,4,,2,30,,26134,15475,4,,2,70,,26125,15475,4,,2,30,,26135,15475,4,,2,70,,26126,15475,4,,2,30,,26136,15475,4,,2,74,,26127,15475,4,,2,30,,26137,15475,4,,2,70,,26128,15475,4,,2,30,,26138,15475,4,,2,70,,26129,15475,4,,2,30,,26150,15475,4,,2,70,,26130,15475,4,,2,30,,26151,15475,4,,2,70,,26131,15475,4,,2,30,,26152,15475,4,,2,70,,26132,15475,4,,2,30,,26153,15475,4,,2,70,,26139,15475,4,,2,30,,26154,15475,4,,2,70,,26140,15475,4,,2,30,,26155,15475,4,,2,70,,26141,15475,4,,2,30,,26156,15475,4,,2,70,,26142,15475,4,,2,100,,26143,15475,4,,2,100,,26144,15475,4,,2,100,,26145,15475,4,,2,100,,26146,15475,4,,2,100,,26147,15475,4,,2,100,,26148,15475,4,,2
1901,'F9',607,,26158,15475,4,,2,100,,26159,15475,4,,2,100,,26160,15475,4,,2,100,,26161,15475,4,,2,104,,26162,15475,4,,2,100,,26163,15475,4,,2,100,,26164,15475,4,,2,100,,26165,15475,4,,2,100,,26166,15475,4,,2,100,,26167,15475,4,,2,100,,26168,15475,4,,2,100,,26169,15475,4,,2,100,,26170,15475,4,,2,100,,26171,15475,4,,2,100,,26172,15475,4,,2,100,,26173,15475,4,,2,100,,26174,15475,4,,2,100,,26175,15475,4,,2,100,,26176,15475,4,,2,100,,26177,15475,4,,2
1901,'SA',607,,26178,15475,4,,2,30,,26188,15475,4,,2,70,,26179,15475,4,,2,30,,26189,15475,4,,2,70,,26180,15475,4,,2,30,,26190,15475,4,,2,70,,26181,15475,4,,2,30,,26191,15475,4,,2,74,,26182,15475,4,,2,30,,26192,15475,4,,2,70,,26183,15475,4,,2,30,,26193,15475,4,,2,70,,26184,15475,4,,2,30,,26205,15475,4,,2,70,,26185,15475,4,,2,30,,26206,15475,4,,2,70,,26186,15475,4,,2,30,,26207,15475,4,,2,70,,26187,15475,4,,2,30,,26208,15475,4,,2,70,,26194,15475,4,,2,30,,26209,15475,4,,2,70,,26195,15475,4,,2,30,,26210,15475,4,,2,70,,26196,15475,4,,2,30,,26211,15475,4,,2,70,,26197,15475,4,,2,100,,26198,15475,4,,2,100,,26199,15475,4,,2,100,,26200,15475,4,,2,100,,26201,15475,4,,2,100,,26202,15475,4,,2,100,,26203,15475,4,,2
1901,'SE',526,,45320,15475,4,,2,75,,45337,15475,4,,2,30,,45358,15475,4,,2,22,,45348,13497,4,,2,54,,45354,13497,4,,2,15,,45347,13497,4,,2,14,,45355,13497,4,,2,14,,45351,13497,4,,2,52,,45349,13497,4,,2,12,,45350,13497,4,,2,13,,45352,13497,4,,2,21,,45353,13497,4,,2,60,,45346,13497,4,,2,32,,45341,15475,4,,2,74,,45328,15475,4,,2,30,,45342,15475,4,,2,70,,45329,15475,4,,2,30,,45343,15475,4,,2,70,,45330,15475,4,,2,30,,45344,15475,4,,2,70,,45331,15475,4,,2,30,,45338,15475,4,,2,70,,45332,15475,4,,2,32,,45339,15475,4,,2,72,,45363,15475,4,,2,30,,45365,15475,4,,2,70,,45357,15475,4,,2,21,,45356,15475,4,,2,63,,45359,15475,4,,2,20,,45364,15475,4,,2,21,,45361,15475,4,,2,16,,45362,15475,4,,2,57,,45360,15475,4,,2,19,,45366,15475,4,,2,19,,45345,15475,4,,2,64,,45340,15475,4,,2,24,,45333,15475,4,,2,70,,45321,15475,4,,2,30,,45334,15475,4,,2,70,,45322,15475,4,,2,30,,45335,15475,4,,2,69,,45323,15475,4,,2,100,,45324,15475,4,,2,100,,45325,15475,4,,2,100,,45326,15475,4,,2
2000,'DI',610,,26261,0,,,2,100,,26264,0,,,2,100,,26267,0,,,2,100,,26259,0,,,2,100,,26265,0,,,2,97,,26268,0,,,2,103,,26269,0,,,2,100,,26266,0,,,2,100,,26270,0,,,2,100,,26262,0,,,2,97,,26273,0,,,2,103,,26274,0,,,2,100,,26263,0,,,2,100,,26271,0,,,2,100,,26260,0,,,2,100,,26275,0,,,2,100,,26272,0,,,2,100,,26276,0,,,2,100,,26277,0,,,2
2000,'F1',610,,45369,0,,,2,100,,45372,0,,,2,100,,45375,0,,,2,100,,45367,0,,,2,100,,45373,0,,,2,97,,45376,0,,,2,103,,45377,0,,,2,100,,45374,0,,,2,100,,45378,0,,,2,100,,45370,0,,,2,97,,45381,0,,,2,103,,45382,0,,,2,100,,45371,0,,,2,100,,45379,0,,,2,100,,45368,0,,,2,100,,45383,0,,,2,100,,45380,0,,,2,100,,45384,0,,,2,100,,45385,0,,,2
2000,'F2',610,,45404,0,,,2,100,,45398,0,,,2,100,,45395,0,,,2,100,,45389,0,,,2,100,,45391,0,,,2,100,,45390,0,,,2,100,,45399,0,,,2,100,,45392,0,,,2,100,,45393,0,,,2,100,,45403,0,,,2,96,,45400,0,,,2,104,,45401,0,,,2,104,,45402,0,,,2,96,,45387,0,,,2,100,,45396,0,,,2,100,,45394,0,,,2,100,,45386,0,,,2,100,,45405,0,,,2,100,,45397,0,,,2,100,,45388,0,,,2
2000,'F8',610,,26384,0,,,2,100,,26378,0,,,2,100,,26375,0,,,2,100,,26369,0,,,2,100,,26371,0,,,2,100,,26370,0,,,2,100,,26379,0,,,2,100,,26372,0,,,2,100,,26373,0,,,2,100,,26383,0,,,2,96,,26380,0,,,2,104,,26381,0,,,2,104,,26382,0,,,2,96,,26367,0,,,2,100,,26376,0,,,2,100,,26374,0,,,2,100,,26366,0,,,2,100,,26385,0,,,2,100,,26377,0,,,2,100,,26368,0,,,2
2000,'F9',610,,26388,0,,,2,100,,26391,0,,,2,100,,26394,0,,,2,100,,26386,0,,,2,100,,26392,0,,,2,97,,26395,0,,,2,103,,26396,0,,,2,100,,26393,0,,,2,100,,26397,0,,,2,100,,26389,0,,,2,97,,26400,0,,,2,103,,26401,0,,,2,100,,26390,0,,,2,100,,26398,0,,,2,100,,26387,0,,,2,100,,26402,0,,,2,100,,26399,0,,,2,100,,26403,0,,,2,100,,26404,0,,,2
2000,'SA',610,,26422,0,,,2,100,,5701,0,,,2,100,,26414,0,,,2,100,,26408,0,,,2,100,,26410,0,,,2,100,,26409,0,,,2,100,,26417,0,,,2,100,,26411,0,,,2,100,,26412,0,,,2,100,,26421,0,,,2,96,,26418,0,,,2,104,,26419,0,,,2,104,,26420,0,,,2,96,,26406,0,,,2,100,,26415,0,,,2,100,,26413,0,,,2,100,,26405,0,,,2,100,,26423,0,,,2,100,,26416,0,,,2,100,,26407,0,,,2
2000,'SE',531,,45423,0,,,2,20,,45444,0,,,2,65,,45421,0,,,2,20,,45438,0,,,2,16,,45446,0,,,2,52,,45447,0,,,2,11,,45448,0,,,2,17,,45449,0,,,2,21,,45450,0,,,2,73,,45451,0,,,2,30,,45452,0,,,2,73,,45441,0,,,2,72,,45406,0,,,2,30,,45411,0,,,2,70,,45419,0,,,2,30,,45424,0,,,2,70,,45414,0,,,2,30,,45412,0,,,2,70,,45420,0,,,2,30,,45442,0,,,2,70,,45415,0,,,2,30,,45413,0,,,2,28,,45418,0,,,2,63,,45426,0,,,2,15,,45434,0,,,2,15,,45407,0,,,2,55,,45439,0,,,2,15,,45409,0,,,2,13,,45436,0,,,2,17,,45435,0,,,2,56,,45408,0,,,2,14,,45427,0,,,2,14,,45410,0,,,2,14,,45437,0,,,2,53,,45425,0,,,2,13,,45428,0,,,2,15,,45440,0,,,2,70,,45417,0,,,2,30,,45429,0,,,2,70,,45432,0,,,2,30,,45422,0,,,2,70,,45445,0,,,2,30,,45430,0,,,2,100,,45433,0,,,2,100,,45431,0,,,2,100,,45416,0,,,2,100,,45443,0,,,2
2001,'DI',608,,26482,15111,4,,2,100,,26476,15111,4,,2,100,,26479,15111,4,,2,100,,26483,15111,4,,2,100,,26474,15111,4,,2,100,,26480,15111,4,,2,97,,26484,15111,4,,2,103,,26485,15111,4,,2,100,,26481,15111,4,,2,100,,26486,15111,4,,2,100,,26477,15111,4,,2,97,,26489,15111,4,,2,103,,26490,15111,4,,2,100,,26478,15111,4,,2,100,,26487,15111,4,,2,100,,26475,15111,4,,2,100,,26491,15111,4,,2,100,,26488,15111,4,,2,100,,26492,15111,4,,2
2001,'F1',608,,45461,15111,4,,2,100,,45455,15111,4,,2,100,,45458,15111,4,,2,100,,45462,15111,4,,2,100,,45453,15111,4,,2,100,,45459,15111,4,,2,97,,45463,15111,4,,2,103,,45464,15111,4,,2,100,,45460,15111,4,,2,100,,45465,15111,4,,2,100,,45456,15111,4,,2,97,,45468,15111,4,,2,103,,45469,15111,4,,2,100,,45457,15111,4,,2,100,,45466,15111,4,,2,100,,45454,15111,4,,2,100,,45470,15111,4,,2,100,,45467,15111,4,,2,100,,45471,15111,4,,2
2001,'F2',609,,45490,15111,4,,2,100,,45492,15111,4,,2,100,,45485,15111,4,,2,100,,45482,15111,4,,2,100,,45476,15111,4,,2,100,,45478,15111,4,,2,100,,45477,15111,4,,2,100,,45486,15111,4,,2,100,,45479,15111,4,,2,100,,45480,15111,4,,2,100,,45491,15111,4,,2,96,,45487,15111,4,,2,104,,45488,15111,4,,2,104,,45489,15111,4,,2,96,,45474,15111,4,,2,100,,45483,15111,4,,2,100,,45481,15111,4,,2,100,,45473,15111,4,,2,100,,45493,15111,4,,2,100,,45484,15111,4,,2
2001,'F8',609,,26606,15111,4,,2,100,,26608,15111,4,,2,100,,26601,15111,4,,2,100,,26598,15111,4,,2,100,,26592,15111,4,,2,100,,26594,15111,4,,2,100,,26593,15111,4,,2,100,,26602,15111,4,,2,100,,26595,15111,4,,2,100,,26596,15111,4,,2,100,,26607,15111,4,,2,96,,26603,15111,4,,2,104,,26604,15111,4,,2,104,,26605,15111,4,,2,96,,26590,15111,4,,2,100,,26599,15111,4,,2,100,,26597,15111,4,,2,100,,26589,15111,4,,2,100,,26609,15111,4,,2,100,,26600,15111,4,,2
2001,'F9',608,,26618,15111,4,,2,100,,26612,15111,4,,2,100,,26615,15111,4,,2,100,,26619,15111,4,,2,100,,26610,15111,4,,2,100,,26616,15111,4,,2,97,,26620,15111,4,,2,103,,26621,15111,4,,2,100,,26617,15111,4,,2,100,,26622,15111,4,,2,100,,26613,15111,4,,2,97,,26625,15111,4,,2,103,,26626,15111,4,,2,100,,26614,15111,4,,2,100,,26623,15111,4,,2,100,,26611,15111,4,,2,100,,26627,15111,4,,2,100,,26624,15111,4,,2,100,,26628,15111,4,,2
2001,'SA',609,,26646,15111,4,,2,100,,26648,15111,4,,2,100,,5908,15111,4,,2,100,,26639,15111,4,,2,100,,26633,15111,4,,2,100,,26635,15111,4,,2,100,,26634,15111,4,,2,100,,26642,15111,4,,2,100,,26636,15111,4,,2,100,,26637,15111,4,,2,100,,26647,15111,4,,2,96,,26643,15111,4,,2,104,,26644,15111,4,,2,104,,26645,15111,4,,2,96,,26631,15111,4,,2,100,,26640,15111,4,,2,100,,26638,15111,4,,2,100,,26630,15111,4,,2,100,,26649,15111,4,,2,100,,26641,15111,4,,2
2001,'SE',556,,45511,15111,4,,2,76,,45513,15111,4,,2,20,,45543,15111,4,,2,57,,45510,15111,4,,2,10,,45509,15111,4,,2,10,,45538,15111,4,,2,10,,45534,15111,4,,2,10,,45542,15111,4,,2,10,,45514,15111,4,,2,54,,45515,15111,4,,2,11,,45516,15111,4,,2,15,,45517,15111,4,,2,61,,45518,15111,4,,2,31,,45527,15111,4,,2,70,,45539,15111,4,,2,30,,45537,15111,4,,2,71,,45494,15111,4,,2,30,,45499,15111,4,,2,70,,45507,15111,4,,2,30,,45519,15111,4,,2,70,,45502,15111,4,,2,30,,45500,15111,4,,2,70,,45508,15111,4,,2,30,,45540,15111,4,,2,70,,45503,15111,4,,2,30,,45501,15111,4,,2,73,,45506,15111,4,,2,23,,45521,15111,4,,2,15,,45530,15111,4,,2,15,,45495,15111,4,,2,55,,45535,15111,4,,2,15,,45497,15111,4,,2,11,,45532,15111,4,,2,18,,45531,15111,4,,2,56,,45496,15111,4,,2,12,,45522,15111,4,,2,14,,45498,15111,4,,2,12,,45533,15111,4,,2,53,,45520,15111,4,,2,13,,45523,15111,4,,2,15,,45536,15111,4,,2,68,,45505,15111,4,,2,30,,45524,15111,4,,2,70,,45528,15111,4,,2,30,,45512,15111,4,,2,70,,45544,15111,4,,2,30,,45525,15111,4,,2,100,,45529,15111,4,,2,100,,45526,15111,4,,2,100,,45504,15111,4,,2
5400,'DI',650,,31627,0,,,1,100,,31620,0,,,1,100,,31614,0,,,1,100,,31621,0,,,1,100,,31615,0,,,1,100,,31602,0,,,1,70,,31624,0,,,1,30,,31625,0,,,1,70,,31603,0,,,1,30,,31616,0,,,1,70,,31607,0,,,1,30,,31626,0,,,1,70,,31622,0,,,1,30,,31613,0,,,1,70,,31617,0,,,1,30,,31618,0,,,1,70,,31608,0,,,1,33,,31623,0,,,1,74,,31619,0,,,1,26,,31604,0,,,1,100,,31605,0,,,1,100,,31606,0,,,1,100,,31609,0,,,1,100,,31610,0,,,1,100,,31611,0,,,1,100,,31612,0,,,1
5400,'F1',650,,47522,0,,,1,100,,47515,0,,,1,100,,47509,0,,,1,100,,47516,0,,,1,100,,47510,0,,,1,100,,47497,0,,,1,70,,47519,0,,,1,30,,47520,0,,,1,70,,47498,0,,,1,30,,47511,0,,,1,70,,47502,0,,,1,30,,47521,0,,,1,70,,47517,0,,,1,30,,47508,0,,,1,70,,47512,0,,,1,30,,47513,0,,,1,70,,47503,0,,,1,33,,47518,0,,,1,74,,47514,0,,,1,26,,47499,0,,,1,100,,47500,0,,,1,100,,47501,0,,,1,100,,47504,0,,,1,100,,47505,0,,,1,100,,47506,0,,,1,100,,47507,0,,,1
5400,'F2',650,,47536,0,,,1,70,,47544,0,,,1,30,,47539,0,,,1,70,,47538,0,,,1,30,,47537,0,,,1,72,,47528,0,,,1,28,,47526,0,,,1,70,,47545,0,,,1,30,,47534,0,,,1,70,,47527,0,,,1,30,,47529,0,,,1,70,,47535,0,,,1,30,,47546,0,,,1,70,,47530,0,,,1,30,,47540,0,,,1,70,,47547,0,,,1,30,,47523,0,,,1,70,,47541,0,,,1,30,,47531,0,,,1,70,,47524,0,,,1,30,,47542,0,,,1,70,,47532,0,,,1,33,,47525,0,,,1,70,,47543,0,,,1,30,,47533,0,,,1,100,,47548,0,,,1,100,,47549,0,,,1,100,,47550,0,,,1,100,,47551,0,,,1,100,,47552,0,,,1,100,,47553,0,,,1
5400,'F8',650,,31737,0,,,1,70,,31745,0,,,1,30,,31740,0,,,1,70,,31739,0,,,1,30,,31738,0,,,1,72,,31729,0,,,1,28,,31727,0,,,1,70,,31746,0,,,1,30,,31735,0,,,1,70,,31728,0,,,1,30,,31730,0,,,1,70,,31736,0,,,1,30,,31747,0,,,1,70,,31731,0,,,1,30,,31741,0,,,1,70,,31748,0,,,1,30,,31724,0,,,1,70,,31742,0,,,1,30,,31732,0,,,1,70,,31725,0,,,1,30,,31743,0,,,1,70,,31733,0,,,1,33,,31726,0,,,1,70,,31744,0,,,1,30,,31734,0,,,1,100,,31749,0,,,1,100,,31750,0,,,1,100,,31751,0,,,1,100,,31752,0,,,1,100,,31753,0,,,1,100,,31754,0,,,1
5400,'F9',650,,31780,0,,,1,100,,31773,0,,,1,100,,31767,0,,,1,100,,31774,0,,,1,100,,31768,0,,,1,100,,31755,0,,,1,70,,31777,0,,,1,30,,31778,0,,,1,70,,31756,0,,,1,30,,31769,0,,,1,70,,31760,0,,,1,30,,31779,0,,,1,70,,31775,0,,,1,30,,31766,0,,,1,70,,31770,0,,,1,30,,31771,0,,,1,70,,31761,0,,,1,33,,31776,0,,,1,74,,31772,0,,,1,26,,31757,0,,,1,100,,31758,0,,,1,100,,31759,0,,,1,100,,31762,0,,,1,100,,31763,0,,,1,100,,31764,0,,,1,100,,31765,0,,,1
5400,'SA',650,,31794,0,,,1,70,,31802,0,,,1,30,,31797,0,,,1,70,,31796,0,,,1,30,,31795,0,,,1,72,,31786,0,,,1,28,,31784,0,,,1,70,,10589,0,,,1,30,,31792,0,,,1,70,,31785,0,,,1,30,,31787,0,,,1,70,,31793,0,,,1,30,,31803,0,,,1,70,,31788,0,,,1,30,,31798,0,,,1,70,,10591,0,,,1,30,,31781,0,,,1,70,,31799,0,,,1,30,,31789,0,,,1,70,,31782,0,,,1,30,,31800,0,,,1,70,,31790,0,,,1,33,,31783,0,,,1,70,,31801,0,,,1,30,,31791,0,,,1,100,,31804,0,,,1,100,,31805,0,,,1,100,,31806,0,,,1,100,,31807,0,,,1,100,,31808,0,,,1,100,,31809,0,,,1
5400,'SE',643,,47583,0,,,1,74,,47576,0,,,1,29,,47566,0,,,1,74,,47578,0,,,1,32,,47579,0,,,1,70,,47560,0,,,1,30,,47585,0,,,1,70,,47572,0,,,1,30,,47565,0,,,1,70,,47554,0,,,1,29,,47562,0,,,1,70,,47557,0,,,1,31,,47577,0,,,1,70,,47567,0,,,1,30,,47561,0,,,1,70,,47556,0,,,1,26,,47584,0,,,1,67,,47582,0,,,1,30,,47570,0,,,1,70,,47587,0,,,1,34,,47564,0,,,1,64,,47558,0,,,1,35,,47571,0,,,1,68,,47563,0,,,1,35,,47581,0,,,1,71,,47568,0,,,1,30,,47580,0,,,1,70,,47575,0,,,1,30,,47573,0,,,1,70,,47586,0,,,1,28,,47555,0,,,1,100,,47569,0,,,1,100,,47559,0,,,1,100,,47574,0,,,1
5401,'DI',634,,31846,9709,4,,1,100,,31863,9709,4,,1,100,,31858,9709,4,,1,103,,31864,9709,4,,1,104,,31859,9709,4,,1,100,,31844,9709,4,,1,102,,31868,9709,4,,1,70,,31845,9709,4,,1,30,,31867,9709,4,,1,70,,31869,9709,4,,1,30,,31856,9709,4,,1,70,,31865,9709,4,,1,29,,31857,9709,4,,1,71,,31860,9709,4,,1,29,,31861,9709,4,,1,71,,31851,9709,4,,1,29,,31866,9709,4,,1,69,,31862,9709,4,,1,30,,31847,9709,4,,1,71,,31852,9709,4,,1,35,,31848,9709,4,,1,100,,31849,9709,4,,1,100,,31850,9709,4,,1,100,,31853,9709,4,,1,100,,31854,9709,4,,1,99,,31855,9709,4,,1
5401,'F1',634,,47590,9709,4,,1,100,,47607,9709,4,,1,100,,47602,9709,4,,1,103,,47608,9709,4,,1,104,,47603,9709,4,,1,100,,47588,9709,4,,1,102,,47612,9709,4,,1,70,,47589,9709,4,,1,30,,47611,9709,4,,1,70,,47613,9709,4,,1,30,,47600,9709,4,,1,70,,47609,9709,4,,1,29,,47601,9709,4,,1,71,,47604,9709,4,,1,29,,47605,9709,4,,1,71,,47595,9709,4,,1,29,,47610,9709,4,,1,69,,47606,9709,4,,1,30,,47591,9709,4,,1,71,,47596,9709,4,,1,35,,47592,9709,4,,1,100,,47593,9709,4,,1,100,,47594,9709,4,,1,100,,47597,9709,4,,1,100,,47598,9709,4,,1,99,,47599,9709,4,,1
5401,'F2',635,,47628,9709,4,,1,70,,47637,9709,4,,1,30,,47632,9709,4,,1,70,,47631,9709,4,,1,30,,47629,9709,4,,1,72,,47619,9709,4,,1,32,,47617,9709,4,,1,71,,47638,9709,4,,1,30,,47630,9709,4,,1,70,,47618,9709,4,,1,32,,47620,9709,4,,1,70,,47627,9709,4,,1,31,,47639,9709,4,,1,71,,47621,9709,4,,1,30,,47633,9709,4,,1,70,,47640,9709,4,,1,30,,47614,9709,4,,1,65,,47634,9709,4,,1,34,,47622,9709,4,,1,70,,47615,9709,4,,1,31,,47635,9709,4,,1,70,,47623,9709,4,,1,30,,47616,9709,4,,1,68,,47636,9709,4,,1,30,,47625,9709,4,,1,70,,47624,9709,4,,1,35,,47626,9709,4,,1,100,,47641,9709,4,,1,100,,47642,9709,4,,1,100,,47643,9709,4,,1,100,,47644,9709,4,,1,99,,47645,9709,4,,1,100,,47646,9709,4,,1
5401,'F8',635,,31986,9709,4,,1,70,,31995,9709,4,,1,30,,31990,9709,4,,1,70,,31989,9709,4,,1,30,,31987,9709,4,,1,72,,31977,9709,4,,1,32,,31975,9709,4,,1,71,,31996,9709,4,,1,30,,31988,9709,4,,1,70,,31976,9709,4,,1,32,,31978,9709,4,,1,70,,31985,9709,4,,1,31,,31997,9709,4,,1,71,,31979,9709,4,,1,30,,31991,9709,4,,1,70,,31998,9709,4,,1,30,,31972,9709,4,,1,65,,31992,9709,4,,1,34,,31980,9709,4,,1,70,,31973,9709,4,,1,31,,31993,9709,4,,1,70,,31981,9709,4,,1,30,,31974,9709,4,,1,68,,31994,9709,4,,1,30,,31983,9709,4,,1,70,,31982,9709,4,,1,35,,31984,9709,4,,1,100,,31999,9709,4,,1,100,,32000,9709,4,,1,100,,32001,9709,4,,1,100,,32002,9709,4,,1,99,,32003,9709,4,,1,100,,32004,9709,4,,1
5401,'F9',634,,32007,9709,4,,1,100,,32024,9709,4,,1,100,,32019,9709,4,,1,103,,32025,9709,4,,1,104,,32020,9709,4,,1,100,,32005,9709,4,,1,102,,32029,9709,4,,1,70,,32006,9709,4,,1,30,,32028,9709,4,,1,70,,32030,9709,4,,1,30,,32017,9709,4,,1,70,,32026,9709,4,,1,29,,32018,9709,4,,1,71,,32021,9709,4,,1,29,,32022,9709,4,,1,71,,32012,9709,4,,1,29,,32027,9709,4,,1,69,,32023,9709,4,,1,30,,32008,9709,4,,1,71,,32013,9709,4,,1,35,,32009,9709,4,,1,100,,32010,9709,4,,1,100,,32011,9709,4,,1,100,,32014,9709,4,,1,100,,32015,9709,4,,1,99,,32016,9709,4,,1
5401,'SA',635,,32045,9709,4,,1,70,,32054,9709,4,,1,30,,32049,9709,4,,1,70,,32048,9709,4,,1,30,,32046,9709,4,,1,72,,32036,9709,4,,1,32,,32034,9709,4,,1,71,,10810,9709,4,,1,30,,32047,9709,4,,1,70,,32035,9709,4,,1,32,,32037,9709,4,,1,70,,32044,9709,4,,1,31,,32055,9709,4,,1,71,,32038,9709,4,,1,30,,32050,9709,4,,1,70,,10812,9709,4,,1,30,,32031,9709,4,,1,65,,32051,9709,4,,1,34,,32039,9709,4,,1,70,,32032,9709,4,,1,31,,32052,9709,4,,1,70,,32040,9709,4,,1,30,,32033,9709,4,,1,68,,32053,9709,4,,1,30,,32042,9709,4,,1,70,,32041,9709,4,,1,35,,32043,9709,4,,1,100,,32056,9709,4,,1,100,,32057,9709,4,,1,100,,32058,9709,4,,1,100,,32059,9709,4,,1,99,,32060,9709,4,,1,100,,32061,9709,4,,1
5401,'SE',621,,47667,9709,4,,1,30,,47656,9709,4,,1,70,,47657,9709,4,,1,36,,47675,9709,4,,1,65,,47677,9709,4,,1,30,,47661,9709,4,,1,74,,47673,9709,4,,1,29,,47674,9709,4,,1,70,,47653,9709,4,,1,30,,47680,9709,4,,1,70,,47668,9709,4,,1,30,,47660,9709,4,,1,70,,47647,9709,4,,1,30,,47655,9709,4,,1,70,,47651,9709,4,,1,31,,47672,9709,4,,1,70,,47662,9709,4,,1,30,,47654,9709,4,,1,74,,47649,9709,4,,1,28,,47679,9709,4,,1,69,,47650,9709,4,,1,73,,47665,9709,4,,1,20,,47682,9709,4,,1,34,,47659,9709,4,,1,61,,47652,9709,4,,1,35,,47666,9709,4,,1,70,,47658,9709,4,,1,33,,47678,9709,4,,1,69,,47663,9709,4,,1,28,,47676,9709,4,,1,68,,47671,9709,4,,1,30,,47669,9709,4,,1,99,,47648,9709,4,,1,100,,47664,9709,4,,1,100,,47681,9709,4,,1,100,,47670,9709,4,,1
12000,'SE',557,,49889,0,,,2,66,,49892,0,,,2,77,,49888,0,,,2,29,,49890,0,,,2,27,,49891,0,,,2,844,,49896,0,,,2,30,,49893,0,,,2,75,,49895,0,,,2,25,,49897,0,,,2,29,,49898,0,,,2,68,,49894,0,,,2
12001,'SE',622,,49901,11348,4,,2,31,,49902,11348,4,,2,66,,49906,11348,4,,2,39,,49899,11348,4,,2,69,,49903,11348,4,,2,32,,49905,11348,4,,2,796,,49907,11348,4,,2,71,,49900,11348,4,,2,74,,49904,11348,4,,2,22,,49908,11348,4,,2,28,,49909,11348,4,,2
12500,'SE',743,,50066,0,0,10 3 11,2,57,,50068,0,0,10 3 11,2,20,,50064,0,0,10 3 11,2,10,,50067,0,0,10 3 11,2,14,,50069,0,0,10 3 11,2,7,,50070,0,0,10 3 11,2,55,,50065,0,0,10 3 11,2,19,,50062,0,0,10 3 11,2,27,,50063,0,0,10 3 11,2
12501,'SE',1602,,50075,6457,4,,2,12,,50074,6457,4,,2,9,,50072,6457,4,,2,13,,50076,6457,4,,2,14,,50071,6457,4,,2,3,,50073,6457,4,,2,50,,50077,6457,4,,2
