100,'DI',649,,20128,551,0,14,1,100,,20129,551,0,14,1,100,,20130,551,0,14,1,100,,20131,551,0,14,1,100,,20132,551,0,14,1,100,,20133,551,0,14,1,100,,20134,551,0,14,1,100,,20135,551,0,14,1,100,,20136,551,0,14,1,98,,20138,551,0,14,1,100,,20139,551,0,14,1,100,,20140,551,0,14,1,100,,20141,551,0,14,1,100,,20142,551,0,14,1,100,,20143,551,0,14,1,100,,20144,551,0,14,1,100,,20145,551,0,14,1,100,,20148,551,0,14,1,100,,20146,551,0,14,1,100,,20147,551,0,14,1
100,'F1',649,,42996,551,0,14,1,100,,42997,551,0,14,1,100,,42998,551,0,14,1,100,,42999,551,0,14,1,100,,43000,551,0,14,1,100,,43001,551,0,14,1,100,,43002,551,0,14,1,100,,43003,551,0,14,1,100,,43004,551,0,14,1,98,,43006,551,0,14,1,100,,43007,551,0,14,1,100,,43008,551,0,14,1,100,,43009,551,0,14,1,100,,43010,551,0,14,1,100,,43011,551,0,14,1,100,,43012,551,0,14,1,100,,43013,551,0,14,1,100,,43016,551,0,14,1,100,,43014,551,0,14,1,100,,43015,551,0,14,1
100,'F2',619,,43039,551,0,14,1,30,,43028,551,0,14,1,70,,43040,551,0,14,1,30,,43029,551,0,14,1,70,,43041,551,0,14,1,30,,43030,551,0,14,1,70,,43043,551,0,14,1,30,,43031,551,0,14,1,70,,43044,551,0,14,1,30,,43032,551,0,14,1,70,,43045,551,0,14,1,30,,43033,551,0,14,1,70,,43046,551,0,14,1,30,,43034,551,0,14,1,70,,43050,551,0,14,1,30,,43035,551,0,14,1,70,,43051,551,0,14,1,30,,43036,551,0,14,1,68,,43047,551,0,14,1,30,,43017,551,0,14,1,70,,43048,551,0,14,1,30,,43018,551,0,14,1,70,,43049,551,0,14,1,30,,43019,551,0,14,1,70,,43038,551,0,14,1,30,,43020,551,0,14,1,100,,43021,551,0,14,1,100,,43022,551,0,14,1,100,,43023,551,0,14,1,100,,43024,551,0,14,1,100,,43025,551,0,14,1,100,,43026,551,0,14,1,100,,43027,551,0,14,1
100,'F8',619,,20280,551,0,14,1,30,,20269,551,0,14,1,70,,20281,551,0,14,1,30,,20270,551,0,14,1,70,,20282,551,0,14,1,30,,20271,551,0,14,1,70,,20284,551,0,14,1,30,,20272,551,0,14,1,70,,20285,551,0,14,1,30,,20273,551,0,14,1,70,,20286,551,0,14,1,30,,20274,551,0,14,1,70,,20287,551,0,14,1,30,,20275,551,0,14,1,70,,20291,551,0,14,1,30,,20276,551,0,14,1,70,,20292,551,0,14,1,30,,20277,551,0,14,1,68,,20288,551,0,14,1,30,,20258,551,0,14,1,70,,20289,551,0,14,1,30,,20259,551,0,14,1,70,,20290,551,0,14,1,30,,20260,551,0,14,1,70,,20279,551,0,14,1,30,,20261,551,0,14,1,100,,20262,551,0,14,1,100,,20263,551,0,14,1,100,,20264,551,0,14,1,100,,20265,551,0,14,1,100,,20266,551,0,14,1,100,,20267,551,0,14,1,100,,20268,551,0,14,1
100,'F9',649,,20293,551,0,14,1,100,,20294,551,0,14,1,100,,20295,551,0,14,1,100,,20296,551,0,14,1,100,,20297,551,0,14,1,100,,20298,551,0,14,1,100,,20299,551,0,14,1,100,,20300,551,0,14,1,100,,20301,551,0,14,1,98,,20303,551,0,14,1,100,,20304,551,0,14,1,100,,20305,551,0,14,1,100,,20306,551,0,14,1,100,,20307,551,0,14,1,100,,20308,551,0,14,1,100,,20309,551,0,14,1,100,,20310,551,0,14,1,100,,20313,551,0,14,1,100,,20311,551,0,14,1,100,,20312,551,0,14,1
100,'SA',619,,20325,551,0,14,1,30,,20314,551,0,14,1,70,,20326,551,0,14,1,30,,20315,551,0,14,1,70,,20327,551,0,14,1,30,,20316,551,0,14,1,70,,20329,551,0,14,1,30,,20317,551,0,14,1,70,,20330,551,0,14,1,30,,20318,551,0,14,1,70,,20331,551,0,14,1,30,,20319,551,0,14,1,70,,20332,551,0,14,1,30,,20320,551,0,14,1,70,,20336,551,0,14,1,30,,20321,551,0,14,1,70,,20337,551,0,14,1,30,,20322,551,0,14,1,68,,20333,551,0,14,1,30,,164,551,0,14,1,70,,20334,551,0,14,1,30,,165,551,0,14,1,70,,20335,551,0,14,1,30,,166,551,0,14,1,70,,20324,551,0,14,1,30,,167,551,0,14,1,100,,168,551,0,14,1,100,,169,551,0,14,1,100,,170,551,0,14,1,100,,171,551,0,14,1,100,,172,551,0,14,1,100,,173,551,0,14,1,100,,174,551,0,14,1
100,'SE',542,,43086,551,0,14,1,76,,43090,551,0,14,1,29,,43087,551,0,14,1,75,,43052,551,0,14,1,26,,43072,551,0,14,1,75,,43065,551,0,14,1,80,,43064,551,0,14,1,31,,43067,551,0,14,1,70,,43082,551,0,14,1,30,,43061,551,0,14,1,70,,43095,551,0,14,1,30,,43053,551,0,14,1,70,,43080,551,0,14,1,30,,43075,551,0,14,1,70,,43074,551,0,14,1,30,,43094,551,0,14,1,70,,43054,551,0,14,1,30,,43096,551,0,14,1,70,,43076,551,0,14,1,18,,43088,551,0,14,1,21,,43083,551,0,14,1,15,,43062,551,0,14,1,59,,43069,551,0,14,1,12,,43098,551,0,14,1,18,,43084,551,0,14,1,12,,20368,551,0,14,1,54,,43063,551,0,14,1,15,,43100,551,0,14,1,15,,43070,551,0,14,1,15,,43089,551,0,14,1,55,,43066,551,0,14,1,20,,43093,551,0,14,1,70,,43097,551,0,14,1,30,,43092,551,0,14,1,70,,43091,551,0,14,1,30,,43055,551,0,14,1,70,,43079,551,0,14,1,30,,43056,551,0,14,1,100,,43057,551,0,14,1,100,,43058,551,0,14,1,100,,43059,551,0,14,1,99,,43060,551,0,14,1
600,'DI',627,,22284,766,,,1,30,,22276,766,,,1,70,,22272,766,,,1,31,,22283,766,,,1,70,,22269,766,,,1,30,,22261,766,,,1,71,,22273,766,,,1,30,,22280,766,,,1,70,,22257,766,,,1,29,,1973,766,,,1,71,,22265,766,,,1,28,,22258,766,,,1,70,,22262,766,,,1,74,,22268,766,,,1,29,,22259,766,,,1,70,,22270,766,,,1,27,,22266,766,,,1,73,,22263,766,,,1,30,,22274,766,,,1,29,,22285,766,,,1,71,,22277,766,,,1,27,,22275,766,,,1,70,,22286,766,,,1,30,,22278,766,,,1,70,,22260,766,,,1,31,,22267,766,,,1,144,,22281,766,,,1,100,,22271,766,,,1,100,,22264,766,,,1,100,,22256,766,,,1,100,,22279,766,,,1,100,,22282,766,,,1
600,'F1',627,,43870,766,,,1,30,,43862,766,,,1,70,,43858,766,,,1,31,,43869,766,,,1,70,,43855,766,,,1,30,,43846,766,,,1,71,,43859,766,,,1,30,,43866,766,,,1,70,,43842,766,,,1,29,,43847,766,,,1,71,,43851,766,,,1,28,,43843,766,,,1,70,,43848,766,,,1,74,,43854,766,,,1,29,,43844,766,,,1,70,,43856,766,,,1,27,,43852,766,,,1,73,,43849,766,,,1,30,,43860,766,,,1,29,,43871,766,,,1,71,,43863,766,,,1,27,,43861,766,,,1,70,,43872,766,,,1,30,,43864,766,,,1,70,,43845,766,,,1,31,,43853,766,,,1,144,,43867,766,,,1,100,,43857,766,,,1,100,,43850,766,,,1,100,,43841,766,,,1,100,,43865,766,,,1,100,,43868,766,,,1
600,'F2',627,,43904,766,,,1,31,,43893,766,,,1,69,,43889,766,,,1,30,,43886,766,,,1,74,,43890,766,,,1,26,,43894,766,,,1,75,,43903,766,,,1,23,,43891,766,,,1,72,,43900,766,,,1,29,,43887,766,,,1,70,,43880,766,,,1,76,,43888,766,,,1,30,,43881,766,,,1,27,,43873,766,,,1,71,,43895,766,,,1,27,,43882,766,,,1,70,,43874,766,,,1,30,,43896,766,,,1,70,,43883,766,,,1,30,,43875,766,,,1,70,,43897,766,,,1,30,,43884,766,,,1,70,,43876,766,,,1,30,,43898,766,,,1,70,,43885,766,,,1,30,,43901,766,,,1,145,,43892,766,,,1,100,,43877,766,,,1,100,,43879,766,,,1,100,,43902,766,,,1,100,,43899,766,,,1,100,,43878,766,,,1
600,'F8',627,,22417,766,,,1,31,,22406,766,,,1,69,,22402,766,,,1,30,,22399,766,,,1,74,,22403,766,,,1,26,,22407,766,,,1,75,,22416,766,,,1,23,,22404,766,,,1,72,,22413,766,,,1,29,,22400,766,,,1,70,,22393,766,,,1,76,,22401,766,,,1,30,,22394,766,,,1,27,,22386,766,,,1,71,,22408,766,,,1,27,,22395,766,,,1,70,,22387,766,,,1,30,,22409,766,,,1,70,,22396,766,,,1,30,,22388,766,,,1,70,,22410,766,,,1,30,,22397,766,,,1,70,,22389,766,,,1,30,,22411,766,,,1,70,,22398,766,,,1,30,,22414,766,,,1,145,,22405,766,,,1,100,,22390,766,,,1,100,,22392,766,,,1,100,,22415,766,,,1,100,,22412,766,,,1,100,,22391,766,,,1
600,'F9',627,,22447,766,,,1,30,,22439,766,,,1,70,,22435,766,,,1,31,,22446,766,,,1,70,,22432,766,,,1,30,,22423,766,,,1,71,,22436,766,,,1,30,,22443,766,,,1,70,,22419,766,,,1,29,,22424,766,,,1,71,,22428,766,,,1,28,,22420,766,,,1,70,,22425,766,,,1,74,,22431,766,,,1,29,,22421,766,,,1,70,,22433,766,,,1,27,,22429,766,,,1,73,,22426,766,,,1,30,,22437,766,,,1,29,,22448,766,,,1,71,,22440,766,,,1,27,,22438,766,,,1,70,,22449,766,,,1,30,,22441,766,,,1,70,,22422,766,,,1,31,,22430,766,,,1,144,,22444,766,,,1,100,,22434,766,,,1,100,,22427,766,,,1,100,,22418,766,,,1,100,,22442,766,,,1,100,,22445,766,,,1
600,'SA',627,,22481,766,,,1,31,,22470,766,,,1,69,,22466,766,,,1,30,,22463,766,,,1,74,,22467,766,,,1,26,,22471,766,,,1,75,,22480,766,,,1,23,,22468,766,,,1,72,,22477,766,,,1,29,,22464,766,,,1,70,,22457,766,,,1,76,,22465,766,,,1,30,,22458,766,,,1,27,,22450,766,,,1,71,,22472,766,,,1,27,,22459,766,,,1,70,,22451,766,,,1,30,,22473,766,,,1,70,,22460,766,,,1,30,,22452,766,,,1,70,,22474,766,,,1,30,,22461,766,,,1,70,,22453,766,,,1,30,,22475,766,,,1,70,,22462,766,,,1,30,,22478,766,,,1,145,,22469,766,,,1,100,,22454,766,,,1,100,,22456,766,,,1,100,,22479,766,,,1,100,,22476,766,,,1,100,,22455,766,,,1
600,'SE',539,,43911,766,,,1,70,,43936,766,,,1,30,,43917,766,,,1,70,,43937,766,,,1,30,,43916,766,,,1,67,,43931,766,,,1,33,,43932,766,,,1,70,,43922,766,,,1,30,,43924,766,,,1,70,,43906,766,,,1,30,,43940,766,,,1,70,,43918,766,,,1,30,,43929,766,,,1,70,,43934,766,,,1,30,,43919,766,,,1,70,,43912,766,,,1,30,,43925,766,,,1,70,,43930,766,,,1,28,,43905,766,,,1,72,,43920,766,,,1,30,,43913,766,,,1,69,,43939,766,,,1,37,,43935,766,,,1,65,,43910,766,,,1,30,,43909,766,,,1,69,,43938,766,,,1,30,,43915,766,,,1,70,,43928,766,,,1,30,,43914,766,,,1,70,,43927,766,,,1,30,,43921,766,,,1,70,,43933,766,,,1,100,,43923,766,,,1,100,,43907,766,,,1,100,,43908,766,,,1,100,,43926,766,,,1
1300,'DI',650,,3422,766,,,1,100,,23867,766,,,1,100,,3423,766,,,1,100,,23868,766,,,1,100,,3424,766,,,1,100,,23869,766,,,1,100,,3425,766,,,1,95,,23870,766,,,1,105,,23878,766,,,1,100,,23864,766,,,1,100,,23871,766,,,1,100,,23866,766,,,1,100,,23872,766,,,1,100,,23876,766,,,1,100,,23874,766,,,1,100,,23873,766,,,1,100,,23865,766,,,1,100,,23877,766,,,1,100,,23875,766,,,1
1300,'F1',650,,44457,766,,,1,100,,44462,766,,,1,100,,44458,766,,,1,100,,44463,766,,,1,100,,44459,766,,,1,100,,44464,766,,,1,100,,44460,766,,,1,95,,44465,766,,,1,105,,44473,766,,,1,100,,44455,766,,,1,100,,44466,766,,,1,100,,44461,766,,,1,100,,44467,766,,,1,100,,44471,766,,,1,100,,44469,766,,,1,100,,44468,766,,,1,100,,44456,766,,,1,100,,44472,766,,,1,100,,44470,766,,,1
1300,'F2',650,,44475,766,,,1,100,,44482,766,,,1,100,,44476,766,,,1,101,,44477,766,,,1,99,,44483,766,,,1,100,,44485,766,,,1,100,,44478,766,,,1,100,,44486,766,,,1,100,,44479,766,,,1,100,,44474,766,,,1,100,,44489,766,,,1,100,,44492,766,,,1,100,,44480,766,,,1,100,,44487,766,,,1,100,,44484,766,,,1,100,,44493,766,,,1,100,,44490,766,,,1,100,,44481,766,,,1,100,,44491,766,,,1,100,,44488,766,,,1
1300,'F8',650,,23961,766,,,1,100,,23968,766,,,1,100,,23962,766,,,1,101,,23963,766,,,1,99,,23969,766,,,1,100,,23971,766,,,1,100,,23964,766,,,1,100,,23972,766,,,1,100,,23965,766,,,1,100,,23960,766,,,1,100,,23975,766,,,1,100,,23978,766,,,1,100,,23966,766,,,1,100,,23973,766,,,1,100,,23970,766,,,1,100,,23979,766,,,1,100,,23976,766,,,1,100,,23967,766,,,1,100,,23977,766,,,1,100,,23974,766,,,1
1300,'F9',650,,23982,766,,,1,100,,23987,766,,,1,100,,23983,766,,,1,100,,23988,766,,,1,100,,23984,766,,,1,100,,23989,766,,,1,100,,23985,766,,,1,95,,23990,766,,,1,105,,23998,766,,,1,100,,23980,766,,,1,100,,23991,766,,,1,100,,23986,766,,,1,100,,23992,766,,,1,100,,23996,766,,,1,100,,23994,766,,,1,100,,23993,766,,,1,100,,23981,766,,,1,100,,23997,766,,,1,100,,23995,766,,,1
1300,'SA',650,,24000,766,,,1,100,,24007,766,,,1,100,,24001,766,,,1,101,,24002,766,,,1,99,,24008,766,,,1,100,,24010,766,,,1,100,,24003,766,,,1,100,,24011,766,,,1,100,,24004,766,,,1,100,,23999,766,,,1,100,,24014,766,,,1,100,,24017,766,,,1,100,,24005,766,,,1,100,,24012,766,,,1,100,,24009,766,,,1,100,,24018,766,,,1,100,,24015,766,,,1,100,,24006,766,,,1,100,,24016,766,,,1,100,,24013,766,,,1
1300,'SE',555,,44527,766,,,1,73,,44516,766,,,1,26,,44518,766,,,1,71,,44500,766,,,1,15,,44517,766,,,1,15,,44515,766,,,1,55,,44504,766,,,1,25,,44508,766,,,1,65,,44506,766,,,1,30,,44531,766,,,1,70,,44496,766,,,1,30,,44494,766,,,1,70,,44514,766,,,1,30,,44521,766,,,1,70,,44532,766,,,1,30,,44502,766,,,1,70,,44507,766,,,1,30,,44513,766,,,1,70,,44501,766,,,1,30,,44497,766,,,1,70,,44499,766,,,1,30,,44519,766,,,1,20,,44509,766,,,1,60,,44528,766,,,1,15,,44533,766,,,1,11,,44511,766,,,1,10,,44520,766,,,1,59,,44529,766,,,1,20,,44495,766,,,1,20,,44530,766,,,1,60,,44526,766,,,1,27,,44510,766,,,1,70,,44512,766,,,1,32,,44505,766,,,1,70,,44534,766,,,1,30,,44525,766,,,1,70,,44503,766,,,1,100,,44522,766,,,1,100,,44498,766,,,1,100,,44524,766,,,1,103,,44523,766,,,1
1400,'SE',936,,44631,551,,,1,100,,44636,551,,,1,100,,44635,551,,,1,100,,44630,551,,,1,100,,44627,551,,,1,100,,44632,551,,,1,108,,44634,551,,,1,13,,44638,551,,,1,58,,44633,551,,,1,15,,44641,551,,,1,18,,44629,551,,,1,60,,44637,551,,,1,21,,44639,551,,,1,20,,44640,551,,,1,69,,44628,551,,,1
1500,'DI',723,,24371,551,,,1,100,,24368,551,,,1,100,,24365,551,,,1,100,,24378,551,,,1,100,,24383,551,,,1,100,,24376,551,,,1,100,,24372,551,,,1,100,,24366,551,,,1,100,,24380,551,,,1,100,,24367,551,,,1,100,,24375,551,,,1,100,,24373,551,,,1,100,,24377,551,,,1,100,,24381,551,,,1,100,,24379,551,,,1,100,,24374,551,,,1,100,,24369,551,,,1,100,,24382,551,,,1,100,,24370,551,,,1
1500,'F1',723,,44676,551,,,1,100,,44673,551,,,1,100,,44670,551,,,1,100,,44683,551,,,1,100,,44688,551,,,1,100,,44681,551,,,1,100,,44677,551,,,1,100,,44671,551,,,1,100,,44685,551,,,1,100,,44672,551,,,1,100,,44680,551,,,1,100,,44678,551,,,1,100,,44682,551,,,1,100,,44686,551,,,1,100,,44684,551,,,1,100,,44679,551,,,1,100,,44674,551,,,1,100,,44687,551,,,1,100,,44675,551,,,1
1500,'F2',723,,44704,551,,,1,100,,44697,551,,,1,100,,44691,551,,,1,100,,44705,551,,,1,105,,44699,551,,,1,95,,44689,551,,,1,100,,44701,551,,,1,100,,44695,551,,,1,100,,44700,551,,,1,100,,44696,551,,,1,100,,44692,551,,,1,100,,44698,551,,,1,100,,44702,551,,,1,100,,44703,551,,,1,100,,44690,551,,,1,100,,44706,551,,,1,100,,44693,551,,,1,100,,44707,551,,,1,100,,44694,551,,,1
1500,'F8',723,,24474,551,,,1,100,,24467,551,,,1,100,,24461,551,,,1,100,,24475,551,,,1,105,,24469,551,,,1,95,,24459,551,,,1,100,,24471,551,,,1,100,,24465,551,,,1,100,,24470,551,,,1,100,,24466,551,,,1,100,,24462,551,,,1,100,,24468,551,,,1,100,,24472,551,,,1,100,,24473,551,,,1,100,,24460,551,,,1,100,,24476,551,,,1,100,,24463,551,,,1,100,,24477,551,,,1,100,,24464,551,,,1
1500,'F9',723,,24484,551,,,1,100,,24481,551,,,1,100,,24478,551,,,1,100,,24491,551,,,1,100,,24496,551,,,1,100,,24489,551,,,1,100,,24485,551,,,1,100,,24479,551,,,1,100,,24493,551,,,1,100,,24480,551,,,1,100,,24488,551,,,1,100,,24486,551,,,1,100,,24490,551,,,1,100,,24494,551,,,1,100,,24492,551,,,1,100,,24487,551,,,1,100,,24482,551,,,1,100,,24495,551,,,1,100,,24483,551,,,1
1500,'SA',723,,24512,551,,,1,100,,24505,551,,,1,100,,24499,551,,,1,100,,24513,551,,,1,105,,24507,551,,,1,95,,24497,551,,,1,100,,24509,551,,,1,100,,24503,551,,,1,100,,24508,551,,,1,100,,24504,551,,,1,100,,24500,551,,,1,100,,24506,551,,,1,100,,24510,551,,,1,100,,24511,551,,,1,100,,24498,551,,,1,100,,24514,551,,,1,100,,24501,551,,,1,100,,24515,551,,,1,100,,24502,551,,,1
1500,'SE',546,,44722,551,,,1,70,,44712,551,,,1,30,,44727,551,,,1,68,,44719,551,,,1,32,,44738,551,,,1,66,,44723,551,,,1,34,,44731,551,,,1,70,,44716,551,,,1,30,,44742,551,,,1,70,,44708,551,,,1,30,,44717,551,,,1,70,,44726,551,,,1,30,,44710,551,,,1,70,,44718,551,,,1,30,,44732,551,,,1,70,,44711,551,,,1,30,,44715,551,,,1,70,,44733,551,,,1,30,,44741,551,,,1,70,,44709,551,,,1,24,,44728,551,,,1,74,,44729,551,,,1,36,,44739,551,,,1,66,,44735,551,,,1,30,,44744,551,,,1,70,,44730,551,,,1,30,,44725,551,,,1,70,,44740,551,,,1,30,,44743,551,,,1,70,,44720,551,,,1,30,,44734,551,,,1,70,,44737,551,,,1,30,,44736,551,,,1,70,,44714,551,,,1,100,,44721,551,,,1,100,,44724,551,,,1,100,,44713,551,,,1
5400,'DI',651,,31627,823,,,1,100,,31620,823,,,1,100,,31614,823,,,1,100,,31621,823,,,1,100,,31615,823,,,1,100,,31602,823,,,1,70,,31624,823,,,1,30,,31625,823,,,1,70,,31603,823,,,1,30,,31616,823,,,1,70,,31607,823,,,1,30,,31626,823,,,1,70,,31622,823,,,1,30,,31613,823,,,1,70,,31617,823,,,1,30,,31618,823,,,1,70,,31608,823,,,1,33,,31623,823,,,1,74,,31619,823,,,1,26,,31604,823,,,1,100,,31605,823,,,1,100,,31606,823,,,1,100,,31609,823,,,1,100,,31610,823,,,1,100,,31611,823,,,1,100,,31612,823,,,1
5400,'F1',651,,47522,823,,,1,100,,47515,823,,,1,100,,47509,823,,,1,100,,47516,823,,,1,100,,47510,823,,,1,100,,47497,823,,,1,70,,47519,823,,,1,30,,47520,823,,,1,70,,47498,823,,,1,30,,47511,823,,,1,70,,47502,823,,,1,30,,47521,823,,,1,70,,47517,823,,,1,30,,47508,823,,,1,70,,47512,823,,,1,30,,47513,823,,,1,70,,47503,823,,,1,33,,47518,823,,,1,74,,47514,823,,,1,26,,47499,823,,,1,100,,47500,823,,,1,100,,47501,823,,,1,100,,47504,823,,,1,100,,47505,823,,,1,100,,47506,823,,,1,100,,47507,823,,,1
5400,'F2',651,,47536,823,,,1,70,,47544,823,,,1,30,,47539,823,,,1,70,,47538,823,,,1,30,,47537,823,,,1,72,,47528,823,,,1,28,,47526,823,,,1,70,,47545,823,,,1,30,,47534,823,,,1,70,,47527,823,,,1,30,,47529,823,,,1,70,,47535,823,,,1,30,,47546,823,,,1,70,,47530,823,,,1,30,,47540,823,,,1,70,,47547,823,,,1,30,,47523,823,,,1,70,,47541,823,,,1,30,,47531,823,,,1,70,,47524,823,,,1,30,,47542,823,,,1,70,,47532,823,,,1,33,,47525,823,,,1,70,,47543,823,,,1,30,,47533,823,,,1,100,,47548,823,,,1,100,,47549,823,,,1,100,,47550,823,,,1,100,,47551,823,,,1,100,,47552,823,,,1,100,,47553,823,,,1
5400,'F8',651,,31737,823,,,1,70,,31745,823,,,1,30,,31740,823,,,1,70,,31739,823,,,1,30,,31738,823,,,1,72,,31729,823,,,1,28,,31727,823,,,1,70,,31746,823,,,1,30,,31735,823,,,1,70,,31728,823,,,1,30,,31730,823,,,1,70,,31736,823,,,1,30,,31747,823,,,1,70,,31731,823,,,1,30,,31741,823,,,1,70,,31748,823,,,1,30,,31724,823,,,1,70,,31742,823,,,1,30,,31732,823,,,1,70,,31725,823,,,1,30,,31743,823,,,1,70,,31733,823,,,1,33,,31726,823,,,1,70,,31744,823,,,1,30,,31734,823,,,1,100,,31749,823,,,1,100,,31750,823,,,1,100,,31751,823,,,1,100,,31752,823,,,1,100,,31753,823,,,1,100,,31754,823,,,1
5400,'F9',651,,31780,823,,,1,100,,31773,823,,,1,100,,31767,823,,,1,100,,31774,823,,,1,100,,31768,823,,,1,100,,31755,823,,,1,70,,31777,823,,,1,30,,31778,823,,,1,70,,31756,823,,,1,30,,31769,823,,,1,70,,31760,823,,,1,30,,31779,823,,,1,70,,31775,823,,,1,30,,31766,823,,,1,70,,31770,823,,,1,30,,31771,823,,,1,70,,31761,823,,,1,33,,31776,823,,,1,74,,31772,823,,,1,26,,31757,823,,,1,100,,31758,823,,,1,100,,31759,823,,,1,100,,31762,823,,,1,100,,31763,823,,,1,100,,31764,823,,,1,100,,31765,823,,,1
5400,'SA',651,,31794,823,,,1,70,,31802,823,,,1,30,,31797,823,,,1,70,,31796,823,,,1,30,,31795,823,,,1,72,,31786,823,,,1,28,,31784,823,,,1,70,,10589,823,,,1,30,,31792,823,,,1,70,,31785,823,,,1,30,,31787,823,,,1,70,,31793,823,,,1,30,,31803,823,,,1,70,,31788,823,,,1,30,,31798,823,,,1,70,,10591,823,,,1,30,,31781,823,,,1,70,,31799,823,,,1,30,,31789,823,,,1,70,,31782,823,,,1,30,,31800,823,,,1,70,,31790,823,,,1,33,,31783,823,,,1,70,,31801,823,,,1,30,,31791,823,,,1,100,,31804,823,,,1,100,,31805,823,,,1,100,,31806,823,,,1,100,,31807,823,,,1,100,,31808,823,,,1,100,,31809,823,,,1
5400,'SE',644,,47583,823,,,1,74,,47576,823,,,1,29,,47566,823,,,1,74,,47578,823,,,1,32,,47579,823,,,1,70,,47560,823,,,1,30,,47585,823,,,1,70,,47572,823,,,1,30,,47565,823,,,1,70,,47554,823,,,1,30,,47562,823,,,1,70,,47557,823,,,1,31,,47577,823,,,1,70,,47567,823,,,1,30,,47561,823,,,1,70,,47556,823,,,1,26,,47584,823,,,1,67,,47582,823,,,1,30,,47570,823,,,1,70,,47587,823,,,1,34,,47564,823,,,1,64,,47558,823,,,1,35,,47571,823,,,1,68,,47563,823,,,1,35,,47581,823,,,1,70,,47568,823,,,1,30,,47580,823,,,1,70,,47575,823,,,1,30,,47573,823,,,1,70,,47586,823,,,1,28,,47555,823,,,1,100,,47569,823,,,1,100,,47559,823,,,1,100,,47574,823,,,1
