2100,'DI',521,,26717,11440,0,12 13,1,30,,26710,11440,0,12 13,1,70,,26733,11440,0,12 13,1,29,,26735,11440,0,12 13,1,70,,26737,11440,0,12 13,1,30,,26728,11440,0,12 13,1,71,,26729,11440,0,12 13,1,30,,26734,11440,0,12 13,1,70,,26718,11440,0,12 13,1,27,,26731,11440,0,12 13,1,73,,26744,11440,0,12 13,1,30,,26742,11440,0,12 13,1,72,,26732,11440,0,12 13,1,28,,26719,11440,0,12 13,1,71,,26738,11440,0,12 13,1,30,,26730,11440,0,12 13,1,70,,26736,11440,0,12 13,1,30,,26745,11440,0,12 13,1,70,,26743,11440,0,12 13,1,30,,26720,11440,0,12 13,1,70,,26722,11440,0,12 13,1,30,,26711,11440,0,12 13,1,70,,26725,11440,0,12 13,1,30,,26721,11440,0,12 13,1,70,,26705,11440,0,12 13,1,30,,26712,11440,0,12 13,1,70,,26726,11440,0,12 13,1,29,,26709,11440,0,12 13,1,70,,26706,11440,0,12 13,1,30,,26708,11440,0,12 13,1,70,,26740,11440,0,12 13,1,30,,26723,11440,0,12 13,1,70,,26713,11440,0,12 13,1,30,,26727,11440,0,12 13,1,70,,26714,11440,0,12 13,1,30,,26716,11440,0,12 13,1,70,,26739,11440,0,12 13,1,30,,26741,11440,0,12 13,1,70,,26707,11440,0,12 13,1,30,,26724,11440,0,12 13,1,70,,26715,11440,0,12 13,1
2100,'F8',521,,26891,11440,0,12 13,1,30,,26882,11440,0,12 13,1,70,,26895,11440,0,12 13,1,30,,26904,11440,0,12 13,1,70,,26905,11440,0,12 13,1,30,,26893,11440,0,12 13,1,70,,26908,11440,0,12 13,1,30,,26896,11440,0,12 13,1,70,,26883,11440,0,12 13,1,25,,26878,11440,0,12 13,1,71,,26892,11440,0,12 13,1,34,,26897,11440,0,12 13,1,73,,26879,11440,0,12 13,1,24,,26884,11440,0,12 13,1,74,,26888,11440,0,12 13,1,30,,26901,11440,0,12 13,1,70,,26906,11440,0,12 13,1,30,,26898,11440,0,12 13,1,70,,26909,11440,0,12 13,1,30,,26902,11440,0,12 13,1,70,,26907,11440,0,12 13,1,30,,26899,11440,0,12 13,1,70,,26911,11440,0,12 13,1,30,,26885,11440,0,12 13,1,70,,26910,11440,0,12 13,1,30,,26900,11440,0,12 13,1,70,,26912,11440,0,12 13,1,29,,26874,11440,0,12 13,1,70,,26889,11440,0,12 13,1,30,,26903,11440,0,12 13,1,70,,26886,11440,0,12 13,1,30,,26894,11440,0,12 13,1,70,,26880,11440,0,12 13,1,30,,26890,11440,0,12 13,1,70,,26876,11440,0,12 13,1,30,,26887,11440,0,12 13,1,70,,26914,11440,0,12 13,1,30,,26881,11440,0,12 13,1,70,,26913,11440,0,12 13,1,30,,26877,11440,0,12 13,1,69,,26875,11440,0,12 13,1
2100,'F9',521,,26927,11440,0,12 13,1,30,,26920,11440,0,12 13,1,70,,26943,11440,0,12 13,1,29,,26945,11440,0,12 13,1,70,,26947,11440,0,12 13,1,30,,26938,11440,0,12 13,1,71,,26939,11440,0,12 13,1,30,,26944,11440,0,12 13,1,70,,26928,11440,0,12 13,1,27,,26941,11440,0,12 13,1,73,,26954,11440,0,12 13,1,30,,26952,11440,0,12 13,1,72,,26942,11440,0,12 13,1,28,,26929,11440,0,12 13,1,71,,26948,11440,0,12 13,1,30,,26940,11440,0,12 13,1,70,,26946,11440,0,12 13,1,30,,26955,11440,0,12 13,1,70,,26953,11440,0,12 13,1,30,,26930,11440,0,12 13,1,70,,26932,11440,0,12 13,1,30,,26921,11440,0,12 13,1,70,,26935,11440,0,12 13,1,30,,26931,11440,0,12 13,1,70,,26915,11440,0,12 13,1,30,,26922,11440,0,12 13,1,70,,26936,11440,0,12 13,1,29,,26919,11440,0,12 13,1,70,,26916,11440,0,12 13,1,30,,26918,11440,0,12 13,1,70,,26950,11440,0,12 13,1,30,,26933,11440,0,12 13,1,70,,26923,11440,0,12 13,1,30,,26937,11440,0,12 13,1,70,,26924,11440,0,12 13,1,30,,26926,11440,0,12 13,1,70,,26949,11440,0,12 13,1,30,,26951,11440,0,12 13,1,70,,26917,11440,0,12 13,1,30,,26934,11440,0,12 13,1,70,,26925,11440,0,12 13,1
2100,'SA',521,,26973,11440,0,12 13,1,30,,26964,11440,0,12 13,1,70,,26977,11440,0,12 13,1,30,,26986,11440,0,12 13,1,70,,26987,11440,0,12 13,1,30,,26975,11440,0,12 13,1,70,,26988,11440,0,12 13,1,30,,26978,11440,0,12 13,1,70,,26965,11440,0,12 13,1,25,,26960,11440,0,12 13,1,71,,26974,11440,0,12 13,1,34,,26979,11440,0,12 13,1,73,,26961,11440,0,12 13,1,24,,26966,11440,0,12 13,1,74,,26970,11440,0,12 13,1,30,,26983,11440,0,12 13,1,70,,6221,11440,0,12 13,1,30,,26980,11440,0,12 13,1,70,,26989,11440,0,12 13,1,30,,26984,11440,0,12 13,1,70,,6222,11440,0,12 13,1,30,,26981,11440,0,12 13,1,70,,26991,11440,0,12 13,1,30,,26967,11440,0,12 13,1,70,,26990,11440,0,12 13,1,30,,26982,11440,0,12 13,1,70,,26992,11440,0,12 13,1,29,,26956,11440,0,12 13,1,70,,26971,11440,0,12 13,1,30,,26985,11440,0,12 13,1,70,,26968,11440,0,12 13,1,30,,26976,11440,0,12 13,1,70,,26962,11440,0,12 13,1,30,,26972,11440,0,12 13,1,70,,26958,11440,0,12 13,1,30,,26969,11440,0,12 13,1,70,,26993,11440,0,12 13,1,30,,26963,11440,0,12 13,1,70,,6233,11440,0,12 13,1,30,,26959,11440,0,12 13,1,69,,26957,11440,0,12 13,1
2100,'SE',535,,27004,11440,0,12 13,1,15,,27005,11440,0,12 13,1,55,,26997,11440,0,12 13,1,12,,26999,11440,0,12 13,1,10,,27031,11440,0,12 13,1,20,,27035,11440,0,12 13,1,56,,26998,11440,0,12 13,1,9,,27008,11440,0,12 13,1,15,,27006,11440,0,12 13,1,16,,27000,11440,0,12 13,1,57,,27032,11440,0,12 13,1,23,,27007,11440,0,12 13,1,19,,27044,11440,0,12 13,1,60,,27033,11440,0,12 13,1,21,,27026,11440,0,12 13,1,27,,27028,11440,0,12 13,1,72,,27036,11440,0,12 13,1,30,,27034,11440,0,12 13,1,70,,26994,11440,0,12 13,1,30,,27020,11440,0,12 13,1,72,,27022,11440,0,12 13,1,30,,27001,11440,0,12 13,1,70,,27037,11440,0,12 13,1,30,,27045,11440,0,12 13,1,68,,27029,11440,0,12 13,1,81,,27027,11440,0,12 13,1,7,,27021,11440,0,12 13,1,17,,27017,11440,0,12 13,1,15,,27009,11440,0,12 13,1,15,,27002,11440,0,12 13,1,55,,27038,11440,0,12 13,1,15,,27030,11440,0,12 13,1,16,,27014,11440,0,12 13,1,59,,27041,11440,0,12 13,1,18,,27040,11440,0,12 13,1,10,,27018,11440,0,12 13,1,11,,27010,11440,0,12 13,1,15,,27003,11440,0,12 13,1,53,,27039,11440,0,12 13,1,15,,27019,11440,0,12 13,1,15,,27015,11440,0,12 13,1,20,,27042,11440,0,12 13,1,60,,27024,11440,0,12 13,1,17,,27011,11440,0,12 13,1,70,,27025,11440,0,12 13,1,30,,26995,11440,0,12 13,1,70,,27023,11440,0,12 13,1,30,,27016,11440,0,12 13,1,100,,27012,11440,0,12 13,1,100,,27043,11440,0,12 13,1,97,,26996,11440,0,12 13,1,100,,27013,11440,0,12 13,1
13201,'DI',720,,38200,9000,,,2,100,,38198,9000,,,2,100,,38199,9000,,,2,100,,38204,9000,,,2,100,,38201,9000,,,2,100,,38202,9000,,,2,100,,38205,9000,,,2,100,,38208,9000,,,2,100,,38206,9000,,,2,105,,38210,9000,,,2,95,,38209,9000,,,2,100,,38207,9000,,,2,101,,38211,9000,,,2,97,,38212,9000,,,2,100,,38203,9000,,,2,100,,38197,9000,,,2,100,,38213,9000,,,2,100,,38214,9000,,,2
13201,'F8',720,,38280,9000,,,2,100,,38296,9000,,,2,100,,38284,9000,,,2,100,,38279,9000,,,2,103,,38281,9000,,,2,97,,38285,9000,,,2,104,,38282,9000,,,2,96,,38295,9000,,,2,104,,38286,9000,,,2,96,,38288,9000,,,2,100,,38283,9000,,,2,100,,38287,9000,,,2,101,,38289,9000,,,2,97,,38291,9000,,,2,100,,38290,9000,,,2,100,,38293,9000,,,2,100,,38292,9000,,,2,100,,38294,9000,,,2
13201,'F9',720,,38300,9000,,,2,100,,38298,9000,,,2,100,,38299,9000,,,2,100,,38304,9000,,,2,100,,38301,9000,,,2,100,,38302,9000,,,2,100,,38305,9000,,,2,100,,38308,9000,,,2,100,,38306,9000,,,2,105,,38310,9000,,,2,95,,38309,9000,,,2,100,,38307,9000,,,2,101,,38311,9000,,,2,97,,38312,9000,,,2,100,,38303,9000,,,2,100,,38297,9000,,,2,100,,38313,9000,,,2,100,,38314,9000,,,2
13201,'SA',720,,38316,9000,,,2,100,,38332,9000,,,2,100,,38320,9000,,,2,100,,38315,9000,,,2,103,,38317,9000,,,2,97,,38321,9000,,,2,104,,38318,9000,,,2,96,,38331,9000,,,2,104,,38322,9000,,,2,96,,38324,9000,,,2,100,,38319,9000,,,2,100,,38323,9000,,,2,101,,38325,9000,,,2,97,,38327,9000,,,2,100,,38326,9000,,,2,100,,38329,9000,,,2,100,,38328,9000,,,2,100,,38330,9000,,,2
13201,'SE',555,,38339,9000,,,2,70,,38336,9000,,,2,32,,38345,9000,,,2,60,,38338,9000,,,2,23,,38343,9000,,,2,10,,38349,9000,,,2,50,,38347,9000,,,2,22,,38346,9000,,,2,18,,38340,9000,,,2,16,,38344,9000,,,2,60,,38348,9000,,,2,20,,38358,9000,,,2,19,,16560,9000,,,2,97,,38359,9000,,,2,99,,16564,9000,,,2,96,,38357,9000,,,2,100,,38350,9000,,,2,110,,38351,9000,,,2,51,,38354,9000,,,2,3,,38333,9000,,,2,43,,38341,9000,,,2,65,,38352,9000,,,2,20,,38355,9000,,,2,18,,38337,9000,,,2,63,,38342,9000,,,2,19,,38335,9000,,,2,18,,38353,9000,,,2,59,,38334,9000,,,2,40,,38356,9000,,,2
42100,'SE',538,,39644,11044,0,12 13,1,76,,39645,11044,0,12 13,1,23,,39643,11044,0,12 13,1,22,,39646,11044,0,12 13,1,57,,39647,11044,0,12 13,1,14,,39653,11044,0,12 13,1,17,,39651,11044,0,12 13,1,765,,39649,11044,0,12 13,1,23,,39654,11044,0,12 13,1,70,,39650,11044,0,12 13,1,30,,39655,11044,0,12 13,1,71,,39648,11044,0,12 13,1,28,,39652,11044,0,12 13,1
64000,'SE',1621,,40789,5229,,,2,1,,40790,5229,,,2,1,,40791,5229,,,2
64001,'SE',832,,40796,936,,,2,1,,40797,936,,,2,1,,40795,936,,,2
69700,'SE',1634,,40968,8014,,,2,1,,40969,8014,,,2
69701,'SE',832,,40972,1660,,,2,1,,40973,1660,,,2
