2300,'F2',643,,56060,1457,,,1,100,,56062,1457,,,1,100,,56068,1457,,,1,101,,56069,1457,,,1,99,,56059,1457,,,1,103,,56065,1457,,,1,97,,56058,1457,,,1,100,,56061,1457,,,1,100,,56063,1457,,,1,100,,56064,1457,,,1,100,,56066,1457,,,1,102,,56067,1457,,,1
2300,'SA',643,,56072,1457,,,1,100,,56074,1457,,,1,100,,56080,1457,,,1,101,,56081,1457,,,1,99,,56071,1457,,,1,103,,56077,1457,,,1,97,,56070,1457,,,1,100,,56073,1457,,,1,100,,56075,1457,,,1,100,,56076,1457,,,1,100,,56078,1457,,,1,102,,56079,1457,,,1
2300,'SE',944,,56085,1457,,,1,100,,56082,1457,,,1,100,,56084,1457,,,1,100,,56086,1457,,,1,100,,56083,1457,,,1
7400,'DI',759,,59457,1457,,,1,100,,59463,1457,,,1,100,,59458,1457,,,1,100,,59464,1457,,,1,99,,59465,1457,,,1,145,,59470,1457,,,1,56,,59466,1457,,,1,100,,59456,1457,,,1,100,,59471,1457,,,1,100,,59472,1457,,,1,144,,59459,1457,,,1,56,,59460,1457,,,1,100,,59461,1457,,,1,100,,59462,1457,,,1,100,,59467,1457,,,1,100,,59468,1457,,,1,100,,59469,1457,,,1
7400,'F1',759,,59474,1457,,,1,100,,59480,1457,,,1,100,,59475,1457,,,1,100,,59481,1457,,,1,99,,59482,1457,,,1,145,,59487,1457,,,1,56,,59483,1457,,,1,100,,59473,1457,,,1,100,,59488,1457,,,1,100,,59489,1457,,,1,144,,59476,1457,,,1,56,,59477,1457,,,1,100,,59478,1457,,,1,100,,59479,1457,,,1,100,,59484,1457,,,1,100,,59485,1457,,,1,100,,59486,1457,,,1
7400,'F2',759,,59502,1457,,,1,100,,59493,1457,,,1,99,,59503,1457,,,1,100,,59504,1457,,,1,101,,59501,1457,,,1,100,,59490,1457,,,1,100,,59491,1457,,,1,99,,59494,1457,,,1,101,,59495,1457,,,1,100,,59496,1457,,,1,142,,59505,1457,,,1,58,,59497,1457,,,1,100,,59498,1457,,,1,100,,59499,1457,,,1,100,,59506,1457,,,1,100,,59500,1457,,,1,100,,59507,1457,,,1,100,,59492,1457,,,1
7400,'SA',759,,59520,1457,,,1,100,,59511,1457,,,1,99,,59521,1457,,,1,100,,59522,1457,,,1,101,,59519,1457,,,1,100,,59508,1457,,,1,100,,59509,1457,,,1,99,,59512,1457,,,1,101,,59513,1457,,,1,100,,59514,1457,,,1,142,,59523,1457,,,1,58,,59515,1457,,,1,100,,59516,1457,,,1,100,,59517,1457,,,1,100,,59524,1457,,,1,100,,59518,1457,,,1,100,,59525,1457,,,1,100,,59510,1457,,,1
7400,'SE',628,,59533,1457,,,1,25,,59538,1457,,,1,78,,59528,1457,,,1,25,,59527,1457,,,1,69,,59536,1457,,,1,32,,59526,1457,,,1,101,,59534,1457,,,1,100,,59535,1457,,,1,100,,59529,1457,,,1,100,,59530,1457,,,1,101,,59531,1457,,,1,100,,59539,1457,,,1,70,,59537,1457,,,1,27,,59532,1457,,,1,74,,59546,1457,,,1,29,,59543,1457,,,1,70,,59550,1457,,,1,30,,59548,1457,,,1,70,,59549,1457,,,1,29,,59547,1457,,,1,100,,59544,1457,,,1,100,,59545,1457,,,1,100,,59540,1457,,,1,100,,59551,1457,,,1,100,,59541,1457,,,1,99,,59542,1457,,,1
12300,'DI',614,,37610,1457,0,42 43,1,100,,37620,1457,0,42 43,1,100,,37611,1457,0,42 43,1,100,,37621,1457,0,42 43,1,100,,37612,1457,0,42 43,1,100,,61748,1457,0,42 43,1,105,,37613,1457,0,42 43,1,95,,61749,1457,0,42 43,1,100,,37614,1457,0,42 43,1,100,,61750,1457,0,42 43,1,100,,61743,1457,0,42 43,1,100,,61751,1457,0,42 43,1,100,,61744,1457,0,42 43,1,100,,61752,1457,0,42 43,1,100,,61745,1457,0,42 43,1,100,,61753,1457,0,42 43,1,100,,61746,1457,0,42 43,1,100,,61754,1457,0,42 43,1,100,,61747,1457,0,42 43,1
12300,'F1',614,,49910,1457,0,42 43,1,100,,49920,1457,0,42 43,1,100,,49911,1457,0,42 43,1,100,,49921,1457,0,42 43,1,100,,49912,1457,0,42 43,1,100,,61760,1457,0,42 43,1,105,,49913,1457,0,42 43,1,95,,61761,1457,0,42 43,1,100,,49914,1457,0,42 43,1,100,,61762,1457,0,42 43,1,100,,61755,1457,0,42 43,1,100,,61763,1457,0,42 43,1,100,,61756,1457,0,42 43,1,100,,61764,1457,0,42 43,1,100,,61757,1457,0,42 43,1,100,,61765,1457,0,42 43,1,100,,61758,1457,0,42 43,1,100,,61766,1457,0,42 43,1,100,,61759,1457,0,42 43,1
12300,'F2',613,,61767,1457,0,42 43,1,100,,61773,1457,0,42 43,1,100,,61777,1457,0,42 43,1,105,,61768,1457,0,42 43,1,99,,61778,1457,0,42 43,1,100,,61769,1457,0,42 43,1,100,,61779,1457,0,42 43,1,96,,61770,1457,0,42 43,1,100,,61780,1457,0,42 43,1,100,,61771,1457,0,42 43,1,104,,61781,1457,0,42 43,1,101,,61772,1457,0,42 43,1,99,,61782,1457,0,42 43,1,96,,61774,1457,0,42 43,1,100,,61783,1457,0,42 43,1,100,,61775,1457,0,42 43,1,100,,61784,1457,0,42 43,1,100,,61776,1457,0,42 43,1,100,,61785,1457,0,42 43,1
12300,'SA',613,,61786,1457,0,42 43,1,100,,61792,1457,0,42 43,1,100,,61796,1457,0,42 43,1,105,,61787,1457,0,42 43,1,99,,61797,1457,0,42 43,1,100,,61788,1457,0,42 43,1,100,,61798,1457,0,42 43,1,96,,61789,1457,0,42 43,1,100,,61799,1457,0,42 43,1,100,,61790,1457,0,42 43,1,104,,61800,1457,0,42 43,1,101,,61791,1457,0,42 43,1,99,,61801,1457,0,42 43,1,96,,61793,1457,0,42 43,1,100,,61802,1457,0,42 43,1,100,,61794,1457,0,42 43,1,100,,61803,1457,0,42 43,1,100,,61795,1457,0,42 43,1,100,,61804,1457,0,42 43,1
12300,'SE',506,,61821,1457,0,42 43,1,33,,61815,1457,0,42 43,1,15,,61808,1457,0,42 43,1,50,,61809,1457,0,42 43,1,10,,61810,1457,0,42 43,1,10,,61829,1457,0,42 43,1,10,,61812,1457,0,42 43,1,8,,61820,1457,0,42 43,1,12,,49968,1457,0,42 43,1,50,,61827,1457,0,42 43,1,21,,61828,1457,0,42 43,1,17,,61813,1457,0,42 43,1,69,,61817,1457,0,42 43,1,29,,49971,1457,0,42 43,1,69,,61811,1457,0,42 43,1,102,,61837,1457,0,42 43,1,100,,61807,1457,0,42 43,1,99,,61824,1457,0,42 43,1,101,,61816,1457,0,42 43,1,5,,61830,1457,0,42 43,1,93,,61822,1457,0,42 43,1,30,,61833,1457,0,42 43,1,70,,61825,1457,0,42 43,1,26,,49980,1457,0,42 43,1,71,,49975,1457,0,42 43,1,31,,61814,1457,0,42 43,1,71,,61823,1457,0,42 43,1,31,,61826,1457,0,42 43,1,76,,61806,1457,0,42 43,1,28,,61805,1457,0,42 43,1,70,,61834,1457,0,42 43,1,30,,61835,1457,0,42 43,1,70,,61836,1457,0,42 43,1,100,,61818,1457,0,42 43,1,100,,61831,1457,0,42 43,1,100,,61819,1457,0,42 43,1,100,,61832,1457,0,42 43,1
17000,'SE',545,,62467,4085,0,46,2,70,,62471,4085,0,46,2,31,,62468,4085,0,46,2,70,,62472,4085,0,46,2,30,,62469,4085,0,46,2,73,,62473,4085,0,46,2,28,,62470,4085,0,46,2,689,,62474,4085,0,46,2,70,,62478,4085,0,46,2,30,,62475,4085,0,46,2,70,,62479,4085,0,46,2,30,,62476,4085,0,46,2,70,,62480,4085,0,46,2,30,,62477,4085,0,46,2
