800,'DI',601,,22786,7203,,,1,33,,22781,7203,,,1,70,,2441,7203,,,1,30,,2447,7203,,,1,70,,22787,7203,,,1,30,,22782,7203,,,1,72,,2442,7203,,,1,30,,2448,7203,,,1,70,,22788,7203,,,1,30,,22783,7203,,,1,70,,2443,7203,,,1,30,,2449,7203,,,1,72,,22789,7203,,,1,30,,2436,7203,,,1,70,,2444,7203,,,1,30,,2450,7203,,,1,70,,22790,7203,,,1,30,,22784,7203,,,1,70,,2445,7203,,,1,29,,22793,7203,,,1,70,,22791,7203,,,1,30,,22785,7203,,,1,69,,2446,7203,,,1,30,,22794,7203,,,1,72,,22792,7203,,,1,43,,2437,7203,,,1,100,,22795,7203,,,1,100,,2438,7203,,,1,99,,22796,7203,,,1,100,,2439,7203,,,1,100,,22797,7203,,,1,100,,2440,7203,,,1,100,,22780,7203,,,1
800,'F1',601,,44063,7203,,,1,33,,44043,7203,,,1,70,,44051,7203,,,1,30,,44057,7203,,,1,70,,44064,7203,,,1,30,,44044,7203,,,1,72,,44052,7203,,,1,30,,44058,7203,,,1,70,,44065,7203,,,1,30,,44045,7203,,,1,70,,44053,7203,,,1,30,,44059,7203,,,1,72,,44066,7203,,,1,30,,44046,7203,,,1,70,,44054,7203,,,1,30,,44060,7203,,,1,70,,44067,7203,,,1,30,,44061,7203,,,1,70,,44055,7203,,,1,29,,44070,7203,,,1,70,,44068,7203,,,1,30,,44062,7203,,,1,69,,44056,7203,,,1,30,,44071,7203,,,1,72,,44069,7203,,,1,43,,44047,7203,,,1,100,,44072,7203,,,1,100,,44048,7203,,,1,99,,44073,7203,,,1,100,,44049,7203,,,1,100,,44074,7203,,,1,100,,44050,7203,,,1,100,,44042,7203,,,1
800,'F2',602,,44096,7203,,,1,30,,44079,7203,,,1,72,,44092,7203,,,1,30,,44094,7203,,,1,71,,44097,7203,,,1,30,,44080,7203,,,1,70,,44093,7203,,,1,31,,44095,7203,,,1,70,,44098,7203,,,1,30,,44081,7203,,,1,70,,44087,7203,,,1,30,,44103,7203,,,1,68,,44099,7203,,,1,32,,44082,7203,,,1,70,,44088,7203,,,1,30,,44104,7203,,,1,70,,44100,7203,,,1,30,,44107,7203,,,1,70,,44089,7203,,,1,30,,44105,7203,,,1,70,,44101,7203,,,1,30,,44108,7203,,,1,70,,44090,7203,,,1,30,,44106,7203,,,1,72,,44102,7203,,,1,28,,44075,7203,,,1,70,,44091,7203,,,1,46,,44083,7203,,,1,98,,44076,7203,,,1,100,,44084,7203,,,1,100,,44077,7203,,,1,100,,44085,7203,,,1,100,,44078,7203,,,1,100,,44086,7203,,,1
800,'F8',602,,22955,7203,,,1,30,,22938,7203,,,1,72,,22951,7203,,,1,30,,22953,7203,,,1,71,,22956,7203,,,1,30,,22939,7203,,,1,70,,22952,7203,,,1,31,,22954,7203,,,1,70,,22957,7203,,,1,30,,22940,7203,,,1,70,,22946,7203,,,1,30,,22962,7203,,,1,68,,22958,7203,,,1,32,,22941,7203,,,1,70,,22947,7203,,,1,30,,22963,7203,,,1,70,,22959,7203,,,1,30,,22966,7203,,,1,70,,22948,7203,,,1,30,,22964,7203,,,1,70,,22960,7203,,,1,30,,22967,7203,,,1,70,,22949,7203,,,1,30,,22965,7203,,,1,72,,22961,7203,,,1,28,,22934,7203,,,1,70,,22950,7203,,,1,46,,22942,7203,,,1,98,,22935,7203,,,1,100,,22943,7203,,,1,100,,22936,7203,,,1,100,,22944,7203,,,1,100,,22937,7203,,,1,100,,22945,7203,,,1
800,'F9',601,,22989,7203,,,1,33,,22969,7203,,,1,70,,22977,7203,,,1,30,,22983,7203,,,1,70,,22990,7203,,,1,30,,22970,7203,,,1,72,,22978,7203,,,1,30,,22984,7203,,,1,70,,22991,7203,,,1,30,,22971,7203,,,1,70,,22979,7203,,,1,30,,22985,7203,,,1,72,,22992,7203,,,1,30,,22972,7203,,,1,70,,22980,7203,,,1,30,,22986,7203,,,1,70,,22993,7203,,,1,30,,22987,7203,,,1,70,,22981,7203,,,1,29,,22996,7203,,,1,70,,22994,7203,,,1,30,,22988,7203,,,1,69,,22982,7203,,,1,30,,22997,7203,,,1,72,,22995,7203,,,1,43,,22973,7203,,,1,100,,22998,7203,,,1,100,,22974,7203,,,1,99,,22999,7203,,,1,100,,22975,7203,,,1,100,,23000,7203,,,1,100,,22976,7203,,,1,100,,22968,7203,,,1
800,'SA',602,,23022,7203,,,1,30,,23005,7203,,,1,72,,23018,7203,,,1,30,,23020,7203,,,1,71,,23023,7203,,,1,30,,23006,7203,,,1,70,,23019,7203,,,1,31,,23021,7203,,,1,70,,23024,7203,,,1,30,,23007,7203,,,1,70,,23013,7203,,,1,30,,23029,7203,,,1,68,,23025,7203,,,1,32,,23008,7203,,,1,70,,23014,7203,,,1,30,,23030,7203,,,1,70,,23026,7203,,,1,30,,2660,7203,,,1,70,,23015,7203,,,1,30,,23031,7203,,,1,70,,23027,7203,,,1,30,,2661,7203,,,1,70,,23016,7203,,,1,30,,23032,7203,,,1,72,,23028,7203,,,1,28,,23001,7203,,,1,70,,23017,7203,,,1,46,,23009,7203,,,1,98,,23002,7203,,,1,100,,23010,7203,,,1,100,,23003,7203,,,1,100,,23011,7203,,,1,100,,23004,7203,,,1,100,,23012,7203,,,1
800,'SE',506,,44153,7203,,,1,28,,44155,7203,,,1,22,,44156,7203,,,1,81,,44112,7203,,,1,70,,44154,7203,,,1,21,,44126,7203,,,1,19,,44157,7203,,,1,53,,44150,7203,,,1,15,,44115,7203,,,1,15,,44134,7203,,,1,15,,44113,7203,,,1,57,,44137,7203,,,1,15,,44124,7203,,,1,15,,44127,7203,,,1,15,,44130,7203,,,1,55,,44171,7203,,,1,15,,44116,7203,,,1,15,,44135,7203,,,1,15,,44114,7203,,,1,55,,44138,7203,,,1,15,,44140,7203,,,1,17,,44118,7203,,,1,15,,44128,7203,,,1,55,,44158,7203,,,1,15,,44172,7203,,,1,15,,44169,7203,,,1,15,,44136,7203,,,1,55,,44109,7203,,,1,15,,44139,7203,,,1,15,,44125,7203,,,1,15,,44119,7203,,,1,55,,44131,7203,,,1,15,,44159,7203,,,1,17,,44117,7203,,,1,15,,44162,7203,,,1,55,,44161,7203,,,1,15,,44110,7203,,,1,15,,44141,7203,,,1,15,,44146,7203,,,1,55,,44129,7203,,,1,15,,44165,7203,,,1,15,,44132,7203,,,1,12,,44160,7203,,,1,52,,44145,7203,,,1,12,,44163,7203,,,1,12,,44151,7203,,,1,12,,44164,7203,,,1,12,,44111,7203,,,1,11,,44142,7203,,,1,52,,44147,7203,,,1,12,,44166,7203,,,1,10,,44148,7203,,,1,10,,44167,7203,,,1,10,,44133,7203,,,1,60,,44152,7203,,,1,27,,44120,7203,,,1,68,,44173,7203,,,1,30,,44168,7203,,,1,68,,44149,7203,,,1,30,,44121,7203,,,1,70,,44170,7203,,,1,45,,44143,7203,,,1,100,,44122,7203,,,1,97,,44144,7203,,,1,100,,44123,7203,,,1
2800,'DI',858,,27669,6831,0,32 33,1,101,,27674,6831,0,32 33,1,100,,27672,6831,0,32 33,1,100,,27670,6831,0,32 33,1,100,,27671,6831,0,32 33,1,100,,27675,6831,0,32 33,1,100,,27678,6831,0,32 33,1,141,,27677,6831,0,32 33,1,59,,27676,6831,0,32 33,1,100,,27673,6831,0,32 33,1
2800,'F1',858,,45917,6831,0,32 33,1,101,,45922,6831,0,32 33,1,100,,45920,6831,0,32 33,1,100,,45918,6831,0,32 33,1,100,,45919,6831,0,32 33,1,100,,45923,6831,0,32 33,1,100,,45926,6831,0,32 33,1,141,,45925,6831,0,32 33,1,59,,45924,6831,0,32 33,1,100,,45921,6831,0,32 33,1
2800,'F2',900,,45934,6831,0,32 33,1,59,,45929,6831,0,32 33,1,143,,45927,6831,0,32 33,1,57,,45931,6831,0,32 33,1,141,,45930,6831,0,32 33,1,100,,45932,6831,0,32 33,1,59,,45928,6831,0,32 33,1,143,,45936,6831,0,32 33,1,99,,45935,6831,0,32 33,1,58,,45933,6831,0,32 33,1
2800,'F8',900,,27747,6831,0,32 33,1,59,,27742,6831,0,32 33,1,143,,27740,6831,0,32 33,1,57,,27744,6831,0,32 33,1,141,,27743,6831,0,32 33,1,100,,27745,6831,0,32 33,1,59,,27741,6831,0,32 33,1,143,,27749,6831,0,32 33,1,99,,27748,6831,0,32 33,1,58,,27746,6831,0,32 33,1
2800,'F9',858,,27750,6831,0,32 33,1,101,,27755,6831,0,32 33,1,100,,27753,6831,0,32 33,1,100,,27751,6831,0,32 33,1,100,,27752,6831,0,32 33,1,100,,27756,6831,0,32 33,1,100,,27759,6831,0,32 33,1,141,,27758,6831,0,32 33,1,59,,27757,6831,0,32 33,1,100,,27754,6831,0,32 33,1
2800,'SA',900,,27766,6831,0,32 33,1,59,,27762,6831,0,32 33,1,143,,27760,6831,0,32 33,1,57,,27763,6831,0,32 33,1,141,,6923,6831,0,32 33,1,100,,27764,6831,0,32 33,1,59,,27761,6831,0,32 33,1,143,,27768,6831,0,32 33,1,99,,27767,6831,0,32 33,1,58,,27765,6831,0,32 33,1
2800,'SE',625,,45971,6831,0,32 33,1,85,,45972,6831,0,32 33,1,23,,45976,6831,0,32 33,1,3,,45977,6831,0,32 33,1,16,,45950,6831,0,32 33,1,53,,45962,6831,0,32 33,1,12,,45970,6831,0,32 33,1,18,,45961,6831,0,32 33,1,14,,45966,6831,0,32 33,1,58,,45951,6831,0,32 33,1,30,,45942,6831,0,32 33,1,70,,45946,6831,0,32 33,1,30,,45952,6831,0,32 33,1,70,,45943,6831,0,32 33,1,32,,45947,6831,0,32 33,1,70,,45953,6831,0,32 33,1,30,,45944,6831,0,32 33,1,70,,45948,6831,0,32 33,1,30,,45954,6831,0,32 33,1,70,,45945,6831,0,32 33,1,32,,45949,6831,0,32 33,1,70,,45973,6831,0,32 33,1,15,,45939,6831,0,32 33,1,15,,45959,6831,0,32 33,1,15,,45964,6831,0,32 33,1,55,,45975,6831,0,32 33,1,15,,45956,6831,0,32 33,1,14,,45958,6831,0,32 33,1,12,,45974,6831,0,32 33,1,52,,45940,6831,0,32 33,1,12,,45960,6831,0,32 33,1,12,,45963,6831,0,32 33,1,12,,45967,6831,0,32 33,1,12,,45955,6831,0,32 33,1,51,,45957,6831,0,32 33,1,12,,45937,6831,0,32 33,1,11,,45938,6831,0,32 33,1,13,,45965,6831,0,32 33,1,95,,45941,6831,0,32 33,1,98,,45968,6831,0,32 33,1,98,,45969,6831,0,32 33,1
8800,'DI',719,,36639,7203,,,1,30,,36644,7203,,,1,70,,36650,7203,,,1,30,,36659,7203,,,1,70,,36640,7203,,,1,30,,36645,7203,,,1,72,,36651,7203,,,1,30,,36660,7203,,,1,70,,36641,7203,,,1,30,,36646,7203,,,1,70,,36652,7203,,,1,30,,36661,7203,,,1,70,,36642,7203,,,1,30,,36647,7203,,,1,70,,36653,7203,,,1,30,,15002,7203,,,1,70,,36654,7203,,,1,30,,36648,7203,,,1,70,,36662,7203,,,1,30,,15003,7203,,,1,70,,36655,7203,,,1,30,,36649,7203,,,1,70,,36663,7203,,,1,100,,36656,7203,,,1,100,,36664,7203,,,1,100,,36657,7203,,,1,100,,36665,7203,,,1,97,,36658,7203,,,1,100,,36638,7203,,,1,100,,36643,7203,,,1
8800,'F1',719,,49524,7203,,,1,30,,49529,7203,,,1,70,,49535,7203,,,1,30,,49544,7203,,,1,70,,49525,7203,,,1,30,,49530,7203,,,1,72,,49536,7203,,,1,30,,49545,7203,,,1,70,,49526,7203,,,1,30,,49531,7203,,,1,70,,49537,7203,,,1,30,,49546,7203,,,1,70,,49527,7203,,,1,30,,49532,7203,,,1,70,,49538,7203,,,1,30,,49521,7203,,,1,70,,49539,7203,,,1,30,,49533,7203,,,1,70,,49547,7203,,,1,30,,49522,7203,,,1,70,,49540,7203,,,1,30,,49534,7203,,,1,70,,49548,7203,,,1,100,,49541,7203,,,1,100,,49549,7203,,,1,100,,49542,7203,,,1,100,,49550,7203,,,1,97,,49543,7203,,,1,100,,49523,7203,,,1,100,,49528,7203,,,1
8800,'F2',719,,49554,7203,,,1,30,,49579,7203,,,1,71,,49575,7203,,,1,30,,49566,7203,,,1,71,,49559,7203,,,1,30,,49580,7203,,,1,70,,49576,7203,,,1,30,,49567,7203,,,1,70,,49560,7203,,,1,30,,49571,7203,,,1,70,,49556,7203,,,1,30,,49568,7203,,,1,70,,49561,7203,,,1,30,,49572,7203,,,1,70,,49557,7203,,,1,30,,49551,7203,,,1,70,,49562,7203,,,1,30,,49573,7203,,,1,70,,49558,7203,,,1,30,,49552,7203,,,1,71,,49581,7203,,,1,29,,49574,7203,,,1,71,,49569,7203,,,1,29,,49553,7203,,,1,70,,49563,7203,,,1,100,,49570,7203,,,1,99,,49564,7203,,,1,99,,49578,7203,,,1,100,,49565,7203,,,1,100,,49577,7203,,,1,100,,49555,7203,,,1
8800,'F8',719,,36775,7203,,,1,30,,36800,7203,,,1,71,,36796,7203,,,1,30,,36787,7203,,,1,71,,36780,7203,,,1,30,,36801,7203,,,1,70,,36797,7203,,,1,30,,36788,7203,,,1,70,,36781,7203,,,1,30,,36792,7203,,,1,70,,36777,7203,,,1,30,,36789,7203,,,1,70,,36782,7203,,,1,30,,36793,7203,,,1,70,,36778,7203,,,1,30,,36772,7203,,,1,70,,36783,7203,,,1,30,,36794,7203,,,1,70,,36779,7203,,,1,30,,36773,7203,,,1,71,,36802,7203,,,1,29,,36795,7203,,,1,71,,36790,7203,,,1,29,,36774,7203,,,1,70,,36784,7203,,,1,100,,36791,7203,,,1,99,,36785,7203,,,1,99,,36799,7203,,,1,100,,36786,7203,,,1,100,,36798,7203,,,1,100,,36776,7203,,,1
8800,'F9',719,,36806,7203,,,1,30,,36811,7203,,,1,70,,36817,7203,,,1,30,,36826,7203,,,1,70,,36807,7203,,,1,30,,36812,7203,,,1,72,,36818,7203,,,1,30,,36827,7203,,,1,70,,36808,7203,,,1,30,,36813,7203,,,1,70,,36819,7203,,,1,30,,36828,7203,,,1,70,,36809,7203,,,1,30,,36814,7203,,,1,70,,36820,7203,,,1,30,,36803,7203,,,1,70,,36821,7203,,,1,30,,36815,7203,,,1,70,,36829,7203,,,1,30,,36804,7203,,,1,70,,36822,7203,,,1,30,,36816,7203,,,1,70,,36830,7203,,,1,100,,36823,7203,,,1,100,,36831,7203,,,1,100,,36824,7203,,,1,100,,36832,7203,,,1,97,,36825,7203,,,1,100,,36805,7203,,,1,100,,36810,7203,,,1
8800,'SA',719,,36836,7203,,,1,30,,36860,7203,,,1,71,,36857,7203,,,1,30,,36848,7203,,,1,71,,36841,7203,,,1,30,,36861,7203,,,1,70,,36858,7203,,,1,30,,36849,7203,,,1,70,,36842,7203,,,1,30,,36853,7203,,,1,70,,36838,7203,,,1,30,,36850,7203,,,1,70,,36843,7203,,,1,30,,36854,7203,,,1,70,,36839,7203,,,1,30,,36833,7203,,,1,70,,36844,7203,,,1,30,,36855,7203,,,1,70,,36840,7203,,,1,30,,36834,7203,,,1,71,,36862,7203,,,1,29,,36856,7203,,,1,71,,36851,7203,,,1,29,,36835,7203,,,1,70,,36845,7203,,,1,100,,36852,7203,,,1,99,,36846,7203,,,1,99,,15203,7203,,,1,100,,36847,7203,,,1,100,,36859,7203,,,1,100,,36837,7203,,,1
8800,'SE',720,,49597,7203,,,1,21,,49625,7203,,,1,15,,49606,7203,,,1,54,,49611,7203,,,1,15,,49627,7203,,,1,15,,49600,7203,,,1,15,,49626,7203,,,1,69,,49586,7203,,,1,30,,49620,7203,,,1,70,,49621,7203,,,1,30,,49582,7203,,,1,72,,49588,7203,,,1,30,,49590,7203,,,1,70,,49584,7203,,,1,30,,49583,7203,,,1,70,,49593,7203,,,1,30,,49589,7203,,,1,72,,49623,7203,,,1,30,,49591,7203,,,1,58,,49601,7203,,,1,15,,49607,7203,,,1,15,,49598,7203,,,1,55,,49587,7203,,,1,15,,49629,7203,,,1,15,,49628,7203,,,1,13,,49624,7203,,,1,12,,49585,7203,,,1,52,,49614,7203,,,1,12,,49592,7203,,,1,12,,49602,7203,,,1,12,,49613,7203,,,1,11,,49608,7203,,,1,52,,49599,7203,,,1,12,,49604,7203,,,1,10,,49603,7203,,,1,19,,49605,7203,,,1,55,,49594,7203,,,1,22,,49622,7203,,,1,28,,49609,7203,,,1,70,,49596,7203,,,1,28,,49595,7203,,,1,70,,49615,7203,,,1,30,,49610,7203,,,1,70,,49618,7203,,,1,100,,49616,7203,,,1,99,,49619,7203,,,1,98,,49617,7203,,,1
