1001,'DI',636,,23694,4601,,,1,67,,23668,4601,,,1,30,,23695,4601,,,1,70,,23693,4601,,,1,30,,23686,4601,,,1,78,,23669,4601,,,1,30,,23687,4601,,,1,70,,23670,4601,,,1,30,,23688,4601,,,1,70,,23671,4601,,,1,30,,23689,4601,,,1,70,,23672,4601,,,1,30,,23690,4601,,,1,70,,23673,4601,,,1,30,,23691,4601,,,1,70,,23674,4601,,,1,30,,23692,4601,,,1,70,,23675,4601,,,1,30,,23696,4601,,,1,70,,23676,4601,,,1,30,,23697,4601,,,1,70,,23677,4601,,,1,30,,23698,4601,,,1,70,,23678,4601,,,1,30,,23699,4601,,,1,81,,23679,4601,,,1,100,,23680,4601,,,1,100,,23681,4601,,,1,100,,23682,4601,,,1,100,,23683,4601,,,1,100,,23684,4601,,,1
1001,'F8',535,,23776,4601,,,1,96,,23777,4601,,,1,70,,23772,4601,,,1,30,,23766,4601,,,1,70,,23779,4601,,,1,30,,23778,4601,,,1,78,,23788,4601,,,1,31,,23787,4601,,,1,70,,23789,4601,,,1,30,,23795,4601,,,1,70,,23790,4601,,,1,30,,23796,4601,,,1,70,,23780,4601,,,1,32,,23797,4601,,,1,70,,23781,4601,,,1,30,,23798,4601,,,1,70,,23782,4601,,,1,30,,23767,4601,,,1,70,,23783,4601,,,1,30,,23768,4601,,,1,70,,23784,4601,,,1,30,,23769,4601,,,1,69,,23785,4601,,,1,31,,23770,4601,,,1,70,,23786,4601,,,1,30,,23771,4601,,,1,81,,23791,4601,,,1,100,,23792,4601,,,1,100,,23793,4601,,,1,100,,23794,4601,,,1,100,,23773,4601,,,1,100,,23774,4601,,,1
1001,'F9',636,,23825,4601,,,1,67,,23799,4601,,,1,30,,23826,4601,,,1,70,,23824,4601,,,1,30,,23817,4601,,,1,78,,23800,4601,,,1,30,,23818,4601,,,1,70,,23801,4601,,,1,30,,23819,4601,,,1,70,,23802,4601,,,1,30,,23820,4601,,,1,70,,23803,4601,,,1,30,,23821,4601,,,1,70,,23804,4601,,,1,30,,23822,4601,,,1,70,,23805,4601,,,1,30,,23823,4601,,,1,70,,23806,4601,,,1,30,,23827,4601,,,1,70,,23807,4601,,,1,30,,23828,4601,,,1,70,,23808,4601,,,1,30,,23829,4601,,,1,70,,23809,4601,,,1,30,,23830,4601,,,1,81,,23810,4601,,,1,100,,23811,4601,,,1,100,,23812,4601,,,1,100,,23813,4601,,,1,100,,23814,4601,,,1,100,,23815,4601,,,1
1001,'SA',535,,23841,4601,,,1,96,,23842,4601,,,1,70,,23837,4601,,,1,30,,23831,4601,,,1,70,,23844,4601,,,1,30,,23843,4601,,,1,78,,23853,4601,,,1,31,,23852,4601,,,1,70,,23854,4601,,,1,30,,23860,4601,,,1,70,,23855,4601,,,1,30,,23861,4601,,,1,70,,23845,4601,,,1,32,,23862,4601,,,1,70,,23846,4601,,,1,30,,23863,4601,,,1,70,,23847,4601,,,1,30,,23832,4601,,,1,70,,23848,4601,,,1,30,,23833,4601,,,1,70,,23849,4601,,,1,30,,23834,4601,,,1,69,,23850,4601,,,1,31,,23835,4601,,,1,70,,23851,4601,,,1,30,,23836,4601,,,1,81,,23856,4601,,,1,100,,23857,4601,,,1,100,,23858,4601,,,1,100,,23859,4601,,,1,100,,23838,4601,,,1,100,,23839,4601,,,1
1701,'DI',553,,25564,4736,,,1,100,,25567,4736,,,1,70,,25560,4736,,,1,30,,25550,4736,,,1,70,,25556,4736,,,1,30,,25565,4736,,,1,70,,25578,4736,,,1,30,,25568,4736,,,1,70,,25573,4736,,,1,30,,25551,4736,,,1,70,,25575,4736,,,1,30,,25562,4736,,,1,70,,25571,4736,,,1,30,,25579,4736,,,1,70,,25557,4736,,,1,30,,25574,4736,,,1,70,,25563,4736,,,1,30,,25561,4736,,,1,70,,25577,4736,,,1,29,,25569,4736,,,1,70,,25552,4736,,,1,31,,25559,4736,,,1,70,,25553,4736,,,1,30,,25548,4736,,,1,71,,25554,4736,,,1,30,,25547,4736,,,1,99,,25576,4736,,,1,100,,25570,4736,,,1,100,,25555,4736,,,1,100,,25572,4736,,,1,100,,25558,4736,,,1,100,,25549,4736,,,1
1701,'F8',554,,25673,4736,,,1,100,,25667,4736,,,1,70,,25662,4736,,,1,30,,25677,4736,,,1,70,,25649,4736,,,1,30,,25661,4736,,,1,70,,25674,4736,,,1,30,,25659,4736,,,1,70,,25648,4736,,,1,30,,25668,4736,,,1,70,,25650,4736,,,1,30,,25654,4736,,,1,70,,25646,4736,,,1,30,,25656,4736,,,1,70,,25663,4736,,,1,30,,25669,4736,,,1,70,,25675,4736,,,1,30,,25655,4736,,,1,70,,25676,4736,,,1,30,,25664,4736,,,1,70,,25671,4736,,,1,29,,25670,4736,,,1,70,,25651,4736,,,1,31,,25653,4736,,,1,70,,25652,4736,,,1,31,,25657,4736,,,1,99,,25672,4736,,,1,100,,25665,4736,,,1,100,,25660,4736,,,1,100,,25658,4736,,,1,100,,25647,4736,,,1,100,,25678,4736,,,1
1701,'F9',553,,25696,4736,,,1,100,,25699,4736,,,1,70,,25692,4736,,,1,30,,25682,4736,,,1,70,,25688,4736,,,1,30,,25697,4736,,,1,70,,25710,4736,,,1,30,,25700,4736,,,1,70,,25705,4736,,,1,30,,25683,4736,,,1,70,,25707,4736,,,1,30,,25694,4736,,,1,70,,25703,4736,,,1,30,,25711,4736,,,1,70,,25689,4736,,,1,30,,25706,4736,,,1,70,,25695,4736,,,1,30,,25693,4736,,,1,70,,25709,4736,,,1,29,,25701,4736,,,1,70,,25684,4736,,,1,31,,25691,4736,,,1,70,,25685,4736,,,1,30,,25680,4736,,,1,71,,25686,4736,,,1,30,,25679,4736,,,1,99,,25708,4736,,,1,100,,25702,4736,,,1,100,,25687,4736,,,1,100,,25704,4736,,,1,100,,25690,4736,,,1,100,,25681,4736,,,1
1701,'SA',554,,25737,4736,,,1,100,,25731,4736,,,1,70,,25727,4736,,,1,30,,25741,4736,,,1,70,,25715,4736,,,1,30,,5087,4736,,,1,70,,25738,4736,,,1,30,,25725,4736,,,1,70,,25714,4736,,,1,30,,25732,4736,,,1,70,,25716,4736,,,1,30,,25720,4736,,,1,70,,25712,4736,,,1,30,,25722,4736,,,1,70,,25728,4736,,,1,30,,25733,4736,,,1,70,,25739,4736,,,1,30,,25721,4736,,,1,70,,25740,4736,,,1,30,,25729,4736,,,1,70,,25735,4736,,,1,29,,25734,4736,,,1,70,,25717,4736,,,1,31,,25719,4736,,,1,70,,25718,4736,,,1,31,,25723,4736,,,1,99,,25736,4736,,,1,100,,5098,4736,,,1,100,,25726,4736,,,1,100,,25724,4736,,,1,100,,25713,4736,,,1,100,,25742,4736,,,1
7601,'SE',506,,34976,1854,,,1,30,,34978,1854,,,1,70,,34985,1854,,,1,24,,34972,1854,,,1,21,,34968,1854,,,1,60,,34999,1854,,,1,19,,34974,1854,,,1,4,,34990,1854,,,1,5,,34969,1854,,,1,15,,35000,1854,,,1,61,,34986,1854,,,1,23,,34966,1854,,,1,66,,35001,1854,,,1,30,,34962,1854,,,1,70,,34973,1854,,,1,30,,34965,1854,,,1,70,,35004,1854,,,1,30,,34963,1854,,,1,70,,34967,1854,,,1,30,,34980,1854,,,1,70,,34982,1854,,,1,30,,34970,1854,,,1,70,,34991,1854,,,1,32,,35005,1854,,,1,74,,34992,1854,,,1,26,,34981,1854,,,1,72,,34977,1854,,,1,33,,34993,1854,,,1,64,,34971,1854,,,1,17,,34979,1854,,,1,20,,35007,1854,,,1,61,,35006,1854,,,1,17,,34984,1854,,,1,20,,35002,1854,,,1,66,,34998,1854,,,1,30,,34983,1854,,,1,70,,34975,1854,,,1,30,,34987,1854,,,1,70,,34994,1854,,,1,30,,34988,1854,,,1,70,,34995,1854,,,1,29,,34989,1854,,,1,70,,34996,1854,,,1,30,,34964,1854,,,1,70,,34997,1854,,,1,30,,35003,1854,,,1
57201,'SE',840,,40732,948,,,2
67601,'SE',739,,40889,3099,,,2
