2001,'DI',543,,26482,3992,,,2,100,,26476,3992,,,2,100,,26479,3992,,,2,100,,26483,3992,,,2,100,,26474,3992,,,2,100,,26480,3992,,,2,97,,26484,3992,,,2,103,,26485,3992,,,2,100,,26481,3992,,,2,100,,26486,3992,,,2,100,,26477,3992,,,2,97,,26489,3992,,,2,103,,26490,3992,,,2,100,,26478,3992,,,2,100,,26487,3992,,,2,100,,26475,3992,,,2,100,,26491,3992,,,2,100,,26488,3992,,,2,100,,26492,3992,,,2
2001,'F1',543,,45461,3992,,,2,100,,45455,3992,,,2,100,,45458,3992,,,2,100,,45462,3992,,,2,100,,45453,3992,,,2,100,,45459,3992,,,2,97,,45463,3992,,,2,103,,45464,3992,,,2,100,,45460,3992,,,2,100,,45465,3992,,,2,100,,45456,3992,,,2,97,,45468,3992,,,2,103,,45469,3992,,,2,100,,45457,3992,,,2,100,,45466,3992,,,2,100,,45454,3992,,,2,100,,45470,3992,,,2,100,,45467,3992,,,2,100,,45471,3992,,,2
2001,'F2',544,,45490,3992,,,2,100,,45492,3992,,,2,100,,45485,3992,,,2,100,,45482,3992,,,2,100,,45476,3992,,,2,100,,45478,3992,,,2,100,,45477,3992,,,2,100,,45486,3992,,,2,100,,45479,3992,,,2,100,,45480,3992,,,2,100,,45491,3992,,,2,96,,45487,3992,,,2,104,,45488,3992,,,2,104,,45489,3992,,,2,96,,45474,3992,,,2,100,,45483,3992,,,2,100,,45481,3992,,,2,100,,45473,3992,,,2,100,,45493,3992,,,2,100,,45484,3992,,,2
2001,'F8',544,,26606,3992,,,2,100,,26608,3992,,,2,100,,26601,3992,,,2,100,,26598,3992,,,2,100,,26592,3992,,,2,100,,26594,3992,,,2,100,,26593,3992,,,2,100,,26602,3992,,,2,100,,26595,3992,,,2,100,,26596,3992,,,2,100,,26607,3992,,,2,96,,26603,3992,,,2,104,,26604,3992,,,2,104,,26605,3992,,,2,96,,26590,3992,,,2,100,,26599,3992,,,2,100,,26597,3992,,,2,100,,26589,3992,,,2,100,,26609,3992,,,2,100,,26600,3992,,,2
2001,'F9',543,,26618,3992,,,2,100,,26612,3992,,,2,100,,26615,3992,,,2,100,,26619,3992,,,2,100,,26610,3992,,,2,100,,26616,3992,,,2,97,,26620,3992,,,2,103,,26621,3992,,,2,100,,26617,3992,,,2,100,,26622,3992,,,2,100,,26613,3992,,,2,97,,26625,3992,,,2,103,,26626,3992,,,2,100,,26614,3992,,,2,100,,26623,3992,,,2,100,,26611,3992,,,2,100,,26627,3992,,,2,100,,26624,3992,,,2,100,,26628,3992,,,2
2001,'SA',544,,26646,3992,,,2,100,,26648,3992,,,2,100,,5908,3992,,,2,100,,26639,3992,,,2,100,,26633,3992,,,2,100,,26635,3992,,,2,100,,26634,3992,,,2,100,,26642,3992,,,2,100,,26636,3992,,,2,100,,26637,3992,,,2,100,,26647,3992,,,2,96,,26643,3992,,,2,104,,26644,3992,,,2,104,,26645,3992,,,2,96,,26631,3992,,,2,100,,26640,3992,,,2,100,,26638,3992,,,2,100,,26630,3992,,,2,100,,26649,3992,,,2,100,,26641,3992,,,2
2001,'SE',529,,45511,3992,,,2,76,,45513,3992,,,2,20,,45543,3992,,,2,15,,45510,3992,,,2,10,,45509,3992,,,2,50,,45538,3992,,,2,10,,45534,3992,,,2,10,,45542,3992,,,2,10,,45514,3992,,,2,14,,45515,3992,,,2,11,,45516,3992,,,2,58,,45517,3992,,,2,21,,45518,3992,,,2,71,,45527,3992,,,2,30,,45539,3992,,,2,70,,45537,3992,,,2,31,,45494,3992,,,2,70,,45499,3992,,,2,30,,45507,3992,,,2,70,,45519,3992,,,2,30,,45502,3992,,,2,70,,45500,3992,,,2,30,,45508,3992,,,2,70,,45540,3992,,,2,30,,45503,3992,,,2,70,,45501,3992,,,2,31,,45506,3992,,,2,63,,45521,3992,,,2,15,,45530,3992,,,2,15,,45495,3992,,,2,15,,45535,3992,,,2,55,,45497,3992,,,2,13,,45532,3992,,,2,18,,45531,3992,,,2,16,,45496,3992,,,2,12,,45522,3992,,,2,54,,45498,3992,,,2,14,,45533,3992,,,2,13,,45520,3992,,,2,13,,45523,3992,,,2,55,,45536,3992,,,2,28,,45505,3992,,,2,70,,45524,3992,,,2,30,,45528,3992,,,2,70,,45512,3992,,,2,30,,45544,3992,,,2,70,,45525,3992,,,2,100,,45529,3992,,,2,100,,45526,3992,,,2,100,,45504,3992,,,2
2200,'SE',623,,45806,5626,,,2,92,,45808,5626,,,2,25,,45807,5626,,,2,893,,45809,5626,,,2,80,,45811,5626,,,2,20,,45805,5626,,,2,70,,45810,5626,,,2,40,,45812,5626,,,2
2300,'F2',703,,45829,9204,,,1,100,,45830,9204,,,1,100,,45821,9204,,,1,102,,45822,9204,,,1,99,,45825,9204,,,1,103,,45826,9204,,,1,97,,45831,9204,,,1,100,,45832,9204,,,1,100,,45828,9204,,,1,100,,45827,9204,,,1,100,,45823,9204,,,1,101,,45824,9204,,,1
2300,'F8',703,,27462,9204,,,1,100,,27463,9204,,,1,100,,27454,9204,,,1,102,,27455,9204,,,1,99,,27458,9204,,,1,103,,27459,9204,,,1,97,,27464,9204,,,1,100,,27465,9204,,,1,100,,27461,9204,,,1,100,,27460,9204,,,1,100,,27456,9204,,,1,101,,27457,9204,,,1
2300,'SA',703,,27474,9204,,,1,100,,27475,9204,,,1,100,,27466,9204,,,1,102,,27467,9204,,,1,99,,27470,9204,,,1,103,,27471,9204,,,1,97,,27476,9204,,,1,100,,27477,9204,,,1,100,,27473,9204,,,1,100,,27472,9204,,,1,100,,27468,9204,,,1,101,,27469,9204,,,1
2300,'SE',1006,,45837,9204,,,1,100,,45833,9204,,,1,100,,45836,9204,,,1,100,,45834,9204,,,1,100,,45835,9204,,,1
12300,'DI',633,,37610,9204,0,42 43,1,100,,37620,9204,0,42 43,1,100,,37611,9204,0,42 43,1,100,,37621,9204,0,42 43,1,100,,37612,9204,0,42 43,1,100,,37622,9204,0,42 43,1,105,,37613,9204,0,42 43,1,95,,37623,9204,0,42 43,1,100,,37614,9204,0,42 43,1,100,,37624,9204,0,42 43,1,100,,37615,9204,0,42 43,1,100,,37625,9204,0,42 43,1,100,,37616,9204,0,42 43,1,100,,37626,9204,0,42 43,1,100,,37617,9204,0,42 43,1,100,,37627,9204,0,42 43,1,100,,37618,9204,0,42 43,1,100,,37628,9204,0,42 43,1,100,,37619,9204,0,42 43,1
12300,'F1',633,,49910,9204,0,42 43,1,100,,49920,9204,0,42 43,1,100,,49911,9204,0,42 43,1,100,,49921,9204,0,42 43,1,100,,49912,9204,0,42 43,1,100,,49922,9204,0,42 43,1,105,,49913,9204,0,42 43,1,95,,49923,9204,0,42 43,1,100,,49914,9204,0,42 43,1,100,,49924,9204,0,42 43,1,100,,49915,9204,0,42 43,1,100,,49925,9204,0,42 43,1,100,,49916,9204,0,42 43,1,100,,49926,9204,0,42 43,1,100,,49917,9204,0,42 43,1,100,,49927,9204,0,42 43,1,100,,49918,9204,0,42 43,1,100,,49928,9204,0,42 43,1,100,,49919,9204,0,42 43,1
12300,'F2',633,,49930,9204,0,42 43,1,100,,49929,9204,0,42 43,1,100,,49931,9204,0,42 43,1,105,,49940,9204,0,42 43,1,99,,49932,9204,0,42 43,1,100,,49941,9204,0,42 43,1,100,,49933,9204,0,42 43,1,96,,49942,9204,0,42 43,1,100,,49934,9204,0,42 43,1,100,,49943,9204,0,42 43,1,104,,49935,9204,0,42 43,1,101,,49944,9204,0,42 43,1,99,,49936,9204,0,42 43,1,96,,49945,9204,0,42 43,1,100,,49937,9204,0,42 43,1,100,,49946,9204,0,42 43,1,100,,49938,9204,0,42 43,1,100,,49947,9204,0,42 43,1,100,,49939,9204,0,42 43,1
12300,'F8',633,,37705,9204,0,42 43,1,100,,37704,9204,0,42 43,1,100,,37706,9204,0,42 43,1,105,,37715,9204,0,42 43,1,99,,37707,9204,0,42 43,1,100,,37716,9204,0,42 43,1,100,,37708,9204,0,42 43,1,96,,37717,9204,0,42 43,1,100,,37709,9204,0,42 43,1,100,,37718,9204,0,42 43,1,104,,37710,9204,0,42 43,1,101,,37719,9204,0,42 43,1,99,,37711,9204,0,42 43,1,96,,37720,9204,0,42 43,1,100,,37712,9204,0,42 43,1,100,,37721,9204,0,42 43,1,100,,37713,9204,0,42 43,1,100,,37722,9204,0,42 43,1,100,,37714,9204,0,42 43,1
12300,'F9',633,,37723,9204,0,42 43,1,100,,37733,9204,0,42 43,1,100,,37724,9204,0,42 43,1,100,,37734,9204,0,42 43,1,100,,37725,9204,0,42 43,1,100,,37735,9204,0,42 43,1,105,,37726,9204,0,42 43,1,95,,37736,9204,0,42 43,1,100,,37727,9204,0,42 43,1,100,,37737,9204,0,42 43,1,100,,37728,9204,0,42 43,1,100,,37738,9204,0,42 43,1,100,,37729,9204,0,42 43,1,100,,37739,9204,0,42 43,1,100,,37730,9204,0,42 43,1,100,,37740,9204,0,42 43,1,100,,37731,9204,0,42 43,1,100,,37741,9204,0,42 43,1,100,,37732,9204,0,42 43,1
12300,'SA',633,,37743,9204,0,42 43,1,100,,37742,9204,0,42 43,1,100,,37744,9204,0,42 43,1,105,,37753,9204,0,42 43,1,99,,37745,9204,0,42 43,1,100,,37754,9204,0,42 43,1,100,,37746,9204,0,42 43,1,96,,37755,9204,0,42 43,1,100,,37747,9204,0,42 43,1,100,,37756,9204,0,42 43,1,104,,37748,9204,0,42 43,1,101,,37757,9204,0,42 43,1,99,,37749,9204,0,42 43,1,96,,37758,9204,0,42 43,1,100,,37750,9204,0,42 43,1,100,,37759,9204,0,42 43,1,100,,37751,9204,0,42 43,1,100,,37760,9204,0,42 43,1,100,,37752,9204,0,42 43,1
12300,'SE',525,,49961,9204,0,42 43,1,33,,49949,9204,0,42 43,1,55,,49984,9204,0,42 43,1,10,,49964,9204,0,42 43,1,10,,49954,9204,0,42 43,1,10,,49952,9204,0,42 43,1,13,,49967,9204,0,42 43,1,48,,49956,9204,0,42 43,1,12,,49968,9204,0,42 43,1,10,,49953,9204,0,42 43,1,21,,49970,9204,0,42 43,1,57,,49974,9204,0,42 43,1,31,,49965,9204,0,42 43,1,66,,49971,9204,0,42 43,1,29,,49951,9204,0,42 43,1,102,,49972,9204,0,42 43,1,100,,49957,9204,0,42 43,1,99,,49966,9204,0,42 43,1,103,,49958,9204,0,42 43,1,5,,49955,9204,0,42 43,1,93,,49969,9204,0,42 43,1,70,,49959,9204,0,42 43,1,33,,49976,9204,0,42 43,1,66,,49980,9204,0,42 43,1,31,,49975,9204,0,42 43,1,71,,49950,9204,0,42 43,1,31,,49960,9204,0,42 43,1,68,,49977,9204,0,42 43,1,35,,49973,9204,0,42 43,1,68,,49962,9204,0,42 43,1,30,,49981,9204,0,42 43,1,68,,49963,9204,0,42 43,1,30,,49948,9204,0,42 43,1,100,,49982,9204,0,42 43,1,100,,49978,9204,0,42 43,1,97,,49983,9204,0,42 43,1,100,,49979,9204,0,42 43,1
16100,'DI',614,,38650,9327,,,2,30,,38638,9327,0,35 36,2,70,,38648,9327,0,35 36,2,30,,38641,9327,0,35 36,2,70,,38642,9327,0,35 36,2,30,,38644,9327,0,35 36,2,702,,38639,9327,0,35 36,2,68,,38643,9327,0,35 36,2,32,,38640,9327,0,35 36,2,70,,38646,9327,0,35 36,2,30,,38649,9327,,,2,72,,38645,9327,0,35 36,2,30,,38647,9327,0,35 36,2
16100,'F1',614,,50332,9327,,,2,30,,50320,9327,0,35 36,2,70,,50330,9327,0,35 36,2,30,,50323,9327,0,35 36,2,70,,50324,9327,0,35 36,2,30,,50326,9327,0,35 36,2,702,,50321,9327,0,35 36,2,68,,50325,9327,0,35 36,2,32,,50322,9327,0,35 36,2,70,,50328,9327,0,35 36,2,30,,50331,9327,,,2,72,,50327,9327,0,35 36,2,30,,50329,9327,0,35 36,2
16100,'F2',614,,50344,9327,,,2,30,,50337,9327,0,35 36,2,70,,50338,9327,0,35 36,2,30,,50335,9327,0,35 36,2,70,,50341,9327,0,35 36,2,30,,50339,9327,0,35 36,2,700,,50336,9327,0,35 36,2,71,,50333,9327,0,35 36,2,31,,50342,9327,0,35 36,2,70,,50345,9327,,,2,31,,50334,9327,0,35 36,2,71,,50343,9327,0,35 36,2,29,,50340,9327,0,35 36,2
16100,'F8',614,,38707,9327,,,2,30,,38700,9327,0,35 36,2,70,,38701,9327,0,35 36,2,30,,38698,9327,0,35 36,2,70,,38704,9327,0,35 36,2,30,,38702,9327,0,35 36,2,700,,38699,9327,0,35 36,2,71,,38696,9327,0,35 36,2,31,,38705,9327,0,35 36,2,70,,38708,9327,,,2,31,,38697,9327,0,35 36,2,71,,38706,9327,0,35 36,2,29,,38703,9327,0,35 36,2
16100,'F9',614,,38721,9327,,,2,30,,38709,9327,0,35 36,2,70,,38719,9327,0,35 36,2,30,,38712,9327,0,35 36,2,70,,38713,9327,0,35 36,2,30,,38715,9327,0,35 36,2,702,,38710,9327,0,35 36,2,68,,38714,9327,0,35 36,2,32,,38711,9327,0,35 36,2,70,,38717,9327,0,35 36,2,30,,38720,9327,,,2,72,,38716,9327,0,35 36,2,30,,38718,9327,0,35 36,2
16100,'SA',614,,38733,9327,,,2,30,,38726,9327,0,35 36,2,70,,38727,9327,0,35 36,2,30,,38724,9327,0,35 36,2,70,,38730,9327,0,35 36,2,30,,38728,9327,0,35 36,2,700,,38725,9327,0,35 36,2,71,,38722,9327,0,35 36,2,31,,38731,9327,0,35 36,2,70,,38734,9327,,,2,31,,38723,9327,0,35 36,2,71,,38732,9327,0,35 36,2,29,,38729,9327,0,35 36,2
16100,'SE',653,,50359,9216,,,2,64,,50360,9216,,,2,25,,50358,9216,,,2,61,,50348,9216,0,35 36,2,21,,50347,9216,0,35 36,2,17,,50346,9216,0,35 36,2,363,,50363,9327,,,2,298,,50350,9327,0,35 36,2,30,,50349,9327,0,35 36,2,21,,50361,9327,,,2,60,,50351,9327,0,35 36,2,20,,50365,9327,,,2,20,,50354,9327,0,35 36,2,60,,50362,9327,,,2,20,,50352,9327,0,35 36,2,20,,50355,9327,0,35 36,2,60,,50364,9327,,,2,20,,50357,9327,0,35 36,2,20,,50353,9327,0,35 36,2,60,,50356,9327,0,35 36,2
