1401,'SE',600,,44650,4534,,,1,30,,44645,4534,,,1,20,,44648,4534,,,1,56,,44651,4534,,,1,16,,44649,4534,,,1,12,,44642,4534,,,1,16,,44647,4534,,,1,54,,44646,4534,,,1,14,,44652,4534,,,1,16,,44644,4534,,,1,16,,44643,4534,,,1,61,,44653,4534,,,1,24,,44664,4534,,,1,100,,44658,4534,,,1,100,,44663,4534,,,1,100,,44662,4534,,,1,100,,44656,4534,,,1,100,,44655,4534,,,1,100,,44659,4534,,,1,85,,44661,4534,,,1,16,,44657,4534,,,1,19,,44665,4534,,,1,64,,44660,4534,,,1,19,,44669,4534,,,1,21,,44654,4534,,,1,60,,44668,4534,,,1,18,,44666,4534,,,1,68,,44667,4534,,,1
4301,'DI',809,,29856,4795,,,1,100,,29849,4795,,,1,100,,29850,4795,,,1,100,,29851,4795,,,1,101,,29852,4795,,,1,100,,29841,4795,,,1,100,,29842,4795,,,1,100,,29847,4795,,,1,101,,29848,4795,,,1,99,,29853,4795,,,1,100,,29843,4795,,,1,99,,29844,4795,,,1,100,,29845,4795,,,1,100,,29854,4795,,,1,100,,29846,4795,,,1,100,,29857,4795,,,1,99,,29855,4795,,,1,100,,29858,4795,,,1
4301,'F1',809,,46825,4795,,,1,100,,46818,4795,,,1,100,,46819,4795,,,1,100,,46820,4795,,,1,101,,46821,4795,,,1,100,,46810,4795,,,1,100,,46811,4795,,,1,100,,46816,4795,,,1,101,,46817,4795,,,1,99,,46822,4795,,,1,100,,46812,4795,,,1,99,,46813,4795,,,1,100,,46814,4795,,,1,100,,46823,4795,,,1,100,,46815,4795,,,1,100,,46826,4795,,,1,99,,46824,4795,,,1,100,,46827,4795,,,1
4301,'F2',709,,46836,4795,,,1,100,,46830,4795,,,1,100,,46845,4795,,,1,100,,46841,4795,,,1,100,,46846,4795,,,1,100,,46828,4795,,,1,101,,46835,4795,,,1,100,,46838,4795,,,1,100,,46844,4795,,,1,101,,46829,4795,,,1,99,,46837,4795,,,1,100,,46833,4795,,,1,99,,46839,4795,,,1,100,,46831,4795,,,1,100,,46842,4795,,,1,100,,46834,4795,,,1,100,,46832,4795,,,1,99,,46840,4795,,,1,100,,46843,4795,,,1
4301,'F8',709,,29931,4795,,,1,100,,29925,4795,,,1,100,,29940,4795,,,1,100,,29936,4795,,,1,100,,29941,4795,,,1,100,,29923,4795,,,1,101,,29930,4795,,,1,100,,29933,4795,,,1,100,,29939,4795,,,1,101,,29924,4795,,,1,99,,29932,4795,,,1,100,,29928,4795,,,1,99,,29934,4795,,,1,100,,29926,4795,,,1,100,,29937,4795,,,1,100,,29929,4795,,,1,100,,29927,4795,,,1,99,,29935,4795,,,1,100,,29938,4795,,,1
4301,'F9',809,,29957,4795,,,1,100,,29950,4795,,,1,100,,29951,4795,,,1,100,,29952,4795,,,1,101,,29953,4795,,,1,100,,29942,4795,,,1,100,,29943,4795,,,1,100,,29948,4795,,,1,101,,29949,4795,,,1,99,,29954,4795,,,1,100,,29944,4795,,,1,99,,29945,4795,,,1,100,,29946,4795,,,1,100,,29955,4795,,,1,100,,29947,4795,,,1,100,,29958,4795,,,1,99,,29956,4795,,,1,100,,29959,4795,,,1
4301,'SA',709,,29968,4795,,,1,100,,29962,4795,,,1,100,,29976,4795,,,1,100,,29973,4795,,,1,100,,29977,4795,,,1,100,,29960,4795,,,1,101,,29967,4795,,,1,100,,29970,4795,,,1,100,,8946,4795,,,1,101,,29961,4795,,,1,99,,29969,4795,,,1,100,,29965,4795,,,1,99,,29971,4795,,,1,100,,29963,4795,,,1,100,,29974,4795,,,1,100,,29966,4795,,,1,100,,29964,4795,,,1,99,,29972,4795,,,1,100,,29975,4795,,,1
4301,'SE',656,,46854,4795,,,1,73,,46869,4795,,,1,73,,46866,4795,,,1,22,,46858,4795,,,1,80,,46859,4795,,,1,25,,46849,4795,,,1,30,,46847,4795,,,1,100,,46855,4795,,,1,100,,46848,4795,,,1,100,,46856,4795,,,1,100,,46871,4795,,,1,96,,46867,4795,,,1,74,,46853,4795,,,1,27,,46860,4795,,,1,81,,46861,4795,,,1,66,,46868,4795,,,1,28,,46862,4795,,,1,71,,46851,4795,,,1,30,,46850,4795,,,1,70,,46865,4795,,,1,99,,46852,4795,,,1,100,,46857,4795,,,1,100,,46863,4795,,,1,99,,46870,4795,,,1,100,,46872,4795,,,1,100,,46864,4795,,,1
21400,'DI',913,,39011,4534,,,1,100,,39012,4534,,,1,100,,39013,4534,,,1,100,,39014,4534,,,1,100,,39015,4534,,,1,100,,39016,4534,,,1,100,,39017,4534,,,1,100,,39018,4534,,,1,100,,39019,4534,,,1,100,,39020,4534,,,1
21400,'F1',913,,50482,4534,,,1,100,,50483,4534,,,1,100,,50484,4534,,,1,100,,50485,4534,,,1,100,,50486,4534,,,1,100,,50487,4534,,,1,100,,50488,4534,,,1,100,,50489,4534,,,1,100,,50490,4534,,,1,100,,50491,4534,,,1
21400,'F2',913,,50492,4534,,,1,100,,50493,4534,,,1,100,,50494,4534,,,1,100,,50495,4534,,,1,100,,50496,4534,,,1,100,,50497,4534,,,1,100,,50498,4534,,,1,100,,50499,4534,,,1,100,,50500,4534,,,1,100,,50501,4534,,,1
21400,'F8',913,,39034,4534,,,1,100,,39035,4534,,,1,100,,39036,4534,,,1,100,,39037,4534,,,1,100,,39038,4534,,,1,100,,39039,4534,,,1,100,,39040,4534,,,1,100,,39041,4534,,,1,100,,39042,4534,,,1,100,,39043,4534,,,1
21400,'F9',913,,39044,4534,,,1,100,,39045,4534,,,1,100,,39046,4534,,,1,100,,39047,4534,,,1,100,,39048,4534,,,1,100,,39049,4534,,,1,100,,39050,4534,,,1,100,,39051,4534,,,1,100,,39052,4534,,,1,100,,39053,4534,,,1
21400,'SA',913,,39054,4534,,,1,100,,39055,4534,,,1,100,,39056,4534,,,1,100,,39057,4534,,,1,100,,39058,4534,,,1,100,,39059,4534,,,1,100,,39060,4534,,,1,100,,39061,4534,,,1,100,,39062,4534,,,1,100,,39063,4534,,,1
