1701,'DI',604,,25564,8730,,,1,100,,25567,8730,,,1,30,,25560,8730,,,1,70,,25550,8730,,,1,30,,25556,8730,,,1,70,,25565,8730,,,1,30,,25578,8730,,,1,70,,25568,8730,,,1,30,,25573,8730,,,1,70,,25551,8730,,,1,30,,25575,8730,,,1,70,,25562,8730,,,1,30,,25571,8730,,,1,70,,25579,8730,,,1,30,,25557,8730,,,1,70,,25574,8730,,,1,30,,25563,8730,,,1,70,,25561,8730,,,1,30,,25577,8730,,,1,69,,25569,8730,,,1,30,,25552,8730,,,1,71,,25559,8730,,,1,30,,25553,8730,,,1,70,,25548,8730,,,1,31,,25554,8730,,,1,70,,25547,8730,,,1,99,,25576,8730,,,1,100,,25570,8730,,,1,100,,25555,8730,,,1,100,,25572,8730,,,1,100,,25558,8730,,,1,100,,25549,8730,,,1
1701,'F1',604,,45121,8730,,,1,100,,45124,8730,,,1,30,,45117,8730,,,1,70,,45107,8730,,,1,30,,45113,8730,,,1,70,,45122,8730,,,1,30,,45135,8730,,,1,70,,45125,8730,,,1,30,,45130,8730,,,1,70,,45108,8730,,,1,30,,45132,8730,,,1,70,,45119,8730,,,1,30,,45128,8730,,,1,70,,45136,8730,,,1,30,,45114,8730,,,1,70,,45131,8730,,,1,30,,45120,8730,,,1,70,,45118,8730,,,1,30,,45134,8730,,,1,69,,45126,8730,,,1,30,,45109,8730,,,1,71,,45116,8730,,,1,30,,45110,8730,,,1,70,,45105,8730,,,1,31,,45111,8730,,,1,70,,45104,8730,,,1,99,,45133,8730,,,1,100,,45127,8730,,,1,100,,45112,8730,,,1,100,,45129,8730,,,1,100,,45115,8730,,,1,100,,45106,8730,,,1
1701,'F2',604,,45164,8730,,,1,100,,45158,8730,,,1,30,,45153,8730,,,1,70,,45168,8730,,,1,30,,45140,8730,,,1,70,,45152,8730,,,1,30,,45165,8730,,,1,70,,45150,8730,,,1,30,,45139,8730,,,1,70,,45159,8730,,,1,30,,45141,8730,,,1,70,,45145,8730,,,1,30,,45137,8730,,,1,70,,45147,8730,,,1,30,,45154,8730,,,1,70,,45160,8730,,,1,30,,45166,8730,,,1,70,,45146,8730,,,1,30,,45167,8730,,,1,70,,45155,8730,,,1,30,,45162,8730,,,1,69,,45161,8730,,,1,30,,45142,8730,,,1,71,,45144,8730,,,1,30,,45143,8730,,,1,71,,45148,8730,,,1,99,,45163,8730,,,1,100,,45156,8730,,,1,100,,45151,8730,,,1,100,,45149,8730,,,1,100,,45138,8730,,,1,100,,45169,8730,,,1
1701,'F8',604,,25673,8730,,,1,100,,25667,8730,,,1,30,,25662,8730,,,1,70,,25677,8730,,,1,30,,25649,8730,,,1,70,,25661,8730,,,1,30,,25674,8730,,,1,70,,25659,8730,,,1,30,,25648,8730,,,1,70,,25668,8730,,,1,30,,25650,8730,,,1,70,,25654,8730,,,1,30,,25646,8730,,,1,70,,25656,8730,,,1,30,,25663,8730,,,1,70,,25669,8730,,,1,30,,25675,8730,,,1,70,,25655,8730,,,1,30,,25676,8730,,,1,70,,25664,8730,,,1,30,,25671,8730,,,1,69,,25670,8730,,,1,30,,25651,8730,,,1,71,,25653,8730,,,1,30,,25652,8730,,,1,71,,25657,8730,,,1,99,,25672,8730,,,1,100,,25665,8730,,,1,100,,25660,8730,,,1,100,,25658,8730,,,1,100,,25647,8730,,,1,100,,25678,8730,,,1
1701,'F9',604,,25696,8730,,,1,100,,25699,8730,,,1,30,,25692,8730,,,1,70,,25682,8730,,,1,30,,25688,8730,,,1,70,,25697,8730,,,1,30,,25710,8730,,,1,70,,25700,8730,,,1,30,,25705,8730,,,1,70,,25683,8730,,,1,30,,25707,8730,,,1,70,,25694,8730,,,1,30,,25703,8730,,,1,70,,25711,8730,,,1,30,,25689,8730,,,1,70,,25706,8730,,,1,30,,25695,8730,,,1,70,,25693,8730,,,1,30,,25709,8730,,,1,69,,25701,8730,,,1,30,,25684,8730,,,1,71,,25691,8730,,,1,30,,25685,8730,,,1,70,,25680,8730,,,1,31,,25686,8730,,,1,70,,25679,8730,,,1,99,,25708,8730,,,1,100,,25702,8730,,,1,100,,25687,8730,,,1,100,,25704,8730,,,1,100,,25690,8730,,,1,100,,25681,8730,,,1
1701,'SA',604,,25737,8730,,,1,100,,25731,8730,,,1,30,,25727,8730,,,1,70,,25741,8730,,,1,30,,25715,8730,,,1,70,,5087,8730,,,1,30,,25738,8730,,,1,70,,25725,8730,,,1,30,,25714,8730,,,1,70,,25732,8730,,,1,30,,25716,8730,,,1,70,,25720,8730,,,1,30,,25712,8730,,,1,70,,25722,8730,,,1,30,,25728,8730,,,1,70,,25733,8730,,,1,30,,25739,8730,,,1,70,,25721,8730,,,1,30,,25740,8730,,,1,70,,25729,8730,,,1,30,,25735,8730,,,1,69,,25734,8730,,,1,30,,25717,8730,,,1,71,,25719,8730,,,1,30,,25718,8730,,,1,71,,25723,8730,,,1,99,,25736,8730,,,1,100,,5098,8730,,,1,100,,25726,8730,,,1,100,,25724,8730,,,1,100,,25713,8730,,,1,100,,25742,8730,,,1
2001,'DI',559,,26482,10949,,,2,100,,26476,10949,,,2,100,,26479,10949,,,2,100,,26483,10949,,,2,100,,26474,10949,,,2,100,,26480,10949,,,2,97,,26484,10949,,,2,103,,26485,10949,,,2,100,,26481,10949,,,2,100,,26486,10949,,,2,100,,26477,10949,,,2,97,,26489,10949,,,2,103,,26490,10949,,,2,100,,26478,10949,,,2,100,,26487,10949,,,2,100,,26475,10949,,,2,100,,26491,10949,,,2,100,,26488,10949,,,2,100,,26492,10949,,,2
2001,'F1',559,,45461,10949,,,2,100,,45455,10949,,,2,100,,45458,10949,,,2,100,,45462,10949,,,2,100,,45453,10949,,,2,100,,45459,10949,,,2,97,,45463,10949,,,2,103,,45464,10949,,,2,100,,45460,10949,,,2,100,,45465,10949,,,2,100,,45456,10949,,,2,97,,45468,10949,,,2,103,,45469,10949,,,2,100,,45457,10949,,,2,100,,45466,10949,,,2,100,,45454,10949,,,2,100,,45470,10949,,,2,100,,45467,10949,,,2,100,,45471,10949,,,2
2001,'F2',600,,45490,10949,,,2,100,,45492,10949,,,2,100,,45485,10949,,,2,100,,45482,10949,,,2,100,,45476,10949,,,2,100,,45478,10949,,,2,100,,45477,10949,,,2,100,,45486,10949,,,2,100,,45479,10949,,,2,100,,45480,10949,,,2,100,,45491,10949,,,2,56,,45487,10949,,,2,144,,45488,10949,,,2,104,,45489,10949,,,2,96,,45474,10949,,,2,100,,45483,10949,,,2,100,,45481,10949,,,2,100,,45473,10949,,,2,100,,45493,10949,,,2,100,,45484,10949,,,2
2001,'F8',600,,26606,10949,,,2,100,,26608,10949,,,2,100,,26601,10949,,,2,100,,26598,10949,,,2,100,,26592,10949,,,2,100,,26594,10949,,,2,100,,26593,10949,,,2,100,,26602,10949,,,2,100,,26595,10949,,,2,100,,26596,10949,,,2,100,,26607,10949,,,2,56,,26603,10949,,,2,144,,26604,10949,,,2,104,,26605,10949,,,2,96,,26590,10949,,,2,100,,26599,10949,,,2,100,,26597,10949,,,2,100,,26589,10949,,,2,100,,26609,10949,,,2,100,,26600,10949,,,2
2001,'F9',559,,26618,10949,,,2,100,,26612,10949,,,2,100,,26615,10949,,,2,100,,26619,10949,,,2,100,,26610,10949,,,2,100,,26616,10949,,,2,97,,26620,10949,,,2,103,,26621,10949,,,2,100,,26617,10949,,,2,100,,26622,10949,,,2,100,,26613,10949,,,2,97,,26625,10949,,,2,103,,26626,10949,,,2,100,,26614,10949,,,2,100,,26623,10949,,,2,100,,26611,10949,,,2,100,,26627,10949,,,2,100,,26624,10949,,,2,100,,26628,10949,,,2
2001,'SA',600,,26646,10949,,,2,100,,26648,10949,,,2,100,,5908,10949,,,2,100,,26639,10949,,,2,100,,26633,10949,,,2,100,,26635,10949,,,2,100,,26634,10949,,,2,100,,26642,10949,,,2,100,,26636,10949,,,2,100,,26637,10949,,,2,100,,26647,10949,,,2,56,,26643,10949,,,2,144,,26644,10949,,,2,104,,26645,10949,,,2,96,,26631,10949,,,2,100,,26640,10949,,,2,100,,26638,10949,,,2,100,,26630,10949,,,2,100,,26649,10949,,,2,100,,26641,10949,,,2
2001,'SE',546,,45511,10949,,,2,76,,45513,10949,,,2,20,,45543,10949,,,2,16,,45510,10949,,,2,50,,45509,10949,,,2,10,,45538,10949,,,2,10,,45534,10949,,,2,10,,45542,10949,,,2,10,,45514,10949,,,2,54,,45515,10949,,,2,11,,45516,10949,,,2,16,,45517,10949,,,2,21,,45518,10949,,,2,71,,45527,10949,,,2,30,,45539,10949,,,2,70,,45537,10949,,,2,31,,45494,10949,,,2,70,,45499,10949,,,2,30,,45507,10949,,,2,70,,45519,10949,,,2,30,,45502,10949,,,2,70,,45500,10949,,,2,30,,45508,10949,,,2,70,,45540,10949,,,2,30,,45503,10949,,,2,70,,45501,10949,,,2,32,,45506,10949,,,2,63,,45521,10949,,,2,15,,45530,10949,,,2,15,,45495,10949,,,2,55,,45535,10949,,,2,15,,45497,10949,,,2,11,,45532,10949,,,2,18,,45531,10949,,,2,56,,45496,10949,,,2,12,,45522,10949,,,2,14,,45498,10949,,,2,13,,45533,10949,,,2,13,,45520,10949,,,2,53,,45523,10949,,,2,15,,45536,10949,,,2,28,,45505,10949,,,2,70,,45524,10949,,,2,30,,45528,10949,,,2,70,,45512,10949,,,2,30,,45544,10949,,,2,70,,45525,10949,,,2,100,,45529,10949,,,2,100,,45526,10949,,,2,100,,45504,10949,,,2
2501,'DI',1610,,27599,13812,,,2
2501,'F1',1610,,45883,13812,,,2
2501,'F2',1610,,45884,13812,,,2
2501,'F8',1610,,27634,13812,,,2
2501,'F9',1610,,27635,13812,,,2
2501,'SA',1610,,27636,13812,,,2
2501,'SE',522,,45907,12175,,,2,30,,45897,12175,,,2,63,,45894,12175,,,2,34,,45908,12175,,,2,76,,45912,13812,,,2,30,,45911,13812,,,2,65,,45898,12175,,,2,30,,45885,12175,,,2,67,,45900,12175,,,2,505,,45890,12175,,,2,31,,45901,12175,,,2,72,,45887,12175,,,2,31,,45914,13812,,,2,60,,45910,13812,,,2,12,,45913,13812,,,2,9,,45906,12175,,,2,19,,45889,12175,,,2,54,,45888,12175,,,2,16,,45892,12175,,,2,28,,45902,12175,,,2,67,,45886,12175,,,2,29,,45893,12175,,,2,99,,45896,12175,,,2,385,,45909,12175,,,2,86,,45915,13812,,,2,12,,45904,12175,,,2,75,,45905,12175,,,2
7601,'SE',516,,48822,5847,,,1,30,,48825,5847,,,1,70,,48826,5847,,,1,26,,48830,5847,,,1,61,,48831,5847,,,1,20,,48827,5847,,,1,20,,48844,5847,,,1,13,,48811,5847,,,1,51,,48814,5847,,,1,21,,48817,5847,,,1,22,,48845,5847,,,1,66,,48815,5847,,,1,30,,48818,5847,,,1,70,,48809,5847,,,1,30,,48828,5847,,,1,70,,48820,5847,,,1,30,,48816,5847,,,1,70,,48812,5847,,,1,30,,48810,5847,,,1,70,,48847,5847,,,1,30,,48807,5847,,,1,70,,48829,5847,,,1,32,,48813,5847,,,1,75,,48819,5847,,,1,26,,48832,5847,,,1,72,,48834,5847,,,1,34,,48824,5847,,,1,64,,48842,5847,,,1,16,,48846,5847,,,1,19,,48848,5847,,,1,61,,48821,5847,,,1,17,,48843,5847,,,1,18,,48851,5847,,,1,66,,48833,5847,,,1,30,,48823,5847,,,1,70,,48808,5847,,,1,30,,48835,5847,,,1,70,,48849,5847,,,1,30,,48836,5847,,,1,70,,48850,5847,,,1,29,,48837,5847,,,1,70,,48840,5847,,,1,30,,48838,5847,,,1,70,,48841,5847,,,1,30,,48839,5847,,,1
8101,'DI',641,,35898,18241,,,1,100,,35895,18241,,,1,100,,35884,18241,,,1,103,,35891,18241,,,1,100,,35885,18241,,,1,100,,35893,18241,,,1,100,,35897,18241,,,1,100,,35899,18241,,,1,100,,35888,18241,,,1,100,,35892,18241,,,1,100,,35883,18241,,,1,96,,35896,18241,,,1,108,,35886,18241,,,1,96,,35894,18241,,,1,100,,35887,18241,,,1,100,,35900,18241,,,1,100,,35889,18241,,,1,100,,35902,18241,,,1,100,,35901,18241,,,1
8101,'F1',641,,49216,18241,,,1,100,,49213,18241,,,1,100,,49202,18241,,,1,103,,49209,18241,,,1,100,,49203,18241,,,1,100,,49211,18241,,,1,100,,49215,18241,,,1,100,,49217,18241,,,1,100,,49206,18241,,,1,100,,49210,18241,,,1,100,,49201,18241,,,1,96,,49214,18241,,,1,108,,49204,18241,,,1,96,,49212,18241,,,1,100,,49205,18241,,,1,100,,49218,18241,,,1,100,,49207,18241,,,1,100,,49220,18241,,,1,100,,49219,18241,,,1
8101,'F2',641,,49226,18241,,,1,100,,49233,18241,,,1,100,,49239,18241,,,1,103,,49234,18241,,,1,100,,49235,18241,,,1,100,,49240,18241,,,1,100,,49221,18241,,,1,100,,49223,18241,,,1,100,,49229,18241,,,1,100,,49236,18241,,,1,100,,49241,18241,,,1,100,,49227,18241,,,1,104,,49230,18241,,,1,96,,49237,18241,,,1,100,,49222,18241,,,1,100,,49231,18241,,,1,100,,49225,18241,,,1,100,,49238,18241,,,1,100,,49232,18241,,,1,100,,49228,18241,,,1
8101,'F8',641,,35979,18241,,,1,100,,35986,18241,,,1,100,,35992,18241,,,1,103,,35987,18241,,,1,100,,35988,18241,,,1,100,,35993,18241,,,1,100,,35974,18241,,,1,100,,35976,18241,,,1,100,,35982,18241,,,1,100,,35989,18241,,,1,100,,35994,18241,,,1,100,,35980,18241,,,1,104,,35983,18241,,,1,96,,35990,18241,,,1,100,,35975,18241,,,1,100,,35984,18241,,,1,100,,35978,18241,,,1,100,,35991,18241,,,1,100,,35985,18241,,,1,100,,35981,18241,,,1
8101,'F9',641,,36010,18241,,,1,100,,36007,18241,,,1,100,,35996,18241,,,1,103,,36003,18241,,,1,100,,35997,18241,,,1,100,,36005,18241,,,1,100,,36009,18241,,,1,100,,36011,18241,,,1,100,,36000,18241,,,1,100,,36004,18241,,,1,100,,35995,18241,,,1,96,,36008,18241,,,1,108,,35998,18241,,,1,96,,36006,18241,,,1,100,,35999,18241,,,1,100,,36012,18241,,,1,100,,36001,18241,,,1,100,,36014,18241,,,1,100,,36013,18241,,,1
8101,'SA',641,,36020,18241,,,1,100,,36027,18241,,,1,100,,36033,18241,,,1,103,,36028,18241,,,1,100,,36029,18241,,,1,100,,14421,18241,,,1,100,,36015,18241,,,1,100,,36017,18241,,,1,100,,36023,18241,,,1,100,,36030,18241,,,1,100,,36034,18241,,,1,100,,36021,18241,,,1,104,,36024,18241,,,1,96,,36031,18241,,,1,100,,36016,18241,,,1,100,,36025,18241,,,1,100,,36019,18241,,,1,100,,36032,18241,,,1,100,,36026,18241,,,1,100,,36022,18241,,,1
8101,'SE',612,,49264,18241,,,1,30,,49257,18241,,,1,62,,49253,18241,,,1,38,,49267,18241,,,1,70,,49254,18241,,,1,31,,49265,18241,,,1,69,,49244,18241,,,1,36,,49266,18241,,,1,98,,49247,18241,,,1,100,,49258,18241,,,1,100,,49245,18241,,,1,100,,49268,18241,,,1,100,,49255,18241,,,1,100,,49248,18241,,,1,71,,49256,18241,,,1,31,,49252,18241,,,1,70,,49242,18241,,,1,30,,49243,18241,,,1,70,,49259,18241,,,1,30,,49269,18241,,,1,70,,49246,18241,,,1,26,,49262,18241,,,1,100,,49249,18241,,,1,100,,49251,18241,,,1,100,,49263,18241,,,1,100,,49260,18241,,,1,100,,49250,18241,,,1,100,,49261,18241,,,1
12501,'SE',1552,,50075,2294,,,2,52,,50074,2294,,,2,9,,50072,2294,,,2,13,,50076,2294,,,2,14,,50071,2294,,,2,3,,50073,2294,,,2,10,,50077,2294,,,2
