800,'DI',550,,22786,1736,,,1,70,,22781,1736,,,1,30,,2441,1736,,,1,70,,2447,1736,,,1,30,,22787,1736,,,1,70,,22782,1736,,,1,31,,2442,1736,,,1,70,,2448,1736,,,1,30,,22788,1736,,,1,70,,22783,1736,,,1,30,,2443,1736,,,1,70,,2449,1736,,,1,30,,22789,1736,,,1,70,,2436,1736,,,1,30,,2444,1736,,,1,70,,2450,1736,,,1,30,,22790,1736,,,1,70,,22784,1736,,,1,30,,2445,1736,,,1,70,,22793,1736,,,1,30,,22791,1736,,,1,70,,22785,1736,,,1,30,,2446,1736,,,1,70,,22794,1736,,,1,32,,22792,1736,,,1,83,,2437,1736,,,1,100,,22795,1736,,,1,100,,2438,1736,,,1,99,,22796,1736,,,1,100,,2439,1736,,,1,100,,22797,1736,,,1,100,,2440,1736,,,1,100,,22780,1736,,,1
800,'F1',550,,44063,1736,,,1,70,,44043,1736,,,1,30,,44051,1736,,,1,70,,44057,1736,,,1,30,,44064,1736,,,1,70,,44044,1736,,,1,31,,44052,1736,,,1,70,,44058,1736,,,1,30,,44065,1736,,,1,70,,44045,1736,,,1,30,,44053,1736,,,1,70,,44059,1736,,,1,30,,44066,1736,,,1,70,,44046,1736,,,1,30,,44054,1736,,,1,70,,44060,1736,,,1,30,,44067,1736,,,1,70,,44061,1736,,,1,30,,44055,1736,,,1,70,,44070,1736,,,1,30,,44068,1736,,,1,70,,44062,1736,,,1,30,,44056,1736,,,1,70,,44071,1736,,,1,32,,44069,1736,,,1,83,,44047,1736,,,1,100,,44072,1736,,,1,100,,44048,1736,,,1,99,,44073,1736,,,1,100,,44049,1736,,,1,100,,44074,1736,,,1,100,,44050,1736,,,1,100,,44042,1736,,,1
800,'F2',548,,44096,1736,,,1,70,,44079,1736,,,1,32,,44092,1736,,,1,70,,44094,1736,,,1,31,,44097,1736,,,1,70,,44080,1736,,,1,30,,44093,1736,,,1,70,,44095,1736,,,1,30,,44098,1736,,,1,70,,44081,1736,,,1,30,,44087,1736,,,1,70,,44103,1736,,,1,28,,44099,1736,,,1,72,,44082,1736,,,1,30,,44088,1736,,,1,70,,44104,1736,,,1,30,,44100,1736,,,1,70,,44107,1736,,,1,30,,44089,1736,,,1,70,,44105,1736,,,1,30,,44101,1736,,,1,70,,44108,1736,,,1,30,,44090,1736,,,1,70,,44106,1736,,,1,32,,44102,1736,,,1,68,,44075,1736,,,1,30,,44091,1736,,,1,86,,44083,1736,,,1,99,,44076,1736,,,1,100,,44084,1736,,,1,100,,44077,1736,,,1,100,,44085,1736,,,1,100,,44078,1736,,,1,100,,44086,1736,,,1
800,'F8',548,,22955,1736,,,1,70,,22938,1736,,,1,32,,22951,1736,,,1,70,,22953,1736,,,1,31,,22956,1736,,,1,70,,22939,1736,,,1,30,,22952,1736,,,1,70,,22954,1736,,,1,30,,22957,1736,,,1,70,,22940,1736,,,1,30,,22946,1736,,,1,70,,22962,1736,,,1,28,,22958,1736,,,1,72,,22941,1736,,,1,30,,22947,1736,,,1,70,,22963,1736,,,1,30,,22959,1736,,,1,70,,22966,1736,,,1,30,,22948,1736,,,1,70,,22964,1736,,,1,30,,22960,1736,,,1,70,,22967,1736,,,1,30,,22949,1736,,,1,70,,22965,1736,,,1,32,,22961,1736,,,1,68,,22934,1736,,,1,30,,22950,1736,,,1,86,,22942,1736,,,1,99,,22935,1736,,,1,100,,22943,1736,,,1,100,,22936,1736,,,1,100,,22944,1736,,,1,100,,22937,1736,,,1,100,,22945,1736,,,1
800,'F9',550,,22989,1736,,,1,70,,22969,1736,,,1,30,,22977,1736,,,1,70,,22983,1736,,,1,30,,22990,1736,,,1,70,,22970,1736,,,1,31,,22978,1736,,,1,70,,22984,1736,,,1,30,,22991,1736,,,1,70,,22971,1736,,,1,30,,22979,1736,,,1,70,,22985,1736,,,1,30,,22992,1736,,,1,70,,22972,1736,,,1,30,,22980,1736,,,1,70,,22986,1736,,,1,30,,22993,1736,,,1,70,,22987,1736,,,1,30,,22981,1736,,,1,70,,22996,1736,,,1,30,,22994,1736,,,1,70,,22988,1736,,,1,30,,22982,1736,,,1,70,,22997,1736,,,1,32,,22995,1736,,,1,83,,22973,1736,,,1,100,,22998,1736,,,1,100,,22974,1736,,,1,99,,22999,1736,,,1,100,,22975,1736,,,1,100,,23000,1736,,,1,100,,22976,1736,,,1,100,,22968,1736,,,1
800,'SA',548,,23022,1736,,,1,70,,23005,1736,,,1,32,,23018,1736,,,1,70,,23020,1736,,,1,31,,23023,1736,,,1,70,,23006,1736,,,1,30,,23019,1736,,,1,70,,23021,1736,,,1,30,,23024,1736,,,1,70,,23007,1736,,,1,30,,23013,1736,,,1,70,,23029,1736,,,1,28,,23025,1736,,,1,72,,23008,1736,,,1,30,,23014,1736,,,1,70,,23030,1736,,,1,30,,23026,1736,,,1,70,,2660,1736,,,1,30,,23015,1736,,,1,70,,23031,1736,,,1,30,,23027,1736,,,1,70,,2661,1736,,,1,30,,23016,1736,,,1,70,,23032,1736,,,1,32,,23028,1736,,,1,68,,23001,1736,,,1,30,,23017,1736,,,1,86,,23009,1736,,,1,99,,23002,1736,,,1,100,,23010,1736,,,1,100,,23003,1736,,,1,100,,23011,1736,,,1,100,,23004,1736,,,1,100,,23012,1736,,,1
800,'SE',449,,44153,1736,,,1,68,,44155,1736,,,1,22,,44156,1736,,,1,81,,44112,1736,,,1,30,,44154,1736,,,1,61,,44126,1736,,,1,19,,44157,1736,,,1,13,,44150,1736,,,1,15,,44115,1736,,,1,55,,44134,1736,,,1,15,,44113,1736,,,1,17,,44137,1736,,,1,55,,44124,1736,,,1,15,,44127,1736,,,1,15,,44130,1736,,,1,15,,44171,1736,,,1,55,,44116,1736,,,1,15,,44135,1736,,,1,15,,44114,1736,,,1,15,,44138,1736,,,1,55,,44140,1736,,,1,15,,44118,1736,,,1,15,,44128,1736,,,1,15,,44158,1736,,,1,55,,44172,1736,,,1,15,,44169,1736,,,1,15,,44136,1736,,,1,15,,44109,1736,,,1,55,,44139,1736,,,1,15,,44125,1736,,,1,15,,44119,1736,,,1,15,,44131,1736,,,1,55,,44159,1736,,,1,15,,44117,1736,,,1,15,,44162,1736,,,1,15,,44161,1736,,,1,55,,44110,1736,,,1,15,,44141,1736,,,1,15,,44146,1736,,,1,15,,44129,1736,,,1,55,,44165,1736,,,1,15,,44132,1736,,,1,12,,44160,1736,,,1,12,,44145,1736,,,1,12,,44163,1736,,,1,52,,44151,1736,,,1,12,,44164,1736,,,1,12,,44111,1736,,,1,12,,44142,1736,,,1,12,,44147,1736,,,1,52,,44166,1736,,,1,12,,44148,1736,,,1,10,,44167,1736,,,1,10,,44133,1736,,,1,20,,44152,1736,,,1,67,,44120,1736,,,1,30,,44173,1736,,,1,70,,44168,1736,,,1,29,,44149,1736,,,1,70,,44121,1736,,,1,30,,44170,1736,,,1,85,,44143,1736,,,1,100,,44122,1736,,,1,99,,44144,1736,,,1,100,,44123,1736,,,1
2800,'DI',844,,27669,1736,0,32 33,1,100,,27674,1736,0,32 33,1,100,,27672,1736,0,32 33,1,100,,27670,1736,0,32 33,1,100,,27671,1736,0,32 33,1,100,,27675,1736,0,32 33,1,100,,27678,1736,0,32 33,1,101,,27677,1736,0,32 33,1,99,,27676,1736,0,32 33,1,100,,27673,1736,0,32 33,1
2800,'F1',844,,45917,1736,0,32 33,1,100,,45922,1736,0,32 33,1,100,,45920,1736,0,32 33,1,100,,45918,1736,0,32 33,1,100,,45919,1736,0,32 33,1,100,,45923,1736,0,32 33,1,100,,45926,1736,0,32 33,1,101,,45925,1736,0,32 33,1,99,,45924,1736,0,32 33,1,100,,45921,1736,0,32 33,1
2800,'F2',846,,45934,1736,0,32 33,1,98,,45929,1736,0,32 33,1,103,,45927,1736,0,32 33,1,97,,45931,1736,0,32 33,1,101,,45930,1736,0,32 33,1,100,,45932,1736,0,32 33,1,99,,45928,1736,0,32 33,1,103,,45936,1736,0,32 33,1,99,,45935,1736,0,32 33,1,98,,45933,1736,0,32 33,1
2800,'F8',846,,27747,1736,0,32 33,1,98,,27742,1736,0,32 33,1,103,,27740,1736,0,32 33,1,97,,27744,1736,0,32 33,1,101,,27743,1736,0,32 33,1,100,,27745,1736,0,32 33,1,99,,27741,1736,0,32 33,1,103,,27749,1736,0,32 33,1,99,,27748,1736,0,32 33,1,98,,27746,1736,0,32 33,1
2800,'F9',844,,27750,1736,0,32 33,1,100,,27755,1736,0,32 33,1,100,,27753,1736,0,32 33,1,100,,27751,1736,0,32 33,1,100,,27752,1736,0,32 33,1,100,,27756,1736,0,32 33,1,100,,27759,1736,0,32 33,1,101,,27758,1736,0,32 33,1,99,,27757,1736,0,32 33,1,100,,27754,1736,0,32 33,1
2800,'SA',846,,27766,1736,0,32 33,1,98,,27762,1736,0,32 33,1,103,,27760,1736,0,32 33,1,97,,27763,1736,0,32 33,1,101,,6923,1736,0,32 33,1,100,,27764,1736,0,32 33,1,99,,27761,1736,0,32 33,1,103,,27768,1736,0,32 33,1,99,,27767,1736,0,32 33,1,98,,27765,1736,0,32 33,1
2800,'SE',608,,45971,1736,0,32 33,1,45,,45972,1736,0,32 33,1,63,,45976,1736,0,32 33,1,3,,45977,1736,0,32 33,1,16,,45950,1736,0,32 33,1,13,,45962,1736,0,32 33,1,52,,45970,1736,0,32 33,1,18,,45961,1736,0,32 33,1,14,,45966,1736,0,32 33,1,18,,45951,1736,0,32 33,1,70,,45942,1736,0,32 33,1,30,,45946,1736,0,32 33,1,70,,45952,1736,0,32 33,1,30,,45943,1736,0,32 33,1,70,,45947,1736,0,32 33,1,30,,45953,1736,0,32 33,1,70,,45944,1736,0,32 33,1,30,,45948,1736,0,32 33,1,70,,45954,1736,0,32 33,1,30,,45945,1736,0,32 33,1,71,,45949,1736,0,32 33,1,30,,45973,1736,0,32 33,1,55,,45939,1736,0,32 33,1,15,,45959,1736,0,32 33,1,15,,45964,1736,0,32 33,1,15,,45975,1736,0,32 33,1,55,,45956,1736,0,32 33,1,14,,45958,1736,0,32 33,1,12,,45974,1736,0,32 33,1,12,,45940,1736,0,32 33,1,12,,45960,1736,0,32 33,1,52,,45963,1736,0,32 33,1,12,,45967,1736,0,32 33,1,12,,45955,1736,0,32 33,1,11,,45957,1736,0,32 33,1,12,,45937,1736,0,32 33,1,52,,45938,1736,0,32 33,1,13,,45965,1736,0,32 33,1,95,,45941,1736,0,32 33,1,100,,45968,1736,0,32 33,1,99,,45969,1736,0,32 33,1
7500,'DI',625,,34505,1679,0,34,2,100,,34509,1679,0,34,2,100,,34503,1679,0,34,2,100,,34506,1679,0,34,2,100,,34510,1679,0,34,2,100,,34507,1679,0,34,2,100,,34508,1679,0,34,2,100,,34511,1679,0,34,2,100,,34517,1679,0,34,2,100,,34518,1679,0,34,2,100,,34512,1679,0,34,2,100,,34513,1679,0,34,2,100,,34514,1679,0,34,2,100,,34504,1679,0,34,2,100,,34519,1679,0,34,2,100,,34515,1679,0,34,2,100,,34520,1679,0,34,2,100,,34516,1679,0,34,2,100,,34521,1679,0,34,2
7500,'F1',625,,48642,1679,0,34,2,100,,48646,1679,0,34,2,100,,48640,1679,0,34,2,100,,48643,1679,0,34,2,100,,48647,1679,0,34,2,100,,48644,1679,0,34,2,100,,48645,1679,0,34,2,100,,48648,1679,0,34,2,100,,48654,1679,0,34,2,100,,48655,1679,0,34,2,100,,48649,1679,0,34,2,100,,48650,1679,0,34,2,100,,48651,1679,0,34,2,100,,48641,1679,0,34,2,100,,48656,1679,0,34,2,100,,48652,1679,0,34,2,100,,48657,1679,0,34,2,100,,48653,1679,0,34,2,100,,48658,1679,0,34,2
7500,'F2',625,,48662,1679,0,34,2,100,,48672,1679,0,34,2,100,,48677,1679,0,34,2,100,,48663,1679,0,34,2,100,,48661,1679,0,34,2,100,,48673,1679,0,34,2,100,,48664,1679,0,34,2,100,,48667,1679,0,34,2,100,,48674,1679,0,34,2,100,,48665,1679,0,34,2,100,,48666,1679,0,34,2,105,,48675,1679,0,34,2,95,,48676,1679,0,34,2,100,,48668,1679,0,34,2,100,,48669,1679,0,34,2,100,,48671,1679,0,34,2,100,,48670,1679,0,34,2,100,,48660,1679,0,34,2,100,,48659,1679,0,34,2,100,,48678,1679,0,34,2
7500,'F8',625,,34585,1679,0,34,2,100,,34595,1679,0,34,2,100,,34600,1679,0,34,2,100,,34586,1679,0,34,2,100,,34584,1679,0,34,2,100,,34596,1679,0,34,2,100,,34587,1679,0,34,2,100,,34590,1679,0,34,2,100,,34597,1679,0,34,2,100,,34588,1679,0,34,2,100,,34589,1679,0,34,2,105,,34598,1679,0,34,2,95,,34599,1679,0,34,2,100,,34591,1679,0,34,2,100,,34592,1679,0,34,2,100,,34594,1679,0,34,2,100,,34593,1679,0,34,2,100,,34583,1679,0,34,2,100,,34582,1679,0,34,2,100,,34601,1679,0,34,2
7500,'F9',625,,34604,1679,0,34,2,100,,34608,1679,0,34,2,100,,34602,1679,0,34,2,100,,34605,1679,0,34,2,100,,34609,1679,0,34,2,100,,34606,1679,0,34,2,100,,34607,1679,0,34,2,100,,34610,1679,0,34,2,100,,34616,1679,0,34,2,100,,34617,1679,0,34,2,100,,34611,1679,0,34,2,100,,34612,1679,0,34,2,100,,34613,1679,0,34,2,100,,34603,1679,0,34,2,100,,34618,1679,0,34,2,100,,34614,1679,0,34,2,100,,34619,1679,0,34,2,100,,34615,1679,0,34,2,100,,34620,1679,0,34,2
7500,'SA',625,,34624,1679,0,34,2,100,,34633,1679,0,34,2,100,,34638,1679,0,34,2,100,,34625,1679,0,34,2,100,,34623,1679,0,34,2,100,,34634,1679,0,34,2,100,,34626,1679,0,34,2,100,,34629,1679,0,34,2,100,,34635,1679,0,34,2,100,,34627,1679,0,34,2,100,,34628,1679,0,34,2,105,,34636,1679,0,34,2,95,,34637,1679,0,34,2,100,,34630,1679,0,34,2,100,,34631,1679,0,34,2,100,,13140,1679,0,34,2,100,,34632,1679,0,34,2,100,,34622,1679,0,34,2,100,,34621,1679,0,34,2,100,,34639,1679,0,34,2
7500,'SE',615,,48694,1679,0,34,2,110,,48679,1679,0,34,2,100,,48685,1679,0,34,2,100,,48687,1679,0,34,2,100,,48680,1679,0,34,2,100,,48691,1679,0,34,2,100,,48681,1679,0,34,2,100,,48692,1679,0,34,2,100,,48682,1679,0,34,2,101,,48693,1679,0,34,2,99,,48690,1679,0,34,2,100,,48695,1679,0,34,2,100,,48697,1679,0,34,2,100,,48684,1679,0,34,2,100,,48686,1679,0,34,2,100,,48696,1679,0,34,2,100,,48683,1679,0,34,2,100,,48688,1679,0,34,2,100,,48689,1679,0,34,2,100,,48698,1679,0,34,2
8100,'DI',651,,35724,1669,,,1,100,,35713,1669,,,1,103,,35720,1669,,,1,100,,35714,1669,,,1,100,,35722,1669,,,1,100,,35726,1669,,,1,100,,35727,1669,,,1,100,,35717,1669,,,1,100,,35721,1669,,,1,100,,35712,1669,,,1,96,,35725,1669,,,1,108,,35715,1669,,,1,96,,35723,1669,,,1,100,,35716,1669,,,1,100,,35728,1669,,,1,100,,35718,1669,,,1,100,,35730,1669,,,1,100,,35729,1669,,,1,100,,35719,1669,,,1
8100,'F1',651,,49147,1669,,,1,100,,49136,1669,,,1,103,,49143,1669,,,1,100,,49137,1669,,,1,100,,49145,1669,,,1,100,,49149,1669,,,1,100,,49150,1669,,,1,100,,49140,1669,,,1,100,,49144,1669,,,1,100,,49135,1669,,,1,96,,49148,1669,,,1,108,,49138,1669,,,1,96,,49146,1669,,,1,100,,49139,1669,,,1,100,,49151,1669,,,1,100,,49141,1669,,,1,100,,49153,1669,,,1,100,,49152,1669,,,1,100,,49142,1669,,,1
8100,'F2',651,,49165,1669,,,1,100,,49171,1669,,,1,103,,49166,1669,,,1,100,,49167,1669,,,1,100,,49172,1669,,,1,100,,49154,1669,,,1,100,,49156,1669,,,1,100,,49161,1669,,,1,100,,49168,1669,,,1,100,,49173,1669,,,1,100,,49159,1669,,,1,104,,49162,1669,,,1,96,,49169,1669,,,1,100,,49155,1669,,,1,100,,49163,1669,,,1,100,,49158,1669,,,1,100,,49170,1669,,,1,100,,49164,1669,,,1,100,,49160,1669,,,1,100,,49157,1669,,,1
8100,'F8',651,,35809,1669,,,1,100,,35815,1669,,,1,103,,35810,1669,,,1,100,,35811,1669,,,1,100,,35816,1669,,,1,100,,35798,1669,,,1,100,,35800,1669,,,1,100,,35805,1669,,,1,100,,35812,1669,,,1,100,,35817,1669,,,1,100,,35803,1669,,,1,104,,35806,1669,,,1,96,,35813,1669,,,1,100,,35799,1669,,,1,100,,35807,1669,,,1,100,,35802,1669,,,1,100,,35814,1669,,,1,100,,35808,1669,,,1,100,,35804,1669,,,1,100,,35801,1669,,,1
8100,'F9',651,,35830,1669,,,1,100,,35819,1669,,,1,103,,35826,1669,,,1,100,,35820,1669,,,1,100,,35828,1669,,,1,100,,35832,1669,,,1,100,,35833,1669,,,1,100,,35823,1669,,,1,100,,35827,1669,,,1,100,,35818,1669,,,1,96,,35831,1669,,,1,108,,35821,1669,,,1,96,,35829,1669,,,1,100,,35822,1669,,,1,100,,35834,1669,,,1,100,,35824,1669,,,1,100,,35836,1669,,,1,100,,35835,1669,,,1,100,,35825,1669,,,1
8100,'SA',651,,35848,1669,,,1,100,,35854,1669,,,1,103,,35849,1669,,,1,100,,35850,1669,,,1,100,,14262,1669,,,1,100,,35837,1669,,,1,100,,35839,1669,,,1,100,,35844,1669,,,1,100,,35851,1669,,,1,100,,35855,1669,,,1,100,,35842,1669,,,1,104,,35845,1669,,,1,96,,35852,1669,,,1,100,,35838,1669,,,1,100,,35846,1669,,,1,100,,35841,1669,,,1,100,,35853,1669,,,1,100,,35847,1669,,,1,100,,35843,1669,,,1,100,,35840,1669,,,1
8100,'SE',612,,49185,1669,,,1,38,,49197,1669,,,1,69,,49186,1669,,,1,31,,49195,1669,,,1,69,,49176,1669,,,1,36,,49196,1669,,,1,99,,49179,1669,,,1,100,,49189,1669,,,1,100,,49177,1669,,,1,100,,49198,1669,,,1,100,,49187,1669,,,1,100,,49180,1669,,,1,69,,49188,1669,,,1,32,,49184,1669,,,1,70,,49174,1669,,,1,30,,49175,1669,,,1,70,,49190,1669,,,1,30,,49199,1669,,,1,70,,49178,1669,,,1,29,,49193,1669,,,1,100,,49181,1669,,,1,100,,49183,1669,,,1,100,,49194,1669,,,1,100,,49191,1669,,,1,100,,49182,1669,,,1,100,,49192,1669,,,1,100,,49200,1669,,,1
8800,'DI',705,,36639,1736,,,1,30,,36644,1736,,,1,70,,36650,1736,,,1,30,,36659,1736,,,1,70,,36640,1736,,,1,30,,36645,1736,,,1,71,,36651,1736,,,1,30,,36660,1736,,,1,70,,36641,1736,,,1,30,,36646,1736,,,1,70,,36652,1736,,,1,30,,36661,1736,,,1,70,,36642,1736,,,1,30,,36647,1736,,,1,70,,36653,1736,,,1,30,,15002,1736,,,1,70,,36654,1736,,,1,30,,36648,1736,,,1,70,,36662,1736,,,1,30,,15003,1736,,,1,70,,36655,1736,,,1,30,,36649,1736,,,1,70,,36663,1736,,,1,100,,36656,1736,,,1,100,,36664,1736,,,1,100,,36657,1736,,,1,100,,36665,1736,,,1,99,,36658,1736,,,1,100,,36638,1736,,,1,100,,36643,1736,,,1
8800,'F1',705,,49524,1736,,,1,30,,49529,1736,,,1,70,,49535,1736,,,1,30,,49544,1736,,,1,70,,49525,1736,,,1,30,,49530,1736,,,1,71,,49536,1736,,,1,30,,49545,1736,,,1,70,,49526,1736,,,1,30,,49531,1736,,,1,70,,49537,1736,,,1,30,,49546,1736,,,1,70,,49527,1736,,,1,30,,49532,1736,,,1,70,,49538,1736,,,1,30,,49521,1736,,,1,70,,49539,1736,,,1,30,,49533,1736,,,1,70,,49547,1736,,,1,30,,49522,1736,,,1,70,,49540,1736,,,1,30,,49534,1736,,,1,70,,49548,1736,,,1,100,,49541,1736,,,1,100,,49549,1736,,,1,100,,49542,1736,,,1,100,,49550,1736,,,1,99,,49543,1736,,,1,100,,49523,1736,,,1,100,,49528,1736,,,1
8800,'F2',705,,49554,1736,,,1,30,,49579,1736,,,1,71,,49575,1736,,,1,30,,49566,1736,,,1,70,,49559,1736,,,1,30,,49580,1736,,,1,70,,49576,1736,,,1,30,,49567,1736,,,1,70,,49560,1736,,,1,30,,49571,1736,,,1,70,,49556,1736,,,1,30,,49568,1736,,,1,70,,49561,1736,,,1,30,,49572,1736,,,1,70,,49557,1736,,,1,30,,49551,1736,,,1,70,,49562,1736,,,1,30,,49573,1736,,,1,70,,49558,1736,,,1,30,,49552,1736,,,1,71,,49581,1736,,,1,29,,49574,1736,,,1,71,,49569,1736,,,1,29,,49553,1736,,,1,70,,49563,1736,,,1,100,,49570,1736,,,1,100,,49564,1736,,,1,99,,49578,1736,,,1,100,,49565,1736,,,1,100,,49577,1736,,,1,100,,49555,1736,,,1
8800,'F8',705,,36775,1736,,,1,30,,36800,1736,,,1,71,,36796,1736,,,1,30,,36787,1736,,,1,70,,36780,1736,,,1,30,,36801,1736,,,1,70,,36797,1736,,,1,30,,36788,1736,,,1,70,,36781,1736,,,1,30,,36792,1736,,,1,70,,36777,1736,,,1,30,,36789,1736,,,1,70,,36782,1736,,,1,30,,36793,1736,,,1,70,,36778,1736,,,1,30,,36772,1736,,,1,70,,36783,1736,,,1,30,,36794,1736,,,1,70,,36779,1736,,,1,30,,36773,1736,,,1,71,,36802,1736,,,1,29,,36795,1736,,,1,71,,36790,1736,,,1,29,,36774,1736,,,1,70,,36784,1736,,,1,100,,36791,1736,,,1,100,,36785,1736,,,1,99,,36799,1736,,,1,100,,36786,1736,,,1,100,,36798,1736,,,1,100,,36776,1736,,,1
8800,'F9',705,,36806,1736,,,1,30,,36811,1736,,,1,70,,36817,1736,,,1,30,,36826,1736,,,1,70,,36807,1736,,,1,30,,36812,1736,,,1,71,,36818,1736,,,1,30,,36827,1736,,,1,70,,36808,1736,,,1,30,,36813,1736,,,1,70,,36819,1736,,,1,30,,36828,1736,,,1,70,,36809,1736,,,1,30,,36814,1736,,,1,70,,36820,1736,,,1,30,,36803,1736,,,1,70,,36821,1736,,,1,30,,36815,1736,,,1,70,,36829,1736,,,1,30,,36804,1736,,,1,70,,36822,1736,,,1,30,,36816,1736,,,1,70,,36830,1736,,,1,100,,36823,1736,,,1,100,,36831,1736,,,1,100,,36824,1736,,,1,100,,36832,1736,,,1,99,,36825,1736,,,1,100,,36805,1736,,,1,100,,36810,1736,,,1
8800,'SA',705,,36836,1736,,,1,30,,36860,1736,,,1,71,,36857,1736,,,1,30,,36848,1736,,,1,70,,36841,1736,,,1,30,,36861,1736,,,1,70,,36858,1736,,,1,30,,36849,1736,,,1,70,,36842,1736,,,1,30,,36853,1736,,,1,70,,36838,1736,,,1,30,,36850,1736,,,1,70,,36843,1736,,,1,30,,36854,1736,,,1,70,,36839,1736,,,1,30,,36833,1736,,,1,70,,36844,1736,,,1,30,,36855,1736,,,1,70,,36840,1736,,,1,30,,36834,1736,,,1,71,,36862,1736,,,1,29,,36856,1736,,,1,71,,36851,1736,,,1,29,,36835,1736,,,1,70,,36845,1736,,,1,100,,36852,1736,,,1,100,,36846,1736,,,1,99,,15203,1736,,,1,100,,36847,1736,,,1,100,,36859,1736,,,1,100,,36837,1736,,,1
8800,'SE',703,,49597,1736,,,1,21,,49625,1736,,,1,15,,49606,1736,,,1,14,,49611,1736,,,1,55,,49627,1736,,,1,15,,49600,1736,,,1,15,,49626,1736,,,1,69,,49586,1736,,,1,30,,49620,1736,,,1,70,,49621,1736,,,1,30,,49582,1736,,,1,70,,49588,1736,,,1,30,,49590,1736,,,1,70,,49584,1736,,,1,30,,49583,1736,,,1,70,,49593,1736,,,1,30,,49589,1736,,,1,70,,49623,1736,,,1,30,,49591,1736,,,1,18,,49601,1736,,,1,55,,49607,1736,,,1,15,,49598,1736,,,1,15,,49587,1736,,,1,15,,49629,1736,,,1,55,,49628,1736,,,1,13,,49624,1736,,,1,12,,49585,1736,,,1,12,,49614,1736,,,1,12,,49592,1736,,,1,52,,49602,1736,,,1,12,,49613,1736,,,1,12,,49608,1736,,,1,12,,49599,1736,,,1,12,,49604,1736,,,1,52,,49603,1736,,,1,19,,49605,1736,,,1,15,,49594,1736,,,1,62,,49622,1736,,,1,30,,49609,1736,,,1,70,,49596,1736,,,1,29,,49595,1736,,,1,70,,49615,1736,,,1,30,,49610,1736,,,1,70,,49618,1736,,,1,100,,49616,1736,,,1,99,,49619,1736,,,1,100,,49617,1736,,,1
