2300,'F2',652,,56060,5017,,,1,100,,56062,5017,,,1,100,,56068,5017,,,1,101,,56069,5017,,,1,99,,56059,5017,,,1,103,,56065,5017,,,1,97,,56058,5017,,,1,100,,56061,5017,,,1,100,,56063,5017,,,1,100,,56064,5017,,,1,100,,56066,5017,,,1,102,,56067,5017,,,1
2300,'SA',652,,56072,5017,,,1,100,,56074,5017,,,1,100,,56080,5017,,,1,101,,56081,5017,,,1,99,,56071,5017,,,1,103,,56077,5017,,,1,97,,56070,5017,,,1,100,,56073,5017,,,1,100,,56075,5017,,,1,100,,56076,5017,,,1,100,,56078,5017,,,1,102,,56079,5017,,,1
2300,'SE',953,,56085,5017,,,1,100,,56082,5017,,,1,100,,56084,5017,,,1,100,,56086,5017,,,1,100,,56083,5017,,,1
12300,'DI',622,,37610,5017,0,42 43,1,100,,37620,5017,0,42 43,1,100,,37611,5017,0,42 43,1,100,,37621,5017,0,42 43,1,100,,37612,5017,0,42 43,1,100,,61748,5017,0,42 43,1,105,,37613,5017,0,42 43,1,95,,61749,5017,0,42 43,1,100,,37614,5017,0,42 43,1,100,,61750,5017,0,42 43,1,100,,61743,5017,0,42 43,1,100,,61751,5017,0,42 43,1,100,,61744,5017,0,42 43,1,100,,61752,5017,0,42 43,1,100,,61745,5017,0,42 43,1,100,,61753,5017,0,42 43,1,100,,61746,5017,0,42 43,1,100,,61754,5017,0,42 43,1,100,,61747,5017,0,42 43,1
12300,'F1',622,,49910,5017,0,42 43,1,100,,49920,5017,0,42 43,1,100,,49911,5017,0,42 43,1,100,,49921,5017,0,42 43,1,100,,49912,5017,0,42 43,1,100,,61760,5017,0,42 43,1,105,,49913,5017,0,42 43,1,95,,61761,5017,0,42 43,1,100,,49914,5017,0,42 43,1,100,,61762,5017,0,42 43,1,100,,61755,5017,0,42 43,1,100,,61763,5017,0,42 43,1,100,,61756,5017,0,42 43,1,100,,61764,5017,0,42 43,1,100,,61757,5017,0,42 43,1,100,,61765,5017,0,42 43,1,100,,61758,5017,0,42 43,1,100,,61766,5017,0,42 43,1,100,,61759,5017,0,42 43,1
12300,'F2',622,,61767,5017,0,42 43,1,100,,61773,5017,0,42 43,1,100,,61777,5017,0,42 43,1,105,,61768,5017,0,42 43,1,99,,61778,5017,0,42 43,1,100,,61769,5017,0,42 43,1,100,,61779,5017,0,42 43,1,96,,61770,5017,0,42 43,1,100,,61780,5017,0,42 43,1,100,,61771,5017,0,42 43,1,104,,61781,5017,0,42 43,1,101,,61772,5017,0,42 43,1,99,,61782,5017,0,42 43,1,96,,61774,5017,0,42 43,1,100,,61783,5017,0,42 43,1,100,,61775,5017,0,42 43,1,100,,61784,5017,0,42 43,1,100,,61776,5017,0,42 43,1,100,,61785,5017,0,42 43,1
12300,'SA',622,,61786,5017,0,42 43,1,100,,61792,5017,0,42 43,1,100,,61796,5017,0,42 43,1,105,,61787,5017,0,42 43,1,99,,61797,5017,0,42 43,1,100,,61788,5017,0,42 43,1,100,,61798,5017,0,42 43,1,96,,61789,5017,0,42 43,1,100,,61799,5017,0,42 43,1,100,,61790,5017,0,42 43,1,104,,61800,5017,0,42 43,1,101,,61791,5017,0,42 43,1,99,,61801,5017,0,42 43,1,96,,61793,5017,0,42 43,1,100,,61802,5017,0,42 43,1,100,,61794,5017,0,42 43,1,100,,61803,5017,0,42 43,1,100,,61795,5017,0,42 43,1,100,,61804,5017,0,42 43,1
12300,'SE',514,,61821,5017,0,42 43,1,33,,61815,5017,0,42 43,1,55,,61808,5017,0,42 43,1,10,,61809,5017,0,42 43,1,10,,61810,5017,0,42 43,1,10,,61829,5017,0,42 43,1,12,,61812,5017,0,42 43,1,8,,61820,5017,0,42 43,1,52,,49968,5017,0,42 43,1,10,,61827,5017,0,42 43,1,21,,61828,5017,0,42 43,1,17,,61813,5017,0,42 43,1,69,,61817,5017,0,42 43,1,29,,49971,5017,0,42 43,1,69,,61811,5017,0,42 43,1,102,,61837,5017,0,42 43,1,100,,61807,5017,0,42 43,1,99,,61824,5017,0,42 43,1,101,,61816,5017,0,42 43,1,5,,61830,5017,0,42 43,1,93,,61822,5017,0,42 43,1,30,,61833,5017,0,42 43,1,71,,61825,5017,0,42 43,1,26,,49980,5017,0,42 43,1,71,,49975,5017,0,42 43,1,31,,61814,5017,0,42 43,1,71,,61823,5017,0,42 43,1,30,,61826,5017,0,42 43,1,76,,61806,5017,0,42 43,1,28,,61805,5017,0,42 43,1,70,,61834,5017,0,42 43,1,30,,61835,5017,0,42 43,1,70,,61836,5017,0,42 43,1,100,,61818,5017,0,42 43,1,100,,61831,5017,0,42 43,1,98,,61819,5017,0,42 43,1,100,,61832,5017,0,42 43,1
17000,'SE',554,,62467,7646,0,46,2,70,,62471,7646,0,46,2,31,,62468,7646,0,46,2,70,,62472,7646,0,46,2,30,,62469,7646,0,46,2,73,,62473,7646,0,46,2,28,,62470,7646,0,46,2,692,,62474,7646,0,46,2,70,,62478,7646,0,46,2,30,,62475,7646,0,46,2,70,,62479,7646,0,46,2,30,,62476,7646,0,46,2,70,,62480,7646,0,46,2,30,,62477,7646,0,46,2
57500,'SE',1559,,63476,3636,,,2
