801,'DI',533,,53514,6260,,,1,70,,53522,6260,,,1,30,,53529,6260,,,1,70,,53541,6260,,,1,30,,53515,6260,,,1,71,,53523,6260,,,1,30,,53530,6260,,,1,70,,53542,6260,,,1,27,,53516,6260,,,1,70,,53524,6260,,,1,30,,53531,6260,,,1,28,,53543,6260,,,1,70,,53517,6260,,,1,30,,53525,6260,,,1,70,,53532,6260,,,1,30,,53544,6260,,,1,71,,53518,6260,,,1,70,,53526,6260,,,1,31,,53538,6260,,,1,70,,53545,6260,,,1,30,,53539,6260,,,1,70,,53527,6260,,,1,30,,53533,6260,,,1,70,,53546,6260,,,1,19,,53548,6260,,,1,15,,53540,6260,,,1,70,,53528,6260,,,1,28,,53534,6260,,,1,70,,53547,6260,,,1,45,,53519,6260,,,1,102,,53535,6260,,,1,100,,53520,6260,,,1,99,,53536,6260,,,1,100,,53521,6260,,,1,99,,53537,6260,,,1
801,'F1',533,,53549,6260,,,1,70,,53557,6260,,,1,30,,53564,6260,,,1,70,,53576,6260,,,1,30,,53550,6260,,,1,71,,53558,6260,,,1,30,,53565,6260,,,1,70,,53577,6260,,,1,27,,53551,6260,,,1,70,,53559,6260,,,1,30,,53566,6260,,,1,28,,53578,6260,,,1,70,,53552,6260,,,1,30,,53560,6260,,,1,70,,53567,6260,,,1,30,,53579,6260,,,1,71,,53553,6260,,,1,70,,53561,6260,,,1,31,,53573,6260,,,1,70,,53580,6260,,,1,30,,53574,6260,,,1,70,,53562,6260,,,1,30,,53568,6260,,,1,70,,53581,6260,,,1,19,,53583,6260,,,1,15,,53575,6260,,,1,70,,53563,6260,,,1,28,,53569,6260,,,1,70,,53582,6260,,,1,45,,53554,6260,,,1,102,,53570,6260,,,1,100,,53555,6260,,,1,99,,53571,6260,,,1,100,,53556,6260,,,1,99,,53572,6260,,,1
801,'F2',534,,53588,6260,,,1,70,,53593,6260,,,1,30,,53600,6260,,,1,70,,53605,6260,,,1,30,,53589,6260,,,1,70,,53594,6260,,,1,30,,53601,6260,,,1,70,,53606,6260,,,1,27,,53590,6260,,,1,27,,53595,6260,,,1,70,,53602,6260,,,1,30,,53607,6260,,,1,71,,53591,6260,,,1,30,,53596,6260,,,1,71,,53603,6260,,,1,70,,53608,6260,,,1,31,,53592,6260,,,1,70,,53597,6260,,,1,30,,53604,6260,,,1,70,,53609,6260,,,1,30,,44242,6260,,,1,70,,53598,6260,,,1,30,,53615,6260,,,1,70,,53610,6260,,,1,25,,53584,6260,,,1,10,,44243,6260,,,1,22,,53599,6260,,,1,70,,53616,6260,,,1,30,,53611,6260,,,1,90,,53585,6260,,,1,100,,53612,6260,,,1,100,,53586,6260,,,1,100,,53613,6260,,,1,100,,53587,6260,,,1,101,,53614,6260,,,1
801,'SA',534,,53621,6260,,,1,70,,53626,6260,,,1,30,,53633,6260,,,1,70,,53638,6260,,,1,30,,53622,6260,,,1,70,,53627,6260,,,1,30,,53634,6260,,,1,70,,53639,6260,,,1,27,,53623,6260,,,1,27,,53628,6260,,,1,70,,53635,6260,,,1,30,,53640,6260,,,1,71,,53624,6260,,,1,30,,53629,6260,,,1,71,,53636,6260,,,1,70,,53641,6260,,,1,31,,53625,6260,,,1,70,,53630,6260,,,1,30,,53637,6260,,,1,70,,53642,6260,,,1,30,,2977,6260,,,1,70,,53631,6260,,,1,30,,53648,6260,,,1,70,,53643,6260,,,1,25,,53617,6260,,,1,10,,2978,6260,,,1,22,,53632,6260,,,1,70,,53649,6260,,,1,30,,53644,6260,,,1,90,,53618,6260,,,1,100,,53645,6260,,,1,100,,53619,6260,,,1,100,,53646,6260,,,1,100,,53620,6260,,,1,101,,53647,6260,,,1
801,'SE',459,,53650,6260,,,1,73,,53651,6260,,,1,27,,44285,6260,,,1,61,,53672,6260,,,1,23,,53665,6260,,,1,11,,53710,6260,,,1,49,,53655,6260,,,1,8,,53685,6260,,,1,10,,53659,6260,,,1,9,,53652,6260,,,1,11,,53663,6260,,,1,61,,53660,6260,,,1,20,,53673,6260,,,1,18,,53654,6260,,,1,13,,53690,6260,,,1,55,,53656,6260,,,1,15,,53686,6260,,,1,15,,53678,6260,,,1,17,,53693,6260,,,1,55,,44259,6260,,,1,14,,53674,6260,,,1,15,,53666,6260,,,1,16,,53691,6260,,,1,55,,53657,6260,,,1,15,,53687,6260,,,1,15,,53679,6260,,,1,15,,53694,6260,,,1,55,,53653,6260,,,1,16,,53661,6260,,,1,15,,53675,6260,,,1,15,,53669,6260,,,1,55,,53692,6260,,,1,15,,53709,6260,,,1,15,,53688,6260,,,1,15,,53684,6260,,,1,55,,53695,6260,,,1,16,,53697,6260,,,1,15,,53715,6260,,,1,13,,53681,6260,,,1,59,,53700,6260,,,1,11,,53670,6260,,,1,10,,53658,6260,,,1,14,,53711,6260,,,1,56,,53680,6260,,,1,16,,53664,6260,,,1,15,,53702,6260,,,1,13,,53698,6260,,,1,56,,53662,6260,,,1,15,,53682,6260,,,1,15,,53701,6260,,,1,17,,53671,6260,,,1,61,,53689,6260,,,1,23,,53707,6260,,,1,67,,53699,6260,,,1,28,,53676,6260,,,1,71,,53703,6260,,,1,30,,53718,6260,,,1,73,,53720,6260,,,1,27,,53677,6260,,,1,13,,53716,6260,,,1,60,,53704,6260,,,1,29,,53719,6260,,,1,20,,53721,6260,,,1,93,,53667,6260,,,1,100,,53705,6260,,,1
4201,'DI',544,,57375,2554,,,1,100,,57376,2554,,,1,100,,57377,2554,,,1,100,,57378,2554,,,1,100,,57379,2554,,,1,100,,57380,2554,,,1,100,,57381,2554,,,1,100,,57382,2554,,,1,100,,57383,2554,,,1,100,,57384,2554,,,1,100,,57385,2554,,,1,100,,57386,2554,,,1,100,,57387,2554,,,1,100,,57388,2554,,,1,100,,57389,2554,,,1,100,,57390,2554,,,1,100,,57391,2554,,,1,100,,57392,2554,,,1,100,,57393,2554,,,1,100,,57394,2554,,,1
4201,'F1',544,,57395,2554,,,1,100,,57396,2554,,,1,100,,57397,2554,,,1,100,,57398,2554,,,1,100,,57399,2554,,,1,100,,57400,2554,,,1,100,,57401,2554,,,1,100,,57402,2554,,,1,100,,57403,2554,,,1,100,,57404,2554,,,1,100,,57405,2554,,,1,100,,57406,2554,,,1,100,,57407,2554,,,1,100,,57408,2554,,,1,100,,57409,2554,,,1,100,,57410,2554,,,1,100,,57411,2554,,,1,100,,57412,2554,,,1,100,,57413,2554,,,1,100,,57414,2554,,,1
4201,'F2',544,,57415,2554,,,1,100,,57416,2554,,,1,100,,57417,2554,,,1,100,,57418,2554,,,1,100,,57419,2554,,,1,100,,57420,2554,,,1,100,,57421,2554,,,1,100,,57422,2554,,,1,100,,57423,2554,,,1,100,,57424,2554,,,1,100,,57425,2554,,,1,100,,57426,2554,,,1,100,,57427,2554,,,1,100,,57428,2554,,,1,100,,57429,2554,,,1,100,,57430,2554,,,1,100,,57431,2554,,,1,100,,57432,2554,,,1,100,,57433,2554,,,1,100,,57434,2554,,,1
4201,'SA',544,,57435,2554,,,1,100,,57436,2554,,,1,100,,57437,2554,,,1,100,,57438,2554,,,1,100,,57439,2554,,,1,100,,57440,2554,,,1,100,,57441,2554,,,1,100,,57442,2554,,,1,100,,57443,2554,,,1,100,,57444,2554,,,1,100,,57445,2554,,,1,100,,57446,2554,,,1,100,,57447,2554,,,1,100,,57448,2554,,,1,100,,57449,2554,,,1,100,,57450,2554,,,1,100,,57451,2554,,,1,100,,57452,2554,,,1,100,,57453,2554,,,1,100,,57454,2554,,,1
4201,'SE',513,,57463,2554,,,1,20,,57488,2554,,,1,70,,57470,2554,,,1,21,,57487,2554,,,1,14,,57465,2554,,,1,13,,57474,2554,,,1,54,,57471,2554,,,1,14,,57475,2554,,,1,14,,57483,2554,,,1,14,,57469,2554,,,1,63,,57472,2554,,,1,34,,57499,2554,,,1,79,,57495,2554,,,1,30,,57500,2554,,,1,70,,57473,2554,,,1,30,,57466,2554,,,1,70,,57467,2554,,,1,30,,57462,2554,,,1,70,,57486,2554,,,1,30,,57458,2554,,,1,70,,57455,2554,,,1,30,,57496,2554,,,1,70,,57464,2554,,,1,29,,57461,2554,,,1,4,,57468,2554,,,1,2,,57489,2554,,,1,42,,57484,2554,,,1,22,,57459,2554,,,1,30,,57476,2554,,,1,70,,57498,2554,,,1,28,,57456,2554,,,1,64,,57485,2554,,,1,17,,57460,2554,,,1,27,,57497,2554,,,1,69,,57457,2554,,,1,27,,57492,2554,,,1,75,,57477,2554,,,1,30,,57493,2554,,,1,70,,57478,2554,,,1,30,,57494,2554,,,1,69,,57479,2554,,,1,30,,57490,2554,,,1,70,,57480,2554,,,1,30,,57491,2554,,,1,90,,57481,2554,,,1,100,,57482,2554,,,1
44201,'SE',716,,63040,7648,,,2,100,,63039,7648,,,2
60801,'SE',1453,,63490,1128,,,2,2,,63491,1128,,,2
