2300,'F2',643,,45829,1742,,,1,100,,45830,1742,,,1,100,,45821,1742,,,1,101,,45822,1742,,,1,99,,45825,1742,,,1,103,,45826,1742,,,1,97,,45831,1742,,,1,100,,45832,1742,,,1,100,,45828,1742,,,1,100,,45827,1742,,,1,100,,45823,1742,,,1,102,,45824,1742,,,1
2300,'F8',643,,27462,1742,,,1,100,,27463,1742,,,1,100,,27454,1742,,,1,101,,27455,1742,,,1,99,,27458,1742,,,1,103,,27459,1742,,,1,97,,27464,1742,,,1,100,,27465,1742,,,1,100,,27461,1742,,,1,100,,27460,1742,,,1,100,,27456,1742,,,1,102,,27457,1742,,,1
2300,'SA',643,,27474,1742,,,1,100,,27475,1742,,,1,100,,27466,1742,,,1,101,,27467,1742,,,1,99,,27470,1742,,,1,103,,27471,1742,,,1,97,,27476,1742,,,1,100,,27477,1742,,,1,100,,27473,1742,,,1,100,,27472,1742,,,1,100,,27468,1742,,,1,102,,27469,1742,,,1
2300,'SE',944,,45837,1742,,,1,100,,45833,1742,,,1,100,,45836,1742,,,1,100,,45834,1742,,,1,100,,45835,1742,,,1
12300,'DI',614,,37610,1742,0,42 43,1,100,,37620,1742,0,42 43,1,100,,37611,1742,0,42 43,1,100,,37621,1742,0,42 43,1,100,,37612,1742,0,42 43,1,100,,37622,1742,0,42 43,1,105,,37613,1742,0,42 43,1,95,,37623,1742,0,42 43,1,100,,37614,1742,0,42 43,1,100,,37624,1742,0,42 43,1,100,,37615,1742,0,42 43,1,100,,37625,1742,0,42 43,1,100,,37616,1742,0,42 43,1,100,,37626,1742,0,42 43,1,100,,37617,1742,0,42 43,1,100,,37627,1742,0,42 43,1,100,,37618,1742,0,42 43,1,100,,37628,1742,0,42 43,1,100,,37619,1742,0,42 43,1
12300,'F1',614,,49910,1742,0,42 43,1,100,,49920,1742,0,42 43,1,100,,49911,1742,0,42 43,1,100,,49921,1742,0,42 43,1,100,,49912,1742,0,42 43,1,100,,49922,1742,0,42 43,1,105,,49913,1742,0,42 43,1,95,,49923,1742,0,42 43,1,100,,49914,1742,0,42 43,1,100,,49924,1742,0,42 43,1,100,,49915,1742,0,42 43,1,100,,49925,1742,0,42 43,1,100,,49916,1742,0,42 43,1,100,,49926,1742,0,42 43,1,100,,49917,1742,0,42 43,1,100,,49927,1742,0,42 43,1,100,,49918,1742,0,42 43,1,100,,49928,1742,0,42 43,1,100,,49919,1742,0,42 43,1
12300,'F2',613,,49930,1742,0,42 43,1,100,,49929,1742,0,42 43,1,100,,49931,1742,0,42 43,1,105,,49940,1742,0,42 43,1,99,,49932,1742,0,42 43,1,100,,49941,1742,0,42 43,1,100,,49933,1742,0,42 43,1,96,,49942,1742,0,42 43,1,100,,49934,1742,0,42 43,1,100,,49943,1742,0,42 43,1,104,,49935,1742,0,42 43,1,101,,49944,1742,0,42 43,1,99,,49936,1742,0,42 43,1,96,,49945,1742,0,42 43,1,100,,49937,1742,0,42 43,1,100,,49946,1742,0,42 43,1,100,,49938,1742,0,42 43,1,100,,49947,1742,0,42 43,1,100,,49939,1742,0,42 43,1
12300,'F8',613,,37705,1742,0,42 43,1,100,,37704,1742,0,42 43,1,100,,37706,1742,0,42 43,1,105,,37715,1742,0,42 43,1,99,,37707,1742,0,42 43,1,100,,37716,1742,0,42 43,1,100,,37708,1742,0,42 43,1,96,,37717,1742,0,42 43,1,100,,37709,1742,0,42 43,1,100,,37718,1742,0,42 43,1,104,,37710,1742,0,42 43,1,101,,37719,1742,0,42 43,1,99,,37711,1742,0,42 43,1,96,,37720,1742,0,42 43,1,100,,37712,1742,0,42 43,1,100,,37721,1742,0,42 43,1,100,,37713,1742,0,42 43,1,100,,37722,1742,0,42 43,1,100,,37714,1742,0,42 43,1
12300,'F9',614,,37723,1742,0,42 43,1,100,,37733,1742,0,42 43,1,100,,37724,1742,0,42 43,1,100,,37734,1742,0,42 43,1,100,,37725,1742,0,42 43,1,100,,37735,1742,0,42 43,1,105,,37726,1742,0,42 43,1,95,,37736,1742,0,42 43,1,100,,37727,1742,0,42 43,1,100,,37737,1742,0,42 43,1,100,,37728,1742,0,42 43,1,100,,37738,1742,0,42 43,1,100,,37729,1742,0,42 43,1,100,,37739,1742,0,42 43,1,100,,37730,1742,0,42 43,1,100,,37740,1742,0,42 43,1,100,,37731,1742,0,42 43,1,100,,37741,1742,0,42 43,1,100,,37732,1742,0,42 43,1
12300,'SA',613,,37743,1742,0,42 43,1,100,,37742,1742,0,42 43,1,100,,37744,1742,0,42 43,1,105,,37753,1742,0,42 43,1,99,,37745,1742,0,42 43,1,100,,37754,1742,0,42 43,1,100,,37746,1742,0,42 43,1,96,,37755,1742,0,42 43,1,100,,37747,1742,0,42 43,1,100,,37756,1742,0,42 43,1,104,,37748,1742,0,42 43,1,101,,37757,1742,0,42 43,1,99,,37749,1742,0,42 43,1,96,,37758,1742,0,42 43,1,100,,37750,1742,0,42 43,1,100,,37759,1742,0,42 43,1,100,,37751,1742,0,42 43,1,100,,37760,1742,0,42 43,1,100,,37752,1742,0,42 43,1
12300,'SE',506,,49961,1742,0,42 43,1,33,,49949,1742,0,42 43,1,15,,49984,1742,0,42 43,1,50,,49964,1742,0,42 43,1,10,,49954,1742,0,42 43,1,10,,49952,1742,0,42 43,1,10,,49967,1742,0,42 43,1,8,,49956,1742,0,42 43,1,12,,49968,1742,0,42 43,1,50,,49953,1742,0,42 43,1,21,,49970,1742,0,42 43,1,17,,49974,1742,0,42 43,1,69,,49965,1742,0,42 43,1,29,,49971,1742,0,42 43,1,69,,49951,1742,0,42 43,1,102,,49972,1742,0,42 43,1,100,,49957,1742,0,42 43,1,99,,49966,1742,0,42 43,1,101,,49958,1742,0,42 43,1,5,,49955,1742,0,42 43,1,93,,49969,1742,0,42 43,1,30,,49959,1742,0,42 43,1,71,,49976,1742,0,42 43,1,26,,49980,1742,0,42 43,1,71,,49975,1742,0,42 43,1,31,,49950,1742,0,42 43,1,71,,49960,1742,0,42 43,1,30,,49977,1742,0,42 43,1,76,,49973,1742,0,42 43,1,28,,49962,1742,0,42 43,1,70,,49981,1742,0,42 43,1,30,,49963,1742,0,42 43,1,70,,49948,1742,0,42 43,1,100,,49982,1742,0,42 43,1,100,,49978,1742,0,42 43,1,100,,49983,1742,0,42 43,1,100,,49979,1742,0,42 43,1
17000,'SE',545,,50412,4370,0,46,2,70,,50416,4370,0,46,2,31,,50413,4370,0,46,2,70,,50417,4370,0,46,2,30,,50414,4370,0,46,2,73,,50418,4370,0,46,2,28,,50415,4370,0,46,2,689,,50419,4370,0,46,2,70,,50423,4370,0,46,2,30,,50420,4370,0,46,2,70,,50424,4370,0,46,2,30,,50421,4370,0,46,2,70,,50425,4370,0,46,2,30,,50422,4370,0,46,2
