4700,'DI',630,,30486,5754,,,1,100,,30472,5754,,,1,100,,30489,5754,,,1,100,,30490,5754,,,1,100,,30473,5754,,,1,100,,30478,5754,,,1,100,,30487,5754,,,1,100,,30474,5754,,,1,104,,30475,5754,,,1,91,,30481,5754,,,1,108,,30482,5754,,,1,102,,30476,5754,,,1,95,,30483,5754,,,1,96,,30479,5754,,,1,100,,30484,5754,,,1,100,,30477,5754,,,1,100,,30480,5754,,,1,100,,30485,5754,,,1,100,,30488,5754,,,1,100,,30491,5754,,,1
4700,'F1',630,,47077,5754,,,1,100,,47063,5754,,,1,100,,47080,5754,,,1,100,,47081,5754,,,1,100,,47064,5754,,,1,100,,47069,5754,,,1,100,,47078,5754,,,1,100,,47065,5754,,,1,104,,47066,5754,,,1,91,,47072,5754,,,1,108,,47073,5754,,,1,102,,47067,5754,,,1,95,,47074,5754,,,1,96,,47070,5754,,,1,100,,47075,5754,,,1,100,,47068,5754,,,1,100,,47071,5754,,,1,100,,47076,5754,,,1,100,,47079,5754,,,1,100,,47082,5754,,,1
4700,'F2',630,,47100,5754,,,1,103,,47086,5754,,,1,101,,47083,5754,,,1,96,,47090,5754,,,1,96,,47084,5754,,,1,104,,47091,5754,,,1,100,,47087,5754,,,1,100,,47092,5754,,,1,95,,47085,5754,,,1,104,,47088,5754,,,1,100,,47093,5754,,,1,101,,47089,5754,,,1,100,,47094,5754,,,1,96,,47097,5754,,,1,100,,47095,5754,,,1,100,,47096,5754,,,1,100,,47098,5754,,,1,100,,47099,5754,,,1,100,,47101,5754,,,1,100,,47102,5754,,,1
4700,'F8',630,,30588,5754,,,1,103,,30574,5754,,,1,101,,30571,5754,,,1,96,,30578,5754,,,1,96,,30572,5754,,,1,104,,30579,5754,,,1,100,,30575,5754,,,1,100,,30580,5754,,,1,95,,30573,5754,,,1,104,,30576,5754,,,1,100,,30581,5754,,,1,101,,30577,5754,,,1,100,,30582,5754,,,1,96,,30585,5754,,,1,100,,30583,5754,,,1,100,,30584,5754,,,1,100,,30586,5754,,,1,100,,30587,5754,,,1,100,,30589,5754,,,1,100,,30590,5754,,,1
4700,'F9',630,,30605,5754,,,1,100,,30591,5754,,,1,100,,30608,5754,,,1,100,,30609,5754,,,1,100,,30592,5754,,,1,100,,30597,5754,,,1,100,,30606,5754,,,1,100,,30593,5754,,,1,104,,30594,5754,,,1,91,,30600,5754,,,1,108,,30601,5754,,,1,102,,30595,5754,,,1,95,,30602,5754,,,1,96,,30598,5754,,,1,100,,30603,5754,,,1,100,,30596,5754,,,1,100,,30599,5754,,,1,100,,30604,5754,,,1,100,,30607,5754,,,1,100,,30610,5754,,,1
4700,'SA',630,,30628,5754,,,1,103,,30614,5754,,,1,101,,30611,5754,,,1,96,,30618,5754,,,1,96,,30612,5754,,,1,104,,30619,5754,,,1,100,,30615,5754,,,1,100,,30620,5754,,,1,95,,30613,5754,,,1,104,,30616,5754,,,1,100,,30621,5754,,,1,101,,30617,5754,,,1,100,,30622,5754,,,1,96,,30625,5754,,,1,100,,30623,5754,,,1,100,,30624,5754,,,1,100,,30626,5754,,,1,100,,30627,5754,,,1,100,,30629,5754,,,1,100,,30630,5754,,,1
4700,'SE',630,,47134,5754,,,1,72,,47107,5754,,,1,29,,47123,5754,,,1,73,,47120,5754,,,1,34,,47136,5754,,,1,70,,47124,5754,,,1,30,,47104,5754,,,1,70,,47117,5754,,,1,30,,47133,5754,,,1,70,,47118,5754,,,1,30,,47121,5754,,,1,70,,47130,5754,,,1,30,,47108,5754,,,1,70,,47114,5754,,,1,30,,47139,5754,,,1,70,,47128,5754,,,1,30,,47109,5754,,,1,70,,47137,5754,,,1,28,,47115,5754,,,1,68,,47140,5754,,,1,36,,47131,5754,,,1,15,,47122,5754,,,1,55,,47125,5754,,,1,15,,47112,5754,,,1,15,,47138,5754,,,1,15,,47132,5754,,,1,55,,47116,5754,,,1,15,,47106,5754,,,1,15,,47113,5754,,,1,18,,47110,5754,,,1,67,,47129,5754,,,1,30,,47119,5754,,,1,70,,47111,5754,,,1,30,,47135,5754,,,1,70,,47126,5754,,,1,30,,47141,5754,,,1,100,,47127,5754,,,1,100,,47103,5754,,,1,100,,47105,5754,,,1
7701,'DI',746,,35180,1111,0,25 26,1,100,,35183,1111,0,25 26,1,100,,35181,1111,0,25 26,1,100,,35184,1111,0,25 26,1,100,,35182,1111,0,25 26,1,100,,35179,1111,0,25 26,1,100,,35185,1111,0,25 26,1,100,,35188,1111,0,25 26,1,100,,35178,1111,0,25 26,1,100,,35189,1111,0,25 26,1,100,,35190,1111,0,25 26,1,100,,35191,1111,0,25 26,1,99,,35186,1111,0,25 26,1,100,,35192,1111,0,25 26,1,100,,35187,1111,0,25 26,1
7701,'F1',746,,48923,1111,0,25 26,1,100,,48926,1111,0,25 26,1,100,,48924,1111,0,25 26,1,100,,48927,1111,0,25 26,1,100,,48925,1111,0,25 26,1,100,,48922,1111,0,25 26,1,100,,48928,1111,0,25 26,1,100,,48931,1111,0,25 26,1,100,,48921,1111,0,25 26,1,100,,48932,1111,0,25 26,1,100,,48933,1111,0,25 26,1,100,,48934,1111,0,25 26,1,99,,48929,1111,0,25 26,1,100,,48935,1111,0,25 26,1,100,,48930,1111,0,25 26,1
7701,'F2',746,,48950,1111,0,25 26,1,100,,48941,1111,0,25 26,1,100,,48937,1111,0,25 26,1,100,,48942,1111,0,25 26,1,100,,48938,1111,0,25 26,1,100,,48940,1111,0,25 26,1,100,,48943,1111,0,25 26,1,97,,48936,1111,0,25 26,1,103,,48944,1111,0,25 26,1,99,,48946,1111,0,25 26,1,101,,48945,1111,0,25 26,1,100,,48947,1111,0,25 26,1,99,,48948,1111,0,25 26,1,100,,48939,1111,0,25 26,1,100,,48949,1111,0,25 26,1
7701,'F8',746,,35276,1111,0,25 26,1,100,,35267,1111,0,25 26,1,100,,35263,1111,0,25 26,1,100,,35268,1111,0,25 26,1,100,,35264,1111,0,25 26,1,100,,35266,1111,0,25 26,1,100,,35269,1111,0,25 26,1,97,,35262,1111,0,25 26,1,103,,35270,1111,0,25 26,1,99,,35272,1111,0,25 26,1,101,,35271,1111,0,25 26,1,100,,35273,1111,0,25 26,1,99,,35274,1111,0,25 26,1,100,,35265,1111,0,25 26,1,100,,35275,1111,0,25 26,1
7701,'F9',746,,35279,1111,0,25 26,1,100,,35282,1111,0,25 26,1,100,,35280,1111,0,25 26,1,100,,35283,1111,0,25 26,1,100,,35281,1111,0,25 26,1,100,,35278,1111,0,25 26,1,100,,35284,1111,0,25 26,1,100,,35287,1111,0,25 26,1,100,,35277,1111,0,25 26,1,100,,35288,1111,0,25 26,1,100,,35289,1111,0,25 26,1,100,,35290,1111,0,25 26,1,99,,35285,1111,0,25 26,1,100,,35291,1111,0,25 26,1,100,,35286,1111,0,25 26,1
7701,'SA',746,,35305,1111,0,25 26,1,100,,35296,1111,0,25 26,1,100,,35293,1111,0,25 26,1,100,,35297,1111,0,25 26,1,100,,13757,1111,0,25 26,1,100,,35295,1111,0,25 26,1,100,,35298,1111,0,25 26,1,97,,35292,1111,0,25 26,1,103,,35299,1111,0,25 26,1,99,,35301,1111,0,25 26,1,101,,35300,1111,0,25 26,1,100,,35302,1111,0,25 26,1,99,,35303,1111,0,25 26,1,100,,35294,1111,0,25 26,1,100,,35304,1111,0,25 26,1
7701,'SE',627,,48987,1111,0,25 26,1,11,,48952,1111,0,25 26,1,7,,48957,1111,0,25 26,1,7,,48953,1111,0,25 26,1,52,,48961,1111,0,25 26,1,8,,48954,1111,0,25 26,1,18,,48959,1111,0,25 26,1,74,,48962,1111,0,25 26,1,28,,48958,1111,0,25 26,1,72,,48955,1111,0,25 26,1,30,,48960,1111,0,25 26,1,70,,48963,1111,0,25 26,1,30,,48964,1111,0,25 26,1,70,,48956,1111,0,25 26,1,30,,48966,1111,0,25 26,1,71,,48967,1111,0,25 26,1,30,,48965,1111,0,25 26,1,71,,48969,1111,0,25 26,1,33,,48971,1111,0,25 26,1,70,,48968,1111,0,25 26,1,30,,48972,1111,0,25 26,1,68,,48970,1111,0,25 26,1,20,,48974,1111,0,25 26,1,20,,48976,1111,0,25 26,1,60,,48977,1111,0,25 26,1,20,,48973,1111,0,25 26,1,19,,48982,1111,0,25 26,1,58,,48983,1111,0,25 26,1,22,,48975,1111,0,25 26,1,31,,48985,1111,0,25 26,1,64,,48978,1111,0,25 26,1,33,,48984,1111,0,25 26,1,73,,48980,1111,0,25 26,1,30,,48979,1111,0,25 26,1,71,,48951,1111,0,25 26,1,31,,48986,1111,0,25 26,1,66,,48981,1111,0,25 26,1
