2101,'DI',555,,27057,4539,,,1,70,,27051,4539,,,1,30,,27073,4539,,,1,69,,27075,4539,,,1,30,,27077,4539,,,1,70,,27068,4539,,,1,31,,27069,4539,,,1,70,,27074,4539,,,1,30,,27058,4539,,,1,67,,27071,4539,,,1,33,,27084,4539,,,1,70,,27082,4539,,,1,32,,27072,4539,,,1,70,,27059,4539,,,1,31,,27078,4539,,,1,72,,27070,4539,,,1,70,,27076,4539,,,1,30,,27085,4539,,,1,70,,27083,4539,,,1,30,,27060,4539,,,1,70,,27062,4539,,,1,30,,27052,4539,,,1,70,,27065,4539,,,1,30,,27061,4539,,,1,70,,27046,4539,,,1,30,,27053,4539,,,1,28,,27066,4539,,,1,67,,27050,4539,,,1,30,,27047,4539,,,1,70,,27049,4539,,,1,30,,27080,4539,,,1,70,,27063,4539,,,1,30,,27054,4539,,,1,70,,27067,4539,,,1,30,,27055,4539,,,1,70,,27056,4539,,,1,30,,27079,4539,,,1,70,,27081,4539,,,1,30,,27048,4539,,,1,70,,27064,4539,,,1
2101,'F1',555,,45688,4539,,,1,70,,45682,4539,,,1,30,,45704,4539,,,1,69,,45706,4539,,,1,30,,45708,4539,,,1,70,,45699,4539,,,1,31,,45700,4539,,,1,70,,45705,4539,,,1,30,,45689,4539,,,1,67,,45702,4539,,,1,33,,45715,4539,,,1,70,,45713,4539,,,1,32,,45703,4539,,,1,70,,45690,4539,,,1,31,,45709,4539,,,1,72,,45701,4539,,,1,70,,45707,4539,,,1,30,,45716,4539,,,1,70,,45714,4539,,,1,30,,45691,4539,,,1,70,,45693,4539,,,1,30,,45683,4539,,,1,70,,45696,4539,,,1,30,,45692,4539,,,1,70,,45677,4539,,,1,30,,45684,4539,,,1,28,,45697,4539,,,1,67,,45681,4539,,,1,30,,45678,4539,,,1,70,,45680,4539,,,1,30,,45711,4539,,,1,70,,45694,4539,,,1,30,,45685,4539,,,1,70,,45698,4539,,,1,30,,45686,4539,,,1,70,,45687,4539,,,1,30,,45710,4539,,,1,70,,45712,4539,,,1,30,,45679,4539,,,1,70,,45695,4539,,,1
2101,'F2',555,,45733,4539,,,1,70,,45724,4539,,,1,30,,45737,4539,,,1,70,,45746,4539,,,1,31,,45747,4539,,,1,70,,45735,4539,,,1,30,,45750,4539,,,1,70,,45738,4539,,,1,30,,45725,4539,,,1,65,,45720,4539,,,1,31,,45734,4539,,,1,74,,45739,4539,,,1,33,,45721,4539,,,1,66,,45726,4539,,,1,34,,45730,4539,,,1,71,,45743,4539,,,1,70,,45748,4539,,,1,30,,45740,4539,,,1,70,,45751,4539,,,1,30,,45744,4539,,,1,70,,45749,4539,,,1,30,,45741,4539,,,1,70,,45753,4539,,,1,30,,45727,4539,,,1,70,,45752,4539,,,1,30,,45742,4539,,,1,28,,45754,4539,,,1,67,,45717,4539,,,1,30,,45731,4539,,,1,70,,45745,4539,,,1,30,,45728,4539,,,1,70,,45736,4539,,,1,30,,45722,4539,,,1,70,,45732,4539,,,1,30,,45718,4539,,,1,70,,45729,4539,,,1,30,,45756,4539,,,1,70,,45723,4539,,,1,30,,45755,4539,,,1,70,,45719,4539,,,1
2101,'F8',555,,27226,4539,,,1,70,,27217,4539,,,1,30,,27230,4539,,,1,70,,27239,4539,,,1,31,,27240,4539,,,1,70,,27228,4539,,,1,30,,27243,4539,,,1,70,,27231,4539,,,1,30,,27218,4539,,,1,65,,27213,4539,,,1,31,,27227,4539,,,1,74,,27232,4539,,,1,33,,27214,4539,,,1,66,,27219,4539,,,1,34,,27223,4539,,,1,71,,27236,4539,,,1,70,,27241,4539,,,1,30,,27233,4539,,,1,70,,27244,4539,,,1,30,,27237,4539,,,1,70,,27242,4539,,,1,30,,27234,4539,,,1,70,,27246,4539,,,1,30,,27220,4539,,,1,70,,27245,4539,,,1,30,,27235,4539,,,1,28,,27247,4539,,,1,67,,27210,4539,,,1,30,,27224,4539,,,1,70,,27238,4539,,,1,30,,27221,4539,,,1,70,,27229,4539,,,1,30,,27215,4539,,,1,70,,27225,4539,,,1,30,,27211,4539,,,1,70,,27222,4539,,,1,30,,27249,4539,,,1,70,,27216,4539,,,1,30,,27248,4539,,,1,70,,27212,4539,,,1
2101,'F9',555,,27261,4539,,,1,70,,27255,4539,,,1,30,,27277,4539,,,1,69,,27279,4539,,,1,30,,27281,4539,,,1,70,,27272,4539,,,1,31,,27273,4539,,,1,70,,27278,4539,,,1,30,,27262,4539,,,1,67,,27275,4539,,,1,33,,27288,4539,,,1,70,,27286,4539,,,1,32,,27276,4539,,,1,70,,27263,4539,,,1,31,,27282,4539,,,1,72,,27274,4539,,,1,70,,27280,4539,,,1,30,,27289,4539,,,1,70,,27287,4539,,,1,30,,27264,4539,,,1,70,,27266,4539,,,1,30,,27256,4539,,,1,70,,27269,4539,,,1,30,,27265,4539,,,1,70,,27250,4539,,,1,30,,27257,4539,,,1,28,,27270,4539,,,1,67,,27254,4539,,,1,30,,27251,4539,,,1,70,,27253,4539,,,1,30,,27284,4539,,,1,70,,27267,4539,,,1,30,,27258,4539,,,1,70,,27271,4539,,,1,30,,27259,4539,,,1,70,,27260,4539,,,1,30,,27283,4539,,,1,70,,27285,4539,,,1,30,,27252,4539,,,1,70,,27268,4539,,,1
2101,'SA',555,,27306,4539,,,1,70,,27297,4539,,,1,30,,27310,4539,,,1,70,,27319,4539,,,1,31,,27320,4539,,,1,70,,27308,4539,,,1,30,,27321,4539,,,1,70,,27311,4539,,,1,30,,27298,4539,,,1,65,,27293,4539,,,1,31,,27307,4539,,,1,74,,27312,4539,,,1,33,,27294,4539,,,1,66,,27299,4539,,,1,34,,27303,4539,,,1,71,,27316,4539,,,1,70,,6523,4539,,,1,30,,27313,4539,,,1,70,,27322,4539,,,1,30,,27317,4539,,,1,70,,6524,4539,,,1,30,,27314,4539,,,1,70,,27324,4539,,,1,30,,27300,4539,,,1,70,,27323,4539,,,1,30,,27315,4539,,,1,28,,27325,4539,,,1,67,,27290,4539,,,1,30,,27304,4539,,,1,70,,27318,4539,,,1,30,,27301,4539,,,1,70,,27309,4539,,,1,30,,27295,4539,,,1,70,,27305,4539,,,1,30,,27291,4539,,,1,70,,27302,4539,,,1,30,,27326,4539,,,1,70,,27296,4539,,,1,30,,6535,4539,,,1,70,,27292,4539,,,1
2101,'SE',449,,45761,4539,,,1,86,,45759,4539,,,1,67,,45794,4539,,,1,15,,45788,4539,,,1,15,,45785,4539,,,1,12,,45786,4539,,,1,12,,45798,4539,,,1,52,,45799,4539,,,1,14,,45795,4539,,,1,15,,45797,4539,,,1,22,,45789,4539,,,1,58,,45790,4539,,,1,17,,45801,4539,,,1,23,,45793,4539,,,1,56,,45802,4539,,,1,20,,45757,4539,,,1,21,,45763,4539,,,1,67,,45765,4539,,,1,33,,45768,4539,,,1,70,,45781,4539,,,1,30,,45764,4539,,,1,71,,45770,4539,,,1,33,,45758,4539,,,1,70,,45760,4539,,,1,30,,45769,4539,,,1,74,,45773,4539,,,1,68,,45783,4539,,,1,30,,45784,4539,,,1,73,,45796,4539,,,1,15,,45791,4539,,,1,15,,45800,4539,,,1,15,,45803,4539,,,1,55,,45804,4539,,,1,18,,45792,4539,,,1,19,,45787,4539,,,1,17,,45782,4539,,,1,60,,45778,4539,,,1,26,,45780,4539,,,1,68,,45766,4539,,,1,25,,45762,4539,,,1,70,,45772,4539,,,1,30,,45777,4539,,,1,69,,45775,4539,,,1,30,,45776,4539,,,1,70,,45779,4539,,,1,99,,45767,4539,,,1,98,,45774,4539,,,1,55,,45771,4539,,,1
13200,'DI',837,,38037,3696,0,21 45,1,100,,38042,3696,0,21 45,1,100,,38038,3696,0,21 45,1,100,,38040,3696,0,21 45,1,100,,38043,3696,0,21 45,1,100,,38046,3696,0,21 45,1,100,,38044,3696,0,21 45,1,105,,38048,3696,0,21 45,1,95,,38047,3696,0,21 45,1,100,,38045,3696,0,21 45,1,102,,38049,3696,0,21 45,1,98,,38050,3696,0,21 45,1,100,,38041,3696,0,21 45,1,100,,38036,3696,0,21 45,1,100,,38051,3696,0,21 45,1,100,,38053,3696,0,21 45,1,100,,38039,3696,0,21 45,1,100,,38052,3696,0,21 45,1
13200,'F1',837,,50085,3696,0,21 45,1,100,,50090,3696,0,21 45,1,100,,50086,3696,0,21 45,1,100,,50088,3696,0,21 45,1,100,,50091,3696,0,21 45,1,100,,50094,3696,0,21 45,1,100,,50092,3696,0,21 45,1,105,,50096,3696,0,21 45,1,95,,50095,3696,0,21 45,1,100,,50093,3696,0,21 45,1,102,,50097,3696,0,21 45,1,98,,50098,3696,0,21 45,1,100,,50089,3696,0,21 45,1,100,,50084,3696,0,21 45,1,100,,50099,3696,0,21 45,1,100,,50101,3696,0,21 45,1,100,,50087,3696,0,21 45,1,100,,50100,3696,0,21 45,1
13200,'F2',737,,50120,3696,0,21 45,1,100,,50107,3696,0,21 45,1,100,,50102,3696,0,21 45,1,103,,50103,3696,0,21 45,1,97,,50108,3696,0,21 45,1,104,,50104,3696,0,21 45,1,96,,50119,3696,0,21 45,1,104,,50109,3696,0,21 45,1,96,,50111,3696,0,21 45,1,100,,50105,3696,0,21 45,1,100,,50110,3696,0,21 45,1,102,,50112,3696,0,21 45,1,98,,50114,3696,0,21 45,1,100,,50113,3696,0,21 45,1,100,,50116,3696,0,21 45,1,100,,50115,3696,0,21 45,1,100,,50118,3696,0,21 45,1,100,,50117,3696,0,21 45,1,100,,50106,3696,0,21 45,1
13200,'F8',737,,38135,3696,0,21 45,1,100,,38122,3696,0,21 45,1,100,,38117,3696,0,21 45,1,103,,38118,3696,0,21 45,1,97,,38123,3696,0,21 45,1,104,,38119,3696,0,21 45,1,96,,38134,3696,0,21 45,1,104,,38124,3696,0,21 45,1,96,,38126,3696,0,21 45,1,100,,38120,3696,0,21 45,1,100,,38125,3696,0,21 45,1,102,,38127,3696,0,21 45,1,98,,38129,3696,0,21 45,1,100,,38128,3696,0,21 45,1,100,,38131,3696,0,21 45,1,100,,38130,3696,0,21 45,1,100,,38133,3696,0,21 45,1,100,,38132,3696,0,21 45,1,100,,38121,3696,0,21 45,1
13200,'F9',837,,38137,3696,0,21 45,1,100,,38142,3696,0,21 45,1,100,,38138,3696,0,21 45,1,100,,38140,3696,0,21 45,1,100,,38143,3696,0,21 45,1,100,,38146,3696,0,21 45,1,100,,38144,3696,0,21 45,1,105,,38148,3696,0,21 45,1,95,,38147,3696,0,21 45,1,100,,38145,3696,0,21 45,1,102,,38149,3696,0,21 45,1,98,,38150,3696,0,21 45,1,100,,38141,3696,0,21 45,1,100,,38136,3696,0,21 45,1,100,,38151,3696,0,21 45,1,100,,38153,3696,0,21 45,1,100,,38139,3696,0,21 45,1,100,,38152,3696,0,21 45,1
13200,'SA',737,,38172,3696,0,21 45,1,100,,38159,3696,0,21 45,1,100,,38154,3696,0,21 45,1,103,,38155,3696,0,21 45,1,97,,38160,3696,0,21 45,1,104,,38156,3696,0,21 45,1,96,,38171,3696,0,21 45,1,104,,38161,3696,0,21 45,1,96,,38163,3696,0,21 45,1,100,,38157,3696,0,21 45,1,100,,38162,3696,0,21 45,1,102,,38164,3696,0,21 45,1,98,,38166,3696,0,21 45,1,100,,38165,3696,0,21 45,1,100,,38168,3696,0,21 45,1,100,,38167,3696,0,21 45,1,100,,38170,3696,0,21 45,1,100,,38169,3696,0,21 45,1,100,,38158,3696,0,21 45,1
13200,'SE',646,,50121,3696,0,21 45,1,63,,50133,3696,0,21 45,1,20,,50132,3696,0,21 45,1,22,,50130,3696,0,21 45,1,58,,50122,3696,0,21 45,1,22,,50134,3696,0,21 45,1,80,,50131,3696,0,21 45,1,96,,50127,3696,0,21 45,1,99,,50140,3696,0,21 45,1,96,,50125,3696,0,21 45,1,100,,50141,3696,0,21 45,1,108,,50144,3696,0,21 45,1,93,,50123,3696,0,21 45,1,24,,50135,3696,0,21 45,1,20,,50137,3696,0,21 45,1,60,,50129,3696,0,21 45,1,22,,50124,3696,0,21 45,1,20,,50136,3696,0,21 45,1,60,,50142,3696,0,21 45,1,20,,50128,3696,0,21 45,1,21,,50126,3696,0,21 45,1,59,,50139,3696,0,21 45,1,20,,50143,3696,0,21 45,1,19,,50138,3696,0,21 45,1
