1000,'DI',643,,23472,6987,,,1,70,,23499,6987,,,1,30,,23497,6987,,,1,70,,23490,6987,,,1,38,,23473,6987,,,1,70,,23491,6987,,,1,30,,23474,6987,,,1,70,,23492,6987,,,1,30,,23475,6987,,,1,70,,23493,6987,,,1,30,,23476,6987,,,1,70,,23494,6987,,,1,30,,23477,6987,,,1,70,,23495,6987,,,1,30,,23478,6987,,,1,70,,23496,6987,,,1,30,,23479,6987,,,1,70,,23500,6987,,,1,30,,23480,6987,,,1,70,,23501,6987,,,1,30,,23481,6987,,,1,70,,23502,6987,,,1,30,,23482,6987,,,1,70,,23503,6987,,,1,81,,23483,6987,,,1,100,,23484,6987,,,1,100,,23485,6987,,,1,100,,23486,6987,,,1,100,,23487,6987,,,1,100,,23488,6987,,,1,100,,23489,6987,,,1
1000,'F1',643,,44325,6987,,,1,70,,44352,6987,,,1,30,,44350,6987,,,1,70,,44343,6987,,,1,38,,44326,6987,,,1,70,,44344,6987,,,1,30,,44327,6987,,,1,70,,44345,6987,,,1,30,,44328,6987,,,1,70,,44346,6987,,,1,30,,44329,6987,,,1,70,,44347,6987,,,1,30,,44330,6987,,,1,70,,44348,6987,,,1,30,,44331,6987,,,1,70,,44349,6987,,,1,30,,44332,6987,,,1,70,,44353,6987,,,1,30,,44333,6987,,,1,70,,44354,6987,,,1,30,,44334,6987,,,1,70,,44355,6987,,,1,30,,44335,6987,,,1,70,,44356,6987,,,1,81,,44336,6987,,,1,100,,44337,6987,,,1,100,,44338,6987,,,1,100,,44339,6987,,,1,100,,44340,6987,,,1,100,,44341,6987,,,1,100,,44342,6987,,,1
1000,'F2',612,,44368,6987,,,1,30,,44363,6987,,,1,70,,44357,6987,,,1,30,,44370,6987,,,1,70,,44369,6987,,,1,38,,44379,6987,,,1,70,,44378,6987,,,1,30,,44380,6987,,,1,70,,44386,6987,,,1,30,,44381,6987,,,1,70,,44387,6987,,,1,30,,44371,6987,,,1,72,,44388,6987,,,1,30,,44372,6987,,,1,70,,44389,6987,,,1,30,,44373,6987,,,1,70,,44358,6987,,,1,30,,44374,6987,,,1,70,,44359,6987,,,1,30,,44375,6987,,,1,70,,44360,6987,,,1,29,,44376,6987,,,1,71,,44361,6987,,,1,30,,44377,6987,,,1,70,,44362,6987,,,1,81,,44382,6987,,,1,100,,44383,6987,,,1,100,,44384,6987,,,1,100,,44385,6987,,,1,100,,44364,6987,,,1,100,,44365,6987,,,1,100,,44366,6987,,,1
1000,'F8',612,,23581,6987,,,1,30,,23576,6987,,,1,70,,23570,6987,,,1,30,,23583,6987,,,1,70,,23582,6987,,,1,38,,23592,6987,,,1,70,,23591,6987,,,1,30,,23593,6987,,,1,70,,23599,6987,,,1,30,,23594,6987,,,1,70,,23600,6987,,,1,30,,23584,6987,,,1,72,,23601,6987,,,1,30,,23585,6987,,,1,70,,23602,6987,,,1,30,,23586,6987,,,1,70,,23571,6987,,,1,30,,23587,6987,,,1,70,,23572,6987,,,1,30,,23588,6987,,,1,70,,23573,6987,,,1,29,,23589,6987,,,1,71,,23574,6987,,,1,30,,23590,6987,,,1,70,,23575,6987,,,1,81,,23595,6987,,,1,100,,23596,6987,,,1,100,,23597,6987,,,1,100,,23598,6987,,,1,100,,23577,6987,,,1,100,,23578,6987,,,1,100,,23579,6987,,,1
1000,'F9',643,,23603,6987,,,1,70,,23630,6987,,,1,30,,23628,6987,,,1,70,,23621,6987,,,1,38,,23604,6987,,,1,70,,23622,6987,,,1,30,,23605,6987,,,1,70,,23623,6987,,,1,30,,23606,6987,,,1,70,,23624,6987,,,1,30,,23607,6987,,,1,70,,23625,6987,,,1,30,,23608,6987,,,1,70,,23626,6987,,,1,30,,23609,6987,,,1,70,,23627,6987,,,1,30,,23610,6987,,,1,70,,23631,6987,,,1,30,,23611,6987,,,1,70,,23632,6987,,,1,30,,23612,6987,,,1,70,,23633,6987,,,1,30,,23613,6987,,,1,70,,23634,6987,,,1,81,,23614,6987,,,1,100,,23615,6987,,,1,100,,23616,6987,,,1,100,,23617,6987,,,1,100,,23618,6987,,,1,100,,23619,6987,,,1,100,,23620,6987,,,1
1000,'SA',612,,23646,6987,,,1,30,,23641,6987,,,1,70,,23635,6987,,,1,30,,23648,6987,,,1,70,,23647,6987,,,1,38,,23657,6987,,,1,70,,23656,6987,,,1,30,,23658,6987,,,1,70,,23664,6987,,,1,30,,23659,6987,,,1,70,,23665,6987,,,1,30,,23649,6987,,,1,72,,23666,6987,,,1,30,,23650,6987,,,1,70,,23667,6987,,,1,30,,23651,6987,,,1,70,,23636,6987,,,1,30,,23652,6987,,,1,70,,23637,6987,,,1,30,,23653,6987,,,1,70,,23638,6987,,,1,29,,23654,6987,,,1,71,,23639,6987,,,1,30,,23655,6987,,,1,70,,23640,6987,,,1,81,,23660,6987,,,1,100,,23661,6987,,,1,100,,23662,6987,,,1,100,,23663,6987,,,1,100,,23642,6987,,,1,100,,23643,6987,,,1,100,,23644,6987,,,1
1700,'DI',635,,25381,6877,,,1,100,,25366,6877,,,1,70,,25372,6877,,,1,30,,25379,6877,,,1,70,,25392,6877,,,1,30,,25382,6877,,,1,70,,25387,6877,,,1,30,,25367,6877,,,1,70,,25389,6877,,,1,30,,25377,6877,,,1,70,,25385,6877,,,1,30,,25393,6877,,,1,70,,25373,6877,,,1,30,,25388,6877,,,1,70,,25378,6877,,,1,30,,25376,6877,,,1,70,,25391,6877,,,1,29,,25383,6877,,,1,70,,25368,6877,,,1,31,,25375,6877,,,1,70,,25369,6877,,,1,30,,25364,6877,,,1,71,,25370,6877,,,1,30,,25363,6877,,,1,99,,25390,6877,,,1,100,,25384,6877,,,1,100,,25371,6877,,,1,100,,25386,6877,,,1,100,,25374,6877,,,1,100,,25365,6877,,,1,100,,25380,6877,,,1
1700,'F1',635,,45060,6877,,,1,100,,45045,6877,,,1,70,,45051,6877,,,1,30,,45058,6877,,,1,70,,45071,6877,,,1,30,,45061,6877,,,1,70,,45066,6877,,,1,30,,45046,6877,,,1,70,,45068,6877,,,1,30,,45056,6877,,,1,70,,45064,6877,,,1,30,,45072,6877,,,1,70,,45052,6877,,,1,30,,45067,6877,,,1,70,,45057,6877,,,1,30,,45055,6877,,,1,70,,45070,6877,,,1,29,,45062,6877,,,1,70,,45047,6877,,,1,31,,45054,6877,,,1,70,,45048,6877,,,1,30,,45043,6877,,,1,71,,45049,6877,,,1,30,,45042,6877,,,1,99,,45069,6877,,,1,100,,45063,6877,,,1,100,,45050,6877,,,1,100,,45065,6877,,,1,100,,45053,6877,,,1,100,,45044,6877,,,1,100,,45059,6877,,,1
1700,'F2',635,,45093,6877,,,1,100,,45102,6877,,,1,70,,45076,6877,,,1,30,,45088,6877,,,1,70,,45099,6877,,,1,30,,45086,6877,,,1,70,,45075,6877,,,1,30,,45094,6877,,,1,70,,45077,6877,,,1,30,,45081,6877,,,1,70,,45073,6877,,,1,30,,45083,6877,,,1,70,,45089,6877,,,1,30,,45095,6877,,,1,70,,45100,6877,,,1,30,,45082,6877,,,1,70,,45101,6877,,,1,30,,45090,6877,,,1,70,,45097,6877,,,1,29,,45096,6877,,,1,70,,45078,6877,,,1,31,,45080,6877,,,1,70,,45079,6877,,,1,31,,45084,6877,,,1,99,,45098,6877,,,1,100,,45091,6877,,,1,100,,45087,6877,,,1,100,,45085,6877,,,1,100,,45074,6877,,,1,100,,45103,6877,,,1,100,,45092,6877,,,1
1700,'F8',635,,25476,6877,,,1,100,,25485,6877,,,1,70,,25459,6877,,,1,30,,25471,6877,,,1,70,,25482,6877,,,1,30,,25469,6877,,,1,70,,25458,6877,,,1,30,,25477,6877,,,1,70,,25460,6877,,,1,30,,25464,6877,,,1,70,,25456,6877,,,1,30,,25466,6877,,,1,70,,25472,6877,,,1,30,,25478,6877,,,1,70,,25483,6877,,,1,30,,25465,6877,,,1,70,,25484,6877,,,1,30,,25473,6877,,,1,70,,25480,6877,,,1,29,,25479,6877,,,1,70,,25461,6877,,,1,31,,25463,6877,,,1,70,,25462,6877,,,1,31,,25467,6877,,,1,99,,25481,6877,,,1,100,,25474,6877,,,1,100,,25470,6877,,,1,100,,25468,6877,,,1,100,,25457,6877,,,1,100,,25486,6877,,,1,100,,25475,6877,,,1
1700,'F9',635,,25505,6877,,,1,100,,25490,6877,,,1,70,,25496,6877,,,1,30,,25503,6877,,,1,70,,25516,6877,,,1,30,,25506,6877,,,1,70,,25511,6877,,,1,30,,25491,6877,,,1,70,,25513,6877,,,1,30,,25501,6877,,,1,70,,25509,6877,,,1,30,,25517,6877,,,1,70,,25497,6877,,,1,30,,25512,6877,,,1,70,,25502,6877,,,1,30,,25500,6877,,,1,70,,25515,6877,,,1,29,,25507,6877,,,1,70,,25492,6877,,,1,31,,25499,6877,,,1,70,,25493,6877,,,1,30,,25488,6877,,,1,71,,25494,6877,,,1,30,,25487,6877,,,1,99,,25514,6877,,,1,100,,25508,6877,,,1,100,,25495,6877,,,1,100,,25510,6877,,,1,100,,25498,6877,,,1,100,,25489,6877,,,1,100,,25504,6877,,,1
1700,'SA',635,,25536,6877,,,1,100,,25545,6877,,,1,70,,25521,6877,,,1,30,,4923,6877,,,1,70,,25542,6877,,,1,30,,25531,6877,,,1,70,,25520,6877,,,1,30,,25537,6877,,,1,70,,25522,6877,,,1,30,,25526,6877,,,1,70,,25518,6877,,,1,30,,25528,6877,,,1,70,,25533,6877,,,1,30,,25538,6877,,,1,70,,25543,6877,,,1,30,,25527,6877,,,1,70,,25544,6877,,,1,30,,25534,6877,,,1,70,,25540,6877,,,1,29,,25539,6877,,,1,70,,25523,6877,,,1,31,,25525,6877,,,1,70,,25524,6877,,,1,31,,25529,6877,,,1,99,,25541,6877,,,1,100,,4934,6877,,,1,100,,25532,6877,,,1,100,,25530,6877,,,1,100,,25519,6877,,,1,100,,25546,6877,,,1,100,,25535,6877,,,1
7600,'SE',612,,48783,7342,,,1,21,,48784,7342,,,1,20,,48780,7342,,,1,69,,48764,7342,,,1,13,,48767,7342,,,1,21,,48770,7342,,,1,63,,48800,7342,,,1,27,,48768,7342,,,1,70,,48771,7342,,,1,30,,48762,7342,,,1,70,,48781,7342,,,1,30,,48773,7342,,,1,70,,48769,7342,,,1,30,,48765,7342,,,1,70,,48763,7342,,,1,30,,48802,7342,,,1,70,,48760,7342,,,1,30,,48782,7342,,,1,71,,48766,7342,,,1,34,,48772,7342,,,1,66,,48785,7342,,,1,32,,48787,7342,,,1,71,,48777,7342,,,1,24,,48797,7342,,,1,58,,48801,7342,,,1,20,,48803,7342,,,1,21,,48774,7342,,,1,58,,48798,7342,,,1,20,,48806,7342,,,1,27,,48786,7342,,,1,70,,48776,7342,,,1,30,,48761,7342,,,1,70,,48788,7342,,,1,30,,48804,7342,,,1,70,,48789,7342,,,1,30,,48805,7342,,,1,69,,48790,7342,,,1,30,,48794,7342,,,1,70,,48791,7342,,,1,30,,48795,7342,,,1,70,,48792,7342,,,1,30,,48796,7342,,,1,70,,48793,7342,,,1
