800,'DI',559,,22786,5813,,,1,72,,22781,5813,,,1,70,,2441,5813,,,1,30,,2447,5813,,,1,70,,22787,5813,,,1,30,,22782,5813,,,1,72,,2442,5813,,,1,30,,2448,5813,,,1,70,,22788,5813,,,1,30,,22783,5813,,,1,70,,2443,5813,,,1,30,,2449,5813,,,1,72,,22789,5813,,,1,30,,2436,5813,,,1,70,,2444,5813,,,1,30,,2450,5813,,,1,70,,22790,5813,,,1,30,,22784,5813,,,1,70,,2445,5813,,,1,29,,22793,5813,,,1,70,,22791,5813,,,1,30,,22785,5813,,,1,69,,2446,5813,,,1,30,,22794,5813,,,1,72,,22792,5813,,,1,43,,2437,5813,,,1,100,,22795,5813,,,1,100,,2438,5813,,,1,99,,22796,5813,,,1,100,,2439,5813,,,1,100,,22797,5813,,,1,100,,2440,5813,,,1,100,,22780,5813,,,1
800,'F8',559,,22955,5813,,,1,70,,22938,5813,,,1,72,,22951,5813,,,1,30,,22953,5813,,,1,71,,22956,5813,,,1,30,,22939,5813,,,1,70,,22952,5813,,,1,31,,22954,5813,,,1,70,,22957,5813,,,1,30,,22940,5813,,,1,70,,22946,5813,,,1,30,,22962,5813,,,1,68,,22958,5813,,,1,32,,22941,5813,,,1,70,,22947,5813,,,1,30,,22963,5813,,,1,70,,22959,5813,,,1,30,,22966,5813,,,1,70,,22948,5813,,,1,30,,22964,5813,,,1,70,,22960,5813,,,1,30,,22967,5813,,,1,70,,22949,5813,,,1,30,,22965,5813,,,1,72,,22961,5813,,,1,28,,22934,5813,,,1,70,,22950,5813,,,1,46,,22942,5813,,,1,98,,22935,5813,,,1,100,,22943,5813,,,1,100,,22936,5813,,,1,100,,22944,5813,,,1,100,,22937,5813,,,1,100,,22945,5813,,,1
800,'F9',559,,22989,5813,,,1,72,,22969,5813,,,1,70,,22977,5813,,,1,30,,22983,5813,,,1,70,,22990,5813,,,1,30,,22970,5813,,,1,72,,22978,5813,,,1,30,,22984,5813,,,1,70,,22991,5813,,,1,30,,22971,5813,,,1,70,,22979,5813,,,1,30,,22985,5813,,,1,72,,22992,5813,,,1,30,,22972,5813,,,1,70,,22980,5813,,,1,30,,22986,5813,,,1,70,,22993,5813,,,1,30,,22987,5813,,,1,70,,22981,5813,,,1,29,,22996,5813,,,1,70,,22994,5813,,,1,30,,22988,5813,,,1,69,,22982,5813,,,1,30,,22997,5813,,,1,72,,22995,5813,,,1,43,,22973,5813,,,1,100,,22998,5813,,,1,100,,22974,5813,,,1,99,,22999,5813,,,1,100,,22975,5813,,,1,100,,23000,5813,,,1,100,,22976,5813,,,1,100,,22968,5813,,,1
800,'SA',559,,23022,5813,,,1,70,,23005,5813,,,1,72,,23018,5813,,,1,30,,23020,5813,,,1,71,,23023,5813,,,1,30,,23006,5813,,,1,70,,23019,5813,,,1,31,,23021,5813,,,1,70,,23024,5813,,,1,30,,23007,5813,,,1,70,,23013,5813,,,1,30,,23029,5813,,,1,68,,23025,5813,,,1,32,,23008,5813,,,1,70,,23014,5813,,,1,30,,23030,5813,,,1,70,,23026,5813,,,1,30,,2660,5813,,,1,70,,23015,5813,,,1,30,,23031,5813,,,1,70,,23027,5813,,,1,30,,2661,5813,,,1,70,,23016,5813,,,1,30,,23032,5813,,,1,72,,23028,5813,,,1,28,,23001,5813,,,1,70,,23017,5813,,,1,46,,23009,5813,,,1,98,,23002,5813,,,1,100,,23010,5813,,,1,100,,23003,5813,,,1,100,,23011,5813,,,1,100,,23004,5813,,,1,100,,23012,5813,,,1
800,'SE',503,,23067,5813,,,1,28,,23069,5813,,,1,22,,23076,5813,,,1,81,,23033,5813,,,1,70,,23068,5813,,,1,21,,23070,5813,,,1,19,,23061,5813,,,1,13,,23036,5813,,,1,55,,23037,5813,,,1,15,,23040,5813,,,1,15,,23034,5813,,,1,17,,23050,5813,,,1,55,,23046,5813,,,1,15,,23071,5813,,,1,15,,23042,5813,,,1,15,,23095,5813,,,1,55,,23038,5813,,,1,15,,23041,5813,,,1,15,,23035,5813,,,1,15,,23047,5813,,,1,55,,23051,5813,,,1,17,,23079,5813,,,1,15,,23072,5813,,,1,55,,23080,5813,,,1,15,,23054,5813,,,1,15,,23098,5813,,,1,15,,23099,5813,,,1,55,,23096,5813,,,1,15,,23085,5813,,,1,15,,23083,5813,,,1,15,,23062,5813,,,1,55,,23043,5813,,,1,15,,23081,5813,,,1,16,,23039,5813,,,1,15,,23097,5813,,,1,54,,23084,5813,,,1,14,,23093,5813,,,1,4,,23055,5813,,,1,13,,23052,5813,,,1,15,,23088,5813,,,1,55,,23087,5813,,,1,15,,23073,5813,,,1,15,,23044,5813,,,1,12,,23082,5813,,,1,12,,23100,5813,,,1,53,,23086,5813,,,1,11,,23066,5813,,,1,12,,23065,5813,,,1,12,,23094,5813,,,1,11,,23053,5813,,,1,52,,23089,5813,,,1,12,,23059,5813,,,1,11,,23060,5813,,,1,10,,23077,5813,,,1,10,,23045,5813,,,1,60,,23063,5813,,,1,27,,23090,5813,,,1,68,,23074,5813,,,1,30,,23078,5813,,,1,68,,23064,5813,,,1,30,,23091,5813,,,1,70,,23075,5813,,,1,45,,23056,5813,,,1,100,,23092,5813,,,1,98,,23057,5813,,,1,100,,23058,5813,,,1
2800,'DI',855,,27669,5813,0,32 33,1,101,,27674,5813,0,32 33,1,100,,27672,5813,0,32 33,1,100,,27670,5813,0,32 33,1,100,,27671,5813,0,32 33,1,100,,27675,5813,0,32 33,1,100,,27678,5813,0,32 33,1,101,,27677,5813,0,32 33,1,99,,27676,5813,0,32 33,1,100,,27673,5813,0,32 33,1
2800,'F8',857,,27747,5813,0,32 33,1,99,,27742,5813,0,32 33,1,103,,27740,5813,0,32 33,1,97,,27744,5813,0,32 33,1,101,,27743,5813,0,32 33,1,100,,27745,5813,0,32 33,1,99,,27741,5813,0,32 33,1,103,,27749,5813,0,32 33,1,99,,27748,5813,0,32 33,1,98,,27746,5813,0,32 33,1
2800,'F9',855,,27750,5813,0,32 33,1,101,,27755,5813,0,32 33,1,100,,27753,5813,0,32 33,1,100,,27751,5813,0,32 33,1,100,,27752,5813,0,32 33,1,100,,27756,5813,0,32 33,1,100,,27759,5813,0,32 33,1,101,,27758,5813,0,32 33,1,99,,27757,5813,0,32 33,1,100,,27754,5813,0,32 33,1
2800,'SA',857,,27766,5813,0,32 33,1,99,,27762,5813,0,32 33,1,103,,27760,5813,0,32 33,1,97,,27763,5813,0,32 33,1,101,,6923,5813,0,32 33,1,100,,27764,5813,0,32 33,1,99,,27761,5813,0,32 33,1,103,,27768,5813,0,32 33,1,99,,27767,5813,0,32 33,1,98,,27765,5813,0,32 33,1
2800,'SE',622,,27804,5813,0,32 33,1,86,,27802,5813,0,32 33,1,22,,27805,5813,0,32 33,1,3,,27806,5813,0,32 33,1,16,,27770,5813,0,32 33,1,53,,27785,5813,0,32 33,1,15,,27803,5813,0,32 33,1,15,,27769,5813,0,32 33,1,14,,27775,5813,0,32 33,1,58,,27787,5813,0,32 33,1,30,,27771,5813,0,32 33,1,70,,27786,5813,0,32 33,1,30,,27788,5813,0,32 33,1,70,,27772,5813,0,32 33,1,32,,27793,5813,0,32 33,1,70,,27789,5813,0,32 33,1,30,,27773,5813,0,32 33,1,70,,27794,5813,0,32 33,1,30,,27790,5813,0,32 33,1,70,,27774,5813,0,32 33,1,30,,27795,5813,0,32 33,1,71,,27807,5813,0,32 33,1,16,,27799,5813,0,32 33,1,14,,27797,5813,0,32 33,1,15,,27781,5813,0,32 33,1,55,,27809,5813,0,32 33,1,15,,27776,5813,0,32 33,1,14,,27778,5813,0,32 33,1,12,,27808,5813,0,32 33,1,52,,27800,5813,0,32 33,1,12,,27798,5813,0,32 33,1,12,,27791,5813,0,32 33,1,12,,27782,5813,0,32 33,1,12,,27796,5813,0,32 33,1,11,,27777,5813,0,32 33,1,52,,27801,5813,0,32 33,1,12,,27780,5813,0,32 33,1,13,,27784,5813,0,32 33,1,95,,27779,5813,0,32 33,1,98,,27792,5813,0,32 33,1,98,,27783,5813,0,32 33,1
8800,'DI',716,,36639,5813,,,1,30,,36644,5813,,,1,70,,36650,5813,,,1,30,,36659,5813,,,1,70,,36640,5813,,,1,30,,36645,5813,,,1,72,,36651,5813,,,1,30,,36660,5813,,,1,70,,36641,5813,,,1,30,,36646,5813,,,1,70,,36652,5813,,,1,30,,36661,5813,,,1,70,,36642,5813,,,1,30,,36647,5813,,,1,70,,36653,5813,,,1,30,,15002,5813,,,1,70,,36654,5813,,,1,30,,36648,5813,,,1,70,,36662,5813,,,1,30,,15003,5813,,,1,70,,36655,5813,,,1,30,,36649,5813,,,1,70,,36663,5813,,,1,100,,36656,5813,,,1,100,,36664,5813,,,1,100,,36657,5813,,,1,100,,36665,5813,,,1,97,,36658,5813,,,1,100,,36638,5813,,,1,100,,36643,5813,,,1
8800,'F8',716,,36775,5813,,,1,30,,36800,5813,,,1,71,,36796,5813,,,1,30,,36787,5813,,,1,71,,36780,5813,,,1,30,,36801,5813,,,1,70,,36797,5813,,,1,30,,36788,5813,,,1,70,,36781,5813,,,1,30,,36792,5813,,,1,70,,36777,5813,,,1,30,,36789,5813,,,1,70,,36782,5813,,,1,30,,36793,5813,,,1,70,,36778,5813,,,1,30,,36772,5813,,,1,70,,36783,5813,,,1,30,,36794,5813,,,1,70,,36779,5813,,,1,30,,36773,5813,,,1,71,,36802,5813,,,1,29,,36795,5813,,,1,71,,36790,5813,,,1,29,,36774,5813,,,1,70,,36784,5813,,,1,100,,36791,5813,,,1,99,,36785,5813,,,1,99,,36799,5813,,,1,100,,36786,5813,,,1,100,,36798,5813,,,1,100,,36776,5813,,,1
8800,'F9',716,,36806,5813,,,1,30,,36811,5813,,,1,70,,36817,5813,,,1,30,,36826,5813,,,1,70,,36807,5813,,,1,30,,36812,5813,,,1,72,,36818,5813,,,1,30,,36827,5813,,,1,70,,36808,5813,,,1,30,,36813,5813,,,1,70,,36819,5813,,,1,30,,36828,5813,,,1,70,,36809,5813,,,1,30,,36814,5813,,,1,70,,36820,5813,,,1,30,,36803,5813,,,1,70,,36821,5813,,,1,30,,36815,5813,,,1,70,,36829,5813,,,1,30,,36804,5813,,,1,70,,36822,5813,,,1,30,,36816,5813,,,1,70,,36830,5813,,,1,100,,36823,5813,,,1,100,,36831,5813,,,1,100,,36824,5813,,,1,100,,36832,5813,,,1,97,,36825,5813,,,1,100,,36805,5813,,,1,100,,36810,5813,,,1
8800,'SA',716,,36836,5813,,,1,30,,36860,5813,,,1,71,,36857,5813,,,1,30,,36848,5813,,,1,71,,36841,5813,,,1,30,,36861,5813,,,1,70,,36858,5813,,,1,30,,36849,5813,,,1,70,,36842,5813,,,1,30,,36853,5813,,,1,70,,36838,5813,,,1,30,,36850,5813,,,1,70,,36843,5813,,,1,30,,36854,5813,,,1,70,,36839,5813,,,1,30,,36833,5813,,,1,70,,36844,5813,,,1,30,,36855,5813,,,1,70,,36840,5813,,,1,30,,36834,5813,,,1,71,,36862,5813,,,1,29,,36856,5813,,,1,71,,36851,5813,,,1,29,,36835,5813,,,1,70,,36845,5813,,,1,100,,36852,5813,,,1,99,,36846,5813,,,1,99,,15203,5813,,,1,100,,36847,5813,,,1,100,,36859,5813,,,1,100,,36837,5813,,,1
8800,'SE',717,,36873,5813,,,1,21,,36905,5813,,,1,15,,36906,5813,,,1,54,,15219,5813,,,1,15,,36907,5813,,,1,15,,36875,5813,,,1,15,,36876,5813,,,1,69,,36895,5813,,,1,30,,36874,5813,,,1,70,,36872,5813,,,1,30,,36893,5813,,,1,72,,36896,5813,,,1,30,,36865,5813,,,1,70,,36863,5813,,,1,30,,36897,5813,,,1,70,,36866,5813,,,1,30,,36894,5813,,,1,71,,36909,5813,,,1,30,,36898,5813,,,1,57,,36900,5813,,,1,16,,36902,5813,,,1,15,,36867,5813,,,1,15,,36878,5813,,,1,55,,36908,5813,,,1,15,,36883,5813,,,1,13,,36887,5813,,,1,12,,36864,5813,,,1,52,,36888,5813,,,1,12,,36880,5813,,,1,13,,36885,5813,,,1,11,,36871,5813,,,1,11,,36903,5813,,,1,52,,36868,5813,,,1,12,,36879,5813,,,1,11,,36901,5813,,,1,19,,36884,5813,,,1,55,,15235,5813,,,1,22,,36881,5813,,,1,28,,36904,5813,,,1,70,,36899,5813,,,1,28,,15236,5813,,,1,70,,36882,5813,,,1,30,,36870,5813,,,1,70,,36891,5813,,,1,100,,36889,5813,,,1,99,,36892,5813,,,1,99,,36890,5813,,,1
