1401,'SE',552,,44650,1521,,,1,70,,44645,1521,,,1,20,,44648,1521,,,1,14,,44651,1521,,,1,56,,44649,1521,,,1,12,,44642,1521,,,1,16,,44647,1521,,,1,14,,44646,1521,,,1,54,,44652,1521,,,1,16,,44644,1521,,,1,16,,44643,1521,,,1,61,,44653,1521,,,1,23,,44664,1521,,,1,100,,44658,1521,,,1,100,,44663,1521,,,1,100,,44662,1521,,,1,100,,44656,1521,,,1,100,,44655,1521,,,1,100,,44659,1521,,,1,85,,44661,1521,,,1,17,,44657,1521,,,1,19,,44665,1521,,,1,64,,44660,1521,,,1,19,,44669,1521,,,1,21,,44654,1521,,,1,60,,44668,1521,,,1,18,,44666,1521,,,1,29,,44667,1521,,,1
3800,'DI',646,,28912,1521,,,1,100,,28918,1521,,,1,100,,28916,1521,,,1,101,,28910,1521,,,1,96,,28919,1521,,,1,100,,28907,1521,,,1,101,,28923,1521,,,1,100,,28911,1521,,,1,100,,28917,1521,,,1,100,,28920,1521,,,1,104,,28908,1521,,,1,101,,28913,1521,,,1,99,,28914,1521,,,1,100,,28909,1521,,,1,99,,28921,1521,,,1,101,,28915,1521,,,1,100,,28922,1521,,,1,100,,28924,1521,,,1
3800,'F1',646,,46445,1521,,,1,100,,46451,1521,,,1,100,,46449,1521,,,1,101,,46443,1521,,,1,96,,46452,1521,,,1,100,,46440,1521,,,1,101,,46456,1521,,,1,100,,46444,1521,,,1,100,,46450,1521,,,1,100,,46453,1521,,,1,104,,46441,1521,,,1,101,,46446,1521,,,1,99,,46447,1521,,,1,100,,46442,1521,,,1,99,,46454,1521,,,1,101,,46448,1521,,,1,100,,46455,1521,,,1,100,,46457,1521,,,1
3800,'F2',546,,46463,1521,,,1,100,,46460,1521,,,1,100,,46470,1521,,,1,100,,46464,1521,,,1,100,,46471,1521,,,1,100,,46465,1521,,,1,100,,46472,1521,,,1,102,,46466,1521,,,1,100,,46473,1521,,,1,100,,46467,1521,,,1,101,,46461,1521,,,1,100,,46468,1521,,,1,100,,46462,1521,,,1,99,,46469,1521,,,1,100,,46458,1521,,,1,99,,46474,1521,,,1,100,,46459,1521,,,1,101,,46475,1521,,,1,99,,46476,1521,,,1
3800,'F8',546,,28998,1521,,,1,100,,28995,1521,,,1,100,,29005,1521,,,1,100,,28999,1521,,,1,100,,29006,1521,,,1,100,,29000,1521,,,1,100,,29007,1521,,,1,102,,29001,1521,,,1,100,,29008,1521,,,1,100,,29002,1521,,,1,101,,28996,1521,,,1,100,,29003,1521,,,1,100,,28997,1521,,,1,99,,29004,1521,,,1,100,,28993,1521,,,1,99,,29009,1521,,,1,100,,28994,1521,,,1,101,,29010,1521,,,1,99,,29011,1521,,,1
3800,'F9',646,,29017,1521,,,1,100,,29023,1521,,,1,100,,29021,1521,,,1,101,,29015,1521,,,1,96,,29024,1521,,,1,100,,29012,1521,,,1,101,,29028,1521,,,1,100,,29016,1521,,,1,100,,29022,1521,,,1,100,,29025,1521,,,1,104,,29013,1521,,,1,101,,29018,1521,,,1,99,,29019,1521,,,1,100,,29014,1521,,,1,99,,29026,1521,,,1,101,,29020,1521,,,1,100,,29027,1521,,,1,100,,29029,1521,,,1
3800,'SA',546,,29035,1521,,,1,100,,29032,1521,,,1,100,,29042,1521,,,1,100,,29036,1521,,,1,100,,29043,1521,,,1,100,,29037,1521,,,1,100,,29044,1521,,,1,102,,29038,1521,,,1,100,,29045,1521,,,1,100,,29039,1521,,,1,101,,29033,1521,,,1,100,,29040,1521,,,1,100,,29034,1521,,,1,99,,29041,1521,,,1,100,,29030,1521,,,1,99,,29046,1521,,,1,100,,29031,1521,,,1,101,,29047,1521,,,1,99,,29048,1521,,,1
3800,'SE',601,,46497,1521,,,1,21,,46489,1521,,,1,18,,46493,1521,,,1,18,,46494,1521,,,1,64,,46499,1521,,,1,12,,46481,1521,,,1,20,,46485,1521,,,1,64,,46486,1521,,,1,29,,46477,1521,,,1,58,,46504,1521,,,1,17,,46502,1521,,,1,30,,46479,1521,,,1,84,,46478,1521,,,1,100,,46482,1521,,,1,100,,46496,1521,,,1,100,,46490,1521,,,1,95,,46483,1521,,,1,27,,46480,1521,,,1,72,,46495,1521,,,1,70,,46487,1521,,,1,30,,46506,1521,,,1,71,,46488,1521,,,1,26,,46492,1521,,,1,27,,46491,1521,,,1,94,,46503,1521,,,1,100,,46501,1521,,,1,100,,46500,1521,,,1,100,,46498,1521,,,1,100,,46505,1521,,,1,100,,46484,1521,,,1
21400,'DI',903,,39011,1521,,,1,100,,39012,1521,,,1,100,,39013,1521,,,1,100,,39014,1521,,,1,100,,39015,1521,,,1,100,,39016,1521,,,1,100,,39017,1521,,,1,100,,39018,1521,,,1,100,,39019,1521,,,1,100,,39020,1521,,,1
21400,'F1',903,,50482,1521,,,1,100,,50483,1521,,,1,100,,50484,1521,,,1,100,,50485,1521,,,1,100,,50486,1521,,,1,100,,50487,1521,,,1,100,,50488,1521,,,1,100,,50489,1521,,,1,100,,50490,1521,,,1,100,,50491,1521,,,1
21400,'F2',903,,50492,1521,,,1,100,,50493,1521,,,1,100,,50494,1521,,,1,100,,50495,1521,,,1,100,,50496,1521,,,1,100,,50497,1521,,,1,100,,50498,1521,,,1,100,,50499,1521,,,1,100,,50500,1521,,,1,100,,50501,1521,,,1
21400,'F8',903,,39034,1521,,,1,100,,39035,1521,,,1,100,,39036,1521,,,1,100,,39037,1521,,,1,100,,39038,1521,,,1,100,,39039,1521,,,1,100,,39040,1521,,,1,100,,39041,1521,,,1,100,,39042,1521,,,1,100,,39043,1521,,,1
21400,'F9',903,,39044,1521,,,1,100,,39045,1521,,,1,100,,39046,1521,,,1,100,,39047,1521,,,1,100,,39048,1521,,,1,100,,39049,1521,,,1,100,,39050,1521,,,1,100,,39051,1521,,,1,100,,39052,1521,,,1,100,,39053,1521,,,1
21400,'SA',903,,39054,1521,,,1,100,,39055,1521,,,1,100,,39056,1521,,,1,100,,39057,1521,,,1,100,,39058,1521,,,1,100,,39059,1521,,,1,100,,39060,1521,,,1,100,,39061,1521,,,1,100,,39062,1521,,,1,100,,39063,1521,,,1
