801,'DI',554,,23101,14351,,,1,70,,2745,14351,,,1,30,,2752,14351,,,1,70,,23108,14351,,,1,30,,23102,14351,,,1,72,,2746,14351,,,1,30,,2753,14351,,,1,70,,23109,14351,,,1,28,,23103,14351,,,1,70,,2747,14351,,,1,30,,2754,14351,,,1,69,,23110,14351,,,1,30,,23104,14351,,,1,70,,2748,14351,,,1,30,,2755,14351,,,1,70,,23111,14351,,,1,31,,2741,14351,,,1,70,,2749,14351,,,1,31,,2756,14351,,,1,70,,23112,14351,,,1,29,,23106,14351,,,1,70,,2750,14351,,,1,30,,23115,14351,,,1,70,,23113,14351,,,1,19,,23105,14351,,,1,14,,23107,14351,,,1,70,,2751,14351,,,1,28,,23116,14351,,,1,70,,23114,14351,,,1,85,,2742,14351,,,1,100,,23117,14351,,,1,100,,2743,14351,,,1,99,,23118,14351,,,1,100,,2744,14351,,,1,99,,23119,14351,,,1
801,'F1',554,,44174,14351,,,1,70,,44182,14351,,,1,30,,44189,14351,,,1,70,,44197,14351,,,1,30,,44175,14351,,,1,72,,44183,14351,,,1,30,,44190,14351,,,1,70,,44198,14351,,,1,28,,44176,14351,,,1,70,,44184,14351,,,1,30,,44191,14351,,,1,69,,44199,14351,,,1,30,,44177,14351,,,1,70,,44185,14351,,,1,30,,44192,14351,,,1,70,,44200,14351,,,1,31,,44178,14351,,,1,70,,44186,14351,,,1,31,,44193,14351,,,1,70,,44201,14351,,,1,29,,44195,14351,,,1,70,,44187,14351,,,1,30,,44204,14351,,,1,70,,44202,14351,,,1,19,,44194,14351,,,1,14,,44196,14351,,,1,70,,44188,14351,,,1,28,,44205,14351,,,1,70,,44203,14351,,,1,85,,44179,14351,,,1,100,,44206,14351,,,1,100,,44180,14351,,,1,99,,44207,14351,,,1,100,,44181,14351,,,1,99,,44208,14351,,,1
801,'F2',554,,44213,14351,,,1,70,,44225,14351,,,1,30,,44228,14351,,,1,70,,44231,14351,,,1,30,,44214,14351,,,1,72,,44226,14351,,,1,30,,44229,14351,,,1,70,,44232,14351,,,1,27,,44215,14351,,,1,69,,44227,14351,,,1,30,,44230,14351,,,1,70,,44233,14351,,,1,31,,44216,14351,,,1,70,,44221,14351,,,1,31,,44238,14351,,,1,70,,44234,14351,,,1,31,,44217,14351,,,1,70,,44222,14351,,,1,30,,44239,14351,,,1,70,,44235,14351,,,1,30,,44242,14351,,,1,70,,44223,14351,,,1,30,,44240,14351,,,1,70,,44236,14351,,,1,25,,44209,14351,,,1,50,,44243,14351,,,1,20,,44224,14351,,,1,30,,44241,14351,,,1,70,,44237,14351,,,1,90,,44210,14351,,,1,100,,44218,14351,,,1,100,,44211,14351,,,1,97,,44219,14351,,,1,100,,44212,14351,,,1,100,,44220,14351,,,1
801,'F8',554,,23268,14351,,,1,70,,23280,14351,,,1,30,,23283,14351,,,1,70,,23286,14351,,,1,30,,23269,14351,,,1,72,,23281,14351,,,1,30,,23284,14351,,,1,70,,23287,14351,,,1,27,,23270,14351,,,1,69,,23282,14351,,,1,30,,23285,14351,,,1,70,,23288,14351,,,1,31,,23271,14351,,,1,70,,23276,14351,,,1,31,,23293,14351,,,1,70,,23289,14351,,,1,31,,23272,14351,,,1,70,,23277,14351,,,1,30,,23294,14351,,,1,70,,23290,14351,,,1,30,,23297,14351,,,1,70,,23278,14351,,,1,30,,23295,14351,,,1,70,,23291,14351,,,1,25,,23264,14351,,,1,50,,23298,14351,,,1,20,,23279,14351,,,1,30,,23296,14351,,,1,70,,23292,14351,,,1,90,,23265,14351,,,1,100,,23273,14351,,,1,100,,23266,14351,,,1,97,,23274,14351,,,1,100,,23267,14351,,,1,100,,23275,14351,,,1
801,'F9',554,,23299,14351,,,1,70,,23307,14351,,,1,30,,23314,14351,,,1,70,,23322,14351,,,1,30,,23300,14351,,,1,72,,23308,14351,,,1,30,,23315,14351,,,1,70,,23323,14351,,,1,28,,23301,14351,,,1,70,,23309,14351,,,1,30,,23316,14351,,,1,69,,23324,14351,,,1,30,,23302,14351,,,1,70,,23310,14351,,,1,30,,23317,14351,,,1,70,,23325,14351,,,1,31,,23303,14351,,,1,70,,23311,14351,,,1,31,,23318,14351,,,1,70,,23326,14351,,,1,29,,23320,14351,,,1,70,,23312,14351,,,1,30,,23329,14351,,,1,70,,23327,14351,,,1,19,,23319,14351,,,1,14,,23321,14351,,,1,70,,23313,14351,,,1,28,,23330,14351,,,1,70,,23328,14351,,,1,85,,23304,14351,,,1,100,,23331,14351,,,1,100,,23305,14351,,,1,99,,23332,14351,,,1,100,,23306,14351,,,1,99,,23333,14351,,,1
801,'SA',554,,23338,14351,,,1,70,,23350,14351,,,1,30,,23353,14351,,,1,70,,23356,14351,,,1,30,,23339,14351,,,1,72,,23351,14351,,,1,30,,23354,14351,,,1,70,,23357,14351,,,1,27,,23340,14351,,,1,69,,23352,14351,,,1,30,,23355,14351,,,1,70,,23358,14351,,,1,31,,23341,14351,,,1,70,,23346,14351,,,1,31,,23363,14351,,,1,70,,23359,14351,,,1,31,,23342,14351,,,1,70,,23347,14351,,,1,30,,23364,14351,,,1,70,,23360,14351,,,1,30,,2977,14351,,,1,70,,23348,14351,,,1,30,,23365,14351,,,1,70,,23361,14351,,,1,25,,23334,14351,,,1,50,,2978,14351,,,1,20,,23349,14351,,,1,30,,23366,14351,,,1,70,,23362,14351,,,1,90,,23335,14351,,,1,100,,23343,14351,,,1,100,,23336,14351,,,1,97,,23344,14351,,,1,100,,23337,14351,,,1,100,,23345,14351,,,1
801,'SE',520,,44283,14351,,,1,33,,44246,14351,,,1,67,,44285,14351,,,1,21,,44287,14351,,,1,60,,44290,14351,,,1,15,,44288,14351,,,1,8,,44250,14351,,,1,15,,44268,14351,,,1,7,,44295,14351,,,1,8,,44247,14351,,,1,49,,44289,14351,,,1,23,,44286,14351,,,1,19,,44261,14351,,,1,58,,44291,14351,,,1,14,,44282,14351,,,1,15,,44251,14351,,,1,14,,44269,14351,,,1,55,,44248,14351,,,1,17,,44272,14351,,,1,15,,44259,14351,,,1,14,,44262,14351,,,1,55,,44265,14351,,,1,16,,44305,14351,,,1,15,,44252,14351,,,1,15,,44270,14351,,,1,55,,44249,14351,,,1,15,,44273,14351,,,1,15,,44275,14351,,,1,16,,44254,14351,,,1,55,,44263,14351,,,1,15,,44292,14351,,,1,15,,44306,14351,,,1,15,,44303,14351,,,1,55,,44271,14351,,,1,15,,44244,14351,,,1,15,,44274,14351,,,1,18,,44260,14351,,,1,55,,44255,14351,,,1,13,,44307,14351,,,1,21,,44266,14351,,,1,11,,44293,14351,,,1,50,,44253,14351,,,1,14,,44297,14351,,,1,16,,44296,14351,,,1,18,,44245,14351,,,1,55,,44276,14351,,,1,12,,44279,14351,,,1,16,,44264,14351,,,1,15,,44300,14351,,,1,55,,44267,14351,,,1,13,,44294,14351,,,1,21,,44298,14351,,,1,22,,44299,14351,,,1,67,,44280,14351,,,1,28,,44301,14351,,,1,71,,44284,14351,,,1,28,,44256,14351,,,1,73,,44308,14351,,,1,27,,44302,14351,,,1,52,,44277,14351,,,1,20,,44281,14351,,,1,29,,44257,14351,,,1,60,,44304,14351,,,1,92,,44278,14351,,,1,100,,44258,14351,,,1
2801,'DI',942,,27810,8028,,,1,100,,27815,8028,,,1,100,,27813,8028,,,1,101,,27811,8028,,,1,100,,27812,8028,,,1,100,,27816,8028,,,1,98,,27819,8028,,,1,99,,27818,8028,,,1,96,,27817,8028,,,1,105,,27814,8028,,,1
2801,'F1',942,,45978,8028,,,1,100,,45983,8028,,,1,100,,45981,8028,,,1,101,,45979,8028,,,1,100,,45980,8028,,,1,100,,45984,8028,,,1,98,,45987,8028,,,1,99,,45986,8028,,,1,96,,45985,8028,,,1,105,,45982,8028,,,1
2801,'F2',942,,45995,8028,,,1,100,,45990,8028,,,1,100,,45988,8028,,,1,101,,45992,8028,,,1,100,,45991,8028,,,1,100,,45993,8028,,,1,98,,45989,8028,,,1,96,,45997,8028,,,1,99,,45996,8028,,,1,105,,45994,8028,,,1
2801,'F8',942,,27885,8028,,,1,100,,27880,8028,,,1,100,,27878,8028,,,1,101,,27882,8028,,,1,100,,27881,8028,,,1,100,,27883,8028,,,1,98,,27879,8028,,,1,96,,27887,8028,,,1,99,,27886,8028,,,1,105,,27884,8028,,,1
2801,'F9',942,,27888,8028,,,1,100,,27893,8028,,,1,100,,27891,8028,,,1,101,,27889,8028,,,1,100,,27890,8028,,,1,100,,27894,8028,,,1,98,,27897,8028,,,1,99,,27896,8028,,,1,96,,27895,8028,,,1,105,,27892,8028,,,1
2801,'SA',942,,27904,8028,,,1,100,,27900,8028,,,1,100,,27898,8028,,,1,101,,27901,8028,,,1,100,,7052,8028,,,1,100,,27902,8028,,,1,98,,27899,8028,,,1,96,,27906,8028,,,1,99,,27905,8028,,,1,105,,27903,8028,,,1
2801,'SE',652,,46024,8028,,,1,60,,46030,9737,,,1,21,,46025,8028,,,1,19,,46031,9737,,,1,69,,46035,9737,,,1,21,,46019,8028,,,1,16,,46029,9737,,,1,68,,46023,8028,,,1,29,,46009,8028,,,1,70,,46001,8028,,,1,30,,46005,8028,,,1,70,,46010,8028,,,1,30,,46002,8028,,,1,70,,46006,8028,,,1,30,,46011,8028,,,1,70,,46003,8028,,,1,30,,46007,8028,,,1,71,,46012,8028,,,1,30,,46004,8028,,,1,61,,46013,8028,,,1,12,,46008,8028,,,1,17,,46015,8028,,,1,10,,46032,9737,,,1,57,,45999,8028,,,1,13,,46017,8028,,,1,15,,46021,8028,,,1,18,,46034,9737,,,1,53,,46014,8028,,,1,16,,46016,8028,,,1,13,,46033,9737,,,1,18,,46018,8028,,,1,54,,46020,8028,,,1,21,,46026,8028,,,1,21,,45998,8028,,,1,63,,46022,8028,,,1,100,,46000,8028,,,1,100,,46027,8028,,,1,100,,46028,8028,,,1
7701,'DI',822,,35180,14787,0,25 26,1,100,,35183,14787,0,25 26,1,100,,35181,14787,0,25 26,1,100,,35184,14787,0,25 26,1,100,,35182,14787,0,25 26,1,100,,35179,14787,0,25 26,1,100,,35185,14787,0,25 26,1,100,,35188,14787,0,25 26,1,100,,35178,14787,0,25 26,1,100,,35189,14787,0,25 26,1,100,,35190,14787,0,25 26,1,98,,35191,14787,0,25 26,1,99,,35186,14787,0,25 26,1,100,,35192,14787,0,25 26,1,100,,35187,14787,0,25 26,1
7701,'F1',822,,48923,14787,0,25 26,1,100,,48926,14787,0,25 26,1,100,,48924,14787,0,25 26,1,100,,48927,14787,0,25 26,1,100,,48925,14787,0,25 26,1,100,,48922,14787,0,25 26,1,100,,48928,14787,0,25 26,1,100,,48931,14787,0,25 26,1,100,,48921,14787,0,25 26,1,100,,48932,14787,0,25 26,1,100,,48933,14787,0,25 26,1,98,,48934,14787,0,25 26,1,99,,48929,14787,0,25 26,1,100,,48935,14787,0,25 26,1,100,,48930,14787,0,25 26,1
7701,'F2',822,,48950,14787,0,25 26,1,100,,48941,14787,0,25 26,1,100,,48937,14787,0,25 26,1,100,,48942,14787,0,25 26,1,100,,48938,14787,0,25 26,1,100,,48940,14787,0,25 26,1,100,,48943,14787,0,25 26,1,97,,48936,14787,0,25 26,1,103,,48944,14787,0,25 26,1,99,,48946,14787,0,25 26,1,101,,48945,14787,0,25 26,1,98,,48947,14787,0,25 26,1,99,,48948,14787,0,25 26,1,100,,48939,14787,0,25 26,1,100,,48949,14787,0,25 26,1
7701,'F8',822,,35276,14787,0,25 26,1,100,,35267,14787,0,25 26,1,100,,35263,14787,0,25 26,1,100,,35268,14787,0,25 26,1,100,,35264,14787,0,25 26,1,100,,35266,14787,0,25 26,1,100,,35269,14787,0,25 26,1,97,,35262,14787,0,25 26,1,103,,35270,14787,0,25 26,1,99,,35272,14787,0,25 26,1,101,,35271,14787,0,25 26,1,98,,35273,14787,0,25 26,1,99,,35274,14787,0,25 26,1,100,,35265,14787,0,25 26,1,100,,35275,14787,0,25 26,1
7701,'F9',822,,35279,14787,0,25 26,1,100,,35282,14787,0,25 26,1,100,,35280,14787,0,25 26,1,100,,35283,14787,0,25 26,1,100,,35281,14787,0,25 26,1,100,,35278,14787,0,25 26,1,100,,35284,14787,0,25 26,1,100,,35287,14787,0,25 26,1,100,,35277,14787,0,25 26,1,100,,35288,14787,0,25 26,1,100,,35289,14787,0,25 26,1,98,,35290,14787,0,25 26,1,99,,35285,14787,0,25 26,1,100,,35291,14787,0,25 26,1,100,,35286,14787,0,25 26,1
7701,'SA',822,,35305,14787,0,25 26,1,100,,35296,14787,0,25 26,1,100,,35293,14787,0,25 26,1,100,,35297,14787,0,25 26,1,100,,13757,14787,0,25 26,1,100,,35295,14787,0,25 26,1,100,,35298,14787,0,25 26,1,97,,35292,14787,0,25 26,1,103,,35299,14787,0,25 26,1,99,,35301,14787,0,25 26,1,101,,35300,14787,0,25 26,1,98,,35302,14787,0,25 26,1,99,,35303,14787,0,25 26,1,100,,35294,14787,0,25 26,1,100,,35304,14787,0,25 26,1
7701,'SE',702,,48987,14787,0,25 26,1,11,,48952,14787,0,25 26,1,7,,48957,14787,0,25 26,1,7,,48953,14787,0,25 26,1,16,,48961,14787,0,25 26,1,8,,48954,14787,0,25 26,1,58,,48959,14787,0,25 26,1,35,,48962,14787,0,25 26,1,68,,48958,14787,0,25 26,1,31,,48955,14787,0,25 26,1,70,,48960,14787,0,25 26,1,30,,48963,14787,0,25 26,1,70,,48964,14787,0,25 26,1,30,,48956,14787,0,25 26,1,70,,48966,14787,0,25 26,1,32,,48967,14787,0,25 26,1,70,,48965,14787,0,25 26,1,31,,48969,14787,0,25 26,1,73,,48971,14787,0,25 26,1,30,,48968,14787,0,25 26,1,70,,48972,14787,0,25 26,1,32,,48970,14787,0,25 26,1,60,,48974,14787,0,25 26,1,20,,48976,14787,0,25 26,1,20,,48977,14787,0,25 26,1,60,,48973,14787,0,25 26,1,16,,48982,14787,0,25 26,1,18,,48983,14787,0,25 26,1,62,,48975,14787,0,25 26,1,28,,48985,14787,0,25 26,1,24,,48978,14787,0,25 26,1,73,,48984,14787,0,25 26,1,71,,48980,14787,0,25 26,1,30,,48979,14787,0,25 26,1,71,,48951,14787,0,25 26,1,31,,48986,14787,0,25 26,1,22,,48981,14787,0,25 26,1
8801,'DI',641,,36910,13623,,,1,70,,36915,13623,,,1,30,,36921,13623,,,1,70,,36931,13623,,,1,30,,36911,13623,,,1,70,,36916,13623,,,1,30,,36922,13623,,,1,68,,36932,13623,,,1,29,,36912,13623,,,1,70,,36917,13623,,,1,30,,36923,13623,,,1,70,,36933,13623,,,1,30,,36913,13623,,,1,70,,36918,13623,,,1,30,,36924,13623,,,1,71,,36934,13623,,,1,30,,36914,13623,,,1,71,,36919,13623,,,1,30,,36925,13623,,,1,69,,15257,13623,,,1,30,,36926,13623,,,1,70,,36920,13623,,,1,30,,36935,13623,,,1,73,,15258,13623,,,1,22,,36927,13623,,,1,106,,36936,13623,,,1,100,,36928,13623,,,1,100,,36937,13623,,,1,99,,36929,13623,,,1,100,,36938,13623,,,1,99,,36930,13623,,,1
8801,'F1',641,,49632,13623,,,1,70,,49637,13623,,,1,30,,49643,13623,,,1,70,,49653,13623,,,1,30,,49633,13623,,,1,70,,49638,13623,,,1,30,,49644,13623,,,1,68,,49654,13623,,,1,29,,49634,13623,,,1,70,,49639,13623,,,1,30,,49645,13623,,,1,70,,49655,13623,,,1,30,,49635,13623,,,1,70,,49640,13623,,,1,30,,49646,13623,,,1,71,,49656,13623,,,1,30,,49636,13623,,,1,71,,49641,13623,,,1,30,,49647,13623,,,1,69,,49630,13623,,,1,30,,49648,13623,,,1,70,,49642,13623,,,1,30,,49657,13623,,,1,73,,49631,13623,,,1,22,,49649,13623,,,1,106,,49658,13623,,,1,100,,49650,13623,,,1,100,,49659,13623,,,1,99,,49651,13623,,,1,100,,49660,13623,,,1,99,,49652,13623,,,1
8801,'F2',639,,49664,13623,,,1,70,,49663,13623,,,1,30,,49685,13623,,,1,69,,49676,13623,,,1,30,,49665,13623,,,1,70,,49689,13623,,,1,32,,49686,13623,,,1,67,,49677,13623,,,1,30,,49669,13623,,,1,69,,49690,13623,,,1,30,,49687,13623,,,1,71,,49678,13623,,,1,30,,49670,13623,,,1,71,,49682,13623,,,1,28,,49666,13623,,,1,71,,49679,13623,,,1,30,,49671,13623,,,1,70,,49683,13623,,,1,30,,49667,13623,,,1,70,,49661,13623,,,1,30,,49672,13623,,,1,71,,49684,13623,,,1,28,,49668,13623,,,1,72,,49662,13623,,,1,21,,49691,13623,,,1,109,,49680,13623,,,1,100,,49673,13623,,,1,100,,49681,13623,,,1,100,,49674,13623,,,1,96,,49688,13623,,,1,100,,49675,13623,,,1
8801,'F8',639,,37048,13623,,,1,70,,37047,13623,,,1,30,,37069,13623,,,1,69,,37060,13623,,,1,30,,37049,13623,,,1,70,,37073,13623,,,1,32,,37070,13623,,,1,67,,37061,13623,,,1,30,,37053,13623,,,1,69,,37074,13623,,,1,30,,37071,13623,,,1,71,,37062,13623,,,1,30,,37054,13623,,,1,71,,37066,13623,,,1,28,,37050,13623,,,1,71,,37063,13623,,,1,30,,37055,13623,,,1,70,,37067,13623,,,1,30,,37051,13623,,,1,70,,37045,13623,,,1,30,,37056,13623,,,1,71,,37068,13623,,,1,28,,37052,13623,,,1,72,,37046,13623,,,1,21,,37075,13623,,,1,109,,37064,13623,,,1,100,,37057,13623,,,1,100,,37065,13623,,,1,100,,37058,13623,,,1,96,,37072,13623,,,1,100,,37059,13623,,,1
8801,'F9',641,,37078,13623,,,1,70,,37083,13623,,,1,30,,37089,13623,,,1,70,,37099,13623,,,1,30,,37079,13623,,,1,70,,37084,13623,,,1,30,,37090,13623,,,1,68,,37100,13623,,,1,29,,37080,13623,,,1,70,,37085,13623,,,1,30,,37091,13623,,,1,70,,37101,13623,,,1,30,,37081,13623,,,1,70,,37086,13623,,,1,30,,37092,13623,,,1,71,,37102,13623,,,1,30,,37082,13623,,,1,71,,37087,13623,,,1,30,,37093,13623,,,1,69,,37076,13623,,,1,30,,37094,13623,,,1,70,,37088,13623,,,1,30,,37103,13623,,,1,73,,37077,13623,,,1,22,,37095,13623,,,1,106,,37104,13623,,,1,100,,37096,13623,,,1,100,,37105,13623,,,1,99,,37097,13623,,,1,100,,37106,13623,,,1,99,,37098,13623,,,1
8801,'SA',639,,37110,13623,,,1,70,,37109,13623,,,1,30,,37131,13623,,,1,69,,37122,13623,,,1,30,,37111,13623,,,1,70,,37134,13623,,,1,32,,37132,13623,,,1,67,,37123,13623,,,1,30,,37115,13623,,,1,69,,37135,13623,,,1,30,,37133,13623,,,1,71,,37124,13623,,,1,30,,37116,13623,,,1,71,,37128,13623,,,1,28,,37112,13623,,,1,71,,37125,13623,,,1,30,,37117,13623,,,1,70,,37129,13623,,,1,30,,37113,13623,,,1,70,,37107,13623,,,1,30,,37118,13623,,,1,71,,37130,13623,,,1,28,,37114,13623,,,1,72,,37108,13623,,,1,21,,37136,13623,,,1,109,,37126,13623,,,1,100,,37119,13623,,,1,100,,37127,13623,,,1,100,,37120,13623,,,1,96,,15458,13623,,,1,100,,37121,13623,,,1
8801,'SE',636,,49700,13623,,,1,20,,49692,13623,,,1,50,,49714,13623,,,1,14,,49719,13623,,,1,8,,49702,13623,,,1,14,,49721,13623,,,1,15,,49720,13623,,,1,50,,49693,13623,,,1,7,,49710,13623,,,1,18,,49718,13623,,,1,18,,49708,13623,,,1,60,,49732,13623,,,1,30,,49734,13623,,,1,70,,49733,13623,,,1,30,,49697,13623,,,1,70,,49727,13623,,,1,30,,49728,13623,,,1,70,,49694,13623,,,1,30,,49699,13623,,,1,70,,49703,13623,,,1,30,,49696,13623,,,1,70,,49695,13623,,,1,33,,49705,13623,,,1,69,,49701,13623,,,1,20,,49713,13623,,,1,19,,49730,13623,,,1,58,,49722,13623,,,1,12,,49704,13623,,,1,15,,49711,13623,,,1,20,,49715,13623,,,1,52,,49709,13623,,,1,15,,49698,13623,,,1,14,,49736,13623,,,1,16,,49735,13623,,,1,54,,49731,13623,,,1,16,,49723,13623,,,1,18,,49712,13623,,,1,67,,49716,13623,,,1,32,,49737,13623,,,1,70,,49706,13623,,,1,28,,49729,13623,,,1,70,,49717,13623,,,1,30,,49707,13623,,,1,101,,49724,13623,,,1,98,,49726,13623,,,1,100,,49725,13623,,,1
