2900,'DI',655,,27945,9468,,,1,100,,27946,9468,,,1,100,,27947,9468,,,1,100,,27948,9468,,,1,100,,27949,9468,,,1,100,,27950,9468,,,1,100,,27951,9468,,,1,100,,27952,9468,,,1,100,,27953,9468,,,1,100,,27954,9468,,,1,100,,27955,9468,,,1,100,,27956,9468,,,1,100,,27957,9468,,,1,100,,27958,9468,,,1,100,,27959,9468,,,1,100,,27960,9468,,,1,100,,27961,9468,,,1,100,,27962,9468,,,1,160,,27963,9468,,,1
2900,'F1',655,,46036,9468,,,1,100,,46037,9468,,,1,100,,46038,9468,,,1,100,,46039,9468,,,1,100,,46040,9468,,,1,100,,46041,9468,,,1,100,,46042,9468,,,1,100,,46043,9468,,,1,100,,46044,9468,,,1,100,,46045,9468,,,1,100,,46046,9468,,,1,100,,46047,9468,,,1,100,,46048,9468,,,1,100,,46049,9468,,,1,100,,46050,9468,,,1,100,,46051,9468,,,1,100,,46052,9468,,,1,100,,46053,9468,,,1,160,,46054,9468,,,1
2900,'F2',654,,46068,9468,,,1,100,,46069,9468,,,1,100,,46070,9468,,,1,100,,46071,9468,,,1,100,,46072,9468,,,1,100,,46073,9468,,,1,100,,46055,9468,,,1,100,,46056,9468,,,1,99,,46057,9468,,,1,99,,46058,9468,,,1,99,,46059,9468,,,1,108,,46060,9468,,,1,99,,46061,9468,,,1,97,,46062,9468,,,1,99,,46063,9468,,,1,100,,46064,9468,,,1,100,,46065,9468,,,1,100,,46066,9468,,,1,160,,46067,9468,,,1
2900,'F8',654,,28042,9468,,,1,100,,28043,9468,,,1,100,,28044,9468,,,1,100,,28045,9468,,,1,100,,28046,9468,,,1,100,,28047,9468,,,1,100,,28029,9468,,,1,100,,28030,9468,,,1,99,,28031,9468,,,1,99,,28032,9468,,,1,99,,28033,9468,,,1,108,,28034,9468,,,1,99,,28035,9468,,,1,97,,28036,9468,,,1,99,,28037,9468,,,1,100,,28038,9468,,,1,100,,28039,9468,,,1,100,,28040,9468,,,1,160,,28041,9468,,,1
2900,'F9',655,,28048,9468,,,1,100,,28049,9468,,,1,100,,28050,9468,,,1,100,,28051,9468,,,1,100,,28052,9468,,,1,100,,28053,9468,,,1,100,,28054,9468,,,1,100,,28055,9468,,,1,100,,28056,9468,,,1,100,,28057,9468,,,1,100,,28058,9468,,,1,100,,28059,9468,,,1,100,,28060,9468,,,1,100,,28061,9468,,,1,100,,28062,9468,,,1,100,,28063,9468,,,1,100,,28064,9468,,,1,100,,28065,9468,,,1,160,,28066,9468,,,1
2900,'SA',654,,28080,9468,,,1,100,,28081,9468,,,1,100,,28082,9468,,,1,100,,28083,9468,,,1,100,,28084,9468,,,1,100,,28085,9468,,,1,100,,28067,9468,,,1,100,,28068,9468,,,1,99,,28069,9468,,,1,99,,28070,9468,,,1,99,,28071,9468,,,1,108,,28072,9468,,,1,99,,28073,9468,,,1,97,,28074,9468,,,1,99,,28075,9468,,,1,100,,28076,9468,,,1,100,,28077,9468,,,1,100,,28078,9468,,,1,160,,28079,9468,,,1
2900,'SE',623,,46085,9468,,,1,26,,46086,9468,,,1,77,,46075,9468,,,1,27,,46089,9468,,,1,70,,46087,9468,,,1,31,,46078,9468,,,1,103,,46083,9468,,,1,100,,46082,9468,,,1,100,,46081,9468,,,1,100,,46074,9468,,,1,100,,46079,9468,,,1,99,,46090,9468,,,1,75,,46091,9468,,,1,26,,46099,9468,,,1,74,,46077,9468,,,1,20,,46095,9468,,,1,69,,46100,9468,,,1,13,,46076,9468,,,1,69,,46088,9468,,,1,28,,46084,9468,,,1,27,,46080,9468,,,1,99,,46096,9468,,,1,99,,46092,9468,,,1,99,,46093,9468,,,1,99,,46094,9468,,,1,100,,46097,9468,,,1,157,,46098,9468,,,1
12300,'DI',700,,37610,23684,0,28 30,1,100,,37620,23684,0,28 30,1,100,,37611,23684,0,28 30,1,100,,37621,23684,0,28 30,1,100,,37612,23684,0,28 30,1,100,,37622,23684,0,28 30,1,105,,37613,23684,0,28 30,1,95,,37623,23684,0,28 30,1,100,,37614,23684,0,28 30,1,100,,37624,23684,0,28 30,1,100,,37615,23684,0,28 30,1,100,,37625,23684,0,28 30,1,100,,37616,23684,0,28 30,1,100,,37626,23684,0,28 30,1,100,,37617,23684,0,28 30,1,100,,37627,23684,0,28 30,1,100,,37618,23684,0,28 30,1,100,,37628,23684,0,28 30,1,100,,37619,23684,0,28 30,1
12300,'F1',700,,49910,23684,0,28 30,1,100,,49920,23684,0,28 30,1,100,,49911,23684,0,28 30,1,100,,49921,23684,0,28 30,1,100,,49912,23684,0,28 30,1,100,,49922,23684,0,28 30,1,105,,49913,23684,0,28 30,1,95,,49923,23684,0,28 30,1,100,,49914,23684,0,28 30,1,100,,49924,23684,0,28 30,1,100,,49915,23684,0,28 30,1,100,,49925,23684,0,28 30,1,100,,49916,23684,0,28 30,1,100,,49926,23684,0,28 30,1,100,,49917,23684,0,28 30,1,100,,49927,23684,0,28 30,1,100,,49918,23684,0,28 30,1,100,,49928,23684,0,28 30,1,100,,49919,23684,0,28 30,1
12300,'F2',700,,49930,23684,0,28 30,1,100,,49929,23684,0,28 30,1,100,,49931,23684,0,28 30,1,105,,49940,23684,0,28 30,1,99,,49932,23684,0,28 30,1,100,,49941,23684,0,28 30,1,100,,49933,23684,0,28 30,1,96,,49942,23684,0,28 30,1,100,,49934,23684,0,28 30,1,100,,49943,23684,0,28 30,1,104,,49935,23684,0,28 30,1,101,,49944,23684,0,28 30,1,99,,49936,23684,0,28 30,1,96,,49945,23684,0,28 30,1,100,,49937,23684,0,28 30,1,100,,49946,23684,0,28 30,1,100,,49938,23684,0,28 30,1,100,,49947,23684,0,28 30,1,100,,49939,23684,0,28 30,1
12300,'F8',700,,37705,23684,0,28 30,1,100,,37704,23684,0,28 30,1,100,,37706,23684,0,28 30,1,105,,37715,23684,0,28 30,1,99,,37707,23684,0,28 30,1,100,,37716,23684,0,28 30,1,100,,37708,23684,0,28 30,1,96,,37717,23684,0,28 30,1,100,,37709,23684,0,28 30,1,100,,37718,23684,0,28 30,1,104,,37710,23684,0,28 30,1,101,,37719,23684,0,28 30,1,99,,37711,23684,0,28 30,1,96,,37720,23684,0,28 30,1,100,,37712,23684,0,28 30,1,100,,37721,23684,0,28 30,1,100,,37713,23684,0,28 30,1,100,,37722,23684,0,28 30,1,100,,37714,23684,0,28 30,1
12300,'F9',700,,37723,23684,0,28 30,1,100,,37733,23684,0,28 30,1,100,,37724,23684,0,28 30,1,100,,37734,23684,0,28 30,1,100,,37725,23684,0,28 30,1,100,,37735,23684,0,28 30,1,105,,37726,23684,0,28 30,1,95,,37736,23684,0,28 30,1,100,,37727,23684,0,28 30,1,100,,37737,23684,0,28 30,1,100,,37728,23684,0,28 30,1,100,,37738,23684,0,28 30,1,100,,37729,23684,0,28 30,1,100,,37739,23684,0,28 30,1,100,,37730,23684,0,28 30,1,100,,37740,23684,0,28 30,1,100,,37731,23684,0,28 30,1,100,,37741,23684,0,28 30,1,100,,37732,23684,0,28 30,1
12300,'SA',700,,37743,23684,0,28 30,1,100,,37742,23684,0,28 30,1,100,,37744,23684,0,28 30,1,105,,37753,23684,0,28 30,1,99,,37745,23684,0,28 30,1,100,,37754,23684,0,28 30,1,100,,37746,23684,0,28 30,1,96,,37755,23684,0,28 30,1,100,,37747,23684,0,28 30,1,100,,37756,23684,0,28 30,1,104,,37748,23684,0,28 30,1,101,,37757,23684,0,28 30,1,99,,37749,23684,0,28 30,1,96,,37758,23684,0,28 30,1,100,,37750,23684,0,28 30,1,100,,37759,23684,0,28 30,1,100,,37751,23684,0,28 30,1,100,,37760,23684,0,28 30,1,100,,37752,23684,0,28 30,1
12300,'SE',559,,49961,23684,0,28 30,1,73,,49949,23684,0,28 30,1,15,,49984,23684,0,28 30,1,10,,49964,23684,0,28 30,1,50,,49954,23684,0,28 30,1,10,,49952,23684,0,28 30,1,14,,49967,23684,0,28 30,1,8,,49956,23684,0,28 30,1,12,,49968,23684,0,28 30,1,50,,49953,23684,0,28 30,1,21,,49970,23684,0,28 30,1,17,,49974,23684,0,28 30,1,70,,49965,23684,0,28 30,1,25,,49971,23684,0,28 30,1,69,,49951,23684,0,28 30,1,102,,49972,23684,0,28 30,1,100,,49957,23684,0,28 30,1,99,,49966,23684,0,28 30,1,105,,49958,23684,0,28 30,1,5,,49955,23684,0,28 30,1,93,,49969,23684,0,28 30,1,30,,49959,23684,0,28 30,1,71,,49976,23684,0,28 30,1,26,,49980,23684,0,28 30,1,70,,49975,23684,0,28 30,1,31,,49950,23684,0,28 30,1,71,,49960,23684,0,28 30,1,25,,49977,23684,0,28 30,1,75,,49973,23684,0,28 30,1,28,,49962,23684,0,28 30,1,70,,49981,23684,0,28 30,1,28,,49963,23684,0,28 30,1,70,,49948,23684,0,28 30,1,100,,49982,23684,0,28 30,1,100,,49978,23684,0,28 30,1,56,,49983,23684,0,28 30,1,100,,49979,23684,0,28 30,1
