500,'DI',548,,52664,6544,,,1,70,,52671,6544,,,1,30,,52665,6544,,,1,70,,52672,6544,,,1,30,,52666,6544,,,1,70,,52673,6544,,,1,30,,52667,6544,,,1,70,,52674,6544,,,1,30,,52679,6544,,,1,70,,52675,6544,,,1,30,,52690,6544,,,1,70,,52676,6544,,,1,30,,52688,6544,,,1,72,,52677,6544,,,1,30,,52694,6544,,,1,68,,52685,6544,,,1,32,,52682,6544,,,1,70,,52678,6544,,,1,30,,52687,6544,,,1,69,,52689,6544,,,1,31,,52668,6544,,,1,70,,52686,6544,,,1,30,,52691,6544,,,1,70,,52695,6544,,,1,30,,52680,6544,,,1,99,,52669,6544,,,1,100,,52692,6544,,,1,100,,52683,6544,,,1,100,,52670,6544,,,1,100,,52693,6544,,,1,100,,52681,6544,,,1,100,,52684,6544,,,1
500,'F1',548,,52696,6544,,,1,70,,52703,6544,,,1,30,,52697,6544,,,1,70,,52704,6544,,,1,30,,52698,6544,,,1,70,,52705,6544,,,1,30,,52699,6544,,,1,70,,52706,6544,,,1,30,,52711,6544,,,1,70,,52707,6544,,,1,30,,52722,6544,,,1,70,,52708,6544,,,1,30,,52720,6544,,,1,72,,52709,6544,,,1,30,,52726,6544,,,1,68,,52717,6544,,,1,32,,52714,6544,,,1,70,,52710,6544,,,1,30,,52719,6544,,,1,69,,52721,6544,,,1,31,,52700,6544,,,1,70,,52718,6544,,,1,30,,52723,6544,,,1,70,,52727,6544,,,1,30,,52712,6544,,,1,99,,52701,6544,,,1,100,,52724,6544,,,1,100,,52715,6544,,,1,100,,52702,6544,,,1,100,,52725,6544,,,1,100,,52713,6544,,,1,100,,52716,6544,,,1
500,'F2',518,,52728,6544,,,1,30,,43647,6544,,,1,70,,52729,6544,,,1,30,,43648,6544,,,1,70,,52730,6544,,,1,30,,52740,6544,,,1,70,,43642,6544,,,1,30,,52737,6544,,,1,70,,43643,6544,,,1,30,,52743,6544,,,1,70,,43644,6544,,,1,30,,52748,6544,,,1,70,,43645,6544,,,1,30,,52745,6544,,,1,72,,52738,6544,,,1,30,,52741,6544,,,1,70,,43651,6544,,,1,30,,52753,6544,,,1,70,,43666,6544,,,1,30,,52739,6544,,,1,70,,52732,6544,,,1,30,,52734,6544,,,1,70,,52731,6544,,,1,30,,52749,6544,,,1,70,,52733,6544,,,1,30,,52744,6544,,,1,99,,52735,6544,,,1,100,,52750,6544,,,1,100,,52742,6544,,,1,100,,52736,6544,,,1,100,,52751,6544,,,1,100,,52752,6544,,,1,100,,52746,6544,,,1,100,,52747,6544,,,1
500,'SA',518,,52754,6544,,,1,30,,21875,6544,,,1,70,,52755,6544,,,1,30,,21876,6544,,,1,70,,52756,6544,,,1,30,,52766,6544,,,1,70,,21870,6544,,,1,30,,52763,6544,,,1,70,,21871,6544,,,1,30,,52769,6544,,,1,70,,21872,6544,,,1,30,,52774,6544,,,1,70,,21873,6544,,,1,30,,52771,6544,,,1,72,,52764,6544,,,1,30,,52767,6544,,,1,70,,21879,6544,,,1,30,,52779,6544,,,1,70,,21894,6544,,,1,30,,52765,6544,,,1,70,,52758,6544,,,1,30,,52760,6544,,,1,70,,52757,6544,,,1,30,,52775,6544,,,1,70,,52759,6544,,,1,30,,52770,6544,,,1,99,,52761,6544,,,1,100,,52776,6544,,,1,100,,52768,6544,,,1,100,,52762,6544,,,1,100,,52777,6544,,,1,100,,52778,6544,,,1,100,,52772,6544,,,1,100,,52773,6544,,,1
500,'SE',454,,52802,6544,,,1,80,,52780,6544,,,1,70,,52814,6544,,,1,15,,52811,6544,,,1,30,,52808,6544,,,1,70,,52782,6544,,,1,30,,52783,6544,,,1,70,,52785,6544,,,1,40,,52784,6544,,,1,60,,52823,6544,,,1,30,,52781,6544,,,1,70,,52800,6544,,,1,30,,52812,6544,,,1,70,,52806,6544,,,1,30,,52786,6544,,,1,70,,52788,6544,,,1,30,,52804,6544,,,1,70,,52793,6544,,,1,30,,52790,6544,,,1,70,,52809,6544,,,1,30,,52819,6544,,,1,73,,52789,6544,,,1,13,,52818,6544,,,1,15,,52794,6544,,,1,56,,52795,6544,,,1,15,,52815,6544,,,1,17,,52803,6544,,,1,16,,52805,6544,,,1,52,,52796,6544,,,1,15,,52787,6544,,,1,15,,52816,6544,,,1,15,,52807,6544,,,1,62,,52821,6544,,,1,16,,52810,6544,,,1,21,,52791,6544,,,1,69,,52822,6544,,,1,30,,52813,6544,,,1,70,,52817,6544,,,1,30,,52824,6544,,,1,70,,52801,6544,,,1,30,,52792,6544,,,1,100,,52820,6544,,,1,100,,52797,6544,,,1,100,,52798,6544,,,1,100,,52799,6544,,,1
900,'SE',1629,,53729,10405,0,28 30,2,76,,53727,10405,0,28 30,2,23,,53726,10405,0,28 30,2,27,,53725,10405,0,28 30,2,70,,53728,10405,0,28 30,2
8800,'DI',730,,60913,11074,,,1,70,,60910,11074,,,1,30,,60920,11074,,,1,70,,60927,11074,,,1,30,,60914,11074,,,1,70,,60911,11074,,,1,32,,60921,11074,,,1,70,,60928,11074,,,1,30,,60917,11074,,,1,70,,60912,11074,,,1,31,,60922,11074,,,1,70,,60926,11074,,,1,30,,60929,11074,,,1,70,,60909,11074,,,1,30,,60923,11074,,,1,70,,60907,11074,,,1,30,,60930,11074,,,1,70,,60918,11074,,,1,30,,60924,11074,,,1,70,,60908,11074,,,1,30,,60931,11074,,,1,68,,60919,11074,,,1,30,,60925,11074,,,1,100,,60933,11074,,,1,100,,60932,11074,,,1,100,,60934,11074,,,1,100,,60915,11074,,,1,97,,60935,11074,,,1,100,,60916,11074,,,1,100,,60906,11074,,,1
8800,'F1',730,,60943,11074,,,1,70,,60940,11074,,,1,30,,60950,11074,,,1,70,,60957,11074,,,1,30,,60944,11074,,,1,70,,60941,11074,,,1,32,,60951,11074,,,1,70,,60958,11074,,,1,30,,60947,11074,,,1,70,,60942,11074,,,1,31,,60952,11074,,,1,70,,60956,11074,,,1,30,,60959,11074,,,1,70,,60939,11074,,,1,30,,60953,11074,,,1,70,,60937,11074,,,1,30,,60960,11074,,,1,70,,60948,11074,,,1,30,,60954,11074,,,1,70,,60938,11074,,,1,30,,60961,11074,,,1,68,,60949,11074,,,1,30,,60955,11074,,,1,100,,60963,11074,,,1,100,,60962,11074,,,1,100,,60964,11074,,,1,100,,60945,11074,,,1,97,,60965,11074,,,1,100,,60946,11074,,,1,100,,60936,11074,,,1
8800,'F2',730,,60972,11074,,,1,70,,60978,11074,,,1,31,,60985,11074,,,1,70,,60987,11074,,,1,31,,60973,11074,,,1,70,,60979,11074,,,1,32,,60986,11074,,,1,70,,60988,11074,,,1,30,,60974,11074,,,1,70,,60980,11074,,,1,30,,60992,11074,,,1,70,,60989,11074,,,1,30,,60975,11074,,,1,70,,60981,11074,,,1,30,,60995,11074,,,1,70,,60967,11074,,,1,30,,60976,11074,,,1,70,,60970,11074,,,1,30,,60996,11074,,,1,70,,60968,11074,,,1,31,,60991,11074,,,1,69,,60971,11074,,,1,31,,60993,11074,,,1,69,,60969,11074,,,1,30,,60982,11074,,,1,100,,60994,11074,,,1,98,,60983,11074,,,1,97,,60990,11074,,,1,100,,60984,11074,,,1,100,,60966,11074,,,1,100,,60977,11074,,,1
8800,'SA',730,,61003,11074,,,1,70,,61009,11074,,,1,31,,61016,11074,,,1,70,,61018,11074,,,1,31,,61004,11074,,,1,70,,61010,11074,,,1,32,,61017,11074,,,1,70,,61019,11074,,,1,30,,61005,11074,,,1,70,,61011,11074,,,1,30,,61023,11074,,,1,70,,61020,11074,,,1,30,,61006,11074,,,1,70,,61012,11074,,,1,30,,61026,11074,,,1,70,,60998,11074,,,1,30,,61007,11074,,,1,70,,61001,11074,,,1,30,,61027,11074,,,1,70,,60999,11074,,,1,31,,61022,11074,,,1,69,,61002,11074,,,1,31,,61024,11074,,,1,69,,61000,11074,,,1,30,,61013,11074,,,1,100,,61025,11074,,,1,98,,61014,11074,,,1,97,,61021,11074,,,1,100,,61015,11074,,,1,100,,60997,11074,,,1,100,,61008,11074,,,1
8800,'SE',736,,61071,11074,,,1,2,,61048,11074,,,1,19,,61070,11074,,,1,55,,61042,11074,,,1,14,,61045,11074,,,1,15,,61046,11074,,,1,15,,61047,11074,,,1,53,,61034,11074,,,1,29,,61030,11074,,,1,70,,61059,11074,,,1,30,,61069,11074,,,1,70,,61031,11074,,,1,32,,61066,11074,,,1,70,,61067,11074,,,1,30,,61028,11074,,,1,70,,61062,11074,,,1,30,,61068,11074,,,1,70,,61060,11074,,,1,34,,61064,11074,,,1,73,,61063,11074,,,1,17,,61043,11074,,,1,16,,61074,11074,,,1,55,,61035,11074,,,1,15,,61072,11074,,,1,15,,61049,11074,,,1,15,,61061,11074,,,1,53,,61065,11074,,,1,11,,61029,11074,,,1,12,,61073,11074,,,1,12,,61054,11074,,,1,11,,61044,11074,,,1,51,,61036,11074,,,1,11,,61075,11074,,,1,12,,61037,11074,,,1,12,,61039,11074,,,1,7,,61050,11074,,,1,59,,61038,11074,,,1,15,,61076,11074,,,1,22,,61055,11074,,,1,68,,61040,11074,,,1,30,,61051,11074,,,1,68,,61077,11074,,,1,30,,61056,11074,,,1,70,,61041,11074,,,1,30,,61052,11074,,,1,100,,61057,11074,,,1,99,,61053,11074,,,1,96,,61058,11074,,,1
53800,'SE',1637,,63448,6244,,,2
