1000,'DI',639,,23472,5811,,,1,70,,23499,5811,,,1,30,,23497,5811,,,1,70,,23490,5811,,,1,38,,23473,5811,,,1,70,,23491,5811,,,1,30,,23474,5811,,,1,70,,23492,5811,,,1,30,,23475,5811,,,1,70,,23493,5811,,,1,30,,23476,5811,,,1,70,,23494,5811,,,1,30,,23477,5811,,,1,70,,23495,5811,,,1,30,,23478,5811,,,1,70,,23496,5811,,,1,30,,23479,5811,,,1,70,,23500,5811,,,1,30,,23480,5811,,,1,70,,23501,5811,,,1,30,,23481,5811,,,1,70,,23502,5811,,,1,30,,23482,5811,,,1,70,,23503,5811,,,1,41,,23483,5811,,,1,100,,23484,5811,,,1,100,,23485,5811,,,1,100,,23486,5811,,,1,100,,23487,5811,,,1,100,,23488,5811,,,1,100,,23489,5811,,,1
1000,'F1',639,,44325,5811,,,1,70,,44352,5811,,,1,30,,44350,5811,,,1,70,,44343,5811,,,1,38,,44326,5811,,,1,70,,44344,5811,,,1,30,,44327,5811,,,1,70,,44345,5811,,,1,30,,44328,5811,,,1,70,,44346,5811,,,1,30,,44329,5811,,,1,70,,44347,5811,,,1,30,,44330,5811,,,1,70,,44348,5811,,,1,30,,44331,5811,,,1,70,,44349,5811,,,1,30,,44332,5811,,,1,70,,44353,5811,,,1,30,,44333,5811,,,1,70,,44354,5811,,,1,30,,44334,5811,,,1,70,,44355,5811,,,1,30,,44335,5811,,,1,70,,44356,5811,,,1,41,,44336,5811,,,1,100,,44337,5811,,,1,100,,44338,5811,,,1,100,,44339,5811,,,1,100,,44340,5811,,,1,100,,44341,5811,,,1,100,,44342,5811,,,1
1000,'F2',609,,44368,5811,,,1,30,,44363,5811,,,1,70,,44357,5811,,,1,30,,44370,5811,,,1,70,,44369,5811,,,1,38,,44379,5811,,,1,70,,44378,5811,,,1,30,,44380,5811,,,1,70,,44386,5811,,,1,30,,44381,5811,,,1,70,,44387,5811,,,1,30,,44371,5811,,,1,71,,44388,5811,,,1,30,,44372,5811,,,1,70,,44389,5811,,,1,30,,44373,5811,,,1,70,,44358,5811,,,1,30,,44374,5811,,,1,70,,44359,5811,,,1,30,,44375,5811,,,1,70,,44360,5811,,,1,29,,44376,5811,,,1,71,,44361,5811,,,1,30,,44377,5811,,,1,70,,44362,5811,,,1,41,,44382,5811,,,1,100,,44383,5811,,,1,100,,44384,5811,,,1,100,,44385,5811,,,1,100,,44364,5811,,,1,100,,44365,5811,,,1,100,,44366,5811,,,1
1000,'F8',609,,23581,5811,,,1,30,,23576,5811,,,1,70,,23570,5811,,,1,30,,23583,5811,,,1,70,,23582,5811,,,1,38,,23592,5811,,,1,70,,23591,5811,,,1,30,,23593,5811,,,1,70,,23599,5811,,,1,30,,23594,5811,,,1,70,,23600,5811,,,1,30,,23584,5811,,,1,71,,23601,5811,,,1,30,,23585,5811,,,1,70,,23602,5811,,,1,30,,23586,5811,,,1,70,,23571,5811,,,1,30,,23587,5811,,,1,70,,23572,5811,,,1,30,,23588,5811,,,1,70,,23573,5811,,,1,29,,23589,5811,,,1,71,,23574,5811,,,1,30,,23590,5811,,,1,70,,23575,5811,,,1,41,,23595,5811,,,1,100,,23596,5811,,,1,100,,23597,5811,,,1,100,,23598,5811,,,1,100,,23577,5811,,,1,100,,23578,5811,,,1,100,,23579,5811,,,1
1000,'F9',639,,23603,5811,,,1,70,,23630,5811,,,1,30,,23628,5811,,,1,70,,23621,5811,,,1,38,,23604,5811,,,1,70,,23622,5811,,,1,30,,23605,5811,,,1,70,,23623,5811,,,1,30,,23606,5811,,,1,70,,23624,5811,,,1,30,,23607,5811,,,1,70,,23625,5811,,,1,30,,23608,5811,,,1,70,,23626,5811,,,1,30,,23609,5811,,,1,70,,23627,5811,,,1,30,,23610,5811,,,1,70,,23631,5811,,,1,30,,23611,5811,,,1,70,,23632,5811,,,1,30,,23612,5811,,,1,70,,23633,5811,,,1,30,,23613,5811,,,1,70,,23634,5811,,,1,41,,23614,5811,,,1,100,,23615,5811,,,1,100,,23616,5811,,,1,100,,23617,5811,,,1,100,,23618,5811,,,1,100,,23619,5811,,,1,100,,23620,5811,,,1
1000,'SA',609,,23646,5811,,,1,30,,23641,5811,,,1,70,,23635,5811,,,1,30,,23648,5811,,,1,70,,23647,5811,,,1,38,,23657,5811,,,1,70,,23656,5811,,,1,30,,23658,5811,,,1,70,,23664,5811,,,1,30,,23659,5811,,,1,70,,23665,5811,,,1,30,,23649,5811,,,1,71,,23666,5811,,,1,30,,23650,5811,,,1,70,,23667,5811,,,1,30,,23651,5811,,,1,70,,23636,5811,,,1,30,,23652,5811,,,1,70,,23637,5811,,,1,30,,23653,5811,,,1,70,,23638,5811,,,1,29,,23654,5811,,,1,71,,23639,5811,,,1,30,,23655,5811,,,1,70,,23640,5811,,,1,41,,23660,5811,,,1,100,,23661,5811,,,1,100,,23662,5811,,,1,100,,23663,5811,,,1,100,,23642,5811,,,1,100,,23643,5811,,,1,100,,23644,5811,,,1
1700,'DI',631,,25381,5700,,,1,100,,25366,5700,,,1,70,,25372,5700,,,1,30,,25379,5700,,,1,70,,25392,5700,,,1,30,,25382,5700,,,1,70,,25387,5700,,,1,30,,25367,5700,,,1,70,,25389,5700,,,1,30,,25377,5700,,,1,70,,25385,5700,,,1,30,,25393,5700,,,1,70,,25373,5700,,,1,30,,25388,5700,,,1,70,,25378,5700,,,1,30,,25376,5700,,,1,70,,25391,5700,,,1,29,,25383,5700,,,1,70,,25368,5700,,,1,31,,25375,5700,,,1,70,,25369,5700,,,1,30,,25364,5700,,,1,71,,25370,5700,,,1,30,,25363,5700,,,1,99,,25390,5700,,,1,100,,25384,5700,,,1,100,,25371,5700,,,1,100,,25386,5700,,,1,100,,25374,5700,,,1,100,,25365,5700,,,1,100,,25380,5700,,,1
1700,'F1',631,,45060,5700,,,1,100,,45045,5700,,,1,70,,45051,5700,,,1,30,,45058,5700,,,1,70,,45071,5700,,,1,30,,45061,5700,,,1,70,,45066,5700,,,1,30,,45046,5700,,,1,70,,45068,5700,,,1,30,,45056,5700,,,1,70,,45064,5700,,,1,30,,45072,5700,,,1,70,,45052,5700,,,1,30,,45067,5700,,,1,70,,45057,5700,,,1,30,,45055,5700,,,1,70,,45070,5700,,,1,29,,45062,5700,,,1,70,,45047,5700,,,1,31,,45054,5700,,,1,70,,45048,5700,,,1,30,,45043,5700,,,1,71,,45049,5700,,,1,30,,45042,5700,,,1,99,,45069,5700,,,1,100,,45063,5700,,,1,100,,45050,5700,,,1,100,,45065,5700,,,1,100,,45053,5700,,,1,100,,45044,5700,,,1,100,,45059,5700,,,1
1700,'F2',631,,45093,5700,,,1,100,,45102,5700,,,1,70,,45076,5700,,,1,30,,45088,5700,,,1,70,,45099,5700,,,1,30,,45086,5700,,,1,70,,45075,5700,,,1,30,,45094,5700,,,1,70,,45077,5700,,,1,30,,45081,5700,,,1,70,,45073,5700,,,1,30,,45083,5700,,,1,70,,45089,5700,,,1,30,,45095,5700,,,1,70,,45100,5700,,,1,30,,45082,5700,,,1,70,,45101,5700,,,1,30,,45090,5700,,,1,70,,45097,5700,,,1,29,,45096,5700,,,1,70,,45078,5700,,,1,31,,45080,5700,,,1,70,,45079,5700,,,1,31,,45084,5700,,,1,99,,45098,5700,,,1,100,,45091,5700,,,1,100,,45087,5700,,,1,100,,45085,5700,,,1,100,,45074,5700,,,1,100,,45103,5700,,,1,100,,45092,5700,,,1
1700,'F8',631,,25476,5700,,,1,100,,25485,5700,,,1,70,,25459,5700,,,1,30,,25471,5700,,,1,70,,25482,5700,,,1,30,,25469,5700,,,1,70,,25458,5700,,,1,30,,25477,5700,,,1,70,,25460,5700,,,1,30,,25464,5700,,,1,70,,25456,5700,,,1,30,,25466,5700,,,1,70,,25472,5700,,,1,30,,25478,5700,,,1,70,,25483,5700,,,1,30,,25465,5700,,,1,70,,25484,5700,,,1,30,,25473,5700,,,1,70,,25480,5700,,,1,29,,25479,5700,,,1,70,,25461,5700,,,1,31,,25463,5700,,,1,70,,25462,5700,,,1,31,,25467,5700,,,1,99,,25481,5700,,,1,100,,25474,5700,,,1,100,,25470,5700,,,1,100,,25468,5700,,,1,100,,25457,5700,,,1,100,,25486,5700,,,1,100,,25475,5700,,,1
1700,'F9',631,,25505,5700,,,1,100,,25490,5700,,,1,70,,25496,5700,,,1,30,,25503,5700,,,1,70,,25516,5700,,,1,30,,25506,5700,,,1,70,,25511,5700,,,1,30,,25491,5700,,,1,70,,25513,5700,,,1,30,,25501,5700,,,1,70,,25509,5700,,,1,30,,25517,5700,,,1,70,,25497,5700,,,1,30,,25512,5700,,,1,70,,25502,5700,,,1,30,,25500,5700,,,1,70,,25515,5700,,,1,29,,25507,5700,,,1,70,,25492,5700,,,1,31,,25499,5700,,,1,70,,25493,5700,,,1,30,,25488,5700,,,1,71,,25494,5700,,,1,30,,25487,5700,,,1,99,,25514,5700,,,1,100,,25508,5700,,,1,100,,25495,5700,,,1,100,,25510,5700,,,1,100,,25498,5700,,,1,100,,25489,5700,,,1,100,,25504,5700,,,1
1700,'SA',631,,25536,5700,,,1,100,,25545,5700,,,1,70,,25521,5700,,,1,30,,4923,5700,,,1,70,,25542,5700,,,1,30,,25531,5700,,,1,70,,25520,5700,,,1,30,,25537,5700,,,1,70,,25522,5700,,,1,30,,25526,5700,,,1,70,,25518,5700,,,1,30,,25528,5700,,,1,70,,25533,5700,,,1,30,,25538,5700,,,1,70,,25543,5700,,,1,30,,25527,5700,,,1,70,,25544,5700,,,1,30,,25534,5700,,,1,70,,25540,5700,,,1,29,,25539,5700,,,1,70,,25523,5700,,,1,31,,25525,5700,,,1,70,,25524,5700,,,1,31,,25529,5700,,,1,99,,25541,5700,,,1,100,,4934,5700,,,1,100,,25532,5700,,,1,100,,25530,5700,,,1,100,,25519,5700,,,1,100,,25546,5700,,,1,100,,25535,5700,,,1
7600,'SE',609,,48783,6166,,,1,21,,48784,6166,,,1,20,,48780,6166,,,1,68,,48764,6166,,,1,13,,48767,6166,,,1,21,,48770,6166,,,1,63,,48800,6166,,,1,27,,48768,6166,,,1,70,,48771,6166,,,1,30,,48762,6166,,,1,70,,48781,6166,,,1,30,,48773,6166,,,1,70,,48769,6166,,,1,30,,48765,6166,,,1,70,,48763,6166,,,1,30,,48802,6166,,,1,70,,48760,6166,,,1,30,,48782,6166,,,1,71,,48766,6166,,,1,34,,48772,6166,,,1,66,,48785,6166,,,1,32,,48787,6166,,,1,71,,48777,6166,,,1,24,,48797,6166,,,1,18,,48801,6166,,,1,60,,48803,6166,,,1,21,,48774,6166,,,1,18,,48798,6166,,,1,60,,48806,6166,,,1,27,,48786,6166,,,1,70,,48776,6166,,,1,30,,48761,6166,,,1,70,,48788,6166,,,1,30,,48804,6166,,,1,70,,48789,6166,,,1,30,,48805,6166,,,1,69,,48790,6166,,,1,30,,48794,6166,,,1,70,,48791,6166,,,1,30,,48795,6166,,,1,70,,48792,6166,,,1,30,,48796,6166,,,1,70,,48793,6166,,,1
