601,'DI',606,,22527,2288,,,1,30,,22533,2288,,,1,70,,22545,2288,,,1,30,,22540,2288,,,1,70,,22536,2288,,,1,30,,22534,2288,,,1,70,,22519,2288,,,1,30,,22523,2288,,,1,73,,22537,2288,,,1,30,,22531,2288,,,1,70,,22520,2288,,,1,30,,2206,2288,,,1,70,,2212,2288,,,1,33,,22521,2288,,,1,70,,22524,2288,,,1,30,,22530,2288,,,1,70,,22522,2288,,,1,30,,22532,2288,,,1,70,,22528,2288,,,1,30,,22525,2288,,,1,70,,22538,2288,,,1,30,,22546,2288,,,1,70,,22541,2288,,,1,29,,22539,2288,,,1,70,,22547,2288,,,1,30,,22542,2288,,,1,100,,22529,2288,,,1,100,,22544,2288,,,1,100,,22535,2288,,,1,100,,22526,2288,,,1,100,,22518,2288,,,1,100,,22543,2288,,,1
601,'F1',606,,43951,2288,,,1,30,,43958,2288,,,1,70,,43970,2288,,,1,30,,43965,2288,,,1,70,,43961,2288,,,1,30,,43959,2288,,,1,70,,43942,2288,,,1,30,,43946,2288,,,1,73,,43962,2288,,,1,30,,43956,2288,,,1,70,,43943,2288,,,1,30,,43947,2288,,,1,70,,43952,2288,,,1,33,,43944,2288,,,1,70,,43948,2288,,,1,30,,43955,2288,,,1,70,,43945,2288,,,1,30,,43957,2288,,,1,70,,43953,2288,,,1,30,,43949,2288,,,1,70,,43963,2288,,,1,30,,43971,2288,,,1,70,,43966,2288,,,1,29,,43964,2288,,,1,70,,43972,2288,,,1,30,,43967,2288,,,1,100,,43954,2288,,,1,100,,43969,2288,,,1,100,,43960,2288,,,1,100,,43950,2288,,,1,100,,43941,2288,,,1,100,,43968,2288,,,1
601,'F2',606,,43988,2288,,,1,30,,43984,2288,,,1,70,,44004,2288,,,1,30,,43993,2288,,,1,70,,43989,2288,,,1,30,,43985,2288,,,1,74,,43990,2288,,,1,26,,43994,2288,,,1,75,,44003,2288,,,1,23,,43991,2288,,,1,75,,44000,2288,,,1,26,,43986,2288,,,1,70,,43979,2288,,,1,38,,43987,2288,,,1,70,,43980,2288,,,1,29,,43973,2288,,,1,70,,43995,2288,,,1,30,,43981,2288,,,1,70,,43974,2288,,,1,30,,43996,2288,,,1,70,,43982,2288,,,1,30,,43975,2288,,,1,70,,43997,2288,,,1,29,,43983,2288,,,1,70,,43976,2288,,,1,30,,43998,2288,,,1,100,,44001,2288,,,1,100,,43992,2288,,,1,100,,43977,2288,,,1,100,,43978,2288,,,1,100,,44002,2288,,,1,100,,43999,2288,,,1
601,'F8',606,,22662,2288,,,1,30,,22658,2288,,,1,70,,22678,2288,,,1,30,,22667,2288,,,1,70,,22663,2288,,,1,30,,22659,2288,,,1,74,,22664,2288,,,1,26,,22668,2288,,,1,75,,22677,2288,,,1,23,,22665,2288,,,1,75,,22674,2288,,,1,26,,22660,2288,,,1,70,,22653,2288,,,1,38,,22661,2288,,,1,70,,22654,2288,,,1,29,,22647,2288,,,1,70,,22669,2288,,,1,30,,22655,2288,,,1,70,,22648,2288,,,1,30,,22670,2288,,,1,70,,22656,2288,,,1,30,,22649,2288,,,1,70,,22671,2288,,,1,29,,22657,2288,,,1,70,,22650,2288,,,1,30,,22672,2288,,,1,100,,22675,2288,,,1,100,,22666,2288,,,1,100,,22651,2288,,,1,100,,22652,2288,,,1,100,,22676,2288,,,1,100,,22673,2288,,,1
601,'F9',606,,22689,2288,,,1,30,,22696,2288,,,1,70,,22708,2288,,,1,30,,22703,2288,,,1,70,,22699,2288,,,1,30,,22697,2288,,,1,70,,22680,2288,,,1,30,,22684,2288,,,1,73,,22700,2288,,,1,30,,22694,2288,,,1,70,,22681,2288,,,1,30,,22685,2288,,,1,70,,22690,2288,,,1,33,,22682,2288,,,1,70,,22686,2288,,,1,30,,22693,2288,,,1,70,,22683,2288,,,1,30,,22695,2288,,,1,70,,22691,2288,,,1,30,,22687,2288,,,1,70,,22701,2288,,,1,30,,22709,2288,,,1,70,,22704,2288,,,1,29,,22702,2288,,,1,70,,22710,2288,,,1,30,,22705,2288,,,1,100,,22692,2288,,,1,100,,22707,2288,,,1,100,,22698,2288,,,1,100,,22688,2288,,,1,100,,22679,2288,,,1,100,,22706,2288,,,1
601,'SA',606,,22726,2288,,,1,30,,22722,2288,,,1,70,,22742,2288,,,1,30,,22731,2288,,,1,70,,22727,2288,,,1,30,,22723,2288,,,1,74,,22728,2288,,,1,26,,22732,2288,,,1,75,,22741,2288,,,1,23,,22729,2288,,,1,75,,22738,2288,,,1,26,,22724,2288,,,1,70,,22717,2288,,,1,38,,22725,2288,,,1,70,,22718,2288,,,1,29,,22711,2288,,,1,70,,22733,2288,,,1,30,,22719,2288,,,1,70,,22712,2288,,,1,30,,22734,2288,,,1,70,,22720,2288,,,1,30,,22713,2288,,,1,70,,22735,2288,,,1,29,,22721,2288,,,1,70,,22714,2288,,,1,30,,22736,2288,,,1,100,,22739,2288,,,1,100,,22730,2288,,,1,100,,22715,2288,,,1,100,,22716,2288,,,1,100,,22740,2288,,,1,100,,22737,2288,,,1
601,'SE',520,,44024,2288,,,1,30,,44018,2288,,,1,71,,44010,2288,,,1,30,,44035,2288,,,1,64,,44015,2288,,,1,37,,44037,2288,,,1,70,,44014,2288,,,1,32,,44029,2288,,,1,68,,44033,2288,,,1,30,,44030,2288,,,1,70,,44022,2288,,,1,30,,44006,2288,,,1,70,,44040,2288,,,1,30,,44016,2288,,,1,70,,44031,2288,,,1,30,,44034,2288,,,1,70,,44017,2288,,,1,30,,44011,2288,,,1,70,,44023,2288,,,1,30,,44032,2288,,,1,70,,44005,2288,,,1,26,,44009,2288,,,1,78,,44012,2288,,,1,27,,44013,2288,,,1,72,,44025,2288,,,1,25,,44036,2288,,,1,72,,44039,2288,,,1,30,,44038,2288,,,1,69,,44041,2288,,,1,30,,44028,2288,,,1,70,,44020,2288,,,1,30,,44026,2288,,,1,70,,44007,2288,,,1,30,,44027,2288,,,1,99,,44021,2288,,,1,100,,44019,2288,,,1,100,,44008,2288,,,1
1501,'DI',649,,24559,2151,,,1,100,,24556,2151,,,1,100,,24553,2151,,,1,100,,24566,2151,,,1,101,,24571,2151,,,1,100,,24564,2151,,,1,100,,24560,2151,,,1,100,,24554,2151,,,1,100,,24568,2151,,,1,100,,24555,2151,,,1,100,,24563,2151,,,1,100,,24561,2151,,,1,100,,24565,2151,,,1,99,,24569,2151,,,1,100,,24567,2151,,,1,100,,24562,2151,,,1,100,,24557,2151,,,1,100,,24570,2151,,,1,100,,24558,2151,,,1
1501,'F1',649,,44751,2151,,,1,100,,44748,2151,,,1,100,,44745,2151,,,1,100,,44758,2151,,,1,101,,44763,2151,,,1,100,,44756,2151,,,1,100,,44752,2151,,,1,100,,44746,2151,,,1,100,,44760,2151,,,1,100,,44747,2151,,,1,100,,44755,2151,,,1,100,,44753,2151,,,1,100,,44757,2151,,,1,99,,44761,2151,,,1,100,,44759,2151,,,1,100,,44754,2151,,,1,100,,44749,2151,,,1,100,,44762,2151,,,1,100,,44750,2151,,,1
1501,'F2',649,,44779,2151,,,1,100,,44773,2151,,,1,100,,44767,2151,,,1,100,,44780,2151,,,1,100,,44765,2151,,,1,100,,44764,2151,,,1,100,,44776,2151,,,1,101,,44771,2151,,,1,100,,44775,2151,,,1,102,,44772,2151,,,1,98,,44768,2151,,,1,100,,44774,2151,,,1,100,,44777,2151,,,1,99,,44778,2151,,,1,100,,44766,2151,,,1,100,,44781,2151,,,1,100,,44769,2151,,,1,100,,44782,2151,,,1,100,,44770,2151,,,1
1501,'F8',649,,24664,2151,,,1,100,,24658,2151,,,1,100,,24652,2151,,,1,100,,24665,2151,,,1,100,,24650,2151,,,1,100,,24649,2151,,,1,100,,24661,2151,,,1,101,,24656,2151,,,1,100,,24660,2151,,,1,102,,24657,2151,,,1,98,,24653,2151,,,1,100,,24659,2151,,,1,100,,24662,2151,,,1,99,,24663,2151,,,1,100,,24651,2151,,,1,100,,24666,2151,,,1,100,,24654,2151,,,1,100,,24667,2151,,,1,100,,24655,2151,,,1
1501,'F9',649,,24674,2151,,,1,100,,24671,2151,,,1,100,,24668,2151,,,1,100,,24681,2151,,,1,101,,24686,2151,,,1,100,,24679,2151,,,1,100,,24675,2151,,,1,100,,24669,2151,,,1,100,,24683,2151,,,1,100,,24670,2151,,,1,100,,24678,2151,,,1,100,,24676,2151,,,1,100,,24680,2151,,,1,99,,24684,2151,,,1,100,,24682,2151,,,1,100,,24677,2151,,,1,100,,24672,2151,,,1,100,,24685,2151,,,1,100,,24673,2151,,,1
1501,'SA',649,,24702,2151,,,1,100,,24696,2151,,,1,100,,24690,2151,,,1,100,,24703,2151,,,1,100,,24688,2151,,,1,100,,24687,2151,,,1,100,,24699,2151,,,1,101,,24694,2151,,,1,100,,24698,2151,,,1,102,,24695,2151,,,1,98,,24691,2151,,,1,100,,24697,2151,,,1,100,,24700,2151,,,1,99,,24701,2151,,,1,100,,24689,2151,,,1,100,,24704,2151,,,1,100,,24692,2151,,,1,100,,24705,2151,,,1,100,,24693,2151,,,1
1501,'SE',513,,44799,2151,,,1,46,,44796,2151,,,1,70,,44810,2151,,,1,72,,44786,2151,,,1,20,,44787,2151,,,1,20,,44795,2151,,,1,60,,44811,2151,,,1,30,,44802,2151,,,1,70,,44821,2151,,,1,31,,44806,2151,,,1,69,,44791,2151,,,1,30,,44816,2151,,,1,70,,44783,2151,,,1,30,,44792,2151,,,1,70,,44788,2151,,,1,30,,44784,2151,,,1,70,,44789,2151,,,1,30,,44807,2151,,,1,70,,44785,2151,,,1,30,,44819,2151,,,1,71,,44804,2151,,,1,31,,44803,2151,,,1,23,,44798,2151,,,1,79,,44794,2151,,,1,67,,44793,2151,,,1,30,,44790,2151,,,1,71,,44812,2151,,,1,27,,44817,2151,,,1,70,,44801,2151,,,1,30,,44805,2151,,,1,29,,44815,2151,,,1,70,,44820,2151,,,1,30,,44797,2151,,,1,70,,44808,2151,,,1,30,,44814,2151,,,1,70,,44813,2151,,,1,100,,44818,2151,,,1,100,,44809,2151,,,1,100,,44800,2151,,,1
3700,'SE',1609,,46430,1882,,,2,36,,46431,1882,,,2,65,,46428,1882,,,2,30,,46432,1882,,,2,68,,46429,1882,,,2
3701,'SE',630,,46433,438,0,31,2,70,,46435,438,0,31,2,30,,46437,438,0,31,2,70,,46436,438,0,31,2,30,,46434,438,0,31,2
