1600,'DI',613,,24754,1548,0,8,2,30,,24745,1548,0,8,2,70,,24755,1548,0,8,2,30,,24746,1548,0,8,2,70,,24756,1548,0,8,2,30,,24747,1548,0,8,2,70,,24757,1548,0,8,2,30,,24748,1548,0,8,2,70,,24758,1548,0,8,2,30,,24749,1548,0,8,2,70,,24759,1548,0,8,2,28,,24750,1548,0,8,2,72,,24760,1548,0,8,2,33,,24751,1548,0,8,2,67,,24761,1548,0,8,2,30,,24752,1548,0,8,2,70,,24762,1548,0,8,2,30,,24764,1548,0,8,2,70,,24763,1548,0,8,2,30,,24765,1548,0,8,2,70,,24768,1548,0,8,2,30,,24766,1548,0,8,2,70,,24769,1548,0,8,2,31,,24767,1548,0,8,2,69,,24770,1548,0,8,2,100,,24771,1548,0,8,2,100,,24772,1548,0,8,2,100,,24773,1548,0,8,2,100,,24774,1548,0,8,2,100,,24775,1548,0,8,2,100,,24776,1548,0,8,2,100,,24777,1548,0,8,2
1600,'F1',613,,44831,1548,0,8,2,30,,44822,1548,0,8,2,70,,44832,1548,0,8,2,30,,44823,1548,0,8,2,70,,44833,1548,0,8,2,30,,44824,1548,0,8,2,70,,44834,1548,0,8,2,30,,44825,1548,0,8,2,70,,44835,1548,0,8,2,30,,44826,1548,0,8,2,70,,44836,1548,0,8,2,28,,44827,1548,0,8,2,72,,44837,1548,0,8,2,33,,44828,1548,0,8,2,67,,44838,1548,0,8,2,30,,44829,1548,0,8,2,70,,44839,1548,0,8,2,30,,44841,1548,0,8,2,70,,44840,1548,0,8,2,30,,44842,1548,0,8,2,70,,44845,1548,0,8,2,30,,44843,1548,0,8,2,70,,44846,1548,0,8,2,31,,44844,1548,0,8,2,69,,44847,1548,0,8,2,100,,44848,1548,0,8,2,100,,44849,1548,0,8,2,100,,44850,1548,0,8,2,100,,44851,1548,0,8,2,100,,44852,1548,0,8,2,100,,44853,1548,0,8,2,100,,44854,1548,0,8,2
1600,'F2',613,,44861,1548,0,8,2,28,,44864,1548,0,8,2,72,,44862,1548,0,8,2,30,,44865,1548,0,8,2,70,,44863,1548,0,8,2,30,,44866,1548,0,8,2,70,,44884,1548,0,8,2,30,,44867,1548,0,8,2,70,,44885,1548,0,8,2,30,,44868,1548,0,8,2,70,,44886,1548,0,8,2,30,,44869,1548,0,8,2,70,,44887,1548,0,8,2,30,,44875,1548,0,8,2,70,,44855,1548,0,8,2,30,,44876,1548,0,8,2,70,,44856,1548,0,8,2,30,,44877,1548,0,8,2,70,,44857,1548,0,8,2,30,,44878,1548,0,8,2,70,,44858,1548,0,8,2,27,,44879,1548,0,8,2,73,,44859,1548,0,8,2,35,,44883,1548,0,8,2,65,,44870,1548,0,8,2,100,,44871,1548,0,8,2,100,,44872,1548,0,8,2,100,,44873,1548,0,8,2,100,,44874,1548,0,8,2,100,,44880,1548,0,8,2,100,,44881,1548,0,8,2,100,,44882,1548,0,8,2
1600,'F8',613,,24912,1548,0,8,2,28,,24915,1548,0,8,2,72,,24913,1548,0,8,2,30,,24916,1548,0,8,2,70,,24914,1548,0,8,2,30,,24917,1548,0,8,2,70,,24935,1548,0,8,2,30,,24918,1548,0,8,2,70,,24936,1548,0,8,2,30,,24919,1548,0,8,2,70,,24937,1548,0,8,2,30,,24920,1548,0,8,2,70,,24938,1548,0,8,2,30,,24926,1548,0,8,2,70,,24906,1548,0,8,2,30,,24927,1548,0,8,2,70,,24907,1548,0,8,2,30,,24928,1548,0,8,2,70,,24908,1548,0,8,2,30,,24929,1548,0,8,2,70,,24909,1548,0,8,2,27,,24930,1548,0,8,2,73,,24910,1548,0,8,2,35,,24934,1548,0,8,2,65,,24921,1548,0,8,2,100,,24922,1548,0,8,2,100,,24923,1548,0,8,2,100,,24924,1548,0,8,2,100,,24925,1548,0,8,2,100,,24931,1548,0,8,2,100,,24932,1548,0,8,2,100,,24933,1548,0,8,2
1600,'F9',613,,24948,1548,0,8,2,30,,24939,1548,0,8,2,70,,24949,1548,0,8,2,30,,24940,1548,0,8,2,70,,24950,1548,0,8,2,30,,24941,1548,0,8,2,70,,24951,1548,0,8,2,30,,24942,1548,0,8,2,70,,24952,1548,0,8,2,30,,24943,1548,0,8,2,70,,24953,1548,0,8,2,28,,24944,1548,0,8,2,72,,24954,1548,0,8,2,33,,24945,1548,0,8,2,67,,24955,1548,0,8,2,30,,24946,1548,0,8,2,70,,24956,1548,0,8,2,30,,24958,1548,0,8,2,70,,24957,1548,0,8,2,30,,24959,1548,0,8,2,70,,24962,1548,0,8,2,30,,24960,1548,0,8,2,70,,24963,1548,0,8,2,31,,24961,1548,0,8,2,69,,24964,1548,0,8,2,100,,24965,1548,0,8,2,100,,24966,1548,0,8,2,100,,24967,1548,0,8,2,100,,24968,1548,0,8,2,100,,24969,1548,0,8,2,100,,24970,1548,0,8,2,100,,24971,1548,0,8,2
1600,'SA',613,,24978,1548,0,8,2,28,,24981,1548,0,8,2,72,,24979,1548,0,8,2,30,,24982,1548,0,8,2,70,,24980,1548,0,8,2,30,,24983,1548,0,8,2,70,,25001,1548,0,8,2,30,,24984,1548,0,8,2,70,,25002,1548,0,8,2,30,,24985,1548,0,8,2,70,,25003,1548,0,8,2,30,,24986,1548,0,8,2,70,,25004,1548,0,8,2,30,,24992,1548,0,8,2,70,,24972,1548,0,8,2,30,,24993,1548,0,8,2,70,,24973,1548,0,8,2,30,,24994,1548,0,8,2,70,,24974,1548,0,8,2,30,,24995,1548,0,8,2,70,,24975,1548,0,8,2,27,,24996,1548,0,8,2,73,,24976,1548,0,8,2,35,,25000,1548,0,8,2,65,,24987,1548,0,8,2,100,,24988,1548,0,8,2,100,,24989,1548,0,8,2,100,,24990,1548,0,8,2,100,,24991,1548,0,8,2,100,,24997,1548,0,8,2,100,,24998,1548,0,8,2,100,,24999,1548,0,8,2
1600,'SE',553,,44902,1548,0,8,2,60,,44901,1548,0,8,2,32,,44898,1548,0,8,2,67,,44899,1548,0,8,2,15,,44903,1548,0,8,2,16,,44930,1548,0,8,2,67,,44905,1548,0,8,2,34,,44925,1548,0,8,2,70,,44888,1548,0,8,2,30,,44932,1548,0,8,2,70,,44920,1548,0,8,2,30,,44929,1548,0,8,2,70,,44889,1548,0,8,2,30,,44906,1548,0,8,2,70,,44921,1548,0,8,2,30,,44919,1548,0,8,2,70,,44895,1548,0,8,2,30,,44893,1548,0,8,2,70,,44894,1548,0,8,2,30,,44931,1548,0,8,2,60,,44907,1548,0,8,2,20,,44933,1548,0,8,2,20,,44923,1548,0,8,2,60,,44934,1548,0,8,2,15,,44924,1548,0,8,2,15,,44915,1548,0,8,2,15,,44926,1548,0,8,2,55,,44917,1548,0,8,2,20,,44928,1548,0,8,2,20,,44916,1548,0,8,2,70,,44918,1548,0,8,2,30,,44896,1548,0,8,2,70,,44908,1548,0,8,2,30,,44890,1548,0,8,2,69,,44909,1548,0,8,2,30,,44891,1548,0,8,2,70,,44910,1548,0,8,2,30,,44892,1548,0,8,2,70,,44911,1548,0,8,2,100,,44912,1548,0,8,2,100,,44913,1548,0,8,2,100,,44914,1548,0,8,2
2900,'DI',734,,27946,1415,0,17 18,1,100,,27947,1415,0,17 18,1,100,,27948,1415,0,17 18,1,100,,27949,1415,0,17 18,1,100,,27950,1415,0,17 18,1,100,,27951,1415,0,17 18,1,100,,27952,1415,0,17 18,1,100,,27953,1415,0,17 18,1,100,,27954,1415,0,17 18,1,100,,27955,1415,0,17 18,1,100,,27956,1415,0,17 18,1,100,,27957,1415,0,17 18,1,100,,27958,1415,0,17 18,1,100,,27959,1415,0,17 18,1,100,,27960,1415,0,17 18,1,100,,27961,1415,0,17 18,1,100,,27962,1415,0,17 18,1,120,,27963,1415,0,17 18,1
2900,'F1',734,,46037,1415,0,17 18,1,100,,46038,1415,0,17 18,1,100,,46039,1415,0,17 18,1,100,,46040,1415,0,17 18,1,100,,46041,1415,0,17 18,1,100,,46042,1415,0,17 18,1,100,,46043,1415,0,17 18,1,100,,46044,1415,0,17 18,1,100,,46045,1415,0,17 18,1,100,,46046,1415,0,17 18,1,100,,46047,1415,0,17 18,1,100,,46048,1415,0,17 18,1,100,,46049,1415,0,17 18,1,100,,46050,1415,0,17 18,1,100,,46051,1415,0,17 18,1,100,,46052,1415,0,17 18,1,100,,46053,1415,0,17 18,1,120,,46054,1415,0,17 18,1
2900,'F2',733,,46069,1415,0,17 18,1,100,,46070,1415,0,17 18,1,100,,46071,1415,0,17 18,1,100,,46072,1415,0,17 18,1,100,,46073,1415,0,17 18,1,100,,46055,1415,0,17 18,1,100,,46056,1415,0,17 18,1,99,,46057,1415,0,17 18,1,99,,46058,1415,0,17 18,1,99,,46059,1415,0,17 18,1,108,,46060,1415,0,17 18,1,99,,46061,1415,0,17 18,1,97,,46062,1415,0,17 18,1,99,,46063,1415,0,17 18,1,100,,46064,1415,0,17 18,1,100,,46065,1415,0,17 18,1,100,,46066,1415,0,17 18,1,120,,46067,1415,0,17 18,1
2900,'F8',733,,28043,1415,0,17 18,1,100,,28044,1415,0,17 18,1,100,,28045,1415,0,17 18,1,100,,28046,1415,0,17 18,1,100,,28047,1415,0,17 18,1,100,,28029,1415,0,17 18,1,100,,28030,1415,0,17 18,1,99,,28031,1415,0,17 18,1,99,,28032,1415,0,17 18,1,99,,28033,1415,0,17 18,1,108,,28034,1415,0,17 18,1,99,,28035,1415,0,17 18,1,97,,28036,1415,0,17 18,1,99,,28037,1415,0,17 18,1,100,,28038,1415,0,17 18,1,100,,28039,1415,0,17 18,1,100,,28040,1415,0,17 18,1,120,,28041,1415,0,17 18,1
2900,'F9',734,,28049,1415,0,17 18,1,100,,28050,1415,0,17 18,1,100,,28051,1415,0,17 18,1,100,,28052,1415,0,17 18,1,100,,28053,1415,0,17 18,1,100,,28054,1415,0,17 18,1,100,,28055,1415,0,17 18,1,100,,28056,1415,0,17 18,1,100,,28057,1415,0,17 18,1,100,,28058,1415,0,17 18,1,100,,28059,1415,0,17 18,1,100,,28060,1415,0,17 18,1,100,,28061,1415,0,17 18,1,100,,28062,1415,0,17 18,1,100,,28063,1415,0,17 18,1,100,,28064,1415,0,17 18,1,100,,28065,1415,0,17 18,1,120,,28066,1415,0,17 18,1
2900,'SA',733,,28081,1415,0,17 18,1,100,,28082,1415,0,17 18,1,100,,28083,1415,0,17 18,1,100,,28084,1415,0,17 18,1,100,,28085,1415,0,17 18,1,100,,28067,1415,0,17 18,1,100,,28068,1415,0,17 18,1,99,,28069,1415,0,17 18,1,99,,28070,1415,0,17 18,1,99,,28071,1415,0,17 18,1,108,,28072,1415,0,17 18,1,99,,28073,1415,0,17 18,1,97,,28074,1415,0,17 18,1,99,,28075,1415,0,17 18,1,100,,28076,1415,0,17 18,1,100,,28077,1415,0,17 18,1,100,,28078,1415,0,17 18,1,120,,28079,1415,0,17 18,1
2900,'SE',658,,46075,1415,0,17 18,1,67,,46089,1415,0,17 18,1,30,,46087,1415,0,17 18,1,75,,46078,1415,0,17 18,1,103,,46083,1415,0,17 18,1,100,,46082,1415,0,17 18,1,100,,46081,1415,0,17 18,1,100,,46074,1415,0,17 18,1,100,,46079,1415,0,17 18,1,97,,46090,1415,0,17 18,1,73,,46091,1415,0,17 18,1,26,,46099,1415,0,17 18,1,74,,46077,1415,0,17 18,1,20,,46095,1415,0,17 18,1,28,,46100,1415,0,17 18,1,53,,46076,1415,0,17 18,1,31,,46088,1415,0,17 18,1,68,,46084,1415,0,17 18,1,30,,46080,1415,0,17 18,1,99,,46096,1415,0,17 18,1,100,,46092,1415,0,17 18,1,100,,46093,1415,0,17 18,1,100,,46094,1415,0,17 18,1,100,,46097,1415,0,17 18,1,120,,46098,1415,0,17 18,1
7100,'DI',603,,32973,1490,,,2,30,,32953,1490,,,2,70,,32976,1490,,,2,30,,32968,1490,,,2,70,,32978,1490,,,2,30,,32967,1490,,,2,71,,32950,1490,,,2,29,,32948,1490,,,2,70,,32949,1490,,,2,30,,32956,1490,,,2,70,,32969,1490,,,2,30,,32979,1490,,,2,70,,32974,1490,,,2,35,,32954,1490,,,2,65,,32975,1490,,,2,30,,32955,1490,,,2,70,,32977,1490,,,2,30,,32972,1490,,,2,70,,32963,1490,,,2,30,,32959,1490,,,2,70,,32966,1490,,,2,30,,32960,1490,,,2,68,,32957,1490,,,2,32,,32961,1490,,,2,70,,32958,1490,,,2,30,,32962,1490,,,2,100,,32964,1490,,,2,100,,32965,1490,,,2,100,,32971,1490,,,2,100,,32951,1490,,,2,100,,32952,1490,,,2,100,,32970,1490,,,2
7100,'F1',603,,48061,1490,,,2,30,,48041,1490,,,2,70,,48064,1490,,,2,30,,48056,1490,,,2,70,,48066,1490,,,2,30,,48055,1490,,,2,71,,48038,1490,,,2,29,,48036,1490,,,2,70,,48037,1490,,,2,30,,48044,1490,,,2,70,,48057,1490,,,2,30,,48067,1490,,,2,70,,48062,1490,,,2,35,,48042,1490,,,2,65,,48063,1490,,,2,30,,48043,1490,,,2,70,,48065,1490,,,2,30,,48060,1490,,,2,70,,48051,1490,,,2,30,,48047,1490,,,2,70,,48054,1490,,,2,30,,48048,1490,,,2,68,,48045,1490,,,2,32,,48049,1490,,,2,70,,48046,1490,,,2,30,,48050,1490,,,2,100,,48052,1490,,,2,100,,48053,1490,,,2,100,,48059,1490,,,2,100,,48039,1490,,,2,100,,48040,1490,,,2,100,,48058,1490,,,2
7100,'F2',603,,48099,1490,,,2,30,,48076,1490,,,2,70,,48071,1490,,,2,30,,48079,1490,,,2,71,,48100,1490,,,2,29,,48077,1490,,,2,70,,48068,1490,,,2,30,,48082,1490,,,2,70,,48095,1490,,,2,30,,48083,1490,,,2,70,,48096,1490,,,2,30,,48084,1490,,,2,70,,48097,1490,,,2,30,,48085,1490,,,2,70,,48098,1490,,,2,30,,48086,1490,,,2,70,,48089,1490,,,2,30,,48087,1490,,,2,70,,48090,1490,,,2,30,,48088,1490,,,2,70,,48091,1490,,,2,28,,48074,1490,,,2,70,,48092,1490,,,2,36,,48078,1490,,,2,66,,48093,1490,,,2,32,,48075,1490,,,2,98,,48080,1490,,,2,100,,48073,1490,,,2,100,,48072,1490,,,2,100,,48070,1490,,,2,100,,48069,1490,,,2,100,,48094,1490,,,2,100,,48081,1490,,,2
7100,'F8',603,,33115,1490,,,2,30,,33092,1490,,,2,70,,33087,1490,,,2,30,,33095,1490,,,2,71,,33116,1490,,,2,29,,33093,1490,,,2,70,,33084,1490,,,2,30,,33098,1490,,,2,70,,33111,1490,,,2,30,,33099,1490,,,2,70,,33112,1490,,,2,30,,33100,1490,,,2,70,,33113,1490,,,2,30,,33101,1490,,,2,70,,33114,1490,,,2,30,,33102,1490,,,2,70,,33105,1490,,,2,30,,33103,1490,,,2,70,,33106,1490,,,2,30,,33104,1490,,,2,70,,33107,1490,,,2,28,,33090,1490,,,2,70,,33108,1490,,,2,36,,33094,1490,,,2,66,,33109,1490,,,2,32,,33091,1490,,,2,98,,33096,1490,,,2,100,,33089,1490,,,2,100,,33088,1490,,,2,100,,33086,1490,,,2,100,,33085,1490,,,2,100,,33110,1490,,,2,100,,33097,1490,,,2
7100,'F9',603,,33142,1490,,,2,30,,33122,1490,,,2,70,,33145,1490,,,2,30,,33137,1490,,,2,70,,33147,1490,,,2,30,,33136,1490,,,2,71,,33119,1490,,,2,29,,33117,1490,,,2,70,,33118,1490,,,2,30,,33125,1490,,,2,70,,33138,1490,,,2,30,,33148,1490,,,2,70,,33143,1490,,,2,35,,33123,1490,,,2,65,,33144,1490,,,2,30,,33124,1490,,,2,70,,33146,1490,,,2,30,,33141,1490,,,2,70,,33132,1490,,,2,30,,33128,1490,,,2,70,,33135,1490,,,2,30,,33129,1490,,,2,68,,33126,1490,,,2,32,,33130,1490,,,2,70,,33127,1490,,,2,30,,33131,1490,,,2,100,,33133,1490,,,2,100,,33134,1490,,,2,100,,33140,1490,,,2,100,,33120,1490,,,2,100,,33121,1490,,,2,100,,33139,1490,,,2
7100,'SA',603,,33178,1490,,,2,30,,33157,1490,,,2,70,,33152,1490,,,2,30,,33160,1490,,,2,71,,33179,1490,,,2,29,,33158,1490,,,2,70,,33149,1490,,,2,30,,33161,1490,,,2,70,,33174,1490,,,2,30,,33162,1490,,,2,70,,33175,1490,,,2,30,,33163,1490,,,2,70,,33176,1490,,,2,30,,33164,1490,,,2,70,,33177,1490,,,2,30,,33165,1490,,,2,70,,33168,1490,,,2,30,,33166,1490,,,2,70,,33169,1490,,,2,30,,33167,1490,,,2,70,,33170,1490,,,2,28,,33155,1490,,,2,70,,33171,1490,,,2,36,,33159,1490,,,2,66,,33172,1490,,,2,32,,33156,1490,,,2,98,,11820,1490,,,2,100,,33154,1490,,,2,100,,33153,1490,,,2,100,,33151,1490,,,2,100,,33150,1490,,,2,100,,33173,1490,,,2,100,,11821,1490,,,2
7100,'SE',526,,48133,1490,,,2,100,,48135,1490,,,2,78,,48134,1490,,,2,42,,48106,1490,,,2,86,,48117,1490,,,2,71,,48102,1490,,,2,29,,48118,1490,,,2,70,,48107,1490,,,2,30,,48119,1490,,,2,70,,48122,1490,,,2,30,,48120,1490,,,2,70,,48108,1490,,,2,30,,48121,1490,,,2,70,,48131,1490,,,2,30,,48123,1490,,,2,70,,48111,1490,,,2,31,,48124,1490,,,2,70,,48132,1490,,,2,31,,48104,1490,,,2,20,,48112,1490,,,2,60,,48129,1490,,,2,26,,48113,1490,,,2,17,,48105,1490,,,2,58,,48130,1490,,,2,19,,48138,1490,,,2,72,,48137,1490,,,2,28,,48103,1490,,,2,70,,48125,1490,,,2,30,,48109,1490,,,2,69,,48126,1490,,,2,30,,48136,1490,,,2,70,,48127,1490,,,2,30,,48101,1490,,,2,70,,48128,1490,,,2,30,,48114,1490,,,2,70,,48110,1490,,,2,30,,48115,1490,,,2,69,,48139,1490,,,2,30,,48116,1490,,,2,70,,48140,1490,,,2
