8801,'DI',625,,61085,7984,,,1,30,,61081,7984,,,1,70,,61091,7984,,,1,30,,61099,7984,,,1,69,,61086,7984,,,1,30,,61082,7984,,,1,70,,61092,7984,,,1,28,,61100,7984,,,1,69,,61087,7984,,,1,30,,61083,7984,,,1,69,,61093,7984,,,1,30,,61101,7984,,,1,70,,61089,7984,,,1,30,,61084,7984,,,1,70,,61094,7984,,,1,31,,61098,7984,,,1,70,,61102,7984,,,1,31,,61080,7984,,,1,71,,61095,7984,,,1,29,,61078,7984,,,1,70,,61103,7984,,,1,30,,61090,7984,,,1,70,,61096,7984,,,1,34,,61079,7984,,,1,62,,61104,7984,,,1,106,,61097,7984,,,1,101,,61106,7984,,,1,100,,61105,7984,,,1,100,,61107,7984,,,1,100,,61088,7984,,,1,99,,61108,7984,,,1
8801,'F1',625,,61116,7984,,,1,30,,61112,7984,,,1,70,,61122,7984,,,1,30,,61130,7984,,,1,69,,61117,7984,,,1,30,,61113,7984,,,1,70,,61123,7984,,,1,28,,61131,7984,,,1,69,,61118,7984,,,1,30,,61114,7984,,,1,69,,61124,7984,,,1,30,,61132,7984,,,1,70,,61120,7984,,,1,30,,61115,7984,,,1,70,,61125,7984,,,1,31,,61129,7984,,,1,70,,61133,7984,,,1,31,,61111,7984,,,1,71,,61126,7984,,,1,29,,61109,7984,,,1,70,,61134,7984,,,1,30,,61121,7984,,,1,70,,61127,7984,,,1,34,,61110,7984,,,1,62,,61135,7984,,,1,106,,61128,7984,,,1,101,,61137,7984,,,1,100,,61136,7984,,,1,100,,61138,7984,,,1,100,,61119,7984,,,1,99,,61139,7984,,,1
8801,'F2',623,,61143,7984,,,1,30,,61149,7984,,,1,70,,61157,7984,,,1,29,,61160,7984,,,1,70,,61144,7984,,,1,30,,61150,7984,,,1,70,,61158,7984,,,1,27,,61161,7984,,,1,70,,61145,7984,,,1,29,,61151,7984,,,1,70,,61159,7984,,,1,31,,61162,7984,,,1,70,,61146,7984,,,1,31,,61152,7984,,,1,68,,61166,7984,,,1,31,,61163,7984,,,1,70,,61147,7984,,,1,30,,61153,7984,,,1,70,,61169,7984,,,1,30,,61140,7984,,,1,70,,61148,7984,,,1,31,,61142,7984,,,1,68,,61170,7984,,,1,32,,61141,7984,,,1,62,,61165,7984,,,1,109,,61167,7984,,,1,100,,61154,7984,,,1,100,,61168,7984,,,1,100,,61155,7984,,,1,98,,61164,7984,,,1,100,,61156,7984,,,1
8801,'SA',623,,61174,7984,,,1,30,,61180,7984,,,1,70,,61188,7984,,,1,29,,61191,7984,,,1,70,,61175,7984,,,1,30,,61181,7984,,,1,70,,61189,7984,,,1,27,,61192,7984,,,1,70,,61176,7984,,,1,29,,61182,7984,,,1,70,,61190,7984,,,1,31,,61193,7984,,,1,70,,61177,7984,,,1,31,,61183,7984,,,1,68,,61197,7984,,,1,31,,61194,7984,,,1,70,,61178,7984,,,1,30,,61184,7984,,,1,70,,61200,7984,,,1,30,,61171,7984,,,1,70,,61179,7984,,,1,31,,61173,7984,,,1,68,,61201,7984,,,1,32,,61172,7984,,,1,62,,61196,7984,,,1,109,,61198,7984,,,1,100,,61185,7984,,,1,100,,61199,7984,,,1,100,,61186,7984,,,1,98,,61195,7984,,,1,100,,61187,7984,,,1
8801,'SE',621,,61216,7984,,,1,20,,61203,7984,,,1,15,,61231,7984,,,1,52,,61217,7984,,,1,7,,61218,7984,,,1,18,,61220,7984,,,1,9,,61208,7984,,,1,12,,61221,7984,,,1,52,,61202,7984,,,1,10,,61244,7984,,,1,19,,61243,7984,,,1,18,,61214,7984,,,1,70,,61219,7984,,,1,30,,61209,7984,,,1,70,,61205,7984,,,1,30,,61232,7984,,,1,70,,61242,7984,,,1,30,,61207,7984,,,1,70,,61239,7984,,,1,30,,61240,7984,,,1,70,,61204,7984,,,1,30,,61235,7984,,,1,73,,61241,7984,,,1,29,,61206,7984,,,1,49,,61222,7984,,,1,2,,61212,7984,,,1,2,,61233,7984,,,1,7,,61213,7984,,,1,17,,61237,7984,,,1,18,,61246,7984,,,1,52,,61236,7984,,,1,15,,61215,7984,,,1,17,,61248,7984,,,1,14,,61210,7984,,,1,55,,61245,7984,,,1,14,,61223,7984,,,1,16,,61234,7984,,,1,16,,61238,7984,,,1,57,,61247,7984,,,1,20,,61227,7984,,,1,27,,61249,7984,,,1,72,,61224,7984,,,1,30,,61250,7984,,,1,69,,61228,7984,,,1,30,,61211,7984,,,1,70,,61225,7984,,,1,102,,61229,7984,,,1,98,,61226,7984,,,1,100,,61230,7984,,,1
42800,'DI',617,,62821,9457,,,1,109,,62822,9457,,,1,112,,62823,9457,,,1,109,,62824,9457,,,1,110,,62825,9457,,,1,75,,62831,9457,,,1,75,,62826,9457,,,1,35,,62832,9457,,,1,75,,62827,9457,,,1,35,,62833,9457,,,1,74,,62828,9457,,,1,78,,62834,9457,,,1,34,,62829,9457,,,1,79,,62835,9457,,,1,34,,62830,9457,,,1,152,,62836,9457,,,1,106,,62837,9457,,,1,108,,62838,9457,,,1,110,,62839,9457,,,1,110,,62840,9457,,,1
42800,'F1',617,,62841,9457,,,1,109,,62842,9457,,,1,112,,62843,9457,,,1,109,,62844,9457,,,1,110,,62845,9457,,,1,75,,62851,9457,,,1,75,,62846,9457,,,1,35,,62852,9457,,,1,75,,62847,9457,,,1,35,,62853,9457,,,1,74,,62848,9457,,,1,78,,62854,9457,,,1,34,,62849,9457,,,1,79,,62855,9457,,,1,34,,62850,9457,,,1,152,,62856,9457,,,1,106,,62857,9457,,,1,108,,62858,9457,,,1,110,,62859,9457,,,1,110,,62860,9457,,,1
42800,'F2',617,,62861,9457,,,1,109,,62862,9457,,,1,112,,62863,9457,,,1,109,,62864,9457,,,1,110,,62865,9457,,,1,75,,62871,9457,,,1,75,,62866,9457,,,1,35,,62872,9457,,,1,75,,62867,9457,,,1,35,,62873,9457,,,1,74,,62868,9457,,,1,78,,62874,9457,,,1,34,,62869,9457,,,1,79,,62875,9457,,,1,34,,62870,9457,,,1,152,,62876,9457,,,1,106,,62877,9457,,,1,108,,62878,9457,,,1,110,,62879,9457,,,1,110,,62880,9457,,,1
42800,'SA',617,,62881,9457,,,1,109,,62882,9457,,,1,112,,62883,9457,,,1,109,,62884,9457,,,1,110,,62885,9457,,,1,75,,62891,9457,,,1,75,,62886,9457,,,1,35,,62892,9457,,,1,75,,62887,9457,,,1,35,,62893,9457,,,1,74,,62888,9457,,,1,78,,62894,9457,,,1,34,,62889,9457,,,1,79,,62895,9457,,,1,34,,62890,9457,,,1,152,,62896,9457,,,1,106,,62897,9457,,,1,108,,62898,9457,,,1,110,,62899,9457,,,1,110,,62900,9457,,,1
42800,'SE',532,,62901,9457,,,1,75,,62911,9457,,,1,33,,62902,9457,,,1,84,,62912,9457,,,1,78,,62903,9457,,,1,36,,62913,9457,,,1,77,,62904,9457,,,1,32,,62914,9457,,,1,75,,62905,9457,,,1,35,,62915,9457,,,1,75,,62906,9457,,,1,75,,62916,9457,,,1,33,,62907,9457,,,1,73,,62917,9457,,,1,35,,62908,9457,,,1,74,,62918,9457,,,1,37,,62909,9457,,,1,77,,62919,9457,,,1,76,,62910,9457,,,1,39,,62920,9457,,,1,75,,62927,9457,,,1,79,,62921,9457,,,1,32,,62928,9457,,,1,75,,62922,9457,,,1,107,,62923,9457,,,1,108,,62924,9457,,,1,110,,62925,9457,,,1,110,,62926,9457,,,1
