2101,'DI',555,,55843,4891,,,1,70,,55842,4891,,,1,30,,55853,4891,,,1,69,,55850,4891,,,1,30,,55860,4891,,,1,70,,55849,4891,,,1,31,,55857,4891,,,1,70,,55874,4891,,,1,30,,55848,4891,,,1,67,,55851,4891,,,1,33,,55854,4891,,,1,70,,55862,4891,,,1,32,,55852,4891,,,1,70,,55870,4891,,,1,31,,55844,4891,,,1,73,,55868,4891,,,1,70,,55861,4891,,,1,30,,55858,4891,,,1,70,,55866,4891,,,1,30,,55869,4891,,,1,70,,55855,4891,,,1,30,,55867,4891,,,1,70,,55845,4891,,,1,30,,55859,4891,,,1,70,,55873,4891,,,1,30,,55865,4891,,,1,27,,55863,4891,,,1,67,,55838,4891,,,1,30,,55856,4891,,,1,70,,55872,4891,,,1,30,,55846,4891,,,1,70,,55871,4891,,,1,30,,55835,4891,,,1,70,,55837,4891,,,1,30,,55864,4891,,,1,70,,55847,4891,,,1,30,,55840,4891,,,1,70,,55839,4891,,,1,30,,55841,4891,,,1,70,,55836,4891,,,1
2101,'F1',555,,55883,4891,,,1,70,,55882,4891,,,1,30,,55893,4891,,,1,69,,55890,4891,,,1,30,,55900,4891,,,1,70,,55889,4891,,,1,31,,55897,4891,,,1,70,,55914,4891,,,1,30,,55888,4891,,,1,67,,55891,4891,,,1,33,,55894,4891,,,1,70,,55902,4891,,,1,32,,55892,4891,,,1,70,,55910,4891,,,1,31,,55884,4891,,,1,73,,55908,4891,,,1,70,,55901,4891,,,1,30,,55898,4891,,,1,70,,55906,4891,,,1,30,,55909,4891,,,1,70,,55895,4891,,,1,30,,55907,4891,,,1,70,,55885,4891,,,1,30,,55899,4891,,,1,70,,55913,4891,,,1,30,,55905,4891,,,1,27,,55903,4891,,,1,67,,55878,4891,,,1,30,,55896,4891,,,1,70,,55912,4891,,,1,30,,55886,4891,,,1,70,,55911,4891,,,1,30,,55875,4891,,,1,70,,55877,4891,,,1,30,,55904,4891,,,1,70,,55887,4891,,,1,30,,55880,4891,,,1,70,,55879,4891,,,1,30,,55881,4891,,,1,70,,55876,4891,,,1
2101,'F2',555,,55917,4891,,,1,70,,55919,4891,,,1,30,,55948,4891,,,1,70,,55918,4891,,,1,31,,55938,4891,,,1,70,,55929,4891,,,1,30,,55920,4891,,,1,70,,55949,4891,,,1,30,,55944,4891,,,1,65,,55941,4891,,,1,31,,55933,4891,,,1,74,,55936,4891,,,1,33,,55942,4891,,,1,66,,55950,4891,,,1,34,,55927,4891,,,1,72,,55953,4891,,,1,70,,55945,4891,,,1,30,,55937,4891,,,1,70,,55921,4891,,,1,30,,55954,4891,,,1,70,,55946,4891,,,1,30,,55932,4891,,,1,70,,55922,4891,,,1,30,,55939,4891,,,1,70,,55947,4891,,,1,30,,55926,4891,,,1,27,,55923,4891,,,1,67,,55940,4891,,,1,30,,55951,4891,,,1,70,,55943,4891,,,1,30,,55915,4891,,,1,70,,55934,4891,,,1,30,,55924,4891,,,1,70,,55928,4891,,,1,30,,55930,4891,,,1,70,,55916,4891,,,1,30,,55952,4891,,,1,70,,55935,4891,,,1,30,,55931,4891,,,1,70,,55925,4891,,,1
2101,'SA',555,,55957,4891,,,1,70,,55959,4891,,,1,30,,55988,4891,,,1,70,,55958,4891,,,1,31,,55978,4891,,,1,70,,55969,4891,,,1,30,,55960,4891,,,1,70,,55989,4891,,,1,30,,55984,4891,,,1,65,,55981,4891,,,1,31,,55973,4891,,,1,74,,55976,4891,,,1,33,,55982,4891,,,1,66,,55990,4891,,,1,34,,55967,4891,,,1,72,,55993,4891,,,1,70,,55985,4891,,,1,30,,55977,4891,,,1,70,,55961,4891,,,1,30,,55994,4891,,,1,70,,55986,4891,,,1,30,,55972,4891,,,1,70,,55962,4891,,,1,30,,55979,4891,,,1,70,,55987,4891,,,1,30,,55966,4891,,,1,27,,55963,4891,,,1,67,,55980,4891,,,1,30,,55991,4891,,,1,70,,55983,4891,,,1,30,,55955,4891,,,1,70,,55974,4891,,,1,30,,55964,4891,,,1,70,,55968,4891,,,1,30,,55970,4891,,,1,70,,55956,4891,,,1,30,,55992,4891,,,1,70,,55975,4891,,,1,30,,55971,4891,,,1,70,,55965,4891,,,1
2101,'SE',449,,55997,4891,,,1,86,,55996,4891,,,1,67,,56025,4891,,,1,15,,45788,4891,,,1,15,,56021,4891,,,1,13,,45786,4891,,,1,10,,56030,4891,,,1,50,,56027,4891,,,1,12,,56022,4891,,,1,10,,56032,4891,,,1,10,,56031,4891,,,1,10,,56023,4891,,,1,53,,45789,4891,,,1,18,,56028,4891,,,1,17,,56033,4891,,,1,23,,56035,4891,,,1,55,,56036,4891,,,1,20,,56010,4891,,,1,21,,56001,4891,,,1,67,,55998,4891,,,1,34,,56000,4891,,,1,70,,55995,4891,,,1,30,,55999,4891,,,1,71,,56005,4891,,,1,33,,56011,4891,,,1,70,,56006,4891,,,1,30,,56012,4891,,,1,74,,56002,4891,,,1,68,,56037,4891,,,1,30,,56026,4891,,,1,73,,56041,4891,,,1,15,,56034,4891,,,1,15,,56024,4891,,,1,15,,56039,4891,,,1,55,,56038,4891,,,1,18,,56029,4891,,,1,19,,56040,4891,,,1,17,,56019,4891,,,1,60,,56016,4891,,,1,26,,56014,4891,,,1,67,,56007,4891,,,1,25,,56017,4891,,,1,70,,56013,4891,,,1,30,,56015,4891,,,1,69,,56008,4891,,,1,30,,56009,4891,,,1,70,,56003,4891,,,1,99,,56020,4891,,,1,99,,56018,4891,,,1,55,,56004,4891,,,1
13200,'DI',838,,61957,4047,0,21 45,1,100,,61955,4047,0,21 45,1,100,,61959,4047,0,21 45,1,100,,61958,4047,0,21 45,1,100,,61960,4047,0,21 45,1,100,,61956,4047,0,21 45,1,100,,61962,4047,0,21 45,1,105,,61961,4047,0,21 45,1,95,,61964,4047,0,21 45,1,100,,61963,4047,0,21 45,1,102,,61965,4047,0,21 45,1,98,,61970,4047,0,21 45,1,100,,61968,4047,0,21 45,1,100,,61966,4047,0,21 45,1,100,,61971,4047,0,21 45,1,100,,61969,4047,0,21 45,1,100,,61967,4047,0,21 45,1,100,,61972,4047,0,21 45,1
13200,'F1',838,,61975,4047,0,21 45,1,100,,61973,4047,0,21 45,1,100,,61977,4047,0,21 45,1,100,,61976,4047,0,21 45,1,100,,61978,4047,0,21 45,1,100,,61974,4047,0,21 45,1,100,,61980,4047,0,21 45,1,105,,61979,4047,0,21 45,1,95,,61982,4047,0,21 45,1,100,,61981,4047,0,21 45,1,102,,61983,4047,0,21 45,1,98,,61988,4047,0,21 45,1,100,,61986,4047,0,21 45,1,100,,61984,4047,0,21 45,1,100,,61989,4047,0,21 45,1,100,,61987,4047,0,21 45,1,100,,61985,4047,0,21 45,1,100,,61990,4047,0,21 45,1
13200,'F2',738,,61997,4047,0,21 45,1,100,,61992,4047,0,21 45,1,100,,61995,4047,0,21 45,1,103,,61998,4047,0,21 45,1,97,,61991,4047,0,21 45,1,104,,61996,4047,0,21 45,1,96,,61999,4047,0,21 45,1,104,,62000,4047,0,21 45,1,96,,62002,4047,0,21 45,1,100,,61993,4047,0,21 45,1,100,,62001,4047,0,21 45,1,102,,62003,4047,0,21 45,1,98,,62006,4047,0,21 45,1,100,,62004,4047,0,21 45,1,100,,62009,4047,0,21 45,1,100,,62007,4047,0,21 45,1,100,,62005,4047,0,21 45,1,100,,61994,4047,0,21 45,1,100,,62008,4047,0,21 45,1
13200,'SA',738,,62016,4047,0,21 45,1,100,,62011,4047,0,21 45,1,100,,62014,4047,0,21 45,1,103,,62017,4047,0,21 45,1,97,,62010,4047,0,21 45,1,104,,62015,4047,0,21 45,1,96,,62018,4047,0,21 45,1,104,,62019,4047,0,21 45,1,96,,62021,4047,0,21 45,1,100,,62012,4047,0,21 45,1,100,,62020,4047,0,21 45,1,102,,62022,4047,0,21 45,1,98,,62025,4047,0,21 45,1,100,,62023,4047,0,21 45,1,100,,62028,4047,0,21 45,1,100,,62026,4047,0,21 45,1,100,,62024,4047,0,21 45,1,100,,62013,4047,0,21 45,1,100,,62027,4047,0,21 45,1
13200,'SE',647,,62038,4047,0,21 45,1,61,,62041,4047,0,21 45,1,11,,62031,4047,0,21 45,1,9,,62040,4047,0,21 45,1,4,,62033,4047,0,21 45,1,22,,62036,4047,0,21 45,1,58,,62039,4047,0,21 45,1,20,,62042,4047,0,21 45,1,79,,62037,4047,0,21 45,1,97,,62043,4047,0,21 45,1,99,,62035,4047,0,21 45,1,96,,62046,4047,0,21 45,1,100,,62029,4047,0,21 45,1,108,,62052,4047,0,21 45,1,93,,62047,4047,0,21 45,1,24,,62053,4047,0,21 45,1,20,,62049,4047,0,21 45,1,60,,62032,4047,0,21 45,1,22,,62048,4047,0,21 45,1,20,,62051,4047,0,21 45,1,60,,62044,4047,0,21 45,1,20,,62030,4047,0,21 45,1,21,,62034,4047,0,21 45,1,59,,62054,4047,0,21 45,1,20,,62045,4047,0,21 45,1,19,,62050,4047,0,21 45,1
42101,'SE',551,,62811,1380,,,1,76,,62809,1380,,,1,24,,62808,1380,,,1,62,,62819,1380,,,1,17,,62812,1380,,,1,72,,62817,1380,,,1,723,,62813,1380,,,1,75,,62820,1380,,,1,20,,62818,1380,,,1,30,,62816,1380,,,1,70,,62814,1380,,,1,30,,62815,1380,,,1,577,,62807,1380,,,1
