400,'DI',638,,21120,15962,,,1,69,,21106,15962,,,1,30,,21112,15962,,,1,70,,21124,15962,,,1,30,,21121,15962,,,1,72,,21107,15962,,,1,30,,21113,15962,,,1,72,,21127,15962,,,1,30,,21129,15962,,,1,70,,21108,15962,,,1,32,,21114,15962,,,1,70,,21128,15962,,,1,27,,21130,15962,,,1,71,,21109,15962,,,1,32,,21135,15962,,,1,70,,21136,15962,,,1,28,,21131,15962,,,1,71,,21110,15962,,,1,29,,21115,15962,,,1,70,,21138,15962,,,1,32,,21118,15962,,,1,70,,21111,15962,,,1,30,,21116,15962,,,1,70,,21139,15962,,,1,30,,21119,15962,,,1,68,,21132,15962,,,1,30,,21137,15962,,,1,70,,21134,15962,,,1,30,,21126,15962,,,1,70,,21133,15962,,,1,30,,21122,15962,,,1,70,,21105,15962,,,1,30,,21117,15962,,,1,100,,21123,15962,,,1,100,,21125,15962,,,1
400,'F8',638,,21254,15962,,,1,69,,21250,15962,,,1,30,,21258,15962,,,1,70,,21259,15962,,,1,30,,21255,15962,,,1,72,,21251,15962,,,1,30,,21277,15962,,,1,72,,21260,15962,,,1,31,,21256,15962,,,1,70,,21252,15962,,,1,31,,21278,15962,,,1,70,,21261,15962,,,1,30,,21271,15962,,,1,70,,21282,15962,,,1,30,,21269,15962,,,1,70,,21281,15962,,,1,30,,21265,15962,,,1,70,,21249,15962,,,1,30,,21262,15962,,,1,70,,21272,15962,,,1,30,,21283,15962,,,1,70,,21280,15962,,,1,30,,21268,15962,,,1,70,,21274,15962,,,1,28,,21267,15962,,,1,70,,21257,15962,,,1,30,,21273,15962,,,1,70,,21264,15962,,,1,30,,21253,15962,,,1,70,,21276,15962,,,1,30,,21263,15962,,,1,70,,21275,15962,,,1,30,,21279,15962,,,1,100,,21270,15962,,,1,100,,21266,15962,,,1
400,'F9',638,,21299,15962,,,1,69,,21285,15962,,,1,30,,21291,15962,,,1,70,,21303,15962,,,1,30,,21300,15962,,,1,72,,21286,15962,,,1,30,,21292,15962,,,1,72,,21306,15962,,,1,30,,21308,15962,,,1,70,,21287,15962,,,1,32,,21293,15962,,,1,70,,21307,15962,,,1,27,,21309,15962,,,1,71,,21288,15962,,,1,32,,21314,15962,,,1,70,,21315,15962,,,1,28,,21310,15962,,,1,71,,21289,15962,,,1,29,,21294,15962,,,1,70,,21317,15962,,,1,32,,21297,15962,,,1,70,,21290,15962,,,1,30,,21295,15962,,,1,70,,21318,15962,,,1,30,,21298,15962,,,1,68,,21311,15962,,,1,30,,21316,15962,,,1,70,,21313,15962,,,1,30,,21305,15962,,,1,70,,21312,15962,,,1,30,,21301,15962,,,1,70,,21284,15962,,,1,30,,21296,15962,,,1,100,,21302,15962,,,1,100,,21304,15962,,,1
400,'SA',638,,1101,15962,,,1,69,,21319,15962,,,1,30,,1103,15962,,,1,70,,1104,15962,,,1,30,,1102,15962,,,1,72,,21320,15962,,,1,30,,21339,15962,,,1,72,,1105,15962,,,1,31,,21323,15962,,,1,70,,21321,15962,,,1,31,,21340,15962,,,1,70,,1106,15962,,,1,30,,21333,15962,,,1,70,,21344,15962,,,1,30,,21331,15962,,,1,70,,21343,15962,,,1,30,,21327,15962,,,1,70,,1099,15962,,,1,30,,1107,15962,,,1,70,,21334,15962,,,1,30,,21345,15962,,,1,70,,21342,15962,,,1,30,,21330,15962,,,1,70,,21336,15962,,,1,28,,21329,15962,,,1,70,,21324,15962,,,1,30,,21335,15962,,,1,70,,21326,15962,,,1,30,,21322,15962,,,1,70,,21338,15962,,,1,30,,21325,15962,,,1,70,,21337,15962,,,1,30,,21341,15962,,,1,100,,21332,15962,,,1,100,,21328,15962,,,1
400,'SE',540,,21377,15962,,,1,65,,21370,15962,,,1,28,,21369,15962,,,1,20,,21378,15962,,,1,55,,21371,15962,,,1,20,,21376,15962,,,1,26,,21379,15962,,,1,60,,21373,15962,,,1,24,,1174,15962,,,1,9,,21380,15962,,,1,72,,21372,15962,,,1,13,,21355,15962,,,1,23,,21353,15962,,,1,70,,21346,15962,,,1,30,,21359,15962,,,1,70,,21357,15962,,,1,30,,21366,15962,,,1,70,,21356,15962,,,1,30,,1148,15962,,,1,70,,21365,15962,,,1,30,,21362,15962,,,1,69,,21354,15962,,,1,29,,21347,15962,,,1,73,,1172,15962,,,1,26,,21375,15962,,,1,76,,21381,15962,,,1,30,,21382,15962,,,1,70,,1173,15962,,,1,29,,21374,15962,,,1,64,,21349,15962,,,1,20,,21361,15962,,,1,72,,21363,15962,,,1,34,,1151,15962,,,1,70,,21348,15962,,,1,30,,21364,15962,,,1,68,,21360,15962,,,1,30,,21350,15962,,,1,70,,21358,15962,,,1,27,,21367,15962,,,1,70,,21368,15962,,,1,100,,21352,15962,,,1
5401,'DI',615,,31846,3042,,,1,100,,31863,3042,,,1,100,,31858,3042,,,1,103,,31864,3042,,,1,103,,31859,3042,,,1,100,,31844,3042,,,1,101,,31868,3042,,,1,30,,31845,3042,,,1,70,,31867,3042,,,1,30,,31869,3042,,,1,70,,31856,3042,,,1,30,,31865,3042,,,1,69,,31857,3042,,,1,31,,31860,3042,,,1,69,,31861,3042,,,1,31,,31851,3042,,,1,69,,31866,3042,,,1,31,,31862,3042,,,1,70,,31847,3042,,,1,31,,31852,3042,,,1,76,,31848,3042,,,1,100,,31849,3042,,,1,100,,31850,3042,,,1,100,,31853,3042,,,1,100,,31854,3042,,,1,99,,31855,3042,,,1
5401,'F8',616,,31986,3042,,,1,30,,31995,3042,,,1,70,,31990,3042,,,1,30,,31989,3042,,,1,70,,31987,3042,,,1,32,,31977,3042,,,1,72,,31975,3042,,,1,31,,31996,3042,,,1,69,,31988,3042,,,1,30,,31976,3042,,,1,72,,31978,3042,,,1,30,,31985,3042,,,1,70,,31997,3042,,,1,31,,31979,3042,,,1,70,,31991,3042,,,1,30,,31998,3042,,,1,70,,31972,3042,,,1,25,,31992,3042,,,1,74,,31980,3042,,,1,30,,31973,3042,,,1,71,,31993,3042,,,1,30,,31981,3042,,,1,70,,31974,3042,,,1,30,,31994,3042,,,1,70,,31983,3042,,,1,30,,31982,3042,,,1,76,,31984,3042,,,1,100,,31999,3042,,,1,100,,32000,3042,,,1,100,,32001,3042,,,1,100,,32002,3042,,,1,99,,32003,3042,,,1,100,,32004,3042,,,1
5401,'F9',615,,32007,3042,,,1,100,,32024,3042,,,1,100,,32019,3042,,,1,103,,32025,3042,,,1,103,,32020,3042,,,1,100,,32005,3042,,,1,101,,32029,3042,,,1,30,,32006,3042,,,1,70,,32028,3042,,,1,30,,32030,3042,,,1,70,,32017,3042,,,1,30,,32026,3042,,,1,69,,32018,3042,,,1,31,,32021,3042,,,1,69,,32022,3042,,,1,31,,32012,3042,,,1,69,,32027,3042,,,1,31,,32023,3042,,,1,70,,32008,3042,,,1,31,,32013,3042,,,1,76,,32009,3042,,,1,100,,32010,3042,,,1,100,,32011,3042,,,1,100,,32014,3042,,,1,100,,32015,3042,,,1,99,,32016,3042,,,1
5401,'SA',616,,32045,3042,,,1,30,,32054,3042,,,1,70,,32049,3042,,,1,30,,32048,3042,,,1,70,,32046,3042,,,1,32,,32036,3042,,,1,72,,32034,3042,,,1,31,,10810,3042,,,1,69,,32047,3042,,,1,30,,32035,3042,,,1,72,,32037,3042,,,1,30,,32044,3042,,,1,70,,32055,3042,,,1,31,,32038,3042,,,1,70,,32050,3042,,,1,30,,10812,3042,,,1,70,,32031,3042,,,1,25,,32051,3042,,,1,74,,32039,3042,,,1,30,,32032,3042,,,1,71,,32052,3042,,,1,30,,32040,3042,,,1,70,,32033,3042,,,1,30,,32053,3042,,,1,70,,32042,3042,,,1,30,,32041,3042,,,1,76,,32043,3042,,,1,100,,32056,3042,,,1,100,,32057,3042,,,1,100,,32058,3042,,,1,100,,32059,3042,,,1,99,,32060,3042,,,1,100,,32061,3042,,,1
5401,'SE',558,,32075,3042,,,1,70,,32073,3042,,,1,30,,32062,3042,,,1,76,,32066,3042,,,1,24,,32069,3042,,,1,70,,32063,3042,,,1,74,,32070,3042,,,1,32,,32068,3042,,,1,70,,32089,3042,,,1,30,,32091,3042,,,1,70,,32084,3042,,,1,30,,32081,3042,,,1,70,,32064,3042,,,1,30,,32072,3042,,,1,70,,32065,3042,,,1,31,,32092,3042,,,1,70,,32077,3042,,,1,30,,32067,3042,,,1,71,,32082,3042,,,1,28,,32071,3042,,,1,69,,32094,3042,,,1,31,,32074,3042,,,1,24,,32080,3042,,,1,74,,32083,3042,,,1,22,,32087,3042,,,1,75,,32078,3042,,,1,30,,32093,3042,,,1,73,,32090,3042,,,1,69,,32085,3042,,,1,28,,32096,3042,,,1,30,,32095,3042,,,1,70,,32088,3042,,,1,99,,32097,3042,,,1,100,,32086,3042,,,1,100,,32076,3042,,,1,100,,32079,3042,,,1
7701,'DI',805,,35180,8164,0,25 26,1,100,,35183,8164,0,25 26,1,100,,35181,8164,0,25 26,1,100,,35184,8164,0,25 26,1,100,,35182,8164,0,25 26,1,100,,35179,8164,0,25 26,1,100,,35185,8164,0,25 26,1,100,,35188,8164,0,25 26,1,100,,35178,8164,0,25 26,1,100,,35189,8164,0,25 26,1,100,,35190,8164,0,25 26,1,98,,35191,8164,0,25 26,1,99,,35186,8164,0,25 26,1,100,,35192,8164,0,25 26,1,100,,35187,8164,0,25 26,1
7701,'F8',805,,35276,8164,0,25 26,1,100,,35267,8164,0,25 26,1,100,,35263,8164,0,25 26,1,100,,35268,8164,0,25 26,1,100,,35264,8164,0,25 26,1,100,,35266,8164,0,25 26,1,100,,35269,8164,0,25 26,1,97,,35262,8164,0,25 26,1,103,,35270,8164,0,25 26,1,99,,35272,8164,0,25 26,1,101,,35271,8164,0,25 26,1,98,,35273,8164,0,25 26,1,99,,35274,8164,0,25 26,1,100,,35265,8164,0,25 26,1,100,,35275,8164,0,25 26,1
7701,'F9',805,,35279,8164,0,25 26,1,100,,35282,8164,0,25 26,1,100,,35280,8164,0,25 26,1,100,,35283,8164,0,25 26,1,100,,35281,8164,0,25 26,1,100,,35278,8164,0,25 26,1,100,,35284,8164,0,25 26,1,100,,35287,8164,0,25 26,1,100,,35277,8164,0,25 26,1,100,,35288,8164,0,25 26,1,100,,35289,8164,0,25 26,1,98,,35290,8164,0,25 26,1,99,,35285,8164,0,25 26,1,100,,35291,8164,0,25 26,1,100,,35286,8164,0,25 26,1
7701,'SA',805,,35305,8164,0,25 26,1,100,,35296,8164,0,25 26,1,100,,35293,8164,0,25 26,1,100,,35297,8164,0,25 26,1,100,,13757,8164,0,25 26,1,100,,35295,8164,0,25 26,1,100,,35298,8164,0,25 26,1,97,,35292,8164,0,25 26,1,103,,35299,8164,0,25 26,1,99,,35301,8164,0,25 26,1,101,,35300,8164,0,25 26,1,98,,35302,8164,0,25 26,1,99,,35303,8164,0,25 26,1,100,,35294,8164,0,25 26,1,100,,35304,8164,0,25 26,1
7701,'SE',644,,35312,8164,0,25 26,1,11,,35308,8164,0,25 26,1,47,,35315,8164,0,25 26,1,7,,35318,8164,0,25 26,1,11,,35309,8164,0,25 26,1,2,,35321,8164,0,25 26,1,8,,35314,8164,0,25 26,1,18,,35319,8164,0,25 26,1,74,,35323,8164,0,25 26,1,28,,35316,8164,0,25 26,1,67,,35322,8164,0,25 26,1,5,,35310,8164,0,25 26,1,31,,35320,8164,0,25 26,1,70,,35324,8164,0,25 26,1,30,,35317,8164,0,25 26,1,70,,35311,8164,0,25 26,1,30,,35326,8164,0,25 26,1,71,,35325,8164,0,25 26,1,30,,35328,8164,0,25 26,1,71,,35329,8164,0,25 26,1,33,,35327,8164,0,25 26,1,70,,35330,8164,0,25 26,1,30,,35334,8164,0,25 26,1,68,,35336,8164,0,25 26,1,20,,35338,8164,0,25 26,1,60,,35341,8164,0,25 26,1,20,,35331,8164,0,25 26,1,20,,35335,8164,0,25 26,1,59,,35313,8164,0,25 26,1,18,,35337,8164,0,25 26,1,22,,35339,8164,0,25 26,1,71,,13794,8164,0,25 26,1,24,,35332,8164,0,25 26,1,73,,35340,8164,0,25 26,1,32,,35333,8164,0,25 26,1,70,,35342,8164,0,25 26,1,31,,35343,8164,0,25 26,1,71,,35307,8164,0,25 26,1,23,,35306,8164,0,25 26,1
42101,'SE',605,,39672,6574,,,1,38,,39673,6574,,,1,65,,39671,6574,,,1,22,,39674,6574,,,1,17,,39675,6574,,,1,72,,39679,6574,,,1,722,,39677,6574,,,1,75,,39682,6574,,,1,20,,39678,6574,,,1,70,,39683,6574,,,1,29,,39676,6574,,,1,69,,39680,6574,,,1,534,,39670,6574,,,1
60700,'SE',1606,,40757,2398,,,2,1,,40758,2398,,,2
