101,'DI',629,,51926,4649,,,1,100,,51927,4649,,,1,100,,51928,4649,,,1,100,,51921,4649,,,1,100,,51922,4649,,,1,100,,51923,4649,,,1,100,,51924,4649,,,1,100,,51925,4649,,,1,101,,51930,4649,,,1,100,,51929,4649,,,1,98,,51911,4649,,,1,100,,51912,4649,,,1,100,,51913,4649,,,1,100,,51914,4649,,,1,100,,51915,4649,,,1,100,,51916,4649,,,1,100,,51917,4649,,,1,100,,51918,4649,,,1,100,,51919,4649,,,1,100,,51920,4649,,,1
101,'F1',629,,51946,4649,,,1,100,,51947,4649,,,1,100,,51948,4649,,,1,100,,51941,4649,,,1,100,,51942,4649,,,1,100,,51943,4649,,,1,100,,51944,4649,,,1,100,,51945,4649,,,1,101,,51950,4649,,,1,100,,51949,4649,,,1,98,,51931,4649,,,1,100,,51932,4649,,,1,100,,51933,4649,,,1,100,,51934,4649,,,1,100,,51935,4649,,,1,100,,51936,4649,,,1,100,,51937,4649,,,1,100,,51938,4649,,,1,100,,51939,4649,,,1,100,,51940,4649,,,1
101,'F2',559,,51951,4649,,,1,70,,43132,4649,,,1,30,,51952,4649,,,1,70,,43133,4649,,,1,30,,51953,4649,,,1,70,,43134,4649,,,1,30,,51954,4649,,,1,70,,43135,4649,,,1,30,,51963,4649,,,1,70,,43136,4649,,,1,30,,51964,4649,,,1,70,,43137,4649,,,1,30,,51955,4649,,,1,70,,51965,4649,,,1,30,,51969,4649,,,1,70,,51975,4649,,,1,71,,51970,4649,,,1,30,,51976,4649,,,1,70,,51971,4649,,,1,30,,51977,4649,,,1,28,,51966,4649,,,1,70,,51972,4649,,,1,30,,51967,4649,,,1,70,,51973,4649,,,1,30,,51968,4649,,,1,70,,51974,4649,,,1,100,,51956,4649,,,1,100,,51957,4649,,,1,100,,51958,4649,,,1,100,,51959,4649,,,1,100,,51960,4649,,,1,100,,51961,4649,,,1,100,,51962,4649,,,1
101,'SA',559,,51978,4649,,,1,70,,20561,4649,,,1,30,,51979,4649,,,1,70,,20562,4649,,,1,30,,51980,4649,,,1,70,,20563,4649,,,1,30,,51981,4649,,,1,70,,20564,4649,,,1,30,,51990,4649,,,1,70,,20565,4649,,,1,30,,51991,4649,,,1,70,,20566,4649,,,1,30,,51982,4649,,,1,70,,51992,4649,,,1,30,,51996,4649,,,1,70,,52002,4649,,,1,71,,51997,4649,,,1,30,,52003,4649,,,1,70,,51998,4649,,,1,30,,52004,4649,,,1,28,,51993,4649,,,1,70,,51999,4649,,,1,30,,51994,4649,,,1,70,,52000,4649,,,1,30,,51995,4649,,,1,70,,52001,4649,,,1,100,,51983,4649,,,1,100,,51984,4649,,,1,100,,51985,4649,,,1,100,,51986,4649,,,1,100,,51987,4649,,,1,100,,51988,4649,,,1,100,,51989,4649,,,1
101,'SE',511,,52025,4649,,,1,30,,52026,4649,,,1,60,,52024,4649,,,1,20,,52005,4649,,,1,20,,52020,4649,,,1,16,,52044,4649,,,1,62,,52007,4649,,,1,10,,52006,4649,,,1,20,,52023,4649,,,1,55,,52041,4649,,,1,15,,52038,4649,,,1,15,,52008,4649,,,1,14,,52039,4649,,,1,60,,52047,4649,,,1,20,,52009,4649,,,1,20,,52017,4649,,,1,70,,52042,4649,,,1,30,,52030,4649,,,1,70,,52028,4649,,,1,30,,52048,4649,,,1,70,,52037,4649,,,1,31,,52045,4649,,,1,70,,52022,4649,,,1,30,,52018,4649,,,1,70,,52031,4649,,,1,30,,52029,4649,,,1,71,,52019,4649,,,1,33,,52033,4649,,,1,57,,52035,4649,,,1,35,,52015,4649,,,1,71,,52021,4649,,,1,34,,52016,4649,,,1,65,,52043,4649,,,1,27,,52046,4649,,,1,75,,52034,4649,,,1,28,,52027,4649,,,1,70,,52040,4649,,,1,30,,52032,4649,,,1,68,,52010,4649,,,1,30,,52036,4649,,,1,70,,52011,4649,,,1,100,,52012,4649,,,1,99,,52013,4649,,,1,100,,52014,4649,,,1
601,'DI',614,,53163,5521,,,1,30,,53166,5521,,,1,70,,53167,5521,,,1,30,,53172,5521,,,1,70,,53164,5521,,,1,30,,53179,5521,,,1,70,,53185,5521,,,1,30,,53159,5521,,,1,74,,53173,5521,,,1,30,,53189,5521,,,1,70,,53168,5521,,,1,30,,53165,5521,,,1,70,,53160,5521,,,1,33,,53186,5521,,,1,70,,53181,5521,,,1,30,,53180,5521,,,1,70,,53158,5521,,,1,30,,53176,5521,,,1,70,,53187,5521,,,1,30,,53161,5521,,,1,70,,53170,5521,,,1,30,,53174,5521,,,1,70,,53177,5521,,,1,28,,53171,5521,,,1,70,,53175,5521,,,1,30,,53183,5521,,,1,100,,53178,5521,,,1,100,,53169,5521,,,1,100,,53182,5521,,,1,100,,53162,5521,,,1,100,,53188,5521,,,1,100,,53184,5521,,,1
601,'F1',614,,53195,5521,,,1,30,,53198,5521,,,1,70,,53199,5521,,,1,30,,53204,5521,,,1,70,,53196,5521,,,1,30,,53211,5521,,,1,70,,53217,5521,,,1,30,,53191,5521,,,1,74,,53205,5521,,,1,30,,53221,5521,,,1,70,,53200,5521,,,1,30,,53197,5521,,,1,70,,53192,5521,,,1,33,,53218,5521,,,1,70,,53213,5521,,,1,30,,53212,5521,,,1,70,,53190,5521,,,1,30,,53208,5521,,,1,70,,53219,5521,,,1,30,,53193,5521,,,1,70,,53202,5521,,,1,30,,53206,5521,,,1,70,,53209,5521,,,1,28,,53203,5521,,,1,70,,53207,5521,,,1,30,,53215,5521,,,1,100,,53210,5521,,,1,100,,53201,5521,,,1,100,,53214,5521,,,1,100,,53194,5521,,,1,100,,53220,5521,,,1,100,,53216,5521,,,1
601,'F2',614,,53228,5521,,,1,30,,53225,5521,,,1,70,,53247,5521,,,1,30,,53230,5521,,,1,70,,53241,5521,,,1,30,,53226,5521,,,1,74,,53242,5521,,,1,26,,53231,5521,,,1,76,,53223,5521,,,1,23,,53224,5521,,,1,75,,53249,5521,,,1,26,,53232,5521,,,1,70,,53237,5521,,,1,38,,53233,5521,,,1,70,,53238,5521,,,1,29,,53245,5521,,,1,70,,53234,5521,,,1,30,,53250,5521,,,1,70,,53246,5521,,,1,30,,53235,5521,,,1,70,,53243,5521,,,1,30,,53239,5521,,,1,70,,53236,5521,,,1,28,,53229,5521,,,1,70,,53240,5521,,,1,30,,53244,5521,,,1,100,,44001,5521,,,1,100,,53222,5521,,,1,100,,53227,5521,,,1,100,,53248,5521,,,1,100,,53251,5521,,,1,100,,43999,5521,,,1
601,'SA',614,,53258,5521,,,1,30,,53255,5521,,,1,70,,53277,5521,,,1,30,,53260,5521,,,1,70,,53271,5521,,,1,30,,53256,5521,,,1,74,,53272,5521,,,1,26,,53261,5521,,,1,76,,53253,5521,,,1,23,,53254,5521,,,1,75,,53279,5521,,,1,26,,53262,5521,,,1,70,,53267,5521,,,1,38,,53263,5521,,,1,70,,53268,5521,,,1,29,,53275,5521,,,1,70,,53264,5521,,,1,30,,53280,5521,,,1,70,,53276,5521,,,1,30,,53265,5521,,,1,70,,53273,5521,,,1,30,,53269,5521,,,1,70,,53266,5521,,,1,28,,53259,5521,,,1,70,,53270,5521,,,1,30,,53274,5521,,,1,100,,22739,5521,,,1,100,,53252,5521,,,1,100,,53257,5521,,,1,100,,53278,5521,,,1,100,,53281,5521,,,1,100,,22737,5521,,,1
601,'SE',528,,53290,5521,,,1,30,,53289,5521,,,1,72,,53305,5521,,,1,71,,53311,5521,,,1,24,,53294,5521,,,1,77,,53282,5521,,,1,29,,53292,5521,,,1,72,,53295,5521,,,1,28,,53298,5521,,,1,70,,53306,5521,,,1,30,,53291,5521,,,1,70,,53304,5521,,,1,30,,53288,5521,,,1,70,,53296,5521,,,1,30,,53284,5521,,,1,70,,53315,5521,,,1,30,,53316,5521,,,1,70,,53310,5521,,,1,30,,53308,5521,,,1,72,,53285,5521,,,1,30,,53301,5521,,,1,26,,53302,5521,,,1,78,,53299,5521,,,1,66,,53309,5521,,,1,31,,53312,5521,,,1,25,,53314,5521,,,1,72,,53317,5521,,,1,70,,53297,5521,,,1,28,,53318,5521,,,1,30,,53293,5521,,,1,70,,53300,5521,,,1,30,,53313,5521,,,1,70,,53307,5521,,,1,30,,53286,5521,,,1,98,,53283,5521,,,1,100,,53287,5521,,,1,100,,53303,5521,,,1
5501,'SE',629,,58217,4503,,,2,20,,58221,4503,,,2,55,,58223,4503,,,2,15,,58219,4503,,,2,15,,58218,4503,,,2,15,,58225,4503,,,2,55,,58222,4503,,,2,15,,58224,4503,,,2,20,,58220,4503,,,2
50101,'SE',749,,63419,4937,,,2,100,,63420,4937,,,2
60001,'SE',902,,63479,3321,,,2
65000,'SE',1645,,63515,11337,,,2
