300,'DI',652,,20635,764,,,1,100,,488,764,,,1,100,,20636,764,,,1,100,,489,764,,,1,100,,20637,764,,,1,100,,490,764,,,1,100,,20638,764,,,1,100,,491,764,,,1,100,,492,764,,,1,100,,493,764,,,1,100,,494,764,,,1,100,,495,764,,,1,100,,20628,764,,,1,100,,20629,764,,,1,100,,20630,764,,,1,100,,20631,764,,,1,100,,20632,764,,,1,100,,20633,764,,,1,100,,20634,764,,,1
300,'F1',652,,43213,764,,,1,100,,43198,764,,,1,100,,43214,764,,,1,100,,43199,764,,,1,100,,43215,764,,,1,100,,43200,764,,,1,100,,43216,764,,,1,100,,43201,764,,,1,100,,43202,764,,,1,100,,43203,764,,,1,100,,43204,764,,,1,100,,43205,764,,,1,100,,43206,764,,,1,100,,43207,764,,,1,100,,43208,764,,,1,100,,43209,764,,,1,100,,43210,764,,,1,100,,43211,764,,,1,100,,43212,764,,,1
300,'F2',622,,43217,764,,,1,30,,43233,764,,,1,70,,43218,764,,,1,30,,43224,764,,,1,70,,43219,764,,,1,30,,43234,764,,,1,70,,43220,764,,,1,30,,43235,764,,,1,70,,43221,764,,,1,30,,43225,764,,,1,70,,43222,764,,,1,30,,43226,764,,,1,70,,43223,764,,,1,30,,43242,764,,,1,70,,43236,764,,,1,30,,43227,764,,,1,70,,43237,764,,,1,30,,43243,764,,,1,70,,43238,764,,,1,30,,43244,764,,,1,70,,43239,764,,,1,30,,43245,764,,,1,70,,43240,764,,,1,30,,43246,764,,,1,70,,43241,764,,,1,30,,43247,764,,,1,100,,43228,764,,,1,100,,43229,764,,,1,100,,43230,764,,,1,100,,43231,764,,,1,100,,43248,764,,,1,100,,43232,764,,,1
300,'F8',622,,20741,764,,,1,30,,20757,764,,,1,70,,20742,764,,,1,30,,20748,764,,,1,70,,20743,764,,,1,30,,20758,764,,,1,70,,20744,764,,,1,30,,20759,764,,,1,70,,20745,764,,,1,30,,20749,764,,,1,70,,20746,764,,,1,30,,20750,764,,,1,70,,20747,764,,,1,30,,20766,764,,,1,70,,20760,764,,,1,30,,20751,764,,,1,70,,20761,764,,,1,30,,20767,764,,,1,70,,20762,764,,,1,30,,20768,764,,,1,70,,20763,764,,,1,30,,20769,764,,,1,70,,20764,764,,,1,30,,20770,764,,,1,70,,20765,764,,,1,30,,20771,764,,,1,100,,20752,764,,,1,100,,20753,764,,,1,100,,20754,764,,,1,100,,20755,764,,,1,100,,20772,764,,,1,100,,20756,764,,,1
300,'F9',652,,20788,764,,,1,100,,20773,764,,,1,100,,20789,764,,,1,100,,20774,764,,,1,100,,20790,764,,,1,100,,20775,764,,,1,100,,20791,764,,,1,100,,20776,764,,,1,100,,20777,764,,,1,100,,20778,764,,,1,100,,20779,764,,,1,100,,20780,764,,,1,100,,20781,764,,,1,100,,20782,764,,,1,100,,20783,764,,,1,100,,20784,764,,,1,100,,20785,764,,,1,100,,20786,764,,,1,100,,20787,764,,,1
300,'SA',622,,20792,764,,,1,30,,20808,764,,,1,70,,20793,764,,,1,30,,20799,764,,,1,70,,20794,764,,,1,30,,20809,764,,,1,70,,20795,764,,,1,30,,20810,764,,,1,70,,20796,764,,,1,30,,20800,764,,,1,70,,20797,764,,,1,30,,20801,764,,,1,70,,20798,764,,,1,30,,20811,764,,,1,70,,624,764,,,1,30,,20802,764,,,1,70,,625,764,,,1,30,,20812,764,,,1,70,,626,764,,,1,30,,20813,764,,,1,70,,627,764,,,1,30,,20814,764,,,1,70,,628,764,,,1,30,,20815,764,,,1,70,,629,764,,,1,30,,20816,764,,,1,100,,20803,764,,,1,100,,20804,764,,,1,100,,20805,764,,,1,100,,20806,764,,,1,100,,20817,764,,,1,100,,20807,764,,,1
300,'SE',540,,43252,764,,,1,82,,43283,764,,,1,80,,43249,764,,,1,40,,43272,764,,,1,80,,43261,764,,,1,30,,43266,764,,,1,70,,43273,764,,,1,30,,43267,764,,,1,70,,43274,764,,,1,30,,43268,764,,,1,70,,43275,764,,,1,30,,43269,764,,,1,70,,43276,764,,,1,30,,43270,764,,,1,70,,43277,764,,,1,30,,43262,764,,,1,70,,43278,764,,,1,29,,43263,764,,,1,61,,43250,764,,,1,18,,43279,764,,,1,22,,43264,764,,,1,61,,43251,764,,,1,22,,43282,764,,,1,18,,43285,764,,,1,59,,43265,764,,,1,20,,43284,764,,,1,20,,43253,764,,,1,73,,43286,764,,,1,27,,43254,764,,,1,70,,43280,764,,,1,30,,43255,764,,,1,70,,43281,764,,,1,30,,43256,764,,,1,70,,43271,764,,,1,30,,43257,764,,,1,100,,43258,764,,,1,100,,43259,764,,,1,100,,43260,764,,,1
401,'DI',659,,21399,706,,,1,70,,21385,706,,,1,30,,21392,706,,,1,72,,21405,706,,,1,70,,21407,706,,,1,30,,21386,706,,,1,70,,21393,706,,,1,30,,21406,706,,,1,70,,21408,706,,,1,30,,21387,706,,,1,70,,21413,706,,,1,30,,21414,706,,,1,70,,21409,706,,,1,31,,21388,706,,,1,69,,21394,706,,,1,30,,21416,706,,,1,70,,21397,706,,,1,32,,21389,706,,,1,69,,21395,706,,,1,30,,21417,706,,,1,74,,21398,706,,,1,25,,21410,706,,,1,70,,21415,706,,,1,30,,21412,706,,,1,70,,21390,706,,,1,31,,21411,706,,,1,69,,21400,706,,,1,30,,21383,706,,,1,70,,21396,706,,,1,100,,21402,706,,,1,100,,21404,706,,,1,100,,21401,706,,,1
401,'F1',659,,43513,706,,,1,70,,43499,706,,,1,30,,43506,706,,,1,72,,43519,706,,,1,70,,43521,706,,,1,30,,43500,706,,,1,70,,43507,706,,,1,30,,43520,706,,,1,70,,43522,706,,,1,30,,43501,706,,,1,70,,43527,706,,,1,30,,43528,706,,,1,70,,43523,706,,,1,31,,43502,706,,,1,69,,43508,706,,,1,30,,43530,706,,,1,70,,43511,706,,,1,32,,43503,706,,,1,69,,43509,706,,,1,30,,43531,706,,,1,74,,43512,706,,,1,25,,43524,706,,,1,70,,43529,706,,,1,30,,43526,706,,,1,70,,43504,706,,,1,31,,43525,706,,,1,69,,43514,706,,,1,30,,43497,706,,,1,70,,43510,706,,,1,100,,43516,706,,,1,100,,43518,706,,,1,100,,43515,706,,,1
401,'F2',659,,43537,706,,,1,70,,43534,706,,,1,30,,43541,706,,,1,72,,43543,706,,,1,70,,43538,706,,,1,30,,43535,706,,,1,70,,43561,706,,,1,30,,43544,706,,,1,70,,43555,706,,,1,30,,43565,706,,,1,70,,43553,706,,,1,30,,43564,706,,,1,70,,43548,706,,,1,30,,43532,706,,,1,70,,43545,706,,,1,30,,43556,706,,,1,70,,43566,706,,,1,30,,43563,706,,,1,70,,43552,706,,,1,30,,43558,706,,,1,70,,43551,706,,,1,30,,43539,706,,,1,70,,43557,706,,,1,30,,43547,706,,,1,70,,43536,706,,,1,30,,43560,706,,,1,70,,43546,706,,,1,30,,43559,706,,,1,70,,43562,706,,,1,100,,43554,706,,,1,100,,43550,706,,,1,100,,43549,706,,,1
401,'F8',659,,21531,706,,,1,70,,21528,706,,,1,30,,21535,706,,,1,72,,21537,706,,,1,70,,21532,706,,,1,30,,21529,706,,,1,70,,21555,706,,,1,30,,21538,706,,,1,70,,21549,706,,,1,30,,21559,706,,,1,70,,21547,706,,,1,30,,21558,706,,,1,70,,21542,706,,,1,30,,21526,706,,,1,70,,21539,706,,,1,30,,21550,706,,,1,70,,21560,706,,,1,30,,21557,706,,,1,70,,21546,706,,,1,30,,21552,706,,,1,70,,21545,706,,,1,30,,21533,706,,,1,70,,21551,706,,,1,30,,21541,706,,,1,70,,21530,706,,,1,30,,21554,706,,,1,70,,21540,706,,,1,30,,21553,706,,,1,70,,21556,706,,,1,100,,21548,706,,,1,100,,21544,706,,,1,100,,21543,706,,,1
401,'F9',659,,21577,706,,,1,70,,21563,706,,,1,30,,21570,706,,,1,72,,21583,706,,,1,70,,21585,706,,,1,30,,21564,706,,,1,70,,21571,706,,,1,30,,21584,706,,,1,70,,21586,706,,,1,30,,21565,706,,,1,70,,21591,706,,,1,30,,21592,706,,,1,70,,21587,706,,,1,31,,21566,706,,,1,69,,21572,706,,,1,30,,21594,706,,,1,70,,21575,706,,,1,32,,21567,706,,,1,69,,21573,706,,,1,30,,21595,706,,,1,74,,21576,706,,,1,25,,21588,706,,,1,70,,21593,706,,,1,30,,21590,706,,,1,70,,21568,706,,,1,31,,21589,706,,,1,69,,21578,706,,,1,30,,21561,706,,,1,70,,21574,706,,,1,100,,21580,706,,,1,100,,21582,706,,,1,100,,21579,706,,,1
401,'SA',659,,1358,706,,,1,70,,21597,706,,,1,30,,1361,706,,,1,72,,1363,706,,,1,70,,1359,706,,,1,30,,21598,706,,,1,70,,21616,706,,,1,30,,1364,706,,,1,70,,21610,706,,,1,30,,21620,706,,,1,70,,21608,706,,,1,30,,21619,706,,,1,70,,21603,706,,,1,30,,1356,706,,,1,70,,1365,706,,,1,30,,21611,706,,,1,70,,21621,706,,,1,30,,21618,706,,,1,70,,21607,706,,,1,30,,21613,706,,,1,70,,21606,706,,,1,30,,21600,706,,,1,70,,21612,706,,,1,30,,21602,706,,,1,70,,21599,706,,,1,30,,21615,706,,,1,70,,21601,706,,,1,30,,21614,706,,,1,70,,21617,706,,,1,100,,21609,706,,,1,100,,21605,706,,,1,100,,21604,706,,,1
401,'SE',614,,43571,706,,,1,21,,43584,706,,,1,69,,43600,706,,,1,32,,43574,706,,,1,73,,43593,706,,,1,30,,43575,706,,,1,73,,43570,706,,,1,30,,43592,706,,,1,70,,43568,706,,,1,30,,43572,706,,,1,70,,43602,706,,,1,30,,43594,706,,,1,70,,43576,706,,,1,32,,43606,706,,,1,70,,43585,706,,,1,30,,43567,706,,,1,66,,43581,706,,,1,34,,43586,706,,,1,15,,43579,706,,,1,63,,43582,706,,,1,21,,43605,706,,,1,59,,43577,706,,,1,20,,43569,706,,,1,21,,43595,706,,,1,59,,43573,706,,,1,20,,43596,706,,,1,24,,43603,706,,,1,58,,43578,706,,,1,27,,43599,706,,,1,70,,43591,706,,,1,27,,43589,706,,,1,30,,43604,706,,,1,70,,43590,706,,,1,30,,43601,706,,,1,70,,43598,706,,,1,100,,43597,706,,,1,100,,43588,706,,,1,100,,43583,706,,,1
900,'SE',647,,44309,764,0,58 7,2,69,,44311,764,0,58 7,2,30,,44310,764,0,58 7,2,860,,44316,764,0,58 7,2,33,,44315,764,0,58 7,2,67,,44314,764,0,58 7,2,30,,44313,764,0,58 7,2,70,,44312,764,0,58 7,2
1600,'DI',611,,24754,764,0,8,2,30,,24745,764,0,8,2,70,,24755,764,0,8,2,30,,24746,764,0,8,2,70,,24756,764,0,8,2,30,,24747,764,0,8,2,70,,24757,764,0,8,2,30,,24748,764,0,8,2,70,,24758,764,0,8,2,30,,24749,764,0,8,2,70,,24759,764,0,8,2,28,,24750,764,0,8,2,72,,24760,764,0,8,2,33,,24751,764,0,8,2,67,,24761,764,0,8,2,30,,24752,764,0,8,2,70,,24762,764,0,8,2,30,,24764,764,0,8,2,70,,24763,764,0,8,2,30,,24765,764,0,8,2,70,,24768,764,0,8,2,30,,24766,764,0,8,2,70,,24769,764,0,8,2,31,,24767,764,0,8,2,69,,24770,764,0,8,2,100,,24771,764,0,8,2,100,,24772,764,0,8,2,100,,24773,764,0,8,2,100,,24774,764,0,8,2,100,,24775,764,0,8,2,100,,24776,764,0,8,2,100,,24777,764,0,8,2
1600,'F1',611,,44831,764,0,8,2,30,,44822,764,0,8,2,70,,44832,764,0,8,2,30,,44823,764,0,8,2,70,,44833,764,0,8,2,30,,44824,764,0,8,2,70,,44834,764,0,8,2,30,,44825,764,0,8,2,70,,44835,764,0,8,2,30,,44826,764,0,8,2,70,,44836,764,0,8,2,28,,44827,764,0,8,2,72,,44837,764,0,8,2,33,,44828,764,0,8,2,67,,44838,764,0,8,2,30,,44829,764,0,8,2,70,,44839,764,0,8,2,30,,44841,764,0,8,2,70,,44840,764,0,8,2,30,,44842,764,0,8,2,70,,44845,764,0,8,2,30,,44843,764,0,8,2,70,,44846,764,0,8,2,31,,44844,764,0,8,2,69,,44847,764,0,8,2,100,,44848,764,0,8,2,100,,44849,764,0,8,2,100,,44850,764,0,8,2,100,,44851,764,0,8,2,100,,44852,764,0,8,2,100,,44853,764,0,8,2,100,,44854,764,0,8,2
1600,'F2',611,,44861,764,0,8,2,28,,44864,764,0,8,2,72,,44862,764,0,8,2,30,,44865,764,0,8,2,70,,44863,764,0,8,2,30,,44866,764,0,8,2,70,,44884,764,0,8,2,30,,44867,764,0,8,2,70,,44885,764,0,8,2,30,,44868,764,0,8,2,70,,44886,764,0,8,2,30,,44869,764,0,8,2,70,,44887,764,0,8,2,30,,44875,764,0,8,2,70,,44855,764,0,8,2,30,,44876,764,0,8,2,70,,44856,764,0,8,2,30,,44877,764,0,8,2,70,,44857,764,0,8,2,30,,44878,764,0,8,2,70,,44858,764,0,8,2,27,,44879,764,0,8,2,73,,44859,764,0,8,2,35,,44883,764,0,8,2,65,,44870,764,0,8,2,100,,44871,764,0,8,2,100,,44872,764,0,8,2,100,,44873,764,0,8,2,100,,44874,764,0,8,2,100,,44880,764,0,8,2,100,,44881,764,0,8,2,100,,44882,764,0,8,2
1600,'F8',611,,24912,764,0,8,2,28,,24915,764,0,8,2,72,,24913,764,0,8,2,30,,24916,764,0,8,2,70,,24914,764,0,8,2,30,,24917,764,0,8,2,70,,24935,764,0,8,2,30,,24918,764,0,8,2,70,,24936,764,0,8,2,30,,24919,764,0,8,2,70,,24937,764,0,8,2,30,,24920,764,0,8,2,70,,24938,764,0,8,2,30,,24926,764,0,8,2,70,,24906,764,0,8,2,30,,24927,764,0,8,2,70,,24907,764,0,8,2,30,,24928,764,0,8,2,70,,24908,764,0,8,2,30,,24929,764,0,8,2,70,,24909,764,0,8,2,27,,24930,764,0,8,2,73,,24910,764,0,8,2,35,,24934,764,0,8,2,65,,24921,764,0,8,2,100,,24922,764,0,8,2,100,,24923,764,0,8,2,100,,24924,764,0,8,2,100,,24925,764,0,8,2,100,,24931,764,0,8,2,100,,24932,764,0,8,2,100,,24933,764,0,8,2
1600,'F9',611,,24948,764,0,8,2,30,,24939,764,0,8,2,70,,24949,764,0,8,2,30,,24940,764,0,8,2,70,,24950,764,0,8,2,30,,24941,764,0,8,2,70,,24951,764,0,8,2,30,,24942,764,0,8,2,70,,24952,764,0,8,2,30,,24943,764,0,8,2,70,,24953,764,0,8,2,28,,24944,764,0,8,2,72,,24954,764,0,8,2,33,,24945,764,0,8,2,67,,24955,764,0,8,2,30,,24946,764,0,8,2,70,,24956,764,0,8,2,30,,24958,764,0,8,2,70,,24957,764,0,8,2,30,,24959,764,0,8,2,70,,24962,764,0,8,2,30,,24960,764,0,8,2,70,,24963,764,0,8,2,31,,24961,764,0,8,2,69,,24964,764,0,8,2,100,,24965,764,0,8,2,100,,24966,764,0,8,2,100,,24967,764,0,8,2,100,,24968,764,0,8,2,100,,24969,764,0,8,2,100,,24970,764,0,8,2,100,,24971,764,0,8,2
1600,'SA',611,,24978,764,0,8,2,28,,24981,764,0,8,2,72,,24979,764,0,8,2,30,,24982,764,0,8,2,70,,24980,764,0,8,2,30,,24983,764,0,8,2,70,,25001,764,0,8,2,30,,24984,764,0,8,2,70,,25002,764,0,8,2,30,,24985,764,0,8,2,70,,25003,764,0,8,2,30,,24986,764,0,8,2,70,,25004,764,0,8,2,30,,24992,764,0,8,2,70,,24972,764,0,8,2,30,,24993,764,0,8,2,70,,24973,764,0,8,2,30,,24994,764,0,8,2,70,,24974,764,0,8,2,30,,24995,764,0,8,2,70,,24975,764,0,8,2,27,,24996,764,0,8,2,73,,24976,764,0,8,2,35,,25000,764,0,8,2,65,,24987,764,0,8,2,100,,24988,764,0,8,2,100,,24989,764,0,8,2,100,,24990,764,0,8,2,100,,24991,764,0,8,2,100,,24997,764,0,8,2,100,,24998,764,0,8,2,100,,24999,764,0,8,2
1600,'SE',551,,44902,764,0,8,2,60,,44901,764,0,8,2,32,,44898,764,0,8,2,67,,44899,764,0,8,2,15,,44903,764,0,8,2,16,,44930,764,0,8,2,67,,44905,764,0,8,2,34,,44925,764,0,8,2,70,,44888,764,0,8,2,30,,44932,764,0,8,2,70,,44920,764,0,8,2,30,,44929,764,0,8,2,70,,44889,764,0,8,2,30,,44906,764,0,8,2,70,,44921,764,0,8,2,30,,44919,764,0,8,2,70,,44895,764,0,8,2,30,,44893,764,0,8,2,70,,44894,764,0,8,2,30,,44931,764,0,8,2,60,,44907,764,0,8,2,20,,44933,764,0,8,2,20,,44923,764,0,8,2,60,,44934,764,0,8,2,15,,44924,764,0,8,2,15,,44915,764,0,8,2,15,,44926,764,0,8,2,55,,44917,764,0,8,2,20,,44928,764,0,8,2,20,,44916,764,0,8,2,70,,44918,764,0,8,2,30,,44896,764,0,8,2,70,,44908,764,0,8,2,30,,44890,764,0,8,2,69,,44909,764,0,8,2,30,,44891,764,0,8,2,70,,44910,764,0,8,2,30,,44892,764,0,8,2,70,,44911,764,0,8,2,100,,44912,764,0,8,2,100,,44913,764,0,8,2,100,,44914,764,0,8,2
1900,'DI',617,,25744,764,0,9,2,100,,25745,764,0,9,2,100,,25746,764,0,9,2,104,,25747,764,0,9,2,100,,25748,764,0,9,2,100,,25749,764,0,9,2,100,,25750,764,0,9,2,100,,25751,764,0,9,2,100,,25752,764,0,9,2,100,,25753,764,0,9,2,100,,25754,764,0,9,2,100,,25755,764,0,9,2,100,,25756,764,0,9,2,100,,25757,764,0,9,2,100,,25758,764,0,9,2,100,,25759,764,0,9,2,100,,25760,764,0,9,2,100,,25761,764,0,9,2,100,,25762,764,0,9,2,100,,25743,764,0,9,2
1900,'F1',617,,45171,764,0,9,2,100,,45172,764,0,9,2,100,,45173,764,0,9,2,104,,45174,764,0,9,2,100,,45175,764,0,9,2,100,,45176,764,0,9,2,100,,45177,764,0,9,2,100,,45178,764,0,9,2,100,,45179,764,0,9,2,100,,45180,764,0,9,2,100,,45181,764,0,9,2,100,,45182,764,0,9,2,100,,45183,764,0,9,2,100,,45184,764,0,9,2,100,,45185,764,0,9,2,100,,45186,764,0,9,2,100,,45187,764,0,9,2,100,,45188,764,0,9,2,100,,45189,764,0,9,2,100,,45170,764,0,9,2
1900,'F2',617,,45190,764,0,9,2,30,,45199,764,0,9,2,70,,45191,764,0,9,2,30,,45200,764,0,9,2,70,,45192,764,0,9,2,30,,45201,764,0,9,2,74,,45193,764,0,9,2,30,,45202,764,0,9,2,70,,45194,764,0,9,2,30,,45203,764,0,9,2,70,,45195,764,0,9,2,30,,45215,764,0,9,2,70,,45196,764,0,9,2,30,,45216,764,0,9,2,70,,45197,764,0,9,2,30,,45217,764,0,9,2,70,,45198,764,0,9,2,30,,45218,764,0,9,2,70,,45204,764,0,9,2,30,,45219,764,0,9,2,70,,45205,764,0,9,2,30,,45220,764,0,9,2,70,,45206,764,0,9,2,30,,45221,764,0,9,2,70,,45207,764,0,9,2,100,,45208,764,0,9,2,100,,45209,764,0,9,2,100,,45210,764,0,9,2,100,,45211,764,0,9,2,100,,45212,764,0,9,2,100,,45213,764,0,9,2,100,,45214,764,0,9,2
1900,'F8',617,,25865,764,0,9,2,30,,25874,764,0,9,2,70,,25866,764,0,9,2,30,,25875,764,0,9,2,70,,25867,764,0,9,2,30,,25876,764,0,9,2,74,,25868,764,0,9,2,30,,25877,764,0,9,2,70,,25869,764,0,9,2,30,,25878,764,0,9,2,70,,25870,764,0,9,2,30,,25890,764,0,9,2,70,,25871,764,0,9,2,30,,25891,764,0,9,2,70,,25872,764,0,9,2,30,,25892,764,0,9,2,70,,25873,764,0,9,2,30,,25893,764,0,9,2,70,,25879,764,0,9,2,30,,25894,764,0,9,2,70,,25880,764,0,9,2,30,,25895,764,0,9,2,70,,25881,764,0,9,2,30,,25896,764,0,9,2,70,,25882,764,0,9,2,100,,25883,764,0,9,2,100,,25884,764,0,9,2,100,,25885,764,0,9,2,100,,25886,764,0,9,2,100,,25887,764,0,9,2,100,,25888,764,0,9,2,100,,25889,764,0,9,2
1900,'F9',617,,25898,764,0,9,2,100,,25899,764,0,9,2,100,,25900,764,0,9,2,104,,25901,764,0,9,2,100,,25902,764,0,9,2,100,,25903,764,0,9,2,100,,25904,764,0,9,2,100,,25905,764,0,9,2,100,,25906,764,0,9,2,100,,25907,764,0,9,2,100,,25908,764,0,9,2,100,,25909,764,0,9,2,100,,25910,764,0,9,2,100,,25911,764,0,9,2,100,,25912,764,0,9,2,100,,25913,764,0,9,2,100,,25914,764,0,9,2,100,,25915,764,0,9,2,100,,25916,764,0,9,2,100,,25897,764,0,9,2
1900,'SA',617,,25917,764,0,9,2,30,,25926,764,0,9,2,70,,25918,764,0,9,2,30,,25927,764,0,9,2,70,,25919,764,0,9,2,30,,25928,764,0,9,2,74,,25920,764,0,9,2,30,,25929,764,0,9,2,70,,25921,764,0,9,2,30,,25930,764,0,9,2,70,,25922,764,0,9,2,30,,25942,764,0,9,2,70,,25923,764,0,9,2,30,,25943,764,0,9,2,70,,25924,764,0,9,2,30,,25944,764,0,9,2,70,,25925,764,0,9,2,30,,25945,764,0,9,2,70,,25931,764,0,9,2,30,,25946,764,0,9,2,70,,25932,764,0,9,2,30,,25947,764,0,9,2,70,,25933,764,0,9,2,30,,25948,764,0,9,2,70,,25934,764,0,9,2,100,,25935,764,0,9,2,100,,25936,764,0,9,2,100,,25937,764,0,9,2,100,,25938,764,0,9,2,100,,25939,764,0,9,2,100,,25940,764,0,9,2,100,,25941,764,0,9,2
1900,'SE',540,,45243,764,0,9,2,76,,45256,764,0,9,2,27,,45262,764,0,9,2,12,,45244,764,0,9,2,51,,45241,764,0,9,2,12,,45242,764,0,9,2,15,,45254,764,0,9,2,21,,45255,764,0,9,2,60,,45230,764,0,9,2,32,,45250,764,0,9,2,75,,45231,764,0,9,2,30,,45251,764,0,9,2,70,,45232,764,0,9,2,30,,45252,764,0,9,2,70,,45233,764,0,9,2,30,,45253,764,0,9,2,70,,45234,764,0,9,2,30,,45245,764,0,9,2,70,,45235,764,0,9,2,30,,45246,764,0,9,2,70,,45259,764,0,9,2,30,,45263,764,0,9,2,67,,45236,764,0,9,2,21,,45222,764,0,9,2,62,,45247,764,0,9,2,20,,45261,764,0,9,2,20,,45257,764,0,9,2,59,,45258,764,0,9,2,17,,45248,764,0,9,2,23,,45264,764,0,9,2,60,,45260,764,0,9,2,24,,45249,764,0,9,2,27,,45237,764,0,9,2,70,,45223,764,0,9,2,30,,45238,764,0,9,2,70,,45224,764,0,9,2,30,,45239,764,0,9,2,70,,45225,764,0,9,2,30,,45240,764,0,9,2,70,,45226,764,0,9,2,100,,45227,764,0,9,2,100,,45228,764,0,9,2,100,,45229,764,0,9,2
2100,'DI',554,,26733,706,0,12 13,1,69,,26735,706,0,12 13,1,30,,26737,706,0,12 13,1,70,,26728,706,0,12 13,1,31,,26729,706,0,12 13,1,70,,26734,706,0,12 13,1,30,,26718,706,0,12 13,1,67,,26731,706,0,12 13,1,33,,26744,706,0,12 13,1,70,,26742,706,0,12 13,1,32,,26732,706,0,12 13,1,67,,26719,706,0,12 13,1,31,,26738,706,0,12 13,1,70,,26730,706,0,12 13,1,30,,26736,706,0,12 13,1,70,,26745,706,0,12 13,1,30,,26743,706,0,12 13,1,70,,26720,706,0,12 13,1,30,,26722,706,0,12 13,1,70,,26711,706,0,12 13,1,30,,26725,706,0,12 13,1,70,,26721,706,0,12 13,1,30,,26705,706,0,12 13,1,70,,26712,706,0,12 13,1,30,,26726,706,0,12 13,1,70,,26709,706,0,12 13,1,30,,26706,706,0,12 13,1,70,,26708,706,0,12 13,1,30,,26740,706,0,12 13,1,70,,26723,706,0,12 13,1,30,,26713,706,0,12 13,1,70,,26727,706,0,12 13,1,30,,26714,706,0,12 13,1,70,,26716,706,0,12 13,1,30,,26739,706,0,12 13,1,70,,26741,706,0,12 13,1,30,,26707,706,0,12 13,1,70,,26724,706,0,12 13,1,30,,26715,706,0,12 13,1
2100,'F1',554,,45573,706,0,12 13,1,69,,45575,706,0,12 13,1,30,,45577,706,0,12 13,1,70,,45568,706,0,12 13,1,31,,45569,706,0,12 13,1,70,,45574,706,0,12 13,1,30,,45558,706,0,12 13,1,67,,45571,706,0,12 13,1,33,,45584,706,0,12 13,1,70,,45582,706,0,12 13,1,32,,45572,706,0,12 13,1,67,,45559,706,0,12 13,1,31,,45578,706,0,12 13,1,70,,45570,706,0,12 13,1,30,,45576,706,0,12 13,1,70,,45585,706,0,12 13,1,30,,45583,706,0,12 13,1,70,,45560,706,0,12 13,1,30,,45562,706,0,12 13,1,70,,45551,706,0,12 13,1,30,,45565,706,0,12 13,1,70,,45561,706,0,12 13,1,30,,45545,706,0,12 13,1,70,,45552,706,0,12 13,1,30,,45566,706,0,12 13,1,70,,45549,706,0,12 13,1,30,,45546,706,0,12 13,1,70,,45548,706,0,12 13,1,30,,45580,706,0,12 13,1,70,,45563,706,0,12 13,1,30,,45553,706,0,12 13,1,70,,45567,706,0,12 13,1,30,,45554,706,0,12 13,1,70,,45556,706,0,12 13,1,30,,45579,706,0,12 13,1,70,,45581,706,0,12 13,1,30,,45547,706,0,12 13,1,70,,45564,706,0,12 13,1,30,,45555,706,0,12 13,1
2100,'F2',554,,45607,706,0,12 13,1,70,,45616,706,0,12 13,1,30,,45617,706,0,12 13,1,70,,45605,706,0,12 13,1,30,,45620,706,0,12 13,1,70,,45608,706,0,12 13,1,30,,45595,706,0,12 13,1,65,,45590,706,0,12 13,1,31,,45604,706,0,12 13,1,74,,45609,706,0,12 13,1,33,,45591,706,0,12 13,1,63,,45596,706,0,12 13,1,34,,45600,706,0,12 13,1,70,,45613,706,0,12 13,1,30,,45618,706,0,12 13,1,70,,45610,706,0,12 13,1,30,,45621,706,0,12 13,1,70,,45614,706,0,12 13,1,30,,45619,706,0,12 13,1,70,,45611,706,0,12 13,1,30,,45623,706,0,12 13,1,70,,45597,706,0,12 13,1,30,,45622,706,0,12 13,1,70,,45612,706,0,12 13,1,30,,45624,706,0,12 13,1,70,,45586,706,0,12 13,1,30,,45601,706,0,12 13,1,70,,45615,706,0,12 13,1,30,,45598,706,0,12 13,1,70,,45606,706,0,12 13,1,30,,45592,706,0,12 13,1,70,,45602,706,0,12 13,1,30,,45588,706,0,12 13,1,70,,45599,706,0,12 13,1,30,,45626,706,0,12 13,1,70,,45593,706,0,12 13,1,30,,45625,706,0,12 13,1,70,,45589,706,0,12 13,1,29,,45587,706,0,12 13,1
2100,'F8',554,,26895,706,0,12 13,1,70,,26904,706,0,12 13,1,30,,26905,706,0,12 13,1,70,,26893,706,0,12 13,1,30,,26908,706,0,12 13,1,70,,26896,706,0,12 13,1,30,,26883,706,0,12 13,1,65,,26878,706,0,12 13,1,31,,26892,706,0,12 13,1,74,,26897,706,0,12 13,1,33,,26879,706,0,12 13,1,63,,26884,706,0,12 13,1,34,,26888,706,0,12 13,1,70,,26901,706,0,12 13,1,30,,26906,706,0,12 13,1,70,,26898,706,0,12 13,1,30,,26909,706,0,12 13,1,70,,26902,706,0,12 13,1,30,,26907,706,0,12 13,1,70,,26899,706,0,12 13,1,30,,26911,706,0,12 13,1,70,,26885,706,0,12 13,1,30,,26910,706,0,12 13,1,70,,26900,706,0,12 13,1,30,,26912,706,0,12 13,1,70,,26874,706,0,12 13,1,30,,26889,706,0,12 13,1,70,,26903,706,0,12 13,1,30,,26886,706,0,12 13,1,70,,26894,706,0,12 13,1,30,,26880,706,0,12 13,1,70,,26890,706,0,12 13,1,30,,26876,706,0,12 13,1,70,,26887,706,0,12 13,1,30,,26914,706,0,12 13,1,70,,26881,706,0,12 13,1,30,,26913,706,0,12 13,1,70,,26877,706,0,12 13,1,29,,26875,706,0,12 13,1
2100,'F9',554,,26943,706,0,12 13,1,69,,26945,706,0,12 13,1,30,,26947,706,0,12 13,1,70,,26938,706,0,12 13,1,31,,26939,706,0,12 13,1,70,,26944,706,0,12 13,1,30,,26928,706,0,12 13,1,67,,26941,706,0,12 13,1,33,,26954,706,0,12 13,1,70,,26952,706,0,12 13,1,32,,26942,706,0,12 13,1,67,,26929,706,0,12 13,1,31,,26948,706,0,12 13,1,70,,26940,706,0,12 13,1,30,,26946,706,0,12 13,1,70,,26955,706,0,12 13,1,30,,26953,706,0,12 13,1,70,,26930,706,0,12 13,1,30,,26932,706,0,12 13,1,70,,26921,706,0,12 13,1,30,,26935,706,0,12 13,1,70,,26931,706,0,12 13,1,30,,26915,706,0,12 13,1,70,,26922,706,0,12 13,1,30,,26936,706,0,12 13,1,70,,26919,706,0,12 13,1,30,,26916,706,0,12 13,1,70,,26918,706,0,12 13,1,30,,26950,706,0,12 13,1,70,,26933,706,0,12 13,1,30,,26923,706,0,12 13,1,70,,26937,706,0,12 13,1,30,,26924,706,0,12 13,1,70,,26926,706,0,12 13,1,30,,26949,706,0,12 13,1,70,,26951,706,0,12 13,1,30,,26917,706,0,12 13,1,70,,26934,706,0,12 13,1,30,,26925,706,0,12 13,1
2100,'SA',554,,26977,706,0,12 13,1,70,,26986,706,0,12 13,1,30,,26987,706,0,12 13,1,70,,26975,706,0,12 13,1,30,,26988,706,0,12 13,1,70,,26978,706,0,12 13,1,30,,26965,706,0,12 13,1,65,,26960,706,0,12 13,1,31,,26974,706,0,12 13,1,74,,26979,706,0,12 13,1,33,,26961,706,0,12 13,1,63,,26966,706,0,12 13,1,34,,26970,706,0,12 13,1,70,,26983,706,0,12 13,1,30,,6221,706,0,12 13,1,70,,26980,706,0,12 13,1,30,,26989,706,0,12 13,1,70,,26984,706,0,12 13,1,30,,6222,706,0,12 13,1,70,,26981,706,0,12 13,1,30,,26991,706,0,12 13,1,70,,26967,706,0,12 13,1,30,,26990,706,0,12 13,1,70,,26982,706,0,12 13,1,30,,26992,706,0,12 13,1,70,,26956,706,0,12 13,1,30,,26971,706,0,12 13,1,70,,26985,706,0,12 13,1,30,,26968,706,0,12 13,1,70,,26976,706,0,12 13,1,30,,26962,706,0,12 13,1,70,,26972,706,0,12 13,1,30,,26958,706,0,12 13,1,70,,26969,706,0,12 13,1,30,,26993,706,0,12 13,1,70,,26963,706,0,12 13,1,30,,6233,706,0,12 13,1,70,,26959,706,0,12 13,1,29,,26957,706,0,12 13,1
2100,'SE',539,,45633,706,0,12 13,1,12,,45634,706,0,12 13,1,52,,45660,706,0,12 13,1,12,,45661,706,0,12 13,1,23,,45659,706,0,12 13,1,21,,45638,706,0,12 13,1,51,,45641,706,0,12 13,1,17,,45665,706,0,12 13,1,23,,45648,706,0,12 13,1,60,,45666,706,0,12 13,1,20,,45627,706,0,12 13,1,21,,45639,706,0,12 13,1,70,,45643,706,0,12 13,1,32,,45649,706,0,12 13,1,70,,45675,706,0,12 13,1,30,,45640,706,0,12 13,1,70,,45656,706,0,12 13,1,30,,45628,706,0,12 13,1,70,,45631,706,0,12 13,1,30,,45653,706,0,12 13,1,69,,45662,706,0,12 13,1,31,,45629,706,0,12 13,1,70,,45632,706,0,12 13,1,30,,45654,706,0,12 13,1,55,,45642,706,0,12 13,1,15,,45663,706,0,12 13,1,15,,45667,706,0,12 13,1,15,,45669,706,0,12 13,1,55,,45644,706,0,12 13,1,19,,45635,706,0,12 13,1,17,,45676,706,0,12 13,1,10,,45655,706,0,12 13,1,54,,45672,706,0,12 13,1,15,,45650,706,0,12 13,1,15,,45674,706,0,12 13,1,15,,45651,706,0,12 13,1,55,,45645,706,0,12 13,1,20,,45636,706,0,12 13,1,20,,45630,706,0,12 13,1,60,,45658,706,0,12 13,1,30,,45671,706,0,12 13,1,70,,45668,706,0,12 13,1,30,,45670,706,0,12 13,1,70,,45673,706,0,12 13,1,100,,45646,706,0,12 13,1,100,,45664,706,0,12 13,1,100,,45657,706,0,12 13,1,100,,45647,706,0,12 13,1
2300,'F2',641,,45829,631,,,1,100,,45830,631,,,1,100,,45821,631,,,1,101,,45822,631,,,1,99,,45825,631,,,1,103,,45826,631,,,1,97,,45831,631,,,1,100,,45832,631,,,1,100,,45828,631,,,1,100,,45827,631,,,1,100,,45823,631,,,1,102,,45824,631,,,1
2300,'F8',641,,27462,631,,,1,100,,27463,631,,,1,100,,27454,631,,,1,101,,27455,631,,,1,99,,27458,631,,,1,103,,27459,631,,,1,97,,27464,631,,,1,100,,27465,631,,,1,100,,27461,631,,,1,100,,27460,631,,,1,100,,27456,631,,,1,102,,27457,631,,,1
2300,'SA',641,,27474,631,,,1,100,,27475,631,,,1,100,,27466,631,,,1,101,,27467,631,,,1,99,,27470,631,,,1,103,,27471,631,,,1,97,,27476,631,,,1,100,,27477,631,,,1,100,,27473,631,,,1,100,,27472,631,,,1,100,,27468,631,,,1,102,,27469,631,,,1
2300,'SE',941,,45837,631,,,1,100,,45833,631,,,1,100,,45836,631,,,1,100,,45834,631,,,1,100,,45835,631,,,1
2900,'DI',731,,27946,631,0,17 18,1,100,,27947,631,0,17 18,1,100,,27948,631,0,17 18,1,100,,27949,631,0,17 18,1,100,,27950,631,0,17 18,1,100,,27951,631,0,17 18,1,100,,27952,631,0,17 18,1,100,,27953,631,0,17 18,1,100,,27954,631,0,17 18,1,100,,27955,631,0,17 18,1,100,,27956,631,0,17 18,1,100,,27957,631,0,17 18,1,100,,27958,631,0,17 18,1,100,,27959,631,0,17 18,1,100,,27960,631,0,17 18,1,100,,27961,631,0,17 18,1,100,,27962,631,0,17 18,1,120,,27963,631,0,17 18,1
2900,'F1',731,,46037,631,0,17 18,1,100,,46038,631,0,17 18,1,100,,46039,631,0,17 18,1,100,,46040,631,0,17 18,1,100,,46041,631,0,17 18,1,100,,46042,631,0,17 18,1,100,,46043,631,0,17 18,1,100,,46044,631,0,17 18,1,100,,46045,631,0,17 18,1,100,,46046,631,0,17 18,1,100,,46047,631,0,17 18,1,100,,46048,631,0,17 18,1,100,,46049,631,0,17 18,1,100,,46050,631,0,17 18,1,100,,46051,631,0,17 18,1,100,,46052,631,0,17 18,1,100,,46053,631,0,17 18,1,120,,46054,631,0,17 18,1
2900,'F2',731,,46069,631,0,17 18,1,100,,46070,631,0,17 18,1,100,,46071,631,0,17 18,1,100,,46072,631,0,17 18,1,100,,46073,631,0,17 18,1,100,,46055,631,0,17 18,1,100,,46056,631,0,17 18,1,99,,46057,631,0,17 18,1,99,,46058,631,0,17 18,1,99,,46059,631,0,17 18,1,108,,46060,631,0,17 18,1,99,,46061,631,0,17 18,1,97,,46062,631,0,17 18,1,99,,46063,631,0,17 18,1,100,,46064,631,0,17 18,1,100,,46065,631,0,17 18,1,100,,46066,631,0,17 18,1,120,,46067,631,0,17 18,1
2900,'F8',731,,28043,631,0,17 18,1,100,,28044,631,0,17 18,1,100,,28045,631,0,17 18,1,100,,28046,631,0,17 18,1,100,,28047,631,0,17 18,1,100,,28029,631,0,17 18,1,100,,28030,631,0,17 18,1,99,,28031,631,0,17 18,1,99,,28032,631,0,17 18,1,99,,28033,631,0,17 18,1,108,,28034,631,0,17 18,1,99,,28035,631,0,17 18,1,97,,28036,631,0,17 18,1,99,,28037,631,0,17 18,1,100,,28038,631,0,17 18,1,100,,28039,631,0,17 18,1,100,,28040,631,0,17 18,1,120,,28041,631,0,17 18,1
2900,'F9',731,,28049,631,0,17 18,1,100,,28050,631,0,17 18,1,100,,28051,631,0,17 18,1,100,,28052,631,0,17 18,1,100,,28053,631,0,17 18,1,100,,28054,631,0,17 18,1,100,,28055,631,0,17 18,1,100,,28056,631,0,17 18,1,100,,28057,631,0,17 18,1,100,,28058,631,0,17 18,1,100,,28059,631,0,17 18,1,100,,28060,631,0,17 18,1,100,,28061,631,0,17 18,1,100,,28062,631,0,17 18,1,100,,28063,631,0,17 18,1,100,,28064,631,0,17 18,1,100,,28065,631,0,17 18,1,120,,28066,631,0,17 18,1
2900,'SA',731,,28081,631,0,17 18,1,100,,28082,631,0,17 18,1,100,,28083,631,0,17 18,1,100,,28084,631,0,17 18,1,100,,28085,631,0,17 18,1,100,,28067,631,0,17 18,1,100,,28068,631,0,17 18,1,99,,28069,631,0,17 18,1,99,,28070,631,0,17 18,1,99,,28071,631,0,17 18,1,108,,28072,631,0,17 18,1,99,,28073,631,0,17 18,1,97,,28074,631,0,17 18,1,99,,28075,631,0,17 18,1,100,,28076,631,0,17 18,1,100,,28077,631,0,17 18,1,100,,28078,631,0,17 18,1,120,,28079,631,0,17 18,1
2900,'SE',656,,46075,631,0,17 18,1,67,,46089,631,0,17 18,1,30,,46087,631,0,17 18,1,74,,46078,631,0,17 18,1,104,,46083,631,0,17 18,1,100,,46082,631,0,17 18,1,100,,46081,631,0,17 18,1,100,,46074,631,0,17 18,1,100,,46079,631,0,17 18,1,97,,46090,631,0,17 18,1,73,,46091,631,0,17 18,1,26,,46099,631,0,17 18,1,74,,46077,631,0,17 18,1,20,,46095,631,0,17 18,1,26,,46100,631,0,17 18,1,54,,46076,631,0,17 18,1,32,,46088,631,0,17 18,1,68,,46084,631,0,17 18,1,30,,46080,631,0,17 18,1,100,,46096,631,0,17 18,1,100,,46092,631,0,17 18,1,100,,46093,631,0,17 18,1,100,,46094,631,0,17 18,1,100,,46097,631,0,17 18,1,120,,46098,631,0,17 18,1
7100,'DI',601,,32973,706,,,2,30,,32953,706,,,2,70,,32976,706,,,2,30,,32968,706,,,2,70,,32978,706,,,2,30,,32967,706,,,2,71,,32950,706,,,2,29,,32948,706,,,2,70,,32949,706,,,2,30,,32956,706,,,2,70,,32969,706,,,2,30,,32979,706,,,2,70,,32974,706,,,2,35,,32954,706,,,2,65,,32975,706,,,2,30,,32955,706,,,2,70,,32977,706,,,2,30,,32972,706,,,2,70,,32963,706,,,2,30,,32959,706,,,2,70,,32966,706,,,2,30,,32960,706,,,2,28,,32957,706,,,2,72,,32961,706,,,2,70,,32958,706,,,2,30,,32962,706,,,2,100,,32964,706,,,2,100,,32965,706,,,2,100,,32971,706,,,2,100,,32951,706,,,2,100,,32952,706,,,2,100,,32970,706,,,2
7100,'F1',601,,48061,706,,,2,30,,48041,706,,,2,70,,48064,706,,,2,30,,48056,706,,,2,70,,48066,706,,,2,30,,48055,706,,,2,71,,48038,706,,,2,29,,48036,706,,,2,70,,48037,706,,,2,30,,48044,706,,,2,70,,48057,706,,,2,30,,48067,706,,,2,70,,48062,706,,,2,35,,48042,706,,,2,65,,48063,706,,,2,30,,48043,706,,,2,70,,48065,706,,,2,30,,48060,706,,,2,70,,48051,706,,,2,30,,48047,706,,,2,70,,48054,706,,,2,30,,48048,706,,,2,28,,48045,706,,,2,72,,48049,706,,,2,70,,48046,706,,,2,30,,48050,706,,,2,100,,48052,706,,,2,100,,48053,706,,,2,100,,48059,706,,,2,100,,48039,706,,,2,100,,48040,706,,,2,100,,48058,706,,,2
7100,'F2',601,,48099,706,,,2,30,,48076,706,,,2,70,,48071,706,,,2,30,,48079,706,,,2,71,,48100,706,,,2,29,,48077,706,,,2,70,,48068,706,,,2,30,,48082,706,,,2,70,,48095,706,,,2,30,,48083,706,,,2,70,,48096,706,,,2,30,,48084,706,,,2,70,,48097,706,,,2,30,,48085,706,,,2,70,,48098,706,,,2,30,,48086,706,,,2,70,,48089,706,,,2,30,,48087,706,,,2,70,,48090,706,,,2,30,,48088,706,,,2,70,,48091,706,,,2,28,,48074,706,,,2,30,,48092,706,,,2,76,,48078,706,,,2,66,,48093,706,,,2,32,,48075,706,,,2,98,,48080,706,,,2,100,,48073,706,,,2,100,,48072,706,,,2,100,,48070,706,,,2,100,,48069,706,,,2,100,,48094,706,,,2,100,,48081,706,,,2
7100,'F8',601,,33115,706,,,2,30,,33092,706,,,2,70,,33087,706,,,2,30,,33095,706,,,2,71,,33116,706,,,2,29,,33093,706,,,2,70,,33084,706,,,2,30,,33098,706,,,2,70,,33111,706,,,2,30,,33099,706,,,2,70,,33112,706,,,2,30,,33100,706,,,2,70,,33113,706,,,2,30,,33101,706,,,2,70,,33114,706,,,2,30,,33102,706,,,2,70,,33105,706,,,2,30,,33103,706,,,2,70,,33106,706,,,2,30,,33104,706,,,2,70,,33107,706,,,2,28,,33090,706,,,2,30,,33108,706,,,2,76,,33094,706,,,2,66,,33109,706,,,2,32,,33091,706,,,2,98,,33096,706,,,2,100,,33089,706,,,2,100,,33088,706,,,2,100,,33086,706,,,2,100,,33085,706,,,2,100,,33110,706,,,2,100,,33097,706,,,2
7100,'F9',601,,33142,706,,,2,30,,33122,706,,,2,70,,33145,706,,,2,30,,33137,706,,,2,70,,33147,706,,,2,30,,33136,706,,,2,71,,33119,706,,,2,29,,33117,706,,,2,70,,33118,706,,,2,30,,33125,706,,,2,70,,33138,706,,,2,30,,33148,706,,,2,70,,33143,706,,,2,35,,33123,706,,,2,65,,33144,706,,,2,30,,33124,706,,,2,70,,33146,706,,,2,30,,33141,706,,,2,70,,33132,706,,,2,30,,33128,706,,,2,70,,33135,706,,,2,30,,33129,706,,,2,28,,33126,706,,,2,72,,33130,706,,,2,70,,33127,706,,,2,30,,33131,706,,,2,100,,33133,706,,,2,100,,33134,706,,,2,100,,33140,706,,,2,100,,33120,706,,,2,100,,33121,706,,,2,100,,33139,706,,,2
7100,'SA',601,,33178,706,,,2,30,,33157,706,,,2,70,,33152,706,,,2,30,,33160,706,,,2,71,,33179,706,,,2,29,,33158,706,,,2,70,,33149,706,,,2,30,,33161,706,,,2,70,,33174,706,,,2,30,,33162,706,,,2,70,,33175,706,,,2,30,,33163,706,,,2,70,,33176,706,,,2,30,,33164,706,,,2,70,,33177,706,,,2,30,,33165,706,,,2,70,,33168,706,,,2,30,,33166,706,,,2,70,,33169,706,,,2,30,,33167,706,,,2,70,,33170,706,,,2,28,,33155,706,,,2,30,,33171,706,,,2,76,,33159,706,,,2,66,,33172,706,,,2,32,,33156,706,,,2,98,,11820,706,,,2,100,,33154,706,,,2,100,,33153,706,,,2,100,,33151,706,,,2,100,,33150,706,,,2,100,,33173,706,,,2,100,,11821,706,,,2
7100,'SE',525,,48133,706,,,2,100,,48135,706,,,2,77,,48134,706,,,2,41,,48106,706,,,2,86,,48117,706,,,2,71,,48102,706,,,2,30,,48118,706,,,2,70,,48107,706,,,2,30,,48119,706,,,2,70,,48122,706,,,2,30,,48120,706,,,2,70,,48108,706,,,2,30,,48121,706,,,2,70,,48131,706,,,2,30,,48123,706,,,2,70,,48111,706,,,2,31,,48124,706,,,2,69,,48132,706,,,2,31,,48104,706,,,2,20,,48112,706,,,2,60,,48129,706,,,2,26,,48113,706,,,2,17,,48105,706,,,2,58,,48130,706,,,2,19,,48138,706,,,2,72,,48137,706,,,2,28,,48103,706,,,2,70,,48125,706,,,2,30,,48109,706,,,2,70,,48126,706,,,2,30,,48136,706,,,2,70,,48127,706,,,2,30,,48101,706,,,2,70,,48128,706,,,2,30,,48114,706,,,2,70,,48110,706,,,2,30,,48115,706,,,2,70,,48139,706,,,2,30,,48116,706,,,2,70,,48140,706,,,2
7400,'DI',756,,34185,631,,,1,100,,34186,631,,,1,100,,34187,631,,,1,100,,34188,631,,,1,99,,34189,631,,,1,145,,34190,631,,,1,56,,34179,631,,,1,100,,34180,631,,,1,100,,34191,631,,,1,100,,34192,631,,,1,144,,34193,631,,,1,56,,34194,631,,,1,100,,34195,631,,,1,100,,34182,631,,,1,100,,34183,631,,,1,100,,34184,631,,,1,100,,34181,631,,,1
7400,'F1',756,,48521,631,,,1,100,,48522,631,,,1,100,,48523,631,,,1,100,,48524,631,,,1,99,,48525,631,,,1,145,,48526,631,,,1,56,,48515,631,,,1,100,,48516,631,,,1,100,,48527,631,,,1,100,,48528,631,,,1,144,,48529,631,,,1,56,,48530,631,,,1,100,,48531,631,,,1,100,,48518,631,,,1,100,,48519,631,,,1,100,,48520,631,,,1,100,,48517,631,,,1
7400,'F2',756,,48535,631,,,1,100,,48536,631,,,1,99,,48537,631,,,1,100,,48534,631,,,1,101,,48538,631,,,1,100,,48539,631,,,1,100,,48540,631,,,1,99,,48541,631,,,1,101,,48542,631,,,1,100,,48543,631,,,1,102,,48532,631,,,1,98,,48544,631,,,1,100,,48545,631,,,1,100,,48546,631,,,1,100,,48547,631,,,1,100,,48548,631,,,1,100,,48549,631,,,1,100,,48533,631,,,1
7400,'F8',756,,34261,631,,,1,100,,34262,631,,,1,99,,34263,631,,,1,100,,34260,631,,,1,101,,34264,631,,,1,100,,34265,631,,,1,100,,34266,631,,,1,99,,34267,631,,,1,101,,34268,631,,,1,100,,34269,631,,,1,102,,34258,631,,,1,98,,34270,631,,,1,100,,34271,631,,,1,100,,34272,631,,,1,100,,34273,631,,,1,100,,34274,631,,,1,100,,34275,631,,,1,100,,34259,631,,,1
7400,'F9',756,,34282,631,,,1,100,,34283,631,,,1,100,,34284,631,,,1,100,,34285,631,,,1,99,,34286,631,,,1,145,,34287,631,,,1,56,,34276,631,,,1,100,,34277,631,,,1,100,,34288,631,,,1,100,,34289,631,,,1,144,,34290,631,,,1,56,,34291,631,,,1,100,,34292,631,,,1,100,,34279,631,,,1,100,,34280,631,,,1,100,,34281,631,,,1,100,,34278,631,,,1
7400,'SA',756,,34296,631,,,1,100,,34297,631,,,1,99,,34298,631,,,1,100,,34295,631,,,1,101,,34299,631,,,1,100,,34300,631,,,1,100,,34301,631,,,1,99,,34302,631,,,1,101,,34303,631,,,1,100,,34304,631,,,1,102,,34293,631,,,1,98,,34305,631,,,1,100,,34306,631,,,1,100,,34307,631,,,1,100,,34308,631,,,1,100,,34309,631,,,1,100,,34310,631,,,1,100,,34294,631,,,1
7400,'SE',626,,48551,631,,,1,25,,48560,631,,,1,77,,48553,631,,,1,26,,48552,631,,,1,69,,48554,631,,,1,31,,48573,631,,,1,102,,48561,631,,,1,100,,48564,631,,,1,100,,48565,631,,,1,100,,48566,631,,,1,100,,48567,631,,,1,100,,48550,631,,,1,70,,48559,631,,,1,27,,48568,631,,,1,75,,48558,631,,,1,29,,48574,631,,,1,70,,48562,631,,,1,29,,48569,631,,,1,70,,48563,631,,,1,30,,48570,631,,,1,100,,48571,631,,,1,100,,48572,631,,,1,100,,48555,631,,,1,100,,48556,631,,,1,100,,48557,631,,,1,100,,48575,631,,,1
9800,'SE',615,,49752,631,,,2,34,,49750,631,,,2,63,,49751,631,,,2,36,,49755,631,,,2,68,,49749,631,,,2,30,,49748,631,,,2,72,,49754,631,,,2,523,,49753,631,,,2,866,,49756,631,,,2
9900,'DI',811,,37260,631,0,19 20,2,100,,37256,631,0,19 20,2,100,,37248,631,0,19 20,2,100,,37253,631,0,19 20,2,100,,37246,631,0,19 20,2,100,,37249,631,0,19 20,2,100,,37261,631,0,19 20,2,100,,37258,631,0,19 20,2,100,,37255,631,0,19 20,2,100,,37257,631,0,19 20,2,104,,37252,631,0,19 20,2,96,,37250,631,0,19 20,2,100,,37251,631,0,19 20,2,100,,37259,631,0,19 20,2,100,,37262,631,0,19 20,2,100,,37254,631,0,19 20,2,100,,37247,631,0,19 20,2
9900,'F1',811,,49779,631,0,19 20,2,100,,49775,631,0,19 20,2,100,,49767,631,0,19 20,2,100,,49772,631,0,19 20,2,100,,49765,631,0,19 20,2,100,,49768,631,0,19 20,2,100,,49780,631,0,19 20,2,100,,49777,631,0,19 20,2,100,,49774,631,0,19 20,2,100,,49776,631,0,19 20,2,104,,49771,631,0,19 20,2,96,,49769,631,0,19 20,2,100,,49770,631,0,19 20,2,100,,49778,631,0,19 20,2,100,,49781,631,0,19 20,2,100,,49773,631,0,19 20,2,100,,49766,631,0,19 20,2
9900,'F2',706,,49786,631,0,19 20,2,105,,49785,631,0,19 20,2,98,,49797,631,0,19 20,2,102,,49787,631,0,19 20,2,100,,49793,631,0,19 20,2,100,,49798,631,0,19 20,2,100,,49788,631,0,19 20,2,100,,49792,631,0,19 20,2,98,,49789,631,0,19 20,2,102,,49794,631,0,19 20,2,100,,49799,631,0,19 20,2,100,,49783,631,0,19 20,2,100,,49790,631,0,19 20,2,100,,49795,631,0,19 20,2,100,,49784,631,0,19 20,2,100,,49791,631,0,19 20,2,100,,49782,631,0,19 20,2,100,,49796,631,0,19 20,2,100,,49800,631,0,19 20,2
9900,'F8',706,,37327,631,0,19 20,2,105,,37326,631,0,19 20,2,98,,37338,631,0,19 20,2,102,,37328,631,0,19 20,2,100,,37334,631,0,19 20,2,100,,37339,631,0,19 20,2,100,,37329,631,0,19 20,2,100,,37333,631,0,19 20,2,98,,37330,631,0,19 20,2,102,,37335,631,0,19 20,2,100,,37340,631,0,19 20,2,100,,37324,631,0,19 20,2,100,,37331,631,0,19 20,2,100,,37336,631,0,19 20,2,100,,37325,631,0,19 20,2,100,,37332,631,0,19 20,2,100,,37323,631,0,19 20,2,100,,37337,631,0,19 20,2,100,,37341,631,0,19 20,2
9900,'F9',811,,37356,631,0,19 20,2,100,,37352,631,0,19 20,2,100,,37344,631,0,19 20,2,100,,37349,631,0,19 20,2,100,,37342,631,0,19 20,2,100,,37345,631,0,19 20,2,100,,37357,631,0,19 20,2,100,,37354,631,0,19 20,2,100,,37351,631,0,19 20,2,100,,37353,631,0,19 20,2,104,,37348,631,0,19 20,2,96,,37346,631,0,19 20,2,100,,37347,631,0,19 20,2,100,,37355,631,0,19 20,2,100,,37358,631,0,19 20,2,100,,37350,631,0,19 20,2,100,,37343,631,0,19 20,2
9900,'SA',706,,37363,631,0,19 20,2,105,,37362,631,0,19 20,2,98,,37374,631,0,19 20,2,102,,37364,631,0,19 20,2,100,,37370,631,0,19 20,2,100,,37375,631,0,19 20,2,100,,37365,631,0,19 20,2,100,,37369,631,0,19 20,2,98,,37366,631,0,19 20,2,102,,37371,631,0,19 20,2,100,,37376,631,0,19 20,2,100,,37360,631,0,19 20,2,100,,37367,631,0,19 20,2,100,,37372,631,0,19 20,2,100,,37361,631,0,19 20,2,100,,37368,631,0,19 20,2,100,,37359,631,0,19 20,2,100,,37373,631,0,19 20,2,100,,37377,631,0,19 20,2
9900,'SE',706,,49811,631,0,19 20,2,36,,49802,631,0,19 20,2,70,,49810,631,0,19 20,2,99,,49803,631,0,19 20,2,100,,49805,631,0,19 20,2,100,,49816,631,0,19 20,2,100,,49801,631,0,19 20,2,100,,49804,631,0,19 20,2,98,,49806,631,0,19 20,2,97,,49814,631,0,19 20,2,35,,49823,631,,,2,66,,49819,631,,,2,35,,49820,631,,,2,69,,49822,631,,,2,30,,49821,631,,,2,71,,49812,631,0,19 20,2,99,,49818,631,0,19 20,2,100,,49807,631,0,19 20,2,100,,49815,631,0,19 20,2,100,,49817,631,0,19 20,2,100,,49808,631,0,19 20,2,100,,49813,631,0,19 20,2,100,,49809,631,0,19 20,2
12300,'DI',611,,37610,631,0,42 43,1,100,,37620,631,0,42 43,1,100,,37611,631,0,42 43,1,100,,37621,631,0,42 43,1,100,,37612,631,0,42 43,1,100,,37622,631,0,42 43,1,105,,37613,631,0,42 43,1,95,,37623,631,0,42 43,1,100,,37614,631,0,42 43,1,100,,37624,631,0,42 43,1,100,,37615,631,0,42 43,1,100,,37625,631,0,42 43,1,100,,37616,631,0,42 43,1,100,,37626,631,0,42 43,1,100,,37617,631,0,42 43,1,100,,37627,631,0,42 43,1,100,,37618,631,0,42 43,1,100,,37628,631,0,42 43,1,100,,37619,631,0,42 43,1
12300,'F1',611,,49910,631,0,42 43,1,100,,49920,631,0,42 43,1,100,,49911,631,0,42 43,1,100,,49921,631,0,42 43,1,100,,49912,631,0,42 43,1,100,,49922,631,0,42 43,1,105,,49913,631,0,42 43,1,95,,49923,631,0,42 43,1,100,,49914,631,0,42 43,1,100,,49924,631,0,42 43,1,100,,49915,631,0,42 43,1,100,,49925,631,0,42 43,1,100,,49916,631,0,42 43,1,100,,49926,631,0,42 43,1,100,,49917,631,0,42 43,1,100,,49927,631,0,42 43,1,100,,49918,631,0,42 43,1,100,,49928,631,0,42 43,1,100,,49919,631,0,42 43,1
12300,'F2',611,,49930,631,0,42 43,1,100,,49929,631,0,42 43,1,100,,49931,631,0,42 43,1,105,,49940,631,0,42 43,1,99,,49932,631,0,42 43,1,100,,49941,631,0,42 43,1,100,,49933,631,0,42 43,1,96,,49942,631,0,42 43,1,100,,49934,631,0,42 43,1,100,,49943,631,0,42 43,1,104,,49935,631,0,42 43,1,101,,49944,631,0,42 43,1,99,,49936,631,0,42 43,1,96,,49945,631,0,42 43,1,100,,49937,631,0,42 43,1,100,,49946,631,0,42 43,1,100,,49938,631,0,42 43,1,100,,49947,631,0,42 43,1,100,,49939,631,0,42 43,1
12300,'F8',611,,37705,631,0,42 43,1,100,,37704,631,0,42 43,1,100,,37706,631,0,42 43,1,105,,37715,631,0,42 43,1,99,,37707,631,0,42 43,1,100,,37716,631,0,42 43,1,100,,37708,631,0,42 43,1,96,,37717,631,0,42 43,1,100,,37709,631,0,42 43,1,100,,37718,631,0,42 43,1,104,,37710,631,0,42 43,1,101,,37719,631,0,42 43,1,99,,37711,631,0,42 43,1,96,,37720,631,0,42 43,1,100,,37712,631,0,42 43,1,100,,37721,631,0,42 43,1,100,,37713,631,0,42 43,1,100,,37722,631,0,42 43,1,100,,37714,631,0,42 43,1
12300,'F9',611,,37723,631,0,42 43,1,100,,37733,631,0,42 43,1,100,,37724,631,0,42 43,1,100,,37734,631,0,42 43,1,100,,37725,631,0,42 43,1,100,,37735,631,0,42 43,1,105,,37726,631,0,42 43,1,95,,37736,631,0,42 43,1,100,,37727,631,0,42 43,1,100,,37737,631,0,42 43,1,100,,37728,631,0,42 43,1,100,,37738,631,0,42 43,1,100,,37729,631,0,42 43,1,100,,37739,631,0,42 43,1,100,,37730,631,0,42 43,1,100,,37740,631,0,42 43,1,100,,37731,631,0,42 43,1,100,,37741,631,0,42 43,1,100,,37732,631,0,42 43,1
12300,'SA',611,,37743,631,0,42 43,1,100,,37742,631,0,42 43,1,100,,37744,631,0,42 43,1,105,,37753,631,0,42 43,1,99,,37745,631,0,42 43,1,100,,37754,631,0,42 43,1,100,,37746,631,0,42 43,1,96,,37755,631,0,42 43,1,100,,37747,631,0,42 43,1,100,,37756,631,0,42 43,1,104,,37748,631,0,42 43,1,101,,37757,631,0,42 43,1,99,,37749,631,0,42 43,1,96,,37758,631,0,42 43,1,100,,37750,631,0,42 43,1,100,,37759,631,0,42 43,1,100,,37751,631,0,42 43,1,100,,37760,631,0,42 43,1,100,,37752,631,0,42 43,1
12300,'SE',504,,49961,631,0,42 43,1,33,,49949,631,0,42 43,1,15,,49984,631,0,42 43,1,50,,49964,631,0,42 43,1,10,,49954,631,0,42 43,1,10,,49952,631,0,42 43,1,10,,49967,631,0,42 43,1,8,,49956,631,0,42 43,1,12,,49968,631,0,42 43,1,50,,49953,631,0,42 43,1,21,,49970,631,0,42 43,1,17,,49974,631,0,42 43,1,68,,49965,631,0,42 43,1,30,,49971,631,0,42 43,1,69,,49951,631,0,42 43,1,102,,49972,631,0,42 43,1,100,,49957,631,0,42 43,1,99,,49966,631,0,42 43,1,101,,49958,631,0,42 43,1,5,,49955,631,0,42 43,1,93,,49969,631,0,42 43,1,30,,49959,631,0,42 43,1,70,,49976,631,0,42 43,1,26,,49980,631,0,42 43,1,70,,49975,631,0,42 43,1,31,,49950,631,0,42 43,1,71,,49960,631,0,42 43,1,31,,49977,631,0,42 43,1,76,,49973,631,0,42 43,1,28,,49962,631,0,42 43,1,70,,49981,631,0,42 43,1,31,,49963,631,0,42 43,1,70,,49948,631,0,42 43,1,100,,49982,631,0,42 43,1,100,,49978,631,0,42 43,1,100,,49983,631,0,42 43,1,100,,49979,631,0,42 43,1
19900,'SE',1556,,50477,631,,,2,70,,50472,631,,,2,30,,50475,631,,,2,70,,50473,631,,,2,30,,50474,631,,,2,70,,50476,631,,,2
42100,'SE',631,,50738,706,0,12 13,1,71,,50737,706,0,12 13,1,16,,50742,706,0,12 13,1,722,,50740,706,0,12 13,1,61,,50743,706,0,12 13,1,30,,50741,706,0,12 13,1,70,,50744,706,0,12 13,1,30,,50732,706,0,12 13,1,70,,50739,706,0,12 13,1
