3300,'DI',628,,56772,7146,4,,2,100,,56773,7146,4,,2,100,,56774,7146,4,,2,100,,56775,7146,4,,2,100,,56776,7146,4,,2,100,,56777,7146,4,,2,100,,56778,7146,4,,2,100,,56779,7146,4,,2,100,,56780,7146,4,,2,100,,56781,7146,4,,2,100,,56782,7146,4,,2,100,,56783,7146,4,,2,100,,56784,7146,4,,2,100,,56785,7146,4,,2,100,,56786,7146,4,,2,100,,56787,7146,4,,2,100,,56788,7146,4,,2,100,,56789,7146,4,,2,100,,56790,7146,4,,2
3300,'F1',628,,56791,7146,4,,2,100,,56792,7146,4,,2,100,,56793,7146,4,,2,100,,56794,7146,4,,2,100,,56795,7146,4,,2,100,,56796,7146,4,,2,100,,56797,7146,4,,2,100,,56798,7146,4,,2,100,,56799,7146,4,,2,100,,56800,7146,4,,2,100,,56801,7146,4,,2,100,,56802,7146,4,,2,100,,56803,7146,4,,2,100,,56804,7146,4,,2,100,,56805,7146,4,,2,100,,56806,7146,4,,2,100,,56807,7146,4,,2,100,,56808,7146,4,,2,100,,56809,7146,4,,2
3300,'F2',628,,56810,7146,4,,2,100,,56811,7146,4,,2,100,,56812,7146,4,,2,100,,56813,7146,4,,2,100,,56814,7146,4,,2,100,,56815,7146,4,,2,100,,56816,7146,4,,2,100,,56817,7146,4,,2,100,,56818,7146,4,,2,100,,56819,7146,4,,2,100,,56820,7146,4,,2,100,,56821,7146,4,,2,100,,56822,7146,4,,2,100,,56823,7146,4,,2,100,,56824,7146,4,,2,100,,56825,7146,4,,2,100,,56826,7146,4,,2,100,,56827,7146,4,,2,100,,56828,7146,4,,2
3300,'SA',628,,56829,7146,4,,2,100,,56830,7146,4,,2,100,,56831,7146,4,,2,100,,56832,7146,4,,2,100,,56833,7146,4,,2,100,,56834,7146,4,,2,100,,56835,7146,4,,2,100,,56836,7146,4,,2,100,,56837,7146,4,,2,100,,56838,7146,4,,2,100,,56839,7146,4,,2,100,,56840,7146,4,,2,100,,56841,7146,4,,2,100,,56842,7146,4,,2,100,,56843,7146,4,,2,100,,56844,7146,4,,2,100,,56845,7146,4,,2,100,,56846,7146,4,,2,100,,56847,7146,4,,2
3300,'SE',630,,56883,7146,4,,2,28,,56851,7146,4,,2,70,,56856,7146,4,,2,30,,56852,7146,4,,2,70,,56857,7146,4,,2,30,,56858,7146,4,,2,70,,56853,7146,4,,2,30,,56885,7146,4,,2,70,,56854,7146,4,,2,30,,56859,7146,4,,2,70,,56855,7146,4,,2,30,,56860,7146,4,,2,70,,56870,7146,4,,2,30,,56877,7146,4,,2,70,,56876,7146,4,,2,30,,56886,7146,4,,2,70,,56882,7146,4,,2,30,,56878,7146,4,,2,70,,56848,7146,4,,2,29,,56869,7146,4,,2,69,,56849,7146,4,,2,16,,56887,7146,4,,2,14,,56861,7146,4,,2,54,,56862,7146,4,,2,15,,56863,7146,4,,2,14,,56868,7146,4,,2,15,,56884,7146,4,,2,56,,56874,7146,4,,2,15,,56875,7146,4,,2,14,,56850,7146,4,,2,70,,56864,7146,4,,2,30,,56880,7146,4,,2,70,,56865,7146,4,,2,27,,56881,7146,4,,2,70,,56866,7146,4,,2,30,,56879,7146,4,,2,70,,56867,7146,4,,2,100,,56871,7146,4,,2,100,,56872,7146,4,,2,100,,56873,7146,4,,2
3301,'DI',630,,56888,0,,,2,100,,56889,0,,,2,100,,56890,0,,,2,100,,56891,0,,,2,100,,56892,0,,,2,100,,56893,0,,,2,100,,56894,0,,,2,100,,56895,0,,,2,100,,56896,0,,,2,100,,56897,0,,,2,100,,56898,0,,,2,100,,56899,0,,,2,100,,56900,0,,,2,100,,56901,0,,,2,100,,56902,0,,,2,100,,56903,0,,,2,100,,56904,0,,,2,100,,56905,0,,,2,100,,56906,0,,,2
3301,'F1',630,,56907,0,,,2,100,,56908,0,,,2,100,,56909,0,,,2,100,,56910,0,,,2,100,,56911,0,,,2,100,,56912,0,,,2,100,,56913,0,,,2,100,,56914,0,,,2,100,,56915,0,,,2,100,,56916,0,,,2,100,,56917,0,,,2,100,,56918,0,,,2,100,,56919,0,,,2,100,,56920,0,,,2,100,,56921,0,,,2,100,,56922,0,,,2,100,,56923,0,,,2,100,,56924,0,,,2,100,,56925,0,,,2
3301,'F2',630,,56926,0,,,2,100,,56927,0,,,2,100,,56928,0,,,2,100,,56929,0,,,2,100,,56930,0,,,2,100,,56931,0,,,2,100,,56932,0,,,2,100,,56933,0,,,2,100,,56934,0,,,2,100,,56935,0,,,2,100,,56936,0,,,2,100,,56937,0,,,2,100,,56938,0,,,2,100,,56939,0,,,2,100,,56940,0,,,2,100,,56941,0,,,2,100,,56942,0,,,2,100,,56943,0,,,2,100,,56944,0,,,2
3301,'SA',630,,56945,0,,,2,100,,56946,0,,,2,100,,56947,0,,,2,100,,56948,0,,,2,100,,56949,0,,,2,100,,56950,0,,,2,100,,56951,0,,,2,100,,56952,0,,,2,100,,56953,0,,,2,100,,56954,0,,,2,100,,56955,0,,,2,100,,56956,0,,,2,100,,56957,0,,,2,100,,56958,0,,,2,100,,56959,0,,,2,100,,56960,0,,,2,100,,56961,0,,,2,100,,56962,0,,,2,100,,56963,0,,,2
3301,'SE',530,,56967,0,,,2,70,,56984,0,,,2,30,,56964,0,,,2,15,,57000,0,,,2,55,,56968,0,,,2,13,,56998,0,,,2,17,,56973,0,,,2,15,,57003,0,,,2,55,,56969,0,,,2,15,,56991,0,,,2,15,,56974,0,,,2,70,,56975,0,,,2,30,,56970,0,,,2,70,,57002,0,,,2,30,,56971,0,,,2,70,,56976,0,,,2,30,,56972,0,,,2,70,,56977,0,,,2,30,,56986,0,,,2,70,,56993,0,,,2,30,,56992,0,,,2,70,,57004,0,,,2,30,,56999,0,,,2,70,,56994,0,,,2,30,,56965,0,,,2,29,,56985,0,,,2,71,,56966,0,,,2,70,,56978,0,,,2,30,,56979,0,,,2,70,,57001,0,,,2,30,,56990,0,,,2,81,,56980,0,,,2,30,,56996,0,,,2,70,,56981,0,,,2,27,,56997,0,,,2,70,,56982,0,,,2,30,,56995,0,,,2,70,,56983,0,,,2,100,,56987,0,,,2,100,,56988,0,,,2,100,,56989,0,,,2
