1401,'SE',946,,44664,8582,,,1,100,,44658,8582,,,1,100,,44663,8582,,,1,100,,44662,8582,,,1,100,,44656,8582,,,1,100,,44655,8582,,,1,100,,44659,8582,,,1,85,,44661,8582,,,1,16,,44657,8582,,,1,59,,44665,8582,,,1,24,,44660,8582,,,1,18,,44669,8582,,,1,60,,44654,8582,,,1,20,,44668,8582,,,1,18,,44666,8582,,,1,68,,44667,8582,,,1
3100,'SE',628,,46184,3420,,,1,30,,46210,3420,,,1,70,,46188,3420,,,1,29,,46185,3420,,,1,71,,46180,3420,,,1,29,,46178,3420,,,1,70,,46179,3420,,,1,30,,46200,3420,,,1,70,,46181,3420,,,1,30,,46197,3420,,,1,70,,46189,3420,,,1,30,,46203,3420,,,1,70,,46186,3420,,,1,30,,46202,3420,,,1,70,,46182,3420,,,1,30,,46207,3420,,,1,71,,46190,3420,,,1,30,,46195,3420,,,1,70,,46187,3420,,,1,30,,46192,3420,,,1,70,,46194,3420,,,1,30,,46191,3420,,,1,70,,46193,3420,,,1,30,,46183,3420,,,1,70,,46204,3420,,,1,31,,46196,3420,,,1,70,,46206,3420,,,1,30,,46198,3420,,,1,69,,46205,3420,,,1,30,,46209,3420,,,1,70,,46201,3420,,,1,100,,46199,3420,,,1,99,,46208,3420,,,1
21400,'DI',918,,39011,6652,,,1,100,,39012,6652,,,1,100,,39013,6652,,,1,100,,39014,6652,,,1,100,,39015,6652,,,1,100,,39016,6652,,,1,100,,39017,6652,,,1,100,,39018,6652,,,1,100,,39019,6652,,,1,100,,39020,6652,,,1
21400,'F1',918,,50482,6652,,,1,100,,50483,6652,,,1,100,,50484,6652,,,1,100,,50485,6652,,,1,100,,50486,6652,,,1,100,,50487,6652,,,1,100,,50488,6652,,,1,100,,50489,6652,,,1,100,,50490,6652,,,1,100,,50491,6652,,,1
21400,'F2',918,,50492,6652,,,1,100,,50493,6652,,,1,100,,50494,6652,,,1,100,,50495,6652,,,1,100,,50496,6652,,,1,100,,50497,6652,,,1,100,,50498,6652,,,1,100,,50499,6652,,,1,100,,50500,6652,,,1,100,,50501,6652,,,1
21400,'F8',918,,39034,6652,,,1,100,,39035,6652,,,1,100,,39036,6652,,,1,100,,39037,6652,,,1,100,,39038,6652,,,1,100,,39039,6652,,,1,100,,39040,6652,,,1,100,,39041,6652,,,1,100,,39042,6652,,,1,100,,39043,6652,,,1
21400,'F9',918,,39044,6652,,,1,100,,39045,6652,,,1,100,,39046,6652,,,1,100,,39047,6652,,,1,100,,39048,6652,,,1,100,,39049,6652,,,1,100,,39050,6652,,,1,100,,39051,6652,,,1,100,,39052,6652,,,1,100,,39053,6652,,,1
21400,'SA',918,,39054,6652,,,1,100,,39055,6652,,,1,100,,39056,6652,,,1,100,,39057,6652,,,1,100,,39058,6652,,,1,100,,39059,6652,,,1,100,,39060,6652,,,1,100,,39061,6652,,,1,100,,39062,6652,,,1,100,,39063,6652,,,1
84801,'DI',651,,19943,6036,,,2,70,,19944,6036,,,2,30,,19945,6036,,,2,70,,19946,6036,,,2,30,,19947,6036,,,2,70,,19948,6036,,,2,30,,19949,6036,,,2,70,,19950,6036,,,2,30,,19951,6036,,,2,70,,19952,6036,,,2,30,,19953,6036,,,2,70,,19954,6036,,,2,30,,19955,6036,,,2,70,,19956,6036,,,2,30,,19957,6036,,,2,70,,19958,6036,,,2,30,,19959,6036,,,2,70,,19960,6036,,,2,30,,19961,6036,,,2,70,,19962,6036,,,2,30,,19963,6036,,,2,70,,19964,6036,,,2,30,,19965,6036,,,2,70,,19966,6036,,,2,30,,19967,6036,,,2,70,,19968,6036,,,2,30,,19969,6036,,,2,70,,19970,6036,,,2,30,,19971,6036,,,2,70,,19972,6036,,,2,30,,19973,6036,,,2,70,,19974,6036,,,2,30,,19975,6036,,,2,70,,19976,6036,,,2,30,,19977,6036,,,2,70,,19978,6036,,,2,30,,19979,6036,,,2
84801,'F1',651,,51686,6036,,,2,70,,51687,6036,,,2,30,,51688,6036,,,2,70,,51689,6036,,,2,30,,51690,6036,,,2,70,,51691,6036,,,2,30,,51692,6036,,,2,70,,51693,6036,,,2,30,,51694,6036,,,2,70,,51695,6036,,,2,30,,51696,6036,,,2,70,,51697,6036,,,2,30,,51698,6036,,,2,70,,51699,6036,,,2,30,,51700,6036,,,2,70,,51701,6036,,,2,30,,51702,6036,,,2,70,,51703,6036,,,2,30,,51704,6036,,,2,70,,51705,6036,,,2,30,,51706,6036,,,2,70,,51707,6036,,,2,30,,51708,6036,,,2,70,,51709,6036,,,2,30,,51710,6036,,,2,70,,51711,6036,,,2,30,,51712,6036,,,2,70,,51713,6036,,,2,30,,51714,6036,,,2,70,,51715,6036,,,2,30,,51716,6036,,,2,70,,51717,6036,,,2,30,,51718,6036,,,2,70,,51719,6036,,,2,30,,51720,6036,,,2,70,,51721,6036,,,2,30,,51722,6036,,,2
84801,'F2',651,,51723,6036,,,2,70,,51724,6036,,,2,30,,51725,6036,,,2,70,,51726,6036,,,2,30,,51727,6036,,,2,70,,51728,6036,,,2,30,,51729,6036,,,2,70,,51730,6036,,,2,30,,51731,6036,,,2,70,,51732,6036,,,2,30,,51733,6036,,,2,70,,51734,6036,,,2,30,,51735,6036,,,2,70,,51736,6036,,,2,30,,51737,6036,,,2,70,,51738,6036,,,2,30,,51739,6036,,,2,70,,51740,6036,,,2,30,,51741,6036,,,2,70,,51742,6036,,,2,30,,51743,6036,,,2,70,,51744,6036,,,2,30,,51745,6036,,,2,70,,51746,6036,,,2,30,,51747,6036,,,2,70,,51748,6036,,,2,30,,51749,6036,,,2,70,,51750,6036,,,2,30,,51751,6036,,,2,70,,51752,6036,,,2,30,,51753,6036,,,2,70,,51754,6036,,,2,30,,51755,6036,,,2,70,,51756,6036,,,2,30,,51757,6036,,,2,70,,51758,6036,,,2,30,,51759,6036,,,2
84801,'F8',651,,42162,6036,,,2,70,,42163,6036,,,2,30,,42164,6036,,,2,70,,42165,6036,,,2,30,,42166,6036,,,2,70,,42167,6036,,,2,30,,42168,6036,,,2,70,,42169,6036,,,2,30,,42170,6036,,,2,70,,42171,6036,,,2,30,,42172,6036,,,2,70,,42173,6036,,,2,30,,42174,6036,,,2,70,,42175,6036,,,2,30,,42176,6036,,,2,70,,42177,6036,,,2,30,,42178,6036,,,2,70,,42179,6036,,,2,30,,42180,6036,,,2,70,,42181,6036,,,2,30,,42182,6036,,,2,70,,42183,6036,,,2,30,,42184,6036,,,2,70,,42185,6036,,,2,30,,42186,6036,,,2,70,,42187,6036,,,2,30,,42188,6036,,,2,70,,42189,6036,,,2,30,,42190,6036,,,2,70,,42191,6036,,,2,30,,42192,6036,,,2,70,,42193,6036,,,2,30,,42194,6036,,,2,70,,42195,6036,,,2,30,,42196,6036,,,2,70,,42197,6036,,,2,30,,42198,6036,,,2
84801,'F9',651,,42199,6036,,,2,70,,42200,6036,,,2,30,,42201,6036,,,2,70,,42202,6036,,,2,30,,42203,6036,,,2,70,,42204,6036,,,2,30,,42205,6036,,,2,70,,42206,6036,,,2,30,,42207,6036,,,2,70,,42208,6036,,,2,30,,42209,6036,,,2,70,,42210,6036,,,2,30,,42211,6036,,,2,70,,42212,6036,,,2,30,,42213,6036,,,2,70,,42214,6036,,,2,30,,42215,6036,,,2,70,,42216,6036,,,2,30,,42217,6036,,,2,70,,42218,6036,,,2,30,,42219,6036,,,2,70,,42220,6036,,,2,30,,42221,6036,,,2,70,,42222,6036,,,2,30,,42223,6036,,,2,70,,42224,6036,,,2,30,,42225,6036,,,2,70,,42226,6036,,,2,30,,42227,6036,,,2,70,,42228,6036,,,2,30,,42229,6036,,,2,70,,42230,6036,,,2,30,,42231,6036,,,2,70,,42232,6036,,,2,30,,42233,6036,,,2,70,,42234,6036,,,2,30,,42235,6036,,,2
84801,'SA',651,,20091,6036,,,2,70,,20092,6036,,,2,30,,20093,6036,,,2,70,,20094,6036,,,2,30,,20095,6036,,,2,70,,20096,6036,,,2,30,,20097,6036,,,2,70,,20098,6036,,,2,30,,20099,6036,,,2,70,,20100,6036,,,2,30,,20101,6036,,,2,70,,20102,6036,,,2,30,,20103,6036,,,2,70,,20104,6036,,,2,30,,20105,6036,,,2,70,,20106,6036,,,2,30,,20107,6036,,,2,70,,20108,6036,,,2,30,,20109,6036,,,2,70,,20110,6036,,,2,30,,20111,6036,,,2,70,,20112,6036,,,2,30,,20113,6036,,,2,70,,20114,6036,,,2,30,,20115,6036,,,2,70,,20116,6036,,,2,30,,20117,6036,,,2,70,,20118,6036,,,2,30,,20119,6036,,,2,70,,20120,6036,,,2,30,,20121,6036,,,2,70,,20122,6036,,,2,30,,20123,6036,,,2,70,,20124,6036,,,2,30,,20125,6036,,,2,70,,20126,6036,,,2,30,,20127,6036,,,2
