500,'DI',555,,21658,8738,,,1,70,,21664,8738,,,1,30,,21659,8738,,,1,70,,21665,8738,,,1,30,,21660,8738,,,1,70,,21666,8738,,,1,30,,21686,8738,,,1,70,,21667,8738,,,1,30,,21671,8738,,,1,70,,21668,8738,,,1,30,,21683,8738,,,1,70,,21672,8738,,,1,30,,21661,8738,,,1,72,,21673,8738,,,1,30,,21662,8738,,,1,68,,21687,8738,,,1,32,,21684,8738,,,1,70,,21688,8738,,,1,30,,21674,8738,,,1,69,,21663,8738,,,1,31,,21678,8738,,,1,70,,21685,8738,,,1,30,,21669,8738,,,1,70,,21675,8738,,,1,30,,21689,8738,,,1,99,,21670,8738,,,1,100,,21677,8738,,,1,100,,21676,8738,,,1,100,,21679,8738,,,1,100,,21680,8738,,,1,100,,21681,8738,,,1,100,,21682,8738,,,1
500,'F8',525,,21801,8738,,,1,30,,21809,8738,,,1,70,,21802,8738,,,1,30,,21810,8738,,,1,70,,21803,8738,,,1,30,,21811,8738,,,1,70,,21804,8738,,,1,30,,21812,8738,,,1,70,,21805,8738,,,1,30,,21814,8738,,,1,70,,21806,8738,,,1,30,,21815,8738,,,1,70,,21807,8738,,,1,30,,21816,8738,,,1,72,,21808,8738,,,1,30,,21817,8738,,,1,70,,21813,8738,,,1,30,,21833,8738,,,1,70,,21828,8738,,,1,30,,21818,8738,,,1,70,,21831,8738,,,1,30,,21827,8738,,,1,70,,21830,8738,,,1,30,,21834,8738,,,1,70,,21829,8738,,,1,30,,21832,8738,,,1,99,,21819,8738,,,1,100,,21820,8738,,,1,100,,21821,8738,,,1,100,,21822,8738,,,1,100,,21823,8738,,,1,100,,21824,8738,,,1,100,,21825,8738,,,1,100,,21826,8738,,,1
500,'F9',555,,21835,8738,,,1,70,,21841,8738,,,1,30,,21836,8738,,,1,70,,21842,8738,,,1,30,,21837,8738,,,1,70,,21843,8738,,,1,30,,21863,8738,,,1,70,,21844,8738,,,1,30,,21848,8738,,,1,70,,21845,8738,,,1,30,,21860,8738,,,1,70,,21849,8738,,,1,30,,21838,8738,,,1,72,,21850,8738,,,1,30,,21839,8738,,,1,68,,21864,8738,,,1,32,,21861,8738,,,1,70,,21865,8738,,,1,30,,21851,8738,,,1,69,,21840,8738,,,1,31,,21855,8738,,,1,70,,21862,8738,,,1,30,,21846,8738,,,1,70,,21852,8738,,,1,30,,21866,8738,,,1,99,,21847,8738,,,1,100,,21854,8738,,,1,100,,21853,8738,,,1,100,,21856,8738,,,1,100,,21857,8738,,,1,100,,21858,8738,,,1,100,,21859,8738,,,1
500,'SA',525,,21867,8738,,,1,30,,21875,8738,,,1,70,,21868,8738,,,1,30,,21876,8738,,,1,70,,21869,8738,,,1,30,,21877,8738,,,1,70,,21870,8738,,,1,30,,21878,8738,,,1,70,,21871,8738,,,1,30,,21880,8738,,,1,70,,21872,8738,,,1,30,,21881,8738,,,1,70,,21873,8738,,,1,30,,21882,8738,,,1,72,,21874,8738,,,1,30,,21883,8738,,,1,70,,21879,8738,,,1,30,,21899,8738,,,1,70,,21894,8738,,,1,30,,21884,8738,,,1,70,,21897,8738,,,1,30,,21893,8738,,,1,70,,21896,8738,,,1,30,,21900,8738,,,1,70,,21895,8738,,,1,30,,21898,8738,,,1,99,,21885,8738,,,1,100,,21886,8738,,,1,100,,21887,8738,,,1,100,,21888,8738,,,1,100,,21889,8738,,,1,100,,21890,8738,,,1,100,,21891,8738,,,1,100,,21892,8738,,,1
500,'SE',501,,1670,8738,,,1,40,,21902,8738,,,1,70,,21903,8738,,,1,15,,21901,8738,,,1,30,,21938,8738,,,1,70,,21906,8738,,,1,30,,21904,8738,,,1,70,,21905,8738,,,1,80,,21932,8738,,,1,20,,21941,8738,,,1,30,,21930,8738,,,1,70,,21939,8738,,,1,30,,21937,8738,,,1,70,,21935,8738,,,1,30,,21929,8738,,,1,70,,21907,8738,,,1,31,,21912,8738,,,1,70,,21910,8738,,,1,30,,21911,8738,,,1,70,,21908,8738,,,1,30,,21916,8738,,,1,74,,21943,8738,,,1,13,,21914,8738,,,1,15,,21913,8738,,,1,57,,21936,8738,,,1,15,,21942,8738,,,1,17,,21915,8738,,,1,56,,21920,8738,,,1,12,,21923,8738,,,1,15,,21917,8738,,,1,15,,21933,8738,,,1,55,,21909,8738,,,1,22,,21940,8738,,,1,16,,21924,8738,,,1,61,,21921,8738,,,1,25,,21931,8738,,,1,30,,21918,8738,,,1,70,,21934,8738,,,1,30,,21944,8738,,,1,70,,21922,8738,,,1,30,,21919,8738,,,1,100,,21925,8738,,,1,100,,21926,8738,,,1,100,,21927,8738,,,1,100,,21928,8738,,,1
901,'SE',613,,23464,3757,,,2,30,,23466,3757,,,2,71,,23465,3757,,,2,30,,23467,3757,,,2,70,,23468,3757,,,2
6001,'SE',544,,32276,2879,,,1,62,,32273,2879,,,1,21,,32267,2879,,,1,27,,32277,2879,,,1,68,,32269,2879,,,1,28,,32278,2879,,,1,66,,32286,2879,,,1,14,,32287,2879,,,1,74,,32279,2879,,,1,100,,32285,2879,,,1,100,,32274,2879,,,1,100,,32280,2879,,,1,101,,32275,2879,,,1,100,,32293,2879,,,1,101,,32288,2879,,,1,99,,32289,2879,,,1,30,,32284,2879,,,1,67,,32281,2879,,,1,24,,32282,2879,,,1,27,,32271,2879,,,1,69,,32290,2879,,,1,30,,32283,2879,,,1,88,,32291,2879,,,1,100,,32270,2879,,,1,101,,32292,2879,,,1,100,,32268,2879,,,1,95,,32272,2879,,,1
16001,'DI',602,,38498,9273,,,1,99,,38493,9273,,,1,100,,38499,9273,,,1,100,,38502,9273,,,1,100,,38505,9273,,,1,100,,38500,9273,,,1,100,,38506,9273,,,1,100,,38497,9273,,,1,100,,38507,9273,,,1,100,,38495,9273,,,1,100,,38492,9273,,,1,100,,38503,9273,,,1,100,,38501,9273,,,1,100,,38508,9273,,,1,100,,38504,9273,,,1,103,,38496,9273,,,1,97,,38494,9273,,,1
16001,'F8',603,,38572,9273,,,1,99,,38570,9273,,,1,99,,38568,9273,,,1,100,,38573,9273,,,1,99,,38567,9273,,,1,101,,38564,9273,,,1,100,,38571,9273,,,1,100,,38577,9273,,,1,100,,38565,9273,,,1,100,,38569,9273,,,1,100,,38578,9273,,,1,100,,38574,9273,,,1,100,,38566,9273,,,1,101,,38579,9273,,,1,99,,38575,9273,,,1,103,,38580,9273,,,1,97,,38576,9273,,,1
16001,'F9',602,,38587,9273,,,1,99,,38582,9273,,,1,100,,38588,9273,,,1,100,,38591,9273,,,1,100,,38594,9273,,,1,100,,38589,9273,,,1,100,,38595,9273,,,1,100,,38586,9273,,,1,100,,38596,9273,,,1,100,,38584,9273,,,1,100,,38581,9273,,,1,100,,38592,9273,,,1,100,,38590,9273,,,1,100,,38597,9273,,,1,100,,38593,9273,,,1,103,,38585,9273,,,1,97,,38583,9273,,,1
16001,'SA',603,,38606,9273,,,1,99,,38604,9273,,,1,99,,38602,9273,,,1,100,,16801,9273,,,1,99,,38601,9273,,,1,101,,38598,9273,,,1,100,,38605,9273,,,1,100,,38609,9273,,,1,100,,38599,9273,,,1,100,,38603,9273,,,1,100,,38610,9273,,,1,100,,16802,9273,,,1,100,,38600,9273,,,1,101,,38611,9273,,,1,99,,38607,9273,,,1,103,,38612,9273,,,1,97,,38608,9273,,,1
16001,'SE',614,,38616,9273,,,1,28,,38617,9273,,,1,67,,38621,9273,,,1,27,,38623,9273,,,1,64,,38633,9273,,,1,23,,38635,9273,,,1,28,,38620,9273,,,1,83,,38634,9273,,,1,98,,38631,9273,,,1,93,,38619,9273,,,1,100,,38622,9273,,,1,100,,38624,9273,,,1,100,,38618,9273,,,1,99,,38636,9273,,,1,93,,38614,9273,,,1,97,,38625,9273,,,1,30,,38613,9273,,,1,67,,38626,9273,,,1,25,,38637,9273,,,1,66,,38615,9273,,,1,99,,38627,9273,,,1,100,,38630,9273,,,1,102,,38628,9273,,,1,100,,38632,9273,,,1,50,,38629,9273,,,1
53801,'SE',914,,40681,4324,,,2
