6100,'DI',723,,58301,14109,,,2,89,,58305,14109,,,2,30,,58302,14109,,,2,70,,58308,14109,,,2,30,,58306,14109,,,2,70,,58303,14109,,,2,30,,58309,14109,,,2,70,,58311,14109,,,2,30,,58316,14109,,,2,70,,58321,14109,,,2,30,,58312,14109,,,2,70,,58317,14109,,,2,30,,58322,14109,,,2,70,,58313,14109,,,2,30,,58318,14109,,,2,70,,58324,14109,,,2,30,,58314,14109,,,2,74,,58319,14109,,,2,21,,58325,14109,,,2,75,,58328,14109,,,2,20,,58332,14109,,,2,80,,58326,14109,,,2,25,,58329,14109,,,2,70,,58333,14109,,,2,45,,58330,14109,,,2,100,,58334,14109,,,2,100,,58336,14109,,,2,100,,58338,14109,,,2,100,,58340,14109,,,2,100,,58341,14109,,,2
6100,'F1',723,,58342,14109,,,2,89,,58346,14109,,,2,30,,58343,14109,,,2,70,,58349,14109,,,2,30,,58347,14109,,,2,70,,58344,14109,,,2,30,,58350,14109,,,2,70,,58352,14109,,,2,30,,58357,14109,,,2,70,,58362,14109,,,2,30,,58353,14109,,,2,70,,58358,14109,,,2,30,,58363,14109,,,2,70,,58354,14109,,,2,30,,58359,14109,,,2,70,,58365,14109,,,2,30,,58355,14109,,,2,74,,58360,14109,,,2,21,,58366,14109,,,2,75,,58369,14109,,,2,20,,58373,14109,,,2,80,,58367,14109,,,2,25,,58370,14109,,,2,70,,58374,14109,,,2,45,,58371,14109,,,2,100,,58375,14109,,,2,100,,58377,14109,,,2,100,,58379,14109,,,2,100,,58381,14109,,,2,100,,58382,14109,,,2
6100,'F2',723,,58383,14109,,,2,89,,58387,14109,,,2,30,,58384,14109,,,2,70,,58390,14109,,,2,30,,58388,14109,,,2,70,,58385,14109,,,2,30,,58391,14109,,,2,70,,58393,14109,,,2,30,,58398,14109,,,2,70,,58401,14109,,,2,30,,58394,14109,,,2,70,,58399,14109,,,2,30,,58402,14109,,,2,70,,58395,14109,,,2,30,,58404,14109,,,2,70,,58409,14109,,,2,30,,58396,14109,,,2,74,,58405,14109,,,2,21,,58410,14109,,,2,75,,58413,14109,,,2,20,,58406,14109,,,2,80,,58411,14109,,,2,25,,58414,14109,,,2,70,,58407,14109,,,2,45,,58416,14109,,,2,100,,58419,14109,,,2,100,,58417,14109,,,2,100,,58421,14109,,,2,100,,58420,14109,,,2,100,,58422,14109,,,2
6100,'SA',723,,58423,14109,,,2,89,,58427,14109,,,2,30,,58424,14109,,,2,70,,58430,14109,,,2,30,,58428,14109,,,2,70,,58425,14109,,,2,30,,58431,14109,,,2,70,,58433,14109,,,2,30,,58438,14109,,,2,70,,58441,14109,,,2,30,,58434,14109,,,2,70,,58439,14109,,,2,30,,58442,14109,,,2,70,,58435,14109,,,2,30,,58444,14109,,,2,70,,58449,14109,,,2,30,,58436,14109,,,2,74,,58445,14109,,,2,21,,58450,14109,,,2,75,,58453,14109,,,2,20,,58446,14109,,,2,80,,58451,14109,,,2,25,,58454,14109,,,2,70,,58447,14109,,,2,45,,58456,14109,,,2,100,,58459,14109,,,2,100,,58457,14109,,,2,100,,58461,14109,,,2,100,,58460,14109,,,2,100,,58462,14109,,,2
6100,'SE',633,,58465,14109,,,2,68,,58463,14109,,,2,26,,58472,14109,,,2,9,,58477,14109,,,2,19,,58469,14109,,,2,65,,58466,14109,,,2,22,,58474,14109,,,2,15,,58479,14109,,,2,76,,58470,14109,,,2,70,,58467,14109,,,2,30,,58475,14109,,,2,72,,58519,14109,,,2,30,,58473,14109,,,2,70,,58480,14109,,,2,30,,58484,14109,,,2,70,,58481,14109,,,2,30,,58482,14109,,,2,73,,58486,14109,,,2,21,,58489,14109,,,2,27,,58494,14109,,,2,63,,58483,14109,,,2,20,,58485,14109,,,2,64,,58497,14109,,,2,4,,58500,14109,,,2,25,,58490,14109,,,2,7,,58492,14109,,,2,14,,58501,14109,,,2,53,,58502,14109,,,2,14,,58487,14109,,,2,15,,58506,14109,,,2,6,,58509,14109,,,2,17,,58498,14109,,,2,54,,58495,14109,,,2,24,,58511,14109,,,2,64,,58503,14109,,,2,28,,58514,14109,,,2,29,,58517,14109,,,2,70,,58507,14109,,,2,29,,58510,14109,,,2,70,,58518,14109,,,2,30,,58504,14109,,,2,68,,58515,14109,,,2,30,,58512,14109,,,2,69,,58508,14109,,,2,30,,58516,14109,,,2,70,,58513,14109,,,2
8001,'DI',654,,60263,4346,,,1,100,,60264,4346,,,1,100,,60265,4346,,,1,100,,60266,4346,,,1,100,,60267,4346,,,1,100,,60268,4346,,,1,100,,60269,4346,,,1,100,,60270,4346,,,1,100,,60271,4346,,,1,100,,60272,4346,,,1,100,,60273,4346,,,1,102,,60274,4346,,,1,98,,60275,4346,,,1,100,,60276,4346,,,1,100,,60277,4346,,,1,100,,60278,4346,,,1,100,,60279,4346,,,1,100,,60280,4346,,,1
8001,'F1',654,,60282,4346,,,1,100,,60283,4346,,,1,100,,60284,4346,,,1,100,,60285,4346,,,1,100,,60286,4346,,,1,100,,60287,4346,,,1,100,,60288,4346,,,1,100,,60289,4346,,,1,100,,60290,4346,,,1,100,,60291,4346,,,1,100,,60292,4346,,,1,102,,60293,4346,,,1,98,,60294,4346,,,1,100,,60295,4346,,,1,100,,60296,4346,,,1,100,,60297,4346,,,1,100,,60298,4346,,,1,100,,60299,4346,,,1
8001,'F2',654,,60301,4346,,,1,100,,60302,4346,,,1,100,,60303,4346,,,1,100,,60304,4346,,,1,100,,60305,4346,,,1,102,,60306,4346,,,1,100,,60307,4346,,,1,100,,60308,4346,,,1,100,,60309,4346,,,1,100,,60310,4346,,,1,100,,60311,4346,,,1,100,,60312,4346,,,1,97,,60313,4346,,,1,100,,60314,4346,,,1,100,,60315,4346,,,1,100,,60316,4346,,,1,100,,60317,4346,,,1,100,,60318,4346,,,1
8001,'SA',654,,60320,4346,,,1,100,,60321,4346,,,1,100,,60322,4346,,,1,100,,60323,4346,,,1,100,,60324,4346,,,1,102,,60325,4346,,,1,100,,60326,4346,,,1,100,,60327,4346,,,1,100,,60328,4346,,,1,100,,60329,4346,,,1,100,,60330,4346,,,1,100,,60331,4346,,,1,97,,60332,4346,,,1,100,,60333,4346,,,1,100,,60334,4346,,,1,100,,60335,4346,,,1,100,,60336,4346,,,1,100,,60337,4346,,,1
8001,'SE',551,,60363,4346,,,1,70,,60339,4346,,,1,36,,60359,4346,,,1,71,,60342,4346,,,1,30,,60351,4346,,,1,70,,60344,4346,,,1,31,,60341,4346,,,1,97,,60352,4346,,,1,100,,60353,4346,,,1,100,,60354,4346,,,1,100,,60355,4346,,,1,100,,60356,4346,,,1,100,,60357,4346,,,1,102,,60358,4346,,,1,65,,60360,4346,,,1,35,,60340,4346,,,1,70,,60361,4346,,,1,24,,60347,4346,,,1,88,,60362,4346,,,1,92,,60345,4346,,,1,100,,60346,4346,,,1,99,,60348,4346,,,1,100,,60350,4346,,,1,100,,60349,4346,,,1
8301,'DI',727,,60720,8056,,,1,100,,60721,8056,,,1,108,,60722,8056,,,1,100,,60723,8056,,,1,100,,60724,8056,,,1,100,,60725,8056,,,1,100,,60726,8056,,,1,100,,60727,8056,,,1,100,,60728,8056,,,1,100,,60729,8056,,,1,100,,60730,8056,,,1,100,,60731,8056,,,1,100,,60732,8056,,,1,100,,60733,8056,,,1,100,,60734,8056,,,1,100,,60735,8056,,,1,100,,60736,8056,,,1,100,,60737,8056,,,1
8301,'F1',727,,60738,8056,,,1,100,,60739,8056,,,1,108,,60740,8056,,,1,100,,60741,8056,,,1,100,,60742,8056,,,1,100,,60743,8056,,,1,100,,60744,8056,,,1,100,,60745,8056,,,1,100,,60746,8056,,,1,100,,60747,8056,,,1,100,,60748,8056,,,1,100,,60749,8056,,,1,100,,60750,8056,,,1,100,,60751,8056,,,1,100,,60752,8056,,,1,100,,60753,8056,,,1,100,,60754,8056,,,1,100,,60755,8056,,,1
8301,'F2',627,,60756,8056,,,1,100,,60757,8056,,,1,100,,60758,8056,,,1,108,,60759,8056,,,1,100,,60760,8056,,,1,100,,60761,8056,,,1,100,,60762,8056,,,1,100,,60763,8056,,,1,100,,60764,8056,,,1,100,,60765,8056,,,1,100,,60766,8056,,,1,100,,60767,8056,,,1,100,,60768,8056,,,1,100,,60769,8056,,,1,100,,60770,8056,,,1,100,,60771,8056,,,1,100,,60772,8056,,,1,100,,60773,8056,,,1,100,,60774,8056,,,1,100,,60775,8056,,,1
8301,'SA',627,,60776,8056,,,1,100,,60777,8056,,,1,100,,60778,8056,,,1,108,,60779,8056,,,1,100,,60780,8056,,,1,100,,60781,8056,,,1,100,,60782,8056,,,1,100,,60783,8056,,,1,100,,60784,8056,,,1,100,,60785,8056,,,1,100,,60786,8056,,,1,100,,60787,8056,,,1,100,,60788,8056,,,1,100,,60789,8056,,,1,100,,60790,8056,,,1,100,,60791,8056,,,1,100,,60792,8056,,,1,100,,60793,8056,,,1,100,,60794,8056,,,1,100,,60795,8056,,,1
8301,'SE',551,,60828,8056,,,1,70,,60803,8056,,,1,20,,60830,8056,,,1,16,,60829,8056,,,1,65,,60813,8056,,,1,20,,60799,8056,,,1,62,,60808,8056,,,1,18,,60814,8056,,,1,20,,60804,8056,,,1,63,,60825,8056,,,1,31,,60815,8056,,,1,20,,60826,8056,,,1,80,,60824,8056,,,1,100,,60806,8056,,,1,100,,60807,8056,,,1,100,,60800,8056,,,1,100,,60801,8056,,,1,101,,60802,8056,,,1,15,,60796,8056,,,1,65,,60811,8056,,,1,21,,60805,8056,,,1,62,,60798,8056,,,1,20,,60809,8056,,,1,18,,60810,8056,,,1,20,,60827,8056,,,1,58,,60812,8056,,,1,20,,60816,8056,,,1,20,,60797,8056,,,1,80,,60817,8056,,,1,100,,60818,8056,,,1,100,,60819,8056,,,1,100,,60820,8056,,,1,100,,60821,8056,,,1,100,,60822,8056,,,1,100,,60823,8056,,,1
16100,'DI',633,,38650,17255,,,2,1172,,62339,17255,,,2
16100,'F1',633,,50332,17255,,,2,1172,,62350,17255,,,2
16100,'F2',633,,62363,17255,,,2,1102,,62362,17255,,,2
16100,'SA',633,,62376,17255,,,2,1102,,62375,17255,,,2
16100,'SE',712,,62391,17144,,,2,25,,62390,17144,,,2,65,,62389,17144,,,2,421,,62392,17255,,,2,391,,62393,17255,,,2,41,,62394,17255,,,2,80,,62396,17255,,,2,100,,62395,17255,,,2
18001,'SE',639,,62510,5166,,,2,64,,62509,5166,,,2,13,,62512,5166,,,2,18,,62507,5166,,,2,12,,62513,5166,,,2,58,,62511,5166,,,2,18,,62508,5166,,,2,815,,62506,5166,,,2,71,,62516,5166,,,2,30,,62515,5166,,,2,64,,62514,5166,,,2
28401,'SE',859,,62537,2683,0,52,2,100,,62538,2683,0,52,2,100,,62539,2683,0,52,2,100,,62540,2683,0,52,2,100,,62541,2683,0,52,2,100,,62542,2683,0,52,2,100,,62543,2683,0,52,2
68301,'SE',720,,63560,5975,,,2
