2300,'F2',646,,45829,2632,,,1,100,,45830,2632,,,1,100,,45821,2632,,,1,101,,45822,2632,,,1,99,,45825,2632,,,1,103,,45826,2632,,,1,97,,45831,2632,,,1,100,,45832,2632,,,1,100,,45828,2632,,,1,100,,45827,2632,,,1,100,,45823,2632,,,1,102,,45824,2632,,,1
2300,'F8',646,,27462,2632,,,1,100,,27463,2632,,,1,100,,27454,2632,,,1,101,,27455,2632,,,1,99,,27458,2632,,,1,103,,27459,2632,,,1,97,,27464,2632,,,1,100,,27465,2632,,,1,100,,27461,2632,,,1,100,,27460,2632,,,1,100,,27456,2632,,,1,102,,27457,2632,,,1
2300,'SA',646,,27474,2632,,,1,100,,27475,2632,,,1,100,,27466,2632,,,1,101,,27467,2632,,,1,99,,27470,2632,,,1,103,,27471,2632,,,1,97,,27476,2632,,,1,100,,27477,2632,,,1,100,,27473,2632,,,1,100,,27472,2632,,,1,100,,27468,2632,,,1,102,,27469,2632,,,1
2300,'SE',947,,45837,2632,,,1,100,,45833,2632,,,1,100,,45836,2632,,,1,100,,45834,2632,,,1,100,,45835,2632,,,1
12300,'DI',617,,37610,2632,0,42 43,1,100,,37620,2632,0,42 43,1,100,,37611,2632,0,42 43,1,100,,37621,2632,0,42 43,1,100,,37612,2632,0,42 43,1,100,,37622,2632,0,42 43,1,105,,37613,2632,0,42 43,1,95,,37623,2632,0,42 43,1,100,,37614,2632,0,42 43,1,100,,37624,2632,0,42 43,1,100,,37615,2632,0,42 43,1,100,,37625,2632,0,42 43,1,100,,37616,2632,0,42 43,1,100,,37626,2632,0,42 43,1,100,,37617,2632,0,42 43,1,100,,37627,2632,0,42 43,1,100,,37618,2632,0,42 43,1,100,,37628,2632,0,42 43,1,100,,37619,2632,0,42 43,1
12300,'F1',617,,49910,2632,0,42 43,1,100,,49920,2632,0,42 43,1,100,,49911,2632,0,42 43,1,100,,49921,2632,0,42 43,1,100,,49912,2632,0,42 43,1,100,,49922,2632,0,42 43,1,105,,49913,2632,0,42 43,1,95,,49923,2632,0,42 43,1,100,,49914,2632,0,42 43,1,100,,49924,2632,0,42 43,1,100,,49915,2632,0,42 43,1,100,,49925,2632,0,42 43,1,100,,49916,2632,0,42 43,1,100,,49926,2632,0,42 43,1,100,,49917,2632,0,42 43,1,100,,49927,2632,0,42 43,1,100,,49918,2632,0,42 43,1,100,,49928,2632,0,42 43,1,100,,49919,2632,0,42 43,1
12300,'F2',616,,49930,2632,0,42 43,1,100,,49929,2632,0,42 43,1,100,,49931,2632,0,42 43,1,105,,49940,2632,0,42 43,1,99,,49932,2632,0,42 43,1,100,,49941,2632,0,42 43,1,100,,49933,2632,0,42 43,1,96,,49942,2632,0,42 43,1,100,,49934,2632,0,42 43,1,100,,49943,2632,0,42 43,1,104,,49935,2632,0,42 43,1,101,,49944,2632,0,42 43,1,99,,49936,2632,0,42 43,1,96,,49945,2632,0,42 43,1,100,,49937,2632,0,42 43,1,100,,49946,2632,0,42 43,1,100,,49938,2632,0,42 43,1,100,,49947,2632,0,42 43,1,100,,49939,2632,0,42 43,1
12300,'F8',616,,37705,2632,0,42 43,1,100,,37704,2632,0,42 43,1,100,,37706,2632,0,42 43,1,105,,37715,2632,0,42 43,1,99,,37707,2632,0,42 43,1,100,,37716,2632,0,42 43,1,100,,37708,2632,0,42 43,1,96,,37717,2632,0,42 43,1,100,,37709,2632,0,42 43,1,100,,37718,2632,0,42 43,1,104,,37710,2632,0,42 43,1,101,,37719,2632,0,42 43,1,99,,37711,2632,0,42 43,1,96,,37720,2632,0,42 43,1,100,,37712,2632,0,42 43,1,100,,37721,2632,0,42 43,1,100,,37713,2632,0,42 43,1,100,,37722,2632,0,42 43,1,100,,37714,2632,0,42 43,1
12300,'F9',617,,37723,2632,0,42 43,1,100,,37733,2632,0,42 43,1,100,,37724,2632,0,42 43,1,100,,37734,2632,0,42 43,1,100,,37725,2632,0,42 43,1,100,,37735,2632,0,42 43,1,105,,37726,2632,0,42 43,1,95,,37736,2632,0,42 43,1,100,,37727,2632,0,42 43,1,100,,37737,2632,0,42 43,1,100,,37728,2632,0,42 43,1,100,,37738,2632,0,42 43,1,100,,37729,2632,0,42 43,1,100,,37739,2632,0,42 43,1,100,,37730,2632,0,42 43,1,100,,37740,2632,0,42 43,1,100,,37731,2632,0,42 43,1,100,,37741,2632,0,42 43,1,100,,37732,2632,0,42 43,1
12300,'SA',616,,37743,2632,0,42 43,1,100,,37742,2632,0,42 43,1,100,,37744,2632,0,42 43,1,105,,37753,2632,0,42 43,1,99,,37745,2632,0,42 43,1,100,,37754,2632,0,42 43,1,100,,37746,2632,0,42 43,1,96,,37755,2632,0,42 43,1,100,,37747,2632,0,42 43,1,100,,37756,2632,0,42 43,1,104,,37748,2632,0,42 43,1,101,,37757,2632,0,42 43,1,99,,37749,2632,0,42 43,1,96,,37758,2632,0,42 43,1,100,,37750,2632,0,42 43,1,100,,37759,2632,0,42 43,1,100,,37751,2632,0,42 43,1,100,,37760,2632,0,42 43,1,100,,37752,2632,0,42 43,1
12300,'SE',509,,49961,2632,0,42 43,1,33,,49949,2632,0,42 43,1,15,,49984,2632,0,42 43,1,50,,49964,2632,0,42 43,1,10,,49954,2632,0,42 43,1,10,,49952,2632,0,42 43,1,10,,49967,2632,0,42 43,1,8,,49956,2632,0,42 43,1,12,,49968,2632,0,42 43,1,50,,49953,2632,0,42 43,1,21,,49970,2632,0,42 43,1,17,,49974,2632,0,42 43,1,69,,49965,2632,0,42 43,1,29,,49971,2632,0,42 43,1,69,,49951,2632,0,42 43,1,102,,49972,2632,0,42 43,1,100,,49957,2632,0,42 43,1,99,,49966,2632,0,42 43,1,101,,49958,2632,0,42 43,1,5,,49955,2632,0,42 43,1,93,,49969,2632,0,42 43,1,30,,49959,2632,0,42 43,1,71,,49976,2632,0,42 43,1,26,,49980,2632,0,42 43,1,71,,49975,2632,0,42 43,1,31,,49950,2632,0,42 43,1,71,,49960,2632,0,42 43,1,30,,49977,2632,0,42 43,1,76,,49973,2632,0,42 43,1,28,,49962,2632,0,42 43,1,70,,49981,2632,0,42 43,1,30,,49963,2632,0,42 43,1,70,,49948,2632,0,42 43,1,100,,49982,2632,0,42 43,1,100,,49978,2632,0,42 43,1,100,,49983,2632,0,42 43,1,100,,49979,2632,0,42 43,1
17000,'SE',547,,50412,5260,0,46,2,70,,50416,5260,0,46,2,31,,50413,5260,0,46,2,70,,50417,5260,0,46,2,30,,50414,5260,0,46,2,73,,50418,5260,0,46,2,28,,50415,5260,0,46,2,690,,50419,5260,0,46,2,70,,50423,5260,0,46,2,30,,50420,5260,0,46,2,70,,50424,5260,0,46,2,30,,50421,5260,0,46,2,70,,50425,5260,0,46,2,30,,50422,5260,0,46,2
