2301,'F8',615,,27519,5151,,,1,103,,27520,5151,,,1,101,,27521,5151,,,1,100,,27512,5151,,,1,103,,27513,5151,,,1,99,,27515,5151,,,1,103,,27516,5151,,,1,97,,27522,5151,,,1,99,,27523,5151,,,1,100,,27518,5151,,,1,100,,27517,5151,,,1,100,,27514,5151,,,1
2301,'SA',615,,27531,5151,,,1,103,,27532,5151,,,1,101,,27533,5151,,,1,100,,27524,5151,,,1,103,,27525,5151,,,1,99,,27527,5151,,,1,103,,27528,5151,,,1,97,,27534,5151,,,1,99,,27535,5151,,,1,100,,27530,5151,,,1,100,,27529,5151,,,1,100,,27526,5151,,,1
2301,'SE',1023,,27538,5151,,,1,100,,27536,5151,,,1,100,,27539,5151,,,1,101,,27540,5151,,,1,101,,27537,5151,,,1
12301,'DI',549,,37798,19448,,,1,100,,37808,19448,,,1,100,,37799,19448,,,1,100,,37809,19448,,,1,101,,37800,19448,,,1,100,,37810,19448,,,1,100,,37801,19448,,,1,100,,37811,19448,,,1,100,,37802,19448,,,1,100,,37812,19448,,,1,100,,37803,19448,,,1,100,,37813,19448,,,1,100,,37804,19448,,,1,100,,37814,19448,,,1,100,,37805,19448,,,1,99,,37815,19448,,,1,100,,37806,19448,,,1,100,,37816,19448,,,1,100,,37807,19448,,,1,100,,37817,19448,,,1
12301,'F8',548,,37897,19448,,,1,100,,37895,19448,,,1,100,,37898,19448,,,1,100,,37896,19448,,,1,100,,37899,19448,,,1,100,,37907,19448,,,1,100,,37900,19448,,,1,100,,37908,19448,,,1,100,,37901,19448,,,1,100,,37909,19448,,,1,100,,37902,19448,,,1,100,,37910,19448,,,1,100,,37903,19448,,,1,100,,37911,19448,,,1,100,,37904,19448,,,1,100,,37912,19448,,,1,100,,37905,19448,,,1,100,,37913,19448,,,1,100,,37906,19448,,,1,100,,37914,19448,,,1
12301,'F9',549,,37915,19448,,,1,100,,37925,19448,,,1,100,,37916,19448,,,1,100,,37926,19448,,,1,101,,37917,19448,,,1,100,,37927,19448,,,1,100,,37918,19448,,,1,100,,37928,19448,,,1,100,,37919,19448,,,1,100,,37929,19448,,,1,100,,37920,19448,,,1,100,,37930,19448,,,1,100,,37921,19448,,,1,100,,37931,19448,,,1,100,,37922,19448,,,1,99,,37932,19448,,,1,100,,37923,19448,,,1,100,,37933,19448,,,1,100,,37924,19448,,,1,100,,37934,19448,,,1
12301,'SA',548,,37937,19448,,,1,100,,37935,19448,,,1,100,,37938,19448,,,1,100,,37936,19448,,,1,100,,37939,19448,,,1,100,,37947,19448,,,1,100,,37940,19448,,,1,100,,37948,19448,,,1,100,,37941,19448,,,1,100,,37949,19448,,,1,100,,37942,19448,,,1,100,,37950,19448,,,1,100,,37943,19448,,,1,100,,37951,19448,,,1,100,,37944,19448,,,1,100,,37952,19448,,,1,100,,37945,19448,,,1,100,,37953,19448,,,1,100,,37946,19448,,,1,100,,37954,19448,,,1
12301,'SE',535,,37966,19448,,,1,70,,37976,19448,,,1,20,,37959,19448,,,1,25,,37958,19448,,,1,55,,37960,19448,,,1,27,,37961,19448,,,1,70,,37955,19448,,,1,28,,37956,19448,,,1,70,,37957,19448,,,1,28,,37977,19448,,,1,30,,37980,19448,,,1,96,,37967,19448,,,1,101,,37963,19448,,,1,100,,37973,19448,,,1,100,,37978,19448,,,1,100,,37983,19448,,,1,51,,37971,19448,,,1,27,,37984,19448,,,1,20,,37986,19448,,,1,55,,37972,19448,,,1,19,,37970,19448,,,1,6,,37981,19448,,,1,16,,37987,19448,,,1,10,,37989,19448,,,1,46,,37975,19448,,,1,24,,37974,19448,,,1,26,,37985,19448,,,1,67,,37990,19448,,,1,31,,37965,19448,,,1,66,,37962,19448,,,1,34,,37964,19448,,,1,68,,37982,19448,,,1,30,,37979,19448,,,1,98,,37988,19448,,,1,98,,37968,19448,,,1,100,,37991,19448,,,1,157,,37969,19448,,,1
17001,'SE',515,,38933,2147,0,48 49,2,30,,38934,2147,0,48 49,2,62,,38917,2147,0,48 49,2,30,,38921,2147,0,48 49,2,70,,38918,2147,0,48 49,2,30,,38922,2147,0,48 49,2,70,,38919,2147,0,48 49,2,35,,38923,2147,0,48 49,2,70,,38920,2147,0,48 49,2,616,,38929,2147,0,48 49,2,30,,38924,2147,0,48 49,2,70,,38930,2147,0,48 49,2,30,,38925,2147,0,48 49,2,70,,38931,2147,0,48 49,2,30,,38926,2147,0,48 49,2,70,,38932,2147,0,48 49,2,30,,38927,2147,0,48 49,2
57501,'SE',849,,40736,8525,,,2
