1301,'DI',626,,54120,2526,,,1,100,,54114,2526,,,1,100,,54121,2526,,,1,100,,54117,2526,,,1,100,,54131,2526,,,1,100,,54122,2526,,,1,100,,54118,2526,,,1,100,,54125,2526,,,1,100,,54132,2526,,,1,100,,54123,2526,,,1,100,,54115,2526,,,1,100,,54130,2526,,,1,100,,54127,2526,,,1,100,,54116,2526,,,1,100,,54119,2526,,,1,100,,54128,2526,,,1,100,,54126,2526,,,1,100,,54124,2526,,,1,100,,54133,2526,,,1,100,,54129,2526,,,1
1301,'F1',626,,54140,2526,,,1,100,,54134,2526,,,1,100,,54141,2526,,,1,100,,54137,2526,,,1,100,,54151,2526,,,1,100,,54142,2526,,,1,100,,54138,2526,,,1,100,,54145,2526,,,1,100,,54152,2526,,,1,100,,54143,2526,,,1,100,,54135,2526,,,1,100,,54150,2526,,,1,100,,54147,2526,,,1,100,,54136,2526,,,1,100,,54139,2526,,,1,100,,54148,2526,,,1,100,,54146,2526,,,1,100,,54144,2526,,,1,100,,54153,2526,,,1,100,,54149,2526,,,1
1301,'F2',626,,54154,2526,,,1,100,,54164,2526,,,1,100,,54155,2526,,,1,100,,54165,2526,,,1,100,,54166,2526,,,1,100,,54172,2526,,,1,100,,54167,2526,,,1,100,,54158,2526,,,1,100,,54160,2526,,,1,100,,54173,2526,,,1,100,,54157,2526,,,1,100,,54168,2526,,,1,100,,54161,2526,,,1,100,,54156,2526,,,1,100,,54159,2526,,,1,100,,54169,2526,,,1,100,,54162,2526,,,1,100,,54170,2526,,,1,100,,54163,2526,,,1,100,,54171,2526,,,1
1301,'SA',626,,54174,2526,,,1,100,,54184,2526,,,1,100,,54175,2526,,,1,100,,54185,2526,,,1,100,,54186,2526,,,1,100,,54192,2526,,,1,100,,54187,2526,,,1,100,,54178,2526,,,1,100,,54180,2526,,,1,100,,54193,2526,,,1,100,,54177,2526,,,1,100,,54188,2526,,,1,100,,54181,2526,,,1,100,,54176,2526,,,1,100,,54179,2526,,,1,100,,54189,2526,,,1,100,,54182,2526,,,1,100,,54190,2526,,,1,100,,54183,2526,,,1,100,,54191,2526,,,1
1301,'SE',532,,54207,2526,,,1,72,,54199,2526,,,1,30,,54200,2526,,,1,16,,54204,2526,,,1,54,,44597,2526,,,1,13,,54212,2526,,,1,14,,54196,2526,,,1,19,,54210,2526,,,1,55,,54217,2526,,,1,13,,44598,2526,,,1,15,,54226,2526,,,1,15,,54213,2526,,,1,60,,54221,2526,,,1,30,,54233,2526,,,1,70,,54194,2526,,,1,30,,54231,2526,,,1,70,,54215,2526,,,1,30,,54216,2526,,,1,70,,54222,2526,,,1,30,,54208,2526,,,1,70,,54234,2526,,,1,30,,54195,2526,,,1,70,,54232,2526,,,1,30,,54223,2526,,,1,69,,54218,2526,,,1,34,,54203,2526,,,1,69,,54209,2526,,,1,27,,54197,2526,,,1,15,,54229,2526,,,1,60,,54211,2526,,,1,22,,54227,2526,,,1,18,,54201,2526,,,1,61,,54205,2526,,,1,29,,54228,2526,,,1,69,,54219,2526,,,1,30,,54230,2526,,,1,70,,54198,2526,,,1,30,,54224,2526,,,1,70,,54225,2526,,,1,30,,54214,2526,,,1,100,,54220,2526,,,1,100,,54202,2526,,,1,100,,54206,2526,,,1,99,,44602,2526,,,1
52601,'SE',902,,63433,2013,,,2,1,,63432,2013,,,2
61301,'SE',849,,63496,1514,,,2
61801,'SE',840,,63500,2439,,,2
69200,'SE',1627,,63577,7090,,,2
69500,'SE',1621,,63587,4332,,,2,1,,63588,4332,,,2
