4200,'DI',622,,29423,5012,,,1,100,,29424,5012,,,1,100,,29425,5012,,,1,100,,29426,5012,,,1,100,,29427,5012,,,1,100,,29428,5012,,,1,100,,29429,5012,,,1,100,,29430,5012,,,1,100,,29431,5012,,,1,100,,29432,5012,,,1,100,,29433,5012,,,1,100,,29434,5012,,,1,100,,29435,5012,,,1,100,,29436,5012,,,1,100,,29437,5012,,,1,100,,29438,5012,,,1,100,,29439,5012,,,1,100,,29440,5012,,,1,100,,29441,5012,,,1,100,,29442,5012,,,1
4200,'F1',622,,46641,5012,,,1,100,,46642,5012,,,1,100,,46643,5012,,,1,100,,46644,5012,,,1,100,,46645,5012,,,1,100,,46646,5012,,,1,100,,46647,5012,,,1,100,,46648,5012,,,1,100,,46649,5012,,,1,100,,46650,5012,,,1,100,,46651,5012,,,1,100,,46652,5012,,,1,100,,46653,5012,,,1,100,,46654,5012,,,1,100,,46655,5012,,,1,100,,46656,5012,,,1,100,,46657,5012,,,1,100,,46658,5012,,,1,100,,46659,5012,,,1,100,,46660,5012,,,1
4200,'F2',622,,46678,5012,,,1,100,,46679,5012,,,1,100,,46680,5012,,,1,100,,46661,5012,,,1,100,,46662,5012,,,1,100,,46663,5012,,,1,100,,46664,5012,,,1,100,,46665,5012,,,1,100,,46666,5012,,,1,100,,46667,5012,,,1,100,,46668,5012,,,1,100,,46669,5012,,,1,100,,46670,5012,,,1,100,,46671,5012,,,1,100,,46672,5012,,,1,100,,46673,5012,,,1,100,,46674,5012,,,1,100,,46675,5012,,,1,100,,46676,5012,,,1,100,,46677,5012,,,1
4200,'F8',622,,29543,5012,,,1,100,,29544,5012,,,1,100,,29545,5012,,,1,100,,29526,5012,,,1,100,,29527,5012,,,1,100,,29528,5012,,,1,100,,29529,5012,,,1,100,,29530,5012,,,1,100,,29531,5012,,,1,100,,29532,5012,,,1,100,,29533,5012,,,1,100,,29534,5012,,,1,100,,29535,5012,,,1,100,,29536,5012,,,1,100,,29537,5012,,,1,100,,29538,5012,,,1,100,,29539,5012,,,1,100,,29540,5012,,,1,100,,29541,5012,,,1,100,,29542,5012,,,1
4200,'F9',622,,29546,5012,,,1,100,,29547,5012,,,1,100,,29548,5012,,,1,100,,29549,5012,,,1,100,,29550,5012,,,1,100,,29551,5012,,,1,100,,29552,5012,,,1,100,,29553,5012,,,1,100,,29554,5012,,,1,100,,29555,5012,,,1,100,,29556,5012,,,1,100,,29557,5012,,,1,100,,29558,5012,,,1,100,,29559,5012,,,1,100,,29560,5012,,,1,100,,29561,5012,,,1,100,,29562,5012,,,1,100,,29563,5012,,,1,100,,29564,5012,,,1,100,,29565,5012,,,1
4200,'SA',622,,29583,5012,,,1,100,,29584,5012,,,1,100,,29585,5012,,,1,100,,29566,5012,,,1,100,,29567,5012,,,1,100,,29568,5012,,,1,100,,29569,5012,,,1,100,,29570,5012,,,1,100,,29571,5012,,,1,100,,29572,5012,,,1,100,,29573,5012,,,1,100,,29574,5012,,,1,100,,29575,5012,,,1,100,,29576,5012,,,1,100,,29577,5012,,,1,100,,29578,5012,,,1,100,,29579,5012,,,1,100,,29580,5012,,,1,100,,29581,5012,,,1,100,,29582,5012,,,1
4200,'SE',604,,46723,5012,,,1,36,,46683,5012,,,1,69,,46716,5012,,,1,12,,46690,5012,,,1,6,,46722,5012,,,1,6,,46694,5012,,,1,6,,46691,5012,,,1,62,,46697,5012,,,1,21,,46695,5012,,,1,34,,46689,5012,,,1,70,,46696,5012,,,1,30,,46692,5012,,,1,70,,46698,5012,,,1,30,,46713,5012,,,1,70,,46682,5012,,,1,30,,46712,5012,,,1,70,,46684,5012,,,1,30,,46715,5012,,,1,70,,46699,5012,,,1,30,,46693,5012,,,1,70,,46688,5012,,,1,30,,46701,5012,,,1,72,,46705,5012,,,1,30,,46700,5012,,,1,68,,46717,5012,,,1,24,,46711,5012,,,1,55,,46685,5012,,,1,13,,46686,5012,,,1,14,,46718,5012,,,1,14,,46714,5012,,,1,55,,46681,5012,,,1,27,,46706,5012,,,1,30,,46719,5012,,,1,72,,46707,5012,,,1,74,,46720,5012,,,1,30,,46708,5012,,,1,69,,46721,5012,,,1,30,,46709,5012,,,1,70,,46687,5012,,,1,30,,46710,5012,,,1,91,,46702,5012,,,1,100,,46703,5012,,,1,100,,46704,5012,,,1
6000,'SE',632,,47742,5012,,,1,85,,47745,5012,,,1,37,,47731,5012,,,1,86,,47748,5012,,,1,101,,47743,5012,,,1,100,,47736,5012,,,1,100,,47749,5012,,,1,100,,47740,5012,,,1,100,,47738,5012,,,1,100,,47753,5012,,,1,97,,47746,5012,,,1,70,,47737,5012,,,1,25,,47750,5012,,,1,24,,47732,5012,,,1,68,,47744,5012,,,1,28,,47747,5012,,,1,65,,47733,5012,,,1,30,,47741,5012,,,1,67,,47751,5012,,,1,99,,47730,5012,,,1,99,,47734,5012,,,1,100,,47739,5012,,,1,90,,47735,5012,,,1,100,,47752,5012,,,1
16000,'DI',703,,38365,5012,0,19 20,1,100,,38368,5012,0,19 20,1,100,,38371,5012,0,19 20,1,100,,38366,5012,0,19 20,1,100,,38372,5012,0,19 20,1,100,,38364,5012,0,19 20,1,100,,38373,5012,0,19 20,1,100,,38362,5012,0,19 20,1,100,,38360,5012,0,19 20,1,100,,38369,5012,0,19 20,1,100,,38367,5012,0,19 20,1,100,,38374,5012,0,19 20,1,100,,38370,5012,0,19 20,1,102,,38363,5012,0,19 20,1,98,,38361,5012,0,19 20,1
16000,'F1',703,,50212,5012,0,19 20,1,100,,50215,5012,0,19 20,1,100,,50218,5012,0,19 20,1,100,,50213,5012,0,19 20,1,100,,50219,5012,0,19 20,1,100,,50211,5012,0,19 20,1,100,,50220,5012,0,19 20,1,100,,50209,5012,0,19 20,1,100,,50207,5012,0,19 20,1,100,,50216,5012,0,19 20,1,100,,50214,5012,0,19 20,1,100,,50221,5012,0,19 20,1,100,,50217,5012,0,19 20,1,102,,50210,5012,0,19 20,1,98,,50208,5012,0,19 20,1
16000,'F2',703,,50226,5012,0,19 20,1,99,,50229,5012,0,19 20,1,101,,50225,5012,0,19 20,1,100,,50222,5012,0,19 20,1,100,,50228,5012,0,19 20,1,99,,50233,5012,0,19 20,1,101,,50223,5012,0,19 20,1,100,,50227,5012,0,19 20,1,100,,50234,5012,0,19 20,1,100,,50230,5012,0,19 20,1,100,,50224,5012,0,19 20,1,100,,50235,5012,0,19 20,1,100,,50231,5012,0,19 20,1,101,,50236,5012,0,19 20,1,99,,50232,5012,0,19 20,1
16000,'F8',703,,38429,5012,0,19 20,1,99,,38432,5012,0,19 20,1,101,,38428,5012,0,19 20,1,100,,38425,5012,0,19 20,1,100,,38431,5012,0,19 20,1,99,,38436,5012,0,19 20,1,101,,38426,5012,0,19 20,1,100,,38430,5012,0,19 20,1,100,,38437,5012,0,19 20,1,100,,38433,5012,0,19 20,1,100,,38427,5012,0,19 20,1,100,,38438,5012,0,19 20,1,100,,38434,5012,0,19 20,1,101,,38439,5012,0,19 20,1,99,,38435,5012,0,19 20,1
16000,'F9',703,,38445,5012,0,19 20,1,100,,38448,5012,0,19 20,1,100,,38451,5012,0,19 20,1,100,,38446,5012,0,19 20,1,100,,38452,5012,0,19 20,1,100,,38444,5012,0,19 20,1,100,,38453,5012,0,19 20,1,100,,38442,5012,0,19 20,1,100,,38440,5012,0,19 20,1,100,,38449,5012,0,19 20,1,100,,38447,5012,0,19 20,1,100,,38454,5012,0,19 20,1,100,,38450,5012,0,19 20,1,102,,38443,5012,0,19 20,1,98,,38441,5012,0,19 20,1
16000,'SA',703,,38459,5012,0,19 20,1,99,,16667,5012,0,19 20,1,101,,38458,5012,0,19 20,1,100,,38455,5012,0,19 20,1,100,,38461,5012,0,19 20,1,99,,38464,5012,0,19 20,1,101,,38456,5012,0,19 20,1,100,,38460,5012,0,19 20,1,100,,38465,5012,0,19 20,1,100,,16668,5012,0,19 20,1,100,,38457,5012,0,19 20,1,100,,38466,5012,0,19 20,1,100,,38462,5012,0,19 20,1,101,,38467,5012,0,19 20,1,99,,38463,5012,0,19 20,1
16000,'SE',617,,50239,5012,0,19 20,1,95,,50249,5012,0,19 20,1,38,,50247,5012,0,19 20,1,95,,50250,5012,0,19 20,1,89,,50248,5012,0,19 20,1,86,,50240,5012,0,19 20,1,100,,50241,5012,0,19 20,1,100,,50242,5012,0,19 20,1,100,,50251,5012,0,19 20,1,100,,50246,5012,0,19 20,1,99,,50253,5012,0,19 20,1,30,,50259,5012,0,19 20,1,68,,50237,5012,0,19 20,1,24,,50252,5012,0,19 20,1,70,,50254,5012,0,19 20,1,28,,50255,5012,0,19 20,1,69,,50245,5012,0,19 20,1,30,,50260,5012,0,19 20,1,70,,50243,5012,0,19 20,1,47,,50238,5012,0,19 20,1,100,,50244,5012,0,19 20,1,99,,50257,5012,0,19 20,1,92,,50256,5012,0,19 20,1,100,,50258,5012,0,19 20,1
