2900,'DI',657,,27945,10173,4,,1,100,,27946,10173,4,,1,100,,27947,10173,4,,1,100,,27948,10173,4,,1,100,,27949,10173,4,,1,100,,27950,10173,4,,1,100,,27951,10173,4,,1,100,,27952,10173,4,,1,100,,27953,10173,4,,1,100,,27954,10173,4,,1,100,,27955,10173,4,,1,100,,27956,10173,4,,1,100,,27957,10173,4,,1,100,,27958,10173,4,,1,100,,27959,10173,4,,1,100,,27960,10173,4,,1,100,,27961,10173,4,,1,100,,27962,10173,4,,1,160,,27963,10173,4,,1
2900,'F1',657,,46036,10173,4,,1,100,,46037,10173,4,,1,100,,46038,10173,4,,1,100,,46039,10173,4,,1,100,,46040,10173,4,,1,100,,46041,10173,4,,1,100,,46042,10173,4,,1,100,,46043,10173,4,,1,100,,46044,10173,4,,1,100,,46045,10173,4,,1,100,,46046,10173,4,,1,100,,46047,10173,4,,1,100,,46048,10173,4,,1,100,,46049,10173,4,,1,100,,46050,10173,4,,1,100,,46051,10173,4,,1,100,,46052,10173,4,,1,100,,46053,10173,4,,1,160,,46054,10173,4,,1
2900,'F2',657,,46068,10173,4,,1,100,,46069,10173,4,,1,100,,46070,10173,4,,1,100,,46071,10173,4,,1,100,,46072,10173,4,,1,100,,46073,10173,4,,1,100,,46055,10173,4,,1,100,,46056,10173,4,,1,99,,46057,10173,4,,1,99,,46058,10173,4,,1,99,,46059,10173,4,,1,148,,46060,10173,4,,1,99,,46061,10173,4,,1,57,,46062,10173,4,,1,99,,46063,10173,4,,1,100,,46064,10173,4,,1,100,,46065,10173,4,,1,100,,46066,10173,4,,1,160,,46067,10173,4,,1
2900,'F8',657,,28042,10173,4,,1,100,,28043,10173,4,,1,100,,28044,10173,4,,1,100,,28045,10173,4,,1,100,,28046,10173,4,,1,100,,28047,10173,4,,1,100,,28029,10173,4,,1,100,,28030,10173,4,,1,99,,28031,10173,4,,1,99,,28032,10173,4,,1,99,,28033,10173,4,,1,148,,28034,10173,4,,1,99,,28035,10173,4,,1,57,,28036,10173,4,,1,99,,28037,10173,4,,1,100,,28038,10173,4,,1,100,,28039,10173,4,,1,100,,28040,10173,4,,1,160,,28041,10173,4,,1
2900,'F9',657,,28048,10173,4,,1,100,,28049,10173,4,,1,100,,28050,10173,4,,1,100,,28051,10173,4,,1,100,,28052,10173,4,,1,100,,28053,10173,4,,1,100,,28054,10173,4,,1,100,,28055,10173,4,,1,100,,28056,10173,4,,1,100,,28057,10173,4,,1,100,,28058,10173,4,,1,100,,28059,10173,4,,1,100,,28060,10173,4,,1,100,,28061,10173,4,,1,100,,28062,10173,4,,1,100,,28063,10173,4,,1,100,,28064,10173,4,,1,100,,28065,10173,4,,1,160,,28066,10173,4,,1
2900,'SA',657,,28080,10173,4,,1,100,,28081,10173,4,,1,100,,28082,10173,4,,1,100,,28083,10173,4,,1,100,,28084,10173,4,,1,100,,28085,10173,4,,1,100,,28067,10173,4,,1,100,,28068,10173,4,,1,99,,28069,10173,4,,1,99,,28070,10173,4,,1,99,,28071,10173,4,,1,148,,28072,10173,4,,1,99,,28073,10173,4,,1,57,,28074,10173,4,,1,99,,28075,10173,4,,1,100,,28076,10173,4,,1,100,,28077,10173,4,,1,100,,28078,10173,4,,1,160,,28079,10173,4,,1
2900,'SE',627,,46085,10173,4,,1,26,,46086,10173,4,,1,77,,46075,10173,4,,1,27,,46089,10173,4,,1,70,,46087,10173,4,,1,30,,46078,10173,4,,1,143,,46083,10173,4,,1,100,,46082,10173,4,,1,101,,46081,10173,4,,1,100,,46074,10173,4,,1,100,,46079,10173,4,,1,99,,46090,10173,4,,1,35,,46091,10173,4,,1,66,,46099,10173,4,,1,34,,46077,10173,4,,1,20,,46095,10173,4,,1,69,,46100,10173,4,,1,14,,46076,10173,4,,1,68,,46088,10173,4,,1,28,,46084,10173,4,,1,67,,46080,10173,4,,1,99,,46096,10173,4,,1,59,,46092,10173,4,,1,99,,46093,10173,4,,1,98,,46094,10173,4,,1,100,,46097,10173,4,,1,157,,46098,10173,4,,1
2901,'DI',657,,28112,0,,,1,100,,28113,0,,,1,100,,28114,0,,,1,100,,28115,0,,,1,100,,28116,0,,,1,100,,28117,0,,,1,100,,28118,0,,,1,100,,28119,0,,,1,100,,28120,0,,,1,100,,28121,0,,,1,100,,28122,0,,,1,100,,28123,0,,,1,100,,28124,0,,,1,100,,28125,0,,,1,100,,28126,0,,,1,100,,28127,0,,,1,100,,28128,0,,,1,160,,28129,0,,,1,100,,28130,0,,,1
2901,'F1',657,,46101,0,,,1,100,,46102,0,,,1,100,,46103,0,,,1,100,,46104,0,,,1,100,,46105,0,,,1,100,,46106,0,,,1,100,,46107,0,,,1,100,,46108,0,,,1,100,,46109,0,,,1,100,,46110,0,,,1,100,,46111,0,,,1,100,,46112,0,,,1,100,,46113,0,,,1,100,,46114,0,,,1,100,,46115,0,,,1,100,,46116,0,,,1,100,,46117,0,,,1,160,,46118,0,,,1,100,,46119,0,,,1
2901,'F2',657,,46133,0,,,1,100,,46134,0,,,1,100,,46135,0,,,1,100,,46136,0,,,1,100,,46137,0,,,1,100,,46138,0,,,1,100,,46120,0,,,1,100,,46121,0,,,1,99,,46122,0,,,1,99,,46123,0,,,1,99,,46124,0,,,1,148,,46125,0,,,1,99,,46126,0,,,1,57,,46127,0,,,1,99,,46128,0,,,1,100,,46129,0,,,1,100,,46130,0,,,1,160,,46131,0,,,1,100,,46132,0,,,1
2901,'F8',657,,28210,0,,,1,100,,28211,0,,,1,100,,28212,0,,,1,100,,28213,0,,,1,100,,28214,0,,,1,100,,28215,0,,,1,100,,28197,0,,,1,100,,28198,0,,,1,99,,28199,0,,,1,99,,28200,0,,,1,99,,28201,0,,,1,148,,28202,0,,,1,99,,28203,0,,,1,57,,28204,0,,,1,99,,28205,0,,,1,100,,28206,0,,,1,100,,28207,0,,,1,160,,28208,0,,,1,100,,28209,0,,,1
2901,'F9',657,,28216,0,,,1,100,,28217,0,,,1,100,,28218,0,,,1,100,,28219,0,,,1,100,,28220,0,,,1,100,,28221,0,,,1,100,,28222,0,,,1,100,,28223,0,,,1,100,,28224,0,,,1,100,,28225,0,,,1,100,,28226,0,,,1,100,,28227,0,,,1,100,,28228,0,,,1,100,,28229,0,,,1,100,,28230,0,,,1,100,,28231,0,,,1,100,,28232,0,,,1,160,,28233,0,,,1,100,,28234,0,,,1
2901,'SA',657,,28248,0,,,1,100,,28249,0,,,1,100,,28250,0,,,1,100,,28251,0,,,1,100,,28252,0,,,1,100,,28253,0,,,1,100,,28235,0,,,1,100,,28236,0,,,1,99,,28237,0,,,1,99,,28238,0,,,1,99,,28239,0,,,1,148,,28240,0,,,1,99,,28241,0,,,1,57,,28242,0,,,1,99,,28243,0,,,1,100,,28244,0,,,1,100,,28245,0,,,1,160,,28246,0,,,1,100,,28247,0,,,1
2901,'SE',627,,46151,0,,,1,26,,46152,0,,,1,72,,46147,0,,,1,5,,46140,0,,,1,27,,46155,0,,,1,70,,46153,0,,,1,30,,46143,0,,,1,143,,46149,0,,,1,100,,46148,0,,,1,101,,46146,0,,,1,100,,46139,0,,,1,100,,46144,0,,,1,99,,46156,0,,,1,35,,46157,0,,,1,66,,46165,0,,,1,34,,46142,0,,,1,20,,46161,0,,,1,69,,46166,0,,,1,14,,46141,0,,,1,68,,46154,0,,,1,28,,46150,0,,,1,67,,46145,0,,,1,99,,46162,0,,,1,59,,46158,0,,,1,99,,46159,0,,,1,98,,46160,0,,,1,161,,46163,0,,,1,96,,46164,0,,,1
12300,'DI',703,,37610,24388,4,,1,100,,37620,24388,4,,1,100,,37611,24388,4,,1,100,,37621,24388,4,,1,100,,37612,24388,4,,1,100,,37622,24388,4,,1,105,,37613,24388,4,,1,95,,37623,24388,4,,1,100,,37614,24388,4,,1,100,,37624,24388,4,,1,100,,37615,24388,4,,1,100,,37625,24388,4,,1,100,,37616,24388,4,,1,100,,37626,24388,4,,1,100,,37617,24388,4,,1,100,,37627,24388,4,,1,100,,37618,24388,4,,1,100,,37628,24388,4,,1,100,,37619,24388,4,,1
12300,'F1',703,,49910,24388,4,,1,100,,49920,24388,4,,1,100,,49911,24388,4,,1,100,,49921,24388,4,,1,100,,49912,24388,4,,1,100,,49922,24388,4,,1,105,,49913,24388,4,,1,95,,49923,24388,4,,1,100,,49914,24388,4,,1,100,,49924,24388,4,,1,100,,49915,24388,4,,1,100,,49925,24388,4,,1,100,,49916,24388,4,,1,100,,49926,24388,4,,1,100,,49917,24388,4,,1,100,,49927,24388,4,,1,100,,49918,24388,4,,1,100,,49928,24388,4,,1,100,,49919,24388,4,,1
12300,'F2',703,,49930,24388,4,,1,100,,49929,24388,4,,1,100,,49931,24388,4,,1,105,,49940,24388,4,,1,99,,49932,24388,4,,1,100,,49941,24388,4,,1,100,,49933,24388,4,,1,96,,49942,24388,4,,1,100,,49934,24388,4,,1,100,,49943,24388,4,,1,104,,49935,24388,4,,1,101,,49944,24388,4,,1,99,,49936,24388,4,,1,96,,49945,24388,4,,1,100,,49937,24388,4,,1,100,,49946,24388,4,,1,100,,49938,24388,4,,1,100,,49947,24388,4,,1,100,,49939,24388,4,,1
12300,'F8',703,,37705,24388,4,,1,100,,37704,24388,4,,1,100,,37706,24388,4,,1,105,,37715,24388,4,,1,99,,37707,24388,4,,1,100,,37716,24388,4,,1,100,,37708,24388,4,,1,96,,37717,24388,4,,1,100,,37709,24388,4,,1,100,,37718,24388,4,,1,104,,37710,24388,4,,1,101,,37719,24388,4,,1,99,,37711,24388,4,,1,96,,37720,24388,4,,1,100,,37712,24388,4,,1,100,,37721,24388,4,,1,100,,37713,24388,4,,1,100,,37722,24388,4,,1,100,,37714,24388,4,,1
12300,'F9',703,,37723,24388,4,,1,100,,37733,24388,4,,1,100,,37724,24388,4,,1,100,,37734,24388,4,,1,100,,37725,24388,4,,1,100,,37735,24388,4,,1,105,,37726,24388,4,,1,95,,37736,24388,4,,1,100,,37727,24388,4,,1,100,,37737,24388,4,,1,100,,37728,24388,4,,1,100,,37738,24388,4,,1,100,,37729,24388,4,,1,100,,37739,24388,4,,1,100,,37730,24388,4,,1,100,,37740,24388,4,,1,100,,37731,24388,4,,1,100,,37741,24388,4,,1,100,,37732,24388,4,,1
12300,'SA',703,,37743,24388,4,,1,100,,37742,24388,4,,1,100,,37744,24388,4,,1,105,,37753,24388,4,,1,99,,37745,24388,4,,1,100,,37754,24388,4,,1,100,,37746,24388,4,,1,96,,37755,24388,4,,1,100,,37747,24388,4,,1,100,,37756,24388,4,,1,104,,37748,24388,4,,1,101,,37757,24388,4,,1,99,,37749,24388,4,,1,96,,37758,24388,4,,1,100,,37750,24388,4,,1,100,,37759,24388,4,,1,100,,37751,24388,4,,1,100,,37760,24388,4,,1,100,,37752,24388,4,,1
12300,'SE',603,,49961,24388,4,,1,33,,49949,24388,4,,1,15,,49984,24388,4,,1,50,,49964,24388,4,,1,10,,49954,24388,4,,1,10,,49952,24388,4,,1,14,,49967,24388,4,,1,8,,49956,24388,4,,1,12,,49968,24388,4,,1,50,,49953,24388,4,,1,21,,49970,24388,4,,1,17,,49974,24388,4,,1,70,,49965,24388,4,,1,25,,49971,24388,4,,1,69,,49951,24388,4,,1,102,,49972,24388,4,,1,100,,49957,24388,4,,1,99,,49966,24388,4,,1,105,,49958,24388,4,,1,5,,49955,24388,4,,1,93,,49969,24388,4,,1,30,,49959,24388,4,,1,71,,49976,24388,4,,1,26,,49980,24388,4,,1,70,,49975,24388,4,,1,31,,49950,24388,4,,1,71,,49960,24388,4,,1,25,,49977,24388,4,,1,75,,49973,24388,4,,1,28,,49962,24388,4,,1,70,,49981,24388,4,,1,28,,49963,24388,4,,1,70,,49948,24388,4,,1,100,,49982,24388,4,,1,100,,49978,24388,4,,1,95,,49983,24388,4,,1,100,,49979,24388,4,,1
12301,'DI',512,,37798,0,,,1,100,,37808,0,,,1,100,,37799,0,,,1,100,,37809,0,,,1,100,,37800,0,,,1,100,,37810,0,,,1,100,,37801,0,,,1,100,,37811,0,,,1,100,,37802,0,,,1,100,,37812,0,,,1,100,,37803,0,,,1,100,,37813,0,,,1,100,,37804,0,,,1,100,,37814,0,,,1,100,,37805,0,,,1,100,,37815,0,,,1,100,,37806,0,,,1,100,,37816,0,,,1,100,,37807,0,,,1,100,,37817,0,,,1
12301,'F1',512,,49985,0,,,1,100,,49995,0,,,1,100,,49986,0,,,1,100,,49996,0,,,1,100,,49987,0,,,1,100,,49997,0,,,1,100,,49988,0,,,1,100,,49998,0,,,1,100,,49989,0,,,1,100,,49999,0,,,1,100,,49990,0,,,1,100,,50000,0,,,1,100,,49991,0,,,1,100,,50001,0,,,1,100,,49992,0,,,1,100,,50002,0,,,1,100,,49993,0,,,1,100,,50003,0,,,1,100,,49994,0,,,1,100,,50004,0,,,1
12301,'F2',512,,50007,0,,,1,100,,50005,0,,,1,100,,50008,0,,,1,100,,50006,0,,,1,100,,50009,0,,,1,100,,50017,0,,,1,100,,50010,0,,,1,100,,50018,0,,,1,100,,50011,0,,,1,100,,50019,0,,,1,100,,50012,0,,,1,100,,50020,0,,,1,100,,50013,0,,,1,100,,50021,0,,,1,100,,50014,0,,,1,100,,50022,0,,,1,100,,50015,0,,,1,100,,50023,0,,,1,100,,50016,0,,,1,100,,50024,0,,,1
12301,'F8',512,,37897,0,,,1,100,,37895,0,,,1,100,,37898,0,,,1,100,,37896,0,,,1,100,,37899,0,,,1,100,,37907,0,,,1,100,,37900,0,,,1,100,,37908,0,,,1,100,,37901,0,,,1,100,,37909,0,,,1,100,,37902,0,,,1,100,,37910,0,,,1,100,,37903,0,,,1,100,,37911,0,,,1,100,,37904,0,,,1,100,,37912,0,,,1,100,,37905,0,,,1,100,,37913,0,,,1,100,,37906,0,,,1,100,,37914,0,,,1
12301,'F9',512,,37915,0,,,1,100,,37925,0,,,1,100,,37916,0,,,1,100,,37926,0,,,1,100,,37917,0,,,1,100,,37927,0,,,1,100,,37918,0,,,1,100,,37928,0,,,1,100,,37919,0,,,1,100,,37929,0,,,1,100,,37920,0,,,1,100,,37930,0,,,1,100,,37921,0,,,1,100,,37931,0,,,1,100,,37922,0,,,1,100,,37932,0,,,1,100,,37923,0,,,1,100,,37933,0,,,1,100,,37924,0,,,1,100,,37934,0,,,1
12301,'SA',512,,37937,0,,,1,100,,37935,0,,,1,100,,37938,0,,,1,100,,37936,0,,,1,100,,37939,0,,,1,100,,37947,0,,,1,100,,37940,0,,,1,100,,37948,0,,,1,100,,37941,0,,,1,100,,37949,0,,,1,100,,37942,0,,,1,100,,37950,0,,,1,100,,37943,0,,,1,100,,37951,0,,,1,100,,37944,0,,,1,100,,37952,0,,,1,100,,37945,0,,,1,100,,37953,0,,,1,100,,37946,0,,,1,100,,37954,0,,,1
12301,'SE',457,,50041,0,,,1,70,,50044,0,,,1,20,,50029,0,,,1,60,,50028,0,,,1,15,,50030,0,,,1,25,,50031,0,,,1,70,,50026,0,,,1,30,,50027,0,,,1,70,,50025,0,,,1,30,,50048,0,,,1,70,,50042,0,,,1,96,,50034,0,,,1,100,,50046,0,,,1,100,,50036,0,,,1,100,,50043,0,,,1,100,,50061,0,,,1,11,,50035,0,,,1,23,,50049,0,,,1,60,,50053,0,,,1,15,,50045,0,,,1,19,,50055,0,,,1,6,,50037,0,,,1,55,,50040,0,,,1,10,,50059,0,,,1,6,,50051,0,,,1,24,,50060,0,,,1,70,,50050,0,,,1,31,,50033,0,,,1,71,,50038,0,,,1,26,,50052,0,,,1,74,,50047,0,,,1,28,,50039,0,,,1,70,,50056,0,,,1,98,,50032,0,,,1,100,,50057,0,,,1,100,,50054,0,,,1,120,,50058,0,,,1
