1701,'DI',609,,54947,11228,,,1,100,,54951,11228,,,1,30,,54963,11228,,,1,70,,54967,11228,,,1,30,,54945,11228,,,1,70,,54952,11228,,,1,30,,25578,11228,,,1,70,,54948,11228,,,1,30,,54946,11228,,,1,70,,54965,11228,,,1,30,,54956,11228,,,1,70,,54953,11228,,,1,30,,54964,11228,,,1,70,,54942,11228,,,1,30,,54957,11228,,,1,70,,54955,11228,,,1,30,,54940,11228,,,1,70,,54954,11228,,,1,30,,54961,11228,,,1,69,,54949,11228,,,1,30,,54937,11228,,,1,71,,54950,11228,,,1,30,,54938,11228,,,1,70,,54941,11228,,,1,31,,54939,11228,,,1,70,,54944,11228,,,1,99,,54966,11228,,,1,100,,54962,11228,,,1,100,,54958,11228,,,1,100,,54943,11228,,,1,100,,54959,11228,,,1,100,,25549,11228,,,1
1701,'F1',609,,54978,11228,,,1,100,,54982,11228,,,1,30,,54994,11228,,,1,70,,54998,11228,,,1,30,,54976,11228,,,1,70,,54983,11228,,,1,30,,45135,11228,,,1,70,,54979,11228,,,1,30,,54977,11228,,,1,70,,54996,11228,,,1,30,,54987,11228,,,1,70,,54984,11228,,,1,30,,54995,11228,,,1,70,,54973,11228,,,1,30,,54988,11228,,,1,70,,54986,11228,,,1,30,,54971,11228,,,1,70,,54985,11228,,,1,30,,54992,11228,,,1,69,,54980,11228,,,1,30,,54968,11228,,,1,71,,54981,11228,,,1,30,,54969,11228,,,1,70,,54972,11228,,,1,31,,54970,11228,,,1,70,,54975,11228,,,1,99,,54997,11228,,,1,100,,54993,11228,,,1,100,,54989,11228,,,1,100,,54974,11228,,,1,100,,54990,11228,,,1,100,,45106,11228,,,1
1701,'F2',609,,55010,11228,,,1,100,,55007,11228,,,1,30,,55017,11228,,,1,70,,55011,11228,,,1,30,,55026,11228,,,1,70,,55001,11228,,,1,30,,55018,11228,,,1,70,,55012,11228,,,1,30,,55027,11228,,,1,70,,55002,11228,,,1,30,,55019,11228,,,1,70,,55006,11228,,,1,30,,54999,11228,,,1,70,,55005,11228,,,1,30,,55029,11228,,,1,70,,55003,11228,,,1,30,,55013,11228,,,1,70,,55020,11228,,,1,30,,55000,11228,,,1,70,,55008,11228,,,1,30,,55028,11228,,,1,69,,55023,11228,,,1,30,,55014,11228,,,1,71,,55024,11228,,,1,30,,55015,11228,,,1,71,,55025,11228,,,1,99,,55030,11228,,,1,100,,55021,11228,,,1,100,,55004,11228,,,1,100,,55016,11228,,,1,100,,55009,11228,,,1,100,,55022,11228,,,1
1701,'SA',609,,55043,11228,,,1,100,,55040,11228,,,1,30,,55050,11228,,,1,70,,55044,11228,,,1,30,,55059,11228,,,1,70,,55034,11228,,,1,30,,55051,11228,,,1,70,,55045,11228,,,1,30,,55060,11228,,,1,70,,55035,11228,,,1,30,,55052,11228,,,1,70,,55039,11228,,,1,30,,55032,11228,,,1,70,,55038,11228,,,1,30,,55062,11228,,,1,70,,55036,11228,,,1,30,,55046,11228,,,1,70,,55053,11228,,,1,30,,55033,11228,,,1,70,,55041,11228,,,1,30,,55061,11228,,,1,69,,55056,11228,,,1,30,,55047,11228,,,1,71,,55057,11228,,,1,30,,55048,11228,,,1,71,,55058,11228,,,1,99,,55063,11228,,,1,100,,55054,11228,,,1,100,,55037,11228,,,1,100,,55049,11228,,,1,100,,55042,11228,,,1,100,,55055,11228,,,1
2501,'DI',1616,,56146,16310,,,2
2501,'F1',1616,,56147,16310,,,2
2501,'F2',1616,,56148,16310,,,2
2501,'SA',1616,,56149,16310,,,2
2501,'SE',528,,56159,14673,,,2,30,,56162,14673,,,2,63,,56171,14673,,,2,34,,56160,14673,,,2,76,,56177,16310,,,2,70,,56175,16310,,,2,26,,56161,14673,,,2,30,,56163,14673,,,2,67,,56165,14673,,,2,505,,56172,14673,,,2,71,,56164,14673,,,2,33,,56170,14673,,,2,71,,56181,16310,,,2,20,,56180,16310,,,2,12,,56178,16310,,,2,9,,56155,14673,,,2,59,,56166,14673,,,2,14,,56152,14673,,,2,14,,56150,14673,,,2,68,,56167,14673,,,2,27,,56154,14673,,,2,29,,56151,14673,,,2,99,,56153,14673,,,2,385,,56174,14673,,,2,86,,56176,16310,,,2,12,,56156,14673,,,2,75,,56169,14673,,,2
7601,'SE',521,,59914,8345,,,1,30,,59944,8345,,,1,70,,59925,8345,,,1,27,,59941,8345,,,1,61,,59924,8345,,,1,20,,59926,8345,,,1,22,,59900,8345,,,1,4,,59921,8345,,,1,45,,59906,8345,,,1,14,,59927,8345,,,1,21,,59901,8345,,,1,22,,59943,8345,,,1,66,,59928,8345,,,1,29,,59922,8345,,,1,70,,59903,8345,,,1,30,,59910,8345,,,1,70,,59915,8345,,,1,30,,59942,8345,,,1,70,,59920,8345,,,1,30,,59940,8345,,,1,70,,59907,8345,,,1,30,,59904,8345,,,1,70,,59911,8345,,,1,32,,59908,8345,,,1,76,,59912,8345,,,1,26,,59919,8345,,,1,72,,59917,8345,,,1,74,,59916,8345,,,1,24,,59933,8345,,,1,15,,59939,8345,,,1,59,,59902,8345,,,1,21,,59909,8345,,,1,17,,59934,8345,,,1,18,,59905,8345,,,1,66,,59913,8345,,,1,30,,59918,8345,,,1,70,,59899,8345,,,1,29,,59929,8345,,,1,70,,59935,8345,,,1,30,,59930,8345,,,1,70,,59936,8345,,,1,29,,59923,8345,,,1,70,,59937,8345,,,1,30,,59931,8345,,,1,70,,59938,8345,,,1,30,,59932,8345,,,1
