401,'DI',609,,21384,17808,,,1,30,,21391,17808,,,1,70,,21403,17808,,,1,30,,21399,17808,,,1,70,,21385,17808,,,1,30,,21392,17808,,,1,72,,21405,17808,,,1,30,,21407,17808,,,1,70,,21386,17808,,,1,30,,21393,17808,,,1,70,,21406,17808,,,1,30,,21408,17808,,,1,70,,21387,17808,,,1,30,,21413,17808,,,1,70,,21414,17808,,,1,30,,21409,17808,,,1,71,,21388,17808,,,1,29,,21394,17808,,,1,70,,21416,17808,,,1,30,,21397,17808,,,1,72,,21389,17808,,,1,29,,21395,17808,,,1,70,,21417,17808,,,1,34,,21398,17808,,,1,65,,21410,17808,,,1,30,,21415,17808,,,1,70,,21412,17808,,,1,30,,21390,17808,,,1,71,,21411,17808,,,1,29,,21400,17808,,,1,70,,21383,17808,,,1,30,,21396,17808,,,1,100,,21402,17808,,,1,100,,21404,17808,,,1,100,,21401,17808,,,1
401,'F1',609,,43498,17808,,,1,30,,43505,17808,,,1,70,,43517,17808,,,1,30,,43513,17808,,,1,70,,43499,17808,,,1,30,,43506,17808,,,1,72,,43519,17808,,,1,30,,43521,17808,,,1,70,,43500,17808,,,1,30,,43507,17808,,,1,70,,43520,17808,,,1,30,,43522,17808,,,1,70,,43501,17808,,,1,30,,43527,17808,,,1,70,,43528,17808,,,1,30,,43523,17808,,,1,71,,43502,17808,,,1,29,,43508,17808,,,1,70,,43530,17808,,,1,30,,43511,17808,,,1,72,,43503,17808,,,1,29,,43509,17808,,,1,70,,43531,17808,,,1,34,,43512,17808,,,1,65,,43524,17808,,,1,30,,43529,17808,,,1,70,,43526,17808,,,1,30,,43504,17808,,,1,71,,43525,17808,,,1,29,,43514,17808,,,1,70,,43497,17808,,,1,30,,43510,17808,,,1,100,,43516,17808,,,1,100,,43518,17808,,,1,100,,43515,17808,,,1
401,'F2',609,,43533,17808,,,1,30,,43540,17808,,,1,70,,43542,17808,,,1,30,,43537,17808,,,1,70,,43534,17808,,,1,30,,43541,17808,,,1,72,,43543,17808,,,1,30,,43538,17808,,,1,70,,43535,17808,,,1,30,,43561,17808,,,1,70,,43544,17808,,,1,30,,43555,17808,,,1,70,,43565,17808,,,1,32,,43553,17808,,,1,70,,43564,17808,,,1,30,,43548,17808,,,1,70,,43532,17808,,,1,30,,43545,17808,,,1,70,,43556,17808,,,1,30,,43566,17808,,,1,70,,43563,17808,,,1,30,,43552,17808,,,1,70,,43558,17808,,,1,30,,43551,17808,,,1,70,,43539,17808,,,1,28,,43557,17808,,,1,70,,43547,17808,,,1,30,,43536,17808,,,1,70,,43560,17808,,,1,30,,43546,17808,,,1,70,,43559,17808,,,1,30,,43562,17808,,,1,100,,43554,17808,,,1,100,,43550,17808,,,1,100,,43549,17808,,,1
401,'F8',609,,21527,17808,,,1,30,,21534,17808,,,1,70,,21536,17808,,,1,30,,21531,17808,,,1,70,,21528,17808,,,1,30,,21535,17808,,,1,72,,21537,17808,,,1,30,,21532,17808,,,1,70,,21529,17808,,,1,30,,21555,17808,,,1,70,,21538,17808,,,1,30,,21549,17808,,,1,70,,21559,17808,,,1,32,,21547,17808,,,1,70,,21558,17808,,,1,30,,21542,17808,,,1,70,,21526,17808,,,1,30,,21539,17808,,,1,70,,21550,17808,,,1,30,,21560,17808,,,1,70,,21557,17808,,,1,30,,21546,17808,,,1,70,,21552,17808,,,1,30,,21545,17808,,,1,70,,21533,17808,,,1,28,,21551,17808,,,1,70,,21541,17808,,,1,30,,21530,17808,,,1,70,,21554,17808,,,1,30,,21540,17808,,,1,70,,21553,17808,,,1,30,,21556,17808,,,1,100,,21548,17808,,,1,100,,21544,17808,,,1,100,,21543,17808,,,1
401,'F9',609,,21562,17808,,,1,30,,21569,17808,,,1,70,,21581,17808,,,1,30,,21577,17808,,,1,70,,21563,17808,,,1,30,,21570,17808,,,1,72,,21583,17808,,,1,30,,21585,17808,,,1,70,,21564,17808,,,1,30,,21571,17808,,,1,70,,21584,17808,,,1,30,,21586,17808,,,1,70,,21565,17808,,,1,30,,21591,17808,,,1,70,,21592,17808,,,1,30,,21587,17808,,,1,71,,21566,17808,,,1,29,,21572,17808,,,1,70,,21594,17808,,,1,30,,21575,17808,,,1,72,,21567,17808,,,1,29,,21573,17808,,,1,70,,21595,17808,,,1,34,,21576,17808,,,1,65,,21588,17808,,,1,30,,21593,17808,,,1,70,,21590,17808,,,1,30,,21568,17808,,,1,71,,21589,17808,,,1,29,,21578,17808,,,1,70,,21561,17808,,,1,30,,21574,17808,,,1,100,,21580,17808,,,1,100,,21582,17808,,,1,100,,21579,17808,,,1
401,'SA',609,,21596,17808,,,1,30,,1360,17808,,,1,70,,1362,17808,,,1,30,,1358,17808,,,1,70,,21597,17808,,,1,30,,1361,17808,,,1,72,,1363,17808,,,1,30,,1359,17808,,,1,70,,21598,17808,,,1,30,,21616,17808,,,1,70,,1364,17808,,,1,30,,21610,17808,,,1,70,,21620,17808,,,1,32,,21608,17808,,,1,70,,21619,17808,,,1,30,,21603,17808,,,1,70,,1356,17808,,,1,30,,1365,17808,,,1,70,,21611,17808,,,1,30,,21621,17808,,,1,70,,21618,17808,,,1,30,,21607,17808,,,1,70,,21613,17808,,,1,30,,21606,17808,,,1,70,,21600,17808,,,1,28,,21612,17808,,,1,70,,21602,17808,,,1,30,,21599,17808,,,1,70,,21615,17808,,,1,30,,21601,17808,,,1,70,,21614,17808,,,1,30,,21617,17808,,,1,100,,21609,17808,,,1,100,,21605,17808,,,1,100,,21604,17808,,,1
401,'SE',615,,43580,17808,,,1,22,,43587,17808,,,1,18,,43571,17808,,,1,61,,43584,17808,,,1,34,,43600,17808,,,1,74,,43574,17808,,,1,33,,43593,17808,,,1,70,,43575,17808,,,1,31,,43570,17808,,,1,70,,43592,17808,,,1,30,,43568,17808,,,1,70,,43572,17808,,,1,30,,43602,17808,,,1,70,,43594,17808,,,1,73,,43576,17808,,,1,32,,43606,17808,,,1,70,,43585,17808,,,1,30,,43567,17808,,,1,26,,43581,17808,,,1,74,,43586,17808,,,1,15,,43579,17808,,,1,63,,43582,17808,,,1,22,,43605,17808,,,1,19,,43577,17808,,,1,60,,43569,17808,,,1,25,,43595,17808,,,1,13,,43573,17808,,,1,60,,43596,17808,,,1,24,,43603,17808,,,1,15,,43578,17808,,,1,67,,43599,17808,,,1,30,,43591,17808,,,1,67,,43589,17808,,,1,28,,43604,17808,,,1,70,,43590,17808,,,1,30,,43601,17808,,,1,70,,43598,17808,,,1,100,,43597,17808,,,1,96,,43588,17808,,,1,100,,43583,17808,,,1
3201,'DI',542,,28612,7599,,,1,99,,28613,7599,,,1,101,,28614,7599,,,1,99,,28615,7599,,,1,102,,28616,7599,,,1,100,,28619,7599,,,1,102,,28621,7599,,,1,102,,28617,7599,,,1,103,,28623,7599,,,1,98,,28622,7599,,,1,104,,28625,7599,,,1,96,,28624,7599,,,1,99,,28627,7599,,,1,99,,28626,7599,,,1,99,,28620,7599,,,1,100,,28610,7599,,,1,100,,28628,7599,,,1,100,,28630,7599,,,1,100,,28618,7599,,,1,100,,28629,7599,,,1,99,,28611,7599,,,1
3201,'F1',542,,46314,7599,,,1,99,,46315,7599,,,1,101,,46316,7599,,,1,99,,46317,7599,,,1,102,,46318,7599,,,1,100,,46321,7599,,,1,102,,46323,7599,,,1,102,,46319,7599,,,1,103,,46325,7599,,,1,98,,46324,7599,,,1,104,,46327,7599,,,1,96,,46326,7599,,,1,99,,46329,7599,,,1,99,,46328,7599,,,1,99,,46322,7599,,,1,100,,46312,7599,,,1,100,,46330,7599,,,1,100,,46332,7599,,,1,100,,46320,7599,,,1,100,,46331,7599,,,1,99,,46313,7599,,,1
3201,'F2',542,,46334,7599,,,1,99,,46335,7599,,,1,101,,46336,7599,,,1,96,,46337,7599,,,1,103,,46338,7599,,,1,101,,46344,7599,,,1,103,,46339,7599,,,1,100,,46353,7599,,,1,106,,46345,7599,,,1,102,,46340,7599,,,1,97,,46341,7599,,,1,98,,46346,7599,,,1,99,,46347,7599,,,1,99,,46342,7599,,,1,99,,46349,7599,,,1,100,,46348,7599,,,1,100,,46350,7599,,,1,100,,46352,7599,,,1,100,,46351,7599,,,1,100,,46343,7599,,,1,99,,46333,7599,,,1
3201,'F8',542,,28702,7599,,,1,99,,28703,7599,,,1,101,,28704,7599,,,1,96,,28705,7599,,,1,103,,28706,7599,,,1,101,,28712,7599,,,1,103,,28707,7599,,,1,100,,28721,7599,,,1,106,,28713,7599,,,1,102,,28708,7599,,,1,97,,28709,7599,,,1,98,,28714,7599,,,1,99,,28715,7599,,,1,99,,28710,7599,,,1,99,,28717,7599,,,1,100,,28716,7599,,,1,100,,28718,7599,,,1,100,,28720,7599,,,1,100,,28719,7599,,,1,100,,28711,7599,,,1,99,,28701,7599,,,1
3201,'F9',542,,28724,7599,,,1,99,,28725,7599,,,1,101,,28726,7599,,,1,99,,28727,7599,,,1,102,,28728,7599,,,1,100,,28731,7599,,,1,102,,28733,7599,,,1,102,,28729,7599,,,1,103,,28735,7599,,,1,98,,28734,7599,,,1,104,,28737,7599,,,1,96,,28736,7599,,,1,99,,28739,7599,,,1,99,,28738,7599,,,1,99,,28732,7599,,,1,100,,28722,7599,,,1,100,,28740,7599,,,1,100,,28742,7599,,,1,100,,28730,7599,,,1,100,,28741,7599,,,1,99,,28723,7599,,,1
3201,'SA',542,,28744,7599,,,1,99,,28745,7599,,,1,101,,28746,7599,,,1,96,,28747,7599,,,1,103,,28748,7599,,,1,101,,28754,7599,,,1,103,,28749,7599,,,1,100,,28763,7599,,,1,106,,28755,7599,,,1,102,,28750,7599,,,1,97,,28751,7599,,,1,98,,28756,7599,,,1,99,,28757,7599,,,1,99,,28752,7599,,,1,99,,28759,7599,,,1,100,,28758,7599,,,1,100,,28760,7599,,,1,100,,28762,7599,,,1,100,,28761,7599,,,1,100,,28753,7599,,,1,99,,28743,7599,,,1
3201,'SE',519,,46376,11886,,,1,30,,46367,11886,,,1,70,,46375,11886,,,1,30,,46371,11886,,,1,76,,46368,11886,,,1,27,,46369,11886,,,1,64,,46381,11886,,,1,30,,46372,11886,,,1,75,,46380,11886,,,1,94,,46357,7599,,,1,101,,46359,7599,,,1,100,,46354,7599,,,1,100,,46365,7599,,,1,100,,46355,7599,,,1,103,,46358,7599,,,1,105,,46360,7599,,,1,21,,46379,11886,,,1,71,,46374,11886,,,1,30,,46366,11886,,,1,70,,46378,11886,,,1,23,,46373,11886,,,1,71,,46377,11886,,,1,25,,46370,11886,,,1,86,,46363,7599,,,1,100,,46362,7599,,,1,98,,46364,7599,,,1,100,,46356,7599,,,1,98,,46361,7599,,,1
3801,'DI',621,,29083,5134,,,1,100,,29090,5134,,,1,100,,29088,5134,,,1,100,,29084,5134,,,1,100,,29091,5134,,,1,100,,29079,5134,,,1,100,,29096,5134,,,1,100,,29082,5134,,,1,98,,29089,5134,,,1,99,,29092,5134,,,1,103,,29080,5134,,,1,101,,29085,5134,,,1,100,,29086,5134,,,1,99,,29081,5134,,,1,100,,29093,5134,,,1,100,,29087,5134,,,1,100,,29094,5134,,,1,100,,29097,5134,,,1,100,,29095,5134,,,1
3801,'F1',621,,46511,5134,,,1,100,,46518,5134,,,1,100,,46516,5134,,,1,100,,46512,5134,,,1,100,,46519,5134,,,1,100,,46507,5134,,,1,100,,46524,5134,,,1,100,,46510,5134,,,1,98,,46517,5134,,,1,99,,46520,5134,,,1,103,,46508,5134,,,1,101,,46513,5134,,,1,100,,46514,5134,,,1,99,,46509,5134,,,1,100,,46521,5134,,,1,100,,46515,5134,,,1,100,,46522,5134,,,1,100,,46525,5134,,,1,100,,46523,5134,,,1
3801,'F2',620,,46528,5134,,,1,100,,46537,5134,,,1,99,,46531,5134,,,1,101,,46538,5134,,,1,100,,46532,5134,,,1,100,,46539,5134,,,1,100,,46533,5134,,,1,100,,46540,5134,,,1,100,,46534,5134,,,1,100,,46529,5134,,,1,101,,46535,5134,,,1,100,,46530,5134,,,1,100,,46536,5134,,,1,99,,46526,5134,,,1,100,,46541,5134,,,1,100,,46527,5134,,,1,100,,46542,5134,,,1,100,,46544,5134,,,1,100,,46543,5134,,,1
3801,'F8',620,,29170,5134,,,1,100,,29179,5134,,,1,99,,29173,5134,,,1,101,,29180,5134,,,1,100,,29174,5134,,,1,100,,29181,5134,,,1,100,,29175,5134,,,1,100,,29182,5134,,,1,100,,29176,5134,,,1,100,,29171,5134,,,1,101,,29177,5134,,,1,100,,29172,5134,,,1,100,,29178,5134,,,1,99,,29168,5134,,,1,100,,29183,5134,,,1,100,,29169,5134,,,1,100,,29184,5134,,,1,100,,29186,5134,,,1,100,,29185,5134,,,1
3801,'F9',621,,29191,5134,,,1,100,,29198,5134,,,1,100,,29196,5134,,,1,100,,29192,5134,,,1,100,,29199,5134,,,1,100,,29187,5134,,,1,100,,29204,5134,,,1,100,,29190,5134,,,1,98,,29197,5134,,,1,99,,29200,5134,,,1,103,,29188,5134,,,1,101,,29193,5134,,,1,100,,29194,5134,,,1,99,,29189,5134,,,1,100,,29201,5134,,,1,100,,29195,5134,,,1,100,,29202,5134,,,1,100,,29205,5134,,,1,100,,29203,5134,,,1
3801,'SA',620,,29208,5134,,,1,100,,29217,5134,,,1,99,,29211,5134,,,1,101,,29218,5134,,,1,100,,29212,5134,,,1,100,,29219,5134,,,1,100,,29213,5134,,,1,100,,29220,5134,,,1,100,,29214,5134,,,1,100,,29209,5134,,,1,101,,29215,5134,,,1,100,,29210,5134,,,1,100,,29216,5134,,,1,99,,29206,5134,,,1,100,,29221,5134,,,1,100,,29207,5134,,,1,100,,29222,5134,,,1,100,,29224,5134,,,1,100,,29223,5134,,,1
3801,'SE',529,,46571,5134,,,1,30,,46552,5134,,,1,71,,46551,5134,,,1,74,,46561,5134,,,1,34,,46553,5134,,,1,64,,46547,5134,,,1,28,,46546,5134,,,1,75,,46557,5134,,,1,29,,46560,5134,,,1,75,,46545,5134,,,1,100,,46548,5134,,,1,100,,46567,5134,,,1,100,,46562,5134,,,1,98,,46549,5134,,,1,98,,46566,5134,,,1,15,,46554,5134,,,1,17,,46556,5134,,,1,22,,46550,5134,,,1,61,,46575,5134,,,1,20,,46569,5134,,,1,61,,46565,5134,,,1,20,,46563,5134,,,1,19,,46568,5134,,,1,62,,46558,5134,,,1,18,,46574,5134,,,1,20,,46564,5134,,,1,80,,46572,5134,,,1,95,,46573,5134,,,1,99,,46576,5134,,,1,99,,46555,5134,,,1,100,,46559,5134,,,1,100,,46570,5134,,,1
