2301,'F2',605,,45845,823,,,1,103,,45846,823,,,1,100,,45847,823,,,1,100,,45838,823,,,1,103,,45839,823,,,1,99,,45841,823,,,1,103,,45842,823,,,1,97,,45848,823,,,1,99,,45849,823,,,1,100,,45844,823,,,1,100,,45843,823,,,1,100,,45840,823,,,1
2301,'F8',605,,27519,823,,,1,103,,27520,823,,,1,100,,27521,823,,,1,100,,27512,823,,,1,103,,27513,823,,,1,99,,27515,823,,,1,103,,27516,823,,,1,97,,27522,823,,,1,99,,27523,823,,,1,100,,27518,823,,,1,100,,27517,823,,,1,100,,27514,823,,,1
2301,'SA',605,,27531,823,,,1,103,,27532,823,,,1,100,,27533,823,,,1,100,,27524,823,,,1,103,,27525,823,,,1,99,,27527,823,,,1,103,,27528,823,,,1,97,,27534,823,,,1,99,,27535,823,,,1,100,,27530,823,,,1,100,,27529,823,,,1,100,,27526,823,,,1
2301,'SE',1012,,45854,823,,,1,100,,45850,823,,,1,100,,45853,823,,,1,101,,45851,823,,,1,100,,45852,823,,,1
12301,'DI',537,,37798,15119,,,1,100,,37808,15119,,,1,100,,37799,15119,,,1,100,,37809,15119,,,1,101,,37800,15119,,,1,100,,37810,15119,,,1,100,,37801,15119,,,1,100,,37811,15119,,,1,100,,37802,15119,,,1,100,,37812,15119,,,1,100,,37803,15119,,,1,100,,37813,15119,,,1,100,,37804,15119,,,1,100,,37814,15119,,,1,100,,37805,15119,,,1,99,,37815,15119,,,1,100,,37806,15119,,,1,100,,37816,15119,,,1,100,,37807,15119,,,1,100,,37817,15119,,,1
12301,'F1',537,,49985,15119,,,1,100,,49995,15119,,,1,100,,49986,15119,,,1,100,,49996,15119,,,1,101,,49987,15119,,,1,100,,49997,15119,,,1,100,,49988,15119,,,1,100,,49998,15119,,,1,100,,49989,15119,,,1,100,,49999,15119,,,1,100,,49990,15119,,,1,100,,50000,15119,,,1,100,,49991,15119,,,1,100,,50001,15119,,,1,100,,49992,15119,,,1,99,,50002,15119,,,1,100,,49993,15119,,,1,100,,50003,15119,,,1,100,,49994,15119,,,1,100,,50004,15119,,,1
12301,'F2',537,,50007,15119,,,1,100,,50005,15119,,,1,100,,50008,15119,,,1,99,,50006,15119,,,1,100,,50009,15119,,,1,100,,50017,15119,,,1,100,,50010,15119,,,1,100,,50018,15119,,,1,100,,50011,15119,,,1,100,,50019,15119,,,1,100,,50012,15119,,,1,100,,50020,15119,,,1,100,,50013,15119,,,1,100,,50021,15119,,,1,100,,50014,15119,,,1,100,,50022,15119,,,1,100,,50015,15119,,,1,100,,50023,15119,,,1,100,,50016,15119,,,1,100,,50024,15119,,,1
12301,'F8',537,,37897,15119,,,1,100,,37895,15119,,,1,100,,37898,15119,,,1,99,,37896,15119,,,1,100,,37899,15119,,,1,100,,37907,15119,,,1,100,,37900,15119,,,1,100,,37908,15119,,,1,100,,37901,15119,,,1,100,,37909,15119,,,1,100,,37902,15119,,,1,100,,37910,15119,,,1,100,,37903,15119,,,1,100,,37911,15119,,,1,100,,37904,15119,,,1,100,,37912,15119,,,1,100,,37905,15119,,,1,100,,37913,15119,,,1,100,,37906,15119,,,1,100,,37914,15119,,,1
12301,'F9',537,,37915,15119,,,1,100,,37925,15119,,,1,100,,37916,15119,,,1,100,,37926,15119,,,1,101,,37917,15119,,,1,100,,37927,15119,,,1,100,,37918,15119,,,1,100,,37928,15119,,,1,100,,37919,15119,,,1,100,,37929,15119,,,1,100,,37920,15119,,,1,100,,37930,15119,,,1,100,,37921,15119,,,1,100,,37931,15119,,,1,100,,37922,15119,,,1,99,,37932,15119,,,1,100,,37923,15119,,,1,100,,37933,15119,,,1,100,,37924,15119,,,1,100,,37934,15119,,,1
12301,'SA',537,,37937,15119,,,1,100,,37935,15119,,,1,100,,37938,15119,,,1,99,,37936,15119,,,1,100,,37939,15119,,,1,100,,37947,15119,,,1,100,,37940,15119,,,1,100,,37948,15119,,,1,100,,37941,15119,,,1,100,,37949,15119,,,1,100,,37942,15119,,,1,100,,37950,15119,,,1,100,,37943,15119,,,1,100,,37951,15119,,,1,100,,37944,15119,,,1,100,,37952,15119,,,1,100,,37945,15119,,,1,100,,37953,15119,,,1,100,,37946,15119,,,1,100,,37954,15119,,,1
12301,'SE',524,,50041,15119,,,1,30,,50044,15119,,,1,60,,50029,15119,,,1,23,,50028,15119,,,1,15,,50030,15119,,,1,66,,50031,15119,,,1,30,,50026,15119,,,1,69,,50027,15119,,,1,30,,50025,15119,,,1,68,,50048,15119,,,1,30,,50042,15119,,,1,96,,50034,15119,,,1,101,,50046,15119,,,1,100,,50036,15119,,,1,100,,50043,15119,,,1,100,,50061,15119,,,1,11,,50035,15119,,,1,65,,50049,15119,,,1,20,,50053,15119,,,1,15,,50045,15119,,,1,59,,50055,15119,,,1,6,,50037,15119,,,1,16,,50040,15119,,,1,10,,50059,15119,,,1,6,,50051,15119,,,1,64,,50060,15119,,,1,27,,50050,15119,,,1,69,,50033,15119,,,1,31,,50038,15119,,,1,66,,50052,15119,,,1,34,,50047,15119,,,1,68,,50039,15119,,,1,30,,50056,15119,,,1,98,,50032,15119,,,1,99,,50057,15119,,,1,100,,50054,15119,,,1,118,,50058,15119,,,1
