2500,'DI',707,,27541,7926,,,2
2500,'F8',707,,27570,7926,,,2
2500,'F9',707,,27571,7926,,,2
2500,'SA',707,,27572,7926,,,2
2500,'SE',529,,27574,7926,,,2,30,,27575,7926,,,2,69,,27594,7926,,,2,19,,27593,7926,,,2,61,,27589,7926,,,2,19,,27576,7926,,,2,29,,27578,7926,,,2,68,,27579,7926,,,2,77,,27577,7926,,,2,30,,27573,7926,,,2,470,,27580,7926,,,2,30,,27581,7926,,,2,69,,27597,7926,,,2,13,,27596,7926,,,2,18,,27595,7926,,,2,71,,27582,7926,,,2,32,,27585,7926,,,2,69,,27587,7926,,,2,29,,27590,7926,,,2,71,,27586,7926,,,2,28,,27588,7926,,,2,70,,27584,7926,,,2,335,,27592,7926,,,2,83,,27598,7926,,,2,15,,27591,7926,,,2,85,,27583,7926,,,2
12301,'DI',515,,37798,1948,,,1,100,,37808,1948,,,1,100,,37799,1948,,,1,100,,37809,1948,,,1,100,,37800,1948,,,1,100,,37810,1948,,,1,100,,37801,1948,,,1,100,,37811,1948,,,1,100,,37802,1948,,,1,100,,37812,1948,,,1,100,,37803,1948,,,1,100,,37813,1948,,,1,100,,37804,1948,,,1,100,,37814,1948,,,1,100,,37805,1948,,,1,100,,37815,1948,,,1,100,,37806,1948,,,1,100,,37816,1948,,,1,100,,37807,1948,,,1,100,,37817,1948,,,1
12301,'F8',515,,37897,1948,,,1,100,,37895,1948,,,1,100,,37898,1948,,,1,100,,37896,1948,,,1,100,,37899,1948,,,1,100,,37907,1948,,,1,100,,37900,1948,,,1,100,,37908,1948,,,1,100,,37901,1948,,,1,100,,37909,1948,,,1,100,,37902,1948,,,1,100,,37910,1948,,,1,100,,37903,1948,,,1,100,,37911,1948,,,1,100,,37904,1948,,,1,100,,37912,1948,,,1,100,,37905,1948,,,1,100,,37913,1948,,,1,100,,37906,1948,,,1,100,,37914,1948,,,1
12301,'F9',515,,37915,1948,,,1,100,,37925,1948,,,1,100,,37916,1948,,,1,100,,37926,1948,,,1,100,,37917,1948,,,1,100,,37927,1948,,,1,100,,37918,1948,,,1,100,,37928,1948,,,1,100,,37919,1948,,,1,100,,37929,1948,,,1,100,,37920,1948,,,1,100,,37930,1948,,,1,100,,37921,1948,,,1,100,,37931,1948,,,1,100,,37922,1948,,,1,100,,37932,1948,,,1,100,,37923,1948,,,1,100,,37933,1948,,,1,100,,37924,1948,,,1,100,,37934,1948,,,1
12301,'SA',515,,37937,1948,,,1,100,,37935,1948,,,1,100,,37938,1948,,,1,100,,37936,1948,,,1,100,,37939,1948,,,1,100,,37947,1948,,,1,100,,37940,1948,,,1,100,,37948,1948,,,1,100,,37941,1948,,,1,100,,37949,1948,,,1,100,,37942,1948,,,1,100,,37950,1948,,,1,100,,37943,1948,,,1,100,,37951,1948,,,1,100,,37944,1948,,,1,100,,37952,1948,,,1,100,,37945,1948,,,1,100,,37953,1948,,,1,100,,37946,1948,,,1,100,,37954,1948,,,1
12301,'SE',500,,37966,1948,,,1,30,,37976,1948,,,1,20,,37959,1948,,,1,60,,37958,1948,,,1,15,,37960,1948,,,1,25,,37961,1948,,,1,70,,37955,1948,,,1,30,,37956,1948,,,1,70,,37957,1948,,,1,30,,37977,1948,,,1,70,,37980,1948,,,1,96,,37967,1948,,,1,100,,37963,1948,,,1,100,,37973,1948,,,1,100,,37978,1948,,,1,100,,37983,1948,,,1,11,,37971,1948,,,1,23,,37984,1948,,,1,60,,37986,1948,,,1,15,,37972,1948,,,1,19,,37970,1948,,,1,6,,37981,1948,,,1,55,,37987,1948,,,1,10,,37989,1948,,,1,6,,37975,1948,,,1,24,,37974,1948,,,1,70,,37985,1948,,,1,31,,37990,1948,,,1,71,,37965,1948,,,1,26,,37962,1948,,,1,74,,37964,1948,,,1,28,,37982,1948,,,1,70,,37979,1948,,,1,98,,37988,1948,,,1,100,,37968,1948,,,1,100,,37991,1948,,,1,120,,37969,1948,,,1
