6100,'DI',716,,58301,11554,,,2,89,,58305,11554,,,2,30,,58302,11554,,,2,70,,58308,11554,,,2,30,,58306,11554,,,2,70,,58303,11554,,,2,30,,58309,11554,,,2,70,,58311,11554,,,2,30,,58316,11554,,,2,70,,58321,11554,,,2,30,,58312,11554,,,2,70,,58317,11554,,,2,30,,58322,11554,,,2,70,,58313,11554,,,2,30,,58318,11554,,,2,70,,58324,11554,,,2,30,,58314,11554,,,2,74,,58319,11554,,,2,21,,58325,11554,,,2,75,,58328,11554,,,2,20,,58332,11554,,,2,80,,58326,11554,,,2,25,,58329,11554,,,2,70,,58333,11554,,,2,45,,58330,11554,,,2,100,,58334,11554,,,2,100,,58336,11554,,,2,100,,58338,11554,,,2,100,,58340,11554,,,2,100,,58341,11554,,,2
6100,'F1',716,,58342,11554,,,2,89,,58346,11554,,,2,30,,58343,11554,,,2,70,,58349,11554,,,2,30,,58347,11554,,,2,70,,58344,11554,,,2,30,,58350,11554,,,2,70,,58352,11554,,,2,30,,58357,11554,,,2,70,,58362,11554,,,2,30,,58353,11554,,,2,70,,58358,11554,,,2,30,,58363,11554,,,2,70,,58354,11554,,,2,30,,58359,11554,,,2,70,,58365,11554,,,2,30,,58355,11554,,,2,74,,58360,11554,,,2,21,,58366,11554,,,2,75,,58369,11554,,,2,20,,58373,11554,,,2,80,,58367,11554,,,2,25,,58370,11554,,,2,70,,58374,11554,,,2,45,,58371,11554,,,2,100,,58375,11554,,,2,100,,58377,11554,,,2,100,,58379,11554,,,2,100,,58381,11554,,,2,100,,58382,11554,,,2
6100,'F2',716,,58383,11554,,,2,89,,58387,11554,,,2,30,,58384,11554,,,2,70,,58390,11554,,,2,30,,58388,11554,,,2,70,,58385,11554,,,2,30,,58391,11554,,,2,70,,58393,11554,,,2,30,,58398,11554,,,2,70,,58401,11554,,,2,30,,58394,11554,,,2,70,,58399,11554,,,2,30,,58402,11554,,,2,70,,58395,11554,,,2,30,,58404,11554,,,2,70,,58409,11554,,,2,30,,58396,11554,,,2,74,,58405,11554,,,2,21,,58410,11554,,,2,75,,58413,11554,,,2,20,,58406,11554,,,2,80,,58411,11554,,,2,25,,58414,11554,,,2,70,,58407,11554,,,2,45,,58416,11554,,,2,100,,58419,11554,,,2,100,,58417,11554,,,2,100,,58421,11554,,,2,100,,58420,11554,,,2,100,,58422,11554,,,2
6100,'SA',716,,58423,11554,,,2,89,,58427,11554,,,2,30,,58424,11554,,,2,70,,58430,11554,,,2,30,,58428,11554,,,2,70,,58425,11554,,,2,30,,58431,11554,,,2,70,,58433,11554,,,2,30,,58438,11554,,,2,70,,58441,11554,,,2,30,,58434,11554,,,2,70,,58439,11554,,,2,30,,58442,11554,,,2,70,,58435,11554,,,2,30,,58444,11554,,,2,70,,58449,11554,,,2,30,,58436,11554,,,2,74,,58445,11554,,,2,21,,58450,11554,,,2,75,,58453,11554,,,2,20,,58446,11554,,,2,80,,58451,11554,,,2,25,,58454,11554,,,2,70,,58447,11554,,,2,45,,58456,11554,,,2,100,,58459,11554,,,2,100,,58457,11554,,,2,100,,58461,11554,,,2,100,,58460,11554,,,2,100,,58462,11554,,,2
6100,'SE',625,,58465,11554,,,2,28,,58463,11554,,,2,66,,58472,11554,,,2,9,,58477,11554,,,2,19,,58469,11554,,,2,66,,58466,11554,,,2,22,,58474,11554,,,2,15,,58479,11554,,,2,76,,58470,11554,,,2,30,,58467,11554,,,2,70,,58475,11554,,,2,31,,58519,11554,,,2,70,,58473,11554,,,2,30,,58480,11554,,,2,70,,58484,11554,,,2,30,,58481,11554,,,2,70,,58482,11554,,,2,73,,58486,11554,,,2,21,,58489,11554,,,2,27,,58494,11554,,,2,63,,58483,11554,,,2,20,,58485,11554,,,2,24,,58497,11554,,,2,4,,58500,11554,,,2,65,,58490,11554,,,2,7,,58492,11554,,,2,14,,58501,11554,,,2,13,,58502,11554,,,2,54,,58487,11554,,,2,15,,58506,11554,,,2,6,,58509,11554,,,2,18,,58498,11554,,,2,54,,58495,11554,,,2,24,,58511,11554,,,2,24,,58503,11554,,,2,68,,58514,11554,,,2,29,,58517,11554,,,2,70,,58507,11554,,,2,30,,58510,11554,,,2,70,,58518,11554,,,2,30,,58504,11554,,,2,68,,58515,11554,,,2,30,,58512,11554,,,2,69,,58508,11554,,,2,30,,58516,11554,,,2,70,,58513,11554,,,2
16100,'DI',625,,38650,14700,,,2,1132,,62339,14700,,,2
16100,'F1',625,,50332,14700,,,2,1132,,62350,14700,,,2
16100,'F2',625,,62363,14700,,,2,1102,,62362,14700,,,2
16100,'SA',625,,62376,14700,,,2,1102,,62375,14700,,,2
16100,'SE',704,,62391,14589,,,2,25,,62390,14589,,,2,25,,62389,14589,,,2,462,,62392,14700,,,2,389,,62393,14700,,,2,41,,62394,14700,,,2,80,,62396,14700,,,2,100,,62395,14700,,,2
