2501,'DI',1606,,56146,11499,,,2
2501,'F1',1606,,56147,11499,,,2
2501,'F2',1606,,56148,11499,,,2
2501,'SA',1606,,56149,11499,,,2
2501,'SE',518,,56159,9863,,,2,30,,56162,9863,,,2,63,,56171,9863,,,2,34,,56160,9863,,,2,75,,56177,11499,,,2,30,,56175,11499,,,2,66,,56161,9863,,,2,30,,56163,9863,,,2,67,,56165,9863,,,2,505,,56172,9863,,,2,31,,56164,9863,,,2,72,,56170,9863,,,2,31,,56181,11499,,,2,59,,56180,11499,,,2,12,,56178,11499,,,2,9,,56155,9863,,,2,19,,56166,9863,,,2,54,,56152,9863,,,2,17,,56150,9863,,,2,28,,56167,9863,,,2,67,,56154,9863,,,2,29,,56151,9863,,,2,99,,56153,9863,,,2,385,,56174,9863,,,2,86,,56176,11499,,,2,12,,56156,9863,,,2,75,,56169,9863,,,2
8101,'DI',637,,60482,15929,,,1,100,,60474,15929,,,1,100,,60484,15929,,,1,103,,60469,15929,,,1,100,,60487,15929,,,1,100,,60485,15929,,,1,100,,60471,15929,,,1,100,,60470,15929,,,1,100,,60478,15929,,,1,100,,60480,15929,,,1,100,,60488,15929,,,1,96,,60472,15929,,,1,108,,60483,15929,,,1,96,,60476,15929,,,1,100,,60475,15929,,,1,100,,60481,15929,,,1,100,,60477,15929,,,1,100,,60479,15929,,,1,100,,60473,15929,,,1
8101,'F1',637,,60502,15929,,,1,100,,60494,15929,,,1,100,,60504,15929,,,1,103,,60489,15929,,,1,100,,60507,15929,,,1,100,,60505,15929,,,1,100,,60491,15929,,,1,100,,60490,15929,,,1,100,,60498,15929,,,1,100,,60500,15929,,,1,100,,60508,15929,,,1,96,,60492,15929,,,1,108,,60503,15929,,,1,96,,60496,15929,,,1,100,,60495,15929,,,1,100,,60501,15929,,,1,100,,60497,15929,,,1,100,,60499,15929,,,1,100,,60493,15929,,,1
8101,'F2',637,,60529,15929,,,1,100,,60512,15929,,,1,100,,60510,15929,,,1,103,,60527,15929,,,1,100,,60513,15929,,,1,100,,60516,15929,,,1,100,,60517,15929,,,1,100,,60520,15929,,,1,100,,60518,15929,,,1,100,,60511,15929,,,1,100,,60509,15929,,,1,100,,60519,15929,,,1,104,,60521,15929,,,1,96,,60514,15929,,,1,100,,60515,15929,,,1,100,,60522,15929,,,1,100,,60524,15929,,,1,100,,60528,15929,,,1,100,,60523,15929,,,1,100,,60525,15929,,,1
8101,'SA',637,,60550,15929,,,1,100,,60533,15929,,,1,100,,60531,15929,,,1,103,,60548,15929,,,1,100,,60534,15929,,,1,100,,60537,15929,,,1,100,,60538,15929,,,1,100,,60541,15929,,,1,100,,60539,15929,,,1,100,,60532,15929,,,1,100,,60530,15929,,,1,100,,60540,15929,,,1,104,,60542,15929,,,1,96,,60535,15929,,,1,100,,60536,15929,,,1,100,,60543,15929,,,1,100,,60545,15929,,,1,100,,60549,15929,,,1,100,,60544,15929,,,1,100,,60546,15929,,,1
8101,'SE',608,,60564,15929,,,1,30,,60574,15929,,,1,62,,60553,15929,,,1,38,,60562,15929,,,1,70,,60552,15929,,,1,31,,60569,15929,,,1,69,,60559,15929,,,1,36,,60575,15929,,,1,98,,60554,15929,,,1,100,,60558,15929,,,1,100,,60560,15929,,,1,100,,60576,15929,,,1,100,,60577,15929,,,1,100,,60555,15929,,,1,71,,60557,15929,,,1,31,,60570,15929,,,1,70,,60578,15929,,,1,30,,60573,15929,,,1,70,,60551,15929,,,1,30,,60565,15929,,,1,70,,60567,15929,,,1,26,,60563,15929,,,1,100,,60556,15929,,,1,100,,60561,15929,,,1,100,,60571,15929,,,1,100,,60566,15929,,,1,100,,60579,15929,,,1,100,,60572,15929,,,1
