801,'DI',533,,23101,6066,,,1,70,,2745,6066,,,1,30,,2752,6066,,,1,70,,23108,6066,,,1,30,,23102,6066,,,1,71,,2746,6066,,,1,30,,2753,6066,,,1,70,,23109,6066,,,1,27,,23103,6066,,,1,70,,2747,6066,,,1,30,,2754,6066,,,1,27,,23110,6066,,,1,70,,23104,6066,,,1,30,,2748,6066,,,1,70,,2755,6066,,,1,30,,23111,6066,,,1,71,,2741,6066,,,1,30,,2749,6066,,,1,71,,2756,6066,,,1,70,,23112,6066,,,1,30,,23106,6066,,,1,70,,2750,6066,,,1,30,,23115,6066,,,1,70,,23113,6066,,,1,19,,23105,6066,,,1,16,,23107,6066,,,1,70,,2751,6066,,,1,28,,23116,6066,,,1,70,,23114,6066,,,1,45,,2742,6066,,,1,102,,23117,6066,,,1,100,,2743,6066,,,1,99,,23118,6066,,,1,100,,2744,6066,,,1,99,,23119,6066,,,1
801,'F8',533,,23268,6066,,,1,70,,23280,6066,,,1,30,,23283,6066,,,1,70,,23286,6066,,,1,30,,23269,6066,,,1,70,,23281,6066,,,1,30,,23284,6066,,,1,70,,23287,6066,,,1,27,,23270,6066,,,1,27,,23282,6066,,,1,70,,23285,6066,,,1,30,,23288,6066,,,1,71,,23271,6066,,,1,30,,23276,6066,,,1,71,,23293,6066,,,1,30,,23289,6066,,,1,71,,23272,6066,,,1,70,,23277,6066,,,1,30,,23294,6066,,,1,70,,23290,6066,,,1,30,,23297,6066,,,1,70,,23278,6066,,,1,30,,23295,6066,,,1,70,,23291,6066,,,1,25,,23264,6066,,,1,10,,23298,6066,,,1,23,,23279,6066,,,1,70,,23296,6066,,,1,30,,23292,6066,,,1,90,,23265,6066,,,1,100,,23273,6066,,,1,100,,23266,6066,,,1,100,,23274,6066,,,1,100,,23267,6066,,,1,101,,23275,6066,,,1
801,'F9',533,,23299,6066,,,1,70,,23307,6066,,,1,30,,23314,6066,,,1,70,,23322,6066,,,1,30,,23300,6066,,,1,71,,23308,6066,,,1,30,,23315,6066,,,1,70,,23323,6066,,,1,27,,23301,6066,,,1,70,,23309,6066,,,1,30,,23316,6066,,,1,27,,23324,6066,,,1,70,,23302,6066,,,1,30,,23310,6066,,,1,70,,23317,6066,,,1,30,,23325,6066,,,1,71,,23303,6066,,,1,30,,23311,6066,,,1,71,,23318,6066,,,1,70,,23326,6066,,,1,30,,23320,6066,,,1,70,,23312,6066,,,1,30,,23329,6066,,,1,70,,23327,6066,,,1,19,,23319,6066,,,1,16,,23321,6066,,,1,70,,23313,6066,,,1,28,,23330,6066,,,1,70,,23328,6066,,,1,45,,23304,6066,,,1,102,,23331,6066,,,1,100,,23305,6066,,,1,99,,23332,6066,,,1,100,,23306,6066,,,1,99,,23333,6066,,,1
801,'SA',533,,23338,6066,,,1,70,,23350,6066,,,1,30,,23353,6066,,,1,70,,23356,6066,,,1,30,,23339,6066,,,1,70,,23351,6066,,,1,30,,23354,6066,,,1,70,,23357,6066,,,1,27,,23340,6066,,,1,27,,23352,6066,,,1,70,,23355,6066,,,1,30,,23358,6066,,,1,71,,23341,6066,,,1,30,,23346,6066,,,1,71,,23363,6066,,,1,30,,23359,6066,,,1,71,,23342,6066,,,1,70,,23347,6066,,,1,30,,23364,6066,,,1,70,,23360,6066,,,1,30,,2977,6066,,,1,70,,23348,6066,,,1,30,,23365,6066,,,1,70,,23361,6066,,,1,25,,23334,6066,,,1,10,,2978,6066,,,1,23,,23349,6066,,,1,70,,23366,6066,,,1,30,,23362,6066,,,1,90,,23335,6066,,,1,100,,23343,6066,,,1,100,,23336,6066,,,1,100,,23344,6066,,,1,100,,23337,6066,,,1,101,,23345,6066,,,1
801,'SE',459,,23393,6066,,,1,73,,23367,6066,,,1,27,,23401,6066,,,1,61,,23403,6066,,,1,22,,23410,6066,,,1,11,,23413,6066,,,1,49,,23372,6066,,,1,8,,23376,6066,,,1,10,,23383,6066,,,1,9,,23368,6066,,,1,11,,23395,6066,,,1,61,,23402,6066,,,1,20,,23404,6066,,,1,18,,23394,6066,,,1,13,,23371,6066,,,1,55,,23373,6066,,,1,15,,23377,6066,,,1,15,,23369,6066,,,1,17,,23386,6066,,,1,55,,23382,6066,,,1,14,,23405,6066,,,1,15,,23379,6066,,,1,16,,23430,6066,,,1,55,,23374,6066,,,1,15,,23378,6066,,,1,15,,23370,6066,,,1,15,,23384,6066,,,1,55,,23387,6066,,,1,16,,23414,6066,,,1,15,,23406,6066,,,1,15,,23416,6066,,,1,55,,23389,6066,,,1,15,,23433,6066,,,1,15,,23439,6066,,,1,15,,23431,6066,,,1,55,,23421,6066,,,1,16,,23419,6066,,,1,15,,23396,6066,,,1,13,,23438,6066,,,1,59,,23380,6066,,,1,11,,23417,6066,,,1,10,,23375,6066,,,1,14,,23432,6066,,,1,56,,23420,6066,,,1,16,,23429,6066,,,1,15,,23388,6066,,,1,13,,23424,6066,,,1,56,,23423,6066,,,1,15,,23407,6066,,,1,15,,23381,6066,,,1,17,,23418,6066,,,1,61,,23422,6066,,,1,24,,23399,6066,,,1,67,,23425,6066,,,1,28,,23411,6066,,,1,71,,23397,6066,,,1,30,,23426,6066,,,1,73,,23408,6066,,,1,27,,23412,6066,,,1,13,,23390,6066,,,1,60,,23398,6066,,,1,29,,23427,6066,,,1,20,,23409,6066,,,1,93,,23391,6066,,,1,100,,23392,6066,,,1
4201,'DI',544,,29629,2360,,,1,100,,29630,2360,,,1,100,,29631,2360,,,1,100,,29632,2360,,,1,100,,29633,2360,,,1,100,,29634,2360,,,1,100,,29635,2360,,,1,100,,29636,2360,,,1,100,,29637,2360,,,1,100,,29638,2360,,,1,100,,29639,2360,,,1,100,,29640,2360,,,1,100,,29641,2360,,,1,100,,29642,2360,,,1,100,,29643,2360,,,1,100,,29644,2360,,,1,100,,29645,2360,,,1,100,,29646,2360,,,1,100,,29647,2360,,,1,100,,29648,2360,,,1
4201,'F8',544,,29751,2360,,,1,100,,29752,2360,,,1,100,,29753,2360,,,1,100,,29754,2360,,,1,100,,29735,2360,,,1,100,,29736,2360,,,1,100,,29737,2360,,,1,100,,29738,2360,,,1,100,,29739,2360,,,1,100,,29740,2360,,,1,100,,29741,2360,,,1,100,,29742,2360,,,1,100,,29743,2360,,,1,100,,29744,2360,,,1,100,,29745,2360,,,1,100,,29746,2360,,,1,100,,29747,2360,,,1,100,,29748,2360,,,1,100,,29749,2360,,,1,100,,29750,2360,,,1
4201,'F9',544,,29755,2360,,,1,100,,29756,2360,,,1,100,,29757,2360,,,1,100,,29758,2360,,,1,100,,29759,2360,,,1,100,,29760,2360,,,1,100,,29761,2360,,,1,100,,29762,2360,,,1,100,,29763,2360,,,1,100,,29764,2360,,,1,100,,29765,2360,,,1,100,,29766,2360,,,1,100,,29767,2360,,,1,100,,29768,2360,,,1,100,,29769,2360,,,1,100,,29770,2360,,,1,100,,29771,2360,,,1,100,,29772,2360,,,1,100,,29773,2360,,,1,100,,29774,2360,,,1
4201,'SA',544,,29791,2360,,,1,100,,29792,2360,,,1,100,,29793,2360,,,1,100,,29794,2360,,,1,100,,29775,2360,,,1,100,,29776,2360,,,1,100,,29777,2360,,,1,100,,29778,2360,,,1,100,,29779,2360,,,1,100,,29780,2360,,,1,100,,29781,2360,,,1,100,,29782,2360,,,1,100,,29783,2360,,,1,100,,29784,2360,,,1,100,,29785,2360,,,1,100,,29786,2360,,,1,100,,29787,2360,,,1,100,,29788,2360,,,1,100,,29789,2360,,,1,100,,29790,2360,,,1
4201,'SE',512,,29799,2360,,,1,20,,29825,2360,,,1,70,,29804,2360,,,1,21,,29822,2360,,,1,14,,29823,2360,,,1,14,,29800,2360,,,1,54,,29805,2360,,,1,14,,29824,2360,,,1,14,,29807,2360,,,1,14,,29803,2360,,,1,63,,29801,2360,,,1,34,,29808,2360,,,1,78,,29839,2360,,,1,30,,29840,2360,,,1,70,,29802,2360,,,1,30,,29830,2360,,,1,70,,29806,2360,,,1,30,,29835,2360,,,1,70,,29809,2360,,,1,30,,29836,2360,,,1,70,,29795,2360,,,1,30,,29812,2360,,,1,70,,29810,2360,,,1,30,,29826,2360,,,1,4,,29827,2360,,,1,2,,29798,2360,,,1,42,,29829,2360,,,1,22,,29838,2360,,,1,30,,29813,2360,,,1,70,,29833,2360,,,1,28,,29831,2360,,,1,64,,29837,2360,,,1,17,,29834,2360,,,1,27,,29832,2360,,,1,69,,29828,2360,,,1,26,,29811,2360,,,1,75,,29814,2360,,,1,30,,29818,2360,,,1,70,,29815,2360,,,1,30,,29819,2360,,,1,69,,29816,2360,,,1,31,,29820,2360,,,1,70,,29817,2360,,,1,30,,29821,2360,,,1,90,,29796,2360,,,1,100,,29797,2360,,,1
44201,'SE',715,,40002,7454,,,2,100,,40003,7454,,,2
