400,'DI',637,,21106,4681,,,1,70,,21112,4681,,,1,30,,21124,4681,,,1,70,,21121,4681,,,1,32,,21107,4681,,,1,70,,21113,4681,,,1,32,,21127,4681,,,1,70,,21129,4681,,,1,30,,21108,4681,,,1,71,,21114,4681,,,1,30,,21128,4681,,,1,67,,21130,4681,,,1,31,,21109,4681,,,1,72,,21135,4681,,,1,30,,21136,4681,,,1,68,,21131,4681,,,1,31,,21110,4681,,,1,69,,21115,4681,,,1,30,,21138,4681,,,1,72,,21118,4681,,,1,30,,21111,4681,,,1,70,,21116,4681,,,1,30,,21139,4681,,,1,72,,21119,4681,,,1,28,,21132,4681,,,1,70,,21137,4681,,,1,30,,21134,4681,,,1,70,,21126,4681,,,1,30,,21133,4681,,,1,70,,21122,4681,,,1,30,,21105,4681,,,1,70,,21117,4681,,,1,100,,21123,4681,,,1,100,,21125,4681,,,1
400,'F1',637,,43386,4681,,,1,70,,43392,4681,,,1,30,,43404,4681,,,1,70,,43401,4681,,,1,32,,43387,4681,,,1,70,,43393,4681,,,1,32,,43407,4681,,,1,70,,43409,4681,,,1,30,,43388,4681,,,1,71,,43394,4681,,,1,30,,43408,4681,,,1,67,,43410,4681,,,1,31,,43389,4681,,,1,72,,43415,4681,,,1,30,,43416,4681,,,1,68,,43411,4681,,,1,31,,43390,4681,,,1,69,,43395,4681,,,1,30,,43418,4681,,,1,72,,43398,4681,,,1,30,,43391,4681,,,1,70,,43396,4681,,,1,30,,43419,4681,,,1,72,,43399,4681,,,1,28,,43412,4681,,,1,70,,43417,4681,,,1,30,,43414,4681,,,1,70,,43406,4681,,,1,30,,43413,4681,,,1,70,,43402,4681,,,1,30,,43385,4681,,,1,70,,43397,4681,,,1,100,,43403,4681,,,1,100,,43405,4681,,,1
400,'F2',637,,43421,4681,,,1,70,,43429,4681,,,1,30,,43430,4681,,,1,70,,43426,4681,,,1,32,,43422,4681,,,1,70,,43448,4681,,,1,32,,43431,4681,,,1,71,,43427,4681,,,1,30,,43423,4681,,,1,70,,43449,4681,,,1,30,,43432,4681,,,1,70,,43442,4681,,,1,30,,43453,4681,,,1,70,,43440,4681,,,1,30,,43452,4681,,,1,70,,43436,4681,,,1,30,,43420,4681,,,1,70,,43433,4681,,,1,30,,43443,4681,,,1,70,,43454,4681,,,1,30,,43451,4681,,,1,70,,43439,4681,,,1,30,,43445,4681,,,1,70,,43438,4681,,,1,30,,43428,4681,,,1,70,,43444,4681,,,1,30,,43435,4681,,,1,70,,43424,4681,,,1,30,,43447,4681,,,1,70,,43434,4681,,,1,30,,43446,4681,,,1,70,,43450,4681,,,1,100,,43441,4681,,,1,100,,43437,4681,,,1
400,'F8',637,,21250,4681,,,1,70,,21258,4681,,,1,30,,21259,4681,,,1,70,,21255,4681,,,1,32,,21251,4681,,,1,70,,21277,4681,,,1,32,,21260,4681,,,1,71,,21256,4681,,,1,30,,21252,4681,,,1,70,,21278,4681,,,1,30,,21261,4681,,,1,70,,21271,4681,,,1,30,,21282,4681,,,1,70,,21269,4681,,,1,30,,21281,4681,,,1,70,,21265,4681,,,1,30,,21249,4681,,,1,70,,21262,4681,,,1,30,,21272,4681,,,1,70,,21283,4681,,,1,30,,21280,4681,,,1,70,,21268,4681,,,1,30,,21274,4681,,,1,70,,21267,4681,,,1,30,,21257,4681,,,1,70,,21273,4681,,,1,30,,21264,4681,,,1,70,,21253,4681,,,1,30,,21276,4681,,,1,70,,21263,4681,,,1,30,,21275,4681,,,1,70,,21279,4681,,,1,100,,21270,4681,,,1,100,,21266,4681,,,1
400,'F9',637,,21285,4681,,,1,70,,21291,4681,,,1,30,,21303,4681,,,1,70,,21300,4681,,,1,32,,21286,4681,,,1,70,,21292,4681,,,1,32,,21306,4681,,,1,70,,21308,4681,,,1,30,,21287,4681,,,1,71,,21293,4681,,,1,30,,21307,4681,,,1,67,,21309,4681,,,1,31,,21288,4681,,,1,72,,21314,4681,,,1,30,,21315,4681,,,1,68,,21310,4681,,,1,31,,21289,4681,,,1,69,,21294,4681,,,1,30,,21317,4681,,,1,72,,21297,4681,,,1,30,,21290,4681,,,1,70,,21295,4681,,,1,30,,21318,4681,,,1,72,,21298,4681,,,1,28,,21311,4681,,,1,70,,21316,4681,,,1,30,,21313,4681,,,1,70,,21305,4681,,,1,30,,21312,4681,,,1,70,,21301,4681,,,1,30,,21284,4681,,,1,70,,21296,4681,,,1,100,,21302,4681,,,1,100,,21304,4681,,,1
400,'SA',637,,21319,4681,,,1,70,,1103,4681,,,1,30,,1104,4681,,,1,70,,1102,4681,,,1,32,,21320,4681,,,1,70,,21339,4681,,,1,32,,1105,4681,,,1,71,,21323,4681,,,1,30,,21321,4681,,,1,70,,21340,4681,,,1,30,,1106,4681,,,1,70,,21333,4681,,,1,30,,21344,4681,,,1,70,,21331,4681,,,1,30,,21343,4681,,,1,70,,21327,4681,,,1,30,,1099,4681,,,1,70,,1107,4681,,,1,30,,21334,4681,,,1,70,,21345,4681,,,1,30,,21342,4681,,,1,70,,21330,4681,,,1,30,,21336,4681,,,1,70,,21329,4681,,,1,30,,21324,4681,,,1,70,,21335,4681,,,1,30,,21326,4681,,,1,70,,21322,4681,,,1,30,,21338,4681,,,1,70,,21325,4681,,,1,30,,21337,4681,,,1,70,,21341,4681,,,1,100,,21332,4681,,,1,100,,21328,4681,,,1
400,'SE',604,,43492,4681,,,1,20,,43481,4681,,,1,15,,43485,4681,,,1,20,,43488,4681,,,1,66,,43483,4681,,,1,17,,43490,4681,,,1,64,,43493,4681,,,1,12,,43491,4681,,,1,32,,43496,4681,,,1,53,,43461,4681,,,1,23,,43455,4681,,,1,30,,43476,4681,,,1,70,,43465,4681,,,1,30,,43462,4681,,,1,70,,43459,4681,,,1,30,,43463,4681,,,1,70,,43469,4681,,,1,30,,43456,4681,,,1,70,,43458,4681,,,1,29,,43478,4681,,,1,69,,43470,4681,,,1,32,,43486,4681,,,1,66,,43480,4681,,,1,34,,43484,4681,,,1,71,,43487,4681,,,1,30,,43494,4681,,,1,70,,43495,4681,,,1,24,,43457,4681,,,1,60,,43471,4681,,,1,34,,43472,4681,,,1,74,,43460,4681,,,1,30,,43475,4681,,,1,70,,43467,4681,,,1,29,,43468,4681,,,1,70,,43479,4681,,,1,30,,43466,4681,,,1,69,,43477,4681,,,1,30,,43474,4681,,,1,100,,43473,4681,,,1,100,,43464,4681,,,1
3200,'DI',608,,28441,4681,0,44,1,101,,28442,4681,0,44,1,99,,28443,4681,0,44,1,102,,28444,4681,0,44,1,100,,28447,4681,0,44,1,100,,28449,4681,0,44,1,101,,28445,4681,0,44,1,101,,28451,4681,0,44,1,98,,28450,4681,0,44,1,104,,28453,4681,0,44,1,96,,28452,4681,0,44,1,100,,28455,4681,0,44,1,100,,28454,4681,0,44,1,100,,28448,4681,0,44,1,100,,28439,4681,0,44,1,100,,28456,4681,0,44,1,100,,28458,4681,0,44,1,100,,28446,4681,0,44,1,100,,28457,4681,0,44,1,99,,28440,4681,0,44,1
3200,'F1',608,,46248,4681,0,44,1,101,,46249,4681,0,44,1,99,,46250,4681,0,44,1,102,,46251,4681,0,44,1,100,,46254,4681,0,44,1,100,,46256,4681,0,44,1,101,,46252,4681,0,44,1,101,,46258,4681,0,44,1,98,,46257,4681,0,44,1,104,,46260,4681,0,44,1,96,,46259,4681,0,44,1,100,,46262,4681,0,44,1,100,,46261,4681,0,44,1,100,,46255,4681,0,44,1,100,,46246,4681,0,44,1,100,,46263,4681,0,44,1,100,,46265,4681,0,44,1,100,,46253,4681,0,44,1,100,,46264,4681,0,44,1,99,,46247,4681,0,44,1
3200,'F2',608,,46267,4681,0,44,1,101,,46268,4681,0,44,1,96,,46269,4681,0,44,1,103,,46270,4681,0,44,1,101,,46276,4681,0,44,1,101,,46271,4681,0,44,1,99,,46285,4681,0,44,1,104,,46277,4681,0,44,1,102,,46272,4681,0,44,1,97,,46273,4681,0,44,1,98,,46278,4681,0,44,1,100,,46279,4681,0,44,1,100,,46274,4681,0,44,1,100,,46281,4681,0,44,1,100,,46280,4681,0,44,1,100,,46282,4681,0,44,1,100,,46284,4681,0,44,1,100,,46283,4681,0,44,1,100,,46275,4681,0,44,1,99,,46266,4681,0,44,1
3200,'F8',608,,28526,4681,0,44,1,101,,28527,4681,0,44,1,96,,28528,4681,0,44,1,103,,28529,4681,0,44,1,101,,28535,4681,0,44,1,101,,28530,4681,0,44,1,99,,28544,4681,0,44,1,104,,28536,4681,0,44,1,102,,28531,4681,0,44,1,97,,28532,4681,0,44,1,98,,28537,4681,0,44,1,100,,28538,4681,0,44,1,100,,28533,4681,0,44,1,100,,28540,4681,0,44,1,100,,28539,4681,0,44,1,100,,28541,4681,0,44,1,100,,28543,4681,0,44,1,100,,28542,4681,0,44,1,100,,28534,4681,0,44,1,99,,28525,4681,0,44,1
3200,'F9',608,,28547,4681,0,44,1,101,,28548,4681,0,44,1,99,,28549,4681,0,44,1,102,,28550,4681,0,44,1,100,,28553,4681,0,44,1,100,,28555,4681,0,44,1,101,,28551,4681,0,44,1,101,,28557,4681,0,44,1,98,,28556,4681,0,44,1,104,,28559,4681,0,44,1,96,,28558,4681,0,44,1,100,,28561,4681,0,44,1,100,,28560,4681,0,44,1,100,,28554,4681,0,44,1,100,,28545,4681,0,44,1,100,,28562,4681,0,44,1,100,,28564,4681,0,44,1,100,,28552,4681,0,44,1,100,,28563,4681,0,44,1,99,,28546,4681,0,44,1
3200,'SA',608,,28566,4681,0,44,1,101,,28567,4681,0,44,1,96,,28568,4681,0,44,1,103,,28569,4681,0,44,1,101,,28575,4681,0,44,1,101,,28570,4681,0,44,1,99,,28584,4681,0,44,1,104,,28576,4681,0,44,1,102,,28571,4681,0,44,1,97,,28572,4681,0,44,1,98,,28577,4681,0,44,1,100,,28578,4681,0,44,1,100,,28573,4681,0,44,1,100,,28580,4681,0,44,1,100,,28579,4681,0,44,1,100,,28581,4681,0,44,1,100,,28583,4681,0,44,1,100,,28582,4681,0,44,1,100,,28574,4681,0,44,1,99,,28565,4681,0,44,1
3200,'SE',620,,46301,4681,,,1,32,,46302,4681,,,1,64,,46311,4681,,,1,32,,46304,4681,,,1,76,,46310,4681,,,1,19,,46288,4681,0,44,1,96,,46290,4681,0,44,1,100,,46292,4681,0,44,1,100,,46286,4681,0,44,1,100,,46299,4681,0,44,1,100,,46287,4681,0,44,1,104,,46291,4681,0,44,1,105,,46309,4681,,,1,68,,46306,4681,,,1,30,,46300,4681,,,1,71,,46308,4681,,,1,25,,46305,4681,,,1,74,,46307,4681,,,1,25,,46303,4681,,,1,73,,46293,4681,0,44,1,30,,46297,4681,0,44,1,100,,46296,4681,0,44,1,99,,46298,4681,0,44,1,100,,46289,4681,0,44,1,99,,46294,4681,0,44,1,101,,46295,4681,0,44,1
3800,'DI',654,,28912,4718,,,1,100,,28918,4718,,,1,100,,28916,4718,,,1,101,,28910,4718,,,1,96,,28919,4718,,,1,100,,28907,4718,,,1,103,,28923,4718,,,1,100,,28911,4718,,,1,100,,28917,4718,,,1,101,,28920,4718,,,1,104,,28908,4718,,,1,141,,28913,4718,,,1,57,,28914,4718,,,1,100,,28909,4718,,,1,99,,28921,4718,,,1,101,,28915,4718,,,1,100,,28922,4718,,,1,100,,28924,4718,,,1
3800,'F1',654,,46445,4718,,,1,100,,46451,4718,,,1,100,,46449,4718,,,1,101,,46443,4718,,,1,96,,46452,4718,,,1,100,,46440,4718,,,1,103,,46456,4718,,,1,100,,46444,4718,,,1,100,,46450,4718,,,1,101,,46453,4718,,,1,104,,46441,4718,,,1,141,,46446,4718,,,1,57,,46447,4718,,,1,100,,46442,4718,,,1,99,,46454,4718,,,1,101,,46448,4718,,,1,100,,46455,4718,,,1,100,,46457,4718,,,1
3800,'F2',554,,46463,4718,,,1,100,,46460,4718,,,1,100,,46470,4718,,,1,100,,46464,4718,,,1,100,,46471,4718,,,1,100,,46465,4718,,,1,100,,46472,4718,,,1,104,,46466,4718,,,1,100,,46473,4718,,,1,100,,46467,4718,,,1,142,,46461,4718,,,1,100,,46468,4718,,,1,100,,46462,4718,,,1,57,,46469,4718,,,1,100,,46458,4718,,,1,99,,46474,4718,,,1,100,,46459,4718,,,1,101,,46475,4718,,,1,99,,46476,4718,,,1
3800,'F8',554,,28998,4718,,,1,100,,28995,4718,,,1,100,,29005,4718,,,1,100,,28999,4718,,,1,100,,29006,4718,,,1,100,,29000,4718,,,1,100,,29007,4718,,,1,104,,29001,4718,,,1,100,,29008,4718,,,1,100,,29002,4718,,,1,142,,28996,4718,,,1,100,,29003,4718,,,1,100,,28997,4718,,,1,57,,29004,4718,,,1,100,,28993,4718,,,1,99,,29009,4718,,,1,100,,28994,4718,,,1,101,,29010,4718,,,1,99,,29011,4718,,,1
3800,'F9',654,,29017,4718,,,1,100,,29023,4718,,,1,100,,29021,4718,,,1,101,,29015,4718,,,1,96,,29024,4718,,,1,100,,29012,4718,,,1,103,,29028,4718,,,1,100,,29016,4718,,,1,100,,29022,4718,,,1,101,,29025,4718,,,1,104,,29013,4718,,,1,141,,29018,4718,,,1,57,,29019,4718,,,1,100,,29014,4718,,,1,99,,29026,4718,,,1,101,,29020,4718,,,1,100,,29027,4718,,,1,100,,29029,4718,,,1
3800,'SA',554,,29035,4718,,,1,100,,29032,4718,,,1,100,,29042,4718,,,1,100,,29036,4718,,,1,100,,29043,4718,,,1,100,,29037,4718,,,1,100,,29044,4718,,,1,104,,29038,4718,,,1,100,,29045,4718,,,1,100,,29039,4718,,,1,142,,29033,4718,,,1,100,,29040,4718,,,1,100,,29034,4718,,,1,57,,29041,4718,,,1,100,,29030,4718,,,1,99,,29046,4718,,,1,100,,29031,4718,,,1,101,,29047,4718,,,1,99,,29048,4718,,,1
3800,'SE',609,,46497,4718,,,1,21,,46489,4718,,,1,18,,46493,4718,,,1,58,,46494,4718,,,1,24,,46499,4718,,,1,12,,46481,4718,,,1,60,,46485,4718,,,1,24,,46486,4718,,,1,29,,46477,4718,,,1,58,,46504,4718,,,1,17,,46502,4718,,,1,70,,46479,4718,,,1,44,,46478,4718,,,1,100,,46482,4718,,,1,100,,46496,4718,,,1,101,,46490,4718,,,1,94,,46483,4718,,,1,67,,46480,4718,,,1,33,,46495,4718,,,1,70,,46487,4718,,,1,30,,46506,4718,,,1,72,,46488,4718,,,1,26,,46492,4718,,,1,66,,46491,4718,,,1,54,,46503,4718,,,1,100,,46501,4718,,,1,100,,46500,4718,,,1,99,,46498,4718,,,1,100,,46505,4718,,,1,100,,46484,4718,,,1
