800,'DI',553,,53345,3114,,,1,71,,53319,3114,,,1,30,,53327,3114,,,1,70,,53333,3114,,,1,30,,53346,3114,,,1,70,,53320,3114,,,1,32,,53328,3114,,,1,70,,53334,3114,,,1,30,,53347,3114,,,1,70,,53321,3114,,,1,30,,53329,3114,,,1,70,,53335,3114,,,1,31,,53348,3114,,,1,70,,53322,3114,,,1,30,,53330,3114,,,1,70,,53342,3114,,,1,30,,53349,3114,,,1,70,,53343,3114,,,1,30,,53331,3114,,,1,70,,53336,3114,,,1,30,,53350,3114,,,1,70,,53344,3114,,,1,29,,53332,3114,,,1,70,,53337,3114,,,1,32,,53351,3114,,,1,83,,53323,3114,,,1,100,,53338,3114,,,1,100,,53324,3114,,,1,99,,53339,3114,,,1,100,,53325,3114,,,1,100,,53340,3114,,,1,100,,53326,3114,,,1,100,,53341,3114,,,1
800,'F1',553,,53378,3114,,,1,71,,53352,3114,,,1,30,,53360,3114,,,1,70,,53366,3114,,,1,30,,53379,3114,,,1,70,,53353,3114,,,1,32,,53361,3114,,,1,70,,53367,3114,,,1,30,,53380,3114,,,1,70,,53354,3114,,,1,30,,53362,3114,,,1,70,,53368,3114,,,1,31,,53381,3114,,,1,70,,53355,3114,,,1,30,,53363,3114,,,1,70,,53375,3114,,,1,30,,53382,3114,,,1,70,,53376,3114,,,1,30,,53364,3114,,,1,70,,53369,3114,,,1,30,,53383,3114,,,1,70,,53377,3114,,,1,29,,53365,3114,,,1,70,,53370,3114,,,1,32,,53384,3114,,,1,83,,53356,3114,,,1,100,,53371,3114,,,1,100,,53357,3114,,,1,99,,53372,3114,,,1,100,,53358,3114,,,1,100,,53373,3114,,,1,100,,53359,3114,,,1,100,,53374,3114,,,1
800,'F2',552,,53405,3114,,,1,70,,53389,3114,,,1,32,,53393,3114,,,1,70,,53400,3114,,,1,31,,53406,3114,,,1,70,,53390,3114,,,1,30,,53394,3114,,,1,71,,53401,3114,,,1,30,,53407,3114,,,1,70,,53391,3114,,,1,30,,53395,3114,,,1,70,,53402,3114,,,1,28,,53408,3114,,,1,72,,53392,3114,,,1,30,,53396,3114,,,1,70,,53403,3114,,,1,30,,53409,3114,,,1,70,,44107,3114,,,1,30,,53397,3114,,,1,70,,53415,3114,,,1,30,,53410,3114,,,1,70,,44108,3114,,,1,30,,53398,3114,,,1,70,,53416,3114,,,1,32,,53411,3114,,,1,68,,53385,3114,,,1,30,,53399,3114,,,1,86,,53412,3114,,,1,98,,53386,3114,,,1,100,,53413,3114,,,1,100,,53387,3114,,,1,100,,53414,3114,,,1,100,,53388,3114,,,1,100,,53404,3114,,,1
800,'SA',552,,53437,3114,,,1,70,,53421,3114,,,1,32,,53425,3114,,,1,70,,53432,3114,,,1,31,,53438,3114,,,1,70,,53422,3114,,,1,30,,53426,3114,,,1,71,,53433,3114,,,1,30,,53439,3114,,,1,70,,53423,3114,,,1,30,,53427,3114,,,1,70,,53434,3114,,,1,28,,53440,3114,,,1,72,,53424,3114,,,1,30,,53428,3114,,,1,70,,53435,3114,,,1,30,,53441,3114,,,1,70,,2660,3114,,,1,30,,53429,3114,,,1,70,,53447,3114,,,1,30,,53442,3114,,,1,70,,2661,3114,,,1,30,,53430,3114,,,1,70,,53448,3114,,,1,32,,53443,3114,,,1,68,,53417,3114,,,1,30,,53431,3114,,,1,86,,53444,3114,,,1,98,,53418,3114,,,1,100,,53445,3114,,,1,100,,53419,3114,,,1,100,,53446,3114,,,1,100,,53420,3114,,,1,100,,53436,3114,,,1
800,'SE',455,,44153,3114,,,1,68,,53469,3114,,,1,22,,53461,3114,,,1,81,,53449,3114,,,1,30,,44154,3114,,,1,61,,53470,3114,,,1,19,,53451,3114,,,1,13,,53485,3114,,,1,55,,53452,3114,,,1,15,,53481,3114,,,1,15,,53475,3114,,,1,17,,53488,3114,,,1,55,,44124,3114,,,1,15,,53471,3114,,,1,15,,53462,3114,,,1,15,,53486,3114,,,1,55,,53453,3114,,,1,15,,53482,3114,,,1,15,,53476,3114,,,1,15,,53489,3114,,,1,55,,53450,3114,,,1,15,,53457,3114,,,1,15,,53472,3114,,,1,15,,53466,3114,,,1,55,,53487,3114,,,1,15,,53505,3114,,,1,15,,53483,3114,,,1,15,,53479,3114,,,1,55,,53490,3114,,,1,15,,53492,3114,,,1,15,,53507,3114,,,1,15,,53495,3114,,,1,55,,53467,3114,,,1,16,,53454,3114,,,1,15,,53506,3114,,,1,14,,53477,3114,,,1,54,,53460,3114,,,1,4,,53491,3114,,,1,13,,53498,3114,,,1,15,,53493,3114,,,1,15,,53458,3114,,,1,55,,53478,3114,,,1,15,,53496,3114,,,1,12,,53468,3114,,,1,12,,53511,3114,,,1,13,,53484,3114,,,1,51,,53459,3114,,,1,12,,53503,3114,,,1,12,,53508,3114,,,1,11,,53499,3114,,,1,12,,53494,3114,,,1,52,,53504,3114,,,1,12,,53480,3114,,,1,10,,53473,3114,,,1,10,,53497,3114,,,1,60,,53500,3114,,,1,27,,53509,3114,,,1,30,,53512,3114,,,1,70,,53474,3114,,,1,28,,53501,3114,,,1,70,,53510,3114,,,1,30,,53513,3114,,,1,85,,53463,3114,,,1,100,,53502,3114,,,1,98,,53464,3114,,,1,100,,53465,3114,,,1
2800,'DI',848,,56189,3114,0,32 33,1,101,,56184,3114,0,32 33,1,100,,56188,3114,0,32 33,1,100,,56185,3114,0,32 33,1,100,,56187,3114,0,32 33,1,100,,56183,3114,0,32 33,1,100,,56186,3114,0,32 33,1,101,,56182,3114,0,32 33,1,99,,56190,3114,0,32 33,1,100,,56191,3114,0,32 33,1
2800,'F1',848,,56199,3114,0,32 33,1,101,,56194,3114,0,32 33,1,100,,56198,3114,0,32 33,1,100,,56195,3114,0,32 33,1,100,,56197,3114,0,32 33,1,100,,56193,3114,0,32 33,1,100,,56196,3114,0,32 33,1,101,,56192,3114,0,32 33,1,99,,56200,3114,0,32 33,1,100,,56201,3114,0,32 33,1
2800,'F2',850,,56207,3114,0,32 33,1,99,,56205,3114,0,32 33,1,103,,56202,3114,0,32 33,1,97,,56208,3114,0,32 33,1,101,,45930,3114,0,32 33,1,100,,56210,3114,0,32 33,1,99,,56204,3114,0,32 33,1,103,,56203,3114,0,32 33,1,99,,56206,3114,0,32 33,1,98,,56209,3114,0,32 33,1
2800,'SA',850,,56216,3114,0,32 33,1,99,,56214,3114,0,32 33,1,103,,56211,3114,0,32 33,1,97,,56217,3114,0,32 33,1,101,,6923,3114,0,32 33,1,100,,56219,3114,0,32 33,1,99,,56213,3114,0,32 33,1,103,,56212,3114,0,32 33,1,99,,56215,3114,0,32 33,1,98,,56218,3114,0,32 33,1
2800,'SE',614,,56256,3114,0,32 33,1,86,,56253,3114,0,32 33,1,22,,56259,3114,0,32 33,1,3,,56252,3114,0,32 33,1,16,,56233,3114,0,32 33,1,13,,56240,3114,0,32 33,1,55,,56258,3114,0,32 33,1,15,,56220,3114,0,32 33,1,14,,56222,3114,0,32 33,1,18,,56221,3114,0,32 33,1,70,,56236,3114,0,32 33,1,30,,56241,3114,0,32 33,1,70,,56232,3114,0,32 33,1,30,,56223,3114,0,32 33,1,70,,56242,3114,0,32 33,1,30,,56226,3114,0,32 33,1,70,,56224,3114,0,32 33,1,30,,56243,3114,0,32 33,1,70,,56227,3114,0,32 33,1,30,,56225,3114,0,32 33,1,70,,56238,3114,0,32 33,1,31,,56254,3114,0,32 33,1,56,,56244,3114,0,32 33,1,14,,56229,3114,0,32 33,1,15,,56246,3114,0,32 33,1,15,,56257,3114,0,32 33,1,55,,56228,3114,0,32 33,1,14,,56231,3114,0,32 33,1,12,,56255,3114,0,32 33,1,12,,56245,3114,0,32 33,1,52,,56230,3114,0,32 33,1,12,,56235,3114,0,32 33,1,12,,56247,3114,0,32 33,1,12,,56239,3114,0,32 33,1,11,,45957,3114,0,32 33,1,52,,56249,3114,0,32 33,1,12,,56250,3114,0,32 33,1,13,,56248,3114,0,32 33,1,95,,56234,3114,0,32 33,1,100,,56251,3114,0,32 33,1,98,,56237,3114,0,32 33,1
8800,'DI',709,,60913,3114,,,1,30,,60910,3114,,,1,70,,60920,3114,,,1,30,,60927,3114,,,1,70,,60914,3114,,,1,30,,60911,3114,,,1,72,,60921,3114,,,1,30,,60928,3114,,,1,70,,60917,3114,,,1,30,,60912,3114,,,1,70,,60922,3114,,,1,30,,60926,3114,,,1,70,,60929,3114,,,1,30,,60909,3114,,,1,70,,60923,3114,,,1,30,,60907,3114,,,1,70,,60930,3114,,,1,30,,60918,3114,,,1,70,,60924,3114,,,1,30,,60908,3114,,,1,70,,60931,3114,,,1,30,,60919,3114,,,1,70,,60925,3114,,,1,100,,60933,3114,,,1,100,,60932,3114,,,1,100,,60934,3114,,,1,100,,60915,3114,,,1,97,,60935,3114,,,1,100,,60916,3114,,,1,100,,60906,3114,,,1
8800,'F1',709,,60943,3114,,,1,30,,60940,3114,,,1,70,,60950,3114,,,1,30,,60957,3114,,,1,70,,60944,3114,,,1,30,,60941,3114,,,1,72,,60951,3114,,,1,30,,60958,3114,,,1,70,,60947,3114,,,1,30,,60942,3114,,,1,70,,60952,3114,,,1,30,,60956,3114,,,1,70,,60959,3114,,,1,30,,60939,3114,,,1,70,,60953,3114,,,1,30,,60937,3114,,,1,70,,60960,3114,,,1,30,,60948,3114,,,1,70,,60954,3114,,,1,30,,60938,3114,,,1,70,,60961,3114,,,1,30,,60949,3114,,,1,70,,60955,3114,,,1,100,,60963,3114,,,1,100,,60962,3114,,,1,100,,60964,3114,,,1,100,,60945,3114,,,1,97,,60965,3114,,,1,100,,60946,3114,,,1,100,,60936,3114,,,1
8800,'F2',709,,60972,3114,,,1,30,,60978,3114,,,1,71,,60985,3114,,,1,30,,60987,3114,,,1,71,,60973,3114,,,1,30,,60979,3114,,,1,70,,60986,3114,,,1,30,,60988,3114,,,1,70,,60974,3114,,,1,30,,60980,3114,,,1,70,,60992,3114,,,1,30,,60989,3114,,,1,70,,60975,3114,,,1,30,,60981,3114,,,1,70,,60995,3114,,,1,30,,60967,3114,,,1,70,,60976,3114,,,1,30,,60970,3114,,,1,70,,60996,3114,,,1,30,,60968,3114,,,1,71,,60991,3114,,,1,29,,60971,3114,,,1,71,,60993,3114,,,1,29,,60969,3114,,,1,70,,60982,3114,,,1,100,,60994,3114,,,1,99,,60983,3114,,,1,99,,60990,3114,,,1,100,,60984,3114,,,1,100,,60966,3114,,,1,100,,60977,3114,,,1
8800,'SA',709,,61003,3114,,,1,30,,61009,3114,,,1,71,,61016,3114,,,1,30,,61018,3114,,,1,71,,61004,3114,,,1,30,,61010,3114,,,1,70,,61017,3114,,,1,30,,61019,3114,,,1,70,,61005,3114,,,1,30,,61011,3114,,,1,70,,61023,3114,,,1,30,,61020,3114,,,1,70,,61006,3114,,,1,30,,61012,3114,,,1,70,,61026,3114,,,1,30,,60998,3114,,,1,70,,61007,3114,,,1,30,,61001,3114,,,1,70,,61027,3114,,,1,30,,60999,3114,,,1,71,,61022,3114,,,1,29,,61002,3114,,,1,71,,61024,3114,,,1,29,,61000,3114,,,1,70,,61013,3114,,,1,100,,61025,3114,,,1,99,,61014,3114,,,1,99,,61021,3114,,,1,100,,61015,3114,,,1,100,,60997,3114,,,1,100,,61008,3114,,,1
8800,'SE',709,,61071,3114,,,1,21,,61070,3114,,,1,15,,61042,3114,,,1,14,,61045,3114,,,1,55,,61046,3114,,,1,15,,61047,3114,,,1,15,,61034,3114,,,1,69,,61030,3114,,,1,30,,61059,3114,,,1,70,,61069,3114,,,1,30,,61031,3114,,,1,70,,61066,3114,,,1,30,,61067,3114,,,1,70,,61028,3114,,,1,30,,61062,3114,,,1,70,,61068,3114,,,1,30,,61060,3114,,,1,71,,61064,3114,,,1,30,,61063,3114,,,1,57,,61043,3114,,,1,16,,61074,3114,,,1,15,,61035,3114,,,1,15,,61072,3114,,,1,55,,61049,3114,,,1,15,,61061,3114,,,1,13,,61065,3114,,,1,12,,61029,3114,,,1,12,,61073,3114,,,1,52,,61054,3114,,,1,13,,61044,3114,,,1,11,,61036,3114,,,1,11,,61075,3114,,,1,12,,61037,3114,,,1,52,,61039,3114,,,1,12,,61050,3114,,,1,19,,61038,3114,,,1,15,,61076,3114,,,1,62,,61055,3114,,,1,30,,61040,3114,,,1,70,,61051,3114,,,1,28,,61077,3114,,,1,70,,61056,3114,,,1,30,,61041,3114,,,1,70,,61052,3114,,,1,100,,61057,3114,,,1,99,,61053,3114,,,1,99,,61058,3114,,,1
