2000,'DI',622,,55377,8039,,,2,100,,55368,8039,,,2,100,,55364,8039,,,2,100,,55375,8039,,,2,100,,55369,8039,,,2,97,,55361,8039,,,2,103,,55362,8039,,,2,100,,55378,8039,,,2,100,,55376,8039,,,2,100,,55373,8039,,,2,97,,55365,8039,,,2,103,,55366,8039,,,2,100,,55374,8039,,,2,100,,55370,8039,,,2,100,,55363,8039,,,2,100,,55371,8039,,,2,100,,55367,8039,,,2,100,,55372,8039,,,2,100,,55379,8039,,,2
2000,'F1',622,,55396,8039,,,2,100,,55387,8039,,,2,100,,55383,8039,,,2,100,,55394,8039,,,2,100,,55388,8039,,,2,97,,55380,8039,,,2,103,,55381,8039,,,2,100,,55397,8039,,,2,100,,55395,8039,,,2,100,,55392,8039,,,2,97,,55384,8039,,,2,103,,55385,8039,,,2,100,,55393,8039,,,2,100,,55389,8039,,,2,100,,55382,8039,,,2,100,,55390,8039,,,2,100,,55386,8039,,,2,100,,55391,8039,,,2,100,,55398,8039,,,2
2000,'F2',625,,55412,8039,,,2,100,,55411,8039,,,2,100,,55413,8039,,,2,100,,55406,8039,,,2,100,,55399,8039,,,2,100,,55407,8039,,,2,100,,55400,8039,,,2,100,,55408,8039,,,2,100,,55401,8039,,,2,100,,55409,8039,,,2,96,,55414,8039,,,2,104,,55415,8039,,,2,104,,55416,8039,,,2,96,,55403,8039,,,2,100,,55410,8039,,,2,100,,55404,8039,,,2,100,,55402,8039,,,2,100,,55405,8039,,,2,100,,55417,8039,,,2,100,,45388,8039,,,2
2000,'SA',625,,55431,8039,,,2,100,,55430,8039,,,2,100,,55432,8039,,,2,100,,55425,8039,,,2,100,,55418,8039,,,2,100,,55426,8039,,,2,100,,55419,8039,,,2,100,,55427,8039,,,2,100,,55420,8039,,,2,100,,55428,8039,,,2,96,,55433,8039,,,2,104,,55434,8039,,,2,104,,55435,8039,,,2,96,,55422,8039,,,2,100,,55429,8039,,,2,100,,55423,8039,,,2,100,,55421,8039,,,2,100,,55424,8039,,,2,100,,55436,8039,,,2,100,,26407,8039,,,2
2000,'SE',543,,55437,8039,,,2,60,,55463,8039,,,2,24,,55468,8039,,,2,31,,55438,8039,,,2,54,,55479,7449,,,2,9,,55482,7449,,,2,8,,55481,7449,,,2,10,,55486,7449,,,2,11,,55484,7449,,,2,6,,55478,7449,,,2,54,,55485,7449,,,2,32,,55483,7449,,,2,71,,55480,7449,,,2,29,,55447,8039,,,2,71,,55440,8039,,,2,30,,55472,8039,,,2,70,,55446,8039,,,2,30,,55451,8039,,,2,70,,55476,8039,,,2,30,,55473,8039,,,2,70,,55442,8039,,,2,30,,55441,8039,,,2,70,,55448,8039,,,2,30,,55474,8039,,,2,70,,55467,8039,,,2,21,,55470,8039,,,2,17,,55454,8039,,,2,55,,55464,8039,,,2,15,,55477,8039,,,2,15,,55452,8039,,,2,17,,55459,8039,,,2,51,,55455,8039,,,2,13,,55443,8039,,,2,10,,55465,8039,,,2,12,,55456,8039,,,2,13,,55453,8039,,,2,51,,55469,8039,,,2,14,,55475,8039,,,2,13,,55444,8039,,,2,15,,55466,8039,,,2,68,,55471,8039,,,2,30,,55445,8039,,,2,70,,55461,8039,,,2,30,,55449,8039,,,2,70,,55450,8039,,,2,30,,55462,8039,,,2,100,,55460,8039,,,2,100,,55457,8039,,,2,100,,55439,8039,,,2,100,,55458,8039,,,2
2901,'DI',700,,56439,1264,,,1,100,,56440,1264,,,1,100,,56441,1264,,,1,100,,56442,1264,,,1,100,,56443,1264,,,1,100,,56444,1264,,,1,100,,56445,1264,,,1,100,,56446,1264,,,1,100,,56447,1264,,,1,100,,56448,1264,,,1,100,,56449,1264,,,1,100,,56450,1264,,,1,100,,56451,1264,,,1,100,,56452,1264,,,1,100,,56453,1264,,,1,100,,56454,1264,,,1,100,,56455,1264,,,1,120,,56456,1264,,,1,100,,56457,1264,,,1
2901,'F1',700,,56458,1264,,,1,100,,56459,1264,,,1,100,,56460,1264,,,1,100,,56461,1264,,,1,100,,56462,1264,,,1,100,,56463,1264,,,1,100,,56464,1264,,,1,100,,56465,1264,,,1,100,,56466,1264,,,1,100,,56467,1264,,,1,100,,56468,1264,,,1,100,,56469,1264,,,1,100,,56470,1264,,,1,100,,56471,1264,,,1,100,,56472,1264,,,1,100,,56473,1264,,,1,100,,56474,1264,,,1,120,,56475,1264,,,1,100,,56476,1264,,,1
2901,'F2',700,,56485,1264,,,1,100,,56486,1264,,,1,100,,56487,1264,,,1,100,,56488,1264,,,1,100,,56489,1264,,,1,100,,56490,1264,,,1,100,,56491,1264,,,1,100,,56492,1264,,,1,59,,56493,1264,,,1,99,,56494,1264,,,1,99,,56495,1264,,,1,148,,56477,1264,,,1,99,,56478,1264,,,1,97,,56479,1264,,,1,99,,56480,1264,,,1,100,,56481,1264,,,1,100,,56482,1264,,,1,120,,56483,1264,,,1,100,,56484,1264,,,1
2901,'SA',700,,56504,1264,,,1,100,,56505,1264,,,1,100,,56506,1264,,,1,100,,56507,1264,,,1,100,,56508,1264,,,1,100,,56509,1264,,,1,100,,56510,1264,,,1,100,,56511,1264,,,1,59,,56512,1264,,,1,99,,56513,1264,,,1,99,,56514,1264,,,1,148,,56496,1264,,,1,99,,56497,1264,,,1,97,,56498,1264,,,1,99,,56499,1264,,,1,100,,56500,1264,,,1,100,,56501,1264,,,1,120,,56502,1264,,,1,100,,56503,1264,,,1
2901,'SE',630,,56526,1264,,,1,26,,56535,1264,,,1,72,,56538,1264,,,1,5,,56517,1264,,,1,67,,56541,1264,,,1,30,,56530,1264,,,1,70,,56539,1264,,,1,103,,56516,1264,,,1,100,,56537,1264,,,1,101,,56542,1264,,,1,100,,56534,1264,,,1,100,,56524,1264,,,1,99,,56536,1264,,,1,35,,56540,1264,,,1,66,,56515,1264,,,1,34,,56533,1264,,,1,20,,56518,1264,,,1,69,,56519,1264,,,1,14,,56529,1264,,,1,68,,56527,1264,,,1,28,,56520,1264,,,1,67,,56525,1264,,,1,99,,56528,1264,,,1,99,,56521,1264,,,1,99,,56522,1264,,,1,58,,56523,1264,,,1,161,,56531,1264,,,1,96,,56532,1264,,,1
57001,'SE',818,,63473,1782,,,2
