2300,'F2',705,,56060,9764,4,,1,100,,56062,9764,4,,1,100,,56068,9764,4,,1,103,,56069,9764,4,,1,99,,56059,9764,4,,1,103,,56065,9764,4,,1,97,,56058,9764,4,,1,99,,56061,9764,4,,1,100,,56063,9764,4,,1,100,,56064,9764,4,,1,100,,56066,9764,4,,1,101,,56067,9764,4,,1
2300,'SA',705,,56072,9764,4,,1,100,,56074,9764,4,,1,100,,56080,9764,4,,1,103,,56081,9764,4,,1,99,,56071,9764,4,,1,103,,56077,9764,4,,1,97,,56070,9764,4,,1,99,,56073,9764,4,,1,100,,56075,9764,4,,1,100,,56076,9764,4,,1,100,,56078,9764,4,,1,101,,56079,9764,4,,1
2300,'SE',1008,,56085,9764,4,,1,100,,56082,9764,4,,1,100,,56084,9764,4,,1,101,,56086,9764,4,,1,100,,56083,9764,4,,1
2301,'F2',604,,56098,0,0,47,1,103,,56089,0,0,47,1,100,,56091,0,0,47,1,100,,56096,0,0,47,1,103,,56097,0,0,47,1,99,,56088,0,0,47,1,103,,56094,0,0,47,1,97,,56087,0,0,47,1,99,,56090,0,0,47,1,100,,56092,0,0,47,1,100,,56093,0,0,47,1,100,,56095,0,0,47,1
2301,'SA',604,,56110,0,0,47,1,103,,56101,0,0,47,1,100,,56103,0,0,47,1,100,,56108,0,0,47,1,103,,56109,0,0,47,1,99,,56100,0,0,47,1,103,,56106,0,0,47,1,97,,56099,0,0,47,1,99,,56102,0,0,47,1,100,,56104,0,0,47,1,100,,56105,0,0,47,1,100,,56107,0,0,47,1
2301,'SE',1010,,56114,0,0,47,1,100,,56111,0,0,47,1,100,,56113,0,0,47,1,101,,56115,0,0,47,1,100,,56112,0,0,47,1
12300,'DI',635,,37610,9764,0,42 43,1,100,,37620,9764,0,42 43,1,100,,37611,9764,0,42 43,1,100,,37621,9764,0,42 43,1,100,,37612,9764,0,42 43,1,100,,61748,9764,0,42 43,1,105,,37613,9764,0,42 43,1,95,,61749,9764,0,42 43,1,100,,37614,9764,0,42 43,1,100,,61750,9764,0,42 43,1,100,,61743,9764,0,42 43,1,100,,61751,9764,0,42 43,1,100,,61744,9764,0,42 43,1,100,,61752,9764,0,42 43,1,100,,61745,9764,0,42 43,1,100,,61753,9764,0,42 43,1,100,,61746,9764,0,42 43,1,100,,61754,9764,0,42 43,1,100,,61747,9764,0,42 43,1
12300,'F1',635,,49910,9764,0,42 43,1,100,,49920,9764,0,42 43,1,100,,49911,9764,0,42 43,1,100,,49921,9764,0,42 43,1,100,,49912,9764,0,42 43,1,100,,61760,9764,0,42 43,1,105,,49913,9764,0,42 43,1,95,,61761,9764,0,42 43,1,100,,49914,9764,0,42 43,1,100,,61762,9764,0,42 43,1,100,,61755,9764,0,42 43,1,100,,61763,9764,0,42 43,1,100,,61756,9764,0,42 43,1,100,,61764,9764,0,42 43,1,100,,61757,9764,0,42 43,1,100,,61765,9764,0,42 43,1,100,,61758,9764,0,42 43,1,100,,61766,9764,0,42 43,1,100,,61759,9764,0,42 43,1
12300,'F2',635,,61767,9764,0,42 43,1,100,,61773,9764,0,42 43,1,100,,61777,9764,0,42 43,1,105,,61768,9764,0,42 43,1,99,,61778,9764,0,42 43,1,100,,61769,9764,0,42 43,1,100,,61779,9764,0,42 43,1,96,,61770,9764,0,42 43,1,100,,61780,9764,0,42 43,1,100,,61771,9764,0,42 43,1,104,,61781,9764,0,42 43,1,101,,61772,9764,0,42 43,1,99,,61782,9764,0,42 43,1,96,,61774,9764,0,42 43,1,100,,61783,9764,0,42 43,1,100,,61775,9764,0,42 43,1,100,,61784,9764,0,42 43,1,100,,61776,9764,0,42 43,1,100,,61785,9764,0,42 43,1
12300,'SA',635,,61786,9764,0,42 43,1,100,,61792,9764,0,42 43,1,100,,61796,9764,0,42 43,1,105,,61787,9764,0,42 43,1,99,,61797,9764,0,42 43,1,100,,61788,9764,0,42 43,1,100,,61798,9764,0,42 43,1,96,,61789,9764,0,42 43,1,100,,61799,9764,0,42 43,1,100,,61790,9764,0,42 43,1,104,,61800,9764,0,42 43,1,101,,61791,9764,0,42 43,1,99,,61801,9764,0,42 43,1,96,,61793,9764,0,42 43,1,100,,61802,9764,0,42 43,1,100,,61794,9764,0,42 43,1,100,,61803,9764,0,42 43,1,100,,61795,9764,0,42 43,1,100,,61804,9764,0,42 43,1
12300,'SE',527,,61821,9764,0,42 43,1,73,,61815,9764,0,42 43,1,15,,61808,9764,0,42 43,1,10,,61809,9764,0,42 43,1,10,,61810,9764,0,42 43,1,10,,61829,9764,0,42 43,1,13,,61812,9764,0,42 43,1,48,,61820,9764,0,42 43,1,12,,49968,9764,0,42 43,1,10,,61827,9764,0,42 43,1,21,,61828,9764,0,42 43,1,57,,61813,9764,0,42 43,1,31,,61817,9764,0,42 43,1,66,,49971,9764,0,42 43,1,29,,61811,9764,0,42 43,1,102,,61837,9764,0,42 43,1,100,,61807,9764,0,42 43,1,99,,61824,9764,0,42 43,1,103,,61816,9764,0,42 43,1,5,,61830,9764,0,42 43,1,93,,61822,9764,0,42 43,1,70,,61833,9764,0,42 43,1,33,,61825,9764,0,42 43,1,66,,49980,9764,0,42 43,1,31,,49975,9764,0,42 43,1,71,,61814,9764,0,42 43,1,31,,61823,9764,0,42 43,1,68,,61826,9764,0,42 43,1,35,,61806,9764,0,42 43,1,68,,61805,9764,0,42 43,1,30,,61834,9764,0,42 43,1,68,,61835,9764,0,42 43,1,30,,61836,9764,0,42 43,1,100,,61818,9764,0,42 43,1,100,,61831,9764,0,42 43,1,97,,61819,9764,0,42 43,1,100,,61832,9764,0,42 43,1
67200,'SE',1501,,63545,4115,,,2
