2500,'DI',714,,27541,11550,,,2
2500,'F1',714,,45855,11550,,,2
2500,'F2',714,,45856,11550,,,2
2500,'F8',714,,27570,11550,,,2
2500,'F9',714,,27571,11550,,,2
2500,'SA',714,,27572,11550,,,2
2500,'SE',539,,45864,11550,,,2,70,,45875,11550,,,2,29,,45879,11550,,,2,19,,45878,11550,,,2,61,,45874,11550,,,2,19,,45866,11550,,,2,71,,45857,11550,,,2,28,,45868,11550,,,2,74,,45867,11550,,,2,30,,45861,11550,,,2,470,,45869,11550,,,2,30,,45859,11550,,,2,69,,45881,11550,,,2,13,,45877,11550,,,2,18,,45880,11550,,,2,72,,45860,11550,,,2,31,,45862,11550,,,2,69,,45870,11550,,,2,30,,45858,11550,,,2,69,,45863,11550,,,2,28,,45871,11550,,,2,70,,45865,11550,,,2,335,,45876,11550,,,2,83,,45882,11550,,,2,15,,45872,11550,,,2,85,,45873,11550,,,2
12301,'DI',527,,37798,8373,,,1,100,,37808,8373,,,1,100,,37799,8373,,,1,100,,37809,8373,,,1,100,,37800,8373,,,1,100,,37810,8373,,,1,100,,37801,8373,,,1,100,,37811,8373,,,1,100,,37802,8373,,,1,100,,37812,8373,,,1,100,,37803,8373,,,1,100,,37813,8373,,,1,100,,37804,8373,,,1,100,,37814,8373,,,1,100,,37805,8373,,,1,100,,37815,8373,,,1,100,,37806,8373,,,1,100,,37816,8373,,,1,100,,37807,8373,,,1,100,,37817,8373,,,1
12301,'F1',527,,49985,8373,,,1,100,,49995,8373,,,1,100,,49986,8373,,,1,100,,49996,8373,,,1,100,,49987,8373,,,1,100,,49997,8373,,,1,100,,49988,8373,,,1,100,,49998,8373,,,1,100,,49989,8373,,,1,100,,49999,8373,,,1,100,,49990,8373,,,1,100,,50000,8373,,,1,100,,49991,8373,,,1,100,,50001,8373,,,1,100,,49992,8373,,,1,100,,50002,8373,,,1,100,,49993,8373,,,1,100,,50003,8373,,,1,100,,49994,8373,,,1,100,,50004,8373,,,1
12301,'F2',528,,50007,8373,,,1,100,,50005,8373,,,1,100,,50008,8373,,,1,99,,50006,8373,,,1,100,,50009,8373,,,1,100,,50017,8373,,,1,100,,50010,8373,,,1,100,,50018,8373,,,1,100,,50011,8373,,,1,100,,50019,8373,,,1,100,,50012,8373,,,1,100,,50020,8373,,,1,100,,50013,8373,,,1,100,,50021,8373,,,1,100,,50014,8373,,,1,100,,50022,8373,,,1,100,,50015,8373,,,1,100,,50023,8373,,,1,100,,50016,8373,,,1,100,,50024,8373,,,1
12301,'F8',528,,37897,8373,,,1,100,,37895,8373,,,1,100,,37898,8373,,,1,99,,37896,8373,,,1,100,,37899,8373,,,1,100,,37907,8373,,,1,100,,37900,8373,,,1,100,,37908,8373,,,1,100,,37901,8373,,,1,100,,37909,8373,,,1,100,,37902,8373,,,1,100,,37910,8373,,,1,100,,37903,8373,,,1,100,,37911,8373,,,1,100,,37904,8373,,,1,100,,37912,8373,,,1,100,,37905,8373,,,1,100,,37913,8373,,,1,100,,37906,8373,,,1,100,,37914,8373,,,1
12301,'F9',527,,37915,8373,,,1,100,,37925,8373,,,1,100,,37916,8373,,,1,100,,37926,8373,,,1,100,,37917,8373,,,1,100,,37927,8373,,,1,100,,37918,8373,,,1,100,,37928,8373,,,1,100,,37919,8373,,,1,100,,37929,8373,,,1,100,,37920,8373,,,1,100,,37930,8373,,,1,100,,37921,8373,,,1,100,,37931,8373,,,1,100,,37922,8373,,,1,100,,37932,8373,,,1,100,,37923,8373,,,1,100,,37933,8373,,,1,100,,37924,8373,,,1,100,,37934,8373,,,1
12301,'SA',528,,37937,8373,,,1,100,,37935,8373,,,1,100,,37938,8373,,,1,99,,37936,8373,,,1,100,,37939,8373,,,1,100,,37947,8373,,,1,100,,37940,8373,,,1,100,,37948,8373,,,1,100,,37941,8373,,,1,100,,37949,8373,,,1,100,,37942,8373,,,1,100,,37950,8373,,,1,100,,37943,8373,,,1,100,,37951,8373,,,1,100,,37944,8373,,,1,100,,37952,8373,,,1,100,,37945,8373,,,1,100,,37953,8373,,,1,100,,37946,8373,,,1,100,,37954,8373,,,1
12301,'SE',513,,50041,8373,,,1,30,,50044,8373,,,1,60,,50029,8373,,,1,21,,50028,8373,,,1,15,,50030,8373,,,1,66,,50031,8373,,,1,30,,50026,8373,,,1,70,,50027,8373,,,1,30,,50025,8373,,,1,69,,50048,8373,,,1,30,,50042,8373,,,1,96,,50034,8373,,,1,100,,50046,8373,,,1,100,,50036,8373,,,1,100,,50043,8373,,,1,100,,50061,8373,,,1,11,,50035,8373,,,1,64,,50049,8373,,,1,20,,50053,8373,,,1,15,,50045,8373,,,1,19,,50055,8373,,,1,46,,50037,8373,,,1,17,,50040,8373,,,1,10,,50059,8373,,,1,6,,50051,8373,,,1,64,,50060,8373,,,1,29,,50050,8373,,,1,69,,50033,8373,,,1,31,,50038,8373,,,1,26,,50052,8373,,,1,74,,50047,8373,,,1,28,,50039,8373,,,1,70,,50056,8373,,,1,98,,50032,8373,,,1,99,,50057,8373,,,1,100,,50054,8373,,,1,119,,50058,8373,,,1
