4201,'DI',552,,57375,6459,,,1,100,,57376,6459,,,1,100,,57377,6459,,,1,100,,57378,6459,,,1,100,,57379,6459,,,1,100,,57380,6459,,,1,100,,57381,6459,,,1,100,,57382,6459,,,1,100,,57383,6459,,,1,100,,57384,6459,,,1,100,,57385,6459,,,1,100,,57386,6459,,,1,100,,57387,6459,,,1,100,,57388,6459,,,1,100,,57389,6459,,,1,100,,57390,6459,,,1,100,,57391,6459,,,1,100,,57392,6459,,,1,100,,57393,6459,,,1,100,,57394,6459,,,1
4201,'F1',552,,57395,6459,,,1,100,,57396,6459,,,1,100,,57397,6459,,,1,100,,57398,6459,,,1,100,,57399,6459,,,1,100,,57400,6459,,,1,100,,57401,6459,,,1,100,,57402,6459,,,1,100,,57403,6459,,,1,100,,57404,6459,,,1,100,,57405,6459,,,1,100,,57406,6459,,,1,100,,57407,6459,,,1,100,,57408,6459,,,1,100,,57409,6459,,,1,100,,57410,6459,,,1,100,,57411,6459,,,1,100,,57412,6459,,,1,100,,57413,6459,,,1,100,,57414,6459,,,1
4201,'F2',552,,57415,6459,,,1,100,,57416,6459,,,1,100,,57417,6459,,,1,100,,57418,6459,,,1,100,,57419,6459,,,1,100,,57420,6459,,,1,100,,57421,6459,,,1,100,,57422,6459,,,1,100,,57423,6459,,,1,100,,57424,6459,,,1,100,,57425,6459,,,1,100,,57426,6459,,,1,100,,57427,6459,,,1,100,,57428,6459,,,1,100,,57429,6459,,,1,100,,57430,6459,,,1,100,,57431,6459,,,1,100,,57432,6459,,,1,100,,57433,6459,,,1,100,,57434,6459,,,1
4201,'SA',552,,57435,6459,,,1,100,,57436,6459,,,1,100,,57437,6459,,,1,100,,57438,6459,,,1,100,,57439,6459,,,1,100,,57440,6459,,,1,100,,57441,6459,,,1,100,,57442,6459,,,1,100,,57443,6459,,,1,100,,57444,6459,,,1,100,,57445,6459,,,1,100,,57446,6459,,,1,100,,57447,6459,,,1,100,,57448,6459,,,1,100,,57449,6459,,,1,100,,57450,6459,,,1,100,,57451,6459,,,1,100,,57452,6459,,,1,100,,57453,6459,,,1,100,,57454,6459,,,1
4201,'SE',522,,57463,6459,,,1,20,,57488,6459,,,1,70,,57470,6459,,,1,21,,57487,6459,,,1,14,,57465,6459,,,1,54,,57474,6459,,,1,14,,57471,6459,,,1,14,,57475,6459,,,1,14,,57483,6459,,,1,14,,57469,6459,,,1,63,,57472,6459,,,1,34,,57499,6459,,,1,77,,57495,6459,,,1,70,,57500,6459,,,1,30,,57473,6459,,,1,70,,57466,6459,,,1,30,,57467,6459,,,1,70,,57462,6459,,,1,30,,57486,6459,,,1,70,,57458,6459,,,1,30,,57455,6459,,,1,70,,57496,6459,,,1,30,,57464,6459,,,1,70,,57461,6459,,,1,4,,57468,6459,,,1,2,,57489,6459,,,1,2,,57484,6459,,,1,22,,57459,6459,,,1,70,,57476,6459,,,1,30,,57498,6459,,,1,28,,57456,6459,,,1,64,,57485,6459,,,1,17,,57460,6459,,,1,67,,57497,6459,,,1,29,,57457,6459,,,1,66,,57492,6459,,,1,35,,57477,6459,,,1,70,,57493,6459,,,1,30,,57478,6459,,,1,70,,57494,6459,,,1,29,,57479,6459,,,1,69,,57490,6459,,,1,30,,57480,6459,,,1,70,,57491,6459,,,1,50,,57481,6459,,,1,100,,57482,6459,,,1
6001,'SE',557,,58285,7831,,,1,62,,58279,7831,,,1,21,,58280,7831,,,1,68,,58286,7831,,,1,28,,58275,7831,,,1,68,,58283,7831,,,1,26,,58287,7831,,,1,14,,58297,7831,,,1,72,,58284,7831,,,1,100,,58276,7831,,,1,100,,58296,7831,,,1,100,,58281,7831,,,1,101,,58277,7831,,,1,100,,58282,7831,,,1,101,,58298,7831,,,1,99,,58288,7831,,,1,30,,58294,7831,,,1,67,,58278,7831,,,1,24,,58291,7831,,,1,67,,58290,7831,,,1,29,,58289,7831,,,1,70,,58292,7831,,,1,48,,58274,7831,,,1,100,,58299,7831,,,1,99,,58300,7831,,,1,100,,58293,7831,,,1,95,,58295,7831,,,1
16001,'DI',613,,62247,14225,,,1,99,,62248,14225,,,1,100,,62245,14225,,,1,100,,62252,14225,,,1,100,,62244,14225,,,1,100,,62238,14225,,,1,100,,62241,14225,,,1,100,,62249,14225,,,1,100,,62242,14225,,,1,100,,62253,14225,,,1,100,,62243,14225,,,1,100,,62246,14225,,,1,100,,62239,14225,,,1,100,,62250,14225,,,1,100,,62254,14225,,,1,103,,62240,14225,,,1,97,,62251,14225,,,1
16001,'F1',613,,62264,14225,,,1,99,,62265,14225,,,1,100,,62262,14225,,,1,100,,62269,14225,,,1,100,,62261,14225,,,1,100,,62255,14225,,,1,100,,62258,14225,,,1,100,,62266,14225,,,1,100,,62259,14225,,,1,100,,62270,14225,,,1,100,,62260,14225,,,1,100,,62263,14225,,,1,100,,62256,14225,,,1,100,,62267,14225,,,1,100,,62271,14225,,,1,103,,62257,14225,,,1,97,,62268,14225,,,1
16001,'F2',614,,62281,14225,,,1,99,,62272,14225,,,1,99,,62285,14225,,,1,100,,62273,14225,,,1,99,,62286,14225,,,1,101,,50278,14225,,,1,100,,62278,14225,,,1,100,,62282,14225,,,1,100,,62279,14225,,,1,100,,62276,14225,,,1,100,,62287,14225,,,1,100,,62277,14225,,,1,100,,62274,14225,,,1,101,,62283,14225,,,1,99,,62280,14225,,,1,103,,62275,14225,,,1,97,,62284,14225,,,1
16001,'SA',614,,62297,14225,,,1,99,,62288,14225,,,1,99,,62301,14225,,,1,100,,62289,14225,,,1,99,,62302,14225,,,1,101,,38598,14225,,,1,100,,62294,14225,,,1,100,,62298,14225,,,1,100,,62295,14225,,,1,100,,62292,14225,,,1,100,,62303,14225,,,1,100,,62293,14225,,,1,100,,62290,14225,,,1,101,,62299,14225,,,1,99,,62296,14225,,,1,103,,62291,14225,,,1,97,,62300,14225,,,1
16001,'SE',626,,62311,14225,,,1,28,,62320,14225,,,1,68,,62312,14225,,,1,28,,62313,14225,,,1,63,,62304,14225,,,1,23,,62322,14225,,,1,68,,62309,14225,,,1,43,,62305,14225,,,1,98,,62308,14225,,,1,93,,62321,14225,,,1,100,,62319,14225,,,1,100,,62314,14225,,,1,100,,62306,14225,,,1,99,,62323,14225,,,1,92,,62310,14225,,,1,97,,62324,14225,,,1,30,,62328,14225,,,1,67,,62326,14225,,,1,25,,62325,14225,,,1,66,,62315,14225,,,1,99,,62327,14225,,,1,100,,62307,14225,,,1,101,,62316,14225,,,1,100,,62318,14225,,,1,90,,62317,14225,,,1
53200,'SE',1623,,63436,3011,,,2,1,,63437,3011,,,2
54200,'SE',1635,,63454,5415,,,2
