1000,'DI',642,,23472,6625,,,1,70,,23499,6625,,,1,30,,23497,6625,,,1,70,,23490,6625,,,1,38,,23473,6625,,,1,70,,23491,6625,,,1,30,,23474,6625,,,1,70,,23492,6625,,,1,30,,23475,6625,,,1,70,,23493,6625,,,1,30,,23476,6625,,,1,70,,23494,6625,,,1,30,,23477,6625,,,1,70,,23495,6625,,,1,30,,23478,6625,,,1,70,,23496,6625,,,1,30,,23479,6625,,,1,70,,23500,6625,,,1,30,,23480,6625,,,1,70,,23501,6625,,,1,30,,23481,6625,,,1,70,,23502,6625,,,1,30,,23482,6625,,,1,70,,23503,6625,,,1,81,,23483,6625,,,1,100,,23484,6625,,,1,100,,23485,6625,,,1,100,,23486,6625,,,1,100,,23487,6625,,,1,100,,23488,6625,,,1,100,,23489,6625,,,1
1000,'F1',642,,44325,6625,,,1,70,,44352,6625,,,1,30,,44350,6625,,,1,70,,44343,6625,,,1,38,,44326,6625,,,1,70,,44344,6625,,,1,30,,44327,6625,,,1,70,,44345,6625,,,1,30,,44328,6625,,,1,70,,44346,6625,,,1,30,,44329,6625,,,1,70,,44347,6625,,,1,30,,44330,6625,,,1,70,,44348,6625,,,1,30,,44331,6625,,,1,70,,44349,6625,,,1,30,,44332,6625,,,1,70,,44353,6625,,,1,30,,44333,6625,,,1,70,,44354,6625,,,1,30,,44334,6625,,,1,70,,44355,6625,,,1,30,,44335,6625,,,1,70,,44356,6625,,,1,81,,44336,6625,,,1,100,,44337,6625,,,1,100,,44338,6625,,,1,100,,44339,6625,,,1,100,,44340,6625,,,1,100,,44341,6625,,,1,100,,44342,6625,,,1
1000,'F2',612,,44368,6625,,,1,30,,44363,6625,,,1,70,,44357,6625,,,1,30,,44370,6625,,,1,70,,44369,6625,,,1,38,,44379,6625,,,1,70,,44378,6625,,,1,30,,44380,6625,,,1,70,,44386,6625,,,1,30,,44381,6625,,,1,70,,44387,6625,,,1,30,,44371,6625,,,1,71,,44388,6625,,,1,30,,44372,6625,,,1,70,,44389,6625,,,1,30,,44373,6625,,,1,70,,44358,6625,,,1,30,,44374,6625,,,1,70,,44359,6625,,,1,30,,44375,6625,,,1,70,,44360,6625,,,1,29,,44376,6625,,,1,71,,44361,6625,,,1,30,,44377,6625,,,1,70,,44362,6625,,,1,81,,44382,6625,,,1,100,,44383,6625,,,1,100,,44384,6625,,,1,100,,44385,6625,,,1,100,,44364,6625,,,1,100,,44365,6625,,,1,100,,44366,6625,,,1
1000,'F8',612,,23581,6625,,,1,30,,23576,6625,,,1,70,,23570,6625,,,1,30,,23583,6625,,,1,70,,23582,6625,,,1,38,,23592,6625,,,1,70,,23591,6625,,,1,30,,23593,6625,,,1,70,,23599,6625,,,1,30,,23594,6625,,,1,70,,23600,6625,,,1,30,,23584,6625,,,1,71,,23601,6625,,,1,30,,23585,6625,,,1,70,,23602,6625,,,1,30,,23586,6625,,,1,70,,23571,6625,,,1,30,,23587,6625,,,1,70,,23572,6625,,,1,30,,23588,6625,,,1,70,,23573,6625,,,1,29,,23589,6625,,,1,71,,23574,6625,,,1,30,,23590,6625,,,1,70,,23575,6625,,,1,81,,23595,6625,,,1,100,,23596,6625,,,1,100,,23597,6625,,,1,100,,23598,6625,,,1,100,,23577,6625,,,1,100,,23578,6625,,,1,100,,23579,6625,,,1
1000,'F9',642,,23603,6625,,,1,70,,23630,6625,,,1,30,,23628,6625,,,1,70,,23621,6625,,,1,38,,23604,6625,,,1,70,,23622,6625,,,1,30,,23605,6625,,,1,70,,23623,6625,,,1,30,,23606,6625,,,1,70,,23624,6625,,,1,30,,23607,6625,,,1,70,,23625,6625,,,1,30,,23608,6625,,,1,70,,23626,6625,,,1,30,,23609,6625,,,1,70,,23627,6625,,,1,30,,23610,6625,,,1,70,,23631,6625,,,1,30,,23611,6625,,,1,70,,23632,6625,,,1,30,,23612,6625,,,1,70,,23633,6625,,,1,30,,23613,6625,,,1,70,,23634,6625,,,1,81,,23614,6625,,,1,100,,23615,6625,,,1,100,,23616,6625,,,1,100,,23617,6625,,,1,100,,23618,6625,,,1,100,,23619,6625,,,1,100,,23620,6625,,,1
1000,'SA',612,,23646,6625,,,1,30,,23641,6625,,,1,70,,23635,6625,,,1,30,,23648,6625,,,1,70,,23647,6625,,,1,38,,23657,6625,,,1,70,,23656,6625,,,1,30,,23658,6625,,,1,70,,23664,6625,,,1,30,,23659,6625,,,1,70,,23665,6625,,,1,30,,23649,6625,,,1,71,,23666,6625,,,1,30,,23650,6625,,,1,70,,23667,6625,,,1,30,,23651,6625,,,1,70,,23636,6625,,,1,30,,23652,6625,,,1,70,,23637,6625,,,1,30,,23653,6625,,,1,70,,23638,6625,,,1,29,,23654,6625,,,1,71,,23639,6625,,,1,30,,23655,6625,,,1,70,,23640,6625,,,1,81,,23660,6625,,,1,100,,23661,6625,,,1,100,,23662,6625,,,1,100,,23663,6625,,,1,100,,23642,6625,,,1,100,,23643,6625,,,1,100,,23644,6625,,,1
1700,'DI',634,,25381,6514,,,1,100,,25366,6514,,,1,70,,25372,6514,,,1,30,,25379,6514,,,1,70,,25392,6514,,,1,30,,25382,6514,,,1,70,,25387,6514,,,1,30,,25367,6514,,,1,70,,25389,6514,,,1,30,,25377,6514,,,1,70,,25385,6514,,,1,30,,25393,6514,,,1,70,,25373,6514,,,1,30,,25388,6514,,,1,70,,25378,6514,,,1,30,,25376,6514,,,1,70,,25391,6514,,,1,29,,25383,6514,,,1,70,,25368,6514,,,1,31,,25375,6514,,,1,70,,25369,6514,,,1,30,,25364,6514,,,1,71,,25370,6514,,,1,30,,25363,6514,,,1,99,,25390,6514,,,1,100,,25384,6514,,,1,100,,25371,6514,,,1,100,,25386,6514,,,1,100,,25374,6514,,,1,100,,25365,6514,,,1,100,,25380,6514,,,1
1700,'F1',634,,45060,6514,,,1,100,,45045,6514,,,1,70,,45051,6514,,,1,30,,45058,6514,,,1,70,,45071,6514,,,1,30,,45061,6514,,,1,70,,45066,6514,,,1,30,,45046,6514,,,1,70,,45068,6514,,,1,30,,45056,6514,,,1,70,,45064,6514,,,1,30,,45072,6514,,,1,70,,45052,6514,,,1,30,,45067,6514,,,1,70,,45057,6514,,,1,30,,45055,6514,,,1,70,,45070,6514,,,1,29,,45062,6514,,,1,70,,45047,6514,,,1,31,,45054,6514,,,1,70,,45048,6514,,,1,30,,45043,6514,,,1,71,,45049,6514,,,1,30,,45042,6514,,,1,99,,45069,6514,,,1,100,,45063,6514,,,1,100,,45050,6514,,,1,100,,45065,6514,,,1,100,,45053,6514,,,1,100,,45044,6514,,,1,100,,45059,6514,,,1
1700,'F2',634,,45093,6514,,,1,100,,45102,6514,,,1,70,,45076,6514,,,1,30,,45088,6514,,,1,70,,45099,6514,,,1,30,,45086,6514,,,1,70,,45075,6514,,,1,30,,45094,6514,,,1,70,,45077,6514,,,1,30,,45081,6514,,,1,70,,45073,6514,,,1,30,,45083,6514,,,1,70,,45089,6514,,,1,30,,45095,6514,,,1,70,,45100,6514,,,1,30,,45082,6514,,,1,70,,45101,6514,,,1,30,,45090,6514,,,1,70,,45097,6514,,,1,29,,45096,6514,,,1,70,,45078,6514,,,1,31,,45080,6514,,,1,70,,45079,6514,,,1,31,,45084,6514,,,1,99,,45098,6514,,,1,100,,45091,6514,,,1,100,,45087,6514,,,1,100,,45085,6514,,,1,100,,45074,6514,,,1,100,,45103,6514,,,1,100,,45092,6514,,,1
1700,'F8',634,,25476,6514,,,1,100,,25485,6514,,,1,70,,25459,6514,,,1,30,,25471,6514,,,1,70,,25482,6514,,,1,30,,25469,6514,,,1,70,,25458,6514,,,1,30,,25477,6514,,,1,70,,25460,6514,,,1,30,,25464,6514,,,1,70,,25456,6514,,,1,30,,25466,6514,,,1,70,,25472,6514,,,1,30,,25478,6514,,,1,70,,25483,6514,,,1,30,,25465,6514,,,1,70,,25484,6514,,,1,30,,25473,6514,,,1,70,,25480,6514,,,1,29,,25479,6514,,,1,70,,25461,6514,,,1,31,,25463,6514,,,1,70,,25462,6514,,,1,31,,25467,6514,,,1,99,,25481,6514,,,1,100,,25474,6514,,,1,100,,25470,6514,,,1,100,,25468,6514,,,1,100,,25457,6514,,,1,100,,25486,6514,,,1,100,,25475,6514,,,1
1700,'F9',634,,25505,6514,,,1,100,,25490,6514,,,1,70,,25496,6514,,,1,30,,25503,6514,,,1,70,,25516,6514,,,1,30,,25506,6514,,,1,70,,25511,6514,,,1,30,,25491,6514,,,1,70,,25513,6514,,,1,30,,25501,6514,,,1,70,,25509,6514,,,1,30,,25517,6514,,,1,70,,25497,6514,,,1,30,,25512,6514,,,1,70,,25502,6514,,,1,30,,25500,6514,,,1,70,,25515,6514,,,1,29,,25507,6514,,,1,70,,25492,6514,,,1,31,,25499,6514,,,1,70,,25493,6514,,,1,30,,25488,6514,,,1,71,,25494,6514,,,1,30,,25487,6514,,,1,99,,25514,6514,,,1,100,,25508,6514,,,1,100,,25495,6514,,,1,100,,25510,6514,,,1,100,,25498,6514,,,1,100,,25489,6514,,,1,100,,25504,6514,,,1
1700,'SA',634,,25536,6514,,,1,100,,25545,6514,,,1,70,,25521,6514,,,1,30,,4923,6514,,,1,70,,25542,6514,,,1,30,,25531,6514,,,1,70,,25520,6514,,,1,30,,25537,6514,,,1,70,,25522,6514,,,1,30,,25526,6514,,,1,70,,25518,6514,,,1,30,,25528,6514,,,1,70,,25533,6514,,,1,30,,25538,6514,,,1,70,,25543,6514,,,1,30,,25527,6514,,,1,70,,25544,6514,,,1,30,,25534,6514,,,1,70,,25540,6514,,,1,29,,25539,6514,,,1,70,,25523,6514,,,1,31,,25525,6514,,,1,70,,25524,6514,,,1,31,,25529,6514,,,1,99,,25541,6514,,,1,100,,4934,6514,,,1,100,,25532,6514,,,1,100,,25530,6514,,,1,100,,25519,6514,,,1,100,,25546,6514,,,1,100,,25535,6514,,,1
7600,'SE',612,,48783,6980,,,1,21,,48784,6980,,,1,20,,48780,6980,,,1,68,,48764,6980,,,1,13,,48767,6980,,,1,21,,48770,6980,,,1,63,,48800,6980,,,1,27,,48768,6980,,,1,70,,48771,6980,,,1,30,,48762,6980,,,1,70,,48781,6980,,,1,30,,48773,6980,,,1,70,,48769,6980,,,1,30,,48765,6980,,,1,70,,48763,6980,,,1,30,,48802,6980,,,1,70,,48760,6980,,,1,30,,48782,6980,,,1,71,,48766,6980,,,1,34,,48772,6980,,,1,66,,48785,6980,,,1,32,,48787,6980,,,1,71,,48777,6980,,,1,24,,48797,6980,,,1,58,,48801,6980,,,1,20,,48803,6980,,,1,21,,48774,6980,,,1,58,,48798,6980,,,1,20,,48806,6980,,,1,27,,48786,6980,,,1,70,,48776,6980,,,1,30,,48761,6980,,,1,70,,48788,6980,,,1,30,,48804,6980,,,1,70,,48789,6980,,,1,30,,48805,6980,,,1,69,,48790,6980,,,1,30,,48794,6980,,,1,70,,48791,6980,,,1,30,,48795,6980,,,1,70,,48792,6980,,,1,30,,48796,6980,,,1,70,,48793,6980,,,1
16100,'DI',608,,38650,6625,,,2,30,,38638,6625,0,35 36,2,70,,38648,6625,0,35 36,2,30,,38641,6625,0,35 36,2,70,,38642,6625,0,35 36,2,30,,38644,6625,0,35 36,2,702,,38639,6625,0,35 36,2,68,,38643,6625,0,35 36,2,32,,38640,6625,0,35 36,2,70,,38646,6625,0,35 36,2,30,,38649,6625,,,2,72,,38645,6625,0,35 36,2,30,,38647,6625,0,35 36,2
16100,'F1',608,,50332,6625,,,2,30,,50320,6625,0,35 36,2,70,,50330,6625,0,35 36,2,30,,50323,6625,0,35 36,2,70,,50324,6625,0,35 36,2,30,,50326,6625,0,35 36,2,702,,50321,6625,0,35 36,2,68,,50325,6625,0,35 36,2,32,,50322,6625,0,35 36,2,70,,50328,6625,0,35 36,2,30,,50331,6625,,,2,72,,50327,6625,0,35 36,2,30,,50329,6625,0,35 36,2
16100,'F2',608,,50344,6625,,,2,30,,50337,6625,0,35 36,2,70,,50338,6625,0,35 36,2,30,,50335,6625,0,35 36,2,70,,50341,6625,0,35 36,2,30,,50339,6625,0,35 36,2,700,,50336,6625,0,35 36,2,71,,50333,6625,0,35 36,2,31,,50342,6625,0,35 36,2,70,,50345,6625,,,2,31,,50334,6625,0,35 36,2,71,,50343,6625,0,35 36,2,29,,50340,6625,0,35 36,2
16100,'F8',608,,38707,6625,,,2,30,,38700,6625,0,35 36,2,70,,38701,6625,0,35 36,2,30,,38698,6625,0,35 36,2,70,,38704,6625,0,35 36,2,30,,38702,6625,0,35 36,2,700,,38699,6625,0,35 36,2,71,,38696,6625,0,35 36,2,31,,38705,6625,0,35 36,2,70,,38708,6625,,,2,31,,38697,6625,0,35 36,2,71,,38706,6625,0,35 36,2,29,,38703,6625,0,35 36,2
16100,'F9',608,,38721,6625,,,2,30,,38709,6625,0,35 36,2,70,,38719,6625,0,35 36,2,30,,38712,6625,0,35 36,2,70,,38713,6625,0,35 36,2,30,,38715,6625,0,35 36,2,702,,38710,6625,0,35 36,2,68,,38714,6625,0,35 36,2,32,,38711,6625,0,35 36,2,70,,38717,6625,0,35 36,2,30,,38720,6625,,,2,72,,38716,6625,0,35 36,2,30,,38718,6625,0,35 36,2
16100,'SA',608,,38733,6625,,,2,30,,38726,6625,0,35 36,2,70,,38727,6625,0,35 36,2,30,,38724,6625,0,35 36,2,70,,38730,6625,0,35 36,2,30,,38728,6625,0,35 36,2,700,,38725,6625,0,35 36,2,71,,38722,6625,0,35 36,2,31,,38731,6625,0,35 36,2,70,,38734,6625,,,2,31,,38723,6625,0,35 36,2,71,,38732,6625,0,35 36,2,29,,38729,6625,0,35 36,2
16100,'SE',647,,50359,6514,,,2,64,,50360,6514,,,2,25,,50358,6514,,,2,20,,50348,6514,0,35 36,2,61,,50347,6514,0,35 36,2,18,,50346,6514,0,35 36,2,323,,50363,6625,,,2,297,,50350,6625,0,35 36,2,70,,50349,6625,0,35 36,2,21,,50361,6625,,,2,60,,50351,6625,0,35 36,2,20,,50365,6625,,,2,20,,50354,6625,0,35 36,2,60,,50362,6625,,,2,20,,50352,6625,0,35 36,2,20,,50355,6625,0,35 36,2,60,,50364,6625,,,2,20,,50357,6625,0,35 36,2,20,,50353,6625,0,35 36,2,60,,50356,6625,0,35 36,2
41000,'SE',554,,50536,6514,,,2,60,,50529,6514,,,2,23,,50543,6514,,,2,7,,50532,6514,,,2,67,,50535,6514,,,2,12,,50534,6514,,,2,24,,50539,6514,,,2,11,,50544,6514,,,2,54,,50540,6514,,,2,17,,50546,6514,,,2,18,,50538,6514,,,2,70,,50541,6514,,,2,29,,50571,6625,,,2,70,,50570,6625,,,2,30,,50572,6625,,,2,70,,50549,6625,,,2,30,,50547,6625,,,2,70,,50553,6625,,,2,30,,50573,6625,,,2,70,,50550,6625,,,2,30,,50548,6625,,,2,71,,50554,6625,,,2,31,,50560,6625,,,2,65,,50555,6625,,,2,30,,50561,6625,,,2,60,,50551,6625,,,2,12,,50562,6625,,,2,15,,50579,6625,,,2,18,,50574,6625,,,2,52,,50578,6625,,,2,22,,50563,6625,,,2,32,,50575,6625,,,2,65,,50568,6625,,,2,30,,50576,6625,,,2,69,,50569,6625,,,2,30,,50577,6625,,,2,70,,50552,6625,,,2,30,,50564,6625,,,2,70,,50556,6625,,,2,30,,50567,6625,,,2,70,,50557,6625,,,2,30,,50565,6625,,,2,70,,50558,6625,,,2,100,,50559,6625,,,2,100,,50566,6625,,,2
41700,'SE',606,,50639,6514,,,2,18,,50637,6514,,,2,25,,50632,6514,,,2,52,,50634,6514,,,2,12,,50636,6514,,,2,8,,50638,6514,,,2,10,,50641,6514,,,2,12,,50635,6514,,,2,12,,50633,6514,,,2,55,,50642,6514,,,2,23,,50631,6514,,,2,71,,50640,6514,,,2,28,,50644,6625,,,2,70,,50664,6625,,,2,30,,50657,6625,,,2,70,,50665,6625,,,2,30,,50658,6625,,,2,70,,50666,6625,,,2,30,,50659,6625,,,2,70,,50667,6625,,,2,30,,50660,6625,,,2,70,,50668,6625,,,2,30,,50643,6625,,,2,27,,50649,6625,,,2,69,,50672,6625,,,2,25,,50654,6625,,,2,68,,50645,6625,,,2,18,,50674,6625,,,2,15,,50655,6625,,,2,52,,50646,6625,,,2,10,,50661,6625,,,2,15,,50673,6625,,,2,14,,50647,6625,,,2,55,,50656,6625,,,2,35,,50675,6625,,,2,70,,50662,6625,,,2,29,,50676,6625,,,2,70,,50663,6625,,,2,30,,50677,6625,,,2,70,,50648,6625,,,2,30,,50678,6625,,,2,70,,50669,6625,,,2,30,,50650,6625,,,2,70,,50670,6625,,,2,30,,50651,6625,,,2,69,,50671,6625,,,2,30,,50679,6625,,,2,70,,50653,6625,,,2,32,,50652,6625,,,2
