801,'DI',535,,53514,7022,,,1,70,,53522,7022,,,1,30,,53529,7022,,,1,70,,53541,7022,,,1,30,,53515,7022,,,1,71,,53523,7022,,,1,30,,53530,7022,,,1,70,,53542,7022,,,1,27,,53516,7022,,,1,70,,53524,7022,,,1,30,,53531,7022,,,1,68,,53543,7022,,,1,30,,53517,7022,,,1,70,,53525,7022,,,1,30,,53532,7022,,,1,70,,53544,7022,,,1,31,,53518,7022,,,1,70,,53526,7022,,,1,31,,53538,7022,,,1,70,,53545,7022,,,1,30,,53539,7022,,,1,70,,53527,7022,,,1,30,,53533,7022,,,1,70,,53546,7022,,,1,19,,53548,7022,,,1,15,,53540,7022,,,1,70,,53528,7022,,,1,28,,53534,7022,,,1,70,,53547,7022,,,1,45,,53519,7022,,,1,102,,53535,7022,,,1,100,,53520,7022,,,1,99,,53536,7022,,,1,100,,53521,7022,,,1,99,,53537,7022,,,1
801,'F1',535,,53549,7022,,,1,70,,53557,7022,,,1,30,,53564,7022,,,1,70,,53576,7022,,,1,30,,53550,7022,,,1,71,,53558,7022,,,1,30,,53565,7022,,,1,70,,53577,7022,,,1,27,,53551,7022,,,1,70,,53559,7022,,,1,30,,53566,7022,,,1,68,,53578,7022,,,1,30,,53552,7022,,,1,70,,53560,7022,,,1,30,,53567,7022,,,1,70,,53579,7022,,,1,31,,53553,7022,,,1,70,,53561,7022,,,1,31,,53573,7022,,,1,70,,53580,7022,,,1,30,,53574,7022,,,1,70,,53562,7022,,,1,30,,53568,7022,,,1,70,,53581,7022,,,1,19,,53583,7022,,,1,15,,53575,7022,,,1,70,,53563,7022,,,1,28,,53569,7022,,,1,70,,53582,7022,,,1,45,,53554,7022,,,1,102,,53570,7022,,,1,100,,53555,7022,,,1,99,,53571,7022,,,1,100,,53556,7022,,,1,99,,53572,7022,,,1
801,'F2',535,,53588,7022,,,1,70,,53593,7022,,,1,30,,53600,7022,,,1,70,,53605,7022,,,1,30,,53589,7022,,,1,70,,53594,7022,,,1,30,,53601,7022,,,1,70,,53606,7022,,,1,27,,53590,7022,,,1,68,,53595,7022,,,1,30,,53602,7022,,,1,70,,53607,7022,,,1,31,,53591,7022,,,1,70,,53596,7022,,,1,31,,53603,7022,,,1,70,,53608,7022,,,1,31,,53592,7022,,,1,70,,53597,7022,,,1,30,,53604,7022,,,1,70,,53609,7022,,,1,30,,44242,7022,,,1,70,,53598,7022,,,1,30,,53615,7022,,,1,70,,53610,7022,,,1,25,,53584,7022,,,1,10,,44243,7022,,,1,62,,53599,7022,,,1,30,,53616,7022,,,1,70,,53611,7022,,,1,50,,53585,7022,,,1,100,,53612,7022,,,1,100,,53586,7022,,,1,99,,53613,7022,,,1,100,,53587,7022,,,1,101,,53614,7022,,,1
801,'SA',535,,53621,7022,,,1,70,,53626,7022,,,1,30,,53633,7022,,,1,70,,53638,7022,,,1,30,,53622,7022,,,1,70,,53627,7022,,,1,30,,53634,7022,,,1,70,,53639,7022,,,1,27,,53623,7022,,,1,68,,53628,7022,,,1,30,,53635,7022,,,1,70,,53640,7022,,,1,31,,53624,7022,,,1,70,,53629,7022,,,1,31,,53636,7022,,,1,70,,53641,7022,,,1,31,,53625,7022,,,1,70,,53630,7022,,,1,30,,53637,7022,,,1,70,,53642,7022,,,1,30,,2977,7022,,,1,70,,53631,7022,,,1,30,,53648,7022,,,1,70,,53643,7022,,,1,25,,53617,7022,,,1,10,,2978,7022,,,1,62,,53632,7022,,,1,30,,53649,7022,,,1,70,,53644,7022,,,1,50,,53618,7022,,,1,100,,53645,7022,,,1,100,,53619,7022,,,1,99,,53646,7022,,,1,100,,53620,7022,,,1,101,,53647,7022,,,1
801,'SE',501,,53650,7022,,,1,33,,53651,7022,,,1,67,,44285,7022,,,1,21,,53672,7022,,,1,23,,53665,7022,,,1,11,,53710,7022,,,1,49,,53655,7022,,,1,8,,53685,7022,,,1,10,,53659,7022,,,1,9,,53652,7022,,,1,11,,53663,7022,,,1,61,,53660,7022,,,1,20,,53673,7022,,,1,18,,53654,7022,,,1,13,,53690,7022,,,1,55,,53656,7022,,,1,15,,53686,7022,,,1,15,,53678,7022,,,1,17,,53693,7022,,,1,55,,44259,7022,,,1,14,,53674,7022,,,1,15,,53666,7022,,,1,16,,53691,7022,,,1,55,,53657,7022,,,1,15,,53687,7022,,,1,15,,53679,7022,,,1,15,,53694,7022,,,1,55,,53653,7022,,,1,16,,53661,7022,,,1,15,,53675,7022,,,1,15,,53669,7022,,,1,55,,53692,7022,,,1,15,,53709,7022,,,1,15,,53688,7022,,,1,15,,53684,7022,,,1,55,,53695,7022,,,1,16,,53697,7022,,,1,15,,53715,7022,,,1,13,,53681,7022,,,1,59,,53700,7022,,,1,11,,53670,7022,,,1,10,,53658,7022,,,1,14,,53711,7022,,,1,56,,53680,7022,,,1,16,,53664,7022,,,1,15,,53702,7022,,,1,13,,53698,7022,,,1,56,,53662,7022,,,1,15,,53682,7022,,,1,15,,53701,7022,,,1,17,,53671,7022,,,1,61,,53689,7022,,,1,23,,53707,7022,,,1,67,,53699,7022,,,1,28,,53676,7022,,,1,71,,53703,7022,,,1,30,,53718,7022,,,1,73,,53720,7022,,,1,27,,53677,7022,,,1,13,,53716,7022,,,1,60,,53704,7022,,,1,29,,53719,7022,,,1,20,,53721,7022,,,1,92,,53667,7022,,,1,100,,53705,7022,,,1
5001,'DI',643,,58111,1586,,,2,102,,58105,1586,,,2,100,,58106,1586,,,2,100,,58112,1586,,,2,103,,58113,1586,,,2,94,,58107,1586,,,2,103,,58108,1586,,,2,103,,58109,1586,,,2,97,,58097,1586,,,2,96,,58099,1586,,,2,103,,58100,1586,,,2,106,,58101,1586,,,2,95,,58114,1586,,,2,100,,58110,1586,,,2,100,,58104,1586,,,2,100,,58102,1586,,,2,100,,58116,1586,,,2,100,,58103,1586,,,2,100,,58098,1586,,,2,100,,58115,1586,,,2
5001,'F1',643,,58131,1586,,,2,102,,58125,1586,,,2,100,,58126,1586,,,2,100,,58132,1586,,,2,103,,58133,1586,,,2,94,,58127,1586,,,2,103,,58128,1586,,,2,103,,58129,1586,,,2,97,,58117,1586,,,2,96,,58119,1586,,,2,103,,58120,1586,,,2,106,,58121,1586,,,2,95,,58134,1586,,,2,100,,58130,1586,,,2,100,,58124,1586,,,2,100,,58122,1586,,,2,100,,58136,1586,,,2,100,,58123,1586,,,2,100,,58118,1586,,,2,100,,58135,1586,,,2
5001,'F2',645,,58137,1586,,,2,98,,58141,1586,,,2,102,,58143,1586,,,2,97,,58151,1586,,,2,103,,58148,1586,,,2,96,,58152,1586,,,2,102,,58138,1586,,,2,98,,58142,1586,,,2,99,,47449,1586,,,2,103,,58153,1586,,,2,103,,58154,1586,,,2,103,,58155,1586,,,2,96,,58139,1586,,,2,100,,58145,1586,,,2,100,,58144,1586,,,2,100,,58146,1586,,,2,97,,58149,1586,,,2,103,,58150,1586,,,2,101,,58140,1586,,,2,99,,58147,1586,,,2
5001,'SA',645,,58156,1586,,,2,98,,58160,1586,,,2,102,,58162,1586,,,2,97,,58170,1586,,,2,103,,58167,1586,,,2,96,,58171,1586,,,2,102,,58157,1586,,,2,98,,58161,1586,,,2,99,,31554,1586,,,2,103,,58172,1586,,,2,103,,58173,1586,,,2,103,,58174,1586,,,2,96,,58158,1586,,,2,100,,58164,1586,,,2,100,,58163,1586,,,2,100,,58165,1586,,,2,97,,58168,1586,,,2,103,,58169,1586,,,2,101,,58159,1586,,,2,99,,58166,1586,,,2
5001,'SE',535,,58198,1586,,,2,70,,58182,1586,,,2,30,,58177,1586,,,2,70,,58194,1586,,,2,30,,58187,1586,,,2,70,,58180,1586,,,2,30,,58186,1586,,,2,73,,58181,1586,,,2,27,,58178,1586,,,2,100,,58201,1586,,,2,100,,58193,1586,,,2,100,,58176,1586,,,2,100,,58183,1586,,,2,99,,58190,1586,,,2,102,,58184,1586,,,2,68,,58188,1586,,,2,33,,47488,1586,,,2,74,,58189,1586,,,2,26,,58191,1586,,,2,70,,58179,1586,,,2,30,,58196,1586,,,2,68,,58199,1586,,,2,30,,58192,1586,,,2,100,,58195,1586,,,2,100,,58197,1586,,,2,100,,58185,1586,,,2,100,,58175,1586,,,2,100,,58202,1586,,,2,100,,58200,1586,,,2
44201,'SE',718,,63040,8410,,,2,100,,63039,8410,,,2
60801,'SE',1455,,63490,1889,,,2,2,,63491,1889,,,2
