16000,'DI',734,,38365,18844,4,,1,100,,38368,18844,4,,1,100,,38371,18844,4,,1,100,,38366,18844,4,,1,100,,38372,18844,4,,1,100,,38364,18844,4,,1,100,,38373,18844,4,,1,100,,38362,18844,4,,1,100,,38360,18844,4,,1,100,,38369,18844,4,,1,100,,38367,18844,4,,1,100,,38374,18844,4,,1,100,,38370,18844,4,,1,102,,38363,18844,4,,1,98,,38361,18844,4,,1
16000,'F1',734,,50212,18844,4,,1,100,,50215,18844,4,,1,100,,50218,18844,4,,1,100,,50213,18844,4,,1,100,,50219,18844,4,,1,100,,50211,18844,4,,1,100,,50220,18844,4,,1,100,,50209,18844,4,,1,100,,50207,18844,4,,1,100,,50216,18844,4,,1,100,,50214,18844,4,,1,100,,50221,18844,4,,1,100,,50217,18844,4,,1,102,,50210,18844,4,,1,98,,50208,18844,4,,1
16000,'F2',734,,50226,18844,4,,1,99,,50229,18844,4,,1,101,,50225,18844,4,,1,100,,50222,18844,4,,1,100,,50228,18844,4,,1,99,,50233,18844,4,,1,101,,50223,18844,4,,1,100,,50227,18844,4,,1,100,,50234,18844,4,,1,100,,50230,18844,4,,1,100,,50224,18844,4,,1,100,,50235,18844,4,,1,100,,50231,18844,4,,1,101,,50236,18844,4,,1,99,,50232,18844,4,,1
16000,'F8',734,,38429,18844,4,,1,99,,38432,18844,4,,1,101,,38428,18844,4,,1,100,,38425,18844,4,,1,100,,38431,18844,4,,1,99,,38436,18844,4,,1,101,,38426,18844,4,,1,100,,38430,18844,4,,1,100,,38437,18844,4,,1,100,,38433,18844,4,,1,100,,38427,18844,4,,1,100,,38438,18844,4,,1,100,,38434,18844,4,,1,101,,38439,18844,4,,1,99,,38435,18844,4,,1
16000,'F9',734,,38445,18844,4,,1,100,,38448,18844,4,,1,100,,38451,18844,4,,1,100,,38446,18844,4,,1,100,,38452,18844,4,,1,100,,38444,18844,4,,1,100,,38453,18844,4,,1,100,,38442,18844,4,,1,100,,38440,18844,4,,1,100,,38449,18844,4,,1,100,,38447,18844,4,,1,100,,38454,18844,4,,1,100,,38450,18844,4,,1,102,,38443,18844,4,,1,98,,38441,18844,4,,1
16000,'SA',734,,38459,18844,4,,1,99,,16667,18844,4,,1,101,,38458,18844,4,,1,100,,38455,18844,4,,1,100,,38461,18844,4,,1,99,,38464,18844,4,,1,101,,38456,18844,4,,1,100,,38460,18844,4,,1,100,,38465,18844,4,,1,100,,16668,18844,4,,1,100,,38457,18844,4,,1,100,,38466,18844,4,,1,100,,38462,18844,4,,1,101,,38467,18844,4,,1,99,,38463,18844,4,,1
16000,'SE',645,,50239,18844,4,,1,95,,50249,18844,4,,1,86,,50247,18844,4,,1,88,,50250,18844,4,,1,91,,50248,18844,4,,1,46,,50240,18844,4,,1,102,,50241,18844,4,,1,100,,50242,18844,4,,1,100,,50251,18844,4,,1,100,,50246,18844,4,,1,102,,50253,18844,4,,1,70,,50259,18844,4,,1,28,,50237,18844,4,,1,64,,50252,18844,4,,1,33,,50254,18844,4,,1,65,,50255,18844,4,,1,26,,50245,18844,4,,1,70,,50260,18844,4,,1,30,,50243,18844,4,,1,86,,50238,18844,4,,1,97,,50244,18844,4,,1,98,,50257,18844,4,,1,92,,50256,18844,4,,1,100,,50258,18844,4,,1
16001,'DI',545,,38498,0,0,19 20,1,99,,38493,0,0,19 20,1,100,,38499,0,0,19 20,1,100,,38502,0,0,19 20,1,100,,38505,0,0,19 20,1,100,,38500,0,0,19 20,1,100,,38506,0,0,19 20,1,100,,38497,0,0,19 20,1,100,,38507,0,0,19 20,1,100,,38495,0,0,19 20,1,100,,38492,0,0,19 20,1,100,,38503,0,0,19 20,1,100,,38501,0,0,19 20,1,100,,38508,0,0,19 20,1,100,,38504,0,0,19 20,1,103,,38496,0,0,19 20,1,97,,38494,0,0,19 20,1
16001,'F1',545,,50267,0,0,19 20,1,99,,50262,0,0,19 20,1,100,,50268,0,0,19 20,1,100,,50271,0,0,19 20,1,100,,50274,0,0,19 20,1,100,,50269,0,0,19 20,1,100,,50275,0,0,19 20,1,100,,50266,0,0,19 20,1,100,,50276,0,0,19 20,1,100,,50264,0,0,19 20,1,100,,50261,0,0,19 20,1,100,,50272,0,0,19 20,1,100,,50270,0,0,19 20,1,100,,50277,0,0,19 20,1,100,,50273,0,0,19 20,1,103,,50265,0,0,19 20,1,97,,50263,0,0,19 20,1
16001,'F2',546,,50286,0,0,19 20,1,99,,50284,0,0,19 20,1,99,,50282,0,0,19 20,1,100,,50287,0,0,19 20,1,99,,50281,0,0,19 20,1,101,,50278,0,0,19 20,1,100,,50285,0,0,19 20,1,100,,50291,0,0,19 20,1,100,,50279,0,0,19 20,1,100,,50283,0,0,19 20,1,100,,50292,0,0,19 20,1,100,,50288,0,0,19 20,1,100,,50280,0,0,19 20,1,101,,50293,0,0,19 20,1,99,,50289,0,0,19 20,1,103,,50294,0,0,19 20,1,97,,50290,0,0,19 20,1
16001,'F8',546,,38572,0,0,19 20,1,99,,38570,0,0,19 20,1,99,,38568,0,0,19 20,1,100,,38573,0,0,19 20,1,99,,38567,0,0,19 20,1,101,,38564,0,0,19 20,1,100,,38571,0,0,19 20,1,100,,38577,0,0,19 20,1,100,,38565,0,0,19 20,1,100,,38569,0,0,19 20,1,100,,38578,0,0,19 20,1,100,,38574,0,0,19 20,1,100,,38566,0,0,19 20,1,101,,38579,0,0,19 20,1,99,,38575,0,0,19 20,1,103,,38580,0,0,19 20,1,97,,38576,0,0,19 20,1
16001,'F9',545,,38587,0,0,19 20,1,99,,38582,0,0,19 20,1,100,,38588,0,0,19 20,1,100,,38591,0,0,19 20,1,100,,38594,0,0,19 20,1,100,,38589,0,0,19 20,1,100,,38595,0,0,19 20,1,100,,38586,0,0,19 20,1,100,,38596,0,0,19 20,1,100,,38584,0,0,19 20,1,100,,38581,0,0,19 20,1,100,,38592,0,0,19 20,1,100,,38590,0,0,19 20,1,100,,38597,0,0,19 20,1,100,,38593,0,0,19 20,1,103,,38585,0,0,19 20,1,97,,38583,0,0,19 20,1
16001,'SA',546,,38606,0,0,19 20,1,99,,38604,0,0,19 20,1,99,,38602,0,0,19 20,1,100,,16801,0,0,19 20,1,99,,38601,0,0,19 20,1,101,,38598,0,0,19 20,1,100,,38605,0,0,19 20,1,100,,38609,0,0,19 20,1,100,,38599,0,0,19 20,1,100,,38603,0,0,19 20,1,100,,38610,0,0,19 20,1,100,,16802,0,0,19 20,1,100,,38600,0,0,19 20,1,101,,38611,0,0,19 20,1,99,,38607,0,0,19 20,1,103,,38612,0,0,19 20,1,97,,38608,0,0,19 20,1
16001,'SE',558,,50303,0,0,19 20,1,68,,50315,0,0,19 20,1,25,,50297,0,0,19 20,1,67,,50305,0,0,19 20,1,24,,50309,0,0,19 20,1,63,,50319,0,0,19 20,1,28,,50307,0,0,19 20,1,85,,50310,0,0,19 20,1,98,,50308,0,0,19 20,1,93,,50298,0,0,19 20,1,100,,50299,0,0,19 20,1,100,,50300,0,0,19 20,1,100,,50311,0,0,19 20,1,99,,50306,0,0,19 20,1,51,,50313,0,0,19 20,1,97,,50295,0,0,19 20,1,70,,50312,0,0,19 20,1,28,,50314,0,0,19 20,1,65,,50316,0,0,19 20,1,26,,50304,0,0,19 20,1,101,,50301,0,0,19 20,1,100,,50296,0,0,19 20,1,102,,50302,0,0,19 20,1,100,,50318,0,0,19 20,1,90,,50317,0,0,19 20,1
