1700,'DI',627,,25381,3955,,,1,100,,25366,3955,,,1,30,,25372,3955,,,1,70,,25379,3955,,,1,30,,25392,3955,,,1,70,,25382,3955,,,1,30,,25387,3955,,,1,70,,25367,3955,,,1,30,,25389,3955,,,1,70,,25377,3955,,,1,30,,25385,3955,,,1,70,,25393,3955,,,1,30,,25373,3955,,,1,70,,25388,3955,,,1,30,,25378,3955,,,1,70,,25376,3955,,,1,30,,25391,3955,,,1,69,,25383,3955,,,1,30,,25368,3955,,,1,71,,25375,3955,,,1,30,,25369,3955,,,1,70,,25364,3955,,,1,31,,25370,3955,,,1,70,,25363,3955,,,1,99,,25390,3955,,,1,100,,25384,3955,,,1,100,,25371,3955,,,1,100,,25386,3955,,,1,100,,25374,3955,,,1,100,,25365,3955,,,1,100,,25380,3955,,,1
1700,'F8',627,,25476,3955,,,1,100,,25485,3955,,,1,30,,25459,3955,,,1,70,,25471,3955,,,1,30,,25482,3955,,,1,70,,25469,3955,,,1,30,,25458,3955,,,1,70,,25477,3955,,,1,30,,25460,3955,,,1,70,,25464,3955,,,1,30,,25456,3955,,,1,70,,25466,3955,,,1,30,,25472,3955,,,1,70,,25478,3955,,,1,30,,25483,3955,,,1,70,,25465,3955,,,1,30,,25484,3955,,,1,70,,25473,3955,,,1,30,,25480,3955,,,1,69,,25479,3955,,,1,30,,25461,3955,,,1,71,,25463,3955,,,1,30,,25462,3955,,,1,71,,25467,3955,,,1,99,,25481,3955,,,1,100,,25474,3955,,,1,100,,25470,3955,,,1,100,,25468,3955,,,1,100,,25457,3955,,,1,100,,25486,3955,,,1,100,,25475,3955,,,1
1700,'F9',627,,25505,3955,,,1,100,,25490,3955,,,1,30,,25496,3955,,,1,70,,25503,3955,,,1,30,,25516,3955,,,1,70,,25506,3955,,,1,30,,25511,3955,,,1,70,,25491,3955,,,1,30,,25513,3955,,,1,70,,25501,3955,,,1,30,,25509,3955,,,1,70,,25517,3955,,,1,30,,25497,3955,,,1,70,,25512,3955,,,1,30,,25502,3955,,,1,70,,25500,3955,,,1,30,,25515,3955,,,1,69,,25507,3955,,,1,30,,25492,3955,,,1,71,,25499,3955,,,1,30,,25493,3955,,,1,70,,25488,3955,,,1,31,,25494,3955,,,1,70,,25487,3955,,,1,99,,25514,3955,,,1,100,,25508,3955,,,1,100,,25495,3955,,,1,100,,25510,3955,,,1,100,,25498,3955,,,1,100,,25489,3955,,,1,100,,25504,3955,,,1
1700,'SA',627,,25536,3955,,,1,100,,25545,3955,,,1,30,,25521,3955,,,1,70,,4923,3955,,,1,30,,25542,3955,,,1,70,,25531,3955,,,1,30,,25520,3955,,,1,70,,25537,3955,,,1,30,,25522,3955,,,1,70,,25526,3955,,,1,30,,25518,3955,,,1,70,,25528,3955,,,1,30,,25533,3955,,,1,70,,25538,3955,,,1,30,,25543,3955,,,1,70,,25527,3955,,,1,30,,25544,3955,,,1,70,,25534,3955,,,1,30,,25540,3955,,,1,69,,25539,3955,,,1,30,,25523,3955,,,1,71,,25525,3955,,,1,30,,25524,3955,,,1,71,,25529,3955,,,1,99,,25541,3955,,,1,100,,4934,3955,,,1,100,,25532,3955,,,1,100,,25530,3955,,,1,100,,25519,3955,,,1,100,,25546,3955,,,1,100,,25535,3955,,,1
2000,'SE',704,,26470,4170,,,2,9,,26468,4170,,,2,8,,26472,4170,,,2,10,,26465,4170,,,2,11,,26467,4170,,,2,6,,26466,4170,,,2,54,,26471,4170,,,2,32,,26469,4170,,,2,71,,26473,4170,,,2
2500,'DI',700,,27541,4032,,,2
2500,'F8',700,,27570,4032,,,2
2500,'F9',700,,27571,4032,,,2
2500,'SA',700,,27572,4032,,,2
2500,'SE',522,,27574,4032,,,2,30,,27575,4032,,,2,69,,27594,4032,,,2,19,,27593,4032,,,2,61,,27589,4032,,,2,19,,27576,4032,,,2,29,,27578,4032,,,2,68,,27579,4032,,,2,36,,27577,4032,,,2,70,,27573,4032,,,2,430,,27580,4032,,,2,70,,27581,4032,,,2,29,,27597,4032,,,2,53,,27596,4032,,,2,18,,27595,4032,,,2,31,,27582,4032,,,2,72,,27585,4032,,,2,29,,27587,4032,,,2,69,,27590,4032,,,2,31,,27586,4032,,,2,68,,27588,4032,,,2,30,,27584,4032,,,2,375,,27592,4032,,,2,84,,27598,4032,,,2,15,,27591,4032,,,2,85,,27583,4032,,,2
7600,'SE',604,,34878,3955,,,1,21,,34874,3955,,,1,20,,34906,3955,,,1,64,,34875,3955,,,1,17,,34907,3955,,,1,20,,34892,3955,,,1,63,,34872,3955,,,1,27,,34908,3955,,,1,71,,34868,3955,,,1,30,,34879,3955,,,1,70,,34871,3955,,,1,30,,34912,3955,,,1,70,,34869,3955,,,1,30,,34873,3955,,,1,70,,34886,3955,,,1,30,,34888,3955,,,1,70,,34876,3955,,,1,30,,34897,3955,,,1,71,,34913,3955,,,1,34,,34898,3955,,,1,66,,34887,3955,,,1,32,,34883,3955,,,1,70,,34899,3955,,,1,24,,34877,3955,,,1,18,,34885,3955,,,1,60,,34915,3955,,,1,21,,34914,3955,,,1,19,,34890,3955,,,1,60,,34909,3955,,,1,27,,34905,3955,,,1,70,,34889,3955,,,1,30,,34881,3955,,,1,70,,34893,3955,,,1,30,,34900,3955,,,1,70,,34894,3955,,,1,30,,34901,3955,,,1,69,,34895,3955,,,1,30,,34902,3955,,,1,70,,34870,3955,,,1,30,,34903,3955,,,1,70,,34910,3955,,,1,30,,34904,3955,,,1,70,,34911,3955,,,1
7800,'SE',658,,35357,3898,0,54 55,2,73,,35355,3898,0,54 55,2,26,,35358,3898,0,54 55,2,68,,35356,3898,0,54 55,2
