1600,'DI',616,,54487,2515,0,8,2,30,,54507,2515,0,8,2,70,,54488,2515,0,8,2,30,,54508,2515,0,8,2,70,,54489,2515,0,8,2,30,,54509,2515,0,8,2,70,,54490,2515,0,8,2,30,,54510,2515,0,8,2,70,,54491,2515,0,8,2,30,,54511,2515,0,8,2,70,,54492,2515,0,8,2,28,,54512,2515,0,8,2,72,,54493,2515,0,8,2,33,,54513,2515,0,8,2,67,,54494,2515,0,8,2,30,,54514,2515,0,8,2,70,,54495,2515,0,8,2,30,,54515,2515,0,8,2,70,,54496,2515,0,8,2,30,,54516,2515,0,8,2,70,,54497,2515,0,8,2,30,,54517,2515,0,8,2,70,,54498,2515,0,8,2,31,,54518,2515,0,8,2,69,,54499,2515,0,8,2,100,,54500,2515,0,8,2,100,,54501,2515,0,8,2,100,,54502,2515,0,8,2,100,,54503,2515,0,8,2,100,,54504,2515,0,8,2,100,,54505,2515,0,8,2,100,,54506,2515,0,8,2
1600,'F1',616,,54520,2515,0,8,2,30,,54540,2515,0,8,2,70,,54521,2515,0,8,2,30,,54541,2515,0,8,2,70,,54522,2515,0,8,2,30,,54542,2515,0,8,2,70,,54523,2515,0,8,2,30,,54543,2515,0,8,2,70,,54524,2515,0,8,2,30,,54544,2515,0,8,2,70,,54525,2515,0,8,2,28,,54545,2515,0,8,2,72,,54526,2515,0,8,2,33,,54546,2515,0,8,2,67,,54527,2515,0,8,2,30,,54547,2515,0,8,2,70,,54528,2515,0,8,2,30,,54548,2515,0,8,2,70,,54529,2515,0,8,2,30,,54549,2515,0,8,2,70,,54530,2515,0,8,2,30,,54550,2515,0,8,2,70,,54531,2515,0,8,2,31,,54551,2515,0,8,2,69,,54532,2515,0,8,2,100,,54533,2515,0,8,2,100,,54534,2515,0,8,2,100,,54535,2515,0,8,2,100,,54536,2515,0,8,2,100,,54537,2515,0,8,2,100,,54538,2515,0,8,2,100,,54539,2515,0,8,2
1600,'F2',616,,54560,2515,0,8,2,28,,54552,2515,0,8,2,72,,54561,2515,0,8,2,30,,54553,2515,0,8,2,70,,54562,2515,0,8,2,30,,54554,2515,0,8,2,70,,54574,2515,0,8,2,30,,54555,2515,0,8,2,70,,54575,2515,0,8,2,30,,54556,2515,0,8,2,70,,54576,2515,0,8,2,30,,54557,2515,0,8,2,70,,54563,2515,0,8,2,30,,44875,2515,0,8,2,70,,54564,2515,0,8,2,30,,44876,2515,0,8,2,70,,54565,2515,0,8,2,30,,44877,2515,0,8,2,70,,54566,2515,0,8,2,30,,44878,2515,0,8,2,70,,54567,2515,0,8,2,27,,44879,2515,0,8,2,73,,54568,2515,0,8,2,35,,54558,2515,0,8,2,65,,54569,2515,0,8,2,100,,54570,2515,0,8,2,100,,54571,2515,0,8,2,100,,54572,2515,0,8,2,100,,54573,2515,0,8,2,100,,44880,2515,0,8,2,100,,44881,2515,0,8,2,100,,44882,2515,0,8,2
1600,'SA',616,,54585,2515,0,8,2,28,,54577,2515,0,8,2,72,,54586,2515,0,8,2,30,,54578,2515,0,8,2,70,,54587,2515,0,8,2,30,,54579,2515,0,8,2,70,,54599,2515,0,8,2,30,,54580,2515,0,8,2,70,,54600,2515,0,8,2,30,,54581,2515,0,8,2,70,,54601,2515,0,8,2,30,,54582,2515,0,8,2,70,,54588,2515,0,8,2,30,,24992,2515,0,8,2,70,,54589,2515,0,8,2,30,,24993,2515,0,8,2,70,,54590,2515,0,8,2,30,,24994,2515,0,8,2,70,,54591,2515,0,8,2,30,,24995,2515,0,8,2,70,,54592,2515,0,8,2,27,,24996,2515,0,8,2,73,,54593,2515,0,8,2,35,,54583,2515,0,8,2,65,,54594,2515,0,8,2,100,,54595,2515,0,8,2,100,,54596,2515,0,8,2,100,,54597,2515,0,8,2,100,,54598,2515,0,8,2,100,,24997,2515,0,8,2,100,,24998,2515,0,8,2,100,,24999,2515,0,8,2
1600,'SE',548,,54608,2515,0,8,2,68,,54602,2515,0,8,2,12,,54618,2515,0,8,2,13,,54610,2515,0,8,2,59,,54621,2515,0,8,2,11,,54637,2515,0,8,2,11,,54615,2515,0,8,2,10,,54619,2515,0,8,2,7,,54606,2515,0,8,2,9,,54611,2515,0,8,2,55,,54620,2515,0,8,2,15,,54643,2515,0,8,2,29,,54609,2515,0,8,2,70,,54638,2515,0,8,2,30,,54650,2515,0,8,2,70,,54653,2515,0,8,2,30,,54616,2515,0,8,2,70,,54604,2515,0,8,2,30,,54649,2515,0,8,2,70,,54624,2515,0,8,2,30,,54635,2515,0,8,2,70,,54648,2515,0,8,2,30,,54612,2515,0,8,2,70,,54625,2515,0,8,2,19,,54654,2515,0,8,2,16,,54613,2515,0,8,2,55,,54646,2515,0,8,2,15,,54626,2515,0,8,2,15,,54645,2515,0,8,2,15,,54636,2515,0,8,2,52,,54603,2515,0,8,2,12,,54617,2515,0,8,2,12,,54651,2515,0,8,2,12,,54627,2515,0,8,2,12,,54631,2515,0,8,2,52,,54605,2515,0,8,2,12,,54633,2515,0,8,2,12,,54652,2515,0,8,2,12,,54655,2515,0,8,2,13,,54640,2515,0,8,2,54,,54632,2515,0,8,2,20,,54634,2515,0,8,2,20,,54656,2515,0,8,2,70,,44908,2515,0,8,2,30,,54628,2515,0,8,2,69,,44909,2515,0,8,2,30,,54629,2515,0,8,2,70,,44910,2515,0,8,2,30,,54630,2515,0,8,2,70,,44911,2515,0,8,2,100,,44912,2515,0,8,2,100,,44913,2515,0,8,2,99,,44914,2515,0,8,2
7700,'DI',709,,59947,3902,,,1,100,,59949,3902,,,1,100,,59948,3902,,,1,100,,59950,3902,,,1,100,,59951,3902,,,1,100,,59953,3902,,,1,100,,59952,3902,,,1,100,,59954,3902,,,1,100,,59945,3902,,,1,100,,59955,3902,,,1,100,,59946,3902,,,1,100,,59956,3902,,,1,100,,59957,3902,,,1,100,,59959,3902,,,1,100,,59958,3902,,,1
7700,'F1',709,,59962,3902,,,1,100,,59964,3902,,,1,100,,59963,3902,,,1,100,,59965,3902,,,1,100,,59966,3902,,,1,100,,59968,3902,,,1,100,,59967,3902,,,1,100,,59969,3902,,,1,100,,59960,3902,,,1,100,,59970,3902,,,1,100,,59961,3902,,,1,100,,59971,3902,,,1,100,,59972,3902,,,1,100,,59974,3902,,,1,100,,59973,3902,,,1
7700,'F2',709,,59975,3902,,,1,100,,59977,3902,,,1,100,,59976,3902,,,1,100,,59978,3902,,,1,100,,59980,3902,,,1,100,,59979,3902,,,1,100,,59981,3902,,,1,97,,59982,3902,,,1,103,,59983,3902,,,1,99,,59985,3902,,,1,101,,59984,3902,,,1,100,,59986,3902,,,1,100,,59987,3902,,,1,100,,59989,3902,,,1,100,,59988,3902,,,1
7700,'SA',709,,59990,3902,,,1,100,,59992,3902,,,1,100,,59991,3902,,,1,100,,59993,3902,,,1,100,,59995,3902,,,1,100,,59994,3902,,,1,100,,59996,3902,,,1,97,,59997,3902,,,1,103,,59998,3902,,,1,99,,60000,3902,,,1,101,,59999,3902,,,1,100,,60001,3902,,,1,100,,60002,3902,,,1,100,,60004,3902,,,1,100,,60003,3902,,,1
7700,'SE',557,,60026,3902,,,1,77,,60025,3902,,,1,75,,60027,3902,,,1,26,,60005,3902,,,1,71,,60007,3902,,,1,31,,60009,3902,,,1,70,,60028,3902,,,1,30,,60006,3902,,,1,70,,60008,3902,,,1,30,,60010,3902,,,1,72,,60029,3902,,,1,29,,60030,3902,,,1,71,,60031,3902,,,1,33,,60011,3902,,,1,70,,60032,3902,,,1,30,,60014,3902,,,1,68,,60020,3902,,,1,30,,60012,3902,,,1,60,,60036,3902,,,1,20,,60033,3902,,,1,5,,60042,3902,,,1,15,,60015,3902,,,1,19,,60023,3902,,,1,58,,60021,3902,,,1,18,,60039,3902,,,1,18,,60013,3902,,,1,56,,60017,3902,,,1,21,,60037,3902,,,1,20,,60016,3902,,,1,58,,60024,3902,,,1,2,,60034,3902,,,1,19,,60022,3902,,,1,18,,60040,3902,,,1,70,,60018,3902,,,1,32,,60038,3902,,,1,71,,60035,3902,,,1,28,,60041,3902,,,1,70,,60019,3902,,,1
60501,'SE',842,,63484,7087,,,2,1,,63485,7087,,,2
