4200,'DI',633,,29423,10235,4,,1,100,,29424,10235,4,,1,100,,29425,10235,4,,1,100,,29426,10235,4,,1,100,,29427,10235,4,,1,102,,29428,10235,4,,1,100,,29429,10235,4,,1,100,,29430,10235,4,,1,100,,29431,10235,4,,1,100,,29432,10235,4,,1,100,,29433,10235,4,,1,100,,29434,10235,4,,1,100,,29435,10235,4,,1,100,,29436,10235,4,,1,97,,29437,10235,4,,1,100,,29438,10235,4,,1,100,,29439,10235,4,,1,100,,29440,10235,4,,1,100,,29441,10235,4,,1,100,,29442,10235,4,,1
4200,'F8',633,,29543,10235,4,,1,100,,29544,10235,4,,1,100,,29545,10235,4,,1,100,,29526,10235,4,,1,100,,29527,10235,4,,1,102,,29528,10235,4,,1,100,,29529,10235,4,,1,100,,29530,10235,4,,1,100,,29531,10235,4,,1,100,,29532,10235,4,,1,100,,29533,10235,4,,1,100,,29534,10235,4,,1,100,,29535,10235,4,,1,100,,29536,10235,4,,1,97,,29537,10235,4,,1,100,,29538,10235,4,,1,100,,29539,10235,4,,1,100,,29540,10235,4,,1,100,,29541,10235,4,,1,100,,29542,10235,4,,1
4200,'F9',633,,29546,10235,4,,1,100,,29547,10235,4,,1,100,,29548,10235,4,,1,100,,29549,10235,4,,1,100,,29550,10235,4,,1,102,,29551,10235,4,,1,100,,29552,10235,4,,1,100,,29553,10235,4,,1,100,,29554,10235,4,,1,100,,29555,10235,4,,1,100,,29556,10235,4,,1,100,,29557,10235,4,,1,100,,29558,10235,4,,1,100,,29559,10235,4,,1,97,,29560,10235,4,,1,100,,29561,10235,4,,1,100,,29562,10235,4,,1,100,,29563,10235,4,,1,100,,29564,10235,4,,1,100,,29565,10235,4,,1
4200,'SA',633,,29583,10235,4,,1,100,,29584,10235,4,,1,100,,29585,10235,4,,1,100,,29566,10235,4,,1,100,,29567,10235,4,,1,102,,29568,10235,4,,1,100,,29569,10235,4,,1,100,,29570,10235,4,,1,100,,29571,10235,4,,1,100,,29572,10235,4,,1,100,,29573,10235,4,,1,100,,29574,10235,4,,1,100,,29575,10235,4,,1,100,,29576,10235,4,,1,97,,29577,10235,4,,1,100,,29578,10235,4,,1,100,,29579,10235,4,,1,100,,29580,10235,4,,1,100,,29581,10235,4,,1,100,,29582,10235,4,,1
4200,'SE',616,,29614,10235,4,,1,36,,29596,10235,4,,1,73,,29599,10235,4,,1,12,,29595,10235,4,,1,6,,29597,10235,4,,1,6,,29592,10235,4,,1,6,,29593,10235,4,,1,61,,29591,10235,4,,1,20,,29600,10235,4,,1,74,,29627,10235,4,,1,30,,29628,10235,4,,1,70,,29594,10235,4,,1,30,,29618,10235,4,,1,70,,29598,10235,4,,1,30,,29623,10235,4,,1,70,,29601,10235,4,,1,30,,29624,10235,4,,1,70,,29587,10235,4,,1,30,,29604,10235,4,,1,70,,29602,10235,4,,1,30,,29616,10235,4,,1,70,,29626,10235,4,,1,33,,29605,10235,4,,1,70,,29621,10235,4,,1,29,,29619,10235,4,,1,64,,29625,10235,4,,1,15,,29622,10235,4,,1,14,,29586,10235,4,,1,14,,29620,10235,4,,1,52,,29615,10235,4,,1,15,,29617,10235,4,,1,27,,29603,10235,4,,1,69,,29606,10235,4,,1,31,,29610,10235,4,,1,74,,29607,10235,4,,1,30,,29611,10235,4,,1,68,,29608,10235,4,,1,30,,29612,10235,4,,1,70,,29609,10235,4,,1,30,,29613,10235,4,,1,91,,29588,10235,4,,1,100,,29589,10235,4,,1,100,,29590,10235,4,,1
13200,'DI',849,,38037,8861,0,21 45,2,100,,38042,8861,0,21 45,2,100,,38038,8861,0,21 45,2,100,,38040,8861,0,21 45,2,100,,38043,8861,0,21 45,2,100,,38046,8861,0,21 45,2,100,,38044,8861,0,21 45,2,105,,38048,8861,0,21 45,2,95,,38047,8861,0,21 45,2,100,,38045,8861,0,21 45,2,101,,38049,8861,0,21 45,2,98,,38050,8861,0,21 45,2,100,,38041,8861,0,21 45,2,100,,38036,8861,0,21 45,2,100,,38051,8861,0,21 45,2,100,,38053,8861,0,21 45,2,100,,38039,8861,0,21 45,2,100,,38052,8861,0,21 45,2
13200,'F8',749,,38135,8861,0,21 45,2,100,,38122,8861,0,21 45,2,100,,38117,8861,0,21 45,2,103,,38118,8861,0,21 45,2,97,,38123,8861,0,21 45,2,104,,38119,8861,0,21 45,2,96,,38134,8861,0,21 45,2,104,,38124,8861,0,21 45,2,96,,38126,8861,0,21 45,2,100,,38120,8861,0,21 45,2,100,,38125,8861,0,21 45,2,101,,38127,8861,0,21 45,2,98,,38129,8861,0,21 45,2,100,,38128,8861,0,21 45,2,100,,38131,8861,0,21 45,2,100,,38130,8861,0,21 45,2,100,,38133,8861,0,21 45,2,100,,38132,8861,0,21 45,2,100,,38121,8861,0,21 45,2
13200,'F9',849,,38137,8861,0,21 45,2,100,,38142,8861,0,21 45,2,100,,38138,8861,0,21 45,2,100,,38140,8861,0,21 45,2,100,,38143,8861,0,21 45,2,100,,38146,8861,0,21 45,2,100,,38144,8861,0,21 45,2,105,,38148,8861,0,21 45,2,95,,38147,8861,0,21 45,2,100,,38145,8861,0,21 45,2,101,,38149,8861,0,21 45,2,98,,38150,8861,0,21 45,2,100,,38141,8861,0,21 45,2,100,,38136,8861,0,21 45,2,100,,38151,8861,0,21 45,2,100,,38153,8861,0,21 45,2,100,,38139,8861,0,21 45,2,100,,38152,8861,0,21 45,2
13200,'SA',749,,38172,8861,0,21 45,2,100,,38159,8861,0,21 45,2,100,,38154,8861,0,21 45,2,103,,38155,8861,0,21 45,2,97,,38160,8861,0,21 45,2,104,,38156,8861,0,21 45,2,96,,38171,8861,0,21 45,2,104,,38161,8861,0,21 45,2,96,,38163,8861,0,21 45,2,100,,38157,8861,0,21 45,2,100,,38162,8861,0,21 45,2,101,,38164,8861,0,21 45,2,98,,38166,8861,0,21 45,2,100,,38165,8861,0,21 45,2,100,,38168,8861,0,21 45,2,100,,38167,8861,0,21 45,2,100,,38170,8861,0,21 45,2,100,,38169,8861,0,21 45,2,100,,38158,8861,0,21 45,2
13200,'SE',657,,38182,8861,0,21 45,2,61,,38185,8861,0,21 45,2,11,,38174,8861,0,21 45,2,9,,38184,8861,0,21 45,2,4,,38178,8861,0,21 45,2,62,,38179,8861,0,21 45,2,18,,38183,8861,0,21 45,2,20,,38186,8861,0,21 45,2,79,,16412,8861,0,21 45,2,97,,38196,8861,0,21 45,2,99,,16418,8861,0,21 45,2,96,,38195,8861,0,21 45,2,100,,38187,8861,0,21 45,2,108,,38188,8861,0,21 45,2,95,,38180,8861,0,21 45,2,24,,38189,8861,0,21 45,2,60,,38192,8861,0,21 45,2,20,,38176,8861,0,21 45,2,23,,38181,8861,0,21 45,2,60,,38175,8861,0,21 45,2,20,,38190,8861,0,21 45,2,20,,38173,8861,0,21 45,2,61,,38177,8861,0,21 45,2,19,,38194,8861,0,21 45,2,19,,38191,8861,0,21 45,2,59,,38193,8861,0,21 45,2
