800,'DI',603,,53345,7341,,,1,33,,53319,7341,,,1,70,,53327,7341,,,1,30,,53333,7341,,,1,70,,53346,7341,,,1,30,,53320,7341,,,1,72,,53328,7341,,,1,30,,53334,7341,,,1,70,,53347,7341,,,1,30,,53321,7341,,,1,70,,53329,7341,,,1,30,,53335,7341,,,1,71,,53348,7341,,,1,30,,53322,7341,,,1,70,,53330,7341,,,1,30,,53342,7341,,,1,70,,53349,7341,,,1,30,,53343,7341,,,1,70,,53331,7341,,,1,30,,53336,7341,,,1,70,,53350,7341,,,1,30,,53344,7341,,,1,69,,53332,7341,,,1,30,,53337,7341,,,1,72,,53351,7341,,,1,43,,53323,7341,,,1,99,,53338,7341,,,1,100,,53324,7341,,,1,99,,53339,7341,,,1,100,,53325,7341,,,1,100,,53340,7341,,,1,100,,53326,7341,,,1,100,,53341,7341,,,1
800,'F1',603,,53378,7341,,,1,33,,53352,7341,,,1,70,,53360,7341,,,1,30,,53366,7341,,,1,70,,53379,7341,,,1,30,,53353,7341,,,1,72,,53361,7341,,,1,30,,53367,7341,,,1,70,,53380,7341,,,1,30,,53354,7341,,,1,70,,53362,7341,,,1,30,,53368,7341,,,1,71,,53381,7341,,,1,30,,53355,7341,,,1,70,,53363,7341,,,1,30,,53375,7341,,,1,70,,53382,7341,,,1,30,,53376,7341,,,1,70,,53364,7341,,,1,30,,53369,7341,,,1,70,,53383,7341,,,1,30,,53377,7341,,,1,69,,53365,7341,,,1,30,,53370,7341,,,1,72,,53384,7341,,,1,43,,53356,7341,,,1,99,,53371,7341,,,1,100,,53357,7341,,,1,99,,53372,7341,,,1,100,,53358,7341,,,1,100,,53373,7341,,,1,100,,53359,7341,,,1,100,,53374,7341,,,1
800,'F2',603,,53405,7341,,,1,30,,53389,7341,,,1,72,,53393,7341,,,1,30,,53400,7341,,,1,71,,53406,7341,,,1,30,,53390,7341,,,1,70,,53394,7341,,,1,31,,53401,7341,,,1,70,,53407,7341,,,1,31,,53391,7341,,,1,70,,53395,7341,,,1,30,,53402,7341,,,1,68,,53408,7341,,,1,32,,53392,7341,,,1,70,,53396,7341,,,1,30,,53403,7341,,,1,70,,53409,7341,,,1,30,,44107,7341,,,1,70,,53397,7341,,,1,30,,53415,7341,,,1,70,,53410,7341,,,1,30,,44108,7341,,,1,70,,53398,7341,,,1,30,,53416,7341,,,1,72,,53411,7341,,,1,28,,53385,7341,,,1,70,,53399,7341,,,1,46,,53412,7341,,,1,98,,53386,7341,,,1,100,,53413,7341,,,1,100,,53387,7341,,,1,100,,53414,7341,,,1,100,,53388,7341,,,1,100,,53404,7341,,,1
800,'SA',603,,53437,7341,,,1,30,,53421,7341,,,1,72,,53425,7341,,,1,30,,53432,7341,,,1,71,,53438,7341,,,1,30,,53422,7341,,,1,70,,53426,7341,,,1,31,,53433,7341,,,1,70,,53439,7341,,,1,31,,53423,7341,,,1,70,,53427,7341,,,1,30,,53434,7341,,,1,68,,53440,7341,,,1,32,,53424,7341,,,1,70,,53428,7341,,,1,30,,53435,7341,,,1,70,,53441,7341,,,1,30,,2660,7341,,,1,70,,53429,7341,,,1,30,,53447,7341,,,1,70,,53442,7341,,,1,30,,2661,7341,,,1,70,,53430,7341,,,1,30,,53448,7341,,,1,72,,53443,7341,,,1,28,,53417,7341,,,1,70,,53431,7341,,,1,46,,53444,7341,,,1,98,,53418,7341,,,1,100,,53445,7341,,,1,100,,53419,7341,,,1,100,,53446,7341,,,1,100,,53420,7341,,,1,100,,53436,7341,,,1
800,'SE',508,,44153,7341,,,1,28,,53469,7341,,,1,22,,53461,7341,,,1,81,,53449,7341,,,1,70,,44154,7341,,,1,21,,53470,7341,,,1,19,,53451,7341,,,1,53,,53485,7341,,,1,15,,53452,7341,,,1,15,,53481,7341,,,1,15,,53475,7341,,,1,57,,53488,7341,,,1,15,,44124,7341,,,1,15,,53471,7341,,,1,15,,53462,7341,,,1,55,,53486,7341,,,1,15,,53453,7341,,,1,15,,53482,7341,,,1,15,,53476,7341,,,1,55,,53489,7341,,,1,15,,53450,7341,,,1,17,,53457,7341,,,1,15,,53472,7341,,,1,55,,53466,7341,,,1,15,,53487,7341,,,1,15,,53505,7341,,,1,15,,53483,7341,,,1,55,,53479,7341,,,1,15,,53490,7341,,,1,15,,53492,7341,,,1,15,,53507,7341,,,1,55,,53495,7341,,,1,15,,53467,7341,,,1,17,,53454,7341,,,1,15,,53506,7341,,,1,54,,53477,7341,,,1,14,,53460,7341,,,1,4,,53491,7341,,,1,13,,53498,7341,,,1,15,,53493,7341,,,1,55,,53458,7341,,,1,15,,53478,7341,,,1,15,,53496,7341,,,1,12,,53468,7341,,,1,52,,53511,7341,,,1,13,,53484,7341,,,1,11,,53459,7341,,,1,12,,53503,7341,,,1,12,,53508,7341,,,1,51,,53499,7341,,,1,12,,53494,7341,,,1,12,,53504,7341,,,1,10,,53480,7341,,,1,10,,53473,7341,,,1,10,,53497,7341,,,1,60,,53500,7341,,,1,27,,53509,7341,,,1,68,,53512,7341,,,1,30,,53474,7341,,,1,68,,53501,7341,,,1,30,,53510,7341,,,1,70,,53513,7341,,,1,45,,53463,7341,,,1,100,,53502,7341,,,1,97,,53464,7341,,,1,100,,53465,7341,,,1
2800,'DI',859,,56189,7341,0,32 33,1,141,,56184,7341,0,32 33,1,101,,56188,7341,0,32 33,1,100,,56185,7341,0,32 33,1,100,,56187,7341,0,32 33,1,100,,56183,7341,0,32 33,1,100,,56186,7341,0,32 33,1,101,,56182,7341,0,32 33,1,99,,56190,7341,0,32 33,1,100,,56191,7341,0,32 33,1
2800,'F1',859,,56199,7341,0,32 33,1,141,,56194,7341,0,32 33,1,101,,56198,7341,0,32 33,1,100,,56195,7341,0,32 33,1,100,,56197,7341,0,32 33,1,100,,56193,7341,0,32 33,1,100,,56196,7341,0,32 33,1,101,,56192,7341,0,32 33,1,99,,56200,7341,0,32 33,1,100,,56201,7341,0,32 33,1
2800,'F2',901,,56207,7341,0,32 33,1,99,,56205,7341,0,32 33,1,104,,56202,7341,0,32 33,1,97,,56208,7341,0,32 33,1,101,,45930,7341,0,32 33,1,100,,56210,7341,0,32 33,1,99,,56204,7341,0,32 33,1,103,,56203,7341,0,32 33,1,99,,56206,7341,0,32 33,1,98,,56209,7341,0,32 33,1
2800,'SA',901,,56216,7341,0,32 33,1,99,,56214,7341,0,32 33,1,104,,56211,7341,0,32 33,1,97,,56217,7341,0,32 33,1,101,,6923,7341,0,32 33,1,100,,56219,7341,0,32 33,1,99,,56213,7341,0,32 33,1,103,,56212,7341,0,32 33,1,99,,56215,7341,0,32 33,1,98,,56218,7341,0,32 33,1
2800,'SE',627,,56256,7341,0,32 33,1,86,,56253,7341,0,32 33,1,22,,56259,7341,0,32 33,1,3,,56252,7341,0,32 33,1,16,,56233,7341,0,32 33,1,53,,56240,7341,0,32 33,1,15,,56258,7341,0,32 33,1,15,,56220,7341,0,32 33,1,14,,56222,7341,0,32 33,1,58,,56221,7341,0,32 33,1,30,,56236,7341,0,32 33,1,70,,56241,7341,0,32 33,1,30,,56232,7341,0,32 33,1,70,,56223,7341,0,32 33,1,32,,56242,7341,0,32 33,1,70,,56226,7341,0,32 33,1,30,,56224,7341,0,32 33,1,70,,56243,7341,0,32 33,1,30,,56227,7341,0,32 33,1,70,,56225,7341,0,32 33,1,31,,56238,7341,0,32 33,1,71,,56254,7341,0,32 33,1,16,,56244,7341,0,32 33,1,14,,56229,7341,0,32 33,1,15,,56246,7341,0,32 33,1,55,,56257,7341,0,32 33,1,15,,56228,7341,0,32 33,1,14,,56231,7341,0,32 33,1,12,,56255,7341,0,32 33,1,52,,56245,7341,0,32 33,1,12,,56230,7341,0,32 33,1,12,,56235,7341,0,32 33,1,12,,56247,7341,0,32 33,1,12,,56239,7341,0,32 33,1,51,,45957,7341,0,32 33,1,12,,56249,7341,0,32 33,1,11,,56250,7341,0,32 33,1,13,,56248,7341,0,32 33,1,95,,56234,7341,0,32 33,1,98,,56251,7341,0,32 33,1,98,,56237,7341,0,32 33,1
8800,'DI',721,,60913,7341,,,1,30,,60910,7341,,,1,70,,60920,7341,,,1,30,,60927,7341,,,1,70,,60914,7341,,,1,30,,60911,7341,,,1,72,,60921,7341,,,1,30,,60928,7341,,,1,70,,60917,7341,,,1,30,,60912,7341,,,1,70,,60922,7341,,,1,30,,60926,7341,,,1,70,,60929,7341,,,1,30,,60909,7341,,,1,70,,60923,7341,,,1,30,,60907,7341,,,1,70,,60930,7341,,,1,30,,60918,7341,,,1,70,,60924,7341,,,1,30,,60908,7341,,,1,70,,60931,7341,,,1,29,,60919,7341,,,1,70,,60925,7341,,,1,100,,60933,7341,,,1,100,,60932,7341,,,1,100,,60934,7341,,,1,100,,60915,7341,,,1,97,,60935,7341,,,1,100,,60916,7341,,,1,100,,60906,7341,,,1
8800,'F1',721,,60943,7341,,,1,30,,60940,7341,,,1,70,,60950,7341,,,1,30,,60957,7341,,,1,70,,60944,7341,,,1,30,,60941,7341,,,1,72,,60951,7341,,,1,30,,60958,7341,,,1,70,,60947,7341,,,1,30,,60942,7341,,,1,70,,60952,7341,,,1,30,,60956,7341,,,1,70,,60959,7341,,,1,30,,60939,7341,,,1,70,,60953,7341,,,1,30,,60937,7341,,,1,70,,60960,7341,,,1,30,,60948,7341,,,1,70,,60954,7341,,,1,30,,60938,7341,,,1,70,,60961,7341,,,1,29,,60949,7341,,,1,70,,60955,7341,,,1,100,,60963,7341,,,1,100,,60962,7341,,,1,100,,60964,7341,,,1,100,,60945,7341,,,1,97,,60965,7341,,,1,100,,60946,7341,,,1,100,,60936,7341,,,1
8800,'F2',720,,60972,7341,,,1,30,,60978,7341,,,1,71,,60985,7341,,,1,30,,60987,7341,,,1,71,,60973,7341,,,1,30,,60979,7341,,,1,71,,60986,7341,,,1,30,,60988,7341,,,1,70,,60974,7341,,,1,30,,60980,7341,,,1,70,,60992,7341,,,1,30,,60989,7341,,,1,70,,60975,7341,,,1,30,,60981,7341,,,1,70,,60995,7341,,,1,30,,60967,7341,,,1,70,,60976,7341,,,1,30,,60970,7341,,,1,70,,60996,7341,,,1,30,,60968,7341,,,1,71,,60991,7341,,,1,29,,60971,7341,,,1,71,,60993,7341,,,1,29,,60969,7341,,,1,70,,60982,7341,,,1,100,,60994,7341,,,1,99,,60983,7341,,,1,98,,60990,7341,,,1,100,,60984,7341,,,1,100,,60966,7341,,,1,100,,60977,7341,,,1
8800,'SA',720,,61003,7341,,,1,30,,61009,7341,,,1,71,,61016,7341,,,1,30,,61018,7341,,,1,71,,61004,7341,,,1,30,,61010,7341,,,1,71,,61017,7341,,,1,30,,61019,7341,,,1,70,,61005,7341,,,1,30,,61011,7341,,,1,70,,61023,7341,,,1,30,,61020,7341,,,1,70,,61006,7341,,,1,30,,61012,7341,,,1,70,,61026,7341,,,1,30,,60998,7341,,,1,70,,61007,7341,,,1,30,,61001,7341,,,1,70,,61027,7341,,,1,30,,60999,7341,,,1,71,,61022,7341,,,1,29,,61002,7341,,,1,71,,61024,7341,,,1,29,,61000,7341,,,1,70,,61013,7341,,,1,100,,61025,7341,,,1,99,,61014,7341,,,1,98,,61021,7341,,,1,100,,61015,7341,,,1,100,,60997,7341,,,1,100,,61008,7341,,,1
8800,'SE',722,,61071,7341,,,1,21,,61070,7341,,,1,15,,61042,7341,,,1,54,,61045,7341,,,1,15,,61046,7341,,,1,15,,61047,7341,,,1,15,,61034,7341,,,1,69,,61030,7341,,,1,30,,61059,7341,,,1,70,,61069,7341,,,1,30,,61031,7341,,,1,72,,61066,7341,,,1,30,,61067,7341,,,1,70,,61028,7341,,,1,30,,61062,7341,,,1,70,,61068,7341,,,1,30,,61060,7341,,,1,72,,61064,7341,,,1,70,,61063,7341,,,1,17,,61043,7341,,,1,16,,61074,7341,,,1,15,,61035,7341,,,1,55,,61072,7341,,,1,15,,61049,7341,,,1,15,,61061,7341,,,1,13,,61065,7341,,,1,12,,61029,7341,,,1,52,,61073,7341,,,1,12,,61054,7341,,,1,13,,61044,7341,,,1,11,,61036,7341,,,1,11,,61075,7341,,,1,52,,61037,7341,,,1,12,,61039,7341,,,1,10,,61050,7341,,,1,19,,61038,7341,,,1,55,,61076,7341,,,1,22,,61055,7341,,,1,28,,61040,7341,,,1,70,,61051,7341,,,1,28,,61077,7341,,,1,70,,61056,7341,,,1,30,,61041,7341,,,1,70,,61052,7341,,,1,100,,61057,7341,,,1,99,,61053,7341,,,1,98,,61058,7341,,,1
