3800,'DI',705,,28912,8469,,,1,100,,28918,8469,,,1,100,,28916,8469,,,1,101,,28910,8469,,,1,96,,28919,8469,,,1,100,,28907,8469,,,1,103,,28923,8469,,,1,100,,28911,8469,,,1,100,,28917,8469,,,1,101,,28920,8469,,,1,104,,28908,8469,,,1,101,,28913,8469,,,1,97,,28914,8469,,,1,100,,28909,8469,,,1,99,,28921,8469,,,1,101,,28915,8469,,,1,100,,28922,8469,,,1,100,,28924,8469,,,1
3800,'F1',705,,46445,8469,,,1,100,,46451,8469,,,1,100,,46449,8469,,,1,101,,46443,8469,,,1,96,,46452,8469,,,1,100,,46440,8469,,,1,103,,46456,8469,,,1,100,,46444,8469,,,1,100,,46450,8469,,,1,101,,46453,8469,,,1,104,,46441,8469,,,1,101,,46446,8469,,,1,97,,46447,8469,,,1,100,,46442,8469,,,1,99,,46454,8469,,,1,101,,46448,8469,,,1,100,,46455,8469,,,1,100,,46457,8469,,,1
3800,'F2',605,,46463,8469,,,1,100,,46460,8469,,,1,100,,46470,8469,,,1,100,,46464,8469,,,1,100,,46471,8469,,,1,100,,46465,8469,,,1,100,,46472,8469,,,1,104,,46466,8469,,,1,100,,46473,8469,,,1,100,,46467,8469,,,1,102,,46461,8469,,,1,100,,46468,8469,,,1,100,,46462,8469,,,1,97,,46469,8469,,,1,100,,46458,8469,,,1,99,,46474,8469,,,1,100,,46459,8469,,,1,101,,46475,8469,,,1,99,,46476,8469,,,1
3800,'F8',605,,28998,8469,,,1,100,,28995,8469,,,1,100,,29005,8469,,,1,100,,28999,8469,,,1,100,,29006,8469,,,1,100,,29000,8469,,,1,100,,29007,8469,,,1,104,,29001,8469,,,1,100,,29008,8469,,,1,100,,29002,8469,,,1,102,,28996,8469,,,1,100,,29003,8469,,,1,100,,28997,8469,,,1,97,,29004,8469,,,1,100,,28993,8469,,,1,99,,29009,8469,,,1,100,,28994,8469,,,1,101,,29010,8469,,,1,99,,29011,8469,,,1
3800,'F9',705,,29017,8469,,,1,100,,29023,8469,,,1,100,,29021,8469,,,1,101,,29015,8469,,,1,96,,29024,8469,,,1,100,,29012,8469,,,1,103,,29028,8469,,,1,100,,29016,8469,,,1,100,,29022,8469,,,1,101,,29025,8469,,,1,104,,29013,8469,,,1,101,,29018,8469,,,1,97,,29019,8469,,,1,100,,29014,8469,,,1,99,,29026,8469,,,1,101,,29020,8469,,,1,100,,29027,8469,,,1,100,,29029,8469,,,1
3800,'SA',605,,29035,8469,,,1,100,,29032,8469,,,1,100,,29042,8469,,,1,100,,29036,8469,,,1,100,,29043,8469,,,1,100,,29037,8469,,,1,100,,29044,8469,,,1,104,,29038,8469,,,1,100,,29045,8469,,,1,100,,29039,8469,,,1,102,,29033,8469,,,1,100,,29040,8469,,,1,100,,29034,8469,,,1,97,,29041,8469,,,1,100,,29030,8469,,,1,99,,29046,8469,,,1,100,,29031,8469,,,1,101,,29047,8469,,,1,99,,29048,8469,,,1
3800,'SE',621,,46497,8469,,,1,21,,46489,8469,,,1,58,,46493,8469,,,1,18,,46494,8469,,,1,24,,46499,8469,,,1,12,,46481,8469,,,1,60,,46485,8469,,,1,24,,46486,8469,,,1,69,,46477,8469,,,1,18,,46504,8469,,,1,17,,46502,8469,,,1,70,,46479,8469,,,1,44,,46478,8469,,,1,100,,46482,8469,,,1,100,,46496,8469,,,1,101,,46490,8469,,,1,95,,46483,8469,,,1,67,,46480,8469,,,1,32,,46495,8469,,,1,70,,46487,8469,,,1,30,,46506,8469,,,1,73,,46488,8469,,,1,26,,46492,8469,,,1,65,,46491,8469,,,1,94,,46503,8469,,,1,100,,46501,8469,,,1,99,,46500,8469,,,1,99,,46498,8469,,,1,100,,46505,8469,,,1,100,,46484,8469,,,1
4101,'DI',751,,29270,10064,,,1,100,,29274,10064,,,1,101,,29264,10064,,,1,100,,29260,10064,,,1,100,,29271,10064,,,1,100,,29261,10064,,,1,101,,29272,10064,,,1,100,,29265,10064,,,1,100,,29257,10064,,,1,102,,29262,10064,,,1,98,,29266,10064,,,1,100,,29258,10064,,,1,98,,29267,10064,,,1,99,,29259,10064,,,1,100,,29263,10064,,,1,99,,29268,10064,,,1,100,,29273,10064,,,1,100,,29269,10064,,,1,100,,29275,10064,,,1
4101,'F1',751,,46590,10064,,,1,100,,46594,10064,,,1,101,,46584,10064,,,1,100,,46580,10064,,,1,100,,46591,10064,,,1,100,,46581,10064,,,1,101,,46592,10064,,,1,100,,46585,10064,,,1,100,,46577,10064,,,1,102,,46582,10064,,,1,98,,46586,10064,,,1,100,,46578,10064,,,1,98,,46587,10064,,,1,99,,46579,10064,,,1,100,,46583,10064,,,1,99,,46588,10064,,,1,100,,46593,10064,,,1,100,,46589,10064,,,1,100,,46595,10064,,,1
4101,'F2',751,,46599,10064,,,1,100,,46612,10064,,,1,101,,46600,10064,,,1,101,,46605,10064,,,1,99,,46613,10064,,,1,100,,46606,10064,,,1,101,,46601,10064,,,1,100,,46607,10064,,,1,100,,46602,10064,,,1,100,,46598,10064,,,1,100,,46603,10064,,,1,100,,46596,10064,,,1,98,,46608,10064,,,1,99,,46597,10064,,,1,100,,46614,10064,,,1,99,,46609,10064,,,1,100,,46604,10064,,,1,100,,46610,10064,,,1,100,,46611,10064,,,1
4101,'F8',751,,29343,10064,,,1,100,,29356,10064,,,1,101,,29344,10064,,,1,101,,29349,10064,,,1,99,,29357,10064,,,1,100,,29350,10064,,,1,101,,29345,10064,,,1,100,,29351,10064,,,1,100,,29346,10064,,,1,100,,29342,10064,,,1,100,,29347,10064,,,1,100,,29340,10064,,,1,98,,29352,10064,,,1,99,,29341,10064,,,1,100,,29358,10064,,,1,99,,29353,10064,,,1,100,,29348,10064,,,1,100,,29354,10064,,,1,100,,29355,10064,,,1
4101,'F9',751,,29372,10064,,,1,100,,29376,10064,,,1,101,,29366,10064,,,1,100,,29362,10064,,,1,100,,29373,10064,,,1,100,,29363,10064,,,1,101,,29374,10064,,,1,100,,29367,10064,,,1,100,,29359,10064,,,1,102,,29364,10064,,,1,98,,29368,10064,,,1,100,,29360,10064,,,1,98,,29369,10064,,,1,99,,29361,10064,,,1,100,,29365,10064,,,1,99,,29370,10064,,,1,100,,29375,10064,,,1,100,,29371,10064,,,1,100,,29377,10064,,,1
4101,'SA',751,,29381,10064,,,1,100,,29394,10064,,,1,101,,29382,10064,,,1,101,,29387,10064,,,1,99,,29395,10064,,,1,100,,29388,10064,,,1,101,,29383,10064,,,1,100,,29389,10064,,,1,100,,29384,10064,,,1,100,,29380,10064,,,1,100,,29385,10064,,,1,100,,29378,10064,,,1,98,,29390,10064,,,1,99,,29379,10064,,,1,100,,29396,10064,,,1,99,,29391,10064,,,1,100,,29386,10064,,,1,100,,29392,10064,,,1,100,,29393,10064,,,1
4101,'SE',721,,46619,10064,,,1,30,,46632,10064,,,1,70,,46620,10064,,,1,36,,46621,10064,,,1,65,,46616,10064,,,1,30,,46635,10064,,,1,100,,46615,10064,,,1,100,,46622,10064,,,1,100,,46636,10064,,,1,100,,46623,10064,,,1,101,,46638,10064,,,1,75,,46624,10064,,,1,25,,46639,10064,,,1,69,,46634,10064,,,1,37,,46633,10064,,,1,66,,46626,10064,,,1,27,,46637,10064,,,1,71,,46617,10064,,,1,29,,46640,10064,,,1,100,,46629,10064,,,1,98,,46628,10064,,,1,100,,46625,10064,,,1,99,,46630,10064,,,1,100,,46627,10064,,,1,100,,46618,10064,,,1,100,,46631,10064,,,1
4201,'DI',559,,29629,8632,,,1,100,,29630,8632,,,1,100,,29631,8632,,,1,100,,29632,8632,,,1,100,,29633,8632,,,1,100,,29634,8632,,,1,100,,29635,8632,,,1,100,,29636,8632,,,1,100,,29637,8632,,,1,100,,29638,8632,,,1,100,,29639,8632,,,1,100,,29640,8632,,,1,100,,29641,8632,,,1,100,,29642,8632,,,1,99,,29643,8632,,,1,100,,29644,8632,,,1,100,,29645,8632,,,1,100,,29646,8632,,,1,100,,29647,8632,,,1,100,,29648,8632,,,1
4201,'F1',559,,46724,8632,,,1,100,,46725,8632,,,1,100,,46726,8632,,,1,100,,46727,8632,,,1,100,,46728,8632,,,1,100,,46729,8632,,,1,100,,46730,8632,,,1,100,,46731,8632,,,1,100,,46732,8632,,,1,100,,46733,8632,,,1,100,,46734,8632,,,1,100,,46735,8632,,,1,100,,46736,8632,,,1,100,,46737,8632,,,1,99,,46738,8632,,,1,100,,46739,8632,,,1,100,,46740,8632,,,1,100,,46741,8632,,,1,100,,46742,8632,,,1,100,,46743,8632,,,1
4201,'F2',559,,46760,8632,,,1,100,,46761,8632,,,1,100,,46762,8632,,,1,100,,46763,8632,,,1,100,,46744,8632,,,1,100,,46745,8632,,,1,100,,46746,8632,,,1,100,,46747,8632,,,1,100,,46748,8632,,,1,100,,46749,8632,,,1,100,,46750,8632,,,1,100,,46751,8632,,,1,100,,46752,8632,,,1,100,,46753,8632,,,1,99,,46754,8632,,,1,100,,46755,8632,,,1,100,,46756,8632,,,1,100,,46757,8632,,,1,100,,46758,8632,,,1,100,,46759,8632,,,1
4201,'F8',559,,29751,8632,,,1,100,,29752,8632,,,1,100,,29753,8632,,,1,100,,29754,8632,,,1,100,,29735,8632,,,1,100,,29736,8632,,,1,100,,29737,8632,,,1,100,,29738,8632,,,1,100,,29739,8632,,,1,100,,29740,8632,,,1,100,,29741,8632,,,1,100,,29742,8632,,,1,100,,29743,8632,,,1,100,,29744,8632,,,1,99,,29745,8632,,,1,100,,29746,8632,,,1,100,,29747,8632,,,1,100,,29748,8632,,,1,100,,29749,8632,,,1,100,,29750,8632,,,1
4201,'F9',559,,29755,8632,,,1,100,,29756,8632,,,1,100,,29757,8632,,,1,100,,29758,8632,,,1,100,,29759,8632,,,1,100,,29760,8632,,,1,100,,29761,8632,,,1,100,,29762,8632,,,1,100,,29763,8632,,,1,100,,29764,8632,,,1,100,,29765,8632,,,1,100,,29766,8632,,,1,100,,29767,8632,,,1,100,,29768,8632,,,1,99,,29769,8632,,,1,100,,29770,8632,,,1,100,,29771,8632,,,1,100,,29772,8632,,,1,100,,29773,8632,,,1,100,,29774,8632,,,1
4201,'SA',559,,29791,8632,,,1,100,,29792,8632,,,1,100,,29793,8632,,,1,100,,29794,8632,,,1,100,,29775,8632,,,1,100,,29776,8632,,,1,100,,29777,8632,,,1,100,,29778,8632,,,1,100,,29779,8632,,,1,100,,29780,8632,,,1,100,,29781,8632,,,1,100,,29782,8632,,,1,100,,29783,8632,,,1,100,,29784,8632,,,1,99,,29785,8632,,,1,100,,29786,8632,,,1,100,,29787,8632,,,1,100,,29788,8632,,,1,100,,29789,8632,,,1,100,,29790,8632,,,1
4201,'SE',529,,46775,8632,,,1,20,,46769,8632,,,1,70,,46766,8632,,,1,21,,46809,8632,,,1,14,,46797,8632,,,1,54,,46781,8632,,,1,14,,46767,8632,,,1,14,,46784,8632,,,1,14,,46803,8632,,,1,54,,46777,8632,,,1,23,,46778,8632,,,1,74,,46782,8632,,,1,37,,46776,8632,,,1,70,,46783,8632,,,1,30,,46779,8632,,,1,70,,46785,8632,,,1,30,,46801,8632,,,1,70,,46765,8632,,,1,30,,46800,8632,,,1,70,,46768,8632,,,1,30,,46802,8632,,,1,70,,46786,8632,,,1,30,,46780,8632,,,1,70,,46774,8632,,,1,4,,46772,8632,,,1,2,,46771,8632,,,1,2,,46798,8632,,,1,22,,46788,8632,,,1,70,,46791,8632,,,1,30,,46787,8632,,,1,68,,46804,8632,,,1,24,,46799,8632,,,1,17,,46770,8632,,,1,67,,46805,8632,,,1,29,,46764,8632,,,1,65,,46792,8632,,,1,35,,46806,8632,,,1,70,,46793,8632,,,1,30,,46807,8632,,,1,70,,46794,8632,,,1,29,,46808,8632,,,1,69,,46795,8632,,,1,30,,46773,8632,,,1,70,,46796,8632,,,1,90,,46789,8632,,,1,100,,46790,8632,,,1
5001,'DI',705,,31443,10659,,,2,102,,31428,10659,,,2,100,,31436,10659,,,2,100,,31434,10659,,,2,103,,31435,10659,,,2,94,,31437,10659,,,2,103,,31438,10659,,,2,103,,31439,10659,,,2,97,,31427,10659,,,2,96,,31440,10659,,,2,103,,31425,10659,,,2,106,,31424,10659,,,2,95,,31433,10659,,,2,100,,31426,10659,,,2,100,,31429,10659,,,2,100,,31431,10659,,,2,100,,31441,10659,,,2,100,,31430,10659,,,2,100,,31432,10659,,,2
5001,'F1',705,,47447,10659,,,2,102,,47432,10659,,,2,100,,47440,10659,,,2,100,,47438,10659,,,2,103,,47439,10659,,,2,94,,47441,10659,,,2,103,,47442,10659,,,2,103,,47443,10659,,,2,97,,47431,10659,,,2,96,,47444,10659,,,2,103,,47429,10659,,,2,106,,47428,10659,,,2,95,,47437,10659,,,2,100,,47430,10659,,,2,100,,47433,10659,,,2,100,,47435,10659,,,2,100,,47445,10659,,,2,100,,47434,10659,,,2,100,,47436,10659,,,2
5001,'F2',707,,47454,10659,,,2,98,,47453,10659,,,2,102,,47458,10659,,,2,97,,47462,10659,,,2,103,,47463,10659,,,2,96,,47467,10659,,,2,102,,47464,10659,,,2,98,,47448,10659,,,2,99,,47449,10659,,,2,103,,47450,10659,,,2,103,,47451,10659,,,2,103,,47452,10659,,,2,96,,47455,10659,,,2,100,,47466,10659,,,2,100,,47465,10659,,,2,100,,47456,10659,,,2,97,,47459,10659,,,2,103,,47460,10659,,,2,101,,47461,10659,,,2
5001,'F8',707,,31519,10659,,,2,98,,31518,10659,,,2,102,,31523,10659,,,2,97,,31527,10659,,,2,103,,31528,10659,,,2,96,,31532,10659,,,2,102,,31529,10659,,,2,98,,31513,10659,,,2,99,,31514,10659,,,2,103,,31515,10659,,,2,103,,31516,10659,,,2,103,,31517,10659,,,2,96,,31520,10659,,,2,100,,31531,10659,,,2,100,,31530,10659,,,2,100,,31521,10659,,,2,97,,31524,10659,,,2,103,,31525,10659,,,2,101,,31526,10659,,,2
5001,'F9',705,,31552,10659,,,2,102,,31537,10659,,,2,100,,31545,10659,,,2,100,,31543,10659,,,2,103,,31544,10659,,,2,94,,31546,10659,,,2,103,,31547,10659,,,2,103,,31548,10659,,,2,97,,31536,10659,,,2,96,,31549,10659,,,2,103,,31534,10659,,,2,106,,31533,10659,,,2,95,,31542,10659,,,2,100,,31535,10659,,,2,100,,31538,10659,,,2,100,,31540,10659,,,2,100,,31550,10659,,,2,100,,31539,10659,,,2,100,,31541,10659,,,2
5001,'SA',707,,31559,10659,,,2,98,,31558,10659,,,2,102,,31563,10659,,,2,97,,31567,10659,,,2,103,,31568,10659,,,2,96,,31572,10659,,,2,102,,31569,10659,,,2,98,,31553,10659,,,2,99,,31554,10659,,,2,103,,31555,10659,,,2,103,,31556,10659,,,2,103,,31557,10659,,,2,96,,31560,10659,,,2,100,,31571,10659,,,2,100,,31570,10659,,,2,100,,31561,10659,,,2,97,,31564,10659,,,2,103,,31565,10659,,,2,101,,31566,10659,,,2
5001,'SE',558,,47477,10659,,,2,70,,47479,10659,,,2,30,,47491,10659,,,2,72,,47481,10659,,,2,70,,47480,10659,,,2,30,,47478,10659,,,2,70,,47492,10659,,,2,30,,47472,10659,,,2,27,,47476,10659,,,2,100,,47493,10659,,,2,100,,47468,10659,,,2,100,,47482,10659,,,2,100,,47474,10659,,,2,99,,47470,10659,,,2,102,,47483,10659,,,2,68,,47494,10659,,,2,33,,47488,10659,,,2,74,,47495,10659,,,2,26,,47473,10659,,,2,70,,47490,10659,,,2,30,,47489,10659,,,2,98,,47486,10659,,,2,100,,47484,10659,,,2,100,,47487,10659,,,2,100,,47496,10659,,,2,100,,47485,10659,,,2,100,,47469,10659,,,2
6001,'SE',604,,47776,10004,,,1,22,,47780,10004,,,1,21,,47773,10004,,,1,68,,47765,10004,,,1,29,,47777,10004,,,1,68,,47768,10004,,,1,26,,47755,10004,,,1,13,,47778,10004,,,1,72,,47771,10004,,,1,100,,47766,10004,,,1,100,,47760,10004,,,1,100,,47772,10004,,,1,101,,47764,10004,,,1,100,,47762,10004,,,1,101,,47779,10004,,,1,99,,47769,10004,,,1,30,,47761,10004,,,1,67,,47774,10004,,,1,24,,47756,10004,,,1,67,,47767,10004,,,1,29,,47770,10004,,,1,69,,47757,10004,,,1,48,,47775,10004,,,1,100,,47754,10004,,,1,99,,47758,10004,,,1,100,,47763,10004,,,1,95,,47759,10004,,,1
16001,'DI',620,,38498,16398,,,1,99,,38493,16398,,,1,100,,38499,16398,,,1,100,,38502,16398,,,1,100,,38505,16398,,,1,100,,38500,16398,,,1,100,,38506,16398,,,1,100,,38497,16398,,,1,100,,38507,16398,,,1,100,,38495,16398,,,1,100,,38492,16398,,,1,100,,38503,16398,,,1,100,,38501,16398,,,1,100,,38508,16398,,,1,100,,38504,16398,,,1,103,,38496,16398,,,1,97,,38494,16398,,,1
16001,'F1',620,,50267,16398,,,1,99,,50262,16398,,,1,100,,50268,16398,,,1,100,,50271,16398,,,1,100,,50274,16398,,,1,100,,50269,16398,,,1,100,,50275,16398,,,1,100,,50266,16398,,,1,100,,50276,16398,,,1,100,,50264,16398,,,1,100,,50261,16398,,,1,100,,50272,16398,,,1,100,,50270,16398,,,1,100,,50277,16398,,,1,100,,50273,16398,,,1,103,,50265,16398,,,1,97,,50263,16398,,,1
16001,'F2',621,,50286,16398,,,1,99,,50284,16398,,,1,99,,50282,16398,,,1,100,,50287,16398,,,1,99,,50281,16398,,,1,101,,50278,16398,,,1,100,,50285,16398,,,1,100,,50291,16398,,,1,100,,50279,16398,,,1,100,,50283,16398,,,1,100,,50292,16398,,,1,100,,50288,16398,,,1,100,,50280,16398,,,1,101,,50293,16398,,,1,99,,50289,16398,,,1,103,,50294,16398,,,1,97,,50290,16398,,,1
16001,'F8',621,,38572,16398,,,1,99,,38570,16398,,,1,99,,38568,16398,,,1,100,,38573,16398,,,1,99,,38567,16398,,,1,101,,38564,16398,,,1,100,,38571,16398,,,1,100,,38577,16398,,,1,100,,38565,16398,,,1,100,,38569,16398,,,1,100,,38578,16398,,,1,100,,38574,16398,,,1,100,,38566,16398,,,1,101,,38579,16398,,,1,99,,38575,16398,,,1,103,,38580,16398,,,1,97,,38576,16398,,,1
16001,'F9',620,,38587,16398,,,1,99,,38582,16398,,,1,100,,38588,16398,,,1,100,,38591,16398,,,1,100,,38594,16398,,,1,100,,38589,16398,,,1,100,,38595,16398,,,1,100,,38586,16398,,,1,100,,38596,16398,,,1,100,,38584,16398,,,1,100,,38581,16398,,,1,100,,38592,16398,,,1,100,,38590,16398,,,1,100,,38597,16398,,,1,100,,38593,16398,,,1,103,,38585,16398,,,1,97,,38583,16398,,,1
16001,'SA',621,,38606,16398,,,1,99,,38604,16398,,,1,99,,38602,16398,,,1,100,,16801,16398,,,1,99,,38601,16398,,,1,101,,38598,16398,,,1,100,,38605,16398,,,1,100,,38609,16398,,,1,100,,38599,16398,,,1,100,,38603,16398,,,1,100,,38610,16398,,,1,100,,16802,16398,,,1,100,,38600,16398,,,1,101,,38611,16398,,,1,99,,38607,16398,,,1,103,,38612,16398,,,1,97,,38608,16398,,,1
16001,'SE',633,,50303,16398,,,1,68,,50315,16398,,,1,29,,50297,16398,,,1,28,,50305,16398,,,1,63,,50309,16398,,,1,23,,50319,16398,,,1,66,,50307,16398,,,1,43,,50310,16398,,,1,99,,50308,16398,,,1,93,,50298,16398,,,1,100,,50299,16398,,,1,100,,50300,16398,,,1,100,,50311,16398,,,1,99,,50306,16398,,,1,93,,50313,16398,,,1,97,,50295,16398,,,1,70,,50312,16398,,,1,26,,50314,16398,,,1,25,,50316,16398,,,1,65,,50304,16398,,,1,99,,50301,16398,,,1,100,,50296,16398,,,1,101,,50302,16398,,,1,100,,50318,16398,,,1,90,,50317,16398,,,1
