4200,'DI',623,,29423,5617,,,1,100,,29424,5617,,,1,100,,29425,5617,,,1,100,,29426,5617,,,1,100,,29427,5617,,,1,100,,29428,5617,,,1,100,,29429,5617,,,1,100,,29430,5617,,,1,100,,29431,5617,,,1,100,,29432,5617,,,1,100,,29433,5617,,,1,100,,29434,5617,,,1,100,,29435,5617,,,1,100,,29436,5617,,,1,100,,29437,5617,,,1,100,,29438,5617,,,1,100,,29439,5617,,,1,100,,29440,5617,,,1,100,,29441,5617,,,1,100,,29442,5617,,,1
4200,'F1',623,,46641,5617,,,1,100,,46642,5617,,,1,100,,46643,5617,,,1,100,,46644,5617,,,1,100,,46645,5617,,,1,100,,46646,5617,,,1,100,,46647,5617,,,1,100,,46648,5617,,,1,100,,46649,5617,,,1,100,,46650,5617,,,1,100,,46651,5617,,,1,100,,46652,5617,,,1,100,,46653,5617,,,1,100,,46654,5617,,,1,100,,46655,5617,,,1,100,,46656,5617,,,1,100,,46657,5617,,,1,100,,46658,5617,,,1,100,,46659,5617,,,1,100,,46660,5617,,,1
4200,'F2',623,,46678,5617,,,1,100,,46679,5617,,,1,100,,46680,5617,,,1,100,,46661,5617,,,1,100,,46662,5617,,,1,100,,46663,5617,,,1,100,,46664,5617,,,1,100,,46665,5617,,,1,100,,46666,5617,,,1,100,,46667,5617,,,1,100,,46668,5617,,,1,100,,46669,5617,,,1,100,,46670,5617,,,1,100,,46671,5617,,,1,100,,46672,5617,,,1,100,,46673,5617,,,1,100,,46674,5617,,,1,100,,46675,5617,,,1,100,,46676,5617,,,1,100,,46677,5617,,,1
4200,'F8',623,,29543,5617,,,1,100,,29544,5617,,,1,100,,29545,5617,,,1,100,,29526,5617,,,1,100,,29527,5617,,,1,100,,29528,5617,,,1,100,,29529,5617,,,1,100,,29530,5617,,,1,100,,29531,5617,,,1,100,,29532,5617,,,1,100,,29533,5617,,,1,100,,29534,5617,,,1,100,,29535,5617,,,1,100,,29536,5617,,,1,100,,29537,5617,,,1,100,,29538,5617,,,1,100,,29539,5617,,,1,100,,29540,5617,,,1,100,,29541,5617,,,1,100,,29542,5617,,,1
4200,'F9',623,,29546,5617,,,1,100,,29547,5617,,,1,100,,29548,5617,,,1,100,,29549,5617,,,1,100,,29550,5617,,,1,100,,29551,5617,,,1,100,,29552,5617,,,1,100,,29553,5617,,,1,100,,29554,5617,,,1,100,,29555,5617,,,1,100,,29556,5617,,,1,100,,29557,5617,,,1,100,,29558,5617,,,1,100,,29559,5617,,,1,100,,29560,5617,,,1,100,,29561,5617,,,1,100,,29562,5617,,,1,100,,29563,5617,,,1,100,,29564,5617,,,1,100,,29565,5617,,,1
4200,'SA',623,,29583,5617,,,1,100,,29584,5617,,,1,100,,29585,5617,,,1,100,,29566,5617,,,1,100,,29567,5617,,,1,100,,29568,5617,,,1,100,,29569,5617,,,1,100,,29570,5617,,,1,100,,29571,5617,,,1,100,,29572,5617,,,1,100,,29573,5617,,,1,100,,29574,5617,,,1,100,,29575,5617,,,1,100,,29576,5617,,,1,100,,29577,5617,,,1,100,,29578,5617,,,1,100,,29579,5617,,,1,100,,29580,5617,,,1,100,,29581,5617,,,1,100,,29582,5617,,,1
4200,'SE',605,,46723,5617,,,1,36,,46683,5617,,,1,69,,46716,5617,,,1,12,,46690,5617,,,1,6,,46722,5617,,,1,6,,46694,5617,,,1,6,,46691,5617,,,1,62,,46697,5617,,,1,21,,46695,5617,,,1,34,,46689,5617,,,1,70,,46696,5617,,,1,30,,46692,5617,,,1,70,,46698,5617,,,1,30,,46713,5617,,,1,70,,46682,5617,,,1,30,,46712,5617,,,1,70,,46684,5617,,,1,30,,46715,5617,,,1,70,,46699,5617,,,1,30,,46693,5617,,,1,70,,46688,5617,,,1,30,,46701,5617,,,1,73,,46705,5617,,,1,70,,46700,5617,,,1,27,,46717,5617,,,1,24,,46711,5617,,,1,55,,46685,5617,,,1,14,,46686,5617,,,1,14,,46718,5617,,,1,13,,46714,5617,,,1,55,,46681,5617,,,1,27,,46706,5617,,,1,30,,46719,5617,,,1,72,,46707,5617,,,1,74,,46720,5617,,,1,30,,46708,5617,,,1,69,,46721,5617,,,1,30,,46709,5617,,,1,70,,46687,5617,,,1,30,,46710,5617,,,1,91,,46702,5617,,,1,100,,46703,5617,,,1,100,,46704,5617,,,1
6000,'SE',633,,47742,5617,,,1,85,,47745,5617,,,1,37,,47731,5617,,,1,86,,47748,5617,,,1,101,,47743,5617,,,1,100,,47736,5617,,,1,100,,47749,5617,,,1,100,,47740,5617,,,1,100,,47738,5617,,,1,100,,47753,5617,,,1,97,,47746,5617,,,1,70,,47737,5617,,,1,26,,47750,5617,,,1,24,,47732,5617,,,1,67,,47744,5617,,,1,28,,47747,5617,,,1,65,,47733,5617,,,1,30,,47741,5617,,,1,67,,47751,5617,,,1,99,,47730,5617,,,1,99,,47734,5617,,,1,100,,47739,5617,,,1,90,,47735,5617,,,1,100,,47752,5617,,,1
16000,'DI',704,,38365,5617,0,19 20,1,100,,38368,5617,0,19 20,1,100,,38371,5617,0,19 20,1,100,,38366,5617,0,19 20,1,100,,38372,5617,0,19 20,1,100,,38364,5617,0,19 20,1,100,,38373,5617,0,19 20,1,100,,38362,5617,0,19 20,1,100,,38360,5617,0,19 20,1,100,,38369,5617,0,19 20,1,100,,38367,5617,0,19 20,1,100,,38374,5617,0,19 20,1,100,,38370,5617,0,19 20,1,102,,38363,5617,0,19 20,1,98,,38361,5617,0,19 20,1
16000,'F1',704,,50212,5617,0,19 20,1,100,,50215,5617,0,19 20,1,100,,50218,5617,0,19 20,1,100,,50213,5617,0,19 20,1,100,,50219,5617,0,19 20,1,100,,50211,5617,0,19 20,1,100,,50220,5617,0,19 20,1,100,,50209,5617,0,19 20,1,100,,50207,5617,0,19 20,1,100,,50216,5617,0,19 20,1,100,,50214,5617,0,19 20,1,100,,50221,5617,0,19 20,1,100,,50217,5617,0,19 20,1,102,,50210,5617,0,19 20,1,98,,50208,5617,0,19 20,1
16000,'F2',704,,50226,5617,0,19 20,1,99,,50229,5617,0,19 20,1,101,,50225,5617,0,19 20,1,100,,50222,5617,0,19 20,1,100,,50228,5617,0,19 20,1,99,,50233,5617,0,19 20,1,101,,50223,5617,0,19 20,1,100,,50227,5617,0,19 20,1,100,,50234,5617,0,19 20,1,100,,50230,5617,0,19 20,1,100,,50224,5617,0,19 20,1,100,,50235,5617,0,19 20,1,100,,50231,5617,0,19 20,1,101,,50236,5617,0,19 20,1,99,,50232,5617,0,19 20,1
16000,'F8',704,,38429,5617,0,19 20,1,99,,38432,5617,0,19 20,1,101,,38428,5617,0,19 20,1,100,,38425,5617,0,19 20,1,100,,38431,5617,0,19 20,1,99,,38436,5617,0,19 20,1,101,,38426,5617,0,19 20,1,100,,38430,5617,0,19 20,1,100,,38437,5617,0,19 20,1,100,,38433,5617,0,19 20,1,100,,38427,5617,0,19 20,1,100,,38438,5617,0,19 20,1,100,,38434,5617,0,19 20,1,101,,38439,5617,0,19 20,1,99,,38435,5617,0,19 20,1
16000,'F9',704,,38445,5617,0,19 20,1,100,,38448,5617,0,19 20,1,100,,38451,5617,0,19 20,1,100,,38446,5617,0,19 20,1,100,,38452,5617,0,19 20,1,100,,38444,5617,0,19 20,1,100,,38453,5617,0,19 20,1,100,,38442,5617,0,19 20,1,100,,38440,5617,0,19 20,1,100,,38449,5617,0,19 20,1,100,,38447,5617,0,19 20,1,100,,38454,5617,0,19 20,1,100,,38450,5617,0,19 20,1,102,,38443,5617,0,19 20,1,98,,38441,5617,0,19 20,1
16000,'SA',704,,38459,5617,0,19 20,1,99,,16667,5617,0,19 20,1,101,,38458,5617,0,19 20,1,100,,38455,5617,0,19 20,1,100,,38461,5617,0,19 20,1,99,,38464,5617,0,19 20,1,101,,38456,5617,0,19 20,1,100,,38460,5617,0,19 20,1,100,,38465,5617,0,19 20,1,100,,16668,5617,0,19 20,1,100,,38457,5617,0,19 20,1,100,,38466,5617,0,19 20,1,100,,38462,5617,0,19 20,1,101,,38467,5617,0,19 20,1,99,,38463,5617,0,19 20,1
16000,'SE',618,,50239,5617,0,19 20,1,95,,50249,5617,0,19 20,1,39,,50247,5617,0,19 20,1,94,,50250,5617,0,19 20,1,89,,50248,5617,0,19 20,1,86,,50240,5617,0,19 20,1,100,,50241,5617,0,19 20,1,100,,50242,5617,0,19 20,1,100,,50251,5617,0,19 20,1,100,,50246,5617,0,19 20,1,99,,50253,5617,0,19 20,1,30,,50259,5617,0,19 20,1,68,,50237,5617,0,19 20,1,24,,50252,5617,0,19 20,1,71,,50254,5617,0,19 20,1,27,,50255,5617,0,19 20,1,69,,50245,5617,0,19 20,1,30,,50260,5617,0,19 20,1,70,,50243,5617,0,19 20,1,47,,50238,5617,0,19 20,1,100,,50244,5617,0,19 20,1,99,,50257,5617,0,19 20,1,92,,50256,5617,0,19 20,1,100,,50258,5617,0,19 20,1
