800,'DI',625,,53345,17742,,,1,34,,53319,17742,,,1,70,,53327,17742,,,1,30,,53333,17742,,,1,70,,53346,17742,,,1,30,,53320,17742,,,1,76,,53328,17742,,,1,70,,53334,17742,,,1,30,,53347,17742,,,1,70,,53321,17742,,,1,30,,53329,17742,,,1,70,,53335,17742,,,1,32,,53348,17742,,,1,70,,53322,17742,,,1,30,,53330,17742,,,1,70,,53342,17742,,,1,30,,53349,17742,,,1,70,,53343,17742,,,1,30,,53331,17742,,,1,69,,53336,17742,,,1,30,,53350,17742,,,1,70,,53344,17742,,,1,25,,53332,17742,,,1,70,,53337,17742,,,1,32,,53351,17742,,,1,83,,53323,17742,,,1,98,,53338,17742,,,1,100,,53324,17742,,,1,99,,53339,17742,,,1,100,,53325,17742,,,1,100,,53340,17742,,,1
800,'F1',625,,53378,17742,,,1,34,,53352,17742,,,1,70,,53360,17742,,,1,30,,53366,17742,,,1,70,,53379,17742,,,1,30,,53353,17742,,,1,76,,53361,17742,,,1,70,,53367,17742,,,1,30,,53380,17742,,,1,70,,53354,17742,,,1,30,,53362,17742,,,1,70,,53368,17742,,,1,32,,53381,17742,,,1,70,,53355,17742,,,1,30,,53363,17742,,,1,70,,53375,17742,,,1,30,,53382,17742,,,1,70,,53376,17742,,,1,30,,53364,17742,,,1,69,,53369,17742,,,1,30,,53383,17742,,,1,70,,53377,17742,,,1,25,,53365,17742,,,1,70,,53370,17742,,,1,32,,53384,17742,,,1,83,,53356,17742,,,1,98,,53371,17742,,,1,100,,53357,17742,,,1,99,,53372,17742,,,1,100,,53358,17742,,,1,100,,53373,17742,,,1
800,'F2',627,,53405,17742,,,1,30,,53389,17742,,,1,72,,53393,17742,,,1,30,,53400,17742,,,1,72,,53406,17742,,,1,70,,53390,17742,,,1,30,,53394,17742,,,1,74,,53401,17742,,,1,30,,53407,17742,,,1,72,,53391,17742,,,1,30,,53395,17742,,,1,70,,53402,17742,,,1,28,,53408,17742,,,1,72,,53392,17742,,,1,30,,53396,17742,,,1,70,,53403,17742,,,1,30,,53409,17742,,,1,70,,44107,17742,,,1,28,,53397,17742,,,1,70,,53415,17742,,,1,30,,53410,17742,,,1,70,,44108,17742,,,1,30,,53398,17742,,,1,70,,53416,17742,,,1,30,,53411,17742,,,1,68,,53385,17742,,,1,30,,53399,17742,,,1,86,,53412,17742,,,1,96,,53386,17742,,,1,100,,53413,17742,,,1,100,,53387,17742,,,1,100,,53414,17742,,,1
800,'SA',627,,53437,17742,,,1,30,,53421,17742,,,1,72,,53425,17742,,,1,30,,53432,17742,,,1,72,,53438,17742,,,1,70,,53422,17742,,,1,30,,53426,17742,,,1,74,,53433,17742,,,1,30,,53439,17742,,,1,72,,53423,17742,,,1,30,,53427,17742,,,1,70,,53434,17742,,,1,28,,53440,17742,,,1,72,,53424,17742,,,1,30,,53428,17742,,,1,70,,53435,17742,,,1,30,,53441,17742,,,1,70,,2660,17742,,,1,28,,53429,17742,,,1,70,,53447,17742,,,1,30,,53442,17742,,,1,70,,2661,17742,,,1,30,,53430,17742,,,1,70,,53448,17742,,,1,30,,53443,17742,,,1,68,,53417,17742,,,1,30,,53431,17742,,,1,86,,53444,17742,,,1,96,,53418,17742,,,1,100,,53445,17742,,,1,100,,53419,17742,,,1,100,,53446,17742,,,1
800,'SE',533,,44153,17742,,,1,68,,53469,17742,,,1,22,,53461,17742,,,1,85,,53449,17742,,,1,25,,53455,17742,,,1,2,,53456,17742,,,1,6,,44154,17742,,,1,61,,53470,17742,,,1,19,,53451,17742,,,1,13,,53485,17742,,,1,15,,53452,17742,,,1,55,,53481,17742,,,1,15,,53475,17742,,,1,17,,53488,17742,,,1,15,,44124,17742,,,1,53,,53471,17742,,,1,15,,53462,17742,,,1,15,,53486,17742,,,1,15,,53453,17742,,,1,55,,53482,17742,,,1,15,,53476,17742,,,1,15,,53489,17742,,,1,15,,53450,17742,,,1,57,,53457,17742,,,1,15,,53472,17742,,,1,15,,53466,17742,,,1,15,,53487,17742,,,1,55,,53505,17742,,,1,15,,53483,17742,,,1,15,,53479,17742,,,1,15,,53490,17742,,,1,55,,53492,17742,,,1,15,,53507,17742,,,1,16,,53495,17742,,,1,15,,53467,17742,,,1,58,,53454,17742,,,1,15,,53506,17742,,,1,17,,53477,17742,,,1,14,,53460,17742,,,1,44,,53491,17742,,,1,13,,53498,17742,,,1,15,,53493,17742,,,1,15,,53458,17742,,,1,15,,53478,17742,,,1,55,,53496,17742,,,1,12,,53468,17742,,,1,12,,53511,17742,,,1,13,,53484,17742,,,1,51,,53459,17742,,,1,9,,53503,17742,,,1,12,,53508,17742,,,1,8,,53499,17742,,,1,12,,53494,17742,,,1,12,,53504,17742,,,1,47,,53480,17742,,,1,10,,53473,17742,,,1,10,,53497,17742,,,1,20,,53500,17742,,,1,67,,53509,17742,,,1,28,,53512,17742,,,1,68,,53474,17742,,,1,28,,53501,17742,,,1,70,,53510,17742,,,1,30,,53513,17742,,,1,85,,53463,17742,,,1,100,,53502,17742,,,1
9801,'SE',731,,61273,9165,,,2,874,,61272,9165,,,2,32,,61271,9165,,,2,66,,61274,9165,,,2,31,,61270,9165,,,2,66,,61269,9165,,,2,30,,61275,9165,,,2
9901,'DI',912,,61383,16147,,,2,100,,61384,16147,,,2,100,,61372,16147,,,2,102,,61381,16147,,,2,100,,61375,16147,,,2,100,,61376,16147,,,2,100,,61373,16147,,,2,100,,61386,16147,,,2,100,,61388,16147,,,2,98,,61385,16147,,,2,104,,61377,16147,,,2,96,,61374,16147,,,2,100,,61379,16147,,,2,100,,61378,16147,,,2,100,,61387,16147,,,2
9901,'F1',912,,61400,16147,,,2,100,,61401,16147,,,2,100,,61389,16147,,,2,102,,61398,16147,,,2,100,,61392,16147,,,2,100,,61393,16147,,,2,100,,61390,16147,,,2,100,,61403,16147,,,2,100,,61405,16147,,,2,98,,61402,16147,,,2,104,,61394,16147,,,2,96,,61391,16147,,,2,100,,61396,16147,,,2,100,,61395,16147,,,2,100,,61404,16147,,,2
9901,'F2',807,,61423,16147,,,2,105,,61413,16147,,,2,98,,61409,16147,,,2,102,,61414,16147,,,2,102,,61407,16147,,,2,100,,61421,16147,,,2,100,,61415,16147,,,2,100,,61416,16147,,,2,98,,61420,16147,,,2,102,,61412,16147,,,2,98,,61408,16147,,,2,100,,61410,16147,,,2,100,,61417,16147,,,2,100,,61411,16147,,,2,100,,61406,16147,,,2,100,,61418,16147,,,2,100,,61419,16147,,,2
9901,'SA',807,,61442,16147,,,2,105,,61432,16147,,,2,98,,61428,16147,,,2,102,,61433,16147,,,2,102,,61426,16147,,,2,100,,61440,16147,,,2,100,,61434,16147,,,2,100,,61435,16147,,,2,98,,61439,16147,,,2,102,,61431,16147,,,2,98,,61427,16147,,,2,100,,61429,16147,,,2,100,,61436,16147,,,2,100,,61430,16147,,,2,100,,61425,16147,,,2,100,,61437,16147,,,2,100,,61438,16147,,,2
9901,'SE',911,,61468,16147,,,2,100,,61453,16147,,,2,100,,61463,16147,,,2,100,,61451,16147,,,2,101,,61459,16147,,,2,100,,61455,16147,,,2,98,,61452,16147,,,2,97,,61471,16147,,,2,30,,61469,16147,,,2,66,,61465,16147,,,2,38,,61466,16147,,,2,69,,61467,16147,,,2,27,,61470,16147,,,2,76,,61460,16147,,,2,98,,61454,16147,,,2,100,,61457,16147,,,2,100,,61464,16147,,,2,100,,61456,16147,,,2,100,,61458,16147,,,2
16001,'DI',556,,62247,6117,0,19 20,1,99,,62248,6117,0,19 20,1,100,,62245,6117,0,19 20,1,100,,62252,6117,0,19 20,1,100,,62244,6117,0,19 20,1,100,,62238,6117,0,19 20,1,100,,62241,6117,0,19 20,1,100,,62249,6117,0,19 20,1,100,,62242,6117,0,19 20,1,100,,62253,6117,0,19 20,1,100,,62243,6117,0,19 20,1,100,,62246,6117,0,19 20,1,100,,62239,6117,0,19 20,1,100,,62250,6117,0,19 20,1,100,,62254,6117,0,19 20,1,103,,62240,6117,0,19 20,1,97,,62251,6117,0,19 20,1
16001,'F1',556,,62264,6117,0,19 20,1,99,,62265,6117,0,19 20,1,100,,62262,6117,0,19 20,1,100,,62269,6117,0,19 20,1,100,,62261,6117,0,19 20,1,100,,62255,6117,0,19 20,1,100,,62258,6117,0,19 20,1,100,,62266,6117,0,19 20,1,100,,62259,6117,0,19 20,1,100,,62270,6117,0,19 20,1,100,,62260,6117,0,19 20,1,100,,62263,6117,0,19 20,1,100,,62256,6117,0,19 20,1,100,,62267,6117,0,19 20,1,100,,62271,6117,0,19 20,1,103,,62257,6117,0,19 20,1,97,,62268,6117,0,19 20,1
16001,'F2',557,,62281,6117,0,19 20,1,99,,62272,6117,0,19 20,1,99,,62285,6117,0,19 20,1,100,,62273,6117,0,19 20,1,99,,62286,6117,0,19 20,1,101,,50278,6117,0,19 20,1,100,,62278,6117,0,19 20,1,100,,62282,6117,0,19 20,1,100,,62279,6117,0,19 20,1,100,,62276,6117,0,19 20,1,100,,62287,6117,0,19 20,1,100,,62277,6117,0,19 20,1,100,,62274,6117,0,19 20,1,101,,62283,6117,0,19 20,1,99,,62280,6117,0,19 20,1,103,,62275,6117,0,19 20,1,97,,62284,6117,0,19 20,1
16001,'SA',557,,62297,6117,0,19 20,1,99,,62288,6117,0,19 20,1,99,,62301,6117,0,19 20,1,100,,62289,6117,0,19 20,1,99,,62302,6117,0,19 20,1,101,,38598,6117,0,19 20,1,100,,62294,6117,0,19 20,1,100,,62298,6117,0,19 20,1,100,,62295,6117,0,19 20,1,100,,62292,6117,0,19 20,1,100,,62303,6117,0,19 20,1,100,,62293,6117,0,19 20,1,100,,62290,6117,0,19 20,1,101,,62299,6117,0,19 20,1,99,,62296,6117,0,19 20,1,103,,62291,6117,0,19 20,1,97,,62300,6117,0,19 20,1
16001,'SE',608,,62311,6117,0,19 20,1,28,,62320,6117,0,19 20,1,66,,62312,6117,0,19 20,1,27,,62313,6117,0,19 20,1,24,,62304,6117,0,19 20,1,63,,62322,6117,0,19 20,1,28,,62309,6117,0,19 20,1,84,,62305,6117,0,19 20,1,98,,62308,6117,0,19 20,1,93,,62321,6117,0,19 20,1,100,,62319,6117,0,19 20,1,100,,62314,6117,0,19 20,1,100,,62306,6117,0,19 20,1,99,,62323,6117,0,19 20,1,92,,62310,6117,0,19 20,1,97,,62324,6117,0,19 20,1,30,,62328,6117,0,19 20,1,68,,62326,6117,0,19 20,1,25,,62325,6117,0,19 20,1,26,,62315,6117,0,19 20,1,100,,62327,6117,0,19 20,1,100,,62307,6117,0,19 20,1,102,,62316,6117,0,19 20,1,100,,62318,6117,0,19 20,1,90,,62317,6117,0,19 20,1
