800,'DI',604,,22786,8555,,,1,34,,22781,8555,,,1,70,,2441,8555,,,1,30,,2447,8555,,,1,70,,22787,8555,,,1,30,,22782,8555,,,1,72,,2442,8555,,,1,30,,2448,8555,,,1,70,,22788,8555,,,1,30,,22783,8555,,,1,70,,2443,8555,,,1,30,,2449,8555,,,1,72,,22789,8555,,,1,30,,2436,8555,,,1,70,,2444,8555,,,1,30,,2450,8555,,,1,70,,22790,8555,,,1,30,,22784,8555,,,1,70,,2445,8555,,,1,29,,22793,8555,,,1,70,,22791,8555,,,1,30,,22785,8555,,,1,69,,2446,8555,,,1,30,,22794,8555,,,1,72,,22792,8555,,,1,43,,2437,8555,,,1,99,,22795,8555,,,1,100,,2438,8555,,,1,99,,22796,8555,,,1,100,,2439,8555,,,1,100,,22797,8555,,,1,100,,2440,8555,,,1,100,,22780,8555,,,1
800,'F1',604,,44063,8555,,,1,34,,44043,8555,,,1,70,,44051,8555,,,1,30,,44057,8555,,,1,70,,44064,8555,,,1,30,,44044,8555,,,1,72,,44052,8555,,,1,30,,44058,8555,,,1,70,,44065,8555,,,1,30,,44045,8555,,,1,70,,44053,8555,,,1,30,,44059,8555,,,1,72,,44066,8555,,,1,30,,44046,8555,,,1,70,,44054,8555,,,1,30,,44060,8555,,,1,70,,44067,8555,,,1,30,,44061,8555,,,1,70,,44055,8555,,,1,29,,44070,8555,,,1,70,,44068,8555,,,1,30,,44062,8555,,,1,69,,44056,8555,,,1,30,,44071,8555,,,1,72,,44069,8555,,,1,43,,44047,8555,,,1,99,,44072,8555,,,1,100,,44048,8555,,,1,99,,44073,8555,,,1,100,,44049,8555,,,1,100,,44074,8555,,,1,100,,44050,8555,,,1,100,,44042,8555,,,1
800,'F2',605,,44096,8555,,,1,30,,44079,8555,,,1,72,,44092,8555,,,1,30,,44094,8555,,,1,71,,44097,8555,,,1,30,,44080,8555,,,1,70,,44093,8555,,,1,31,,44095,8555,,,1,70,,44098,8555,,,1,31,,44081,8555,,,1,70,,44087,8555,,,1,30,,44103,8555,,,1,68,,44099,8555,,,1,32,,44082,8555,,,1,70,,44088,8555,,,1,30,,44104,8555,,,1,70,,44100,8555,,,1,30,,44107,8555,,,1,70,,44089,8555,,,1,30,,44105,8555,,,1,70,,44101,8555,,,1,30,,44108,8555,,,1,70,,44090,8555,,,1,30,,44106,8555,,,1,72,,44102,8555,,,1,28,,44075,8555,,,1,70,,44091,8555,,,1,46,,44083,8555,,,1,98,,44076,8555,,,1,100,,44084,8555,,,1,100,,44077,8555,,,1,100,,44085,8555,,,1,100,,44078,8555,,,1,100,,44086,8555,,,1
800,'F8',605,,22955,8555,,,1,30,,22938,8555,,,1,72,,22951,8555,,,1,30,,22953,8555,,,1,71,,22956,8555,,,1,30,,22939,8555,,,1,70,,22952,8555,,,1,31,,22954,8555,,,1,70,,22957,8555,,,1,31,,22940,8555,,,1,70,,22946,8555,,,1,30,,22962,8555,,,1,68,,22958,8555,,,1,32,,22941,8555,,,1,70,,22947,8555,,,1,30,,22963,8555,,,1,70,,22959,8555,,,1,30,,22966,8555,,,1,70,,22948,8555,,,1,30,,22964,8555,,,1,70,,22960,8555,,,1,30,,22967,8555,,,1,70,,22949,8555,,,1,30,,22965,8555,,,1,72,,22961,8555,,,1,28,,22934,8555,,,1,70,,22950,8555,,,1,46,,22942,8555,,,1,98,,22935,8555,,,1,100,,22943,8555,,,1,100,,22936,8555,,,1,100,,22944,8555,,,1,100,,22937,8555,,,1,100,,22945,8555,,,1
800,'F9',604,,22989,8555,,,1,34,,22969,8555,,,1,70,,22977,8555,,,1,30,,22983,8555,,,1,70,,22990,8555,,,1,30,,22970,8555,,,1,72,,22978,8555,,,1,30,,22984,8555,,,1,70,,22991,8555,,,1,30,,22971,8555,,,1,70,,22979,8555,,,1,30,,22985,8555,,,1,72,,22992,8555,,,1,30,,22972,8555,,,1,70,,22980,8555,,,1,30,,22986,8555,,,1,70,,22993,8555,,,1,30,,22987,8555,,,1,70,,22981,8555,,,1,29,,22996,8555,,,1,70,,22994,8555,,,1,30,,22988,8555,,,1,69,,22982,8555,,,1,30,,22997,8555,,,1,72,,22995,8555,,,1,43,,22973,8555,,,1,99,,22998,8555,,,1,100,,22974,8555,,,1,99,,22999,8555,,,1,100,,22975,8555,,,1,100,,23000,8555,,,1,100,,22976,8555,,,1,100,,22968,8555,,,1
800,'SA',605,,23022,8555,,,1,30,,23005,8555,,,1,72,,23018,8555,,,1,30,,23020,8555,,,1,71,,23023,8555,,,1,30,,23006,8555,,,1,70,,23019,8555,,,1,31,,23021,8555,,,1,70,,23024,8555,,,1,31,,23007,8555,,,1,70,,23013,8555,,,1,30,,23029,8555,,,1,68,,23025,8555,,,1,32,,23008,8555,,,1,70,,23014,8555,,,1,30,,23030,8555,,,1,70,,23026,8555,,,1,30,,2660,8555,,,1,70,,23015,8555,,,1,30,,23031,8555,,,1,70,,23027,8555,,,1,30,,2661,8555,,,1,70,,23016,8555,,,1,30,,23032,8555,,,1,72,,23028,8555,,,1,28,,23001,8555,,,1,70,,23017,8555,,,1,46,,23009,8555,,,1,98,,23002,8555,,,1,100,,23010,8555,,,1,100,,23003,8555,,,1,100,,23011,8555,,,1,100,,23004,8555,,,1,100,,23012,8555,,,1
800,'SE',510,,44153,8555,,,1,28,,44155,8555,,,1,62,,44156,8555,,,1,41,,44112,8555,,,1,70,,44154,8555,,,1,21,,44126,8555,,,1,19,,44157,8555,,,1,53,,44150,8555,,,1,15,,44115,8555,,,1,15,,44134,8555,,,1,15,,44113,8555,,,1,57,,44137,8555,,,1,15,,44124,8555,,,1,15,,44127,8555,,,1,15,,44130,8555,,,1,55,,44171,8555,,,1,15,,44116,8555,,,1,15,,44135,8555,,,1,15,,44114,8555,,,1,55,,44138,8555,,,1,15,,44140,8555,,,1,17,,44118,8555,,,1,15,,44128,8555,,,1,55,,44158,8555,,,1,15,,44172,8555,,,1,15,,44169,8555,,,1,15,,44136,8555,,,1,55,,44109,8555,,,1,15,,44139,8555,,,1,15,,44125,8555,,,1,15,,44119,8555,,,1,55,,44131,8555,,,1,15,,44159,8555,,,1,18,,44117,8555,,,1,15,,44162,8555,,,1,55,,44161,8555,,,1,15,,44110,8555,,,1,15,,44141,8555,,,1,15,,44146,8555,,,1,55,,44129,8555,,,1,15,,44165,8555,,,1,15,,44132,8555,,,1,12,,44160,8555,,,1,52,,44145,8555,,,1,12,,44163,8555,,,1,12,,44151,8555,,,1,12,,44164,8555,,,1,12,,44111,8555,,,1,51,,44142,8555,,,1,12,,44147,8555,,,1,12,,44166,8555,,,1,9,,44148,8555,,,1,10,,44167,8555,,,1,10,,44133,8555,,,1,60,,44152,8555,,,1,27,,44120,8555,,,1,68,,44173,8555,,,1,30,,44168,8555,,,1,68,,44149,8555,,,1,30,,44121,8555,,,1,70,,44170,8555,,,1,45,,44143,8555,,,1,100,,44122,8555,,,1,96,,44144,8555,,,1,100,,44123,8555,,,1
2800,'DI',901,,27669,8184,0,32 33,1,101,,27674,8184,0,32 33,1,101,,27672,8184,0,32 33,1,100,,27670,8184,0,32 33,1,100,,27671,8184,0,32 33,1,100,,27675,8184,0,32 33,1,100,,27678,8184,0,32 33,1,101,,27677,8184,0,32 33,1,99,,27676,8184,0,32 33,1,100,,27673,8184,0,32 33,1
2800,'F1',901,,45917,8184,0,32 33,1,101,,45922,8184,0,32 33,1,101,,45920,8184,0,32 33,1,100,,45918,8184,0,32 33,1,100,,45919,8184,0,32 33,1,100,,45923,8184,0,32 33,1,100,,45926,8184,0,32 33,1,101,,45925,8184,0,32 33,1,99,,45924,8184,0,32 33,1,100,,45921,8184,0,32 33,1
2800,'F2',903,,45934,8184,0,32 33,1,99,,45929,8184,0,32 33,1,104,,45927,8184,0,32 33,1,97,,45931,8184,0,32 33,1,101,,45930,8184,0,32 33,1,100,,45932,8184,0,32 33,1,99,,45928,8184,0,32 33,1,103,,45936,8184,0,32 33,1,99,,45935,8184,0,32 33,1,98,,45933,8184,0,32 33,1
2800,'F8',903,,27747,8184,0,32 33,1,99,,27742,8184,0,32 33,1,104,,27740,8184,0,32 33,1,97,,27744,8184,0,32 33,1,101,,27743,8184,0,32 33,1,100,,27745,8184,0,32 33,1,99,,27741,8184,0,32 33,1,103,,27749,8184,0,32 33,1,99,,27748,8184,0,32 33,1,98,,27746,8184,0,32 33,1
2800,'F9',901,,27750,8184,0,32 33,1,101,,27755,8184,0,32 33,1,101,,27753,8184,0,32 33,1,100,,27751,8184,0,32 33,1,100,,27752,8184,0,32 33,1,100,,27756,8184,0,32 33,1,100,,27759,8184,0,32 33,1,101,,27758,8184,0,32 33,1,99,,27757,8184,0,32 33,1,100,,27754,8184,0,32 33,1
2800,'SA',903,,27766,8184,0,32 33,1,99,,27762,8184,0,32 33,1,104,,27760,8184,0,32 33,1,97,,27763,8184,0,32 33,1,101,,6923,8184,0,32 33,1,100,,27764,8184,0,32 33,1,99,,27761,8184,0,32 33,1,103,,27768,8184,0,32 33,1,99,,27767,8184,0,32 33,1,98,,27765,8184,0,32 33,1
2800,'SE',629,,45971,8184,0,32 33,1,85,,45972,8184,0,32 33,1,23,,45976,8184,0,32 33,1,3,,45977,8184,0,32 33,1,16,,45950,8184,0,32 33,1,53,,45962,8184,0,32 33,1,12,,45970,8184,0,32 33,1,18,,45961,8184,0,32 33,1,14,,45966,8184,0,32 33,1,58,,45951,8184,0,32 33,1,30,,45942,8184,0,32 33,1,70,,45946,8184,0,32 33,1,30,,45952,8184,0,32 33,1,70,,45943,8184,0,32 33,1,32,,45947,8184,0,32 33,1,70,,45953,8184,0,32 33,1,30,,45944,8184,0,32 33,1,70,,45948,8184,0,32 33,1,30,,45954,8184,0,32 33,1,70,,45945,8184,0,32 33,1,33,,45949,8184,0,32 33,1,70,,45973,8184,0,32 33,1,15,,45939,8184,0,32 33,1,15,,45959,8184,0,32 33,1,55,,45964,8184,0,32 33,1,15,,45975,8184,0,32 33,1,15,,45956,8184,0,32 33,1,14,,45958,8184,0,32 33,1,12,,45974,8184,0,32 33,1,52,,45940,8184,0,32 33,1,12,,45960,8184,0,32 33,1,12,,45963,8184,0,32 33,1,12,,45967,8184,0,32 33,1,12,,45955,8184,0,32 33,1,51,,45957,8184,0,32 33,1,12,,45937,8184,0,32 33,1,10,,45938,8184,0,32 33,1,13,,45965,8184,0,32 33,1,95,,45941,8184,0,32 33,1,98,,45968,8184,0,32 33,1,98,,45969,8184,0,32 33,1
8800,'DI',723,,36639,8555,,,1,30,,36644,8555,,,1,70,,36650,8555,,,1,30,,36659,8555,,,1,70,,36640,8555,,,1,30,,36645,8555,,,1,72,,36651,8555,,,1,30,,36660,8555,,,1,70,,36641,8555,,,1,30,,36646,8555,,,1,70,,36652,8555,,,1,30,,36661,8555,,,1,70,,36642,8555,,,1,30,,36647,8555,,,1,70,,36653,8555,,,1,30,,15002,8555,,,1,70,,36654,8555,,,1,30,,36648,8555,,,1,70,,36662,8555,,,1,30,,15003,8555,,,1,70,,36655,8555,,,1,29,,36649,8555,,,1,70,,36663,8555,,,1,100,,36656,8555,,,1,100,,36664,8555,,,1,100,,36657,8555,,,1,100,,36665,8555,,,1,97,,36658,8555,,,1,100,,36638,8555,,,1,100,,36643,8555,,,1
8800,'F1',723,,49524,8555,,,1,30,,49529,8555,,,1,70,,49535,8555,,,1,30,,49544,8555,,,1,70,,49525,8555,,,1,30,,49530,8555,,,1,72,,49536,8555,,,1,30,,49545,8555,,,1,70,,49526,8555,,,1,30,,49531,8555,,,1,70,,49537,8555,,,1,30,,49546,8555,,,1,70,,49527,8555,,,1,30,,49532,8555,,,1,70,,49538,8555,,,1,30,,49521,8555,,,1,70,,49539,8555,,,1,30,,49533,8555,,,1,70,,49547,8555,,,1,30,,49522,8555,,,1,70,,49540,8555,,,1,29,,49534,8555,,,1,70,,49548,8555,,,1,100,,49541,8555,,,1,100,,49549,8555,,,1,100,,49542,8555,,,1,100,,49550,8555,,,1,97,,49543,8555,,,1,100,,49523,8555,,,1,100,,49528,8555,,,1
8800,'F2',722,,49554,8555,,,1,30,,49579,8555,,,1,71,,49575,8555,,,1,30,,49566,8555,,,1,71,,49559,8555,,,1,30,,49580,8555,,,1,71,,49576,8555,,,1,30,,49567,8555,,,1,70,,49560,8555,,,1,30,,49571,8555,,,1,70,,49556,8555,,,1,30,,49568,8555,,,1,70,,49561,8555,,,1,30,,49572,8555,,,1,70,,49557,8555,,,1,30,,49551,8555,,,1,70,,49562,8555,,,1,30,,49573,8555,,,1,70,,49558,8555,,,1,30,,49552,8555,,,1,71,,49581,8555,,,1,29,,49574,8555,,,1,71,,49569,8555,,,1,29,,49553,8555,,,1,70,,49563,8555,,,1,100,,49570,8555,,,1,99,,49564,8555,,,1,98,,49578,8555,,,1,100,,49565,8555,,,1,100,,49577,8555,,,1,100,,49555,8555,,,1
8800,'F8',722,,36775,8555,,,1,30,,36800,8555,,,1,71,,36796,8555,,,1,30,,36787,8555,,,1,71,,36780,8555,,,1,30,,36801,8555,,,1,71,,36797,8555,,,1,30,,36788,8555,,,1,70,,36781,8555,,,1,30,,36792,8555,,,1,70,,36777,8555,,,1,30,,36789,8555,,,1,70,,36782,8555,,,1,30,,36793,8555,,,1,70,,36778,8555,,,1,30,,36772,8555,,,1,70,,36783,8555,,,1,30,,36794,8555,,,1,70,,36779,8555,,,1,30,,36773,8555,,,1,71,,36802,8555,,,1,29,,36795,8555,,,1,71,,36790,8555,,,1,29,,36774,8555,,,1,70,,36784,8555,,,1,100,,36791,8555,,,1,99,,36785,8555,,,1,98,,36799,8555,,,1,100,,36786,8555,,,1,100,,36798,8555,,,1,100,,36776,8555,,,1
8800,'F9',723,,36806,8555,,,1,30,,36811,8555,,,1,70,,36817,8555,,,1,30,,36826,8555,,,1,70,,36807,8555,,,1,30,,36812,8555,,,1,72,,36818,8555,,,1,30,,36827,8555,,,1,70,,36808,8555,,,1,30,,36813,8555,,,1,70,,36819,8555,,,1,30,,36828,8555,,,1,70,,36809,8555,,,1,30,,36814,8555,,,1,70,,36820,8555,,,1,30,,36803,8555,,,1,70,,36821,8555,,,1,30,,36815,8555,,,1,70,,36829,8555,,,1,30,,36804,8555,,,1,70,,36822,8555,,,1,29,,36816,8555,,,1,70,,36830,8555,,,1,100,,36823,8555,,,1,100,,36831,8555,,,1,100,,36824,8555,,,1,100,,36832,8555,,,1,97,,36825,8555,,,1,100,,36805,8555,,,1,100,,36810,8555,,,1
8800,'SA',722,,36836,8555,,,1,30,,36860,8555,,,1,71,,36857,8555,,,1,30,,36848,8555,,,1,71,,36841,8555,,,1,30,,36861,8555,,,1,71,,36858,8555,,,1,30,,36849,8555,,,1,70,,36842,8555,,,1,30,,36853,8555,,,1,70,,36838,8555,,,1,30,,36850,8555,,,1,70,,36843,8555,,,1,30,,36854,8555,,,1,70,,36839,8555,,,1,30,,36833,8555,,,1,70,,36844,8555,,,1,30,,36855,8555,,,1,70,,36840,8555,,,1,30,,36834,8555,,,1,71,,36862,8555,,,1,29,,36856,8555,,,1,71,,36851,8555,,,1,29,,36835,8555,,,1,70,,36845,8555,,,1,100,,36852,8555,,,1,99,,36846,8555,,,1,98,,15203,8555,,,1,100,,36847,8555,,,1,100,,36859,8555,,,1,100,,36837,8555,,,1
8800,'SE',724,,49597,8555,,,1,21,,49625,8555,,,1,55,,49606,8555,,,1,14,,49611,8555,,,1,15,,49627,8555,,,1,15,,49600,8555,,,1,15,,49626,8555,,,1,69,,49586,8555,,,1,30,,49620,8555,,,1,70,,49621,8555,,,1,30,,49582,8555,,,1,72,,49588,8555,,,1,70,,49590,8555,,,1,30,,49584,8555,,,1,70,,49583,8555,,,1,30,,49593,8555,,,1,70,,49589,8555,,,1,33,,49623,8555,,,1,70,,49591,8555,,,1,18,,49601,8555,,,1,15,,49607,8555,,,1,15,,49598,8555,,,1,55,,49587,8555,,,1,15,,49629,8555,,,1,15,,49628,8555,,,1,13,,49624,8555,,,1,52,,49585,8555,,,1,12,,49614,8555,,,1,12,,49592,8555,,,1,12,,49602,8555,,,1,12,,49613,8555,,,1,51,,49608,8555,,,1,12,,49599,8555,,,1,12,,49604,8555,,,1,9,,49603,8555,,,1,19,,49605,8555,,,1,55,,49594,8555,,,1,22,,49622,8555,,,1,28,,49609,8555,,,1,70,,49596,8555,,,1,28,,49595,8555,,,1,70,,49615,8555,,,1,30,,49610,8555,,,1,70,,49618,8555,,,1,100,,49616,8555,,,1,99,,49619,8555,,,1,97,,49617,8555,,,1
