300,'DI',657,,52056,3080,,,1,100,,52049,3080,,,1,100,,52057,3080,,,1,100,,52050,3080,,,1,100,,52051,3080,,,1,100,,52059,3080,,,1,100,,52052,3080,,,1,100,,52053,3080,,,1,100,,52054,3080,,,1,100,,52058,3080,,,1,100,,494,3080,,,1,100,,495,3080,,,1,100,,52055,3080,,,1,100,,20629,3080,,,1,100,,20630,3080,,,1,100,,20631,3080,,,1,100,,20632,3080,,,1,100,,20633,3080,,,1,100,,20634,3080,,,1
300,'F1',657,,52067,3080,,,1,100,,52060,3080,,,1,100,,52068,3080,,,1,100,,52061,3080,,,1,100,,52062,3080,,,1,100,,52070,3080,,,1,100,,52063,3080,,,1,100,,52064,3080,,,1,100,,52065,3080,,,1,100,,52069,3080,,,1,100,,43204,3080,,,1,100,,43205,3080,,,1,100,,52066,3080,,,1,100,,43207,3080,,,1,100,,43208,3080,,,1,100,,43209,3080,,,1,100,,43210,3080,,,1,100,,43211,3080,,,1,100,,43212,3080,,,1
300,'F2',627,,52084,3080,,,1,30,,52071,3080,,,1,70,,52081,3080,,,1,30,,52088,3080,,,1,70,,52085,3080,,,1,30,,52072,3080,,,1,70,,52078,3080,,,1,30,,52073,3080,,,1,70,,52086,3080,,,1,30,,52089,3080,,,1,70,,52079,3080,,,1,30,,52092,3080,,,1,70,,52080,3080,,,1,30,,52093,3080,,,1,70,,43236,3080,,,1,30,,52094,3080,,,1,70,,43237,3080,,,1,30,,52087,3080,,,1,70,,52074,3080,,,1,30,,52098,3080,,,1,70,,52075,3080,,,1,30,,52099,3080,,,1,70,,52076,3080,,,1,30,,52100,3080,,,1,70,,52077,3080,,,1,30,,52090,3080,,,1,100,,52091,3080,,,1,100,,52095,3080,,,1,100,,52096,3080,,,1,100,,52097,3080,,,1,100,,52083,3080,,,1,100,,52082,3080,,,1
300,'SA',627,,52114,3080,,,1,30,,52101,3080,,,1,70,,52111,3080,,,1,30,,52118,3080,,,1,70,,52115,3080,,,1,30,,52102,3080,,,1,70,,52108,3080,,,1,30,,52103,3080,,,1,70,,52116,3080,,,1,30,,52119,3080,,,1,70,,52109,3080,,,1,30,,52122,3080,,,1,70,,52110,3080,,,1,30,,52123,3080,,,1,70,,624,3080,,,1,30,,52124,3080,,,1,70,,625,3080,,,1,30,,52117,3080,,,1,70,,52104,3080,,,1,30,,52128,3080,,,1,70,,52105,3080,,,1,30,,52129,3080,,,1,70,,52106,3080,,,1,30,,52130,3080,,,1,70,,52107,3080,,,1,30,,52120,3080,,,1,100,,52121,3080,,,1,100,,52125,3080,,,1,100,,52126,3080,,,1,100,,52127,3080,,,1,100,,52113,3080,,,1,100,,52112,3080,,,1
300,'SE',545,,52132,3080,,,1,82,,52154,3080,,,1,85,,52153,3080,,,1,35,,52133,3080,,,1,81,,52147,3080,,,1,29,,52162,3080,,,1,70,,52165,3080,,,1,30,,52163,3080,,,1,70,,52166,3080,,,1,30,,52148,3080,,,1,70,,52155,3080,,,1,30,,52134,3080,,,1,70,,52156,3080,,,1,30,,52135,3080,,,1,70,,52157,3080,,,1,30,,52136,3080,,,1,70,,52158,3080,,,1,30,,52137,3080,,,1,61,,52167,3080,,,1,18,,52159,3080,,,1,23,,52138,3080,,,1,61,,52168,3080,,,1,22,,52144,3080,,,1,58,,52164,3080,,,1,19,,52150,3080,,,1,20,,52131,3080,,,1,19,,52149,3080,,,1,72,,52151,3080,,,1,27,,52160,3080,,,1,70,,52152,3080,,,1,30,,52161,3080,,,1,70,,52145,3080,,,1,30,,52139,3080,,,1,70,,52146,3080,,,1,30,,52140,3080,,,1,100,,52141,3080,,,1,100,,52142,3080,,,1,100,,52143,3080,,,1
401,'DI',704,,52491,3022,,,1,30,,52485,3022,,,1,70,,52501,3022,,,1,32,,52494,3022,,,1,70,,52504,3022,,,1,30,,52486,3022,,,1,70,,52502,3022,,,1,30,,52495,3022,,,1,70,,52505,3022,,,1,30,,52487,3022,,,1,70,,52511,3022,,,1,30,,52509,3022,,,1,70,,52506,3022,,,1,31,,52488,3022,,,1,69,,52507,3022,,,1,30,,52512,3022,,,1,70,,52496,3022,,,1,32,,52489,3022,,,1,69,,52508,3022,,,1,30,,52513,3022,,,1,74,,52497,3022,,,1,25,,52498,3022,,,1,70,,52514,3022,,,1,30,,52510,3022,,,1,70,,52515,3022,,,1,31,,52499,3022,,,1,69,,52492,3022,,,1,30,,52516,3022,,,1,70,,52518,3022,,,1,100,,52517,3022,,,1,100,,52490,3022,,,1,100,,52503,3022,,,1
401,'F1',704,,52526,3022,,,1,30,,52520,3022,,,1,70,,52536,3022,,,1,32,,52529,3022,,,1,70,,52539,3022,,,1,30,,52521,3022,,,1,70,,52537,3022,,,1,30,,52530,3022,,,1,70,,52540,3022,,,1,30,,52522,3022,,,1,70,,52546,3022,,,1,30,,52544,3022,,,1,70,,52541,3022,,,1,31,,52523,3022,,,1,69,,52542,3022,,,1,30,,52547,3022,,,1,70,,52531,3022,,,1,32,,52524,3022,,,1,69,,52543,3022,,,1,30,,52548,3022,,,1,74,,52532,3022,,,1,25,,52533,3022,,,1,70,,52549,3022,,,1,30,,52545,3022,,,1,70,,52550,3022,,,1,31,,52534,3022,,,1,69,,52527,3022,,,1,30,,52551,3022,,,1,70,,52553,3022,,,1,100,,52552,3022,,,1,100,,52525,3022,,,1,100,,52538,3022,,,1
401,'F2',704,,52555,3022,,,1,30,,52574,3022,,,1,70,,52558,3022,,,1,32,,52562,3022,,,1,70,,52556,3022,,,1,30,,52575,3022,,,1,70,,52559,3022,,,1,30,,52563,3022,,,1,70,,52580,3022,,,1,30,,52578,3022,,,1,70,,52554,3022,,,1,30,,52565,3022,,,1,70,,52571,3022,,,1,30,,52566,3022,,,1,70,,52582,3022,,,1,30,,52560,3022,,,1,70,,52579,3022,,,1,30,,52576,3022,,,1,70,,52572,3022,,,1,30,,52568,3022,,,1,70,,52570,3022,,,1,30,,52583,3022,,,1,70,,52567,3022,,,1,30,,52586,3022,,,1,70,,52584,3022,,,1,30,,52585,3022,,,1,70,,52577,3022,,,1,30,,52587,3022,,,1,70,,52588,3022,,,1,100,,52581,3022,,,1,100,,52569,3022,,,1,100,,52564,3022,,,1
401,'SA',704,,52590,3022,,,1,30,,52609,3022,,,1,70,,52593,3022,,,1,32,,52597,3022,,,1,70,,52591,3022,,,1,30,,52610,3022,,,1,70,,52594,3022,,,1,30,,52598,3022,,,1,70,,52615,3022,,,1,30,,52613,3022,,,1,70,,52589,3022,,,1,30,,52600,3022,,,1,70,,52606,3022,,,1,30,,52601,3022,,,1,70,,52617,3022,,,1,30,,52595,3022,,,1,70,,52614,3022,,,1,30,,52611,3022,,,1,70,,52607,3022,,,1,30,,52603,3022,,,1,70,,52605,3022,,,1,30,,52618,3022,,,1,70,,52602,3022,,,1,30,,52621,3022,,,1,70,,52619,3022,,,1,30,,52620,3022,,,1,70,,52612,3022,,,1,30,,52622,3022,,,1,70,,52623,3022,,,1,100,,52616,3022,,,1,100,,52604,3022,,,1,100,,52599,3022,,,1
401,'SE',619,,52647,3022,,,1,21,,52625,3022,,,1,69,,52656,3022,,,1,33,,52643,3022,,,1,73,,52653,3022,,,1,30,,52652,3022,,,1,72,,52630,3022,,,1,30,,52637,3022,,,1,70,,52657,3022,,,1,30,,52636,3022,,,1,70,,52635,3022,,,1,30,,52626,3022,,,1,71,,52645,3022,,,1,32,,52662,3022,,,1,70,,52648,3022,,,1,30,,52629,3022,,,1,66,,52624,3022,,,1,34,,52632,3022,,,1,55,,52649,3022,,,1,23,,52633,3022,,,1,22,,52639,3022,,,1,59,,52627,3022,,,1,20,,52655,3022,,,1,22,,52644,3022,,,1,57,,52659,3022,,,1,20,,52661,3022,,,1,24,,52640,3022,,,1,58,,52651,3022,,,1,27,,52628,3022,,,1,70,,52660,3022,,,1,27,,52646,3022,,,1,69,,52658,3022,,,1,30,,52641,3022,,,1,70,,52654,3022,,,1,30,,52663,3022,,,1,100,,52650,3022,,,1,100,,52631,3022,,,1,100,,52642,3022,,,1
900,'SE',652,,53723,3080,0,58 7,2,70,,53722,3080,0,58 7,2,30,,53724,3080,0,58 7,2,860,,53729,3080,0,58 7,2,36,,53727,3080,0,58 7,2,66,,53726,3080,0,58 7,2,28,,53725,3080,0,58 7,2,70,,53728,3080,0,58 7,2
1900,'DI',622,,55065,3080,0,9,2,100,,55066,3080,0,9,2,100,,55067,3080,0,9,2,104,,55068,3080,0,9,2,100,,55069,3080,0,9,2,100,,55070,3080,0,9,2,100,,55071,3080,0,9,2,100,,55072,3080,0,9,2,100,,55073,3080,0,9,2,100,,55074,3080,0,9,2,100,,55075,3080,0,9,2,100,,55076,3080,0,9,2,100,,55077,3080,0,9,2,100,,55078,3080,0,9,2,100,,55079,3080,0,9,2,100,,55080,3080,0,9,2,100,,55082,3080,0,9,2,100,,55081,3080,0,9,2,100,,55083,3080,0,9,2,100,,25743,3080,0,9,2
1900,'F1',622,,55084,3080,0,9,2,100,,55085,3080,0,9,2,100,,55086,3080,0,9,2,104,,55087,3080,0,9,2,100,,55088,3080,0,9,2,100,,55089,3080,0,9,2,100,,55090,3080,0,9,2,100,,55091,3080,0,9,2,100,,55092,3080,0,9,2,100,,55093,3080,0,9,2,100,,55094,3080,0,9,2,100,,55095,3080,0,9,2,100,,55096,3080,0,9,2,100,,55097,3080,0,9,2,100,,55098,3080,0,9,2,100,,55099,3080,0,9,2,100,,55101,3080,0,9,2,100,,55100,3080,0,9,2,100,,55102,3080,0,9,2,100,,45170,3080,0,9,2
1900,'F2',622,,55114,3080,0,9,2,30,,55134,3080,0,9,2,70,,55115,3080,0,9,2,30,,55106,3080,0,9,2,70,,55116,3080,0,9,2,30,,55107,3080,0,9,2,74,,55117,3080,0,9,2,30,,55108,3080,0,9,2,70,,55118,3080,0,9,2,30,,55109,3080,0,9,2,70,,55119,3080,0,9,2,30,,55110,3080,0,9,2,70,,55120,3080,0,9,2,30,,55111,3080,0,9,2,70,,55121,3080,0,9,2,30,,55112,3080,0,9,2,70,,55122,3080,0,9,2,30,,55113,3080,0,9,2,70,,55123,3080,0,9,2,30,,55103,3080,0,9,2,70,,55124,3080,0,9,2,30,,55104,3080,0,9,2,70,,55125,3080,0,9,2,30,,55105,3080,0,9,2,70,,55126,3080,0,9,2,100,,55127,3080,0,9,2,100,,55128,3080,0,9,2,100,,55129,3080,0,9,2,100,,55130,3080,0,9,2,100,,55131,3080,0,9,2,100,,55132,3080,0,9,2,100,,55133,3080,0,9,2
1900,'SA',622,,55146,3080,0,9,2,30,,55166,3080,0,9,2,70,,55147,3080,0,9,2,30,,55138,3080,0,9,2,70,,55148,3080,0,9,2,30,,55139,3080,0,9,2,74,,55149,3080,0,9,2,30,,55140,3080,0,9,2,70,,55150,3080,0,9,2,30,,55141,3080,0,9,2,70,,55151,3080,0,9,2,30,,55142,3080,0,9,2,70,,55152,3080,0,9,2,30,,55143,3080,0,9,2,70,,55153,3080,0,9,2,30,,55144,3080,0,9,2,70,,55154,3080,0,9,2,30,,55145,3080,0,9,2,70,,55155,3080,0,9,2,30,,55135,3080,0,9,2,70,,55156,3080,0,9,2,30,,55136,3080,0,9,2,70,,55157,3080,0,9,2,30,,55137,3080,0,9,2,70,,55158,3080,0,9,2,100,,55159,3080,0,9,2,100,,55160,3080,0,9,2,100,,55161,3080,0,9,2,100,,55162,3080,0,9,2,100,,55163,3080,0,9,2,100,,55164,3080,0,9,2,100,,55165,3080,0,9,2
1900,'SE',545,,55176,3080,0,9,2,76,,55179,3080,0,9,2,27,,55181,3080,0,9,2,52,,55177,3080,0,9,2,12,,55174,3080,0,9,2,12,,55206,3080,0,9,2,15,,55170,3080,0,9,2,61,,55204,3080,0,9,2,20,,55178,3080,0,9,2,32,,55199,3080,0,9,2,74,,55193,3080,0,9,2,30,,55201,3080,0,9,2,70,,55194,3080,0,9,2,30,,55182,3080,0,9,2,70,,55195,3080,0,9,2,30,,55183,3080,0,9,2,70,,55196,3080,0,9,2,30,,45245,3080,0,9,2,70,,55197,3080,0,9,2,31,,45246,3080,0,9,2,70,,55198,3080,0,9,2,30,,55202,3080,0,9,2,67,,55175,3080,0,9,2,21,,55171,3080,0,9,2,62,,55203,3080,0,9,2,20,,55190,3080,0,9,2,21,,55205,3080,0,9,2,59,,55200,3080,0,9,2,17,,55188,3080,0,9,2,22,,55180,3080,0,9,2,60,,55207,3080,0,9,2,24,,55189,3080,0,9,2,26,,55191,3080,0,9,2,70,,55184,3080,0,9,2,30,,55192,3080,0,9,2,70,,55185,3080,0,9,2,30,,55172,3080,0,9,2,70,,55186,3080,0,9,2,30,,55173,3080,0,9,2,70,,55187,3080,0,9,2,100,,55167,3080,0,9,2,100,,55168,3080,0,9,2,100,,55169,3080,0,9,2
2100,'DI',559,,55641,3022,0,12 13,1,69,,55638,3022,0,12 13,1,30,,55648,3022,0,12 13,1,70,,55637,3022,0,12 13,1,31,,55645,3022,0,12 13,1,70,,55662,3022,0,12 13,1,30,,55635,3022,0,12 13,1,67,,55639,3022,0,12 13,1,33,,55642,3022,0,12 13,1,70,,55650,3022,0,12 13,1,72,,55640,3022,0,12 13,1,27,,55658,3022,0,12 13,1,31,,55631,3022,0,12 13,1,70,,55656,3022,0,12 13,1,30,,55649,3022,0,12 13,1,70,,55646,3022,0,12 13,1,30,,55654,3022,0,12 13,1,70,,55657,3022,0,12 13,1,30,,55643,3022,0,12 13,1,70,,55655,3022,0,12 13,1,30,,55632,3022,0,12 13,1,70,,55647,3022,0,12 13,1,30,,55661,3022,0,12 13,1,70,,55653,3022,0,12 13,1,30,,55651,3022,0,12 13,1,70,,55625,3022,0,12 13,1,30,,55644,3022,0,12 13,1,70,,55660,3022,0,12 13,1,30,,55633,3022,0,12 13,1,70,,55659,3022,0,12 13,1,30,,55622,3022,0,12 13,1,70,,55624,3022,0,12 13,1,30,,55652,3022,0,12 13,1,70,,55634,3022,0,12 13,1,30,,55627,3022,0,12 13,1,70,,55626,3022,0,12 13,1,30,,55628,3022,0,12 13,1,70,,55623,3022,0,12 13,1,30,,55636,3022,0,12 13,1
2100,'F1',559,,55682,3022,0,12 13,1,69,,55679,3022,0,12 13,1,30,,55689,3022,0,12 13,1,70,,55678,3022,0,12 13,1,31,,55686,3022,0,12 13,1,70,,55703,3022,0,12 13,1,30,,55676,3022,0,12 13,1,67,,55680,3022,0,12 13,1,33,,55683,3022,0,12 13,1,70,,55691,3022,0,12 13,1,72,,55681,3022,0,12 13,1,27,,55699,3022,0,12 13,1,31,,55672,3022,0,12 13,1,70,,55697,3022,0,12 13,1,30,,55690,3022,0,12 13,1,70,,55687,3022,0,12 13,1,30,,55695,3022,0,12 13,1,70,,55698,3022,0,12 13,1,30,,55684,3022,0,12 13,1,70,,55696,3022,0,12 13,1,30,,55673,3022,0,12 13,1,70,,55688,3022,0,12 13,1,30,,55702,3022,0,12 13,1,70,,55694,3022,0,12 13,1,30,,55692,3022,0,12 13,1,70,,55666,3022,0,12 13,1,30,,55685,3022,0,12 13,1,70,,55701,3022,0,12 13,1,30,,55674,3022,0,12 13,1,70,,55700,3022,0,12 13,1,30,,55663,3022,0,12 13,1,70,,55665,3022,0,12 13,1,30,,55693,3022,0,12 13,1,70,,55675,3022,0,12 13,1,30,,55668,3022,0,12 13,1,70,,55667,3022,0,12 13,1,30,,55669,3022,0,12 13,1,70,,55664,3022,0,12 13,1,30,,55677,3022,0,12 13,1
2100,'F2',559,,55738,3022,0,12 13,1,70,,55707,3022,0,12 13,1,30,,55728,3022,0,12 13,1,70,,55719,3022,0,12 13,1,30,,55709,3022,0,12 13,1,70,,55739,3022,0,12 13,1,30,,55734,3022,0,12 13,1,65,,55731,3022,0,12 13,1,31,,55723,3022,0,12 13,1,74,,55726,3022,0,12 13,1,73,,55732,3022,0,12 13,1,23,,55740,3022,0,12 13,1,34,,55716,3022,0,12 13,1,70,,55743,3022,0,12 13,1,30,,55735,3022,0,12 13,1,70,,55727,3022,0,12 13,1,30,,55710,3022,0,12 13,1,70,,55744,3022,0,12 13,1,30,,55736,3022,0,12 13,1,70,,55722,3022,0,12 13,1,30,,55711,3022,0,12 13,1,70,,55729,3022,0,12 13,1,30,,55737,3022,0,12 13,1,70,,55715,3022,0,12 13,1,30,,55712,3022,0,12 13,1,70,,55730,3022,0,12 13,1,30,,55741,3022,0,12 13,1,70,,55733,3022,0,12 13,1,30,,55704,3022,0,12 13,1,70,,55724,3022,0,12 13,1,30,,55713,3022,0,12 13,1,70,,55717,3022,0,12 13,1,30,,55720,3022,0,12 13,1,70,,55705,3022,0,12 13,1,30,,55742,3022,0,12 13,1,70,,55725,3022,0,12 13,1,30,,55721,3022,0,12 13,1,70,,55714,3022,0,12 13,1,29,,55718,3022,0,12 13,1
2100,'SA',559,,55779,3022,0,12 13,1,70,,55748,3022,0,12 13,1,30,,55769,3022,0,12 13,1,70,,55760,3022,0,12 13,1,30,,55750,3022,0,12 13,1,70,,55780,3022,0,12 13,1,30,,55775,3022,0,12 13,1,65,,55772,3022,0,12 13,1,31,,55764,3022,0,12 13,1,74,,55767,3022,0,12 13,1,73,,55773,3022,0,12 13,1,23,,55781,3022,0,12 13,1,34,,55757,3022,0,12 13,1,70,,55784,3022,0,12 13,1,30,,55776,3022,0,12 13,1,70,,55768,3022,0,12 13,1,30,,55751,3022,0,12 13,1,70,,55785,3022,0,12 13,1,30,,55777,3022,0,12 13,1,70,,55763,3022,0,12 13,1,30,,55752,3022,0,12 13,1,70,,55770,3022,0,12 13,1,30,,55778,3022,0,12 13,1,70,,55756,3022,0,12 13,1,30,,55753,3022,0,12 13,1,70,,55771,3022,0,12 13,1,30,,55782,3022,0,12 13,1,70,,55774,3022,0,12 13,1,30,,55745,3022,0,12 13,1,70,,55765,3022,0,12 13,1,30,,55754,3022,0,12 13,1,70,,55758,3022,0,12 13,1,30,,55761,3022,0,12 13,1,70,,55746,3022,0,12 13,1,30,,55783,3022,0,12 13,1,70,,55766,3022,0,12 13,1,30,,55762,3022,0,12 13,1,70,,55755,3022,0,12 13,1,29,,55759,3022,0,12 13,1
2100,'SE',544,,55787,3022,0,12 13,1,12,,45634,3022,0,12 13,1,50,,55812,3022,0,12 13,1,20,,55788,3022,0,12 13,1,14,,55813,3022,0,12 13,1,64,,45638,3022,0,12 13,1,12,,55803,3022,0,12 13,1,17,,55814,3022,0,12 13,1,23,,55816,3022,0,12 13,1,60,,55817,3022,0,12 13,1,20,,55811,3022,0,12 13,1,21,,55792,3022,0,12 13,1,69,,55789,3022,0,12 13,1,32,,55791,3022,0,12 13,1,70,,55786,3022,0,12 13,1,30,,55790,3022,0,12 13,1,70,,55804,3022,0,12 13,1,30,,55818,3022,0,12 13,1,70,,55805,3022,0,12 13,1,30,,55822,3022,0,12 13,1,70,,55794,3022,0,12 13,1,28,,55819,3022,0,12 13,1,76,,55833,3022,0,12 13,1,10,,55806,3022,0,12 13,1,17,,55831,3022,0,12 13,1,55,,55815,3022,0,12 13,1,15,,55795,3022,0,12 13,1,15,,55824,3022,0,12 13,1,15,,55820,3022,0,12 13,1,56,,55807,3022,0,12 13,1,19,,55828,3022,0,12 13,1,18,,55832,3022,0,12 13,1,50,,55799,3022,0,12 13,1,13,,55827,3022,0,12 13,1,15,,55796,3022,0,12 13,1,14,,55825,3022,0,12 13,1,15,,55821,3022,0,12 13,1,55,,55808,3022,0,12 13,1,20,,55829,3022,0,12 13,1,20,,55801,3022,0,12 13,1,59,,55823,3022,0,12 13,1,30,,55826,3022,0,12 13,1,70,,55809,3022,0,12 13,1,30,,55810,3022,0,12 13,1,70,,55797,3022,0,12 13,1,100,,55834,3022,0,12 13,1,100,,55830,3022,0,12 13,1,100,,55798,3022,0,12 13,1,100,,55802,3022,0,12 13,1
9800,'SE',619,,61266,2946,,,2,34,,61263,2946,,,2,63,,61267,2946,,,2,36,,61264,2946,,,2,68,,61262,2946,,,2,30,,61261,2946,,,2,72,,49754,2946,,,2,523,,61265,2946,,,2,866,,61268,2946,,,2
9900,'DI',816,,61288,2946,0,19 20,2,100,,61289,2946,0,19 20,2,100,,61277,2946,0,19 20,2,100,,61286,2946,0,19 20,2,100,,61280,2946,0,19 20,2,100,,61281,2946,0,19 20,2,100,,61278,2946,0,19 20,2,100,,61291,2946,0,19 20,2,100,,61293,2946,0,19 20,2,100,,61290,2946,0,19 20,2,104,,61282,2946,0,19 20,2,96,,61279,2946,0,19 20,2,100,,61284,2946,0,19 20,2,100,,61283,2946,0,19 20,2,100,,61292,2946,0,19 20,2,100,,61285,2946,0,19 20,2,100,,61287,2946,0,19 20,2
9900,'F1',816,,61305,2946,0,19 20,2,100,,61306,2946,0,19 20,2,100,,61294,2946,0,19 20,2,100,,61303,2946,0,19 20,2,100,,61297,2946,0,19 20,2,100,,61298,2946,0,19 20,2,100,,61295,2946,0,19 20,2,100,,61308,2946,0,19 20,2,100,,61310,2946,0,19 20,2,100,,61307,2946,0,19 20,2,104,,61299,2946,0,19 20,2,96,,61296,2946,0,19 20,2,100,,61301,2946,0,19 20,2,100,,61300,2946,0,19 20,2,100,,61309,2946,0,19 20,2,100,,61302,2946,0,19 20,2,100,,61304,2946,0,19 20,2
9900,'F2',711,,61328,2946,0,19 20,2,105,,61318,2946,0,19 20,2,98,,61314,2946,0,19 20,2,102,,61319,2946,0,19 20,2,100,,61312,2946,0,19 20,2,100,,61326,2946,0,19 20,2,100,,61320,2946,0,19 20,2,100,,61321,2946,0,19 20,2,98,,61325,2946,0,19 20,2,102,,61317,2946,0,19 20,2,100,,61313,2946,0,19 20,2,100,,61315,2946,0,19 20,2,100,,61322,2946,0,19 20,2,100,,61316,2946,0,19 20,2,100,,61311,2946,0,19 20,2,100,,61323,2946,0,19 20,2,100,,61324,2946,0,19 20,2,100,,61329,2946,0,19 20,2,100,,61327,2946,0,19 20,2
9900,'SA',711,,61347,2946,0,19 20,2,105,,61337,2946,0,19 20,2,98,,61333,2946,0,19 20,2,102,,61338,2946,0,19 20,2,100,,61331,2946,0,19 20,2,100,,61345,2946,0,19 20,2,100,,61339,2946,0,19 20,2,100,,61340,2946,0,19 20,2,98,,61344,2946,0,19 20,2,102,,61336,2946,0,19 20,2,100,,61332,2946,0,19 20,2,100,,61334,2946,0,19 20,2,100,,61341,2946,0,19 20,2,100,,61335,2946,0,19 20,2,100,,61330,2946,0,19 20,2,100,,61342,2946,0,19 20,2,100,,61343,2946,0,19 20,2,100,,61348,2946,0,19 20,2,100,,61346,2946,0,19 20,2
9900,'SE',710,,61351,2946,0,19 20,2,36,,61362,2946,0,19 20,2,70,,61364,2946,0,19 20,2,99,,61352,2946,0,19 20,2,100,,61363,2946,0,19 20,2,100,,61349,2946,0,19 20,2,100,,61358,2946,0,19 20,2,100,,61354,2946,0,19 20,2,98,,61350,2946,0,19 20,2,97,,61366,2946,0,19 20,2,36,,61370,2946,,,2,66,,61367,2946,,,2,36,,61368,2946,,,2,69,,61369,2946,,,2,29,,61371,2946,,,2,71,,61359,2946,0,19 20,2,98,,61353,2946,0,19 20,2,100,,61356,2946,0,19 20,2,100,,61365,2946,0,19 20,2,100,,61355,2946,0,19 20,2,100,,61357,2946,0,19 20,2,100,,61361,2946,0,19 20,2,100,,61360,2946,0,19 20,2
12800,'SE',558,,61950,3149,,,2,100,,61949,3149,,,2,895,,61951,3149,,,2
19900,'SE',1601,,62530,2946,,,2,30,,62532,2946,,,2,71,,62529,2946,,,2,29,,62528,2946,,,2,70,,62527,2946,,,2,30,,62531,2946,,,2
42100,'SE',636,,62805,3022,0,12 13,1,71,,62796,3022,0,12 13,1,16,,62803,3022,0,12 13,1,722,,62799,3022,0,12 13,1,62,,62806,3022,0,12 13,1,30,,62804,3022,0,12 13,1,70,,62802,3022,0,12 13,1,31,,62800,3022,0,12 13,1,70,,62801,3022,0,12 13,1
42800,'DI',610,,62821,3149,,,1,107,,62822,3149,,,1,114,,62823,3149,,,1,109,,62824,3149,,,1,110,,62825,3149,,,1,75,,62831,3149,,,1,75,,62826,3149,,,1,35,,62832,3149,,,1,75,,62827,3149,,,1,35,,62833,3149,,,1,74,,62828,3149,,,1,36,,62834,3149,,,1,74,,62829,3149,,,1,79,,62835,3149,,,1,34,,62830,3149,,,1,113,,62836,3149,,,1,147,,62837,3149,,,1,108,,62838,3149,,,1,110,,62839,3149,,,1,110,,62840,3149,,,1
42800,'F1',610,,62841,3149,,,1,107,,62842,3149,,,1,114,,62843,3149,,,1,109,,62844,3149,,,1,110,,62845,3149,,,1,75,,62851,3149,,,1,75,,62846,3149,,,1,35,,62852,3149,,,1,75,,62847,3149,,,1,35,,62853,3149,,,1,74,,62848,3149,,,1,36,,62854,3149,,,1,74,,62849,3149,,,1,79,,62855,3149,,,1,34,,62850,3149,,,1,113,,62856,3149,,,1,147,,62857,3149,,,1,108,,62858,3149,,,1,110,,62859,3149,,,1,110,,62860,3149,,,1
42800,'F2',610,,62861,3149,,,1,107,,62862,3149,,,1,114,,62863,3149,,,1,109,,62864,3149,,,1,110,,62865,3149,,,1,75,,62871,3149,,,1,75,,62866,3149,,,1,35,,62872,3149,,,1,75,,62867,3149,,,1,35,,62873,3149,,,1,74,,62868,3149,,,1,36,,62874,3149,,,1,74,,62869,3149,,,1,79,,62875,3149,,,1,34,,62870,3149,,,1,113,,62876,3149,,,1,147,,62877,3149,,,1,108,,62878,3149,,,1,110,,62879,3149,,,1,110,,62880,3149,,,1
42800,'SA',610,,62881,3149,,,1,107,,62882,3149,,,1,114,,62883,3149,,,1,109,,62884,3149,,,1,110,,62885,3149,,,1,75,,62891,3149,,,1,75,,62886,3149,,,1,35,,62892,3149,,,1,75,,62887,3149,,,1,35,,62893,3149,,,1,74,,62888,3149,,,1,36,,62894,3149,,,1,74,,62889,3149,,,1,79,,62895,3149,,,1,34,,62890,3149,,,1,113,,62896,3149,,,1,147,,62897,3149,,,1,108,,62898,3149,,,1,110,,62899,3149,,,1,110,,62900,3149,,,1
42800,'SE',525,,62901,3149,,,1,75,,62911,3149,,,1,33,,62902,3149,,,1,82,,62912,3149,,,1,38,,62903,3149,,,1,78,,62913,3149,,,1,77,,62904,3149,,,1,32,,62914,3149,,,1,75,,62905,3149,,,1,35,,62915,3149,,,1,75,,62906,3149,,,1,75,,62916,3149,,,1,33,,62907,3149,,,1,73,,62917,3149,,,1,35,,62908,3149,,,1,74,,62918,3149,,,1,35,,62909,3149,,,1,77,,62919,3149,,,1,76,,62910,3149,,,1,39,,62920,3149,,,1,75,,62927,3149,,,1,40,,62921,3149,,,1,73,,62928,3149,,,1,75,,62922,3149,,,1,107,,62923,3149,,,1,108,,62924,3149,,,1,110,,62925,3149,,,1,110,,62926,3149,,,1
44200,'SE',1615,,63038,3181,0,15,2,99,,63037,3181,0,15,2
90100,'DI',642,,63623,3080,,,1,72,,63616,3080,,,1,32,,63607,3080,,,1,68,,63612,3080,,,1,30,,63610,3080,,,1,67,,63626,3080,,,1,31,,63624,3080,,,1,68,,63622,3080,,,1,31,,63613,3080,,,1,71,,63629,3080,,,1,28,,63619,3080,,,1,70,,63627,3080,,,1,29,,63601,3080,,,1,65,,63614,3080,,,1,34,,63608,3080,,,1,70,,63599,3080,,,1,31,,63628,3080,,,1,70,,63604,3080,,,1,30,,63618,3080,,,1,68,,63611,3080,,,1,32,,63600,3080,,,1,72,,63625,3080,,,1,35,,63609,3080,,,1,70,,63617,3080,,,1,35,,63606,3080,,,1,100,,63620,3080,,,1,100,,63602,3080,,,1,100,,63605,3080,,,1,100,,63615,3080,,,1,100,,63621,3080,,,1,100,,63603,3080,,,1
90100,'F1',642,,63654,3080,,,1,72,,63647,3080,,,1,32,,63638,3080,,,1,68,,63643,3080,,,1,30,,63641,3080,,,1,67,,63657,3080,,,1,31,,63655,3080,,,1,68,,63653,3080,,,1,31,,63644,3080,,,1,71,,63660,3080,,,1,28,,63650,3080,,,1,70,,63658,3080,,,1,29,,63632,3080,,,1,65,,63645,3080,,,1,34,,63639,3080,,,1,70,,63630,3080,,,1,31,,63659,3080,,,1,70,,63635,3080,,,1,30,,63649,3080,,,1,68,,63642,3080,,,1,32,,63631,3080,,,1,72,,63656,3080,,,1,35,,63640,3080,,,1,70,,63648,3080,,,1,35,,63637,3080,,,1,100,,63651,3080,,,1,100,,63633,3080,,,1,100,,63636,3080,,,1,100,,63646,3080,,,1,100,,63652,3080,,,1,100,,63634,3080,,,1
90100,'F2',642,,63686,3080,,,1,72,,63680,3080,,,1,32,,63678,3080,,,1,68,,63683,3080,,,1,30,,63688,3080,,,1,67,,63666,3080,,,1,31,,63679,3080,,,1,68,,63687,3080,,,1,31,,63681,3080,,,1,71,,63689,3080,,,1,28,,63671,3080,,,1,70,,63668,3080,,,1,29,,63661,3080,,,1,65,,63675,3080,,,1,34,,63690,3080,,,1,70,,63672,3080,,,1,31,,63669,3080,,,1,70,,63662,3080,,,1,30,,63664,3080,,,1,68,,63684,3080,,,1,32,,63673,3080,,,1,72,,63667,3080,,,1,35,,63676,3080,,,1,70,,63663,3080,,,1,35,,63691,3080,,,1,100,,63670,3080,,,1,100,,63682,3080,,,1,100,,63674,3080,,,1,100,,63665,3080,,,1,100,,63685,3080,,,1,100,,63677,3080,,,1
90100,'SA',642,,63717,3080,,,1,72,,63711,3080,,,1,32,,63709,3080,,,1,68,,63714,3080,,,1,30,,63719,3080,,,1,67,,63697,3080,,,1,31,,63710,3080,,,1,68,,63718,3080,,,1,31,,63712,3080,,,1,71,,63720,3080,,,1,28,,63702,3080,,,1,70,,63699,3080,,,1,29,,63692,3080,,,1,65,,63706,3080,,,1,34,,63721,3080,,,1,70,,63703,3080,,,1,31,,63700,3080,,,1,70,,63693,3080,,,1,30,,63695,3080,,,1,68,,63715,3080,,,1,32,,63704,3080,,,1,72,,63698,3080,,,1,35,,63707,3080,,,1,70,,63694,3080,,,1,35,,63722,3080,,,1,100,,63701,3080,,,1,100,,63713,3080,,,1,100,,63705,3080,,,1,100,,63696,3080,,,1,100,,63716,3080,,,1,100,,63708,3080,,,1
90100,'SE',528,,63749,3080,,,1,80,,63758,3080,,,1,30,,63755,3080,,,1,75,,63756,3080,,,1,37,,63752,3080,,,1,75,,63731,3080,,,1,20,,63759,3080,,,1,60,,63733,3080,,,1,20,,63728,3080,,,1,20,,63757,3080,,,1,60,,63764,3080,,,1,20,,63723,3080,,,1,20,,63727,3080,,,1,60,,63732,3080,,,1,20,,63730,3080,,,1,20,,63734,3080,,,1,60,,63729,3080,,,1,20,,63767,3080,,,1,20,,63765,3080,,,1,60,,63735,3080,,,1,20,,63750,3080,,,1,20,,63762,3080,,,1,60,,63766,3080,,,1,20,,63736,3080,,,1,20,,63760,3080,,,1,63,,63768,3080,,,1,15,,63748,3080,,,1,15,,63771,3080,,,1,15,,63751,3080,,,1,57,,63774,3080,,,1,10,,63738,3080,,,1,10,,63776,3080,,,1,10,,63742,3080,,,1,10,,63724,3080,,,1,9,,63737,3080,,,1,50,,63754,3080,,,1,9,,63761,3080,,,1,10,,63763,3080,,,1,10,,63753,3080,,,1,10,,63769,3080,,,1,55,,63744,3080,,,1,15,,63772,3080,,,1,15,,63726,3080,,,1,15,,63739,3080,,,1,55,,63773,3080,,,1,20,,63770,3080,,,1,26,,63777,3080,,,1,70,,63741,3080,,,1,30,,63745,3080,,,1,70,,63746,3080,,,1,30,,63725,3080,,,1,70,,63778,3080,,,1,30,,63740,3080,,,1,70,,63743,3080,,,1,100,,63747,3080,,,1,100,,63775,3080,,,1
