101,'DI',626,,20389,3853,,,1,100,,20390,3853,,,1,100,,20391,3853,,,1,100,,20392,3853,,,1,100,,20393,3853,,,1,100,,20394,3853,,,1,100,,20395,3853,,,1,100,,20396,3853,,,1,101,,20397,3853,,,1,100,,20398,3853,,,1,98,,20399,3853,,,1,100,,20400,3853,,,1,100,,20401,3853,,,1,100,,20402,3853,,,1,100,,20403,3853,,,1,100,,20404,3853,,,1,100,,20405,3853,,,1,100,,20406,3853,,,1,100,,20408,3853,,,1,100,,20407,3853,,,1
101,'F1',626,,43102,3853,,,1,100,,43103,3853,,,1,100,,43104,3853,,,1,100,,43105,3853,,,1,100,,43106,3853,,,1,100,,43107,3853,,,1,100,,43108,3853,,,1,100,,43109,3853,,,1,101,,43110,3853,,,1,100,,43111,3853,,,1,98,,43112,3853,,,1,100,,43113,3853,,,1,100,,43114,3853,,,1,100,,43115,3853,,,1,100,,43116,3853,,,1,100,,43117,3853,,,1,100,,43118,3853,,,1,100,,43119,3853,,,1,100,,43121,3853,,,1,100,,43120,3853,,,1
101,'F2',556,,43142,3853,,,1,70,,43132,3853,,,1,30,,43143,3853,,,1,70,,43133,3853,,,1,30,,43144,3853,,,1,70,,43134,3853,,,1,30,,43145,3853,,,1,70,,43135,3853,,,1,30,,43146,3853,,,1,70,,43136,3853,,,1,30,,43147,3853,,,1,70,,43137,3853,,,1,30,,43148,3853,,,1,70,,43138,3853,,,1,30,,43149,3853,,,1,70,,43139,3853,,,1,31,,43153,3853,,,1,70,,43140,3853,,,1,30,,43154,3853,,,1,70,,43141,3853,,,1,28,,43150,3853,,,1,70,,43122,3853,,,1,30,,43151,3853,,,1,70,,43123,3853,,,1,30,,43152,3853,,,1,70,,43124,3853,,,1,100,,43125,3853,,,1,100,,43126,3853,,,1,100,,43127,3853,,,1,100,,43128,3853,,,1,100,,43129,3853,,,1,100,,43130,3853,,,1,100,,43131,3853,,,1
101,'F8',556,,20528,3853,,,1,70,,20518,3853,,,1,30,,20529,3853,,,1,70,,20519,3853,,,1,30,,20530,3853,,,1,70,,20520,3853,,,1,30,,20531,3853,,,1,70,,20521,3853,,,1,30,,20532,3853,,,1,70,,20522,3853,,,1,30,,20533,3853,,,1,70,,20523,3853,,,1,30,,20534,3853,,,1,70,,20524,3853,,,1,30,,20535,3853,,,1,70,,20525,3853,,,1,31,,20539,3853,,,1,70,,20526,3853,,,1,30,,20540,3853,,,1,70,,20527,3853,,,1,28,,20536,3853,,,1,70,,20508,3853,,,1,30,,20537,3853,,,1,70,,20509,3853,,,1,30,,20538,3853,,,1,70,,20510,3853,,,1,100,,20511,3853,,,1,100,,20512,3853,,,1,100,,20513,3853,,,1,100,,20514,3853,,,1,100,,20515,3853,,,1,100,,20516,3853,,,1,100,,20517,3853,,,1
101,'F9',626,,20541,3853,,,1,100,,20542,3853,,,1,100,,20543,3853,,,1,100,,20544,3853,,,1,100,,20545,3853,,,1,100,,20546,3853,,,1,100,,20547,3853,,,1,100,,20548,3853,,,1,101,,20549,3853,,,1,100,,20550,3853,,,1,98,,20551,3853,,,1,100,,20552,3853,,,1,100,,20553,3853,,,1,100,,20554,3853,,,1,100,,20555,3853,,,1,100,,20556,3853,,,1,100,,20557,3853,,,1,100,,20558,3853,,,1,100,,20560,3853,,,1,100,,20559,3853,,,1
101,'SA',556,,20571,3853,,,1,70,,20561,3853,,,1,30,,20572,3853,,,1,70,,20562,3853,,,1,30,,20573,3853,,,1,70,,20563,3853,,,1,30,,20574,3853,,,1,70,,20564,3853,,,1,30,,20575,3853,,,1,70,,20565,3853,,,1,30,,20576,3853,,,1,70,,20566,3853,,,1,30,,20577,3853,,,1,70,,20567,3853,,,1,30,,20578,3853,,,1,70,,20568,3853,,,1,31,,20582,3853,,,1,70,,20569,3853,,,1,30,,20583,3853,,,1,70,,20570,3853,,,1,28,,20579,3853,,,1,70,,400,3853,,,1,30,,20580,3853,,,1,70,,401,3853,,,1,30,,20581,3853,,,1,70,,402,3853,,,1,100,,403,3853,,,1,100,,404,3853,,,1,100,,405,3853,,,1,100,,406,3853,,,1,100,,407,3853,,,1,100,,408,3853,,,1,100,,409,3853,,,1
101,'SE',508,,43167,3853,,,1,30,,43181,3853,,,1,20,,43176,3853,,,1,60,,43182,3853,,,1,20,,43173,3853,,,1,16,,43186,3853,,,1,62,,43179,3853,,,1,10,,43183,3853,,,1,20,,43169,3853,,,1,55,,43155,3853,,,1,15,,43195,3853,,,1,15,,43170,3853,,,1,14,,43197,3853,,,1,60,,43166,3853,,,1,20,,43171,3853,,,1,20,,43165,3853,,,1,70,,43168,3853,,,1,30,,43180,3853,,,1,70,,43163,3853,,,1,30,,43191,3853,,,1,70,,43156,3853,,,1,31,,43178,3853,,,1,70,,43174,3853,,,1,30,,43172,3853,,,1,70,,43190,3853,,,1,30,,43157,3853,,,1,71,,43192,3853,,,1,33,,43175,3853,,,1,57,,43184,3853,,,1,35,,43164,3853,,,1,71,,43194,3853,,,1,34,,20609,3853,,,1,65,,43196,3853,,,1,27,,43185,3853,,,1,75,,43189,3853,,,1,28,,43193,3853,,,1,70,,43188,3853,,,1,30,,43187,3853,,,1,68,,43158,3853,,,1,30,,43177,3853,,,1,70,,43159,3853,,,1,100,,43160,3853,,,1,99,,43161,3853,,,1,100,,43162,3853,,,1
601,'DI',612,,22527,4726,,,1,30,,22533,4726,,,1,70,,22545,4726,,,1,30,,22540,4726,,,1,70,,22536,4726,,,1,30,,22534,4726,,,1,70,,22519,4726,,,1,30,,22523,4726,,,1,74,,22537,4726,,,1,30,,22531,4726,,,1,70,,22520,4726,,,1,30,,2206,4726,,,1,70,,2212,4726,,,1,33,,22521,4726,,,1,70,,22524,4726,,,1,30,,22530,4726,,,1,70,,22522,4726,,,1,30,,22532,4726,,,1,70,,22528,4726,,,1,30,,22525,4726,,,1,70,,22538,4726,,,1,30,,22546,4726,,,1,70,,22541,4726,,,1,28,,22539,4726,,,1,70,,22547,4726,,,1,30,,22542,4726,,,1,100,,22529,4726,,,1,100,,22544,4726,,,1,100,,22535,4726,,,1,100,,22526,4726,,,1,100,,22518,4726,,,1,100,,22543,4726,,,1
601,'F1',612,,43951,4726,,,1,30,,43958,4726,,,1,70,,43970,4726,,,1,30,,43965,4726,,,1,70,,43961,4726,,,1,30,,43959,4726,,,1,70,,43942,4726,,,1,30,,43946,4726,,,1,74,,43962,4726,,,1,30,,43956,4726,,,1,70,,43943,4726,,,1,30,,43947,4726,,,1,70,,43952,4726,,,1,33,,43944,4726,,,1,70,,43948,4726,,,1,30,,43955,4726,,,1,70,,43945,4726,,,1,30,,43957,4726,,,1,70,,43953,4726,,,1,30,,43949,4726,,,1,70,,43963,4726,,,1,30,,43971,4726,,,1,70,,43966,4726,,,1,28,,43964,4726,,,1,70,,43972,4726,,,1,30,,43967,4726,,,1,100,,43954,4726,,,1,100,,43969,4726,,,1,100,,43960,4726,,,1,100,,43950,4726,,,1,100,,43941,4726,,,1,100,,43968,4726,,,1
601,'F2',612,,43988,4726,,,1,30,,43984,4726,,,1,70,,44004,4726,,,1,30,,43993,4726,,,1,70,,43989,4726,,,1,30,,43985,4726,,,1,74,,43990,4726,,,1,26,,43994,4726,,,1,76,,44003,4726,,,1,23,,43991,4726,,,1,75,,44000,4726,,,1,26,,43986,4726,,,1,70,,43979,4726,,,1,38,,43987,4726,,,1,70,,43980,4726,,,1,29,,43973,4726,,,1,70,,43995,4726,,,1,30,,43981,4726,,,1,70,,43974,4726,,,1,30,,43996,4726,,,1,70,,43982,4726,,,1,30,,43975,4726,,,1,70,,43997,4726,,,1,28,,43983,4726,,,1,70,,43976,4726,,,1,30,,43998,4726,,,1,100,,44001,4726,,,1,100,,43992,4726,,,1,100,,43977,4726,,,1,100,,43978,4726,,,1,100,,44002,4726,,,1,100,,43999,4726,,,1
601,'F8',612,,22662,4726,,,1,30,,22658,4726,,,1,70,,22678,4726,,,1,30,,22667,4726,,,1,70,,22663,4726,,,1,30,,22659,4726,,,1,74,,22664,4726,,,1,26,,22668,4726,,,1,76,,22677,4726,,,1,23,,22665,4726,,,1,75,,22674,4726,,,1,26,,22660,4726,,,1,70,,22653,4726,,,1,38,,22661,4726,,,1,70,,22654,4726,,,1,29,,22647,4726,,,1,70,,22669,4726,,,1,30,,22655,4726,,,1,70,,22648,4726,,,1,30,,22670,4726,,,1,70,,22656,4726,,,1,30,,22649,4726,,,1,70,,22671,4726,,,1,28,,22657,4726,,,1,70,,22650,4726,,,1,30,,22672,4726,,,1,100,,22675,4726,,,1,100,,22666,4726,,,1,100,,22651,4726,,,1,100,,22652,4726,,,1,100,,22676,4726,,,1,100,,22673,4726,,,1
601,'F9',612,,22689,4726,,,1,30,,22696,4726,,,1,70,,22708,4726,,,1,30,,22703,4726,,,1,70,,22699,4726,,,1,30,,22697,4726,,,1,70,,22680,4726,,,1,30,,22684,4726,,,1,74,,22700,4726,,,1,30,,22694,4726,,,1,70,,22681,4726,,,1,30,,22685,4726,,,1,70,,22690,4726,,,1,33,,22682,4726,,,1,70,,22686,4726,,,1,30,,22693,4726,,,1,70,,22683,4726,,,1,30,,22695,4726,,,1,70,,22691,4726,,,1,30,,22687,4726,,,1,70,,22701,4726,,,1,30,,22709,4726,,,1,70,,22704,4726,,,1,28,,22702,4726,,,1,70,,22710,4726,,,1,30,,22705,4726,,,1,100,,22692,4726,,,1,100,,22707,4726,,,1,100,,22698,4726,,,1,100,,22688,4726,,,1,100,,22679,4726,,,1,100,,22706,4726,,,1
601,'SA',612,,22726,4726,,,1,30,,22722,4726,,,1,70,,22742,4726,,,1,30,,22731,4726,,,1,70,,22727,4726,,,1,30,,22723,4726,,,1,74,,22728,4726,,,1,26,,22732,4726,,,1,76,,22741,4726,,,1,23,,22729,4726,,,1,75,,22738,4726,,,1,26,,22724,4726,,,1,70,,22717,4726,,,1,38,,22725,4726,,,1,70,,22718,4726,,,1,29,,22711,4726,,,1,70,,22733,4726,,,1,30,,22719,4726,,,1,70,,22712,4726,,,1,30,,22734,4726,,,1,70,,22720,4726,,,1,30,,22713,4726,,,1,70,,22735,4726,,,1,28,,22721,4726,,,1,70,,22714,4726,,,1,30,,22736,4726,,,1,100,,22739,4726,,,1,100,,22730,4726,,,1,100,,22715,4726,,,1,100,,22716,4726,,,1,100,,22740,4726,,,1,100,,22737,4726,,,1
601,'SE',526,,44024,4726,,,1,30,,44018,4726,,,1,72,,44010,4726,,,1,31,,44035,4726,,,1,64,,44015,4726,,,1,77,,44037,4726,,,1,29,,44014,4726,,,1,72,,44029,4726,,,1,28,,44033,4726,,,1,30,,44030,4726,,,1,70,,44022,4726,,,1,30,,44006,4726,,,1,70,,44040,4726,,,1,30,,44016,4726,,,1,70,,44031,4726,,,1,30,,44034,4726,,,1,70,,44017,4726,,,1,30,,44011,4726,,,1,70,,44023,4726,,,1,71,,44032,4726,,,1,30,,44005,4726,,,1,26,,44009,4726,,,1,78,,44012,4726,,,1,66,,44013,4726,,,1,32,,44025,4726,,,1,25,,44036,4726,,,1,72,,44039,4726,,,1,30,,44038,4726,,,1,68,,44041,4726,,,1,30,,44028,4726,,,1,70,,44020,4726,,,1,30,,44026,4726,,,1,70,,44007,4726,,,1,30,,44027,4726,,,1,98,,44021,4726,,,1,100,,44019,4726,,,1,100,,44008,4726,,,1
5501,'SE',627,,47701,3707,,,2,20,,47697,3707,,,2,55,,47703,3707,,,2,15,,47699,3707,,,2,15,,47702,3707,,,2,15,,47705,3707,,,2,55,,47698,3707,,,2,15,,47704,3707,,,2,20,,47700,3707,,,2
