800,'DI',558,,22786,5134,,,1,72,,22781,5134,,,1,70,,2441,5134,,,1,30,,2447,5134,,,1,70,,22787,5134,,,1,30,,22782,5134,,,1,72,,2442,5134,,,1,30,,2448,5134,,,1,70,,22788,5134,,,1,30,,22783,5134,,,1,70,,2443,5134,,,1,30,,2449,5134,,,1,71,,22789,5134,,,1,30,,2436,5134,,,1,70,,2444,5134,,,1,30,,2450,5134,,,1,70,,22790,5134,,,1,30,,22784,5134,,,1,70,,2445,5134,,,1,30,,22793,5134,,,1,70,,22791,5134,,,1,30,,22785,5134,,,1,69,,2446,5134,,,1,30,,22794,5134,,,1,72,,22792,5134,,,1,43,,2437,5134,,,1,100,,22795,5134,,,1,100,,2438,5134,,,1,99,,22796,5134,,,1,100,,2439,5134,,,1,100,,22797,5134,,,1,100,,2440,5134,,,1,100,,22780,5134,,,1
800,'F8',558,,22955,5134,,,1,70,,22938,5134,,,1,72,,22951,5134,,,1,30,,22953,5134,,,1,71,,22956,5134,,,1,30,,22939,5134,,,1,70,,22952,5134,,,1,31,,22954,5134,,,1,70,,22957,5134,,,1,30,,22940,5134,,,1,70,,22946,5134,,,1,30,,22962,5134,,,1,68,,22958,5134,,,1,32,,22941,5134,,,1,70,,22947,5134,,,1,30,,22963,5134,,,1,70,,22959,5134,,,1,30,,22966,5134,,,1,70,,22948,5134,,,1,30,,22964,5134,,,1,70,,22960,5134,,,1,30,,22967,5134,,,1,70,,22949,5134,,,1,30,,22965,5134,,,1,72,,22961,5134,,,1,28,,22934,5134,,,1,70,,22950,5134,,,1,46,,22942,5134,,,1,98,,22935,5134,,,1,100,,22943,5134,,,1,100,,22936,5134,,,1,100,,22944,5134,,,1,100,,22937,5134,,,1,100,,22945,5134,,,1
800,'F9',558,,22989,5134,,,1,72,,22969,5134,,,1,70,,22977,5134,,,1,30,,22983,5134,,,1,70,,22990,5134,,,1,30,,22970,5134,,,1,72,,22978,5134,,,1,30,,22984,5134,,,1,70,,22991,5134,,,1,30,,22971,5134,,,1,70,,22979,5134,,,1,30,,22985,5134,,,1,71,,22992,5134,,,1,30,,22972,5134,,,1,70,,22980,5134,,,1,30,,22986,5134,,,1,70,,22993,5134,,,1,30,,22987,5134,,,1,70,,22981,5134,,,1,30,,22996,5134,,,1,70,,22994,5134,,,1,30,,22988,5134,,,1,69,,22982,5134,,,1,30,,22997,5134,,,1,72,,22995,5134,,,1,43,,22973,5134,,,1,100,,22998,5134,,,1,100,,22974,5134,,,1,99,,22999,5134,,,1,100,,22975,5134,,,1,100,,23000,5134,,,1,100,,22976,5134,,,1,100,,22968,5134,,,1
800,'SA',558,,23022,5134,,,1,70,,23005,5134,,,1,72,,23018,5134,,,1,30,,23020,5134,,,1,71,,23023,5134,,,1,30,,23006,5134,,,1,70,,23019,5134,,,1,31,,23021,5134,,,1,70,,23024,5134,,,1,30,,23007,5134,,,1,70,,23013,5134,,,1,30,,23029,5134,,,1,68,,23025,5134,,,1,32,,23008,5134,,,1,70,,23014,5134,,,1,30,,23030,5134,,,1,70,,23026,5134,,,1,30,,2660,5134,,,1,70,,23015,5134,,,1,30,,23031,5134,,,1,70,,23027,5134,,,1,30,,2661,5134,,,1,70,,23016,5134,,,1,30,,23032,5134,,,1,72,,23028,5134,,,1,28,,23001,5134,,,1,70,,23017,5134,,,1,46,,23009,5134,,,1,98,,23002,5134,,,1,100,,23010,5134,,,1,100,,23003,5134,,,1,100,,23011,5134,,,1,100,,23004,5134,,,1,100,,23012,5134,,,1
800,'SE',501,,23067,5134,,,1,28,,23069,5134,,,1,22,,23076,5134,,,1,81,,23033,5134,,,1,70,,23068,5134,,,1,21,,23070,5134,,,1,19,,23061,5134,,,1,13,,23036,5134,,,1,55,,23037,5134,,,1,15,,23040,5134,,,1,15,,23034,5134,,,1,17,,23050,5134,,,1,55,,23046,5134,,,1,15,,23071,5134,,,1,15,,23042,5134,,,1,15,,23095,5134,,,1,55,,23038,5134,,,1,15,,23041,5134,,,1,15,,23035,5134,,,1,15,,23047,5134,,,1,55,,23051,5134,,,1,17,,23079,5134,,,1,15,,23072,5134,,,1,15,,23080,5134,,,1,55,,23054,5134,,,1,15,,23098,5134,,,1,15,,23099,5134,,,1,15,,23096,5134,,,1,55,,23085,5134,,,1,15,,23083,5134,,,1,15,,23062,5134,,,1,15,,23043,5134,,,1,55,,23081,5134,,,1,16,,23039,5134,,,1,15,,23097,5134,,,1,14,,23084,5134,,,1,54,,23093,5134,,,1,4,,23055,5134,,,1,13,,23052,5134,,,1,15,,23088,5134,,,1,55,,23087,5134,,,1,15,,23073,5134,,,1,15,,23044,5134,,,1,12,,23082,5134,,,1,12,,23100,5134,,,1,53,,23086,5134,,,1,11,,23066,5134,,,1,12,,23065,5134,,,1,12,,23094,5134,,,1,11,,23053,5134,,,1,52,,23089,5134,,,1,12,,23059,5134,,,1,12,,23060,5134,,,1,10,,23077,5134,,,1,10,,23045,5134,,,1,60,,23063,5134,,,1,27,,23090,5134,,,1,68,,23074,5134,,,1,30,,23078,5134,,,1,68,,23064,5134,,,1,30,,23091,5134,,,1,70,,23075,5134,,,1,45,,23056,5134,,,1,100,,23092,5134,,,1,98,,23057,5134,,,1,100,,23058,5134,,,1
2800,'DI',854,,27669,5134,0,32 33,1,101,,27674,5134,0,32 33,1,100,,27672,5134,0,32 33,1,100,,27670,5134,0,32 33,1,100,,27671,5134,0,32 33,1,100,,27675,5134,0,32 33,1,100,,27678,5134,0,32 33,1,101,,27677,5134,0,32 33,1,99,,27676,5134,0,32 33,1,100,,27673,5134,0,32 33,1
2800,'F8',856,,27747,5134,0,32 33,1,99,,27742,5134,0,32 33,1,103,,27740,5134,0,32 33,1,97,,27744,5134,0,32 33,1,101,,27743,5134,0,32 33,1,100,,27745,5134,0,32 33,1,99,,27741,5134,0,32 33,1,103,,27749,5134,0,32 33,1,99,,27748,5134,0,32 33,1,98,,27746,5134,0,32 33,1
2800,'F9',854,,27750,5134,0,32 33,1,101,,27755,5134,0,32 33,1,100,,27753,5134,0,32 33,1,100,,27751,5134,0,32 33,1,100,,27752,5134,0,32 33,1,100,,27756,5134,0,32 33,1,100,,27759,5134,0,32 33,1,101,,27758,5134,0,32 33,1,99,,27757,5134,0,32 33,1,100,,27754,5134,0,32 33,1
2800,'SA',856,,27766,5134,0,32 33,1,99,,27762,5134,0,32 33,1,103,,27760,5134,0,32 33,1,97,,27763,5134,0,32 33,1,101,,6923,5134,0,32 33,1,100,,27764,5134,0,32 33,1,99,,27761,5134,0,32 33,1,103,,27768,5134,0,32 33,1,99,,27767,5134,0,32 33,1,98,,27765,5134,0,32 33,1
2800,'SE',620,,27804,5134,0,32 33,1,86,,27802,5134,0,32 33,1,22,,27805,5134,0,32 33,1,3,,27806,5134,0,32 33,1,16,,27770,5134,0,32 33,1,53,,27785,5134,0,32 33,1,15,,27803,5134,0,32 33,1,15,,27769,5134,0,32 33,1,14,,27775,5134,0,32 33,1,58,,27787,5134,0,32 33,1,30,,27771,5134,0,32 33,1,70,,27786,5134,0,32 33,1,30,,27788,5134,0,32 33,1,70,,27772,5134,0,32 33,1,32,,27793,5134,0,32 33,1,70,,27789,5134,0,32 33,1,30,,27773,5134,0,32 33,1,70,,27794,5134,0,32 33,1,30,,27790,5134,0,32 33,1,70,,27774,5134,0,32 33,1,30,,27795,5134,0,32 33,1,71,,27807,5134,0,32 33,1,16,,27799,5134,0,32 33,1,14,,27797,5134,0,32 33,1,15,,27781,5134,0,32 33,1,55,,27809,5134,0,32 33,1,15,,27776,5134,0,32 33,1,14,,27778,5134,0,32 33,1,12,,27808,5134,0,32 33,1,12,,27800,5134,0,32 33,1,52,,27798,5134,0,32 33,1,12,,27791,5134,0,32 33,1,12,,27782,5134,0,32 33,1,12,,27796,5134,0,32 33,1,11,,27777,5134,0,32 33,1,52,,27801,5134,0,32 33,1,12,,27780,5134,0,32 33,1,13,,27784,5134,0,32 33,1,95,,27779,5134,0,32 33,1,98,,27792,5134,0,32 33,1,98,,27783,5134,0,32 33,1
8800,'DI',715,,36639,5134,,,1,30,,36644,5134,,,1,70,,36650,5134,,,1,30,,36659,5134,,,1,70,,36640,5134,,,1,30,,36645,5134,,,1,72,,36651,5134,,,1,30,,36660,5134,,,1,70,,36641,5134,,,1,30,,36646,5134,,,1,70,,36652,5134,,,1,30,,36661,5134,,,1,70,,36642,5134,,,1,30,,36647,5134,,,1,70,,36653,5134,,,1,30,,15002,5134,,,1,70,,36654,5134,,,1,30,,36648,5134,,,1,70,,36662,5134,,,1,30,,15003,5134,,,1,70,,36655,5134,,,1,30,,36649,5134,,,1,70,,36663,5134,,,1,100,,36656,5134,,,1,100,,36664,5134,,,1,100,,36657,5134,,,1,100,,36665,5134,,,1,97,,36658,5134,,,1,100,,36638,5134,,,1,100,,36643,5134,,,1
8800,'F8',715,,36775,5134,,,1,30,,36800,5134,,,1,71,,36796,5134,,,1,30,,36787,5134,,,1,71,,36780,5134,,,1,30,,36801,5134,,,1,70,,36797,5134,,,1,30,,36788,5134,,,1,70,,36781,5134,,,1,30,,36792,5134,,,1,70,,36777,5134,,,1,30,,36789,5134,,,1,70,,36782,5134,,,1,30,,36793,5134,,,1,70,,36778,5134,,,1,30,,36772,5134,,,1,70,,36783,5134,,,1,30,,36794,5134,,,1,70,,36779,5134,,,1,30,,36773,5134,,,1,71,,36802,5134,,,1,29,,36795,5134,,,1,71,,36790,5134,,,1,29,,36774,5134,,,1,70,,36784,5134,,,1,100,,36791,5134,,,1,99,,36785,5134,,,1,99,,36799,5134,,,1,100,,36786,5134,,,1,100,,36798,5134,,,1,100,,36776,5134,,,1
8800,'F9',715,,36806,5134,,,1,30,,36811,5134,,,1,70,,36817,5134,,,1,30,,36826,5134,,,1,70,,36807,5134,,,1,30,,36812,5134,,,1,72,,36818,5134,,,1,30,,36827,5134,,,1,70,,36808,5134,,,1,30,,36813,5134,,,1,70,,36819,5134,,,1,30,,36828,5134,,,1,70,,36809,5134,,,1,30,,36814,5134,,,1,70,,36820,5134,,,1,30,,36803,5134,,,1,70,,36821,5134,,,1,30,,36815,5134,,,1,70,,36829,5134,,,1,30,,36804,5134,,,1,70,,36822,5134,,,1,30,,36816,5134,,,1,70,,36830,5134,,,1,100,,36823,5134,,,1,100,,36831,5134,,,1,100,,36824,5134,,,1,100,,36832,5134,,,1,97,,36825,5134,,,1,100,,36805,5134,,,1,100,,36810,5134,,,1
8800,'SA',715,,36836,5134,,,1,30,,36860,5134,,,1,71,,36857,5134,,,1,30,,36848,5134,,,1,71,,36841,5134,,,1,30,,36861,5134,,,1,70,,36858,5134,,,1,30,,36849,5134,,,1,70,,36842,5134,,,1,30,,36853,5134,,,1,70,,36838,5134,,,1,30,,36850,5134,,,1,70,,36843,5134,,,1,30,,36854,5134,,,1,70,,36839,5134,,,1,30,,36833,5134,,,1,70,,36844,5134,,,1,30,,36855,5134,,,1,70,,36840,5134,,,1,30,,36834,5134,,,1,71,,36862,5134,,,1,29,,36856,5134,,,1,71,,36851,5134,,,1,29,,36835,5134,,,1,70,,36845,5134,,,1,100,,36852,5134,,,1,99,,36846,5134,,,1,99,,15203,5134,,,1,100,,36847,5134,,,1,100,,36859,5134,,,1,100,,36837,5134,,,1
8800,'SE',715,,36873,5134,,,1,21,,36905,5134,,,1,15,,36906,5134,,,1,54,,15219,5134,,,1,15,,36907,5134,,,1,15,,36875,5134,,,1,15,,36876,5134,,,1,69,,36895,5134,,,1,30,,36874,5134,,,1,70,,36872,5134,,,1,30,,36893,5134,,,1,72,,36896,5134,,,1,30,,36865,5134,,,1,70,,36863,5134,,,1,30,,36897,5134,,,1,70,,36866,5134,,,1,30,,36894,5134,,,1,71,,36909,5134,,,1,30,,36898,5134,,,1,57,,36900,5134,,,1,16,,36902,5134,,,1,15,,36867,5134,,,1,15,,36878,5134,,,1,55,,36908,5134,,,1,15,,36883,5134,,,1,13,,36887,5134,,,1,12,,36864,5134,,,1,52,,36888,5134,,,1,12,,36880,5134,,,1,13,,36885,5134,,,1,11,,36871,5134,,,1,11,,36903,5134,,,1,52,,36868,5134,,,1,12,,36879,5134,,,1,12,,36901,5134,,,1,19,,36884,5134,,,1,15,,15235,5134,,,1,62,,36881,5134,,,1,28,,36904,5134,,,1,70,,36899,5134,,,1,28,,15236,5134,,,1,70,,36882,5134,,,1,30,,36870,5134,,,1,70,,36891,5134,,,1,100,,36889,5134,,,1,99,,36892,5134,,,1,99,,36890,5134,,,1
