2000,'DI',618,,26261,5990,,,2,100,,26264,5990,,,2,100,,26267,5990,,,2,100,,26259,5990,,,2,100,,26265,5990,,,2,97,,26268,5990,,,2,103,,26269,5990,,,2,100,,26266,5990,,,2,100,,26270,5990,,,2,100,,26262,5990,,,2,97,,26273,5990,,,2,103,,26274,5990,,,2,100,,26263,5990,,,2,100,,26271,5990,,,2,100,,26260,5990,,,2,100,,26275,5990,,,2,100,,26272,5990,,,2,100,,26276,5990,,,2,100,,26277,5990,,,2
2000,'F8',620,,26384,5990,,,2,100,,26378,5990,,,2,100,,26375,5990,,,2,100,,26369,5990,,,2,100,,26371,5990,,,2,100,,26370,5990,,,2,100,,26379,5990,,,2,100,,26372,5990,,,2,100,,26373,5990,,,2,100,,26383,5990,,,2,96,,26380,5990,,,2,104,,26381,5990,,,2,104,,26382,5990,,,2,96,,26367,5990,,,2,100,,26376,5990,,,2,100,,26374,5990,,,2,100,,26366,5990,,,2,100,,26385,5990,,,2,100,,26377,5990,,,2,100,,26368,5990,,,2
2000,'F9',618,,26388,5990,,,2,100,,26391,5990,,,2,100,,26394,5990,,,2,100,,26386,5990,,,2,100,,26392,5990,,,2,97,,26395,5990,,,2,103,,26396,5990,,,2,100,,26393,5990,,,2,100,,26397,5990,,,2,100,,26389,5990,,,2,97,,26400,5990,,,2,103,,26401,5990,,,2,100,,26390,5990,,,2,100,,26398,5990,,,2,100,,26387,5990,,,2,100,,26402,5990,,,2,100,,26399,5990,,,2,100,,26403,5990,,,2,100,,26404,5990,,,2
2000,'SA',620,,26422,5990,,,2,100,,5701,5990,,,2,100,,26414,5990,,,2,100,,26408,5990,,,2,100,,26410,5990,,,2,100,,26409,5990,,,2,100,,26417,5990,,,2,100,,26411,5990,,,2,100,,26412,5990,,,2,100,,26421,5990,,,2,96,,26418,5990,,,2,104,,26419,5990,,,2,104,,26420,5990,,,2,96,,26406,5990,,,2,100,,26415,5990,,,2,100,,26413,5990,,,2,100,,26405,5990,,,2,100,,26423,5990,,,2,100,,26416,5990,,,2,100,,26407,5990,,,2
2000,'SE',538,,26438,5990,,,2,20,,26464,5990,,,2,64,,26447,5990,,,2,31,,26439,5990,,,2,54,,26470,5400,,,2,9,,26468,5400,,,2,8,,26472,5400,,,2,10,,26465,5400,,,2,11,,26467,5400,,,2,6,,26466,5400,,,2,54,,26471,5400,,,2,32,,26469,5400,,,2,71,,26473,5400,,,2,30,,26425,5990,,,2,71,,26455,5990,,,2,30,,26431,5990,,,2,70,,26458,5990,,,2,30,,26428,5990,,,2,70,,26452,5990,,,2,30,,26432,5990,,,2,70,,26460,5990,,,2,30,,26429,5990,,,2,70,,26451,5990,,,2,30,,26433,5990,,,2,69,,26440,5990,,,2,21,,26442,5990,,,2,17,,26435,5990,,,2,55,,26427,5990,,,2,15,,26436,5990,,,2,15,,26453,5990,,,2,17,,26443,5990,,,2,10,,26459,5990,,,2,53,,26444,5990,,,2,11,,26446,5990,,,2,12,,26441,5990,,,2,13,,26454,5990,,,2,11,,26434,5990,,,2,54,,26462,5990,,,2,13,,26445,5990,,,2,15,,26457,5990,,,2,69,,26424,5990,,,2,30,,26456,5990,,,2,70,,26463,5990,,,2,30,,26437,5990,,,2,70,,26461,5990,,,2,30,,26448,5990,,,2,100,,26430,5990,,,2,100,,26449,5990,,,2,100,,26426,5990,,,2,100,,26450,5990,,,2
2500,'DI',703,,27541,5262,,,2
2500,'F8',703,,27570,5262,,,2
2500,'F9',703,,27571,5262,,,2
2500,'SA',703,,27572,5262,,,2
2500,'SE',525,,27574,5262,,,2,30,,27575,5262,,,2,69,,27594,5262,,,2,19,,27593,5262,,,2,61,,27589,5262,,,2,19,,27576,5262,,,2,29,,27578,5262,,,2,68,,27579,5262,,,2,36,,27577,5262,,,2,70,,27573,5262,,,2,430,,27580,5262,,,2,70,,27581,5262,,,2,29,,27597,5262,,,2,53,,27596,5262,,,2,18,,27595,5262,,,2,31,,27582,5262,,,2,72,,27585,5262,,,2,29,,27587,5262,,,2,69,,27590,5262,,,2,31,,27586,5262,,,2,68,,27588,5262,,,2,30,,27584,5262,,,2,375,,27592,5262,,,2,83,,27598,5262,,,2,15,,27591,5262,,,2,85,,27583,5262,,,2
8100,'DI',700,,35724,5062,,,1,100,,35713,5062,,,1,103,,35720,5062,,,1,100,,35714,5062,,,1,100,,35722,5062,,,1,100,,35726,5062,,,1,100,,35727,5062,,,1,100,,35717,5062,,,1,100,,35721,5062,,,1,100,,35712,5062,,,1,56,,35725,5062,,,1,148,,35715,5062,,,1,96,,35723,5062,,,1,100,,35716,5062,,,1,100,,35728,5062,,,1,100,,35718,5062,,,1,100,,35730,5062,,,1,100,,35729,5062,,,1,100,,35719,5062,,,1
8100,'F8',700,,35809,5062,,,1,100,,35815,5062,,,1,103,,35810,5062,,,1,100,,35811,5062,,,1,100,,35816,5062,,,1,100,,35798,5062,,,1,100,,35800,5062,,,1,100,,35805,5062,,,1,100,,35812,5062,,,1,100,,35817,5062,,,1,100,,35803,5062,,,1,104,,35806,5062,,,1,96,,35813,5062,,,1,100,,35799,5062,,,1,100,,35807,5062,,,1,100,,35802,5062,,,1,100,,35814,5062,,,1,100,,35808,5062,,,1,100,,35804,5062,,,1,100,,35801,5062,,,1
8100,'F9',700,,35830,5062,,,1,100,,35819,5062,,,1,103,,35826,5062,,,1,100,,35820,5062,,,1,100,,35828,5062,,,1,100,,35832,5062,,,1,100,,35833,5062,,,1,100,,35823,5062,,,1,100,,35827,5062,,,1,100,,35818,5062,,,1,56,,35831,5062,,,1,148,,35821,5062,,,1,96,,35829,5062,,,1,100,,35822,5062,,,1,100,,35834,5062,,,1,100,,35824,5062,,,1,100,,35836,5062,,,1,100,,35835,5062,,,1,100,,35825,5062,,,1
8100,'SA',700,,35848,5062,,,1,100,,35854,5062,,,1,103,,35849,5062,,,1,100,,35850,5062,,,1,100,,14262,5062,,,1,100,,35837,5062,,,1,100,,35839,5062,,,1,100,,35844,5062,,,1,100,,35851,5062,,,1,100,,35855,5062,,,1,100,,35842,5062,,,1,104,,35845,5062,,,1,96,,35852,5062,,,1,100,,35838,5062,,,1,100,,35846,5062,,,1,100,,35841,5062,,,1,100,,35853,5062,,,1,100,,35847,5062,,,1,100,,35843,5062,,,1,100,,35840,5062,,,1
8100,'SE',621,,35859,5062,,,1,38,,35870,5062,,,1,70,,35866,5062,,,1,71,,35874,5062,,,1,29,,35871,5062,,,1,76,,35864,5062,,,1,98,,35856,5062,,,1,100,,35872,5062,,,1,100,,35865,5062,,,1,100,,35881,5062,,,1,100,,35879,5062,,,1,100,,35862,5062,,,1,30,,35877,5062,,,1,72,,35882,5062,,,1,30,,35873,5062,,,1,70,,35867,5062,,,1,30,,35858,5062,,,1,70,,35878,5062,,,1,30,,35868,5062,,,1,67,,35857,5062,,,1,100,,35863,5062,,,1,100,,35860,5062,,,1,100,,35875,5062,,,1,100,,35880,5062,,,1,100,,35861,5062,,,1,100,,35876,5062,,,1,100,,35869,5062,,,1
12500,'SE',758,,38003,5400,4,,2,57,,38008,5400,4,,2,20,,38009,5400,4,,2,10,,38001,5400,4,,2,14,,38006,5400,4,,2,47,,38007,5400,4,,2,15,,38004,5400,4,,2,19,,38005,5400,4,,2,67,,38002,5400,4,,2
