801,'DI',559,,53514,16011,,,1,70,,53522,16011,,,1,30,,53529,16011,,,1,70,,53541,16011,,,1,30,,53515,16011,,,1,72,,53523,16011,,,1,70,,53530,16011,,,1,30,,53542,16011,,,1,69,,53516,16011,,,1,30,,53524,16011,,,1,70,,53531,16011,,,1,29,,53543,16011,,,1,30,,53517,16011,,,1,70,,53525,16011,,,1,30,,53532,16011,,,1,70,,53544,16011,,,1,71,,53518,16011,,,1,30,,53526,16011,,,1,71,,53538,16011,,,1,30,,53545,16011,,,1,69,,53539,16011,,,1,30,,53527,16011,,,1,70,,53533,16011,,,1,30,,53546,16011,,,1,19,,53548,16011,,,1,53,,53540,16011,,,1,30,,53528,16011,,,1,68,,53534,16011,,,1,30,,53547,16011,,,1,85,,53519,16011,,,1,100,,53535,16011,,,1,100,,53520,16011,,,1,99,,53536,16011,,,1,100,,53521,16011,,,1,99,,53537,16011,,,1
801,'F1',559,,53549,16011,,,1,70,,53557,16011,,,1,30,,53564,16011,,,1,70,,53576,16011,,,1,30,,53550,16011,,,1,72,,53558,16011,,,1,70,,53565,16011,,,1,30,,53577,16011,,,1,69,,53551,16011,,,1,30,,53559,16011,,,1,70,,53566,16011,,,1,29,,53578,16011,,,1,30,,53552,16011,,,1,70,,53560,16011,,,1,30,,53567,16011,,,1,70,,53579,16011,,,1,71,,53553,16011,,,1,30,,53561,16011,,,1,71,,53573,16011,,,1,30,,53580,16011,,,1,69,,53574,16011,,,1,30,,53562,16011,,,1,70,,53568,16011,,,1,30,,53581,16011,,,1,19,,53583,16011,,,1,53,,53575,16011,,,1,30,,53563,16011,,,1,68,,53569,16011,,,1,30,,53582,16011,,,1,85,,53554,16011,,,1,100,,53570,16011,,,1,100,,53555,16011,,,1,99,,53571,16011,,,1,100,,53556,16011,,,1,99,,53572,16011,,,1
801,'F2',559,,53588,16011,,,1,70,,53593,16011,,,1,30,,53600,16011,,,1,70,,53605,16011,,,1,30,,53589,16011,,,1,72,,53594,16011,,,1,70,,53601,16011,,,1,30,,53606,16011,,,1,27,,53590,16011,,,1,69,,53595,16011,,,1,30,,53602,16011,,,1,70,,53607,16011,,,1,31,,53591,16011,,,1,70,,53596,16011,,,1,31,,53603,16011,,,1,70,,53608,16011,,,1,71,,53592,16011,,,1,30,,53597,16011,,,1,70,,53604,16011,,,1,30,,53609,16011,,,1,70,,44242,16011,,,1,30,,53598,16011,,,1,70,,53615,16011,,,1,30,,53610,16011,,,1,25,,53584,16011,,,1,50,,44243,16011,,,1,20,,53599,16011,,,1,30,,53616,16011,,,1,70,,53611,16011,,,1,90,,53585,16011,,,1,100,,53612,16011,,,1,100,,53586,16011,,,1,96,,53613,16011,,,1,100,,53587,16011,,,1,100,,53614,16011,,,1
801,'SA',559,,53621,16011,,,1,70,,53626,16011,,,1,30,,53633,16011,,,1,70,,53638,16011,,,1,30,,53622,16011,,,1,72,,53627,16011,,,1,70,,53634,16011,,,1,30,,53639,16011,,,1,27,,53623,16011,,,1,69,,53628,16011,,,1,30,,53635,16011,,,1,70,,53640,16011,,,1,31,,53624,16011,,,1,70,,53629,16011,,,1,31,,53636,16011,,,1,70,,53641,16011,,,1,71,,53625,16011,,,1,30,,53630,16011,,,1,70,,53637,16011,,,1,30,,53642,16011,,,1,70,,2977,16011,,,1,30,,53631,16011,,,1,70,,53648,16011,,,1,30,,53643,16011,,,1,25,,53617,16011,,,1,50,,2978,16011,,,1,20,,53632,16011,,,1,30,,53649,16011,,,1,70,,53644,16011,,,1,90,,53618,16011,,,1,100,,53645,16011,,,1,100,,53619,16011,,,1,96,,53646,16011,,,1,100,,53620,16011,,,1,100,,53647,16011,,,1
801,'SE',525,,53650,16011,,,1,33,,53651,16011,,,1,67,,44285,16011,,,1,21,,53672,16011,,,1,5,,53717,16011,,,1,55,,53706,16011,,,1,5,,53665,16011,,,1,11,,53710,16011,,,1,4,,53713,16011,,,1,5,,53655,16011,,,1,3,,53714,16011,,,1,5,,53685,16011,,,1,4,,53708,16011,,,1,3,,53712,16011,,,1,3,,53696,16011,,,1,4,,53659,16011,,,1,49,,53652,16011,,,1,6,,53683,16011,,,1,5,,53663,16011,,,1,7,,53668,16011,,,1,12,,53660,16011,,,1,18,,53673,16011,,,1,58,,53654,16011,,,1,13,,53690,16011,,,1,15,,53656,16011,,,1,15,,53686,16011,,,1,55,,53678,16011,,,1,17,,53693,16011,,,1,15,,44259,16011,,,1,14,,53674,16011,,,1,55,,53666,16011,,,1,16,,53691,16011,,,1,15,,53657,16011,,,1,15,,53687,16011,,,1,55,,53679,16011,,,1,15,,53694,16011,,,1,15,,53653,16011,,,1,16,,53661,16011,,,1,55,,53675,16011,,,1,15,,53669,16011,,,1,15,,53692,16011,,,1,15,,53709,16011,,,1,55,,53688,16011,,,1,15,,53684,16011,,,1,15,,53695,16011,,,1,18,,53697,16011,,,1,55,,53715,16011,,,1,13,,53681,16011,,,1,22,,53700,16011,,,1,11,,53670,16011,,,1,50,,53658,16011,,,1,14,,53711,16011,,,1,16,,53680,16011,,,1,18,,53664,16011,,,1,55,,53702,16011,,,1,12,,53698,16011,,,1,16,,53662,16011,,,1,15,,53682,16011,,,1,55,,53701,16011,,,1,13,,53671,16011,,,1,21,,53689,16011,,,1,61,,53707,16011,,,1,27,,53699,16011,,,1,28,,53676,16011,,,1,71,,53703,16011,,,1,27,,53718,16011,,,1,73,,53720,16011,,,1,27,,53677,16011,,,1,52,,53716,16011,,,1,20,,53704,16011,,,1,29,,53719,16011,,,1,60,,53721,16011,,,1,92,,53667,16011,,,1,100,,53705,16011,,,1
2801,'DI',947,,56267,9688,,,1,100,,56262,9688,,,1,100,,56266,9688,,,1,101,,56263,9688,,,1,100,,56265,9688,,,1,100,,56261,9688,,,1,98,,56264,9688,,,1,99,,56260,9688,,,1,96,,56268,9688,,,1,105,,56269,9688,,,1
2801,'F1',947,,56277,9688,,,1,100,,56272,9688,,,1,100,,56276,9688,,,1,101,,56273,9688,,,1,100,,56275,9688,,,1,100,,56271,9688,,,1,98,,56274,9688,,,1,99,,56270,9688,,,1,96,,56278,9688,,,1,105,,56279,9688,,,1
2801,'F2',947,,56285,9688,,,1,100,,56283,9688,,,1,100,,56280,9688,,,1,101,,56286,9688,,,1,100,,45991,9688,,,1,100,,56288,9688,,,1,98,,56282,9688,,,1,96,,56281,9688,,,1,99,,56284,9688,,,1,105,,56287,9688,,,1
2801,'SA',947,,56294,9688,,,1,100,,56292,9688,,,1,100,,56289,9688,,,1,101,,56295,9688,,,1,100,,7052,9688,,,1,100,,56297,9688,,,1,98,,56291,9688,,,1,96,,56290,9688,,,1,99,,56293,9688,,,1,105,,56296,9688,,,1
2801,'SE',657,,56298,9688,,,1,63,,56333,11397,,,1,18,,56320,9688,,,1,21,,56330,11397,,,1,67,,56329,11397,,,1,21,,56319,9688,,,1,60,,56335,11397,,,1,24,,56300,9688,,,1,69,,56299,9688,,,1,30,,56315,9688,,,1,70,,56321,9688,,,1,30,,56312,9688,,,1,70,,56301,9688,,,1,30,,56322,9688,,,1,70,,56304,9688,,,1,30,,56302,9688,,,1,70,,56323,9688,,,1,31,,56305,9688,,,1,70,,56303,9688,,,1,21,,56317,9688,,,1,12,,56306,9688,,,1,17,,56310,9688,,,1,50,,56331,11397,,,1,17,,56324,9688,,,1,13,,56308,9688,,,1,15,,56325,9688,,,1,58,,56334,11397,,,1,13,,56307,9688,,,1,16,,56311,9688,,,1,13,,56332,11397,,,1,58,,56309,9688,,,1,14,,56314,9688,,,1,21,,56318,9688,,,1,61,,56327,9688,,,1,23,,56326,9688,,,1,100,,56313,9688,,,1,100,,56328,9688,,,1,100,,56316,9688,,,1
8801,'DI',646,,61085,15283,,,1,70,,61081,15283,,,1,30,,61091,15283,,,1,70,,61099,15283,,,1,30,,61086,15283,,,1,70,,61082,15283,,,1,30,,61092,15283,,,1,69,,61100,15283,,,1,29,,61087,15283,,,1,70,,61083,15283,,,1,30,,61093,15283,,,1,70,,61101,15283,,,1,30,,61089,15283,,,1,70,,61084,15283,,,1,30,,61094,15283,,,1,71,,61098,15283,,,1,30,,61102,15283,,,1,71,,61080,15283,,,1,30,,61095,15283,,,1,69,,61078,15283,,,1,30,,61103,15283,,,1,70,,61090,15283,,,1,30,,61096,15283,,,1,72,,61079,15283,,,1,22,,61104,15283,,,1,106,,61097,15283,,,1,100,,61106,15283,,,1,100,,61105,15283,,,1,98,,61107,15283,,,1,100,,61088,15283,,,1,99,,61108,15283,,,1
8801,'F1',646,,61116,15283,,,1,70,,61112,15283,,,1,30,,61122,15283,,,1,70,,61130,15283,,,1,30,,61117,15283,,,1,70,,61113,15283,,,1,30,,61123,15283,,,1,69,,61131,15283,,,1,29,,61118,15283,,,1,70,,61114,15283,,,1,30,,61124,15283,,,1,70,,61132,15283,,,1,30,,61120,15283,,,1,70,,61115,15283,,,1,30,,61125,15283,,,1,71,,61129,15283,,,1,30,,61133,15283,,,1,71,,61111,15283,,,1,30,,61126,15283,,,1,69,,61109,15283,,,1,30,,61134,15283,,,1,70,,61121,15283,,,1,30,,61127,15283,,,1,72,,61110,15283,,,1,22,,61135,15283,,,1,106,,61128,15283,,,1,100,,61137,15283,,,1,100,,61136,15283,,,1,98,,61138,15283,,,1,100,,61119,15283,,,1,99,,61139,15283,,,1
8801,'F2',644,,61143,15283,,,1,70,,61149,15283,,,1,30,,61157,15283,,,1,69,,61160,15283,,,1,30,,61144,15283,,,1,70,,61150,15283,,,1,32,,61158,15283,,,1,67,,61161,15283,,,1,30,,61145,15283,,,1,69,,61151,15283,,,1,30,,61159,15283,,,1,71,,61162,15283,,,1,30,,61146,15283,,,1,71,,61152,15283,,,1,28,,61166,15283,,,1,71,,61163,15283,,,1,30,,61147,15283,,,1,70,,61153,15283,,,1,30,,61169,15283,,,1,70,,61140,15283,,,1,30,,61148,15283,,,1,71,,61142,15283,,,1,28,,61170,15283,,,1,72,,61141,15283,,,1,21,,61165,15283,,,1,109,,61167,15283,,,1,100,,61154,15283,,,1,100,,61168,15283,,,1,100,,61155,15283,,,1,95,,61164,15283,,,1,100,,61156,15283,,,1
8801,'SA',644,,61174,15283,,,1,70,,61180,15283,,,1,30,,61188,15283,,,1,69,,61191,15283,,,1,30,,61175,15283,,,1,70,,61181,15283,,,1,32,,61189,15283,,,1,67,,61192,15283,,,1,30,,61176,15283,,,1,69,,61182,15283,,,1,30,,61190,15283,,,1,71,,61193,15283,,,1,30,,61177,15283,,,1,71,,61183,15283,,,1,28,,61197,15283,,,1,71,,61194,15283,,,1,30,,61178,15283,,,1,70,,61184,15283,,,1,30,,61200,15283,,,1,70,,61171,15283,,,1,30,,61179,15283,,,1,71,,61173,15283,,,1,28,,61201,15283,,,1,72,,61172,15283,,,1,21,,61196,15283,,,1,109,,61198,15283,,,1,100,,61185,15283,,,1,100,,61199,15283,,,1,100,,61186,15283,,,1,95,,61195,15283,,,1,100,,61187,15283,,,1
8801,'SE',641,,61216,15283,,,1,60,,61203,15283,,,1,15,,61231,15283,,,1,12,,61217,15283,,,1,7,,61218,15283,,,1,21,,61220,15283,,,1,49,,61208,15283,,,1,12,,61221,15283,,,1,11,,61202,15283,,,1,10,,61244,15283,,,1,19,,61243,15283,,,1,58,,61214,15283,,,1,30,,61219,15283,,,1,70,,61209,15283,,,1,30,,61205,15283,,,1,70,,61232,15283,,,1,30,,61242,15283,,,1,70,,61207,15283,,,1,30,,61239,15283,,,1,70,,61240,15283,,,1,30,,61204,15283,,,1,70,,61235,15283,,,1,33,,61241,15283,,,1,69,,61206,15283,,,1,9,,61222,15283,,,1,2,,61212,15283,,,1,2,,61233,15283,,,1,7,,61213,15283,,,1,20,,61237,15283,,,1,58,,61246,15283,,,1,12,,61236,15283,,,1,15,,61215,15283,,,1,60,,61248,15283,,,1,12,,61210,15283,,,1,15,,61245,15283,,,1,14,,61223,15283,,,1,16,,61234,15283,,,1,53,,61238,15283,,,1,17,,61247,15283,,,1,17,,61227,15283,,,1,67,,61249,15283,,,1,32,,61224,15283,,,1,70,,61250,15283,,,1,27,,61228,15283,,,1,70,,61211,15283,,,1,30,,61225,15283,,,1,101,,61229,15283,,,1,98,,61226,15283,,,1,100,,61230,15283,,,1
60801,'SE',1523,,63490,10879,,,2,2,,63491,10879,,,2
