101,'DI',622,,20389,2369,,,1,100,,20390,2369,,,1,100,,20391,2369,,,1,100,,20392,2369,,,1,100,,20393,2369,,,1,100,,20394,2369,,,1,100,,20395,2369,,,1,100,,20396,2369,,,1,101,,20397,2369,,,1,100,,20398,2369,,,1,98,,20399,2369,,,1,100,,20400,2369,,,1,100,,20401,2369,,,1,100,,20402,2369,,,1,100,,20403,2369,,,1,100,,20404,2369,,,1,100,,20405,2369,,,1,100,,20406,2369,,,1,100,,20408,2369,,,1,100,,20407,2369,,,1
101,'F1',622,,43102,2369,,,1,100,,43103,2369,,,1,100,,43104,2369,,,1,100,,43105,2369,,,1,100,,43106,2369,,,1,100,,43107,2369,,,1,100,,43108,2369,,,1,100,,43109,2369,,,1,101,,43110,2369,,,1,100,,43111,2369,,,1,98,,43112,2369,,,1,100,,43113,2369,,,1,100,,43114,2369,,,1,100,,43115,2369,,,1,100,,43116,2369,,,1,100,,43117,2369,,,1,100,,43118,2369,,,1,100,,43119,2369,,,1,100,,43121,2369,,,1,100,,43120,2369,,,1
101,'F2',552,,43142,2369,,,1,70,,43132,2369,,,1,30,,43143,2369,,,1,70,,43133,2369,,,1,30,,43144,2369,,,1,70,,43134,2369,,,1,30,,43145,2369,,,1,70,,43135,2369,,,1,30,,43146,2369,,,1,70,,43136,2369,,,1,30,,43147,2369,,,1,70,,43137,2369,,,1,30,,43148,2369,,,1,70,,43138,2369,,,1,30,,43149,2369,,,1,70,,43139,2369,,,1,31,,43153,2369,,,1,70,,43140,2369,,,1,30,,43154,2369,,,1,70,,43141,2369,,,1,28,,43150,2369,,,1,70,,43122,2369,,,1,30,,43151,2369,,,1,70,,43123,2369,,,1,30,,43152,2369,,,1,70,,43124,2369,,,1,100,,43125,2369,,,1,100,,43126,2369,,,1,100,,43127,2369,,,1,100,,43128,2369,,,1,100,,43129,2369,,,1,100,,43130,2369,,,1,100,,43131,2369,,,1
101,'F8',552,,20528,2369,,,1,70,,20518,2369,,,1,30,,20529,2369,,,1,70,,20519,2369,,,1,30,,20530,2369,,,1,70,,20520,2369,,,1,30,,20531,2369,,,1,70,,20521,2369,,,1,30,,20532,2369,,,1,70,,20522,2369,,,1,30,,20533,2369,,,1,70,,20523,2369,,,1,30,,20534,2369,,,1,70,,20524,2369,,,1,30,,20535,2369,,,1,70,,20525,2369,,,1,31,,20539,2369,,,1,70,,20526,2369,,,1,30,,20540,2369,,,1,70,,20527,2369,,,1,28,,20536,2369,,,1,70,,20508,2369,,,1,30,,20537,2369,,,1,70,,20509,2369,,,1,30,,20538,2369,,,1,70,,20510,2369,,,1,100,,20511,2369,,,1,100,,20512,2369,,,1,100,,20513,2369,,,1,100,,20514,2369,,,1,100,,20515,2369,,,1,100,,20516,2369,,,1,100,,20517,2369,,,1
101,'F9',622,,20541,2369,,,1,100,,20542,2369,,,1,100,,20543,2369,,,1,100,,20544,2369,,,1,100,,20545,2369,,,1,100,,20546,2369,,,1,100,,20547,2369,,,1,100,,20548,2369,,,1,101,,20549,2369,,,1,100,,20550,2369,,,1,98,,20551,2369,,,1,100,,20552,2369,,,1,100,,20553,2369,,,1,100,,20554,2369,,,1,100,,20555,2369,,,1,100,,20556,2369,,,1,100,,20557,2369,,,1,100,,20558,2369,,,1,100,,20560,2369,,,1,100,,20559,2369,,,1
101,'SA',552,,20571,2369,,,1,70,,20561,2369,,,1,30,,20572,2369,,,1,70,,20562,2369,,,1,30,,20573,2369,,,1,70,,20563,2369,,,1,30,,20574,2369,,,1,70,,20564,2369,,,1,30,,20575,2369,,,1,70,,20565,2369,,,1,30,,20576,2369,,,1,70,,20566,2369,,,1,30,,20577,2369,,,1,70,,20567,2369,,,1,30,,20578,2369,,,1,70,,20568,2369,,,1,31,,20582,2369,,,1,70,,20569,2369,,,1,30,,20583,2369,,,1,70,,20570,2369,,,1,28,,20579,2369,,,1,70,,400,2369,,,1,30,,20580,2369,,,1,70,,401,2369,,,1,30,,20581,2369,,,1,70,,402,2369,,,1,100,,403,2369,,,1,100,,404,2369,,,1,100,,405,2369,,,1,100,,406,2369,,,1,100,,407,2369,,,1,100,,408,2369,,,1,100,,409,2369,,,1
101,'SE',504,,43167,2369,,,1,30,,43181,2369,,,1,20,,43176,2369,,,1,60,,43182,2369,,,1,20,,43173,2369,,,1,16,,43186,2369,,,1,60,,43179,2369,,,1,10,,43183,2369,,,1,20,,43169,2369,,,1,15,,43155,2369,,,1,55,,43195,2369,,,1,15,,43170,2369,,,1,15,,43197,2369,,,1,60,,43166,2369,,,1,20,,43171,2369,,,1,20,,43165,2369,,,1,70,,43168,2369,,,1,30,,43180,2369,,,1,70,,43163,2369,,,1,30,,43191,2369,,,1,70,,43156,2369,,,1,31,,43178,2369,,,1,70,,43174,2369,,,1,30,,43172,2369,,,1,70,,43190,2369,,,1,30,,43157,2369,,,1,70,,43192,2369,,,1,33,,43175,2369,,,1,58,,43184,2369,,,1,36,,43164,2369,,,1,71,,43194,2369,,,1,34,,20609,2369,,,1,65,,43196,2369,,,1,27,,43185,2369,,,1,75,,43189,2369,,,1,28,,43193,2369,,,1,70,,43188,2369,,,1,30,,43187,2369,,,1,68,,43158,2369,,,1,30,,43177,2369,,,1,70,,43159,2369,,,1,100,,43160,2369,,,1,99,,43161,2369,,,1,100,,43162,2369,,,1
5401,'DI',621,,31846,5238,,,1,100,,31863,5238,,,1,100,,31858,5238,,,1,103,,31864,5238,,,1,103,,31859,5238,,,1,100,,31844,5238,,,1,101,,31868,5238,,,1,30,,31845,5238,,,1,70,,31867,5238,,,1,30,,31869,5238,,,1,70,,31856,5238,,,1,30,,31865,5238,,,1,69,,31857,5238,,,1,31,,31860,5238,,,1,69,,31861,5238,,,1,31,,31851,5238,,,1,69,,31866,5238,,,1,31,,31862,5238,,,1,70,,31847,5238,,,1,31,,31852,5238,,,1,76,,31848,5238,,,1,100,,31849,5238,,,1,100,,31850,5238,,,1,100,,31853,5238,,,1,100,,31854,5238,,,1,99,,31855,5238,,,1
5401,'F1',621,,47590,5238,,,1,100,,47607,5238,,,1,100,,47602,5238,,,1,103,,47608,5238,,,1,103,,47603,5238,,,1,100,,47588,5238,,,1,101,,47612,5238,,,1,30,,47589,5238,,,1,70,,47611,5238,,,1,30,,47613,5238,,,1,70,,47600,5238,,,1,30,,47609,5238,,,1,69,,47601,5238,,,1,31,,47604,5238,,,1,69,,47605,5238,,,1,31,,47595,5238,,,1,69,,47610,5238,,,1,31,,47606,5238,,,1,70,,47591,5238,,,1,31,,47596,5238,,,1,76,,47592,5238,,,1,100,,47593,5238,,,1,100,,47594,5238,,,1,100,,47597,5238,,,1,100,,47598,5238,,,1,99,,47599,5238,,,1
5401,'F2',622,,47628,5238,,,1,30,,47637,5238,,,1,70,,47632,5238,,,1,30,,47631,5238,,,1,70,,47629,5238,,,1,32,,47619,5238,,,1,72,,47617,5238,,,1,31,,47638,5238,,,1,69,,47630,5238,,,1,30,,47618,5238,,,1,72,,47620,5238,,,1,30,,47627,5238,,,1,70,,47639,5238,,,1,31,,47621,5238,,,1,70,,47633,5238,,,1,30,,47640,5238,,,1,70,,47614,5238,,,1,25,,47634,5238,,,1,74,,47622,5238,,,1,30,,47615,5238,,,1,71,,47635,5238,,,1,30,,47623,5238,,,1,70,,47616,5238,,,1,30,,47636,5238,,,1,70,,47625,5238,,,1,30,,47624,5238,,,1,76,,47626,5238,,,1,100,,47641,5238,,,1,100,,47642,5238,,,1,100,,47643,5238,,,1,100,,47644,5238,,,1,99,,47645,5238,,,1,100,,47646,5238,,,1
5401,'F8',622,,31986,5238,,,1,30,,31995,5238,,,1,70,,31990,5238,,,1,30,,31989,5238,,,1,70,,31987,5238,,,1,32,,31977,5238,,,1,72,,31975,5238,,,1,31,,31996,5238,,,1,69,,31988,5238,,,1,30,,31976,5238,,,1,72,,31978,5238,,,1,30,,31985,5238,,,1,70,,31997,5238,,,1,31,,31979,5238,,,1,70,,31991,5238,,,1,30,,31998,5238,,,1,70,,31972,5238,,,1,25,,31992,5238,,,1,74,,31980,5238,,,1,30,,31973,5238,,,1,71,,31993,5238,,,1,30,,31981,5238,,,1,70,,31974,5238,,,1,30,,31994,5238,,,1,70,,31983,5238,,,1,30,,31982,5238,,,1,76,,31984,5238,,,1,100,,31999,5238,,,1,100,,32000,5238,,,1,100,,32001,5238,,,1,100,,32002,5238,,,1,99,,32003,5238,,,1,100,,32004,5238,,,1
5401,'F9',621,,32007,5238,,,1,100,,32024,5238,,,1,100,,32019,5238,,,1,103,,32025,5238,,,1,103,,32020,5238,,,1,100,,32005,5238,,,1,101,,32029,5238,,,1,30,,32006,5238,,,1,70,,32028,5238,,,1,30,,32030,5238,,,1,70,,32017,5238,,,1,30,,32026,5238,,,1,69,,32018,5238,,,1,31,,32021,5238,,,1,69,,32022,5238,,,1,31,,32012,5238,,,1,69,,32027,5238,,,1,31,,32023,5238,,,1,70,,32008,5238,,,1,31,,32013,5238,,,1,76,,32009,5238,,,1,100,,32010,5238,,,1,100,,32011,5238,,,1,100,,32014,5238,,,1,100,,32015,5238,,,1,99,,32016,5238,,,1
5401,'SA',622,,32045,5238,,,1,30,,32054,5238,,,1,70,,32049,5238,,,1,30,,32048,5238,,,1,70,,32046,5238,,,1,32,,32036,5238,,,1,72,,32034,5238,,,1,31,,10810,5238,,,1,69,,32047,5238,,,1,30,,32035,5238,,,1,72,,32037,5238,,,1,30,,32044,5238,,,1,70,,32055,5238,,,1,31,,32038,5238,,,1,70,,32050,5238,,,1,30,,10812,5238,,,1,70,,32031,5238,,,1,25,,32051,5238,,,1,74,,32039,5238,,,1,30,,32032,5238,,,1,71,,32052,5238,,,1,30,,32040,5238,,,1,70,,32033,5238,,,1,30,,32053,5238,,,1,70,,32042,5238,,,1,30,,32041,5238,,,1,76,,32043,5238,,,1,100,,32056,5238,,,1,100,,32057,5238,,,1,100,,32058,5238,,,1,100,,32059,5238,,,1,99,,32060,5238,,,1,100,,32061,5238,,,1
5401,'SE',605,,47667,5238,,,1,30,,47656,5238,,,1,70,,47657,5238,,,1,36,,47675,5238,,,1,64,,47677,5238,,,1,30,,47661,5238,,,1,74,,47673,5238,,,1,31,,47674,5238,,,1,70,,47653,5238,,,1,30,,47680,5238,,,1,70,,47668,5238,,,1,30,,47660,5238,,,1,70,,47647,5238,,,1,30,,47655,5238,,,1,70,,47651,5238,,,1,31,,47672,5238,,,1,70,,47662,5238,,,1,30,,47654,5238,,,1,72,,47649,5238,,,1,28,,47679,5238,,,1,69,,47650,5238,,,1,31,,47665,5238,,,1,64,,47682,5238,,,1,34,,47659,5238,,,1,61,,47652,5238,,,1,35,,47666,5238,,,1,70,,47658,5238,,,1,33,,47678,5238,,,1,69,,47663,5238,,,1,28,,47676,5238,,,1,70,,47671,5238,,,1,30,,47669,5238,,,1,99,,47648,5238,,,1,100,,47664,5238,,,1,100,,47681,5238,,,1,100,,47670,5238,,,1
