4201,'DI',553,,29629,6915,,,1,100,,29630,6915,,,1,100,,29631,6915,,,1,100,,29632,6915,,,1,100,,29633,6915,,,1,100,,29634,6915,,,1,100,,29635,6915,,,1,100,,29636,6915,,,1,100,,29637,6915,,,1,100,,29638,6915,,,1,100,,29639,6915,,,1,100,,29640,6915,,,1,100,,29641,6915,,,1,100,,29642,6915,,,1,99,,29643,6915,,,1,100,,29644,6915,,,1,100,,29645,6915,,,1,100,,29646,6915,,,1,100,,29647,6915,,,1,100,,29648,6915,,,1
4201,'F1',553,,46724,6915,,,1,100,,46725,6915,,,1,100,,46726,6915,,,1,100,,46727,6915,,,1,100,,46728,6915,,,1,100,,46729,6915,,,1,100,,46730,6915,,,1,100,,46731,6915,,,1,100,,46732,6915,,,1,100,,46733,6915,,,1,100,,46734,6915,,,1,100,,46735,6915,,,1,100,,46736,6915,,,1,100,,46737,6915,,,1,99,,46738,6915,,,1,100,,46739,6915,,,1,100,,46740,6915,,,1,100,,46741,6915,,,1,100,,46742,6915,,,1,100,,46743,6915,,,1
4201,'F2',553,,46760,6915,,,1,100,,46761,6915,,,1,100,,46762,6915,,,1,100,,46763,6915,,,1,100,,46744,6915,,,1,100,,46745,6915,,,1,100,,46746,6915,,,1,100,,46747,6915,,,1,100,,46748,6915,,,1,100,,46749,6915,,,1,100,,46750,6915,,,1,100,,46751,6915,,,1,100,,46752,6915,,,1,100,,46753,6915,,,1,99,,46754,6915,,,1,100,,46755,6915,,,1,100,,46756,6915,,,1,100,,46757,6915,,,1,100,,46758,6915,,,1,100,,46759,6915,,,1
4201,'F8',553,,29751,6915,,,1,100,,29752,6915,,,1,100,,29753,6915,,,1,100,,29754,6915,,,1,100,,29735,6915,,,1,100,,29736,6915,,,1,100,,29737,6915,,,1,100,,29738,6915,,,1,100,,29739,6915,,,1,100,,29740,6915,,,1,100,,29741,6915,,,1,100,,29742,6915,,,1,100,,29743,6915,,,1,100,,29744,6915,,,1,99,,29745,6915,,,1,100,,29746,6915,,,1,100,,29747,6915,,,1,100,,29748,6915,,,1,100,,29749,6915,,,1,100,,29750,6915,,,1
4201,'F9',553,,29755,6915,,,1,100,,29756,6915,,,1,100,,29757,6915,,,1,100,,29758,6915,,,1,100,,29759,6915,,,1,100,,29760,6915,,,1,100,,29761,6915,,,1,100,,29762,6915,,,1,100,,29763,6915,,,1,100,,29764,6915,,,1,100,,29765,6915,,,1,100,,29766,6915,,,1,100,,29767,6915,,,1,100,,29768,6915,,,1,99,,29769,6915,,,1,100,,29770,6915,,,1,100,,29771,6915,,,1,100,,29772,6915,,,1,100,,29773,6915,,,1,100,,29774,6915,,,1
4201,'SA',553,,29791,6915,,,1,100,,29792,6915,,,1,100,,29793,6915,,,1,100,,29794,6915,,,1,100,,29775,6915,,,1,100,,29776,6915,,,1,100,,29777,6915,,,1,100,,29778,6915,,,1,100,,29779,6915,,,1,100,,29780,6915,,,1,100,,29781,6915,,,1,100,,29782,6915,,,1,100,,29783,6915,,,1,100,,29784,6915,,,1,99,,29785,6915,,,1,100,,29786,6915,,,1,100,,29787,6915,,,1,100,,29788,6915,,,1,100,,29789,6915,,,1,100,,29790,6915,,,1
4201,'SE',523,,46775,6915,,,1,20,,46769,6915,,,1,70,,46766,6915,,,1,21,,46809,6915,,,1,14,,46797,6915,,,1,54,,46781,6915,,,1,14,,46767,6915,,,1,14,,46784,6915,,,1,14,,46803,6915,,,1,14,,46777,6915,,,1,63,,46778,6915,,,1,34,,46782,6915,,,1,77,,46776,6915,,,1,70,,46783,6915,,,1,30,,46779,6915,,,1,70,,46785,6915,,,1,30,,46801,6915,,,1,70,,46765,6915,,,1,30,,46800,6915,,,1,70,,46768,6915,,,1,30,,46802,6915,,,1,70,,46786,6915,,,1,30,,46780,6915,,,1,70,,46774,6915,,,1,4,,46772,6915,,,1,2,,46771,6915,,,1,2,,46798,6915,,,1,22,,46788,6915,,,1,70,,46791,6915,,,1,29,,46787,6915,,,1,28,,46804,6915,,,1,64,,46799,6915,,,1,17,,46770,6915,,,1,67,,46805,6915,,,1,29,,46764,6915,,,1,66,,46792,6915,,,1,35,,46806,6915,,,1,70,,46793,6915,,,1,30,,46807,6915,,,1,70,,46794,6915,,,1,29,,46808,6915,,,1,69,,46795,6915,,,1,30,,46773,6915,,,1,70,,46796,6915,,,1,50,,46789,6915,,,1,100,,46790,6915,,,1
6001,'SE',558,,47776,8287,,,1,62,,47780,8287,,,1,21,,47773,8287,,,1,68,,47765,8287,,,1,28,,47777,8287,,,1,68,,47768,8287,,,1,26,,47755,8287,,,1,14,,47778,8287,,,1,72,,47771,8287,,,1,100,,47766,8287,,,1,100,,47760,8287,,,1,100,,47772,8287,,,1,101,,47764,8287,,,1,100,,47762,8287,,,1,101,,47779,8287,,,1,98,,47769,8287,,,1,30,,47761,8287,,,1,67,,47774,8287,,,1,24,,47756,8287,,,1,67,,47767,8287,,,1,29,,47770,8287,,,1,70,,47757,8287,,,1,48,,47775,8287,,,1,100,,47754,8287,,,1,99,,47758,8287,,,1,100,,47763,8287,,,1,95,,47759,8287,,,1
16001,'DI',614,,38498,14681,,,1,99,,38493,14681,,,1,100,,38499,14681,,,1,100,,38502,14681,,,1,100,,38505,14681,,,1,100,,38500,14681,,,1,100,,38506,14681,,,1,100,,38497,14681,,,1,100,,38507,14681,,,1,100,,38495,14681,,,1,100,,38492,14681,,,1,100,,38503,14681,,,1,100,,38501,14681,,,1,100,,38508,14681,,,1,100,,38504,14681,,,1,103,,38496,14681,,,1,97,,38494,14681,,,1
16001,'F1',614,,50267,14681,,,1,99,,50262,14681,,,1,100,,50268,14681,,,1,100,,50271,14681,,,1,100,,50274,14681,,,1,100,,50269,14681,,,1,100,,50275,14681,,,1,100,,50266,14681,,,1,100,,50276,14681,,,1,100,,50264,14681,,,1,100,,50261,14681,,,1,100,,50272,14681,,,1,100,,50270,14681,,,1,100,,50277,14681,,,1,100,,50273,14681,,,1,103,,50265,14681,,,1,97,,50263,14681,,,1
16001,'F2',615,,50286,14681,,,1,99,,50284,14681,,,1,99,,50282,14681,,,1,100,,50287,14681,,,1,99,,50281,14681,,,1,101,,50278,14681,,,1,100,,50285,14681,,,1,100,,50291,14681,,,1,100,,50279,14681,,,1,100,,50283,14681,,,1,100,,50292,14681,,,1,100,,50288,14681,,,1,100,,50280,14681,,,1,101,,50293,14681,,,1,99,,50289,14681,,,1,103,,50294,14681,,,1,97,,50290,14681,,,1
16001,'F8',615,,38572,14681,,,1,99,,38570,14681,,,1,99,,38568,14681,,,1,100,,38573,14681,,,1,99,,38567,14681,,,1,101,,38564,14681,,,1,100,,38571,14681,,,1,100,,38577,14681,,,1,100,,38565,14681,,,1,100,,38569,14681,,,1,100,,38578,14681,,,1,100,,38574,14681,,,1,100,,38566,14681,,,1,101,,38579,14681,,,1,99,,38575,14681,,,1,103,,38580,14681,,,1,97,,38576,14681,,,1
16001,'F9',614,,38587,14681,,,1,99,,38582,14681,,,1,100,,38588,14681,,,1,100,,38591,14681,,,1,100,,38594,14681,,,1,100,,38589,14681,,,1,100,,38595,14681,,,1,100,,38586,14681,,,1,100,,38596,14681,,,1,100,,38584,14681,,,1,100,,38581,14681,,,1,100,,38592,14681,,,1,100,,38590,14681,,,1,100,,38597,14681,,,1,100,,38593,14681,,,1,103,,38585,14681,,,1,97,,38583,14681,,,1
16001,'SA',615,,38606,14681,,,1,99,,38604,14681,,,1,99,,38602,14681,,,1,100,,16801,14681,,,1,99,,38601,14681,,,1,101,,38598,14681,,,1,100,,38605,14681,,,1,100,,38609,14681,,,1,100,,38599,14681,,,1,100,,38603,14681,,,1,100,,38610,14681,,,1,100,,16802,14681,,,1,100,,38600,14681,,,1,101,,38611,14681,,,1,99,,38607,14681,,,1,103,,38612,14681,,,1,97,,38608,14681,,,1
16001,'SE',626,,50303,14681,,,1,28,,50315,14681,,,1,68,,50297,14681,,,1,28,,50305,14681,,,1,63,,50309,14681,,,1,23,,50319,14681,,,1,68,,50307,14681,,,1,43,,50310,14681,,,1,98,,50308,14681,,,1,93,,50298,14681,,,1,100,,50299,14681,,,1,100,,50300,14681,,,1,100,,50311,14681,,,1,99,,50306,14681,,,1,92,,50313,14681,,,1,97,,50295,14681,,,1,30,,50312,14681,,,1,67,,50314,14681,,,1,25,,50316,14681,,,1,66,,50304,14681,,,1,99,,50301,14681,,,1,100,,50296,14681,,,1,101,,50302,14681,,,1,100,,50318,14681,,,1,90,,50317,14681,,,1
