7700,'DI',729,,59947,11379,,,1,100,,59949,11379,,,1,100,,59948,11379,,,1,100,,59950,11379,,,1,100,,59951,11379,,,1,100,,59953,11379,,,1,100,,59952,11379,,,1,100,,59954,11379,,,1,100,,59945,11379,,,1,100,,59955,11379,,,1,100,,59946,11379,,,1,100,,59956,11379,,,1,99,,59957,11379,,,1,100,,59959,11379,,,1,100,,59958,11379,,,1
7700,'F1',729,,59962,11379,,,1,100,,59964,11379,,,1,100,,59963,11379,,,1,100,,59965,11379,,,1,100,,59966,11379,,,1,100,,59968,11379,,,1,100,,59967,11379,,,1,100,,59969,11379,,,1,100,,59960,11379,,,1,100,,59970,11379,,,1,100,,59961,11379,,,1,100,,59971,11379,,,1,99,,59972,11379,,,1,100,,59974,11379,,,1,100,,59973,11379,,,1
7700,'F2',729,,59975,11379,,,1,100,,59977,11379,,,1,100,,59976,11379,,,1,100,,59978,11379,,,1,100,,59980,11379,,,1,100,,59979,11379,,,1,100,,59981,11379,,,1,97,,59982,11379,,,1,103,,59983,11379,,,1,99,,59985,11379,,,1,101,,59984,11379,,,1,100,,59986,11379,,,1,99,,59987,11379,,,1,100,,59989,11379,,,1,100,,59988,11379,,,1
7700,'SA',729,,59990,11379,,,1,100,,59992,11379,,,1,100,,59991,11379,,,1,100,,59993,11379,,,1,100,,59995,11379,,,1,100,,59994,11379,,,1,100,,59996,11379,,,1,97,,59997,11379,,,1,103,,59998,11379,,,1,99,,60000,11379,,,1,101,,59999,11379,,,1,100,,60001,11379,,,1,99,,60002,11379,,,1,100,,60004,11379,,,1,100,,60003,11379,,,1
7700,'SE',615,,60026,11379,,,1,37,,60025,11379,,,1,77,,60027,11379,,,1,28,,60005,11379,,,1,71,,60007,11379,,,1,31,,60009,11379,,,1,70,,60028,11379,,,1,30,,60006,11379,,,1,70,,60008,11379,,,1,30,,60010,11379,,,1,72,,60029,11379,,,1,69,,60030,11379,,,1,31,,60031,11379,,,1,74,,60011,11379,,,1,30,,60032,11379,,,1,70,,60014,11379,,,1,28,,60020,11379,,,1,72,,60012,11379,,,1,20,,60036,11379,,,1,20,,60033,11379,,,1,5,,60042,11379,,,1,55,,60015,11379,,,1,19,,60023,11379,,,1,18,,60021,11379,,,1,58,,60039,11379,,,1,17,,60013,11379,,,1,16,,60017,11379,,,1,20,,60037,11379,,,1,60,,60016,11379,,,1,18,,60024,11379,,,1,2,,60034,11379,,,1,18,,60022,11379,,,1,56,,60040,11379,,,1,30,,60018,11379,,,1,72,,60038,11379,,,1,31,,60035,11379,,,1,66,,60041,11379,,,1,30,,60019,11379,,,1
90100,'DI',659,,63623,9817,,,1,72,,63616,9817,,,1,72,,63607,9817,,,1,28,,63612,9817,,,1,70,,63610,9817,,,1,27,,63626,9817,,,1,31,,63624,9817,,,1,68,,63622,9817,,,1,31,,63613,9817,,,1,71,,63629,9817,,,1,28,,63619,9817,,,1,70,,63627,9817,,,1,29,,63601,9817,,,1,65,,63614,9817,,,1,35,,63608,9817,,,1,70,,63599,9817,,,1,31,,63628,9817,,,1,70,,63604,9817,,,1,30,,63618,9817,,,1,68,,63611,9817,,,1,32,,63600,9817,,,1,72,,63625,9817,,,1,75,,63609,9817,,,1,30,,63617,9817,,,1,75,,63606,9817,,,1,99,,63620,9817,,,1,100,,63602,9817,,,1,100,,63605,9817,,,1,100,,63615,9817,,,1,100,,63621,9817,,,1,100,,63603,9817,,,1
90100,'F1',659,,63654,9817,,,1,72,,63647,9817,,,1,72,,63638,9817,,,1,28,,63643,9817,,,1,70,,63641,9817,,,1,27,,63657,9817,,,1,31,,63655,9817,,,1,68,,63653,9817,,,1,31,,63644,9817,,,1,71,,63660,9817,,,1,28,,63650,9817,,,1,70,,63658,9817,,,1,29,,63632,9817,,,1,65,,63645,9817,,,1,35,,63639,9817,,,1,70,,63630,9817,,,1,31,,63659,9817,,,1,70,,63635,9817,,,1,30,,63649,9817,,,1,68,,63642,9817,,,1,32,,63631,9817,,,1,72,,63656,9817,,,1,75,,63640,9817,,,1,30,,63648,9817,,,1,75,,63637,9817,,,1,99,,63651,9817,,,1,100,,63633,9817,,,1,100,,63636,9817,,,1,100,,63646,9817,,,1,100,,63652,9817,,,1,100,,63634,9817,,,1
90100,'F2',659,,63686,9817,,,1,72,,63680,9817,,,1,72,,63678,9817,,,1,28,,63683,9817,,,1,70,,63688,9817,,,1,27,,63666,9817,,,1,31,,63679,9817,,,1,68,,63687,9817,,,1,31,,63681,9817,,,1,71,,63689,9817,,,1,28,,63671,9817,,,1,70,,63668,9817,,,1,29,,63661,9817,,,1,65,,63675,9817,,,1,35,,63690,9817,,,1,70,,63672,9817,,,1,31,,63669,9817,,,1,70,,63662,9817,,,1,30,,63664,9817,,,1,68,,63684,9817,,,1,32,,63673,9817,,,1,72,,63667,9817,,,1,75,,63676,9817,,,1,30,,63663,9817,,,1,75,,63691,9817,,,1,99,,63670,9817,,,1,100,,63682,9817,,,1,100,,63674,9817,,,1,100,,63665,9817,,,1,100,,63685,9817,,,1,100,,63677,9817,,,1
90100,'SA',659,,63717,9817,,,1,72,,63711,9817,,,1,72,,63709,9817,,,1,28,,63714,9817,,,1,70,,63719,9817,,,1,27,,63697,9817,,,1,31,,63710,9817,,,1,68,,63718,9817,,,1,31,,63712,9817,,,1,71,,63720,9817,,,1,28,,63702,9817,,,1,70,,63699,9817,,,1,29,,63692,9817,,,1,65,,63706,9817,,,1,35,,63721,9817,,,1,70,,63703,9817,,,1,31,,63700,9817,,,1,70,,63693,9817,,,1,30,,63695,9817,,,1,68,,63715,9817,,,1,32,,63704,9817,,,1,72,,63698,9817,,,1,75,,63707,9817,,,1,30,,63694,9817,,,1,75,,63722,9817,,,1,99,,63701,9817,,,1,100,,63713,9817,,,1,100,,63705,9817,,,1,100,,63696,9817,,,1,100,,63716,9817,,,1,100,,63708,9817,,,1
90100,'SE',546,,63749,9817,,,1,80,,63758,9817,,,1,30,,63755,9817,,,1,77,,63756,9817,,,1,78,,63752,9817,,,1,35,,63731,9817,,,1,60,,63759,9817,,,1,20,,63733,9817,,,1,20,,63728,9817,,,1,60,,63757,9817,,,1,20,,63764,9817,,,1,20,,63723,9817,,,1,60,,63727,9817,,,1,20,,63732,9817,,,1,20,,63730,9817,,,1,60,,63734,9817,,,1,20,,63729,9817,,,1,20,,63767,9817,,,1,60,,63765,9817,,,1,20,,63735,9817,,,1,20,,63750,9817,,,1,60,,63762,9817,,,1,20,,63766,9817,,,1,20,,63736,9817,,,1,60,,63760,9817,,,1,24,,63768,9817,,,1,15,,63748,9817,,,1,55,,63771,9817,,,1,15,,63751,9817,,,1,17,,63774,9817,,,1,10,,63738,9817,,,1,10,,63776,9817,,,1,50,,63742,9817,,,1,10,,63724,9817,,,1,9,,63737,9817,,,1,8,,63754,9817,,,1,9,,63761,9817,,,1,10,,63763,9817,,,1,10,,63753,9817,,,1,50,,63769,9817,,,1,15,,63744,9817,,,1,15,,63772,9817,,,1,15,,63726,9817,,,1,55,,63739,9817,,,1,15,,63773,9817,,,1,20,,63770,9817,,,1,65,,63777,9817,,,1,30,,63741,9817,,,1,70,,63745,9817,,,1,30,,63746,9817,,,1,70,,63725,9817,,,1,30,,63778,9817,,,1,70,,63740,9817,,,1,30,,63743,9817,,,1,98,,63747,9817,,,1,100,,63775,9817,,,1
