4201,'DI',540,,57375,192,,,1,100,,57376,192,,,1,100,,57377,192,,,1,100,,57378,192,,,1,100,,57379,192,,,1,100,,57380,192,,,1,100,,57381,192,,,1,100,,57382,192,,,1,100,,57383,192,,,1,100,,57384,192,,,1,100,,57385,192,,,1,100,,57386,192,,,1,100,,57387,192,,,1,100,,57388,192,,,1,100,,57389,192,,,1,100,,57390,192,,,1,100,,57391,192,,,1,100,,57392,192,,,1,100,,57393,192,,,1,100,,57394,192,,,1
4201,'F1',540,,57395,192,,,1,100,,57396,192,,,1,100,,57397,192,,,1,100,,57398,192,,,1,100,,57399,192,,,1,100,,57400,192,,,1,100,,57401,192,,,1,100,,57402,192,,,1,100,,57403,192,,,1,100,,57404,192,,,1,100,,57405,192,,,1,100,,57406,192,,,1,100,,57407,192,,,1,100,,57408,192,,,1,100,,57409,192,,,1,100,,57410,192,,,1,100,,57411,192,,,1,100,,57412,192,,,1,100,,57413,192,,,1,100,,57414,192,,,1
4201,'F2',540,,57415,192,,,1,100,,57416,192,,,1,100,,57417,192,,,1,100,,57418,192,,,1,100,,57419,192,,,1,100,,57420,192,,,1,100,,57421,192,,,1,100,,57422,192,,,1,100,,57423,192,,,1,100,,57424,192,,,1,100,,57425,192,,,1,100,,57426,192,,,1,100,,57427,192,,,1,100,,57428,192,,,1,100,,57429,192,,,1,100,,57430,192,,,1,100,,57431,192,,,1,100,,57432,192,,,1,100,,57433,192,,,1,100,,57434,192,,,1
4201,'SA',540,,57435,192,,,1,100,,57436,192,,,1,100,,57437,192,,,1,100,,57438,192,,,1,100,,57439,192,,,1,100,,57440,192,,,1,100,,57441,192,,,1,100,,57442,192,,,1,100,,57443,192,,,1,100,,57444,192,,,1,100,,57445,192,,,1,100,,57446,192,,,1,100,,57447,192,,,1,100,,57448,192,,,1,100,,57449,192,,,1,100,,57450,192,,,1,100,,57451,192,,,1,100,,57452,192,,,1,100,,57453,192,,,1,100,,57454,192,,,1
4201,'SE',507,,57463,192,,,1,20,,57488,192,,,1,30,,57470,192,,,1,61,,57487,192,,,1,14,,57465,192,,,1,13,,57474,192,,,1,14,,57471,192,,,1,54,,57475,192,,,1,14,,57483,192,,,1,14,,57469,192,,,1,63,,57472,192,,,1,34,,57499,192,,,1,79,,57495,192,,,1,30,,57500,192,,,1,70,,57473,192,,,1,30,,57466,192,,,1,70,,57467,192,,,1,30,,57462,192,,,1,70,,57486,192,,,1,30,,57458,192,,,1,70,,57455,192,,,1,30,,57496,192,,,1,70,,57464,192,,,1,29,,57461,192,,,1,4,,57468,192,,,1,2,,57489,192,,,1,2,,57484,192,,,1,62,,57459,192,,,1,30,,57476,192,,,1,70,,57498,192,,,1,28,,57456,192,,,1,64,,57485,192,,,1,17,,57460,192,,,1,27,,57497,192,,,1,69,,57457,192,,,1,28,,57492,192,,,1,75,,57477,192,,,1,30,,57493,192,,,1,70,,57478,192,,,1,30,,57494,192,,,1,69,,57479,192,,,1,31,,57490,192,,,1,70,,57480,192,,,1,30,,57491,192,,,1,90,,57481,192,,,1,100,,57482,192,,,1
13201,'DI',710,,62059,4639,,,1,100,,62060,4639,,,1,100,,62057,4639,,,1,100,,62055,4639,,,1,100,,62061,4639,,,1,100,,62058,4639,,,1,100,,62062,4639,,,1,100,,62056,4639,,,1,100,,62064,4639,,,1,105,,62063,4639,,,1,95,,62066,4639,,,1,100,,62065,4639,,,1,101,,62067,4639,,,1,98,,62071,4639,,,1,100,,62069,4639,,,1,100,,62068,4639,,,1,100,,62072,4639,,,1,100,,62070,4639,,,1
13201,'F1',710,,62077,4639,,,1,100,,62078,4639,,,1,100,,62075,4639,,,1,100,,62073,4639,,,1,100,,62079,4639,,,1,100,,62076,4639,,,1,100,,62080,4639,,,1,100,,62074,4639,,,1,100,,62082,4639,,,1,105,,62081,4639,,,1,95,,62084,4639,,,1,100,,62083,4639,,,1,101,,62085,4639,,,1,98,,62089,4639,,,1,100,,62087,4639,,,1,100,,62086,4639,,,1,100,,62090,4639,,,1,100,,62088,4639,,,1
13201,'F2',710,,62094,4639,,,1,100,,62097,4639,,,1,100,,62092,4639,,,1,100,,62095,4639,,,1,103,,62098,4639,,,1,97,,62091,4639,,,1,104,,62096,4639,,,1,96,,62099,4639,,,1,104,,62100,4639,,,1,96,,62102,4639,,,1,100,,62093,4639,,,1,100,,62101,4639,,,1,101,,62103,4639,,,1,98,,62106,4639,,,1,100,,62104,4639,,,1,100,,62108,4639,,,1,100,,62107,4639,,,1,100,,62105,4639,,,1
13201,'SA',710,,62112,4639,,,1,100,,62115,4639,,,1,100,,62110,4639,,,1,100,,62113,4639,,,1,103,,62116,4639,,,1,97,,62109,4639,,,1,104,,62114,4639,,,1,96,,62117,4639,,,1,104,,62118,4639,,,1,96,,62120,4639,,,1,100,,62111,4639,,,1,100,,62119,4639,,,1,101,,62121,4639,,,1,98,,62124,4639,,,1,100,,62122,4639,,,1,100,,62126,4639,,,1,100,,62125,4639,,,1,100,,62123,4639,,,1
13201,'SE',544,,62151,4639,,,1,70,,62132,4639,,,1,32,,62140,4639,,,1,60,,62129,4639,,,1,23,,62138,4639,,,1,10,,62130,4639,,,1,10,,62142,4639,,,1,62,,62141,4639,,,1,18,,62136,4639,,,1,17,,62139,4639,,,1,60,,62143,4639,,,1,19,,62131,4639,,,1,19,,62137,4639,,,1,97,,62144,4639,,,1,99,,62135,4639,,,1,96,,62146,4639,,,1,100,,62127,4639,,,1,110,,62153,4639,,,1,11,,62134,4639,,,1,43,,62149,4639,,,1,43,,62147,4639,,,1,65,,62154,4639,,,1,19,,62150,4639,,,1,19,,62133,4639,,,1,63,,62148,4639,,,1,19,,62152,4639,,,1,19,,62145,4639,,,1,59,,62128,4639,,,1,40,,62155,4639,,,1
