4700,'DI',627,,30486,4724,,,1,100,,30472,4724,,,1,100,,30489,4724,,,1,100,,30490,4724,,,1,100,,30473,4724,,,1,100,,30478,4724,,,1,100,,30487,4724,,,1,100,,30474,4724,,,1,104,,30475,4724,,,1,91,,30481,4724,,,1,108,,30482,4724,,,1,102,,30476,4724,,,1,95,,30483,4724,,,1,96,,30479,4724,,,1,100,,30484,4724,,,1,100,,30477,4724,,,1,100,,30480,4724,,,1,100,,30485,4724,,,1,100,,30488,4724,,,1,100,,30491,4724,,,1
4700,'F8',627,,30588,4724,,,1,103,,30574,4724,,,1,101,,30571,4724,,,1,96,,30578,4724,,,1,96,,30572,4724,,,1,104,,30579,4724,,,1,100,,30575,4724,,,1,100,,30580,4724,,,1,95,,30573,4724,,,1,104,,30576,4724,,,1,100,,30581,4724,,,1,101,,30577,4724,,,1,100,,30582,4724,,,1,96,,30585,4724,,,1,100,,30583,4724,,,1,100,,30584,4724,,,1,100,,30586,4724,,,1,100,,30587,4724,,,1,100,,30589,4724,,,1,100,,30590,4724,,,1
4700,'F9',627,,30605,4724,,,1,100,,30591,4724,,,1,100,,30608,4724,,,1,100,,30609,4724,,,1,100,,30592,4724,,,1,100,,30597,4724,,,1,100,,30606,4724,,,1,100,,30593,4724,,,1,104,,30594,4724,,,1,91,,30600,4724,,,1,108,,30601,4724,,,1,102,,30595,4724,,,1,95,,30602,4724,,,1,96,,30598,4724,,,1,100,,30603,4724,,,1,100,,30596,4724,,,1,100,,30599,4724,,,1,100,,30604,4724,,,1,100,,30607,4724,,,1,100,,30610,4724,,,1
4700,'SA',627,,30628,4724,,,1,103,,30614,4724,,,1,101,,30611,4724,,,1,96,,30618,4724,,,1,96,,30612,4724,,,1,104,,30619,4724,,,1,100,,30615,4724,,,1,100,,30620,4724,,,1,95,,30613,4724,,,1,104,,30616,4724,,,1,100,,30621,4724,,,1,101,,30617,4724,,,1,100,,30622,4724,,,1,96,,30625,4724,,,1,100,,30623,4724,,,1,100,,30624,4724,,,1,100,,30626,4724,,,1,100,,30627,4724,,,1,100,,30629,4724,,,1,100,,30630,4724,,,1
4700,'SE',627,,30641,4724,,,1,32,,30642,4724,,,1,69,,30640,4724,,,1,73,,30662,4724,,,1,34,,30644,4724,,,1,70,,30663,4724,,,1,30,,30655,4724,,,1,70,,30661,4724,,,1,30,,30643,4724,,,1,70,,30633,4724,,,1,30,,30658,4724,,,1,70,,30634,4724,,,1,30,,30635,4724,,,1,70,,30645,4724,,,1,30,,30667,4724,,,1,70,,30656,4724,,,1,30,,30636,4724,,,1,70,,30660,4724,,,1,28,,30648,4724,,,1,68,,30665,4724,,,1,36,,30646,4724,,,1,15,,30649,4724,,,1,55,,9568,4724,,,1,15,,30652,4724,,,1,15,,30659,4724,,,1,15,,30647,4724,,,1,55,,9569,4724,,,1,15,,30657,4724,,,1,15,,30653,4724,,,1,18,,30650,4724,,,1,68,,30664,4724,,,1,30,,30637,4724,,,1,70,,30666,4724,,,1,30,,30632,4724,,,1,70,,30639,4724,,,1,30,,30651,4724,,,1,100,,30631,4724,,,1,100,,30654,4724,,,1,100,,30638,4724,,,1
4901,'DI',616,,31060,343,,,2,100,,31072,343,,,2,100,,31061,343,,,2,100,,31067,343,,,2,102,,31068,343,,,2,100,,31069,343,,,2,100,,31070,343,,,2,100,,31071,343,,,2,100,,31062,343,,,2,100,,31063,343,,,2,100,,31073,343,,,2,100,,31074,343,,,2,100,,31059,343,,,2,99,,31064,343,,,2,100,,31065,343,,,2,100,,31075,343,,,2,100,,31076,343,,,2,98,,31066,343,,,2,100,,31058,343,,,2
4901,'F8',616,,31169,343,,,2,100,,31153,343,,,2,100,,31170,343,,,2,100,,31162,343,,,2,102,,31156,343,,,2,100,,31157,343,,,2,100,,31158,343,,,2,100,,31159,343,,,2,100,,31163,343,,,2,100,,31164,343,,,2,100,,31165,343,,,2,100,,31166,343,,,2,100,,31167,343,,,2,99,,31154,343,,,2,100,,31168,343,,,2,100,,31160,343,,,2,100,,31155,343,,,2,98,,31171,343,,,2,100,,31161,343,,,2,100,,31172,343,,,2
4901,'F9',616,,31175,343,,,2,100,,31187,343,,,2,100,,31176,343,,,2,100,,31182,343,,,2,102,,31183,343,,,2,100,,31184,343,,,2,100,,31185,343,,,2,100,,31186,343,,,2,100,,31177,343,,,2,100,,31178,343,,,2,100,,31188,343,,,2,100,,31189,343,,,2,100,,31174,343,,,2,99,,31179,343,,,2,100,,31180,343,,,2,100,,31190,343,,,2,100,,31191,343,,,2,98,,31181,343,,,2,100,,31173,343,,,2
4901,'SA',616,,31208,343,,,2,100,,31192,343,,,2,100,,31209,343,,,2,100,,31201,343,,,2,102,,31195,343,,,2,100,,31196,343,,,2,100,,31197,343,,,2,100,,31198,343,,,2,100,,31202,343,,,2,100,,31203,343,,,2,100,,31204,343,,,2,100,,31205,343,,,2,100,,31206,343,,,2,99,,31193,343,,,2,100,,31207,343,,,2,100,,31199,343,,,2,100,,31194,343,,,2,98,,31210,343,,,2,100,,31200,343,,,2,100,,31211,343,,,2
4901,'SE',616,,31230,343,,,2,20,,31243,343,,,2,15,,31219,343,,,2,55,,31233,343,,,2,15,,31212,343,,,2,16,,31231,343,,,2,14,,31234,343,,,2,55,,31228,343,,,2,15,,31232,343,,,2,15,,31235,343,,,2,20,,31229,343,,,2,60,,31236,343,,,2,101,,31244,343,,,2,100,,31220,343,,,2,101,,31213,343,,,2,100,,31221,343,,,2,97,,31223,343,,,2,100,,31217,343,,,2,103,,31216,343,,,2,12,,31245,343,,,2,19,,31224,343,,,2,51,,31240,343,,,2,15,,31237,343,,,2,15,,31247,343,,,2,15,,31241,343,,,2,55,,31238,343,,,2,15,,31225,343,,,2,14,,31242,343,,,2,15,,31239,343,,,2,71,,31246,343,,,2,100,,31214,343,,,2,100,,31226,343,,,2,100,,31215,343,,,2,99,,31227,343,,,2,100,,31222,343,,,2,100,,31218,343,,,2
54900,'SE',1639,,40706,9033,,,2
54901,'SE',859,,40708,343,,,2
69000,'SE',1616,,40917,4148,,,2,1,,40916,4148,,,2
69001,'SE',844,,40921,1635,,,2,1,,40920,1635,,,2
