4200,'DI',620,,57252,4074,,,1,100,,57253,4074,,,1,100,,57254,4074,,,1,100,,57255,4074,,,1,100,,57256,4074,,,1,100,,57257,4074,,,1,100,,57258,4074,,,1,100,,57259,4074,,,1,100,,57260,4074,,,1,100,,57261,4074,,,1,100,,57262,4074,,,1,100,,57263,4074,,,1,100,,57264,4074,,,1,100,,57265,4074,,,1,100,,57266,4074,,,1,100,,57267,4074,,,1,100,,57268,4074,,,1,100,,57269,4074,,,1,100,,57270,4074,,,1,100,,57271,4074,,,1
4200,'F1',620,,57272,4074,,,1,100,,57273,4074,,,1,100,,57274,4074,,,1,100,,57275,4074,,,1,100,,57276,4074,,,1,100,,57277,4074,,,1,100,,57278,4074,,,1,100,,57279,4074,,,1,100,,57280,4074,,,1,100,,57281,4074,,,1,100,,57282,4074,,,1,100,,57283,4074,,,1,100,,57284,4074,,,1,100,,57285,4074,,,1,100,,57286,4074,,,1,100,,57287,4074,,,1,100,,57288,4074,,,1,100,,57289,4074,,,1,100,,57290,4074,,,1,100,,57291,4074,,,1
4200,'F2',620,,57292,4074,,,1,100,,57293,4074,,,1,100,,57294,4074,,,1,100,,57295,4074,,,1,100,,57296,4074,,,1,100,,57297,4074,,,1,100,,57298,4074,,,1,100,,57299,4074,,,1,100,,57300,4074,,,1,100,,57301,4074,,,1,100,,57302,4074,,,1,100,,57303,4074,,,1,100,,57304,4074,,,1,100,,57305,4074,,,1,100,,57306,4074,,,1,100,,57307,4074,,,1,100,,57308,4074,,,1,100,,57309,4074,,,1,100,,57310,4074,,,1,100,,57311,4074,,,1
4200,'SA',620,,57312,4074,,,1,100,,57313,4074,,,1,100,,57314,4074,,,1,100,,57315,4074,,,1,100,,57316,4074,,,1,100,,57317,4074,,,1,100,,57318,4074,,,1,100,,57319,4074,,,1,100,,57320,4074,,,1,100,,57321,4074,,,1,100,,57322,4074,,,1,100,,57323,4074,,,1,100,,57324,4074,,,1,100,,57325,4074,,,1,100,,57326,4074,,,1,100,,57327,4074,,,1,100,,57328,4074,,,1,100,,57329,4074,,,1,100,,57330,4074,,,1,100,,57331,4074,,,1
4200,'SE',602,,57363,4074,,,1,36,,57346,4074,,,1,69,,57360,4074,,,1,12,,57345,4074,,,1,6,,57340,4074,,,1,6,,57349,4074,,,1,6,,57347,4074,,,1,22,,57350,4074,,,1,61,,57373,4074,,,1,34,,57369,4074,,,1,70,,57374,4074,,,1,30,,57348,4074,,,1,70,,57342,4074,,,1,30,,57343,4074,,,1,70,,57339,4074,,,1,30,,57362,4074,,,1,70,,57335,4074,,,1,30,,57332,4074,,,1,70,,57370,4074,,,1,30,,57341,4074,,,1,70,,57338,4074,,,1,30,,57336,4074,,,1,72,,57351,4074,,,1,30,,57372,4074,,,1,67,,57333,4074,,,1,24,,57361,4074,,,1,55,,57337,4074,,,1,14,,57344,4074,,,1,14,,57371,4074,,,1,14,,57352,4074,,,1,15,,57334,4074,,,1,67,,57366,4074,,,1,30,,57353,4074,,,1,72,,57367,4074,,,1,74,,57354,4074,,,1,30,,57368,4074,,,1,69,,57355,4074,,,1,30,,57364,4074,,,1,70,,57356,4074,,,1,30,,57365,4074,,,1,91,,57357,4074,,,1,100,,57358,4074,,,1,100,,57359,4074,,,1
6000,'SE',631,,58258,4074,,,1,84,,58256,4074,,,1,37,,58259,4074,,,1,86,,58257,4074,,,1,101,,58251,4074,,,1,100,,58269,4074,,,1,100,,58254,4074,,,1,100,,58252,4074,,,1,100,,58255,4074,,,1,100,,58271,4074,,,1,97,,58260,4074,,,1,70,,58267,4074,,,1,25,,58253,4074,,,1,24,,58264,4074,,,1,68,,58262,4074,,,1,28,,58261,4074,,,1,65,,58265,4074,,,1,30,,58263,4074,,,1,68,,58250,4074,,,1,99,,58272,4074,,,1,99,,58273,4074,,,1,100,,58266,4074,,,1,90,,58268,4074,,,1,100,,58270,4074,,,1
16000,'DI',701,,62163,4074,0,19 20,1,100,,62168,4074,0,19 20,1,100,,62162,4074,0,19 20,1,100,,62156,4074,0,19 20,1,100,,62159,4074,0,19 20,1,100,,62165,4074,0,19 20,1,100,,62160,4074,0,19 20,1,100,,62169,4074,0,19 20,1,100,,62161,4074,0,19 20,1,100,,62164,4074,0,19 20,1,100,,62157,4074,0,19 20,1,100,,62166,4074,0,19 20,1,100,,62170,4074,0,19 20,1,102,,62158,4074,0,19 20,1,98,,62167,4074,0,19 20,1
16000,'F1',701,,62178,4074,0,19 20,1,100,,62183,4074,0,19 20,1,100,,62177,4074,0,19 20,1,100,,62171,4074,0,19 20,1,100,,62174,4074,0,19 20,1,100,,62180,4074,0,19 20,1,100,,62175,4074,0,19 20,1,100,,62184,4074,0,19 20,1,100,,62176,4074,0,19 20,1,100,,62179,4074,0,19 20,1,100,,62172,4074,0,19 20,1,100,,62181,4074,0,19 20,1,100,,62185,4074,0,19 20,1,102,,62173,4074,0,19 20,1,98,,62182,4074,0,19 20,1
16000,'F2',701,,62197,4074,0,19 20,1,99,,62186,4074,0,19 20,1,101,,62198,4074,0,19 20,1,100,,50222,4074,0,19 20,1,100,,62191,4074,0,19 20,1,99,,62194,4074,0,19 20,1,101,,62192,4074,0,19 20,1,100,,62189,4074,0,19 20,1,100,,62199,4074,0,19 20,1,100,,62190,4074,0,19 20,1,100,,62187,4074,0,19 20,1,100,,62195,4074,0,19 20,1,100,,62193,4074,0,19 20,1,101,,62188,4074,0,19 20,1,99,,62196,4074,0,19 20,1
16000,'SA',701,,62211,4074,0,19 20,1,99,,62200,4074,0,19 20,1,101,,62212,4074,0,19 20,1,100,,38455,4074,0,19 20,1,100,,62205,4074,0,19 20,1,99,,62208,4074,0,19 20,1,101,,62206,4074,0,19 20,1,100,,62203,4074,0,19 20,1,100,,62213,4074,0,19 20,1,100,,62204,4074,0,19 20,1,100,,62201,4074,0,19 20,1,100,,62209,4074,0,19 20,1,100,,62207,4074,0,19 20,1,101,,62202,4074,0,19 20,1,99,,62210,4074,0,19 20,1
16000,'SE',615,,62221,4074,0,19 20,1,95,,62214,4074,0,19 20,1,38,,62219,4074,0,19 20,1,95,,62215,4074,0,19 20,1,89,,62218,4074,0,19 20,1,86,,62230,4074,0,19 20,1,100,,62228,4074,0,19 20,1,100,,62222,4074,0,19 20,1,100,,62216,4074,0,19 20,1,100,,62231,4074,0,19 20,1,98,,62220,4074,0,19 20,1,30,,62229,4074,0,19 20,1,68,,62232,4074,0,19 20,1,24,,62237,4074,0,19 20,1,70,,62234,4074,0,19 20,1,28,,62233,4074,0,19 20,1,70,,62223,4074,0,19 20,1,30,,62236,4074,0,19 20,1,70,,62235,4074,0,19 20,1,47,,62217,4074,0,19 20,1,100,,62224,4074,0,19 20,1,100,,62226,4074,0,19 20,1,92,,62225,4074,0,19 20,1,100,,62227,4074,0,19 20,1
53201,'SE',917,,63438,8255,,,2,1,,63439,8255,,,2
54201,'SE',906,,63455,4161,,,2
