1701,'DI',610,,54947,11545,,,1,100,,54951,11545,,,1,30,,54963,11545,,,1,70,,54967,11545,,,1,30,,54945,11545,,,1,70,,54952,11545,,,1,30,,25578,11545,,,1,70,,54948,11545,,,1,30,,54946,11545,,,1,70,,54965,11545,,,1,30,,54956,11545,,,1,70,,54953,11545,,,1,30,,54964,11545,,,1,70,,54942,11545,,,1,30,,54957,11545,,,1,70,,54955,11545,,,1,30,,54940,11545,,,1,70,,54954,11545,,,1,30,,54961,11545,,,1,69,,54949,11545,,,1,30,,54937,11545,,,1,71,,54950,11545,,,1,30,,54938,11545,,,1,70,,54941,11545,,,1,31,,54939,11545,,,1,70,,54944,11545,,,1,99,,54966,11545,,,1,100,,54962,11545,,,1,100,,54958,11545,,,1,100,,54943,11545,,,1,100,,54959,11545,,,1,100,,25549,11545,,,1
1701,'F1',610,,54978,11545,,,1,100,,54982,11545,,,1,30,,54994,11545,,,1,70,,54998,11545,,,1,30,,54976,11545,,,1,70,,54983,11545,,,1,30,,45135,11545,,,1,70,,54979,11545,,,1,30,,54977,11545,,,1,70,,54996,11545,,,1,30,,54987,11545,,,1,70,,54984,11545,,,1,30,,54995,11545,,,1,70,,54973,11545,,,1,30,,54988,11545,,,1,70,,54986,11545,,,1,30,,54971,11545,,,1,70,,54985,11545,,,1,30,,54992,11545,,,1,69,,54980,11545,,,1,30,,54968,11545,,,1,71,,54981,11545,,,1,30,,54969,11545,,,1,70,,54972,11545,,,1,31,,54970,11545,,,1,70,,54975,11545,,,1,99,,54997,11545,,,1,100,,54993,11545,,,1,100,,54989,11545,,,1,100,,54974,11545,,,1,100,,54990,11545,,,1,100,,45106,11545,,,1
1701,'F2',610,,55010,11545,,,1,100,,55007,11545,,,1,30,,55017,11545,,,1,70,,55011,11545,,,1,30,,55026,11545,,,1,70,,55001,11545,,,1,30,,55018,11545,,,1,70,,55012,11545,,,1,30,,55027,11545,,,1,70,,55002,11545,,,1,30,,55019,11545,,,1,70,,55006,11545,,,1,30,,54999,11545,,,1,70,,55005,11545,,,1,30,,55029,11545,,,1,70,,55003,11545,,,1,30,,55013,11545,,,1,70,,55020,11545,,,1,30,,55000,11545,,,1,70,,55008,11545,,,1,30,,55028,11545,,,1,69,,55023,11545,,,1,30,,55014,11545,,,1,71,,55024,11545,,,1,30,,55015,11545,,,1,71,,55025,11545,,,1,99,,55030,11545,,,1,100,,55021,11545,,,1,100,,55004,11545,,,1,100,,55016,11545,,,1,100,,55009,11545,,,1,100,,55022,11545,,,1
1701,'SA',610,,55043,11545,,,1,100,,55040,11545,,,1,30,,55050,11545,,,1,70,,55044,11545,,,1,30,,55059,11545,,,1,70,,55034,11545,,,1,30,,55051,11545,,,1,70,,55045,11545,,,1,30,,55060,11545,,,1,70,,55035,11545,,,1,30,,55052,11545,,,1,70,,55039,11545,,,1,30,,55032,11545,,,1,70,,55038,11545,,,1,30,,55062,11545,,,1,70,,55036,11545,,,1,30,,55046,11545,,,1,70,,55053,11545,,,1,30,,55033,11545,,,1,70,,55041,11545,,,1,30,,55061,11545,,,1,69,,55056,11545,,,1,30,,55047,11545,,,1,71,,55057,11545,,,1,30,,55048,11545,,,1,71,,55058,11545,,,1,99,,55063,11545,,,1,100,,55054,11545,,,1,100,,55037,11545,,,1,100,,55049,11545,,,1,100,,55042,11545,,,1,100,,55055,11545,,,1
2001,'DI',605,,55490,13765,,,2,100,,55504,13765,,,2,100,,55495,13765,,,2,100,,55491,13765,,,2,100,,55502,13765,,,2,100,,55496,13765,,,2,97,,55487,13765,,,2,103,,55488,13765,,,2,100,,55505,13765,,,2,100,,55503,13765,,,2,100,,55500,13765,,,2,97,,55492,13765,,,2,103,,55493,13765,,,2,100,,55501,13765,,,2,100,,55497,13765,,,2,100,,55489,13765,,,2,100,,55498,13765,,,2,100,,55494,13765,,,2,100,,55499,13765,,,2
2001,'F1',605,,55510,13765,,,2,100,,55524,13765,,,2,100,,55515,13765,,,2,100,,55511,13765,,,2,100,,55522,13765,,,2,100,,55516,13765,,,2,97,,55507,13765,,,2,103,,55508,13765,,,2,100,,55525,13765,,,2,100,,55523,13765,,,2,100,,55520,13765,,,2,97,,55512,13765,,,2,103,,55513,13765,,,2,100,,55521,13765,,,2,100,,55517,13765,,,2,100,,55509,13765,,,2,100,,55518,13765,,,2,100,,55514,13765,,,2,100,,55519,13765,,,2
2001,'F2',606,,55539,13765,,,2,100,,55541,13765,,,2,100,,55540,13765,,,2,100,,55542,13765,,,2,100,,55534,13765,,,2,100,,55527,13765,,,2,100,,55535,13765,,,2,100,,55528,13765,,,2,100,,55536,13765,,,2,100,,55529,13765,,,2,100,,55537,13765,,,2,96,,55543,13765,,,2,104,,55544,13765,,,2,104,,55545,13765,,,2,96,,55531,13765,,,2,100,,55538,13765,,,2,100,,55532,13765,,,2,100,,55530,13765,,,2,100,,55533,13765,,,2,100,,55546,13765,,,2
2001,'SA',606,,55559,13765,,,2,100,,55561,13765,,,2,100,,55560,13765,,,2,100,,55562,13765,,,2,100,,55554,13765,,,2,100,,55547,13765,,,2,100,,55555,13765,,,2,100,,55548,13765,,,2,100,,55556,13765,,,2,100,,55549,13765,,,2,100,,55557,13765,,,2,96,,55563,13765,,,2,104,,55564,13765,,,2,104,,55565,13765,,,2,96,,55551,13765,,,2,100,,55558,13765,,,2,100,,55552,13765,,,2,100,,55550,13765,,,2,100,,55553,13765,,,2,100,,55566,13765,,,2
2001,'SE',552,,55584,13765,,,2,76,,55567,13765,,,2,20,,55605,13765,,,2,57,,55615,13765,,,2,9,,55610,13765,,,2,9,,55588,13765,,,2,9,,55591,13765,,,2,9,,55592,13765,,,2,4,,55568,13765,,,2,14,,55572,13765,,,2,50,,55586,13765,,,2,8,,55585,13765,,,2,10,,55612,13765,,,2,8,,55589,13765,,,2,6,,55569,13765,,,2,14,,55593,13765,,,2,71,,55587,13765,,,2,31,,55578,13765,,,2,70,,55580,13765,,,2,31,,55571,13765,,,2,70,,55616,13765,,,2,30,,55579,13765,,,2,70,,55590,13765,,,2,30,,55620,13765,,,2,70,,55617,13765,,,2,30,,55574,13765,,,2,70,,55573,13765,,,2,30,,55581,13765,,,2,70,,55618,13765,,,2,73,,55609,13765,,,2,21,,55613,13765,,,2,17,,55596,13765,,,2,15,,55606,13765,,,2,55,,55621,13765,,,2,15,,55594,13765,,,2,15,,55601,13765,,,2,11,,55597,13765,,,2,53,,55575,13765,,,2,9,,55607,13765,,,2,12,,55598,13765,,,2,13,,55595,13765,,,2,9,,55611,13765,,,2,54,,55619,13765,,,2,13,,55576,13765,,,2,15,,55608,13765,,,2,28,,55614,13765,,,2,70,,55577,13765,,,2,30,,55603,13765,,,2,70,,55582,13765,,,2,30,,55583,13765,,,2,70,,55604,13765,,,2,100,,55602,13765,,,2,100,,55599,13765,,,2,100,,55570,13765,,,2
2501,'DI',1617,,56146,16644,,,2
2501,'F1',1617,,56147,16644,,,2
2501,'F2',1617,,56148,16644,,,2
2501,'SA',1617,,56149,16644,,,2
2501,'SE',529,,56159,15008,,,2,30,,56162,15008,,,2,63,,56171,15008,,,2,34,,56160,15008,,,2,76,,56177,16644,,,2,70,,56175,16644,,,2,26,,56161,15008,,,2,30,,56163,15008,,,2,67,,56165,15008,,,2,505,,56172,15008,,,2,71,,56164,15008,,,2,33,,56170,15008,,,2,71,,56181,16644,,,2,20,,56180,16644,,,2,12,,56178,16644,,,2,9,,56155,15008,,,2,59,,56166,15008,,,2,14,,56152,15008,,,2,14,,56150,15008,,,2,68,,56167,15008,,,2,27,,56154,15008,,,2,29,,56151,15008,,,2,99,,56153,15008,,,2,385,,56174,15008,,,2,86,,56176,16644,,,2,12,,56156,15008,,,2,75,,56169,15008,,,2
7601,'SE',522,,59914,8663,,,1,30,,59944,8663,,,1,70,,59925,8663,,,1,27,,59941,8663,,,1,61,,59924,8663,,,1,20,,59926,8663,,,1,22,,59900,8663,,,1,4,,59921,8663,,,1,45,,59906,8663,,,1,14,,59927,8663,,,1,21,,59901,8663,,,1,21,,59943,8663,,,1,66,,59928,8663,,,1,30,,59922,8663,,,1,70,,59903,8663,,,1,30,,59910,8663,,,1,70,,59915,8663,,,1,30,,59942,8663,,,1,70,,59920,8663,,,1,30,,59940,8663,,,1,70,,59907,8663,,,1,30,,59904,8663,,,1,70,,59911,8663,,,1,32,,59908,8663,,,1,75,,59912,8663,,,1,26,,59919,8663,,,1,72,,59917,8663,,,1,75,,59916,8663,,,1,24,,59933,8663,,,1,15,,59939,8663,,,1,59,,59902,8663,,,1,21,,59909,8663,,,1,17,,59934,8663,,,1,18,,59905,8663,,,1,66,,59913,8663,,,1,30,,59918,8663,,,1,70,,59899,8663,,,1,29,,59929,8663,,,1,70,,59935,8663,,,1,30,,59930,8663,,,1,70,,59936,8663,,,1,29,,59923,8663,,,1,70,,59937,8663,,,1,30,,59931,8663,,,1,70,,59938,8663,,,1,30,,59932,8663,,,1
