2101,'DI',554,,55843,4236,,,1,70,,55842,4236,,,1,30,,55853,4236,,,1,69,,55850,4236,,,1,30,,55860,4236,,,1,70,,55849,4236,,,1,31,,55857,4236,,,1,70,,55874,4236,,,1,30,,55848,4236,,,1,67,,55851,4236,,,1,33,,55854,4236,,,1,70,,55862,4236,,,1,32,,55852,4236,,,1,70,,55870,4236,,,1,31,,55844,4236,,,1,72,,55868,4236,,,1,30,,55861,4236,,,1,70,,55858,4236,,,1,30,,55866,4236,,,1,70,,55869,4236,,,1,30,,55855,4236,,,1,70,,55867,4236,,,1,30,,55845,4236,,,1,70,,55859,4236,,,1,30,,55873,4236,,,1,70,,55865,4236,,,1,28,,55863,4236,,,1,67,,55838,4236,,,1,30,,55856,4236,,,1,70,,55872,4236,,,1,30,,55846,4236,,,1,70,,55871,4236,,,1,30,,55835,4236,,,1,70,,55837,4236,,,1,30,,55864,4236,,,1,70,,55847,4236,,,1,30,,55840,4236,,,1,70,,55839,4236,,,1,30,,55841,4236,,,1,70,,55836,4236,,,1
2101,'F1',554,,55883,4236,,,1,70,,55882,4236,,,1,30,,55893,4236,,,1,69,,55890,4236,,,1,30,,55900,4236,,,1,70,,55889,4236,,,1,31,,55897,4236,,,1,70,,55914,4236,,,1,30,,55888,4236,,,1,67,,55891,4236,,,1,33,,55894,4236,,,1,70,,55902,4236,,,1,32,,55892,4236,,,1,70,,55910,4236,,,1,31,,55884,4236,,,1,72,,55908,4236,,,1,30,,55901,4236,,,1,70,,55898,4236,,,1,30,,55906,4236,,,1,70,,55909,4236,,,1,30,,55895,4236,,,1,70,,55907,4236,,,1,30,,55885,4236,,,1,70,,55899,4236,,,1,30,,55913,4236,,,1,70,,55905,4236,,,1,28,,55903,4236,,,1,67,,55878,4236,,,1,30,,55896,4236,,,1,70,,55912,4236,,,1,30,,55886,4236,,,1,70,,55911,4236,,,1,30,,55875,4236,,,1,70,,55877,4236,,,1,30,,55904,4236,,,1,70,,55887,4236,,,1,30,,55880,4236,,,1,70,,55879,4236,,,1,30,,55881,4236,,,1,70,,55876,4236,,,1
2101,'F2',554,,55917,4236,,,1,70,,55919,4236,,,1,30,,55948,4236,,,1,70,,55918,4236,,,1,31,,55938,4236,,,1,70,,55929,4236,,,1,30,,55920,4236,,,1,70,,55949,4236,,,1,30,,55944,4236,,,1,65,,55941,4236,,,1,31,,55933,4236,,,1,74,,55936,4236,,,1,33,,55942,4236,,,1,66,,55950,4236,,,1,34,,55927,4236,,,1,71,,55953,4236,,,1,30,,55945,4236,,,1,70,,55937,4236,,,1,30,,55921,4236,,,1,70,,55954,4236,,,1,30,,55946,4236,,,1,70,,55932,4236,,,1,30,,55922,4236,,,1,70,,55939,4236,,,1,30,,55947,4236,,,1,70,,55926,4236,,,1,28,,55923,4236,,,1,67,,55940,4236,,,1,30,,55951,4236,,,1,70,,55943,4236,,,1,30,,55915,4236,,,1,70,,55934,4236,,,1,30,,55924,4236,,,1,70,,55928,4236,,,1,30,,55930,4236,,,1,70,,55916,4236,,,1,30,,55952,4236,,,1,70,,55935,4236,,,1,30,,55931,4236,,,1,70,,55925,4236,,,1
2101,'SA',554,,55957,4236,,,1,70,,55959,4236,,,1,30,,55988,4236,,,1,70,,55958,4236,,,1,31,,55978,4236,,,1,70,,55969,4236,,,1,30,,55960,4236,,,1,70,,55989,4236,,,1,30,,55984,4236,,,1,65,,55981,4236,,,1,31,,55973,4236,,,1,74,,55976,4236,,,1,33,,55982,4236,,,1,66,,55990,4236,,,1,34,,55967,4236,,,1,71,,55993,4236,,,1,30,,55985,4236,,,1,70,,55977,4236,,,1,30,,55961,4236,,,1,70,,55994,4236,,,1,30,,55986,4236,,,1,70,,55972,4236,,,1,30,,55962,4236,,,1,70,,55979,4236,,,1,30,,55987,4236,,,1,70,,55966,4236,,,1,28,,55963,4236,,,1,67,,55980,4236,,,1,30,,55991,4236,,,1,70,,55983,4236,,,1,30,,55955,4236,,,1,70,,55974,4236,,,1,30,,55964,4236,,,1,70,,55968,4236,,,1,30,,55970,4236,,,1,70,,55956,4236,,,1,30,,55992,4236,,,1,70,,55975,4236,,,1,30,,55971,4236,,,1,70,,55965,4236,,,1
2101,'SE',448,,55997,4236,,,1,86,,55996,4236,,,1,67,,56025,4236,,,1,15,,45788,4236,,,1,15,,56021,4236,,,1,12,,45786,4236,,,1,10,,56030,4236,,,1,50,,56027,4236,,,1,12,,56022,4236,,,1,10,,56032,4236,,,1,10,,56031,4236,,,1,10,,56023,4236,,,1,13,,45789,4236,,,1,58,,56028,4236,,,1,17,,56033,4236,,,1,23,,56035,4236,,,1,56,,56036,4236,,,1,20,,56010,4236,,,1,21,,56001,4236,,,1,67,,55998,4236,,,1,33,,56000,4236,,,1,70,,55995,4236,,,1,30,,55999,4236,,,1,71,,56005,4236,,,1,33,,56011,4236,,,1,70,,56006,4236,,,1,30,,56012,4236,,,1,74,,56002,4236,,,1,28,,56037,4236,,,1,70,,56026,4236,,,1,73,,56041,4236,,,1,15,,56034,4236,,,1,15,,56024,4236,,,1,15,,56039,4236,,,1,55,,56038,4236,,,1,18,,56029,4236,,,1,19,,56040,4236,,,1,17,,56019,4236,,,1,60,,56016,4236,,,1,26,,56014,4236,,,1,68,,56007,4236,,,1,25,,56017,4236,,,1,70,,56013,4236,,,1,30,,56015,4236,,,1,69,,56008,4236,,,1,30,,56009,4236,,,1,70,,56003,4236,,,1,99,,56020,4236,,,1,98,,56018,4236,,,1,55,,56004,4236,,,1
13200,'DI',836,,61957,3392,0,21 45,1,100,,61955,3392,0,21 45,1,100,,61959,3392,0,21 45,1,100,,61958,3392,0,21 45,1,100,,61960,3392,0,21 45,1,100,,61956,3392,0,21 45,1,100,,61962,3392,0,21 45,1,105,,61961,3392,0,21 45,1,95,,61964,3392,0,21 45,1,100,,61963,3392,0,21 45,1,102,,61965,3392,0,21 45,1,98,,61970,3392,0,21 45,1,100,,61968,3392,0,21 45,1,100,,61966,3392,0,21 45,1,100,,61971,3392,0,21 45,1,100,,61969,3392,0,21 45,1,100,,61967,3392,0,21 45,1,100,,61972,3392,0,21 45,1
13200,'F1',836,,61975,3392,0,21 45,1,100,,61973,3392,0,21 45,1,100,,61977,3392,0,21 45,1,100,,61976,3392,0,21 45,1,100,,61978,3392,0,21 45,1,100,,61974,3392,0,21 45,1,100,,61980,3392,0,21 45,1,105,,61979,3392,0,21 45,1,95,,61982,3392,0,21 45,1,100,,61981,3392,0,21 45,1,102,,61983,3392,0,21 45,1,98,,61988,3392,0,21 45,1,100,,61986,3392,0,21 45,1,100,,61984,3392,0,21 45,1,100,,61989,3392,0,21 45,1,100,,61987,3392,0,21 45,1,100,,61985,3392,0,21 45,1,100,,61990,3392,0,21 45,1
13200,'F2',736,,61997,3392,0,21 45,1,100,,61992,3392,0,21 45,1,100,,61995,3392,0,21 45,1,103,,61998,3392,0,21 45,1,97,,61991,3392,0,21 45,1,104,,61996,3392,0,21 45,1,96,,61999,3392,0,21 45,1,104,,62000,3392,0,21 45,1,96,,62002,3392,0,21 45,1,100,,61993,3392,0,21 45,1,100,,62001,3392,0,21 45,1,102,,62003,3392,0,21 45,1,98,,62006,3392,0,21 45,1,100,,62004,3392,0,21 45,1,100,,62009,3392,0,21 45,1,100,,62007,3392,0,21 45,1,100,,62005,3392,0,21 45,1,100,,61994,3392,0,21 45,1,100,,62008,3392,0,21 45,1
13200,'SA',736,,62016,3392,0,21 45,1,100,,62011,3392,0,21 45,1,100,,62014,3392,0,21 45,1,103,,62017,3392,0,21 45,1,97,,62010,3392,0,21 45,1,104,,62015,3392,0,21 45,1,96,,62018,3392,0,21 45,1,104,,62019,3392,0,21 45,1,96,,62021,3392,0,21 45,1,100,,62012,3392,0,21 45,1,100,,62020,3392,0,21 45,1,102,,62022,3392,0,21 45,1,98,,62025,3392,0,21 45,1,100,,62023,3392,0,21 45,1,100,,62028,3392,0,21 45,1,100,,62026,3392,0,21 45,1,100,,62024,3392,0,21 45,1,100,,62013,3392,0,21 45,1,100,,62027,3392,0,21 45,1
13200,'SE',645,,62038,3392,0,21 45,1,61,,62041,3392,0,21 45,1,11,,62031,3392,0,21 45,1,9,,62040,3392,0,21 45,1,4,,62033,3392,0,21 45,1,22,,62036,3392,0,21 45,1,58,,62039,3392,0,21 45,1,20,,62042,3392,0,21 45,1,79,,62037,3392,0,21 45,1,97,,62043,3392,0,21 45,1,99,,62035,3392,0,21 45,1,96,,62046,3392,0,21 45,1,100,,62029,3392,0,21 45,1,108,,62052,3392,0,21 45,1,94,,62047,3392,0,21 45,1,24,,62053,3392,0,21 45,1,20,,62049,3392,0,21 45,1,60,,62032,3392,0,21 45,1,21,,62048,3392,0,21 45,1,20,,62051,3392,0,21 45,1,60,,62044,3392,0,21 45,1,21,,62030,3392,0,21 45,1,21,,62034,3392,0,21 45,1,59,,62054,3392,0,21 45,1,19,,62045,3392,0,21 45,1,19,,62050,3392,0,21 45,1
53200,'SE',1644,,63436,10746,,,2,1,,63437,10746,,,2
