301,'DI',631,,698,9070,,,1,100,,20863,9070,,,1,100,,699,9070,,,1,100,,20864,9070,,,1,100,,700,9070,,,1,100,,20865,9070,,,1,100,,701,9070,,,1,100,,20866,9070,,,1,100,,702,9070,,,1,100,,703,9070,,,1,100,,704,9070,,,1,100,,705,9070,,,1,100,,706,9070,,,1,100,,20856,9070,,,1,100,,20857,9070,,,1,100,,20858,9070,,,1,100,,20859,9070,,,1,100,,20860,9070,,,1,100,,20861,9070,,,1
301,'F8',601,,20979,9070,,,1,30,,20987,9070,,,1,70,,20980,9070,,,1,30,,20997,9070,,,1,70,,20981,9070,,,1,30,,20988,9070,,,1,70,,20982,9070,,,1,30,,20998,9070,,,1,70,,20983,9070,,,1,30,,20999,9070,,,1,70,,20984,9070,,,1,30,,20989,9070,,,1,70,,20985,9070,,,1,30,,20990,9070,,,1,70,,20986,9070,,,1,30,,21006,9070,,,1,70,,21000,9070,,,1,30,,20991,9070,,,1,70,,21001,9070,,,1,30,,21007,9070,,,1,70,,21002,9070,,,1,30,,21008,9070,,,1,70,,21003,9070,,,1,30,,21009,9070,,,1,70,,21004,9070,,,1,30,,21010,9070,,,1,100,,21011,9070,,,1,100,,20992,9070,,,1,100,,20993,9070,,,1,100,,20994,9070,,,1,100,,20995,9070,,,1,100,,21012,9070,,,1
301,'F9',631,,21013,9070,,,1,100,,21029,9070,,,1,100,,21014,9070,,,1,100,,21030,9070,,,1,100,,21015,9070,,,1,100,,21031,9070,,,1,100,,21016,9070,,,1,100,,21032,9070,,,1,100,,21017,9070,,,1,100,,21018,9070,,,1,100,,21019,9070,,,1,100,,21020,9070,,,1,100,,21021,9070,,,1,100,,21022,9070,,,1,100,,21023,9070,,,1,100,,21024,9070,,,1,100,,21025,9070,,,1,100,,21026,9070,,,1,100,,21027,9070,,,1
301,'SA',601,,21033,9070,,,1,30,,21041,9070,,,1,70,,21034,9070,,,1,30,,21051,9070,,,1,70,,21035,9070,,,1,30,,21042,9070,,,1,70,,21036,9070,,,1,30,,21052,9070,,,1,70,,21037,9070,,,1,30,,21053,9070,,,1,70,,21038,9070,,,1,30,,21043,9070,,,1,70,,21039,9070,,,1,30,,21044,9070,,,1,70,,21040,9070,,,1,30,,21054,9070,,,1,70,,847,9070,,,1,30,,21045,9070,,,1,70,,848,9070,,,1,30,,21055,9070,,,1,70,,849,9070,,,1,30,,21056,9070,,,1,70,,850,9070,,,1,30,,21057,9070,,,1,70,,851,9070,,,1,30,,21058,9070,,,1,100,,21059,9070,,,1,100,,21046,9070,,,1,100,,21047,9070,,,1,100,,21048,9070,,,1,100,,21049,9070,,,1,100,,21060,9070,,,1
301,'SE',519,,21071,9070,,,1,30,,21061,9070,,,1,72,,21092,9070,,,1,25,,21093,9070,,,1,61,,21095,9070,,,1,20,,21087,9070,,,1,21,,21086,9070,,,1,57,,21085,9070,,,1,22,,21088,9070,,,1,21,,21100,9070,,,1,59,,21098,9070,,,1,28,,21077,9070,,,1,70,,21072,9070,,,1,30,,21078,9070,,,1,70,,21073,9070,,,1,30,,21062,9070,,,1,70,,21074,9070,,,1,30,,21063,9070,,,1,70,,21075,9070,,,1,30,,21064,9070,,,1,70,,21076,9070,,,1,30,,21065,9070,,,1,70,,21096,9070,,,1,32,,21089,9070,,,1,79,,21103,9070,,,1,84,,21097,9070,,,1,41,,21091,9070,,,1,78,,21102,9070,,,1,89,,21081,9070,,,1,27,,21083,9070,,,1,67,,21082,9070,,,1,30,,21084,9070,,,1,70,,21069,9070,,,1,30,,21068,9070,,,1,70,,21070,9070,,,1,30,,21079,9070,,,1,100,,21080,9070,,,1,100,,21066,9070,,,1
400,'DI',646,,21120,20033,,,1,69,,21106,20033,,,1,30,,21112,20033,,,1,70,,21124,20033,,,1,30,,21121,20033,,,1,72,,21107,20033,,,1,30,,21113,20033,,,1,72,,21127,20033,,,1,30,,21129,20033,,,1,70,,21108,20033,,,1,33,,21114,20033,,,1,70,,21128,20033,,,1,27,,21130,20033,,,1,71,,21109,20033,,,1,32,,21135,20033,,,1,70,,21136,20033,,,1,28,,21131,20033,,,1,71,,21110,20033,,,1,29,,21115,20033,,,1,70,,21138,20033,,,1,32,,21118,20033,,,1,70,,21111,20033,,,1,30,,21116,20033,,,1,70,,21139,20033,,,1,30,,21119,20033,,,1,68,,21132,20033,,,1,30,,21137,20033,,,1,70,,21134,20033,,,1,30,,21126,20033,,,1,70,,21133,20033,,,1,30,,21122,20033,,,1,70,,21105,20033,,,1,30,,21117,20033,,,1,100,,21123,20033,,,1,100,,21125,20033,,,1
400,'F8',646,,21254,20033,,,1,69,,21250,20033,,,1,30,,21258,20033,,,1,70,,21259,20033,,,1,30,,21255,20033,,,1,72,,21251,20033,,,1,30,,21277,20033,,,1,72,,21260,20033,,,1,31,,21256,20033,,,1,70,,21252,20033,,,1,32,,21278,20033,,,1,70,,21261,20033,,,1,30,,21271,20033,,,1,70,,21282,20033,,,1,30,,21269,20033,,,1,70,,21281,20033,,,1,30,,21265,20033,,,1,70,,21249,20033,,,1,30,,21262,20033,,,1,70,,21272,20033,,,1,30,,21283,20033,,,1,70,,21280,20033,,,1,30,,21268,20033,,,1,70,,21274,20033,,,1,28,,21267,20033,,,1,70,,21257,20033,,,1,30,,21273,20033,,,1,70,,21264,20033,,,1,30,,21253,20033,,,1,70,,21276,20033,,,1,30,,21263,20033,,,1,70,,21275,20033,,,1,30,,21279,20033,,,1,100,,21270,20033,,,1,100,,21266,20033,,,1
400,'F9',646,,21299,20033,,,1,69,,21285,20033,,,1,30,,21291,20033,,,1,70,,21303,20033,,,1,30,,21300,20033,,,1,72,,21286,20033,,,1,30,,21292,20033,,,1,72,,21306,20033,,,1,30,,21308,20033,,,1,70,,21287,20033,,,1,33,,21293,20033,,,1,70,,21307,20033,,,1,27,,21309,20033,,,1,71,,21288,20033,,,1,32,,21314,20033,,,1,70,,21315,20033,,,1,28,,21310,20033,,,1,71,,21289,20033,,,1,29,,21294,20033,,,1,70,,21317,20033,,,1,32,,21297,20033,,,1,70,,21290,20033,,,1,30,,21295,20033,,,1,70,,21318,20033,,,1,30,,21298,20033,,,1,68,,21311,20033,,,1,30,,21316,20033,,,1,70,,21313,20033,,,1,30,,21305,20033,,,1,70,,21312,20033,,,1,30,,21301,20033,,,1,70,,21284,20033,,,1,30,,21296,20033,,,1,100,,21302,20033,,,1,100,,21304,20033,,,1
400,'SA',646,,1101,20033,,,1,69,,21319,20033,,,1,30,,1103,20033,,,1,70,,1104,20033,,,1,30,,1102,20033,,,1,72,,21320,20033,,,1,30,,21339,20033,,,1,72,,1105,20033,,,1,31,,21323,20033,,,1,70,,21321,20033,,,1,32,,21340,20033,,,1,70,,1106,20033,,,1,30,,21333,20033,,,1,70,,21344,20033,,,1,30,,21331,20033,,,1,70,,21343,20033,,,1,30,,21327,20033,,,1,70,,1099,20033,,,1,30,,1107,20033,,,1,70,,21334,20033,,,1,30,,21345,20033,,,1,70,,21342,20033,,,1,30,,21330,20033,,,1,70,,21336,20033,,,1,28,,21329,20033,,,1,70,,21324,20033,,,1,30,,21335,20033,,,1,70,,21326,20033,,,1,30,,21322,20033,,,1,70,,21338,20033,,,1,30,,21325,20033,,,1,70,,21337,20033,,,1,30,,21341,20033,,,1,100,,21332,20033,,,1,100,,21328,20033,,,1
400,'SE',552,,21377,20033,,,1,65,,21370,20033,,,1,28,,21369,20033,,,1,60,,21378,20033,,,1,15,,21371,20033,,,1,20,,21376,20033,,,1,66,,21379,20033,,,1,19,,21373,20033,,,1,24,,1174,20033,,,1,9,,21380,20033,,,1,72,,21372,20033,,,1,13,,21355,20033,,,1,63,,21353,20033,,,1,30,,21346,20033,,,1,70,,21359,20033,,,1,30,,21357,20033,,,1,70,,21366,20033,,,1,30,,21356,20033,,,1,70,,1148,20033,,,1,30,,21365,20033,,,1,70,,21362,20033,,,1,29,,21354,20033,,,1,69,,21347,20033,,,1,34,,1172,20033,,,1,66,,21375,20033,,,1,38,,21381,20033,,,1,67,,21382,20033,,,1,30,,1173,20033,,,1,69,,21374,20033,,,1,24,,21349,20033,,,1,20,,21361,20033,,,1,71,,21363,20033,,,1,34,,1151,20033,,,1,70,,21348,20033,,,1,30,,21364,20033,,,1,67,,21360,20033,,,1,30,,21350,20033,,,1,70,,21358,20033,,,1,27,,21367,20033,,,1,70,,21368,20033,,,1,100,,21352,20033,,,1
901,'SE',631,,23464,13346,,,2,71,,23466,13346,,,2,32,,23465,13346,,,2,70,,23467,13346,,,2,30,,23468,13346,,,2,822,,23470,6808,,,2,75,,23469,6808,,,2,25,,23471,6808,,,2
1901,'DI',601,,25993,13408,,,2,100,,25994,13408,,,2,100,,25995,13408,,,2,100,,25996,13408,,,2,104,,25997,13408,,,2,100,,25998,13408,,,2,100,,25999,13408,,,2,100,,26000,13408,,,2,100,,26001,13408,,,2,100,,26002,13408,,,2,100,,26003,13408,,,2,100,,26004,13408,,,2,100,,26005,13408,,,2,100,,26006,13408,,,2,100,,26007,13408,,,2,100,,26008,13408,,,2,100,,26009,13408,,,2,100,,26010,13408,,,2,100,,26011,13408,,,2,100,,26012,13408,,,2
1901,'F8',601,,26123,13408,,,2,30,,26133,13408,,,2,70,,26124,13408,,,2,30,,26134,13408,,,2,70,,26125,13408,,,2,30,,26135,13408,,,2,70,,26126,13408,,,2,30,,26136,13408,,,2,74,,26127,13408,,,2,30,,26137,13408,,,2,70,,26128,13408,,,2,30,,26138,13408,,,2,70,,26129,13408,,,2,30,,26150,13408,,,2,70,,26130,13408,,,2,30,,26151,13408,,,2,70,,26131,13408,,,2,30,,26152,13408,,,2,70,,26132,13408,,,2,30,,26153,13408,,,2,70,,26139,13408,,,2,30,,26154,13408,,,2,70,,26140,13408,,,2,30,,26155,13408,,,2,70,,26141,13408,,,2,30,,26156,13408,,,2,70,,26142,13408,,,2,100,,26143,13408,,,2,100,,26144,13408,,,2,100,,26145,13408,,,2,100,,26146,13408,,,2,100,,26147,13408,,,2,100,,26148,13408,,,2
1901,'F9',601,,26158,13408,,,2,100,,26159,13408,,,2,100,,26160,13408,,,2,100,,26161,13408,,,2,104,,26162,13408,,,2,100,,26163,13408,,,2,100,,26164,13408,,,2,100,,26165,13408,,,2,100,,26166,13408,,,2,100,,26167,13408,,,2,100,,26168,13408,,,2,100,,26169,13408,,,2,100,,26170,13408,,,2,100,,26171,13408,,,2,100,,26172,13408,,,2,100,,26173,13408,,,2,100,,26174,13408,,,2,100,,26175,13408,,,2,100,,26176,13408,,,2,100,,26177,13408,,,2
1901,'SA',601,,26178,13408,,,2,30,,26188,13408,,,2,70,,26179,13408,,,2,30,,26189,13408,,,2,70,,26180,13408,,,2,30,,26190,13408,,,2,70,,26181,13408,,,2,30,,26191,13408,,,2,74,,26182,13408,,,2,30,,26192,13408,,,2,70,,26183,13408,,,2,30,,26193,13408,,,2,70,,26184,13408,,,2,30,,26205,13408,,,2,70,,26185,13408,,,2,30,,26206,13408,,,2,70,,26186,13408,,,2,30,,26207,13408,,,2,70,,26187,13408,,,2,30,,26208,13408,,,2,70,,26194,13408,,,2,30,,26209,13408,,,2,70,,26195,13408,,,2,30,,26210,13408,,,2,70,,26196,13408,,,2,30,,26211,13408,,,2,70,,26197,13408,,,2,100,,26198,13408,,,2,100,,26199,13408,,,2,100,,26200,13408,,,2,100,,26201,13408,,,2,100,,26202,13408,,,2,100,,26203,13408,,,2
1901,'SE',520,,26226,13408,,,2,35,,26225,13408,,,2,70,,26249,13408,,,2,22,,26241,11431,,,2,54,,26247,11431,,,2,15,,26242,11431,,,2,14,,26245,11431,,,2,12,,26246,11431,,,2,12,,26239,11431,,,2,52,,26244,11431,,,2,14,,26238,11431,,,2,21,,26243,11431,,,2,60,,26240,11431,,,2,33,,26212,13408,,,2,74,,26234,13408,,,2,30,,26213,13408,,,2,70,,26214,13408,,,2,30,,26227,13408,,,2,70,,26215,13408,,,2,30,,26228,13408,,,2,70,,26231,13408,,,2,30,,26229,13408,,,2,70,,26232,13408,,,2,32,,26230,13408,,,2,71,,26250,13408,,,2,30,,26248,13408,,,2,70,,26257,13408,,,2,21,,26256,13408,,,2,23,,26254,13408,,,2,60,,26253,13408,,,2,21,,26255,13408,,,2,17,,26251,13408,,,2,57,,26252,13408,,,2,19,,26258,13408,,,2,19,,26220,13408,,,2,64,,26233,13408,,,2,24,,26216,13408,,,2,70,,26235,13408,,,2,30,,26217,13408,,,2,70,,26236,13408,,,2,30,,26218,13408,,,2,69,,26237,13408,,,2,100,,26221,13408,,,2,100,,26222,13408,,,2,100,,26223,13408,,,2
2101,'DI',618,,27057,14448,,,1,30,,27051,14448,,,1,70,,27073,14448,,,1,29,,27075,14448,,,1,70,,27077,14448,,,1,30,,27068,14448,,,1,71,,27069,14448,,,1,30,,27074,14448,,,1,70,,27058,14448,,,1,27,,27071,14448,,,1,73,,27084,14448,,,1,30,,27082,14448,,,1,72,,27072,14448,,,1,30,,27059,14448,,,1,71,,27078,14448,,,1,34,,27070,14448,,,1,70,,27076,14448,,,1,30,,27085,14448,,,1,70,,27083,14448,,,1,30,,27060,14448,,,1,70,,27062,14448,,,1,30,,27052,14448,,,1,70,,27065,14448,,,1,30,,27061,14448,,,1,70,,27046,14448,,,1,30,,27053,14448,,,1,65,,27066,14448,,,1,27,,27050,14448,,,1,70,,27047,14448,,,1,30,,27049,14448,,,1,70,,27080,14448,,,1,30,,27063,14448,,,1,70,,27054,14448,,,1,30,,27067,14448,,,1,70,,27055,14448,,,1,30,,27056,14448,,,1,70,,27079,14448,,,1,30,,27081,14448,,,1
2101,'F8',618,,27226,14448,,,1,30,,27217,14448,,,1,70,,27230,14448,,,1,30,,27239,14448,,,1,72,,27240,14448,,,1,30,,27228,14448,,,1,70,,27243,14448,,,1,30,,27231,14448,,,1,70,,27218,14448,,,1,25,,27213,14448,,,1,71,,27227,14448,,,1,34,,27232,14448,,,1,73,,27214,14448,,,1,26,,27219,14448,,,1,74,,27223,14448,,,1,32,,27236,14448,,,1,70,,27241,14448,,,1,30,,27233,14448,,,1,70,,27244,14448,,,1,30,,27237,14448,,,1,70,,27242,14448,,,1,30,,27234,14448,,,1,70,,27246,14448,,,1,30,,27220,14448,,,1,70,,27245,14448,,,1,30,,27235,14448,,,1,65,,27247,14448,,,1,27,,27210,14448,,,1,70,,27224,14448,,,1,30,,27238,14448,,,1,70,,27221,14448,,,1,30,,27229,14448,,,1,70,,27215,14448,,,1,30,,27225,14448,,,1,70,,27211,14448,,,1,30,,27222,14448,,,1,70,,27249,14448,,,1,30,,27216,14448,,,1,70,,27248,14448,,,1
2101,'F9',618,,27261,14448,,,1,30,,27255,14448,,,1,70,,27277,14448,,,1,29,,27279,14448,,,1,70,,27281,14448,,,1,30,,27272,14448,,,1,71,,27273,14448,,,1,30,,27278,14448,,,1,70,,27262,14448,,,1,27,,27275,14448,,,1,73,,27288,14448,,,1,30,,27286,14448,,,1,72,,27276,14448,,,1,30,,27263,14448,,,1,71,,27282,14448,,,1,34,,27274,14448,,,1,70,,27280,14448,,,1,30,,27289,14448,,,1,70,,27287,14448,,,1,30,,27264,14448,,,1,70,,27266,14448,,,1,30,,27256,14448,,,1,70,,27269,14448,,,1,30,,27265,14448,,,1,70,,27250,14448,,,1,30,,27257,14448,,,1,65,,27270,14448,,,1,27,,27254,14448,,,1,70,,27251,14448,,,1,30,,27253,14448,,,1,70,,27284,14448,,,1,30,,27267,14448,,,1,70,,27258,14448,,,1,30,,27271,14448,,,1,70,,27259,14448,,,1,30,,27260,14448,,,1,70,,27283,14448,,,1,30,,27285,14448,,,1
2101,'SA',618,,27306,14448,,,1,30,,27297,14448,,,1,70,,27310,14448,,,1,30,,27319,14448,,,1,72,,27320,14448,,,1,30,,27308,14448,,,1,70,,27321,14448,,,1,30,,27311,14448,,,1,70,,27298,14448,,,1,25,,27293,14448,,,1,71,,27307,14448,,,1,34,,27312,14448,,,1,73,,27294,14448,,,1,26,,27299,14448,,,1,74,,27303,14448,,,1,32,,27316,14448,,,1,70,,6523,14448,,,1,30,,27313,14448,,,1,70,,27322,14448,,,1,30,,27317,14448,,,1,70,,6524,14448,,,1,30,,27314,14448,,,1,70,,27324,14448,,,1,30,,27300,14448,,,1,70,,27323,14448,,,1,30,,27315,14448,,,1,65,,27325,14448,,,1,27,,27290,14448,,,1,70,,27304,14448,,,1,30,,27318,14448,,,1,70,,27301,14448,,,1,30,,27309,14448,,,1,70,,27295,14448,,,1,30,,27305,14448,,,1,70,,27291,14448,,,1,30,,27302,14448,,,1,70,,27326,14448,,,1,30,,27296,14448,,,1,70,,6535,14448,,,1
2101,'SE',516,,27330,14448,,,1,86,,27340,14448,,,1,27,,27359,14448,,,1,15,,27360,14448,,,1,15,,27354,14448,,,1,55,,27356,14448,,,1,10,,27371,14448,,,1,10,,27362,14448,,,1,14,,27373,14448,,,1,10,,27353,14448,,,1,50,,27355,14448,,,1,10,,27364,14448,,,1,13,,27361,14448,,,1,18,,27357,14448,,,1,57,,27372,14448,,,1,22,,27363,14448,,,1,13,,27376,14448,,,1,60,,27344,14448,,,1,21,,27342,14448,,,1,27,,27343,14448,,,1,74,,27346,14448,,,1,30,,27345,14448,,,1,70,,27327,14448,,,1,32,,27337,14448,,,1,73,,27338,14448,,,1,30,,27331,14448,,,1,70,,27347,14448,,,1,80,,27352,14448,,,1,24,,27369,14448,,,1,70,,27368,14448,,,1,33,,27367,14448,,,1,15,,27365,14448,,,1,55,,27358,14448,,,1,13,,27374,14448,,,1,15,,27370,14448,,,1,18,,27366,14448,,,1,59,,27375,14448,,,1,16,,27349,14448,,,1,20,,27332,14448,,,1,66,,27348,14448,,,1,26,,27335,14448,,,1,65,,27350,14448,,,1,30,,27333,14448,,,1,70,,27341,14448,,,1,29,,27328,14448,,,1,70,,27339,14448,,,1,30,,27336,14448,,,1,98,,27334,14448,,,1,97,,27351,14448,,,1
12801,'SE',711,,38033,18732,,,2,822,,38034,18732,,,2,173,,38035,18732,,,2
42101,'SE',617,,39672,10645,,,1,38,,39673,10645,,,1,66,,39671,10645,,,1,22,,39674,10645,,,1,57,,39675,10645,,,1,32,,39679,10645,,,1,722,,39677,10645,,,1,75,,39682,10645,,,1,19,,39678,10645,,,1,70,,39683,10645,,,1,30,,39676,10645,,,1,68,,39680,10645,,,1,533,,39670,10645,,,1
42801,'DI',657,,39840,13137,,,1,154,,39841,13137,,,1,109,,39842,13137,,,1,106,,39843,13137,,,1,110,,39844,13137,,,1,75,,39850,13137,,,1,35,,39845,13137,,,1,76,,39851,13137,,,1,35,,39846,13137,,,1,77,,39852,13137,,,1,74,,39847,13137,,,1,36,,39853,13137,,,1,75,,39848,13137,,,1,84,,39854,13137,,,1,33,,39849,13137,,,1,108,,39855,13137,,,1,106,,39856,13137,,,1,108,,39857,13137,,,1,150,,39858,13137,,,1,114,,39859,13137,,,1
42801,'F8',657,,39908,13137,,,1,154,,39909,13137,,,1,109,,39910,13137,,,1,106,,39911,13137,,,1,110,,39912,13137,,,1,75,,39918,13137,,,1,35,,39913,13137,,,1,76,,39919,13137,,,1,35,,39914,13137,,,1,77,,39920,13137,,,1,74,,39915,13137,,,1,36,,39921,13137,,,1,75,,39916,13137,,,1,84,,39922,13137,,,1,33,,39917,13137,,,1,108,,39923,13137,,,1,106,,39924,13137,,,1,108,,39925,13137,,,1,150,,39926,13137,,,1,114,,39927,13137,,,1
42801,'F9',657,,39928,13137,,,1,154,,39929,13137,,,1,109,,39930,13137,,,1,106,,39931,13137,,,1,110,,39932,13137,,,1,75,,39938,13137,,,1,35,,39933,13137,,,1,76,,39939,13137,,,1,35,,39934,13137,,,1,77,,39940,13137,,,1,74,,39935,13137,,,1,36,,39941,13137,,,1,75,,39936,13137,,,1,84,,39942,13137,,,1,33,,39937,13137,,,1,108,,39943,13137,,,1,106,,39944,13137,,,1,108,,39945,13137,,,1,150,,39946,13137,,,1,114,,39947,13137,,,1
42801,'SA',657,,39948,13137,,,1,154,,39949,13137,,,1,109,,39950,13137,,,1,106,,39951,13137,,,1,110,,39952,13137,,,1,75,,39958,13137,,,1,35,,39953,13137,,,1,76,,39959,13137,,,1,35,,39954,13137,,,1,77,,39960,13137,,,1,74,,39955,13137,,,1,36,,39961,13137,,,1,75,,39956,13137,,,1,84,,39962,13137,,,1,33,,39957,13137,,,1,108,,39963,13137,,,1,106,,39964,13137,,,1,108,,39965,13137,,,1,150,,39966,13137,,,1,114,,39967,13137,,,1
42801,'SE',612,,39968,13137,,,1,40,,39978,13137,,,1,79,,39969,13137,,,1,78,,39979,13137,,,1,40,,39970,13137,,,1,71,,39980,13137,,,1,34,,39971,13137,,,1,72,,39981,13137,,,1,75,,39972,13137,,,1,35,,39982,13137,,,1,75,,39973,13137,,,1,35,,39983,13137,,,1,74,,39974,13137,,,1,33,,39984,13137,,,1,76,,39975,13137,,,1,75,,39985,13137,,,1,36,,39976,13137,,,1,77,,39986,13137,,,1,40,,39977,13137,,,1,79,,39987,13137,,,1,71,,39994,13137,,,1,39,,39988,13137,,,1,72,,39995,13137,,,1,35,,39989,13137,,,1,147,,39990,13137,,,1,108,,39991,13137,,,1,114,,39992,13137,,,1,105,,39993,13137,,,1
