801,'DI',548,,53514,12287,,,1,70,,53522,12287,,,1,30,,53529,12287,,,1,70,,53541,12287,,,1,30,,53515,12287,,,1,71,,53523,12287,,,1,30,,53530,12287,,,1,70,,53542,12287,,,1,28,,53516,12287,,,1,70,,53524,12287,,,1,30,,53531,12287,,,1,69,,53543,12287,,,1,30,,53517,12287,,,1,70,,53525,12287,,,1,30,,53532,12287,,,1,70,,53544,12287,,,1,31,,53518,12287,,,1,70,,53526,12287,,,1,31,,53538,12287,,,1,70,,53545,12287,,,1,29,,53539,12287,,,1,70,,53527,12287,,,1,30,,53533,12287,,,1,70,,53546,12287,,,1,19,,53548,12287,,,1,14,,53540,12287,,,1,70,,53528,12287,,,1,28,,53534,12287,,,1,70,,53547,12287,,,1,85,,53519,12287,,,1,101,,53535,12287,,,1,100,,53520,12287,,,1,99,,53536,12287,,,1,100,,53521,12287,,,1,99,,53537,12287,,,1
801,'F1',548,,53549,12287,,,1,70,,53557,12287,,,1,30,,53564,12287,,,1,70,,53576,12287,,,1,30,,53550,12287,,,1,71,,53558,12287,,,1,30,,53565,12287,,,1,70,,53577,12287,,,1,28,,53551,12287,,,1,70,,53559,12287,,,1,30,,53566,12287,,,1,69,,53578,12287,,,1,30,,53552,12287,,,1,70,,53560,12287,,,1,30,,53567,12287,,,1,70,,53579,12287,,,1,31,,53553,12287,,,1,70,,53561,12287,,,1,31,,53573,12287,,,1,70,,53580,12287,,,1,29,,53574,12287,,,1,70,,53562,12287,,,1,30,,53568,12287,,,1,70,,53581,12287,,,1,19,,53583,12287,,,1,14,,53575,12287,,,1,70,,53563,12287,,,1,28,,53569,12287,,,1,70,,53582,12287,,,1,85,,53554,12287,,,1,101,,53570,12287,,,1,100,,53555,12287,,,1,99,,53571,12287,,,1,100,,53556,12287,,,1,99,,53572,12287,,,1
801,'F2',547,,53588,12287,,,1,70,,53593,12287,,,1,30,,53600,12287,,,1,70,,53605,12287,,,1,30,,53589,12287,,,1,72,,53594,12287,,,1,30,,53601,12287,,,1,70,,53606,12287,,,1,27,,53590,12287,,,1,69,,53595,12287,,,1,30,,53602,12287,,,1,70,,53607,12287,,,1,31,,53591,12287,,,1,70,,53596,12287,,,1,31,,53603,12287,,,1,70,,53608,12287,,,1,31,,53592,12287,,,1,70,,53597,12287,,,1,30,,53604,12287,,,1,70,,53609,12287,,,1,30,,44242,12287,,,1,70,,53598,12287,,,1,30,,53615,12287,,,1,70,,53610,12287,,,1,25,,53584,12287,,,1,10,,44243,12287,,,1,60,,53599,12287,,,1,30,,53616,12287,,,1,70,,53611,12287,,,1,90,,53585,12287,,,1,100,,53612,12287,,,1,100,,53586,12287,,,1,98,,53613,12287,,,1,100,,53587,12287,,,1,100,,53614,12287,,,1
801,'SA',547,,53621,12287,,,1,70,,53626,12287,,,1,30,,53633,12287,,,1,70,,53638,12287,,,1,30,,53622,12287,,,1,72,,53627,12287,,,1,30,,53634,12287,,,1,70,,53639,12287,,,1,27,,53623,12287,,,1,69,,53628,12287,,,1,30,,53635,12287,,,1,70,,53640,12287,,,1,31,,53624,12287,,,1,70,,53629,12287,,,1,31,,53636,12287,,,1,70,,53641,12287,,,1,31,,53625,12287,,,1,70,,53630,12287,,,1,30,,53637,12287,,,1,70,,53642,12287,,,1,30,,2977,12287,,,1,70,,53631,12287,,,1,30,,53648,12287,,,1,70,,53643,12287,,,1,25,,53617,12287,,,1,10,,2978,12287,,,1,60,,53632,12287,,,1,30,,53649,12287,,,1,70,,53644,12287,,,1,90,,53618,12287,,,1,100,,53645,12287,,,1,100,,53619,12287,,,1,98,,53646,12287,,,1,100,,53620,12287,,,1,100,,53647,12287,,,1
801,'SE',514,,53650,12287,,,1,33,,53651,12287,,,1,67,,44285,12287,,,1,21,,53672,12287,,,1,5,,53717,12287,,,1,15,,53706,12287,,,1,45,,53665,12287,,,1,11,,53710,12287,,,1,2,,53713,12287,,,1,7,,53655,12287,,,1,1,,53714,12287,,,1,7,,53685,12287,,,1,2,,53708,12287,,,1,4,,53712,12287,,,1,3,,53696,12287,,,1,3,,53659,12287,,,1,9,,53652,12287,,,1,7,,53683,12287,,,1,44,,53663,12287,,,1,8,,53668,12287,,,1,12,,53660,12287,,,1,18,,53673,12287,,,1,18,,53654,12287,,,1,53,,53690,12287,,,1,15,,53656,12287,,,1,15,,53686,12287,,,1,15,,53678,12287,,,1,57,,53693,12287,,,1,15,,44259,12287,,,1,14,,53674,12287,,,1,15,,53666,12287,,,1,56,,53691,12287,,,1,15,,53657,12287,,,1,15,,53687,12287,,,1,15,,53679,12287,,,1,55,,53694,12287,,,1,15,,53653,12287,,,1,16,,53661,12287,,,1,15,,53675,12287,,,1,55,,53669,12287,,,1,15,,53692,12287,,,1,15,,53709,12287,,,1,15,,53688,12287,,,1,55,,53684,12287,,,1,15,,53695,12287,,,1,18,,53697,12287,,,1,55,,53715,12287,,,1,13,,53681,12287,,,1,21,,53700,12287,,,1,11,,53670,12287,,,1,10,,53658,12287,,,1,54,,53711,12287,,,1,16,,53680,12287,,,1,17,,53664,12287,,,1,15,,53702,12287,,,1,52,,53698,12287,,,1,16,,53662,12287,,,1,15,,53682,12287,,,1,15,,53701,12287,,,1,54,,53671,12287,,,1,21,,53689,12287,,,1,23,,53707,12287,,,1,67,,53699,12287,,,1,28,,53676,12287,,,1,71,,53703,12287,,,1,28,,53718,12287,,,1,73,,53720,12287,,,1,27,,53677,12287,,,1,12,,53716,12287,,,1,60,,53704,12287,,,1,29,,53719,12287,,,1,60,,53721,12287,,,1,92,,53667,12287,,,1,100,,53705,12287,,,1
2801,'DI',936,,56267,5964,,,1,100,,56262,5964,,,1,100,,56266,5964,,,1,101,,56263,5964,,,1,100,,56265,5964,,,1,100,,56261,5964,,,1,98,,56264,5964,,,1,99,,56260,5964,,,1,96,,56268,5964,,,1,105,,56269,5964,,,1
2801,'F1',936,,56277,5964,,,1,100,,56272,5964,,,1,100,,56276,5964,,,1,101,,56273,5964,,,1,100,,56275,5964,,,1,100,,56271,5964,,,1,98,,56274,5964,,,1,99,,56270,5964,,,1,96,,56278,5964,,,1,105,,56279,5964,,,1
2801,'F2',936,,56285,5964,,,1,100,,56283,5964,,,1,100,,56280,5964,,,1,101,,56286,5964,,,1,100,,45991,5964,,,1,100,,56288,5964,,,1,98,,56282,5964,,,1,96,,56281,5964,,,1,99,,56284,5964,,,1,105,,56287,5964,,,1
2801,'SA',936,,56294,5964,,,1,100,,56292,5964,,,1,100,,56289,5964,,,1,101,,56295,5964,,,1,100,,7052,5964,,,1,100,,56297,5964,,,1,98,,56291,5964,,,1,96,,56290,5964,,,1,99,,56293,5964,,,1,105,,56296,5964,,,1
2801,'SE',645,,56298,5964,,,1,63,,56333,7673,,,1,18,,56320,5964,,,1,21,,56330,7673,,,1,67,,56329,7673,,,1,21,,56319,5964,,,1,20,,56335,7673,,,1,64,,56300,5964,,,1,29,,56299,5964,,,1,70,,56315,5964,,,1,30,,56321,5964,,,1,70,,56312,5964,,,1,30,,56301,5964,,,1,70,,56322,5964,,,1,30,,56304,5964,,,1,70,,56302,5964,,,1,30,,56323,5964,,,1,71,,56305,5964,,,1,30,,56303,5964,,,1,61,,56317,5964,,,1,12,,56306,5964,,,1,17,,56310,5964,,,1,10,,56331,7673,,,1,57,,56324,5964,,,1,13,,56308,5964,,,1,15,,56325,5964,,,1,18,,56334,7673,,,1,53,,56307,5964,,,1,16,,56311,5964,,,1,13,,56332,7673,,,1,18,,56309,5964,,,1,54,,56314,5964,,,1,22,,56318,5964,,,1,21,,56327,5964,,,1,63,,56326,5964,,,1,100,,56313,5964,,,1,100,,56328,5964,,,1,100,,56316,5964,,,1
8801,'DI',635,,61085,11559,,,1,70,,61081,11559,,,1,30,,61091,11559,,,1,70,,61099,11559,,,1,29,,61086,11559,,,1,70,,61082,11559,,,1,30,,61092,11559,,,1,68,,61100,11559,,,1,29,,61087,11559,,,1,70,,61083,11559,,,1,30,,61093,11559,,,1,70,,61101,11559,,,1,30,,61089,11559,,,1,70,,61084,11559,,,1,30,,61094,11559,,,1,71,,61098,11559,,,1,30,,61102,11559,,,1,71,,61080,11559,,,1,30,,61095,11559,,,1,69,,61078,11559,,,1,30,,61103,11559,,,1,70,,61090,11559,,,1,30,,61096,11559,,,1,73,,61079,11559,,,1,22,,61104,11559,,,1,106,,61097,11559,,,1,101,,61106,11559,,,1,100,,61105,11559,,,1,99,,61107,11559,,,1,100,,61088,11559,,,1,99,,61108,11559,,,1
8801,'F1',635,,61116,11559,,,1,70,,61112,11559,,,1,30,,61122,11559,,,1,70,,61130,11559,,,1,29,,61117,11559,,,1,70,,61113,11559,,,1,30,,61123,11559,,,1,68,,61131,11559,,,1,29,,61118,11559,,,1,70,,61114,11559,,,1,30,,61124,11559,,,1,70,,61132,11559,,,1,30,,61120,11559,,,1,70,,61115,11559,,,1,30,,61125,11559,,,1,71,,61129,11559,,,1,30,,61133,11559,,,1,71,,61111,11559,,,1,30,,61126,11559,,,1,69,,61109,11559,,,1,30,,61134,11559,,,1,70,,61121,11559,,,1,30,,61127,11559,,,1,73,,61110,11559,,,1,22,,61135,11559,,,1,106,,61128,11559,,,1,101,,61137,11559,,,1,100,,61136,11559,,,1,99,,61138,11559,,,1,100,,61119,11559,,,1,99,,61139,11559,,,1
8801,'F2',632,,61143,11559,,,1,70,,61149,11559,,,1,30,,61157,11559,,,1,69,,61160,11559,,,1,30,,61144,11559,,,1,70,,61150,11559,,,1,32,,61158,11559,,,1,67,,61161,11559,,,1,30,,61145,11559,,,1,29,,61151,11559,,,1,70,,61159,11559,,,1,71,,61162,11559,,,1,30,,61146,11559,,,1,71,,61152,11559,,,1,28,,61166,11559,,,1,71,,61163,11559,,,1,30,,61147,11559,,,1,70,,61153,11559,,,1,30,,61169,11559,,,1,70,,61140,11559,,,1,30,,61148,11559,,,1,71,,61142,11559,,,1,28,,61170,11559,,,1,72,,61141,11559,,,1,21,,61165,11559,,,1,109,,61167,11559,,,1,100,,61154,11559,,,1,100,,61168,11559,,,1,100,,61155,11559,,,1,97,,61164,11559,,,1,100,,61156,11559,,,1
8801,'SA',632,,61174,11559,,,1,70,,61180,11559,,,1,30,,61188,11559,,,1,69,,61191,11559,,,1,30,,61175,11559,,,1,70,,61181,11559,,,1,32,,61189,11559,,,1,67,,61192,11559,,,1,30,,61176,11559,,,1,29,,61182,11559,,,1,70,,61190,11559,,,1,71,,61193,11559,,,1,30,,61177,11559,,,1,71,,61183,11559,,,1,28,,61197,11559,,,1,71,,61194,11559,,,1,30,,61178,11559,,,1,70,,61184,11559,,,1,30,,61200,11559,,,1,70,,61171,11559,,,1,30,,61179,11559,,,1,71,,61173,11559,,,1,28,,61201,11559,,,1,72,,61172,11559,,,1,21,,61196,11559,,,1,109,,61198,11559,,,1,100,,61185,11559,,,1,100,,61199,11559,,,1,100,,61186,11559,,,1,97,,61195,11559,,,1,100,,61187,11559,,,1
8801,'SE',630,,61216,11559,,,1,20,,61203,11559,,,1,55,,61231,11559,,,1,12,,61217,11559,,,1,7,,61218,11559,,,1,19,,61220,11559,,,1,9,,61208,11559,,,1,52,,61221,11559,,,1,12,,61202,11559,,,1,10,,61244,11559,,,1,19,,61243,11559,,,1,58,,61214,11559,,,1,30,,61219,11559,,,1,70,,61209,11559,,,1,30,,61205,11559,,,1,70,,61232,11559,,,1,30,,61242,11559,,,1,70,,61207,11559,,,1,30,,61239,11559,,,1,70,,61240,11559,,,1,30,,61204,11559,,,1,70,,61235,11559,,,1,33,,61241,11559,,,1,69,,61206,11559,,,1,9,,61222,11559,,,1,2,,61212,11559,,,1,2,,61233,11559,,,1,7,,61213,11559,,,1,19,,61237,11559,,,1,58,,61246,11559,,,1,12,,61236,11559,,,1,15,,61215,11559,,,1,19,,61248,11559,,,1,52,,61210,11559,,,1,15,,61245,11559,,,1,14,,61223,11559,,,1,16,,61234,11559,,,1,14,,61238,11559,,,1,57,,61247,11559,,,1,19,,61227,11559,,,1,67,,61249,11559,,,1,32,,61224,11559,,,1,70,,61250,11559,,,1,28,,61228,11559,,,1,70,,61211,11559,,,1,30,,61225,11559,,,1,101,,61229,11559,,,1,98,,61226,11559,,,1,100,,61230,11559,,,1
60801,'SE',1511,,63490,7155,,,2,2,,63491,7155,,,2
