801,'DI',557,,23101,15504,,,1,70,,2745,15504,,,1,30,,2752,15504,,,1,70,,23108,15504,,,1,30,,23102,15504,,,1,72,,2746,15504,,,1,30,,2753,15504,,,1,70,,23109,15504,,,1,29,,23103,15504,,,1,70,,2747,15504,,,1,30,,2754,15504,,,1,69,,23110,15504,,,1,30,,23104,15504,,,1,70,,2748,15504,,,1,30,,2755,15504,,,1,70,,23111,15504,,,1,31,,2741,15504,,,1,70,,2749,15504,,,1,31,,2756,15504,,,1,70,,23112,15504,,,1,29,,23106,15504,,,1,70,,2750,15504,,,1,30,,23115,15504,,,1,70,,23113,15504,,,1,19,,23105,15504,,,1,53,,23107,15504,,,1,30,,2751,15504,,,1,28,,23116,15504,,,1,70,,23114,15504,,,1,85,,2742,15504,,,1,100,,23117,15504,,,1,100,,2743,15504,,,1,99,,23118,15504,,,1,100,,2744,15504,,,1,99,,23119,15504,,,1
801,'F8',557,,23268,15504,,,1,70,,23280,15504,,,1,30,,23283,15504,,,1,70,,23286,15504,,,1,30,,23269,15504,,,1,72,,23281,15504,,,1,30,,23284,15504,,,1,70,,23287,15504,,,1,27,,23270,15504,,,1,69,,23282,15504,,,1,30,,23285,15504,,,1,70,,23288,15504,,,1,31,,23271,15504,,,1,70,,23276,15504,,,1,31,,23293,15504,,,1,70,,23289,15504,,,1,31,,23272,15504,,,1,70,,23277,15504,,,1,30,,23294,15504,,,1,70,,23290,15504,,,1,30,,23297,15504,,,1,70,,23278,15504,,,1,30,,23295,15504,,,1,70,,23291,15504,,,1,25,,23264,15504,,,1,50,,23298,15504,,,1,20,,23279,15504,,,1,30,,23296,15504,,,1,70,,23292,15504,,,1,90,,23265,15504,,,1,100,,23273,15504,,,1,100,,23266,15504,,,1,96,,23274,15504,,,1,100,,23267,15504,,,1,100,,23275,15504,,,1
801,'F9',557,,23299,15504,,,1,70,,23307,15504,,,1,30,,23314,15504,,,1,70,,23322,15504,,,1,30,,23300,15504,,,1,72,,23308,15504,,,1,30,,23315,15504,,,1,70,,23323,15504,,,1,29,,23301,15504,,,1,70,,23309,15504,,,1,30,,23316,15504,,,1,69,,23324,15504,,,1,30,,23302,15504,,,1,70,,23310,15504,,,1,30,,23317,15504,,,1,70,,23325,15504,,,1,31,,23303,15504,,,1,70,,23311,15504,,,1,31,,23318,15504,,,1,70,,23326,15504,,,1,29,,23320,15504,,,1,70,,23312,15504,,,1,30,,23329,15504,,,1,70,,23327,15504,,,1,19,,23319,15504,,,1,53,,23321,15504,,,1,30,,23313,15504,,,1,28,,23330,15504,,,1,70,,23328,15504,,,1,85,,23304,15504,,,1,100,,23331,15504,,,1,100,,23305,15504,,,1,99,,23332,15504,,,1,100,,23306,15504,,,1,99,,23333,15504,,,1
801,'SA',557,,23338,15504,,,1,70,,23350,15504,,,1,30,,23353,15504,,,1,70,,23356,15504,,,1,30,,23339,15504,,,1,72,,23351,15504,,,1,30,,23354,15504,,,1,70,,23357,15504,,,1,27,,23340,15504,,,1,69,,23352,15504,,,1,30,,23355,15504,,,1,70,,23358,15504,,,1,31,,23341,15504,,,1,70,,23346,15504,,,1,31,,23363,15504,,,1,70,,23359,15504,,,1,31,,23342,15504,,,1,70,,23347,15504,,,1,30,,23364,15504,,,1,70,,23360,15504,,,1,30,,2977,15504,,,1,70,,23348,15504,,,1,30,,23365,15504,,,1,70,,23361,15504,,,1,25,,23334,15504,,,1,50,,2978,15504,,,1,20,,23349,15504,,,1,30,,23366,15504,,,1,70,,23362,15504,,,1,90,,23335,15504,,,1,100,,23343,15504,,,1,100,,23336,15504,,,1,96,,23344,15504,,,1,100,,23337,15504,,,1,100,,23345,15504,,,1
801,'SE',523,,23393,15504,,,1,33,,23367,15504,,,1,67,,23401,15504,,,1,21,,23403,15504,,,1,5,,23400,15504,,,1,55,,23435,15504,,,1,5,,23410,15504,,,1,11,,23413,15504,,,1,4,,23415,15504,,,1,5,,23372,15504,,,1,3,,23428,15504,,,1,5,,23376,15504,,,1,4,,23436,15504,,,1,3,,23434,15504,,,1,3,,23437,15504,,,1,4,,23383,15504,,,1,49,,23368,15504,,,1,6,,23440,15504,,,1,5,,23395,15504,,,1,7,,23385,15504,,,1,12,,23402,15504,,,1,18,,23404,15504,,,1,58,,23394,15504,,,1,13,,23371,15504,,,1,15,,23373,15504,,,1,15,,23377,15504,,,1,55,,23369,15504,,,1,17,,23386,15504,,,1,15,,23382,15504,,,1,14,,23405,15504,,,1,55,,23379,15504,,,1,16,,23430,15504,,,1,15,,23374,15504,,,1,15,,23378,15504,,,1,55,,23370,15504,,,1,15,,23384,15504,,,1,15,,23387,15504,,,1,16,,23414,15504,,,1,55,,23406,15504,,,1,15,,23416,15504,,,1,15,,23389,15504,,,1,15,,23433,15504,,,1,55,,23439,15504,,,1,15,,23431,15504,,,1,15,,23421,15504,,,1,18,,23419,15504,,,1,55,,23396,15504,,,1,13,,23438,15504,,,1,22,,23380,15504,,,1,11,,23417,15504,,,1,50,,23375,15504,,,1,14,,23432,15504,,,1,16,,23420,15504,,,1,18,,23429,15504,,,1,55,,23388,15504,,,1,12,,23424,15504,,,1,16,,23423,15504,,,1,15,,23407,15504,,,1,55,,23381,15504,,,1,13,,23418,15504,,,1,21,,23422,15504,,,1,61,,23399,15504,,,1,27,,23425,15504,,,1,28,,23411,15504,,,1,71,,23397,15504,,,1,27,,23426,15504,,,1,73,,23408,15504,,,1,27,,23412,15504,,,1,52,,23390,15504,,,1,20,,23398,15504,,,1,29,,23427,15504,,,1,60,,23409,15504,,,1,92,,23391,15504,,,1,100,,23392,15504,,,1
2801,'DI',945,,27810,9181,,,1,100,,27815,9181,,,1,100,,27813,9181,,,1,101,,27811,9181,,,1,100,,27812,9181,,,1,100,,27816,9181,,,1,98,,27819,9181,,,1,99,,27818,9181,,,1,96,,27817,9181,,,1,105,,27814,9181,,,1
2801,'F8',945,,27885,9181,,,1,100,,27880,9181,,,1,100,,27878,9181,,,1,101,,27882,9181,,,1,100,,27881,9181,,,1,100,,27883,9181,,,1,98,,27879,9181,,,1,96,,27887,9181,,,1,99,,27886,9181,,,1,105,,27884,9181,,,1
2801,'F9',945,,27888,9181,,,1,100,,27893,9181,,,1,100,,27891,9181,,,1,101,,27889,9181,,,1,100,,27890,9181,,,1,100,,27894,9181,,,1,98,,27897,9181,,,1,99,,27896,9181,,,1,96,,27895,9181,,,1,105,,27892,9181,,,1
2801,'SA',945,,27904,9181,,,1,100,,27900,9181,,,1,100,,27898,9181,,,1,101,,27901,9181,,,1,100,,7052,9181,,,1,100,,27902,9181,,,1,98,,27899,9181,,,1,96,,27906,9181,,,1,99,,27905,9181,,,1,105,,27903,9181,,,1
2801,'SE',655,,27922,9181,,,1,63,,27940,10890,,,1,18,,27929,9181,,,1,21,,27938,10890,,,1,67,,27941,10890,,,1,21,,27920,9181,,,1,60,,27939,10890,,,1,24,,27911,9181,,,1,29,,27923,9181,,,1,70,,27907,9181,,,1,30,,27921,9181,,,1,70,,27924,9181,,,1,30,,27908,9181,,,1,70,,27930,9181,,,1,30,,27925,9181,,,1,70,,27909,9181,,,1,30,,27931,9181,,,1,71,,27926,9181,,,1,30,,27910,9181,,,1,61,,27932,9181,,,1,12,,27912,9181,,,1,17,,27914,9181,,,1,10,,27942,10890,,,1,57,,27936,9181,,,1,13,,27934,9181,,,1,15,,27917,9181,,,1,58,,27944,10890,,,1,13,,27913,9181,,,1,16,,27915,9181,,,1,13,,27943,10890,,,1,58,,27935,9181,,,1,14,,27927,9181,,,1,21,,27933,9181,,,1,21,,27937,9181,,,1,63,,27919,9181,,,1,100,,27916,9181,,,1,100,,27928,9181,,,1,100,,27918,9181,,,1
8801,'DI',644,,36910,14776,,,1,70,,36915,14776,,,1,30,,36921,14776,,,1,70,,36931,14776,,,1,30,,36911,14776,,,1,70,,36916,14776,,,1,30,,36922,14776,,,1,69,,36932,14776,,,1,29,,36912,14776,,,1,70,,36917,14776,,,1,30,,36923,14776,,,1,70,,36933,14776,,,1,30,,36913,14776,,,1,70,,36918,14776,,,1,30,,36924,14776,,,1,71,,36934,14776,,,1,30,,36914,14776,,,1,71,,36919,14776,,,1,30,,36925,14776,,,1,69,,15257,14776,,,1,30,,36926,14776,,,1,70,,36920,14776,,,1,30,,36935,14776,,,1,72,,15258,14776,,,1,22,,36927,14776,,,1,106,,36936,14776,,,1,100,,36928,14776,,,1,100,,36937,14776,,,1,98,,36929,14776,,,1,100,,36938,14776,,,1,99,,36930,14776,,,1
8801,'F8',642,,37048,14776,,,1,70,,37047,14776,,,1,30,,37069,14776,,,1,69,,37060,14776,,,1,30,,37049,14776,,,1,70,,37073,14776,,,1,32,,37070,14776,,,1,67,,37061,14776,,,1,30,,37053,14776,,,1,69,,37074,14776,,,1,30,,37071,14776,,,1,71,,37062,14776,,,1,30,,37054,14776,,,1,71,,37066,14776,,,1,28,,37050,14776,,,1,71,,37063,14776,,,1,30,,37055,14776,,,1,70,,37067,14776,,,1,30,,37051,14776,,,1,70,,37045,14776,,,1,30,,37056,14776,,,1,71,,37068,14776,,,1,28,,37052,14776,,,1,72,,37046,14776,,,1,21,,37075,14776,,,1,109,,37064,14776,,,1,100,,37057,14776,,,1,100,,37065,14776,,,1,100,,37058,14776,,,1,95,,37072,14776,,,1,100,,37059,14776,,,1
8801,'F9',644,,37078,14776,,,1,70,,37083,14776,,,1,30,,37089,14776,,,1,70,,37099,14776,,,1,30,,37079,14776,,,1,70,,37084,14776,,,1,30,,37090,14776,,,1,69,,37100,14776,,,1,29,,37080,14776,,,1,70,,37085,14776,,,1,30,,37091,14776,,,1,70,,37101,14776,,,1,30,,37081,14776,,,1,70,,37086,14776,,,1,30,,37092,14776,,,1,71,,37102,14776,,,1,30,,37082,14776,,,1,71,,37087,14776,,,1,30,,37093,14776,,,1,69,,37076,14776,,,1,30,,37094,14776,,,1,70,,37088,14776,,,1,30,,37103,14776,,,1,72,,37077,14776,,,1,22,,37095,14776,,,1,106,,37104,14776,,,1,100,,37096,14776,,,1,100,,37105,14776,,,1,98,,37097,14776,,,1,100,,37106,14776,,,1,99,,37098,14776,,,1
8801,'SA',642,,37110,14776,,,1,70,,37109,14776,,,1,30,,37131,14776,,,1,69,,37122,14776,,,1,30,,37111,14776,,,1,70,,37134,14776,,,1,32,,37132,14776,,,1,67,,37123,14776,,,1,30,,37115,14776,,,1,69,,37135,14776,,,1,30,,37133,14776,,,1,71,,37124,14776,,,1,30,,37116,14776,,,1,71,,37128,14776,,,1,28,,37112,14776,,,1,71,,37125,14776,,,1,30,,37117,14776,,,1,70,,37129,14776,,,1,30,,37113,14776,,,1,70,,37107,14776,,,1,30,,37118,14776,,,1,71,,37130,14776,,,1,28,,37114,14776,,,1,72,,37108,14776,,,1,21,,37136,14776,,,1,109,,37126,14776,,,1,100,,37119,14776,,,1,100,,37127,14776,,,1,100,,37120,14776,,,1,95,,15458,14776,,,1,100,,37121,14776,,,1
8801,'SE',639,,37137,14776,,,1,20,,37149,14776,,,1,55,,37139,14776,,,1,12,,15479,14776,,,1,7,,37141,14776,,,1,21,,37151,14776,,,1,49,,37146,14776,,,1,12,,37153,14776,,,1,11,,37143,14776,,,1,10,,37148,14776,,,1,19,,37178,14776,,,1,58,,37179,14776,,,1,30,,37180,14776,,,1,70,,37152,14776,,,1,30,,37167,14776,,,1,70,,37150,14776,,,1,30,,37147,14776,,,1,70,,37165,14776,,,1,30,,37168,14776,,,1,70,,37142,14776,,,1,30,,37140,14776,,,1,70,,37169,14776,,,1,33,,37144,14776,,,1,69,,37166,14776,,,1,9,,15486,14776,,,1,2,,15491,14776,,,1,2,,37159,14776,,,1,7,,37138,14776,,,1,20,,37160,14776,,,1,58,,37172,14776,,,1,12,,37170,14776,,,1,15,,37173,14776,,,1,60,,37175,14776,,,1,12,,37145,14776,,,1,15,,37154,14776,,,1,14,,37181,14776,,,1,16,,37158,14776,,,1,53,,37161,14776,,,1,17,,37162,14776,,,1,17,,37155,14776,,,1,67,,37176,14776,,,1,32,,37174,14776,,,1,70,,15492,14776,,,1,27,,37156,14776,,,1,70,,37177,14776,,,1,30,,37171,14776,,,1,101,,37157,14776,,,1,98,,37164,14776,,,1,100,,37163,14776,,,1
60801,'SE',1522,,40763,10371,,,2,2,,40764,10371,,,2
