1300,'DI',655,,53998,2790,,,1,100,,54005,2790,,,1,100,,54004,2790,,,1,100,,54014,2790,,,1,100,,54006,2790,,,1,100,,54002,2790,,,1,100,,54009,2790,,,1,95,,54015,2790,,,1,105,,54007,2790,,,1,100,,54000,2790,,,1,100,,54013,2790,,,1,100,,54010,2790,,,1,100,,54001,2790,,,1,100,,54003,2790,,,1,100,,54011,2790,,,1,100,,54008,2790,,,1,100,,53999,2790,,,1,100,,54016,2790,,,1,100,,54012,2790,,,1
1300,'F1',655,,54017,2790,,,1,100,,54024,2790,,,1,100,,54023,2790,,,1,100,,54033,2790,,,1,100,,54025,2790,,,1,100,,54021,2790,,,1,100,,54028,2790,,,1,95,,54034,2790,,,1,105,,54026,2790,,,1,100,,54019,2790,,,1,100,,54032,2790,,,1,100,,54029,2790,,,1,100,,54020,2790,,,1,100,,54022,2790,,,1,100,,54030,2790,,,1,100,,54027,2790,,,1,100,,54018,2790,,,1,100,,54035,2790,,,1,100,,54031,2790,,,1
1300,'F2',655,,54046,2790,,,1,100,,54036,2790,,,1,100,,54047,2790,,,1,101,,54048,2790,,,1,99,,54054,2790,,,1,100,,54049,2790,,,1,100,,54040,2790,,,1,100,,54042,2790,,,1,100,,54055,2790,,,1,100,,54038,2790,,,1,100,,54050,2790,,,1,100,,54043,2790,,,1,100,,54037,2790,,,1,100,,54041,2790,,,1,100,,54051,2790,,,1,100,,54044,2790,,,1,100,,54052,2790,,,1,100,,54045,2790,,,1,100,,54053,2790,,,1,100,,54039,2790,,,1
1300,'SA',655,,54066,2790,,,1,100,,54056,2790,,,1,100,,54067,2790,,,1,101,,54068,2790,,,1,99,,54074,2790,,,1,100,,54069,2790,,,1,100,,54060,2790,,,1,100,,54062,2790,,,1,100,,54075,2790,,,1,100,,54058,2790,,,1,100,,54070,2790,,,1,100,,54063,2790,,,1,100,,54057,2790,,,1,100,,54061,2790,,,1,100,,54071,2790,,,1,100,,54064,2790,,,1,100,,54072,2790,,,1,100,,54065,2790,,,1,100,,54073,2790,,,1,100,,54059,2790,,,1
1300,'SE',559,,54083,2790,,,1,73,,44516,2790,,,1,26,,54096,2790,,,1,72,,54095,2790,,,1,15,,44517,2790,,,1,55,,54076,2790,,,1,15,,54091,2790,,,1,25,,54084,2790,,,1,65,,54112,2790,,,1,29,,54080,2790,,,1,70,,54086,2790,,,1,30,,54093,2790,,,1,70,,54078,2790,,,1,30,,54101,2790,,,1,70,,54089,2790,,,1,30,,54113,2790,,,1,70,,54079,2790,,,1,30,,54111,2790,,,1,70,,54102,2790,,,1,30,,54097,2790,,,1,71,,54107,2790,,,1,30,,54090,2790,,,1,21,,54105,2790,,,1,60,,54104,2790,,,1,15,,54109,2790,,,1,13,,54106,2790,,,1,10,,54110,2790,,,1,57,,54088,2790,,,1,20,,54077,2790,,,1,20,,54094,2790,,,1,60,,54108,2790,,,1,26,,54098,2790,,,1,69,,54081,2790,,,1,32,,54082,2790,,,1,70,,54100,2790,,,1,30,,54103,2790,,,1,70,,54092,2790,,,1,100,,54099,2790,,,1,100,,54085,2790,,,1,100,,54087,2790,,,1,103,,44523,2790,,,1
1500,'DI',726,,54267,2576,,,1,100,,54279,2576,,,1,100,,54276,2576,,,1,100,,54282,2576,,,1,100,,54275,2576,,,1,100,,54268,2576,,,1,100,,54278,2576,,,1,100,,54280,2576,,,1,100,,54270,2576,,,1,100,,54283,2576,,,1,100,,54273,2576,,,1,100,,54277,2576,,,1,100,,54271,2576,,,1,100,,54285,2576,,,1,100,,54284,2576,,,1,100,,54274,2576,,,1,100,,54269,2576,,,1,100,,54281,2576,,,1,100,,54272,2576,,,1
1500,'F1',726,,54286,2576,,,1,100,,54298,2576,,,1,100,,54295,2576,,,1,100,,54301,2576,,,1,100,,54294,2576,,,1,100,,54287,2576,,,1,100,,54297,2576,,,1,100,,54299,2576,,,1,100,,54289,2576,,,1,100,,54302,2576,,,1,100,,54292,2576,,,1,100,,54296,2576,,,1,100,,54290,2576,,,1,100,,54304,2576,,,1,100,,54303,2576,,,1,100,,54293,2576,,,1,100,,54288,2576,,,1,100,,54300,2576,,,1,100,,54291,2576,,,1
1500,'F2',727,,54317,2576,,,1,100,,54315,2576,,,1,100,,54310,2576,,,1,100,,54308,2576,,,1,105,,54320,2576,,,1,95,,44689,2576,,,1,100,,54313,2576,,,1,100,,54318,2576,,,1,100,,54305,2576,,,1,100,,54309,2576,,,1,100,,54321,2576,,,1,100,,54311,2576,,,1,100,,54314,2576,,,1,100,,54307,2576,,,1,100,,54316,2576,,,1,100,,54312,2576,,,1,100,,54306,2576,,,1,100,,44707,2576,,,1,100,,54319,2576,,,1
1500,'SA',727,,54334,2576,,,1,100,,54332,2576,,,1,100,,54327,2576,,,1,100,,54325,2576,,,1,105,,54337,2576,,,1,95,,24497,2576,,,1,100,,54330,2576,,,1,100,,54335,2576,,,1,100,,54322,2576,,,1,100,,54326,2576,,,1,100,,54338,2576,,,1,100,,54328,2576,,,1,100,,54331,2576,,,1,100,,54324,2576,,,1,100,,54333,2576,,,1,100,,54329,2576,,,1,100,,54323,2576,,,1,100,,24515,2576,,,1,100,,54336,2576,,,1
1500,'SE',549,,54343,2576,,,1,70,,54348,2576,,,1,30,,54342,2576,,,1,68,,54375,2576,,,1,33,,54363,2576,,,1,66,,54344,2576,,,1,34,,54367,2576,,,1,70,,54357,2576,,,1,29,,54353,2576,,,1,70,,54359,2576,,,1,30,,54371,2576,,,1,70,,54370,2576,,,1,30,,54360,2576,,,1,70,,54349,2576,,,1,30,,54339,2576,,,1,70,,54361,2576,,,1,30,,54350,2576,,,1,70,,54354,2576,,,1,31,,54352,2576,,,1,70,,54358,2576,,,1,24,,54351,2576,,,1,74,,54373,2576,,,1,41,,54347,2576,,,1,61,,54355,2576,,,1,30,,54374,2576,,,1,70,,54340,2576,,,1,30,,54372,2576,,,1,69,,54369,2576,,,1,30,,54368,2576,,,1,70,,54366,2576,,,1,30,,54364,2576,,,1,70,,54365,2576,,,1,30,,54356,2576,,,1,70,,54345,2576,,,1,100,,54362,2576,,,1,100,,54341,2576,,,1,100,,54346,2576,,,1
61300,'SE',1638,,63494,2214,,,2,19,,63495,2214,,,2
