100,'DI',659,,51776,4569,0,14,1,100,,51777,4569,0,14,1,100,,51771,4569,0,14,1,100,,51772,4569,0,14,1,100,,51773,4569,0,14,1,100,,51774,4569,0,14,1,100,,51775,4569,0,14,1,141,,51780,4569,0,14,1,100,,51779,4569,0,14,1,58,,51760,4569,0,14,1,100,,51761,4569,0,14,1,100,,51762,4569,0,14,1,100,,51763,4569,0,14,1,100,,51764,4569,0,14,1,100,,51765,4569,0,14,1,100,,51766,4569,0,14,1,100,,51767,4569,0,14,1,100,,51768,4569,0,14,1,100,,51769,4569,0,14,1,100,,51770,4569,0,14,1
100,'F1',659,,51797,4569,0,14,1,100,,51798,4569,0,14,1,100,,51792,4569,0,14,1,100,,51793,4569,0,14,1,100,,51794,4569,0,14,1,100,,51795,4569,0,14,1,100,,51796,4569,0,14,1,141,,51801,4569,0,14,1,100,,51800,4569,0,14,1,58,,51781,4569,0,14,1,100,,51782,4569,0,14,1,100,,51783,4569,0,14,1,100,,51784,4569,0,14,1,100,,51785,4569,0,14,1,100,,51786,4569,0,14,1,100,,51787,4569,0,14,1,100,,51788,4569,0,14,1,100,,51789,4569,0,14,1,100,,51790,4569,0,14,1,100,,51791,4569,0,14,1
100,'F2',629,,51802,4569,0,14,1,30,,43028,4569,0,14,1,70,,51803,4569,0,14,1,30,,43029,4569,0,14,1,70,,51804,4569,0,14,1,30,,43030,4569,0,14,1,70,,51815,4569,0,14,1,30,,43031,4569,0,14,1,70,,51816,4569,0,14,1,30,,43032,4569,0,14,1,70,,51805,4569,0,14,1,30,,51817,4569,0,14,1,70,,51822,4569,0,14,1,30,,51828,4569,0,14,1,71,,51823,4569,0,14,1,70,,51829,4569,0,14,1,30,,51824,4569,0,14,1,70,,51830,4569,0,14,1,28,,51818,4569,0,14,1,30,,51825,4569,0,14,1,70,,51819,4569,0,14,1,30,,51826,4569,0,14,1,70,,51820,4569,0,14,1,30,,51827,4569,0,14,1,70,,51821,4569,0,14,1,30,,51807,4569,0,14,1,100,,51808,4569,0,14,1,100,,51809,4569,0,14,1,100,,51810,4569,0,14,1,100,,51811,4569,0,14,1,100,,51812,4569,0,14,1,100,,51813,4569,0,14,1,100,,51814,4569,0,14,1
100,'SA',629,,51831,4569,0,14,1,30,,20314,4569,0,14,1,70,,51832,4569,0,14,1,30,,20315,4569,0,14,1,70,,51833,4569,0,14,1,30,,20316,4569,0,14,1,70,,51844,4569,0,14,1,30,,20317,4569,0,14,1,70,,51845,4569,0,14,1,30,,20318,4569,0,14,1,70,,51834,4569,0,14,1,30,,51846,4569,0,14,1,70,,51851,4569,0,14,1,30,,51857,4569,0,14,1,71,,51852,4569,0,14,1,70,,51858,4569,0,14,1,30,,51853,4569,0,14,1,70,,51859,4569,0,14,1,28,,51847,4569,0,14,1,30,,51854,4569,0,14,1,70,,51848,4569,0,14,1,30,,51855,4569,0,14,1,70,,51849,4569,0,14,1,30,,51856,4569,0,14,1,70,,51850,4569,0,14,1,30,,51836,4569,0,14,1,100,,51837,4569,0,14,1,100,,51838,4569,0,14,1,100,,51839,4569,0,14,1,100,,51840,4569,0,14,1,100,,51841,4569,0,14,1,100,,51842,4569,0,14,1,100,,51843,4569,0,14,1
100,'SE',551,,51860,4569,0,14,1,76,,51906,4569,0,14,1,29,,51861,4569,0,14,1,75,,51903,4569,0,14,1,69,,51862,4569,0,14,1,35,,51909,4569,0,14,1,80,,51875,4569,0,14,1,30,,51904,4569,0,14,1,70,,51892,4569,0,14,1,30,,51890,4569,0,14,1,70,,51910,4569,0,14,1,30,,51899,4569,0,14,1,71,,51907,4569,0,14,1,30,,51881,4569,0,14,1,70,,51876,4569,0,14,1,30,,51893,4569,0,14,1,70,,51891,4569,0,14,1,30,,51877,4569,0,14,1,72,,51895,4569,0,14,1,18,,51897,4569,0,14,1,21,,51865,4569,0,14,1,55,,51872,4569,0,14,1,19,,51888,4569,0,14,1,12,,51879,4569,0,14,1,62,,51883,4569,0,14,1,12,,51874,4569,0,14,1,12,,51873,4569,0,14,1,15,,51905,4569,0,14,1,12,,51880,4569,0,14,1,55,,51908,4569,0,14,1,15,,51884,4569,0,14,1,20,,51896,4569,0,14,1,68,,51889,4569,0,14,1,30,,51902,4569,0,14,1,70,,51894,4569,0,14,1,30,,51866,4569,0,14,1,70,,51898,4569,0,14,1,30,,51867,4569,0,14,1,100,,51868,4569,0,14,1,99,,51869,4569,0,14,1,100,,51870,4569,0,14,1,99,,51871,4569,0,14,1
600,'DI',636,,53007,4239,,,1,70,,53012,4239,,,1,30,,53004,4239,,,1,71,,53019,4239,,,1,30,,53025,4239,,,1,70,,52999,4239,,,1,31,,53013,4239,,,1,70,,53029,4239,,,1,30,,53008,4239,,,1,69,,53005,4239,,,1,31,,53000,4239,,,1,69,,53026,4239,,,1,30,,53021,4239,,,1,74,,53020,4239,,,1,29,,52998,4239,,,1,70,,53016,4239,,,1,27,,53027,4239,,,1,73,,53001,4239,,,1,30,,53010,4239,,,1,69,,53014,4239,,,1,31,,53017,4239,,,1,67,,53011,4239,,,1,30,,53015,4239,,,1,70,,53023,4239,,,1,29,,53006,4239,,,1,71,,53018,4239,,,1,104,,53009,4239,,,1,100,,53022,4239,,,1,99,,53002,4239,,,1,100,,53028,4239,,,1,100,,53024,4239,,,1,100,,53003,4239,,,1
600,'F1',636,,53039,4239,,,1,70,,53044,4239,,,1,30,,53036,4239,,,1,71,,53051,4239,,,1,30,,53057,4239,,,1,70,,53031,4239,,,1,31,,53045,4239,,,1,70,,53061,4239,,,1,30,,53040,4239,,,1,69,,53037,4239,,,1,31,,53032,4239,,,1,69,,53058,4239,,,1,30,,53053,4239,,,1,74,,53052,4239,,,1,29,,53030,4239,,,1,70,,53048,4239,,,1,27,,53059,4239,,,1,73,,53033,4239,,,1,30,,53042,4239,,,1,69,,53046,4239,,,1,31,,53049,4239,,,1,67,,53043,4239,,,1,30,,53047,4239,,,1,70,,53055,4239,,,1,29,,53038,4239,,,1,71,,53050,4239,,,1,104,,53041,4239,,,1,100,,53054,4239,,,1,99,,53034,4239,,,1,100,,53060,4239,,,1,100,,53056,4239,,,1,100,,53035,4239,,,1
600,'F2',636,,53087,4239,,,1,71,,53070,4239,,,1,29,,53081,4239,,,1,70,,53066,4239,,,1,34,,53082,4239,,,1,66,,53071,4239,,,1,35,,53063,4239,,,1,63,,53064,4239,,,1,32,,53089,4239,,,1,69,,53072,4239,,,1,30,,53077,4239,,,1,77,,53073,4239,,,1,30,,53078,4239,,,1,67,,53085,4239,,,1,31,,53074,4239,,,1,67,,53090,4239,,,1,30,,53086,4239,,,1,70,,53075,4239,,,1,30,,53083,4239,,,1,70,,53079,4239,,,1,30,,53076,4239,,,1,70,,53069,4239,,,1,30,,53080,4239,,,1,70,,53084,4239,,,1,30,,53065,4239,,,1,70,,43901,4239,,,1,105,,53062,4239,,,1,100,,53067,4239,,,1,100,,53088,4239,,,1,100,,53091,4239,,,1,100,,43899,4239,,,1,100,,53068,4239,,,1
600,'SA',636,,53117,4239,,,1,71,,53100,4239,,,1,29,,53111,4239,,,1,70,,53096,4239,,,1,34,,53112,4239,,,1,66,,53101,4239,,,1,35,,53093,4239,,,1,63,,53094,4239,,,1,32,,53119,4239,,,1,69,,53102,4239,,,1,30,,53107,4239,,,1,77,,53103,4239,,,1,30,,53108,4239,,,1,67,,53115,4239,,,1,31,,53104,4239,,,1,67,,53120,4239,,,1,30,,53116,4239,,,1,70,,53105,4239,,,1,30,,53113,4239,,,1,70,,53109,4239,,,1,30,,53106,4239,,,1,70,,53099,4239,,,1,30,,53110,4239,,,1,70,,53114,4239,,,1,30,,53095,4239,,,1,70,,22478,4239,,,1,105,,53092,4239,,,1,100,,53097,4239,,,1,100,,53118,4239,,,1,100,,53121,4239,,,1,100,,22476,4239,,,1,100,,53098,4239,,,1
600,'SE',547,,53147,4239,,,1,70,,53153,4239,,,1,30,,53134,4239,,,1,71,,53122,4239,,,1,32,,53130,4239,,,1,67,,53146,4239,,,1,33,,53139,4239,,,1,69,,53148,4239,,,1,30,,53129,4239,,,1,70,,53144,4239,,,1,30,,53127,4239,,,1,70,,53136,4239,,,1,30,,53150,4239,,,1,70,,53155,4239,,,1,30,,53156,4239,,,1,70,,53152,4239,,,1,30,,53151,4239,,,1,71,,53123,4239,,,1,29,,53142,4239,,,1,72,,53128,4239,,,1,30,,53140,4239,,,1,69,,53145,4239,,,1,37,,53133,4239,,,1,65,,53149,4239,,,1,30,,53132,4239,,,1,68,,53137,4239,,,1,29,,53157,4239,,,1,70,,53131,4239,,,1,29,,53141,4239,,,1,70,,53154,4239,,,1,30,,53126,4239,,,1,70,,53138,4239,,,1,100,,53135,4239,,,1,100,,53124,4239,,,1,100,,53143,4239,,,1,100,,53125,4239,,,1
5500,'SE',1619,,58209,9692,0,16,2,18,,58211,9692,0,16,2,15,,58213,9692,0,16,2,56,,58215,9692,0,16,2,14,,58207,9692,0,16,2,15,,58210,9692,0,16,2,15,,58212,9692,0,16,2,55,,58214,9692,0,16,2,20,,58216,9692,0,16,2,20,,58208,9692,0,16,2
50000,'SE',1556,,63415,2052,,,2
50100,'SE',1503,,63418,4569,,,2,144,,63417,4569,,,2
60600,'SE',1705,,63486,3835,,,2
65001,'SE',827,,63516,2330,,,2
