2300,'F2',642,,56060,1202,,,1,100,,56062,1202,,,1,100,,56068,1202,,,1,101,,56069,1202,,,1,99,,56059,1202,,,1,103,,56065,1202,,,1,97,,56058,1202,,,1,100,,56061,1202,,,1,100,,56063,1202,,,1,100,,56064,1202,,,1,100,,56066,1202,,,1,102,,56067,1202,,,1
2300,'SA',642,,56072,1202,,,1,100,,56074,1202,,,1,100,,56080,1202,,,1,101,,56081,1202,,,1,99,,56071,1202,,,1,103,,56077,1202,,,1,97,,56070,1202,,,1,100,,56073,1202,,,1,100,,56075,1202,,,1,100,,56076,1202,,,1,100,,56078,1202,,,1,102,,56079,1202,,,1
2300,'SE',943,,56085,1202,,,1,100,,56082,1202,,,1,100,,56084,1202,,,1,100,,56086,1202,,,1,100,,56083,1202,,,1
7400,'DI',758,,59457,1202,,,1,100,,59463,1202,,,1,100,,59458,1202,,,1,100,,59464,1202,,,1,99,,59465,1202,,,1,145,,59470,1202,,,1,56,,59466,1202,,,1,100,,59456,1202,,,1,100,,59471,1202,,,1,100,,59472,1202,,,1,144,,59459,1202,,,1,56,,59460,1202,,,1,100,,59461,1202,,,1,100,,59462,1202,,,1,100,,59467,1202,,,1,100,,59468,1202,,,1,100,,59469,1202,,,1
7400,'F1',758,,59474,1202,,,1,100,,59480,1202,,,1,100,,59475,1202,,,1,100,,59481,1202,,,1,99,,59482,1202,,,1,145,,59487,1202,,,1,56,,59483,1202,,,1,100,,59473,1202,,,1,100,,59488,1202,,,1,100,,59489,1202,,,1,144,,59476,1202,,,1,56,,59477,1202,,,1,100,,59478,1202,,,1,100,,59479,1202,,,1,100,,59484,1202,,,1,100,,59485,1202,,,1,100,,59486,1202,,,1
7400,'F2',758,,59502,1202,,,1,100,,59493,1202,,,1,99,,59503,1202,,,1,100,,59504,1202,,,1,101,,59501,1202,,,1,100,,59490,1202,,,1,100,,59491,1202,,,1,99,,59494,1202,,,1,101,,59495,1202,,,1,100,,59496,1202,,,1,142,,59505,1202,,,1,58,,59497,1202,,,1,100,,59498,1202,,,1,100,,59499,1202,,,1,100,,59506,1202,,,1,100,,59500,1202,,,1,100,,59507,1202,,,1,100,,59492,1202,,,1
7400,'SA',758,,59520,1202,,,1,100,,59511,1202,,,1,99,,59521,1202,,,1,100,,59522,1202,,,1,101,,59519,1202,,,1,100,,59508,1202,,,1,100,,59509,1202,,,1,99,,59512,1202,,,1,101,,59513,1202,,,1,100,,59514,1202,,,1,142,,59523,1202,,,1,58,,59515,1202,,,1,100,,59516,1202,,,1,100,,59517,1202,,,1,100,,59524,1202,,,1,100,,59518,1202,,,1,100,,59525,1202,,,1,100,,59510,1202,,,1
7400,'SE',627,,59533,1202,,,1,25,,59538,1202,,,1,78,,59528,1202,,,1,25,,59527,1202,,,1,69,,59536,1202,,,1,32,,59526,1202,,,1,101,,59534,1202,,,1,100,,59535,1202,,,1,100,,59529,1202,,,1,100,,59530,1202,,,1,101,,59531,1202,,,1,100,,59539,1202,,,1,70,,59537,1202,,,1,27,,59532,1202,,,1,74,,59546,1202,,,1,29,,59543,1202,,,1,70,,59550,1202,,,1,30,,59548,1202,,,1,70,,59549,1202,,,1,29,,59547,1202,,,1,100,,59544,1202,,,1,100,,59545,1202,,,1,100,,59540,1202,,,1,100,,59551,1202,,,1,100,,59541,1202,,,1,100,,59542,1202,,,1
12300,'DI',613,,37610,1202,0,42 43,1,100,,37620,1202,0,42 43,1,100,,37611,1202,0,42 43,1,100,,37621,1202,0,42 43,1,100,,37612,1202,0,42 43,1,100,,61748,1202,0,42 43,1,105,,37613,1202,0,42 43,1,95,,61749,1202,0,42 43,1,100,,37614,1202,0,42 43,1,100,,61750,1202,0,42 43,1,100,,61743,1202,0,42 43,1,100,,61751,1202,0,42 43,1,100,,61744,1202,0,42 43,1,100,,61752,1202,0,42 43,1,100,,61745,1202,0,42 43,1,100,,61753,1202,0,42 43,1,100,,61746,1202,0,42 43,1,100,,61754,1202,0,42 43,1,100,,61747,1202,0,42 43,1
12300,'F1',613,,49910,1202,0,42 43,1,100,,49920,1202,0,42 43,1,100,,49911,1202,0,42 43,1,100,,49921,1202,0,42 43,1,100,,49912,1202,0,42 43,1,100,,61760,1202,0,42 43,1,105,,49913,1202,0,42 43,1,95,,61761,1202,0,42 43,1,100,,49914,1202,0,42 43,1,100,,61762,1202,0,42 43,1,100,,61755,1202,0,42 43,1,100,,61763,1202,0,42 43,1,100,,61756,1202,0,42 43,1,100,,61764,1202,0,42 43,1,100,,61757,1202,0,42 43,1,100,,61765,1202,0,42 43,1,100,,61758,1202,0,42 43,1,100,,61766,1202,0,42 43,1,100,,61759,1202,0,42 43,1
12300,'F2',612,,61767,1202,0,42 43,1,100,,61773,1202,0,42 43,1,100,,61777,1202,0,42 43,1,105,,61768,1202,0,42 43,1,99,,61778,1202,0,42 43,1,100,,61769,1202,0,42 43,1,100,,61779,1202,0,42 43,1,96,,61770,1202,0,42 43,1,100,,61780,1202,0,42 43,1,100,,61771,1202,0,42 43,1,104,,61781,1202,0,42 43,1,101,,61772,1202,0,42 43,1,99,,61782,1202,0,42 43,1,96,,61774,1202,0,42 43,1,100,,61783,1202,0,42 43,1,100,,61775,1202,0,42 43,1,100,,61784,1202,0,42 43,1,100,,61776,1202,0,42 43,1,100,,61785,1202,0,42 43,1
12300,'SA',612,,61786,1202,0,42 43,1,100,,61792,1202,0,42 43,1,100,,61796,1202,0,42 43,1,105,,61787,1202,0,42 43,1,99,,61797,1202,0,42 43,1,100,,61788,1202,0,42 43,1,100,,61798,1202,0,42 43,1,96,,61789,1202,0,42 43,1,100,,61799,1202,0,42 43,1,100,,61790,1202,0,42 43,1,104,,61800,1202,0,42 43,1,101,,61791,1202,0,42 43,1,99,,61801,1202,0,42 43,1,96,,61793,1202,0,42 43,1,100,,61802,1202,0,42 43,1,100,,61794,1202,0,42 43,1,100,,61803,1202,0,42 43,1,100,,61795,1202,0,42 43,1,100,,61804,1202,0,42 43,1
12300,'SE',505,,61821,1202,0,42 43,1,33,,61815,1202,0,42 43,1,15,,61808,1202,0,42 43,1,50,,61809,1202,0,42 43,1,10,,61810,1202,0,42 43,1,10,,61829,1202,0,42 43,1,10,,61812,1202,0,42 43,1,8,,61820,1202,0,42 43,1,12,,49968,1202,0,42 43,1,50,,61827,1202,0,42 43,1,21,,61828,1202,0,42 43,1,17,,61813,1202,0,42 43,1,69,,61817,1202,0,42 43,1,29,,49971,1202,0,42 43,1,69,,61811,1202,0,42 43,1,102,,61837,1202,0,42 43,1,100,,61807,1202,0,42 43,1,99,,61824,1202,0,42 43,1,101,,61816,1202,0,42 43,1,5,,61830,1202,0,42 43,1,93,,61822,1202,0,42 43,1,30,,61833,1202,0,42 43,1,70,,61825,1202,0,42 43,1,26,,49980,1202,0,42 43,1,71,,49975,1202,0,42 43,1,31,,61814,1202,0,42 43,1,71,,61823,1202,0,42 43,1,31,,61826,1202,0,42 43,1,76,,61806,1202,0,42 43,1,28,,61805,1202,0,42 43,1,70,,61834,1202,0,42 43,1,30,,61835,1202,0,42 43,1,70,,61836,1202,0,42 43,1,100,,61818,1202,0,42 43,1,100,,61831,1202,0,42 43,1,100,,61819,1202,0,42 43,1,100,,61832,1202,0,42 43,1
