2100,'DI',525,,26717,12719,,,1,30,,26710,12719,,,1,70,,26733,12719,,,1,29,,26735,12719,,,1,70,,26737,12719,,,1,30,,26728,12719,,,1,71,,26729,12719,,,1,30,,26734,12719,,,1,70,,26718,12719,,,1,27,,26731,12719,,,1,73,,26744,12719,,,1,30,,26742,12719,,,1,72,,26732,12719,,,1,28,,26719,12719,,,1,71,,26738,12719,,,1,30,,26730,12719,,,1,70,,26736,12719,,,1,30,,26745,12719,,,1,70,,26743,12719,,,1,30,,26720,12719,,,1,70,,26722,12719,,,1,30,,26711,12719,,,1,70,,26725,12719,,,1,30,,26721,12719,,,1,70,,26705,12719,,,1,30,,26712,12719,,,1,70,,26726,12719,,,1,29,,26709,12719,,,1,70,,26706,12719,,,1,30,,26708,12719,,,1,70,,26740,12719,,,1,30,,26723,12719,,,1,70,,26713,12719,,,1,30,,26727,12719,,,1,70,,26714,12719,,,1,30,,26716,12719,,,1,70,,26739,12719,,,1,30,,26741,12719,,,1,70,,26707,12719,,,1,30,,26724,12719,,,1,70,,26715,12719,,,1
2100,'F8',525,,26891,12719,,,1,30,,26882,12719,,,1,70,,26895,12719,,,1,30,,26904,12719,,,1,70,,26905,12719,,,1,30,,26893,12719,,,1,70,,26908,12719,,,1,30,,26896,12719,,,1,70,,26883,12719,,,1,25,,26878,12719,,,1,71,,26892,12719,,,1,34,,26897,12719,,,1,73,,26879,12719,,,1,24,,26884,12719,,,1,74,,26888,12719,,,1,30,,26901,12719,,,1,70,,26906,12719,,,1,30,,26898,12719,,,1,70,,26909,12719,,,1,30,,26902,12719,,,1,70,,26907,12719,,,1,30,,26899,12719,,,1,70,,26911,12719,,,1,30,,26885,12719,,,1,70,,26910,12719,,,1,30,,26900,12719,,,1,70,,26912,12719,,,1,29,,26874,12719,,,1,70,,26889,12719,,,1,30,,26903,12719,,,1,70,,26886,12719,,,1,30,,26894,12719,,,1,70,,26880,12719,,,1,30,,26890,12719,,,1,70,,26876,12719,,,1,30,,26887,12719,,,1,70,,26914,12719,,,1,30,,26881,12719,,,1,70,,26913,12719,,,1,30,,26877,12719,,,1,69,,26875,12719,,,1
2100,'F9',525,,26927,12719,,,1,30,,26920,12719,,,1,70,,26943,12719,,,1,29,,26945,12719,,,1,70,,26947,12719,,,1,30,,26938,12719,,,1,71,,26939,12719,,,1,30,,26944,12719,,,1,70,,26928,12719,,,1,27,,26941,12719,,,1,73,,26954,12719,,,1,30,,26952,12719,,,1,72,,26942,12719,,,1,28,,26929,12719,,,1,71,,26948,12719,,,1,30,,26940,12719,,,1,70,,26946,12719,,,1,30,,26955,12719,,,1,70,,26953,12719,,,1,30,,26930,12719,,,1,70,,26932,12719,,,1,30,,26921,12719,,,1,70,,26935,12719,,,1,30,,26931,12719,,,1,70,,26915,12719,,,1,30,,26922,12719,,,1,70,,26936,12719,,,1,29,,26919,12719,,,1,70,,26916,12719,,,1,30,,26918,12719,,,1,70,,26950,12719,,,1,30,,26933,12719,,,1,70,,26923,12719,,,1,30,,26937,12719,,,1,70,,26924,12719,,,1,30,,26926,12719,,,1,70,,26949,12719,,,1,30,,26951,12719,,,1,70,,26917,12719,,,1,30,,26934,12719,,,1,70,,26925,12719,,,1
2100,'SA',525,,26973,12719,,,1,30,,26964,12719,,,1,70,,26977,12719,,,1,30,,26986,12719,,,1,70,,26987,12719,,,1,30,,26975,12719,,,1,70,,26988,12719,,,1,30,,26978,12719,,,1,70,,26965,12719,,,1,25,,26960,12719,,,1,71,,26974,12719,,,1,34,,26979,12719,,,1,73,,26961,12719,,,1,24,,26966,12719,,,1,74,,26970,12719,,,1,30,,26983,12719,,,1,70,,6221,12719,,,1,30,,26980,12719,,,1,70,,26989,12719,,,1,30,,26984,12719,,,1,70,,6222,12719,,,1,30,,26981,12719,,,1,70,,26991,12719,,,1,30,,26967,12719,,,1,70,,26990,12719,,,1,30,,26982,12719,,,1,70,,26992,12719,,,1,29,,26956,12719,,,1,70,,26971,12719,,,1,30,,26985,12719,,,1,70,,26968,12719,,,1,30,,26976,12719,,,1,70,,26962,12719,,,1,30,,26972,12719,,,1,70,,26958,12719,,,1,30,,26969,12719,,,1,70,,26993,12719,,,1,30,,26963,12719,,,1,70,,6233,12719,,,1,30,,26959,12719,,,1,69,,26957,12719,,,1
2100,'SE',538,,27004,12719,,,1,15,,27005,12719,,,1,55,,26997,12719,,,1,12,,26999,12719,,,1,10,,27031,12719,,,1,20,,27035,12719,,,1,56,,26998,12719,,,1,10,,27008,12719,,,1,14,,27006,12719,,,1,17,,27000,12719,,,1,57,,27032,12719,,,1,23,,27007,12719,,,1,18,,27044,12719,,,1,60,,27033,12719,,,1,21,,27026,12719,,,1,27,,27028,12719,,,1,72,,27036,12719,,,1,30,,27034,12719,,,1,70,,26994,12719,,,1,30,,27020,12719,,,1,73,,27022,12719,,,1,30,,27001,12719,,,1,70,,27037,12719,,,1,30,,27045,12719,,,1,68,,27029,12719,,,1,81,,27027,12719,,,1,7,,27021,12719,,,1,17,,27017,12719,,,1,15,,27009,12719,,,1,55,,27002,12719,,,1,15,,27038,12719,,,1,15,,27030,12719,,,1,16,,27014,12719,,,1,59,,27041,12719,,,1,17,,27040,12719,,,1,10,,27018,12719,,,1,11,,27010,12719,,,1,15,,27003,12719,,,1,53,,27039,12719,,,1,15,,27019,12719,,,1,15,,27015,12719,,,1,60,,27042,12719,,,1,20,,27024,12719,,,1,17,,27011,12719,,,1,70,,27025,12719,,,1,30,,26995,12719,,,1,70,,27023,12719,,,1,30,,27016,12719,,,1,100,,27012,12719,,,1,100,,27043,12719,,,1,96,,26996,12719,,,1,100,,27013,12719,,,1
13201,'DI',725,,38200,10280,,,2,100,,38198,10280,,,2,100,,38199,10280,,,2,100,,38204,10280,,,2,100,,38201,10280,,,2,100,,38202,10280,,,2,100,,38205,10280,,,2,100,,38208,10280,,,2,100,,38206,10280,,,2,105,,38210,10280,,,2,95,,38209,10280,,,2,100,,38207,10280,,,2,101,,38211,10280,,,2,97,,38212,10280,,,2,100,,38203,10280,,,2,100,,38197,10280,,,2,100,,38213,10280,,,2,100,,38214,10280,,,2
13201,'F8',725,,38280,10280,,,2,100,,38296,10280,,,2,100,,38284,10280,,,2,100,,38279,10280,,,2,103,,38281,10280,,,2,97,,38285,10280,,,2,104,,38282,10280,,,2,96,,38295,10280,,,2,104,,38286,10280,,,2,96,,38288,10280,,,2,100,,38283,10280,,,2,100,,38287,10280,,,2,101,,38289,10280,,,2,97,,38291,10280,,,2,100,,38290,10280,,,2,100,,38293,10280,,,2,100,,38292,10280,,,2,100,,38294,10280,,,2
13201,'F9',725,,38300,10280,,,2,100,,38298,10280,,,2,100,,38299,10280,,,2,100,,38304,10280,,,2,100,,38301,10280,,,2,100,,38302,10280,,,2,100,,38305,10280,,,2,100,,38308,10280,,,2,100,,38306,10280,,,2,105,,38310,10280,,,2,95,,38309,10280,,,2,100,,38307,10280,,,2,101,,38311,10280,,,2,97,,38312,10280,,,2,100,,38303,10280,,,2,100,,38297,10280,,,2,100,,38313,10280,,,2,100,,38314,10280,,,2
13201,'SA',725,,38316,10280,,,2,100,,38332,10280,,,2,100,,38320,10280,,,2,100,,38315,10280,,,2,103,,38317,10280,,,2,97,,38321,10280,,,2,104,,38318,10280,,,2,96,,38331,10280,,,2,104,,38322,10280,,,2,96,,38324,10280,,,2,100,,38319,10280,,,2,100,,38323,10280,,,2,101,,38325,10280,,,2,97,,38327,10280,,,2,100,,38326,10280,,,2,100,,38329,10280,,,2,100,,38328,10280,,,2,100,,38330,10280,,,2
13201,'SE',557,,38339,10280,,,2,70,,38336,10280,,,2,74,,38345,10280,,,2,20,,38338,10280,,,2,24,,38343,10280,,,2,10,,38349,10280,,,2,50,,38347,10280,,,2,22,,38346,10280,,,2,17,,38340,10280,,,2,56,,38344,10280,,,2,20,,38348,10280,,,2,20,,38358,10280,,,2,19,,16560,10280,,,2,97,,38359,10280,,,2,99,,16564,10280,,,2,96,,38357,10280,,,2,100,,38350,10280,,,2,150,,38351,10280,,,2,11,,38354,10280,,,2,3,,38333,10280,,,2,43,,38341,10280,,,2,65,,38352,10280,,,2,20,,38355,10280,,,2,58,,38337,10280,,,2,23,,38342,10280,,,2,19,,38335,10280,,,2,58,,38353,10280,,,2,19,,38334,10280,,,2,80,,38356,10280,,,2
53201,'SE',859,,40660,693,,,2,41,,40661,693,,,2
64000,'SE',1625,,40789,6509,,,2,1,,40790,6509,,,2,1,,40791,6509,,,2
64001,'SE',836,,40796,2215,,,2,1,,40797,2215,,,2,1,,40795,2215,,,2
69700,'SE',1638,,40968,9294,,,2,1,,40969,9294,,,2
69701,'SE',835,,40972,2940,,,2,1,,40973,2940,,,2
