4200,'DI',622,,29423,5373,,,1,100,,29424,5373,,,1,100,,29425,5373,,,1,100,,29426,5373,,,1,100,,29427,5373,,,1,101,,29428,5373,,,1,100,,29429,5373,,,1,100,,29430,5373,,,1,100,,29431,5373,,,1,100,,29432,5373,,,1,100,,29433,5373,,,1,100,,29434,5373,,,1,100,,29435,5373,,,1,100,,29436,5373,,,1,99,,29437,5373,,,1,100,,29438,5373,,,1,100,,29439,5373,,,1,100,,29440,5373,,,1,100,,29441,5373,,,1,100,,29442,5373,,,1
4200,'F1',622,,46641,5373,,,1,100,,46642,5373,,,1,100,,46643,5373,,,1,100,,46644,5373,,,1,100,,46645,5373,,,1,101,,46646,5373,,,1,100,,46647,5373,,,1,100,,46648,5373,,,1,100,,46649,5373,,,1,100,,46650,5373,,,1,100,,46651,5373,,,1,100,,46652,5373,,,1,100,,46653,5373,,,1,100,,46654,5373,,,1,99,,46655,5373,,,1,100,,46656,5373,,,1,100,,46657,5373,,,1,100,,46658,5373,,,1,100,,46659,5373,,,1,100,,46660,5373,,,1
4200,'F2',622,,46678,5373,,,1,100,,46679,5373,,,1,100,,46680,5373,,,1,100,,46661,5373,,,1,100,,46662,5373,,,1,101,,46663,5373,,,1,100,,46664,5373,,,1,100,,46665,5373,,,1,100,,46666,5373,,,1,100,,46667,5373,,,1,100,,46668,5373,,,1,100,,46669,5373,,,1,100,,46670,5373,,,1,100,,46671,5373,,,1,99,,46672,5373,,,1,100,,46673,5373,,,1,100,,46674,5373,,,1,100,,46675,5373,,,1,100,,46676,5373,,,1,100,,46677,5373,,,1
4200,'F8',622,,29543,5373,,,1,100,,29544,5373,,,1,100,,29545,5373,,,1,100,,29526,5373,,,1,100,,29527,5373,,,1,101,,29528,5373,,,1,100,,29529,5373,,,1,100,,29530,5373,,,1,100,,29531,5373,,,1,100,,29532,5373,,,1,100,,29533,5373,,,1,100,,29534,5373,,,1,100,,29535,5373,,,1,100,,29536,5373,,,1,99,,29537,5373,,,1,100,,29538,5373,,,1,100,,29539,5373,,,1,100,,29540,5373,,,1,100,,29541,5373,,,1,100,,29542,5373,,,1
4200,'F9',622,,29546,5373,,,1,100,,29547,5373,,,1,100,,29548,5373,,,1,100,,29549,5373,,,1,100,,29550,5373,,,1,101,,29551,5373,,,1,100,,29552,5373,,,1,100,,29553,5373,,,1,100,,29554,5373,,,1,100,,29555,5373,,,1,100,,29556,5373,,,1,100,,29557,5373,,,1,100,,29558,5373,,,1,100,,29559,5373,,,1,99,,29560,5373,,,1,100,,29561,5373,,,1,100,,29562,5373,,,1,100,,29563,5373,,,1,100,,29564,5373,,,1,100,,29565,5373,,,1
4200,'SA',622,,29583,5373,,,1,100,,29584,5373,,,1,100,,29585,5373,,,1,100,,29566,5373,,,1,100,,29567,5373,,,1,101,,29568,5373,,,1,100,,29569,5373,,,1,100,,29570,5373,,,1,100,,29571,5373,,,1,100,,29572,5373,,,1,100,,29573,5373,,,1,100,,29574,5373,,,1,100,,29575,5373,,,1,100,,29576,5373,,,1,99,,29577,5373,,,1,100,,29578,5373,,,1,100,,29579,5373,,,1,100,,29580,5373,,,1,100,,29581,5373,,,1,100,,29582,5373,,,1
4200,'SE',604,,46723,5373,,,1,36,,46683,5373,,,1,70,,46716,5373,,,1,12,,46690,5373,,,1,6,,46722,5373,,,1,6,,46694,5373,,,1,6,,46691,5373,,,1,62,,46697,5373,,,1,21,,46695,5373,,,1,34,,46689,5373,,,1,70,,46696,5373,,,1,30,,46692,5373,,,1,70,,46698,5373,,,1,30,,46713,5373,,,1,70,,46682,5373,,,1,30,,46712,5373,,,1,70,,46684,5373,,,1,30,,46715,5373,,,1,70,,46699,5373,,,1,30,,46693,5373,,,1,70,,46688,5373,,,1,30,,46701,5373,,,1,72,,46705,5373,,,1,30,,46700,5373,,,1,67,,46717,5373,,,1,24,,46711,5373,,,1,55,,46685,5373,,,1,14,,46686,5373,,,1,14,,46718,5373,,,1,14,,46714,5373,,,1,55,,46681,5373,,,1,27,,46706,5373,,,1,30,,46719,5373,,,1,71,,46707,5373,,,1,74,,46720,5373,,,1,30,,46708,5373,,,1,69,,46721,5373,,,1,30,,46709,5373,,,1,70,,46687,5373,,,1,30,,46710,5373,,,1,91,,46702,5373,,,1,100,,46703,5373,,,1,100,,46704,5373,,,1
6000,'SE',633,,47742,5373,,,1,84,,47745,5373,,,1,37,,47731,5373,,,1,86,,47748,5373,,,1,101,,47743,5373,,,1,100,,47736,5373,,,1,100,,47749,5373,,,1,100,,47740,5373,,,1,100,,47738,5373,,,1,100,,47753,5373,,,1,98,,47746,5373,,,1,70,,47737,5373,,,1,25,,47750,5373,,,1,24,,47732,5373,,,1,68,,47744,5373,,,1,27,,47747,5373,,,1,65,,47733,5373,,,1,30,,47741,5373,,,1,68,,47751,5373,,,1,99,,47730,5373,,,1,99,,47734,5373,,,1,100,,47739,5373,,,1,90,,47735,5373,,,1,100,,47752,5373,,,1
16000,'DI',703,,38365,5373,0,19 20,1,100,,38368,5373,0,19 20,1,100,,38371,5373,0,19 20,1,100,,38366,5373,0,19 20,1,100,,38372,5373,0,19 20,1,100,,38364,5373,0,19 20,1,100,,38373,5373,0,19 20,1,100,,38362,5373,0,19 20,1,100,,38360,5373,0,19 20,1,100,,38369,5373,0,19 20,1,100,,38367,5373,0,19 20,1,100,,38374,5373,0,19 20,1,100,,38370,5373,0,19 20,1,102,,38363,5373,0,19 20,1,98,,38361,5373,0,19 20,1
16000,'F1',703,,50212,5373,0,19 20,1,100,,50215,5373,0,19 20,1,100,,50218,5373,0,19 20,1,100,,50213,5373,0,19 20,1,100,,50219,5373,0,19 20,1,100,,50211,5373,0,19 20,1,100,,50220,5373,0,19 20,1,100,,50209,5373,0,19 20,1,100,,50207,5373,0,19 20,1,100,,50216,5373,0,19 20,1,100,,50214,5373,0,19 20,1,100,,50221,5373,0,19 20,1,100,,50217,5373,0,19 20,1,102,,50210,5373,0,19 20,1,98,,50208,5373,0,19 20,1
16000,'F2',703,,50226,5373,0,19 20,1,99,,50229,5373,0,19 20,1,101,,50225,5373,0,19 20,1,100,,50222,5373,0,19 20,1,100,,50228,5373,0,19 20,1,99,,50233,5373,0,19 20,1,101,,50223,5373,0,19 20,1,100,,50227,5373,0,19 20,1,100,,50234,5373,0,19 20,1,100,,50230,5373,0,19 20,1,100,,50224,5373,0,19 20,1,100,,50235,5373,0,19 20,1,100,,50231,5373,0,19 20,1,101,,50236,5373,0,19 20,1,99,,50232,5373,0,19 20,1
16000,'F8',703,,38429,5373,0,19 20,1,99,,38432,5373,0,19 20,1,101,,38428,5373,0,19 20,1,100,,38425,5373,0,19 20,1,100,,38431,5373,0,19 20,1,99,,38436,5373,0,19 20,1,101,,38426,5373,0,19 20,1,100,,38430,5373,0,19 20,1,100,,38437,5373,0,19 20,1,100,,38433,5373,0,19 20,1,100,,38427,5373,0,19 20,1,100,,38438,5373,0,19 20,1,100,,38434,5373,0,19 20,1,101,,38439,5373,0,19 20,1,99,,38435,5373,0,19 20,1
16000,'F9',703,,38445,5373,0,19 20,1,100,,38448,5373,0,19 20,1,100,,38451,5373,0,19 20,1,100,,38446,5373,0,19 20,1,100,,38452,5373,0,19 20,1,100,,38444,5373,0,19 20,1,100,,38453,5373,0,19 20,1,100,,38442,5373,0,19 20,1,100,,38440,5373,0,19 20,1,100,,38449,5373,0,19 20,1,100,,38447,5373,0,19 20,1,100,,38454,5373,0,19 20,1,100,,38450,5373,0,19 20,1,102,,38443,5373,0,19 20,1,98,,38441,5373,0,19 20,1
16000,'SA',703,,38459,5373,0,19 20,1,99,,16667,5373,0,19 20,1,101,,38458,5373,0,19 20,1,100,,38455,5373,0,19 20,1,100,,38461,5373,0,19 20,1,99,,38464,5373,0,19 20,1,101,,38456,5373,0,19 20,1,100,,38460,5373,0,19 20,1,100,,38465,5373,0,19 20,1,100,,16668,5373,0,19 20,1,100,,38457,5373,0,19 20,1,100,,38466,5373,0,19 20,1,100,,38462,5373,0,19 20,1,101,,38467,5373,0,19 20,1,99,,38463,5373,0,19 20,1
16000,'SE',617,,50239,5373,0,19 20,1,95,,50249,5373,0,19 20,1,39,,50247,5373,0,19 20,1,94,,50250,5373,0,19 20,1,89,,50248,5373,0,19 20,1,86,,50240,5373,0,19 20,1,101,,50241,5373,0,19 20,1,100,,50242,5373,0,19 20,1,100,,50251,5373,0,19 20,1,100,,50246,5373,0,19 20,1,98,,50253,5373,0,19 20,1,30,,50259,5373,0,19 20,1,68,,50237,5373,0,19 20,1,24,,50252,5373,0,19 20,1,71,,50254,5373,0,19 20,1,27,,50255,5373,0,19 20,1,70,,50245,5373,0,19 20,1,30,,50260,5373,0,19 20,1,70,,50243,5373,0,19 20,1,47,,50238,5373,0,19 20,1,99,,50244,5373,0,19 20,1,100,,50257,5373,0,19 20,1,92,,50256,5373,0,19 20,1,100,,50258,5373,0,19 20,1
