3201,'DI',534,,28612,3866,,,1,99,,28613,3866,,,1,101,,28614,3866,,,1,99,,28615,3866,,,1,102,,28616,3866,,,1,100,,28619,3866,,,1,101,,28621,3866,,,1,101,,28617,3866,,,1,103,,28623,3866,,,1,98,,28622,3866,,,1,104,,28625,3866,,,1,96,,28624,3866,,,1,100,,28627,3866,,,1,100,,28626,3866,,,1,99,,28620,3866,,,1,100,,28610,3866,,,1,100,,28628,3866,,,1,100,,28630,3866,,,1,100,,28618,3866,,,1,100,,28629,3866,,,1,99,,28611,3866,,,1
3201,'F1',534,,46314,3866,,,1,99,,46315,3866,,,1,101,,46316,3866,,,1,99,,46317,3866,,,1,102,,46318,3866,,,1,100,,46321,3866,,,1,101,,46323,3866,,,1,101,,46319,3866,,,1,103,,46325,3866,,,1,98,,46324,3866,,,1,104,,46327,3866,,,1,96,,46326,3866,,,1,100,,46329,3866,,,1,100,,46328,3866,,,1,99,,46322,3866,,,1,100,,46312,3866,,,1,100,,46330,3866,,,1,100,,46332,3866,,,1,100,,46320,3866,,,1,100,,46331,3866,,,1,99,,46313,3866,,,1
3201,'F2',534,,46334,3866,,,1,99,,46335,3866,,,1,101,,46336,3866,,,1,96,,46337,3866,,,1,103,,46338,3866,,,1,101,,46344,3866,,,1,102,,46339,3866,,,1,99,,46353,3866,,,1,106,,46345,3866,,,1,102,,46340,3866,,,1,97,,46341,3866,,,1,98,,46346,3866,,,1,100,,46347,3866,,,1,100,,46342,3866,,,1,99,,46349,3866,,,1,100,,46348,3866,,,1,100,,46350,3866,,,1,100,,46352,3866,,,1,100,,46351,3866,,,1,100,,46343,3866,,,1,99,,46333,3866,,,1
3201,'F8',534,,28702,3866,,,1,99,,28703,3866,,,1,101,,28704,3866,,,1,96,,28705,3866,,,1,103,,28706,3866,,,1,101,,28712,3866,,,1,102,,28707,3866,,,1,99,,28721,3866,,,1,106,,28713,3866,,,1,102,,28708,3866,,,1,97,,28709,3866,,,1,98,,28714,3866,,,1,100,,28715,3866,,,1,100,,28710,3866,,,1,99,,28717,3866,,,1,100,,28716,3866,,,1,100,,28718,3866,,,1,100,,28720,3866,,,1,100,,28719,3866,,,1,100,,28711,3866,,,1,99,,28701,3866,,,1
3201,'F9',534,,28724,3866,,,1,99,,28725,3866,,,1,101,,28726,3866,,,1,99,,28727,3866,,,1,102,,28728,3866,,,1,100,,28731,3866,,,1,101,,28733,3866,,,1,101,,28729,3866,,,1,103,,28735,3866,,,1,98,,28734,3866,,,1,104,,28737,3866,,,1,96,,28736,3866,,,1,100,,28739,3866,,,1,100,,28738,3866,,,1,99,,28732,3866,,,1,100,,28722,3866,,,1,100,,28740,3866,,,1,100,,28742,3866,,,1,100,,28730,3866,,,1,100,,28741,3866,,,1,99,,28723,3866,,,1
3201,'SA',534,,28744,3866,,,1,99,,28745,3866,,,1,101,,28746,3866,,,1,96,,28747,3866,,,1,103,,28748,3866,,,1,101,,28754,3866,,,1,102,,28749,3866,,,1,99,,28763,3866,,,1,106,,28755,3866,,,1,102,,28750,3866,,,1,97,,28751,3866,,,1,98,,28756,3866,,,1,100,,28757,3866,,,1,100,,28752,3866,,,1,99,,28759,3866,,,1,100,,28758,3866,,,1,100,,28760,3866,,,1,100,,28762,3866,,,1,100,,28761,3866,,,1,100,,28753,3866,,,1,99,,28743,3866,,,1
3201,'SE',509,,46376,8153,,,1,30,,46367,8153,,,1,70,,46375,8153,,,1,29,,46371,8153,,,1,75,,46368,8153,,,1,27,,46369,8153,,,1,64,,46381,8153,,,1,30,,46372,8153,,,1,75,,46380,8153,,,1,96,,46357,3866,,,1,101,,46359,3866,,,1,100,,46354,3866,,,1,100,,46365,3866,,,1,100,,46355,3866,,,1,103,,46358,3866,,,1,105,,46360,3866,,,1,20,,46379,8153,,,1,70,,46374,8153,,,1,30,,46366,8153,,,1,70,,46378,8153,,,1,23,,46373,8153,,,1,73,,46377,8153,,,1,25,,46370,8153,,,1,87,,46363,3866,,,1,100,,46362,3866,,,1,98,,46364,3866,,,1,100,,46356,3866,,,1,98,,46361,3866,,,1
13201,'DI',715,,38200,6616,,,1,100,,38198,6616,,,1,100,,38199,6616,,,1,100,,38204,6616,,,1,100,,38201,6616,,,1,100,,38202,6616,,,1,100,,38205,6616,,,1,100,,38208,6616,,,1,100,,38206,6616,,,1,105,,38210,6616,,,1,95,,38209,6616,,,1,100,,38207,6616,,,1,101,,38211,6616,,,1,98,,38212,6616,,,1,100,,38203,6616,,,1,100,,38197,6616,,,1,100,,38213,6616,,,1,100,,38214,6616,,,1
13201,'F1',715,,50148,6616,,,1,100,,50146,6616,,,1,100,,50147,6616,,,1,100,,50152,6616,,,1,100,,50149,6616,,,1,100,,50150,6616,,,1,100,,50153,6616,,,1,100,,50156,6616,,,1,100,,50154,6616,,,1,105,,50158,6616,,,1,95,,50157,6616,,,1,100,,50155,6616,,,1,101,,50159,6616,,,1,98,,50160,6616,,,1,100,,50151,6616,,,1,100,,50145,6616,,,1,100,,50161,6616,,,1,100,,50162,6616,,,1
13201,'F2',715,,50164,6616,,,1,100,,50180,6616,,,1,100,,50168,6616,,,1,100,,50163,6616,,,1,103,,50165,6616,,,1,97,,50169,6616,,,1,104,,50166,6616,,,1,96,,50179,6616,,,1,104,,50170,6616,,,1,96,,50172,6616,,,1,100,,50167,6616,,,1,100,,50171,6616,,,1,101,,50173,6616,,,1,98,,50175,6616,,,1,100,,50174,6616,,,1,100,,50177,6616,,,1,100,,50176,6616,,,1,100,,50178,6616,,,1
13201,'F8',715,,38280,6616,,,1,100,,38296,6616,,,1,100,,38284,6616,,,1,100,,38279,6616,,,1,103,,38281,6616,,,1,97,,38285,6616,,,1,104,,38282,6616,,,1,96,,38295,6616,,,1,104,,38286,6616,,,1,96,,38288,6616,,,1,100,,38283,6616,,,1,100,,38287,6616,,,1,101,,38289,6616,,,1,98,,38291,6616,,,1,100,,38290,6616,,,1,100,,38293,6616,,,1,100,,38292,6616,,,1,100,,38294,6616,,,1
13201,'F9',715,,38300,6616,,,1,100,,38298,6616,,,1,100,,38299,6616,,,1,100,,38304,6616,,,1,100,,38301,6616,,,1,100,,38302,6616,,,1,100,,38305,6616,,,1,100,,38308,6616,,,1,100,,38306,6616,,,1,105,,38310,6616,,,1,95,,38309,6616,,,1,100,,38307,6616,,,1,101,,38311,6616,,,1,98,,38312,6616,,,1,100,,38303,6616,,,1,100,,38297,6616,,,1,100,,38313,6616,,,1,100,,38314,6616,,,1
13201,'SA',715,,38316,6616,,,1,100,,38332,6616,,,1,100,,38320,6616,,,1,100,,38315,6616,,,1,103,,38317,6616,,,1,97,,38321,6616,,,1,104,,38318,6616,,,1,96,,38331,6616,,,1,104,,38322,6616,,,1,96,,38324,6616,,,1,100,,38319,6616,,,1,100,,38323,6616,,,1,101,,38325,6616,,,1,98,,38327,6616,,,1,100,,38326,6616,,,1,100,,38329,6616,,,1,100,,38328,6616,,,1,100,,38330,6616,,,1
13201,'SE',548,,50185,6616,,,1,70,,50190,6616,,,1,32,,50195,6616,,,1,60,,50198,6616,,,1,22,,50181,6616,,,1,22,,50196,6616,,,1,60,,50194,6616,,,1,18,,50192,6616,,,1,18,,50182,6616,,,1,60,,50197,6616,,,1,18,,50189,6616,,,1,22,,50193,6616,,,1,96,,50187,6616,,,1,99,,50203,6616,,,1,96,,50186,6616,,,1,100,,50204,6616,,,1,110,,50206,6616,,,1,97,,50183,6616,,,1,64,,50199,6616,,,1,20,,50201,6616,,,1,19,,50191,6616,,,1,63,,50184,6616,,,1,19,,50200,6616,,,1,19,,50205,6616,,,1,59,,50188,6616,,,1,40,,50202,6616,,,1
