2801,'DI',948,,27810,9971,,,1,100,,27815,9971,,,1,100,,27813,9971,,,1,102,,27811,9971,,,1,100,,27812,9971,,,1,100,,27816,9971,,,1,97,,27819,9971,,,1,99,,27818,9971,,,1,96,,27817,9971,,,1,105,,27814,9971,,,1
2801,'F1',948,,45978,9971,,,1,100,,45983,9971,,,1,100,,45981,9971,,,1,102,,45979,9971,,,1,100,,45980,9971,,,1,100,,45984,9971,,,1,97,,45987,9971,,,1,99,,45986,9971,,,1,96,,45985,9971,,,1,105,,45982,9971,,,1
2801,'F2',948,,45995,9971,,,1,100,,45990,9971,,,1,100,,45988,9971,,,1,102,,45992,9971,,,1,100,,45991,9971,,,1,100,,45993,9971,,,1,97,,45989,9971,,,1,96,,45997,9971,,,1,99,,45996,9971,,,1,105,,45994,9971,,,1
2801,'F8',948,,27885,9971,,,1,100,,27880,9971,,,1,100,,27878,9971,,,1,102,,27882,9971,,,1,100,,27881,9971,,,1,100,,27883,9971,,,1,97,,27879,9971,,,1,96,,27887,9971,,,1,99,,27886,9971,,,1,105,,27884,9971,,,1
2801,'F9',948,,27888,9971,,,1,100,,27893,9971,,,1,100,,27891,9971,,,1,102,,27889,9971,,,1,100,,27890,9971,,,1,100,,27894,9971,,,1,97,,27897,9971,,,1,99,,27896,9971,,,1,96,,27895,9971,,,1,105,,27892,9971,,,1
2801,'SA',948,,27904,9971,,,1,100,,27900,9971,,,1,100,,27898,9971,,,1,102,,27901,9971,,,1,100,,7052,9971,,,1,100,,27902,9971,,,1,97,,27899,9971,,,1,96,,27906,9971,,,1,99,,27905,9971,,,1,105,,27903,9971,,,1
2801,'SE',659,,46024,9971,,,1,60,,46030,11680,,,1,21,,46025,9971,,,1,19,,46031,11680,,,1,69,,46035,11680,,,1,21,,46019,9971,,,1,56,,46029,11680,,,1,28,,46023,9971,,,1,69,,46009,9971,,,1,30,,46001,9971,,,1,70,,46005,9971,,,1,30,,46010,9971,,,1,70,,46002,9971,,,1,30,,46006,9971,,,1,70,,46011,9971,,,1,30,,46003,9971,,,1,70,,46007,9971,,,1,31,,46012,9971,,,1,70,,46004,9971,,,1,21,,46013,9971,,,1,12,,46008,9971,,,1,17,,46015,9971,,,1,50,,46032,11680,,,1,17,,45999,9971,,,1,13,,46017,9971,,,1,15,,46021,9971,,,1,58,,46034,11680,,,1,13,,46014,9971,,,1,16,,46016,9971,,,1,13,,46033,11680,,,1,58,,46018,9971,,,1,14,,46020,9971,,,1,21,,46026,9971,,,1,61,,45998,9971,,,1,23,,46022,9971,,,1,100,,46000,9971,,,1,100,,46027,9971,,,1,100,,46028,9971,,,1
7401,'DI',725,,34340,5479,,,1,100,,34344,5479,,,1,100,,34345,5479,,,1,100,,34346,5479,,,1,100,,34347,5479,,,1,99,,34348,5479,,,1,105,,34349,5479,,,1,96,,34337,5479,,,1,100,,34338,5479,,,1,100,,34350,5479,,,1,100,,34351,5479,,,1,104,,34352,5479,,,1,96,,34353,5479,,,1,100,,34354,5479,,,1,100,,34341,5479,,,1,100,,34342,5479,,,1,100,,34343,5479,,,1,100,,34339,5479,,,1
7401,'F1',725,,48579,5479,,,1,100,,48583,5479,,,1,100,,48584,5479,,,1,100,,48585,5479,,,1,100,,48586,5479,,,1,99,,48587,5479,,,1,105,,48588,5479,,,1,96,,48576,5479,,,1,100,,48577,5479,,,1,100,,48589,5479,,,1,100,,48590,5479,,,1,104,,48591,5479,,,1,96,,48592,5479,,,1,100,,48593,5479,,,1,100,,48580,5479,,,1,100,,48581,5479,,,1,100,,48582,5479,,,1,100,,48578,5479,,,1
7401,'F2',723,,48612,5479,,,1,102,,48597,5479,,,1,100,,48598,5479,,,1,99,,48599,5479,,,1,100,,48596,5479,,,1,101,,48600,5479,,,1,100,,48601,5479,,,1,100,,48602,5479,,,1,99,,48603,5479,,,1,101,,48604,5479,,,1,100,,48605,5479,,,1,102,,48594,5479,,,1,98,,48606,5479,,,1,100,,48607,5479,,,1,100,,48608,5479,,,1,100,,48609,5479,,,1,100,,48610,5479,,,1,100,,48611,5479,,,1,100,,48595,5479,,,1
7401,'F8',723,,34438,5479,,,1,102,,34423,5479,,,1,100,,34424,5479,,,1,99,,34425,5479,,,1,100,,34422,5479,,,1,101,,34426,5479,,,1,100,,34427,5479,,,1,100,,34428,5479,,,1,99,,34429,5479,,,1,101,,34430,5479,,,1,100,,34431,5479,,,1,102,,34420,5479,,,1,98,,34432,5479,,,1,100,,34433,5479,,,1,100,,34434,5479,,,1,100,,34435,5479,,,1,100,,34436,5479,,,1,100,,34437,5479,,,1,100,,34421,5479,,,1
7401,'F9',725,,34442,5479,,,1,100,,34446,5479,,,1,100,,34447,5479,,,1,100,,34448,5479,,,1,100,,34449,5479,,,1,99,,34450,5479,,,1,105,,34451,5479,,,1,96,,34439,5479,,,1,100,,34440,5479,,,1,100,,34452,5479,,,1,100,,34453,5479,,,1,104,,34454,5479,,,1,96,,34455,5479,,,1,100,,34456,5479,,,1,100,,34443,5479,,,1,100,,34444,5479,,,1,100,,34445,5479,,,1,100,,34441,5479,,,1
7401,'SA',723,,34475,5479,,,1,102,,34460,5479,,,1,100,,34461,5479,,,1,99,,34462,5479,,,1,100,,34459,5479,,,1,101,,34463,5479,,,1,100,,34464,5479,,,1,100,,34465,5479,,,1,99,,34466,5479,,,1,101,,34467,5479,,,1,100,,34468,5479,,,1,102,,34457,5479,,,1,98,,34469,5479,,,1,100,,34470,5479,,,1,100,,34471,5479,,,1,100,,34472,5479,,,1,100,,34473,5479,,,1,100,,34474,5479,,,1,100,,34458,5479,,,1
7401,'SE',624,,48639,5479,,,1,32,,48634,5479,,,1,66,,48638,5479,,,1,78,,48636,5479,,,1,26,,48635,5479,,,1,30,,48637,5479,,,1,69,,48631,5479,,,1,101,,48619,5479,,,1,100,,48622,5479,,,1,101,,48623,5479,,,1,100,,48624,5479,,,1,101,,48625,5479,,,1,101,,48613,5479,,,1,29,,48618,5479,,,1,67,,48626,5479,,,1,76,,48617,5479,,,1,29,,48632,5479,,,1,29,,48620,5479,,,1,68,,48627,5479,,,1,30,,48621,5479,,,1,68,,48628,5479,,,1,99,,48629,5479,,,1,100,,48630,5479,,,1,99,,48614,5479,,,1,100,,48615,5479,,,1,100,,48616,5479,,,1,100,,48633,5479,,,1
