400,'DI',633,,21106,2479,,,1,70,,21112,2479,,,1,30,,21124,2479,,,1,70,,21121,2479,,,1,32,,21107,2479,,,1,70,,21113,2479,,,1,32,,21127,2479,,,1,70,,21129,2479,,,1,30,,21108,2479,,,1,71,,21114,2479,,,1,30,,21128,2479,,,1,67,,21130,2479,,,1,31,,21109,2479,,,1,72,,21135,2479,,,1,30,,21136,2479,,,1,68,,21131,2479,,,1,31,,21110,2479,,,1,69,,21115,2479,,,1,30,,21138,2479,,,1,72,,21118,2479,,,1,30,,21111,2479,,,1,70,,21116,2479,,,1,30,,21139,2479,,,1,72,,21119,2479,,,1,28,,21132,2479,,,1,70,,21137,2479,,,1,30,,21134,2479,,,1,70,,21126,2479,,,1,30,,21133,2479,,,1,70,,21122,2479,,,1,30,,21105,2479,,,1,70,,21117,2479,,,1,100,,21123,2479,,,1,100,,21125,2479,,,1
400,'F8',633,,21250,2479,,,1,70,,21258,2479,,,1,30,,21259,2479,,,1,70,,21255,2479,,,1,32,,21251,2479,,,1,70,,21277,2479,,,1,32,,21260,2479,,,1,71,,21256,2479,,,1,30,,21252,2479,,,1,70,,21278,2479,,,1,30,,21261,2479,,,1,70,,21271,2479,,,1,30,,21282,2479,,,1,70,,21269,2479,,,1,30,,21281,2479,,,1,70,,21265,2479,,,1,30,,21249,2479,,,1,70,,21262,2479,,,1,30,,21272,2479,,,1,70,,21283,2479,,,1,30,,21280,2479,,,1,70,,21268,2479,,,1,30,,21274,2479,,,1,70,,21267,2479,,,1,30,,21257,2479,,,1,70,,21273,2479,,,1,30,,21264,2479,,,1,70,,21253,2479,,,1,30,,21276,2479,,,1,70,,21263,2479,,,1,30,,21275,2479,,,1,70,,21279,2479,,,1,100,,21270,2479,,,1,100,,21266,2479,,,1
400,'F9',633,,21285,2479,,,1,70,,21291,2479,,,1,30,,21303,2479,,,1,70,,21300,2479,,,1,32,,21286,2479,,,1,70,,21292,2479,,,1,32,,21306,2479,,,1,70,,21308,2479,,,1,30,,21287,2479,,,1,71,,21293,2479,,,1,30,,21307,2479,,,1,67,,21309,2479,,,1,31,,21288,2479,,,1,72,,21314,2479,,,1,30,,21315,2479,,,1,68,,21310,2479,,,1,31,,21289,2479,,,1,69,,21294,2479,,,1,30,,21317,2479,,,1,72,,21297,2479,,,1,30,,21290,2479,,,1,70,,21295,2479,,,1,30,,21318,2479,,,1,72,,21298,2479,,,1,28,,21311,2479,,,1,70,,21316,2479,,,1,30,,21313,2479,,,1,70,,21305,2479,,,1,30,,21312,2479,,,1,70,,21301,2479,,,1,30,,21284,2479,,,1,70,,21296,2479,,,1,100,,21302,2479,,,1,100,,21304,2479,,,1
400,'SA',633,,21319,2479,,,1,70,,1103,2479,,,1,30,,1104,2479,,,1,70,,1102,2479,,,1,32,,21320,2479,,,1,70,,21339,2479,,,1,32,,1105,2479,,,1,71,,21323,2479,,,1,30,,21321,2479,,,1,70,,21340,2479,,,1,30,,1106,2479,,,1,70,,21333,2479,,,1,30,,21344,2479,,,1,70,,21331,2479,,,1,30,,21343,2479,,,1,70,,21327,2479,,,1,30,,1099,2479,,,1,70,,1107,2479,,,1,30,,21334,2479,,,1,70,,21345,2479,,,1,30,,21342,2479,,,1,70,,21330,2479,,,1,30,,21336,2479,,,1,70,,21329,2479,,,1,30,,21324,2479,,,1,70,,21335,2479,,,1,30,,21326,2479,,,1,70,,21322,2479,,,1,30,,21338,2479,,,1,70,,21325,2479,,,1,30,,21337,2479,,,1,70,,21341,2479,,,1,100,,21332,2479,,,1,100,,21328,2479,,,1
400,'SE',559,,21369,2479,,,1,60,,21378,2479,,,1,15,,21371,2479,,,1,20,,21376,2479,,,1,66,,21379,2479,,,1,18,,21373,2479,,,1,64,,1174,2479,,,1,11,,21380,2479,,,1,32,,21372,2479,,,1,13,,21355,2479,,,1,63,,21353,2479,,,1,31,,21346,2479,,,1,70,,21359,2479,,,1,30,,21357,2479,,,1,70,,21366,2479,,,1,30,,21356,2479,,,1,70,,1148,2479,,,1,30,,21365,2479,,,1,70,,21362,2479,,,1,29,,21354,2479,,,1,69,,21347,2479,,,1,31,,1172,2479,,,1,66,,21375,2479,,,1,34,,21381,2479,,,1,71,,21382,2479,,,1,30,,1173,2479,,,1,70,,21374,2479,,,1,24,,21349,2479,,,1,60,,21361,2479,,,1,34,,21363,2479,,,1,74,,1151,2479,,,1,30,,21348,2479,,,1,70,,21364,2479,,,1,30,,21360,2479,,,1,70,,21350,2479,,,1,30,,21358,2479,,,1,69,,21367,2479,,,1,30,,21368,2479,,,1,100,,21352,2479,,,1,100,,21351,2479,,,1
3200,'DI',605,,28441,2479,0,44,2,101,,28442,2479,0,44,2,99,,28443,2479,0,44,2,101,,28444,2479,0,44,2,100,,28447,2479,0,44,2,100,,28449,2479,0,44,2,101,,28445,2479,0,44,2,100,,28451,2479,0,44,2,98,,28450,2479,0,44,2,104,,28453,2479,0,44,2,96,,28452,2479,0,44,2,101,,28455,2479,0,44,2,100,,28454,2479,0,44,2,100,,28448,2479,0,44,2,100,,28439,2479,0,44,2,100,,28456,2479,0,44,2,100,,28458,2479,0,44,2,100,,28446,2479,0,44,2,100,,28457,2479,0,44,2,100,,28440,2479,0,44,2
3200,'F8',605,,28526,2479,0,44,2,101,,28527,2479,0,44,2,96,,28528,2479,0,44,2,102,,28529,2479,0,44,2,101,,28535,2479,0,44,2,101,,28530,2479,0,44,2,99,,28544,2479,0,44,2,103,,28536,2479,0,44,2,102,,28531,2479,0,44,2,97,,28532,2479,0,44,2,98,,28537,2479,0,44,2,101,,28538,2479,0,44,2,100,,28533,2479,0,44,2,100,,28540,2479,0,44,2,100,,28539,2479,0,44,2,100,,28541,2479,0,44,2,100,,28543,2479,0,44,2,100,,28542,2479,0,44,2,100,,28534,2479,0,44,2,100,,28525,2479,0,44,2
3200,'F9',605,,28547,2479,0,44,2,101,,28548,2479,0,44,2,99,,28549,2479,0,44,2,101,,28550,2479,0,44,2,100,,28553,2479,0,44,2,100,,28555,2479,0,44,2,101,,28551,2479,0,44,2,100,,28557,2479,0,44,2,98,,28556,2479,0,44,2,104,,28559,2479,0,44,2,96,,28558,2479,0,44,2,101,,28561,2479,0,44,2,100,,28560,2479,0,44,2,100,,28554,2479,0,44,2,100,,28545,2479,0,44,2,100,,28562,2479,0,44,2,100,,28564,2479,0,44,2,100,,28552,2479,0,44,2,100,,28563,2479,0,44,2,100,,28546,2479,0,44,2
3200,'SA',605,,28566,2479,0,44,2,101,,28567,2479,0,44,2,96,,28568,2479,0,44,2,102,,28569,2479,0,44,2,101,,28575,2479,0,44,2,101,,28570,2479,0,44,2,99,,28584,2479,0,44,2,103,,28576,2479,0,44,2,102,,28571,2479,0,44,2,97,,28572,2479,0,44,2,98,,28577,2479,0,44,2,101,,28578,2479,0,44,2,100,,28573,2479,0,44,2,100,,28580,2479,0,44,2,100,,28579,2479,0,44,2,100,,28581,2479,0,44,2,100,,28583,2479,0,44,2,100,,28582,2479,0,44,2,100,,28574,2479,0,44,2,100,,28565,2479,0,44,2
3200,'SE',615,,28606,2479,,,2,32,,28602,2479,,,2,64,,28600,2479,,,2,31,,28605,2479,,,2,76,,28598,2479,,,2,20,,28587,2479,0,44,2,96,,28594,2479,0,44,2,100,,28595,2479,0,44,2,100,,28597,2479,0,44,2,100,,28586,2479,0,44,2,100,,7688,2479,0,44,2,104,,28588,2479,0,44,2,104,,28601,2479,,,2,68,,28604,2479,,,2,30,,28608,2479,,,2,71,,28607,2479,,,2,25,,28603,2479,,,2,74,,28609,2479,,,2,25,,28599,2479,,,2,74,,28589,2479,0,44,2,30,,28596,2479,0,44,2,100,,28592,2479,0,44,2,100,,28593,2479,0,44,2,100,,28585,2479,0,44,2,100,,28590,2479,0,44,2,101,,28591,2479,0,44,2
53201,'SE',901,,40660,1387,,,2,1,,40661,1387,,,2
64000,'SE',1627,,40789,7203,,,2,1,,40790,7203,,,2,1,,40791,7203,,,2
64001,'SE',838,,40796,2910,,,2,1,,40797,2910,,,2,1,,40795,2910,,,2
69700,'SE',1640,,40968,9988,,,2,1,,40969,9988,,,2
69701,'SE',837,,40972,3634,,,2,1,,40973,3634,,,2
