1000,'DI',638,,53753,4946,,,1,70,,53765,4946,,,1,30,,53742,4946,,,1,70,,53766,4946,,,1,38,,53754,4946,,,1,70,,53744,4946,,,1,30,,53755,4946,,,1,70,,53745,4946,,,1,30,,53756,4946,,,1,70,,53746,4946,,,1,30,,53757,4946,,,1,70,,53747,4946,,,1,30,,53758,4946,,,1,70,,53748,4946,,,1,30,,53759,4946,,,1,70,,53749,4946,,,1,30,,53760,4946,,,1,70,,53750,4946,,,1,30,,53761,4946,,,1,70,,53751,4946,,,1,30,,53762,4946,,,1,70,,53752,4946,,,1,30,,53763,4946,,,1,70,,53743,4946,,,1,41,,53738,4946,,,1,100,,53739,4946,,,1,100,,53740,4946,,,1,100,,53741,4946,,,1,100,,53767,4946,,,1,100,,53768,4946,,,1,100,,53769,4946,,,1
1000,'F1',638,,53785,4946,,,1,70,,53797,4946,,,1,30,,53774,4946,,,1,70,,53798,4946,,,1,38,,53786,4946,,,1,70,,53776,4946,,,1,30,,53787,4946,,,1,70,,53777,4946,,,1,30,,53788,4946,,,1,70,,53778,4946,,,1,30,,53789,4946,,,1,70,,53779,4946,,,1,30,,53790,4946,,,1,70,,53780,4946,,,1,30,,53791,4946,,,1,70,,53781,4946,,,1,30,,53792,4946,,,1,70,,53782,4946,,,1,30,,53793,4946,,,1,70,,53783,4946,,,1,30,,53794,4946,,,1,70,,53784,4946,,,1,30,,53795,4946,,,1,70,,53775,4946,,,1,41,,53770,4946,,,1,100,,53771,4946,,,1,100,,53772,4946,,,1,100,,53773,4946,,,1,100,,53799,4946,,,1,100,,53800,4946,,,1,100,,53801,4946,,,1
1000,'F2',607,,53806,4946,,,1,30,,53809,4946,,,1,70,,53804,4946,,,1,30,,53816,4946,,,1,70,,53807,4946,,,1,38,,53812,4946,,,1,70,,53832,4946,,,1,30,,53817,4946,,,1,70,,53833,4946,,,1,30,,53818,4946,,,1,70,,53834,4946,,,1,30,,53819,4946,,,1,71,,53802,4946,,,1,30,,53820,4946,,,1,70,,53810,4946,,,1,30,,53821,4946,,,1,70,,53811,4946,,,1,30,,53822,4946,,,1,70,,53813,4946,,,1,30,,53823,4946,,,1,70,,53814,4946,,,1,29,,53824,4946,,,1,71,,53815,4946,,,1,30,,53808,4946,,,1,70,,53803,4946,,,1,41,,53825,4946,,,1,100,,53826,4946,,,1,100,,53827,4946,,,1,100,,53828,4946,,,1,100,,53829,4946,,,1,100,,53830,4946,,,1,100,,53831,4946,,,1
1000,'SA',607,,53839,4946,,,1,30,,53842,4946,,,1,70,,53837,4946,,,1,30,,53849,4946,,,1,70,,53840,4946,,,1,38,,53845,4946,,,1,70,,53865,4946,,,1,30,,53850,4946,,,1,70,,53866,4946,,,1,30,,53851,4946,,,1,70,,53867,4946,,,1,30,,53852,4946,,,1,71,,53835,4946,,,1,30,,53853,4946,,,1,70,,53843,4946,,,1,30,,53854,4946,,,1,70,,53844,4946,,,1,30,,53855,4946,,,1,70,,53846,4946,,,1,30,,53856,4946,,,1,70,,53847,4946,,,1,29,,53857,4946,,,1,71,,53848,4946,,,1,30,,53841,4946,,,1,70,,53836,4946,,,1,41,,53858,4946,,,1,100,,53859,4946,,,1,100,,53860,4946,,,1,100,,53861,4946,,,1,100,,53862,4946,,,1,100,,53863,4946,,,1,100,,53864,4946,,,1
1700,'DI',630,,54830,4835,,,1,100,,54845,4835,,,1,70,,54825,4835,,,1,30,,54831,4835,,,1,70,,25392,4835,,,1,30,,54827,4835,,,1,70,,54826,4835,,,1,30,,54843,4835,,,1,70,,54835,4835,,,1,30,,54832,4835,,,1,70,,54842,4835,,,1,30,,54822,4835,,,1,70,,54836,4835,,,1,30,,54834,4835,,,1,70,,54820,4835,,,1,30,,54833,4835,,,1,70,,54840,4835,,,1,29,,54828,4835,,,1,30,,54817,4835,,,1,71,,54829,4835,,,1,70,,54818,4835,,,1,30,,54821,4835,,,1,71,,54819,4835,,,1,30,,54824,4835,,,1,99,,54844,4835,,,1,100,,54841,4835,,,1,100,,54837,4835,,,1,100,,54823,4835,,,1,100,,54838,4835,,,1,100,,25365,4835,,,1,100,,54839,4835,,,1
1700,'F1',630,,54859,4835,,,1,100,,54874,4835,,,1,70,,54854,4835,,,1,30,,54860,4835,,,1,70,,45071,4835,,,1,30,,54856,4835,,,1,70,,54855,4835,,,1,30,,54872,4835,,,1,70,,54864,4835,,,1,30,,54861,4835,,,1,70,,54871,4835,,,1,30,,54851,4835,,,1,70,,54865,4835,,,1,30,,54863,4835,,,1,70,,54849,4835,,,1,30,,54862,4835,,,1,70,,54869,4835,,,1,29,,54857,4835,,,1,30,,54846,4835,,,1,71,,54858,4835,,,1,70,,54847,4835,,,1,30,,54850,4835,,,1,71,,54848,4835,,,1,30,,54853,4835,,,1,99,,54873,4835,,,1,100,,54870,4835,,,1,100,,54866,4835,,,1,100,,54852,4835,,,1,100,,54867,4835,,,1,100,,45044,4835,,,1,100,,54868,4835,,,1
1700,'F2',629,,54883,4835,,,1,100,,54886,4835,,,1,30,,54900,4835,,,1,70,,54877,4835,,,1,30,,54892,4835,,,1,70,,54887,4835,,,1,30,,54901,4835,,,1,70,,54878,4835,,,1,30,,54893,4835,,,1,70,,54882,4835,,,1,30,,54875,4835,,,1,70,,54881,4835,,,1,30,,54903,4835,,,1,70,,54879,4835,,,1,30,,54888,4835,,,1,70,,54894,4835,,,1,30,,54876,4835,,,1,70,,54884,4835,,,1,30,,54902,4835,,,1,69,,54897,4835,,,1,30,,54889,4835,,,1,71,,54898,4835,,,1,30,,54890,4835,,,1,71,,54899,4835,,,1,99,,54904,4835,,,1,100,,54895,4835,,,1,100,,54880,4835,,,1,100,,54891,4835,,,1,100,,54885,4835,,,1,100,,54896,4835,,,1,100,,54905,4835,,,1
1700,'SA',629,,54914,4835,,,1,100,,54917,4835,,,1,30,,54931,4835,,,1,70,,54908,4835,,,1,30,,54923,4835,,,1,70,,54918,4835,,,1,30,,54932,4835,,,1,70,,54909,4835,,,1,30,,54924,4835,,,1,70,,54913,4835,,,1,30,,54906,4835,,,1,70,,54912,4835,,,1,30,,54934,4835,,,1,70,,54910,4835,,,1,30,,54919,4835,,,1,70,,54925,4835,,,1,30,,54907,4835,,,1,70,,54915,4835,,,1,30,,54933,4835,,,1,69,,54928,4835,,,1,30,,54920,4835,,,1,71,,54929,4835,,,1,30,,54921,4835,,,1,71,,54930,4835,,,1,99,,54935,4835,,,1,100,,54926,4835,,,1,100,,54911,4835,,,1,100,,54922,4835,,,1,100,,54916,4835,,,1,100,,54927,4835,,,1,100,,54936,4835,,,1
2901,'DI',705,,56439,4506,,,1,100,,56440,4506,,,1,100,,56441,4506,,,1,100,,56442,4506,,,1,100,,56443,4506,,,1,100,,56444,4506,,,1,100,,56445,4506,,,1,100,,56446,4506,,,1,100,,56447,4506,,,1,100,,56448,4506,,,1,100,,56449,4506,,,1,100,,56450,4506,,,1,99,,56451,4506,,,1,100,,56452,4506,,,1,100,,56453,4506,,,1,100,,56454,4506,,,1,100,,56455,4506,,,1,120,,56456,4506,,,1,100,,56457,4506,4,,1
2901,'F1',705,,56458,4506,,,1,100,,56459,4506,,,1,100,,56460,4506,,,1,100,,56461,4506,,,1,100,,56462,4506,,,1,100,,56463,4506,,,1,100,,56464,4506,,,1,100,,56465,4506,,,1,100,,56466,4506,,,1,100,,56467,4506,,,1,100,,56468,4506,,,1,100,,56469,4506,,,1,99,,56470,4506,,,1,100,,56471,4506,,,1,100,,56472,4506,,,1,100,,56473,4506,,,1,100,,56474,4506,,,1,120,,56475,4506,,,1,100,,56476,4506,4,,1
2901,'F2',705,,56485,4506,,,1,100,,56486,4506,,,1,100,,56487,4506,,,1,100,,56488,4506,,,1,100,,56489,4506,,,1,100,,56490,4506,,,1,100,,56491,4506,,,1,100,,56492,4506,,,1,99,,56493,4506,,,1,99,,56494,4506,,,1,99,,56495,4506,,,1,108,,56477,4506,,,1,98,,56478,4506,,,1,97,,56479,4506,,,1,99,,56480,4506,,,1,100,,56481,4506,,,1,100,,56482,4506,,,1,120,,56483,4506,,,1,100,,56484,4506,4,,1
2901,'SA',705,,56504,4506,,,1,100,,56505,4506,,,1,100,,56506,4506,,,1,100,,56507,4506,,,1,100,,56508,4506,,,1,100,,56509,4506,,,1,100,,56510,4506,,,1,100,,56511,4506,,,1,99,,56512,4506,,,1,99,,56513,4506,,,1,99,,56514,4506,,,1,108,,56496,4506,,,1,98,,56497,4506,,,1,97,,56498,4506,,,1,99,,56499,4506,,,1,100,,56500,4506,,,1,100,,56501,4506,,,1,120,,56502,4506,,,1,100,,56503,4506,4,,1
2901,'SE',636,,56526,4506,,,1,66,,56535,4506,,,1,33,,56538,4506,,,1,5,,56517,4506,,,1,67,,56541,4506,,,1,30,,56530,4506,,,1,69,,56539,4506,,,1,103,,56516,4506,,,1,100,,56537,4506,,,1,101,,56542,4506,,,1,100,,56534,4506,,,1,100,,56524,4506,,,1,100,,56536,4506,,,1,35,,56540,4506,,,1,66,,56515,4506,,,1,34,,56533,4506,,,1,60,,56518,4506,,,1,29,,56519,4506,,,1,13,,56529,4506,,,1,68,,56527,4506,,,1,28,,56520,4506,,,1,67,,56525,4506,,,1,98,,56528,4506,,,1,99,,56521,4506,,,1,99,,56522,4506,,,1,98,,56523,4506,,,1,121,,56531,4506,,,1,96,,56532,4506,4,,1
7600,'SE',607,,59895,5301,,,1,21,,59876,5301,,,1,20,,59878,5301,,,1,64,,59858,5301,,,1,17,,59879,5301,,,1,20,,59853,5301,,,1,63,,59897,5301,,,1,27,,59880,5301,,,1,71,,59874,5301,,,1,30,,59855,5301,,,1,70,,59862,5301,,,1,30,,59867,5301,,,1,70,,59896,5301,,,1,30,,59872,5301,,,1,70,,59894,5301,,,1,30,,59859,5301,,,1,70,,59856,5301,,,1,30,,59863,5301,,,1,71,,59860,5301,,,1,34,,59864,5301,,,1,66,,59871,5301,,,1,32,,59869,5301,,,1,71,,59868,5301,,,1,24,,59886,5301,,,1,18,,59893,5301,,,1,60,,59854,5301,,,1,21,,59861,5301,,,1,18,,59887,5301,,,1,60,,59857,5301,,,1,27,,59865,5301,,,1,70,,59870,5301,,,1,30,,59851,5301,,,1,70,,59881,5301,,,1,30,,59888,5301,,,1,70,,59882,5301,,,1,30,,59889,5301,,,1,69,,59875,5301,,,1,30,,59890,5301,,,1,70,,59883,5301,,,1,30,,59891,5301,,,1,70,,59884,5301,,,1,30,,59892,5301,,,1,70,,59885,5301,,,1
16100,'DI',603,,38650,4946,,,2,30,,62330,4946,0,35 36,2,70,,38648,4946,0,35 36,2,30,,62335,4946,0,35 36,2,70,,62334,4946,0,35 36,2,30,,62331,4946,0,35 36,2,702,,62336,4946,0,35 36,2,68,,62338,4946,0,35 36,2,32,,62337,4946,0,35 36,2,70,,62329,4946,0,35 36,2,30,,62339,4946,,,2,72,,62332,4946,0,35 36,2,30,,62333,4946,0,35 36,2
16100,'F1',603,,50332,4946,,,2,30,,62341,4946,0,35 36,2,70,,50330,4946,0,35 36,2,30,,62346,4946,0,35 36,2,70,,62345,4946,0,35 36,2,30,,62342,4946,0,35 36,2,702,,62347,4946,0,35 36,2,68,,62349,4946,0,35 36,2,32,,62348,4946,0,35 36,2,70,,62340,4946,0,35 36,2,30,,62350,4946,,,2,72,,62343,4946,0,35 36,2,30,,62344,4946,0,35 36,2
16100,'F2',603,,62363,4946,,,2,30,,62352,4946,0,35 36,2,70,,62355,4946,0,35 36,2,30,,62361,4946,0,35 36,2,70,,62357,4946,0,35 36,2,30,,62358,4946,0,35 36,2,700,,62359,4946,0,35 36,2,71,,62354,4946,0,35 36,2,31,,62360,4946,0,35 36,2,70,,62362,4946,,,2,31,,62351,4946,0,35 36,2,71,,62353,4946,0,35 36,2,29,,62356,4946,0,35 36,2
16100,'SA',603,,62376,4946,,,2,30,,62365,4946,0,35 36,2,70,,62368,4946,0,35 36,2,30,,62374,4946,0,35 36,2,70,,62370,4946,0,35 36,2,30,,62371,4946,0,35 36,2,700,,62372,4946,0,35 36,2,71,,62367,4946,0,35 36,2,31,,62373,4946,0,35 36,2,70,,62375,4946,,,2,31,,62364,4946,0,35 36,2,71,,62366,4946,0,35 36,2,29,,62369,4946,0,35 36,2
16100,'SE',643,,62391,4835,,,2,64,,62390,4835,,,2,25,,62389,4835,,,2,20,,62378,4835,0,35 36,2,61,,62377,4835,0,35 36,2,19,,62379,4835,0,35 36,2,321,,62392,4946,,,2,297,,62381,4946,0,35 36,2,70,,62386,4946,0,35 36,2,21,,62393,4946,,,2,60,,62382,4946,0,35 36,2,20,,62394,4946,,,2,20,,62388,4946,0,35 36,2,60,,62396,4946,,,2,20,,62387,4946,0,35 36,2,20,,62383,4946,0,35 36,2,60,,62395,4946,,,2,20,,62385,4946,0,35 36,2,20,,62380,4946,0,35 36,2,60,,62384,4946,0,35 36,2
41000,'SE',551,,62552,4835,,,2,60,,62556,4835,,,2,23,,62551,4835,,,2,11,,62557,4835,,,2,66,,62562,4835,,,2,18,,62547,4835,,,2,12,,62561,4835,,,2,12,,62558,4835,,,2,54,,62566,4835,,,2,18,,62563,4835,,,2,18,,62546,4835,,,2,70,,62567,4835,,,2,29,,62590,4946,,,2,70,,62571,4946,,,2,30,,62583,4946,,,2,70,,62598,4946,,,2,30,,62591,4946,,,2,70,,62568,4946,,,2,30,,62584,4946,,,2,70,,62599,4946,,,2,30,,62592,4946,,,2,71,,62600,4946,,,2,34,,62576,4946,,,2,68,,62572,4946,,,2,29,,62585,4946,,,2,15,,62604,4946,,,2,55,,62586,4946,,,2,15,,62588,4946,,,2,12,,62570,4946,,,2,10,,62579,4946,,,2,49,,62605,4946,,,2,10,,62606,4946,,,2,10,,62601,4946,,,2,15,,62581,4946,,,2,14,,62574,4946,,,2,57,,62582,4946,,,2,20,,62602,4946,,,2,19,,62569,4946,,,2,70,,62593,4946,,,2,29,,62573,4946,,,2,70,,62594,4946,,,2,30,,62575,4946,,,2,70,,62595,4946,,,2,30,,62577,4946,,,2,70,,62596,4946,,,2,30,,62580,4946,,,2,70,,62597,4946,,,2,101,,62607,4946,,,2,100,,62608,4946,,,2
41700,'SE',603,,62676,4835,,,2,18,,62677,4835,,,2,26,,62682,4835,,,2,56,,62681,4835,,,2,6,,62675,4835,,,2,4,,62672,4835,,,2,6,,62678,4835,,,2,8,,62683,4835,,,2,10,,62673,4835,,,2,14,,62685,4835,,,2,52,,62674,4835,,,2,17,,62679,4835,,,2,16,,62684,4835,,,2,64,,62680,4835,,,2,28,,62690,4946,,,2,30,,62689,4946,,,2,70,,62691,4946,,,2,30,,62705,4946,,,2,70,,62692,4946,,,2,30,,62706,4946,,,2,70,,62693,4946,,,2,30,,62707,4946,,,2,70,,62694,4946,,,2,30,,62708,4946,,,2,70,,62695,4946,,,2,73,,62718,4946,,,2,30,,62729,4946,,,2,22,,62721,4946,,,2,54,,62719,4946,,,2,15,,62697,4946,,,2,12,,62686,4946,,,2,11,,62700,4946,,,2,10,,62722,4946,,,2,50,,62698,4946,,,2,10,,62703,4946,,,2,12,,62711,4946,,,2,14,,62724,4946,,,2,15,,62709,4946,,,2,60,,62704,4946,,,2,20,,62725,4946,,,2,65,,62702,4946,,,2,29,,62726,4946,,,2,70,,62712,4946,,,2,30,,62727,4946,,,2,70,,62713,4946,,,2,30,,62728,4946,,,2,70,,62714,4946,,,2,30,,62696,4946,,,2,70,,62715,4946,,,2,30,,62687,4946,,,2,70,,62716,4946,,,2,30,,62688,4946,,,2,70,,62717,4946,,,2,32,,62699,4946,,,2
