1901,'DI',542,,55208,2150,,,2,100,,55209,2150,,,2,100,,55210,2150,,,2,100,,55211,2150,,,2,104,,55212,2150,,,2,100,,55213,2150,,,2,100,,55214,2150,,,2,100,,55215,2150,,,2,100,,55216,2150,,,2,100,,55217,2150,,,2,100,,55218,2150,,,2,100,,55219,2150,,,2,100,,55220,2150,,,2,100,,55221,2150,,,2,100,,55222,2150,,,2,100,,55223,2150,,,2,100,,55224,2150,,,2,100,,55226,2150,,,2,100,,55225,2150,,,2,100,,55227,2150,,,2,100,,25992,2150,,,2
1901,'F1',542,,55228,2150,,,2,100,,55229,2150,,,2,100,,55230,2150,,,2,100,,55231,2150,,,2,104,,55232,2150,,,2,100,,55233,2150,,,2,100,,55234,2150,,,2,100,,55235,2150,,,2,100,,55236,2150,,,2,100,,55237,2150,,,2,100,,55238,2150,,,2,100,,55239,2150,,,2,100,,55240,2150,,,2,100,,55241,2150,,,2,100,,55242,2150,,,2,100,,55243,2150,,,2,100,,55244,2150,,,2,100,,55246,2150,,,2,100,,55245,2150,,,2,100,,55247,2150,,,2,100,,45265,2150,,,2
1901,'F2',542,,55259,2150,,,2,70,,55280,2150,,,2,30,,55260,2150,,,2,70,,55281,2150,,,2,30,,55261,2150,,,2,70,,55251,2150,,,2,30,,55262,2150,,,2,70,,55252,2150,,,2,34,,55263,2150,,,2,70,,55253,2150,,,2,30,,55264,2150,,,2,70,,55254,2150,,,2,30,,55265,2150,,,2,70,,55255,2150,,,2,30,,55266,2150,,,2,70,,55256,2150,,,2,30,,55267,2150,,,2,70,,55257,2150,,,2,30,,55268,2150,,,2,70,,55258,2150,,,2,30,,55269,2150,,,2,70,,55248,2150,,,2,30,,55270,2150,,,2,70,,55249,2150,,,2,30,,55271,2150,,,2,70,,55250,2150,,,2,30,,55272,2150,,,2,100,,55273,2150,,,2,100,,55274,2150,,,2,100,,55275,2150,,,2,100,,55276,2150,,,2,100,,55277,2150,,,2,100,,55278,2150,,,2,100,,55279,2150,,,2
1901,'SA',542,,55293,2150,,,2,70,,55314,2150,,,2,30,,55294,2150,,,2,70,,55315,2150,,,2,30,,55295,2150,,,2,70,,55285,2150,,,2,30,,55296,2150,,,2,70,,55286,2150,,,2,34,,55297,2150,,,2,70,,55287,2150,,,2,30,,55298,2150,,,2,70,,55288,2150,,,2,30,,55299,2150,,,2,70,,55289,2150,,,2,30,,55300,2150,,,2,70,,55290,2150,,,2,30,,55301,2150,,,2,70,,55291,2150,,,2,30,,55302,2150,,,2,70,,55292,2150,,,2,30,,55303,2150,,,2,70,,55282,2150,,,2,30,,55304,2150,,,2,70,,55283,2150,,,2,30,,55305,2150,,,2,70,,55284,2150,,,2,30,,55306,2150,,,2,100,,55307,2150,,,2,100,,55308,2150,,,2,100,,55309,2150,,,2,100,,55310,2150,,,2,100,,55311,2150,,,2,100,,55312,2150,,,2,100,,55313,2150,,,2
1901,'SE',500,,55320,2150,,,2,35,,55319,2150,,,2,70,,55352,2150,,,2,23,,55342,2150,,,2,14,,55346,2150,,,2,15,,55340,2150,,,2,52,,55347,2150,,,2,12,,55344,2150,,,2,12,,55343,2150,,,2,12,,55349,2150,,,2,55,,55341,2150,,,2,21,,55348,2150,,,2,20,,55345,2150,,,2,72,,55337,2150,,,2,34,,55332,2150,,,2,70,,55338,2150,,,2,30,,55333,2150,,,2,70,,55323,2150,,,2,30,,55334,2150,,,2,70,,55324,2150,,,2,30,,55335,2150,,,2,70,,45338,2150,,,2,30,,55336,2150,,,2,72,,45339,2150,,,2,30,,55356,2150,,,2,70,,55358,2150,,,2,29,,55351,2150,,,2,61,,55350,2150,,,2,23,,55359,2150,,,2,20,,55355,2150,,,2,61,,55360,2150,,,2,18,,55357,2150,,,2,17,,55354,2150,,,2,61,,55353,2150,,,2,19,,55339,2150,,,2,24,,55329,2150,,,2,65,,55330,2150,,,2,30,,55325,2150,,,2,70,,55331,2150,,,2,30,,55326,2150,,,2,70,,55321,2150,,,2,29,,55327,2150,,,2,70,,55322,2150,,,2,30,,55328,2150,,,2,100,,55316,2150,,,2,100,,55317,2150,,,2,100,,55318,2150,,,2
4201,'DI',546,,57375,3602,,,1,100,,57376,3602,,,1,100,,57377,3602,,,1,100,,57378,3602,,,1,100,,57379,3602,,,1,100,,57380,3602,,,1,100,,57381,3602,,,1,100,,57382,3602,,,1,100,,57383,3602,,,1,100,,57384,3602,,,1,100,,57385,3602,,,1,100,,57386,3602,,,1,100,,57387,3602,,,1,100,,57388,3602,,,1,100,,57389,3602,,,1,100,,57390,3602,,,1,100,,57391,3602,,,1,100,,57392,3602,,,1,100,,57393,3602,,,1,100,,57394,3602,,,1
4201,'F1',546,,57395,3602,,,1,100,,57396,3602,,,1,100,,57397,3602,,,1,100,,57398,3602,,,1,100,,57399,3602,,,1,100,,57400,3602,,,1,100,,57401,3602,,,1,100,,57402,3602,,,1,100,,57403,3602,,,1,100,,57404,3602,,,1,100,,57405,3602,,,1,100,,57406,3602,,,1,100,,57407,3602,,,1,100,,57408,3602,,,1,100,,57409,3602,,,1,100,,57410,3602,,,1,100,,57411,3602,,,1,100,,57412,3602,,,1,100,,57413,3602,,,1,100,,57414,3602,,,1
4201,'F2',546,,57415,3602,,,1,100,,57416,3602,,,1,100,,57417,3602,,,1,100,,57418,3602,,,1,100,,57419,3602,,,1,100,,57420,3602,,,1,100,,57421,3602,,,1,100,,57422,3602,,,1,100,,57423,3602,,,1,100,,57424,3602,,,1,100,,57425,3602,,,1,100,,57426,3602,,,1,100,,57427,3602,,,1,100,,57428,3602,,,1,100,,57429,3602,,,1,100,,57430,3602,,,1,100,,57431,3602,,,1,100,,57432,3602,,,1,100,,57433,3602,,,1,100,,57434,3602,,,1
4201,'SA',546,,57435,3602,,,1,100,,57436,3602,,,1,100,,57437,3602,,,1,100,,57438,3602,,,1,100,,57439,3602,,,1,100,,57440,3602,,,1,100,,57441,3602,,,1,100,,57442,3602,,,1,100,,57443,3602,,,1,100,,57444,3602,,,1,100,,57445,3602,,,1,100,,57446,3602,,,1,100,,57447,3602,,,1,100,,57448,3602,,,1,100,,57449,3602,,,1,100,,57450,3602,,,1,100,,57451,3602,,,1,100,,57452,3602,,,1,100,,57453,3602,,,1,100,,57454,3602,,,1
4201,'SE',515,,57463,3602,,,1,20,,57488,3602,,,1,70,,57470,3602,,,1,21,,57487,3602,,,1,14,,57465,3602,,,1,14,,57474,3602,,,1,54,,57471,3602,,,1,14,,57475,3602,,,1,14,,57483,3602,,,1,14,,57469,3602,,,1,63,,57472,3602,,,1,34,,57499,3602,,,1,78,,57495,3602,,,1,30,,57500,3602,,,1,70,,57473,3602,,,1,30,,57466,3602,,,1,70,,57467,3602,,,1,30,,57462,3602,,,1,70,,57486,3602,,,1,30,,57458,3602,,,1,70,,57455,3602,,,1,30,,57496,3602,,,1,70,,57464,3602,,,1,30,,57461,3602,,,1,4,,57468,3602,,,1,42,,57489,3602,,,1,2,,57484,3602,,,1,22,,57459,3602,,,1,30,,57476,3602,,,1,70,,57498,3602,,,1,28,,57456,3602,,,1,64,,57485,3602,,,1,17,,57460,3602,,,1,67,,57497,3602,,,1,29,,57457,3602,,,1,26,,57492,3602,,,1,75,,57477,3602,,,1,70,,57493,3602,,,1,30,,57478,3602,,,1,70,,57494,3602,,,1,29,,57479,3602,,,1,70,,57490,3602,,,1,30,,57480,3602,,,1,70,,57491,3602,,,1,50,,57481,3602,,,1,100,,57482,3602,,,1
6001,'SE',550,,58285,4975,,,1,62,,58279,4975,,,1,21,,58280,4975,,,1,68,,58286,4975,,,1,28,,58275,4975,,,1,28,,58283,4975,,,1,66,,58287,4975,,,1,14,,58297,4975,,,1,73,,58284,4975,,,1,100,,58276,4975,,,1,100,,58296,4975,,,1,100,,58281,4975,,,1,101,,58277,4975,,,1,100,,58282,4975,,,1,101,,58298,4975,,,1,99,,58288,4975,,,1,30,,58294,4975,,,1,67,,58278,4975,,,1,24,,58291,4975,,,1,27,,58290,4975,,,1,69,,58289,4975,,,1,30,,58292,4975,,,1,88,,58274,4975,,,1,100,,58299,4975,,,1,100,,58300,4975,,,1,100,,58293,4975,,,1,95,,58295,4975,,,1
16001,'DI',607,,62247,11369,,,1,99,,62248,11369,,,1,100,,62245,11369,,,1,100,,62252,11369,,,1,100,,62244,11369,,,1,100,,62238,11369,,,1,100,,62241,11369,,,1,100,,62249,11369,,,1,100,,62242,11369,,,1,100,,62253,11369,,,1,100,,62243,11369,,,1,100,,62246,11369,,,1,100,,62239,11369,,,1,100,,62250,11369,,,1,100,,62254,11369,,,1,103,,62240,11369,,,1,97,,62251,11369,,,1
16001,'F1',607,,62264,11369,,,1,99,,62265,11369,,,1,100,,62262,11369,,,1,100,,62269,11369,,,1,100,,62261,11369,,,1,100,,62255,11369,,,1,100,,62258,11369,,,1,100,,62266,11369,,,1,100,,62259,11369,,,1,100,,62270,11369,,,1,100,,62260,11369,,,1,100,,62263,11369,,,1,100,,62256,11369,,,1,100,,62267,11369,,,1,100,,62271,11369,,,1,103,,62257,11369,,,1,97,,62268,11369,,,1
16001,'F2',608,,62281,11369,,,1,99,,62272,11369,,,1,99,,62285,11369,,,1,100,,62273,11369,,,1,99,,62286,11369,,,1,101,,50278,11369,,,1,100,,62278,11369,,,1,100,,62282,11369,,,1,100,,62279,11369,,,1,100,,62276,11369,,,1,100,,62287,11369,,,1,100,,62277,11369,,,1,100,,62274,11369,,,1,101,,62283,11369,,,1,99,,62280,11369,,,1,103,,62275,11369,,,1,97,,62284,11369,,,1
16001,'SA',608,,62297,11369,,,1,99,,62288,11369,,,1,99,,62301,11369,,,1,100,,62289,11369,,,1,99,,62302,11369,,,1,101,,38598,11369,,,1,100,,62294,11369,,,1,100,,62298,11369,,,1,100,,62295,11369,,,1,100,,62292,11369,,,1,100,,62303,11369,,,1,100,,62293,11369,,,1,100,,62290,11369,,,1,101,,62299,11369,,,1,99,,62296,11369,,,1,103,,62291,11369,,,1,97,,62300,11369,,,1
16001,'SE',619,,62311,11369,,,1,28,,62320,11369,,,1,68,,62312,11369,,,1,28,,62313,11369,,,1,63,,62304,11369,,,1,23,,62322,11369,,,1,28,,62309,11369,,,1,83,,62305,11369,,,1,98,,62308,11369,,,1,93,,62321,11369,,,1,100,,62319,11369,,,1,100,,62314,11369,,,1,100,,62306,11369,,,1,99,,62323,11369,,,1,93,,62310,11369,,,1,97,,62324,11369,,,1,30,,62328,11369,,,1,67,,62326,11369,,,1,25,,62325,11369,,,1,66,,62315,11369,,,1,99,,62327,11369,,,1,100,,62307,11369,,,1,101,,62316,11369,,,1,100,,62318,11369,,,1,50,,62317,11369,,,1
54200,'SE',1627,,63454,2559,,,2
