2000,'DI',617,,26261,5322,,,2,100,,26264,5322,,,2,100,,26267,5322,,,2,100,,26259,5322,,,2,100,,26265,5322,,,2,97,,26268,5322,,,2,103,,26269,5322,,,2,100,,26266,5322,,,2,100,,26270,5322,,,2,100,,26262,5322,,,2,97,,26273,5322,,,2,103,,26274,5322,,,2,100,,26263,5322,,,2,100,,26271,5322,,,2,100,,26260,5322,,,2,100,,26275,5322,,,2,100,,26272,5322,,,2,100,,26276,5322,,,2,100,,26277,5322,,,2
2000,'F8',618,,26384,5322,,,2,100,,26378,5322,,,2,100,,26375,5322,,,2,100,,26369,5322,,,2,100,,26371,5322,,,2,100,,26370,5322,,,2,100,,26379,5322,,,2,100,,26372,5322,,,2,100,,26373,5322,,,2,100,,26383,5322,,,2,96,,26380,5322,,,2,104,,26381,5322,,,2,104,,26382,5322,,,2,96,,26367,5322,,,2,100,,26376,5322,,,2,100,,26374,5322,,,2,100,,26366,5322,,,2,100,,26385,5322,,,2,100,,26377,5322,,,2,100,,26368,5322,,,2
2000,'F9',617,,26388,5322,,,2,100,,26391,5322,,,2,100,,26394,5322,,,2,100,,26386,5322,,,2,100,,26392,5322,,,2,97,,26395,5322,,,2,103,,26396,5322,,,2,100,,26393,5322,,,2,100,,26397,5322,,,2,100,,26389,5322,,,2,97,,26400,5322,,,2,103,,26401,5322,,,2,100,,26390,5322,,,2,100,,26398,5322,,,2,100,,26387,5322,,,2,100,,26402,5322,,,2,100,,26399,5322,,,2,100,,26403,5322,,,2,100,,26404,5322,,,2
2000,'SA',618,,26422,5322,,,2,100,,5701,5322,,,2,100,,26414,5322,,,2,100,,26408,5322,,,2,100,,26410,5322,,,2,100,,26409,5322,,,2,100,,26417,5322,,,2,100,,26411,5322,,,2,100,,26412,5322,,,2,100,,26421,5322,,,2,96,,26418,5322,,,2,104,,26419,5322,,,2,104,,26420,5322,,,2,96,,26406,5322,,,2,100,,26415,5322,,,2,100,,26413,5322,,,2,100,,26405,5322,,,2,100,,26423,5322,,,2,100,,26416,5322,,,2,100,,26407,5322,,,2
2000,'SE',537,,26438,5322,,,2,20,,26464,5322,,,2,64,,26447,5322,,,2,30,,26439,5322,,,2,54,,26470,4731,,,2,9,,26468,4731,,,2,8,,26472,4731,,,2,10,,26465,4731,,,2,11,,26467,4731,,,2,6,,26466,4731,,,2,54,,26471,4731,,,2,32,,26469,4731,,,2,71,,26473,4731,,,2,30,,26425,5322,,,2,72,,26455,5322,,,2,30,,26431,5322,,,2,70,,26458,5322,,,2,30,,26428,5322,,,2,70,,26452,5322,,,2,30,,26432,5322,,,2,70,,26460,5322,,,2,30,,26429,5322,,,2,70,,26451,5322,,,2,30,,26433,5322,,,2,68,,26440,5322,,,2,21,,26442,5322,,,2,17,,26435,5322,,,2,15,,26427,5322,,,2,55,,26436,5322,,,2,15,,26453,5322,,,2,17,,26443,5322,,,2,10,,26459,5322,,,2,53,,26444,5322,,,2,11,,26446,5322,,,2,12,,26441,5322,,,2,13,,26454,5322,,,2,11,,26434,5322,,,2,54,,26462,5322,,,2,13,,26445,5322,,,2,15,,26457,5322,,,2,70,,26424,5322,,,2,30,,26456,5322,,,2,70,,26463,5322,,,2,30,,26437,5322,,,2,70,,26461,5322,,,2,30,,26448,5322,,,2,100,,26430,5322,,,2,100,,26449,5322,,,2,100,,26426,5322,,,2,100,,26450,5322,,,2
2500,'DI',701,,27541,4593,,,2
2500,'F8',701,,27570,4593,,,2
2500,'F9',701,,27571,4593,,,2
2500,'SA',701,,27572,4593,,,2
2500,'SE',523,,27574,4593,,,2,30,,27575,4593,,,2,69,,27594,4593,,,2,19,,27593,4593,,,2,61,,27589,4593,,,2,19,,27576,4593,,,2,29,,27578,4593,,,2,68,,27579,4593,,,2,36,,27577,4593,,,2,70,,27573,4593,,,2,430,,27580,4593,,,2,70,,27581,4593,,,2,29,,27597,4593,,,2,53,,27596,4593,,,2,18,,27595,4593,,,2,31,,27582,4593,,,2,72,,27585,4593,,,2,29,,27587,4593,,,2,69,,27590,4593,,,2,31,,27586,4593,,,2,68,,27588,4593,,,2,30,,27584,4593,,,2,375,,27592,4593,,,2,83,,27598,4593,,,2,15,,27591,4593,,,2,85,,27583,4593,,,2
8100,'DI',658,,35724,4393,,,1,100,,35713,4393,,,1,143,,35720,4393,,,1,100,,35714,4393,,,1,100,,35722,4393,,,1,100,,35726,4393,,,1,100,,35727,4393,,,1,100,,35717,4393,,,1,100,,35721,4393,,,1,100,,35712,4393,,,1,56,,35725,4393,,,1,148,,35715,4393,,,1,96,,35723,4393,,,1,100,,35716,4393,,,1,100,,35728,4393,,,1,100,,35718,4393,,,1,100,,35730,4393,,,1,100,,35729,4393,,,1,100,,35719,4393,,,1
8100,'F8',658,,35809,4393,,,1,100,,35815,4393,,,1,143,,35810,4393,,,1,100,,35811,4393,,,1,100,,35816,4393,,,1,100,,35798,4393,,,1,100,,35800,4393,,,1,100,,35805,4393,,,1,100,,35812,4393,,,1,100,,35817,4393,,,1,100,,35803,4393,,,1,104,,35806,4393,,,1,96,,35813,4393,,,1,100,,35799,4393,,,1,100,,35807,4393,,,1,100,,35802,4393,,,1,100,,35814,4393,,,1,100,,35808,4393,,,1,100,,35804,4393,,,1,100,,35801,4393,,,1
8100,'F9',658,,35830,4393,,,1,100,,35819,4393,,,1,143,,35826,4393,,,1,100,,35820,4393,,,1,100,,35828,4393,,,1,100,,35832,4393,,,1,100,,35833,4393,,,1,100,,35823,4393,,,1,100,,35827,4393,,,1,100,,35818,4393,,,1,56,,35831,4393,,,1,148,,35821,4393,,,1,96,,35829,4393,,,1,100,,35822,4393,,,1,100,,35834,4393,,,1,100,,35824,4393,,,1,100,,35836,4393,,,1,100,,35835,4393,,,1,100,,35825,4393,,,1
8100,'SA',658,,35848,4393,,,1,100,,35854,4393,,,1,143,,35849,4393,,,1,100,,35850,4393,,,1,100,,14262,4393,,,1,100,,35837,4393,,,1,100,,35839,4393,,,1,100,,35844,4393,,,1,100,,35851,4393,,,1,100,,35855,4393,,,1,100,,35842,4393,,,1,104,,35845,4393,,,1,96,,35852,4393,,,1,100,,35838,4393,,,1,100,,35846,4393,,,1,100,,35841,4393,,,1,100,,35853,4393,,,1,100,,35847,4393,,,1,100,,35843,4393,,,1,100,,35840,4393,,,1
8100,'SE',619,,35859,4393,,,1,38,,35870,4393,,,1,70,,35866,4393,,,1,31,,35874,4393,,,1,69,,35871,4393,,,1,76,,35864,4393,,,1,98,,35856,4393,,,1,100,,35872,4393,,,1,100,,35865,4393,,,1,100,,35881,4393,,,1,100,,35879,4393,,,1,100,,35862,4393,,,1,30,,35877,4393,,,1,72,,35882,4393,,,1,30,,35873,4393,,,1,70,,35867,4393,,,1,30,,35858,4393,,,1,70,,35878,4393,,,1,30,,35868,4393,,,1,67,,35857,4393,,,1,100,,35863,4393,,,1,100,,35860,4393,,,1,100,,35875,4393,,,1,100,,35880,4393,,,1,100,,35861,4393,,,1,100,,35876,4393,,,1,100,,35869,4393,,,1
12500,'SE',756,,38003,4731,,,2,57,,38008,4731,,,2,20,,38009,4731,,,2,10,,38001,4731,,,2,14,,38006,4731,,,2,47,,38007,4731,,,2,15,,38004,4731,,,2,19,,38005,4731,,,2,67,,38002,4731,,,2
