6101,'DI',720,,32655,10343,,,2,30,,32652,10343,,,2,72,,32658,10343,,,2,17,,32656,10343,,,2,70,,32653,10343,,,2,30,,32659,10343,,,2,70,,32657,10343,,,2,30,,32654,10343,,,2,70,,32660,10343,,,2,30,,32661,10343,,,2,70,,32665,10343,,,2,30,,32669,10343,,,2,70,,32662,10343,,,2,30,,32666,10343,,,2,70,,32670,10343,,,2,30,,32663,10343,,,2,70,,32667,10343,,,2,30,,32671,10343,,,2,70,,32664,10343,,,2,34,,32668,10343,,,2,61,,32672,10343,,,2,35,,32674,10343,,,2,20,,32677,10343,,,2,80,,32673,10343,,,2,65,,32675,10343,,,2,30,,32678,10343,,,2,85,,32676,10343,,,2,100,,32679,10343,,,2,100,,32680,10343,,,2,100,,32681,10343,,,2
6101,'F8',720,,32803,10343,,,2,30,,32800,10343,,,2,72,,32806,10343,,,2,17,,32804,10343,,,2,70,,32801,10343,,,2,30,,32807,10343,,,2,70,,32805,10343,,,2,30,,32802,10343,,,2,70,,32808,10343,,,2,30,,32809,10343,,,2,70,,32813,10343,,,2,30,,32815,10343,,,2,70,,32810,10343,,,2,30,,32814,10343,,,2,70,,32816,10343,,,2,30,,32811,10343,,,2,70,,32817,10343,,,2,30,,32821,10343,,,2,70,,32812,10343,,,2,34,,32818,10343,,,2,61,,32822,10343,,,2,35,,32824,10343,,,2,20,,32819,10343,,,2,80,,32823,10343,,,2,65,,32825,10343,,,2,30,,32820,10343,,,2,85,,32826,10343,,,2,100,,32828,10343,,,2,100,,32827,10343,,,2,100,,32830,10343,,,2
6101,'F9',720,,32835,10343,,,2,30,,32832,10343,,,2,72,,32838,10343,,,2,17,,32836,10343,,,2,70,,32833,10343,,,2,30,,32839,10343,,,2,70,,32837,10343,,,2,30,,32834,10343,,,2,70,,32840,10343,,,2,30,,32841,10343,,,2,70,,32845,10343,,,2,30,,32849,10343,,,2,70,,32842,10343,,,2,30,,32846,10343,,,2,70,,32850,10343,,,2,30,,32843,10343,,,2,70,,32847,10343,,,2,30,,32851,10343,,,2,70,,32844,10343,,,2,34,,32848,10343,,,2,61,,32852,10343,,,2,35,,32854,10343,,,2,20,,32857,10343,,,2,80,,32853,10343,,,2,65,,32855,10343,,,2,30,,32858,10343,,,2,85,,32856,10343,,,2,100,,32859,10343,,,2,100,,32860,10343,,,2,100,,32861,10343,,,2
6101,'SA',720,,32867,10343,,,2,30,,32864,10343,,,2,72,,32870,10343,,,2,17,,32868,10343,,,2,70,,32865,10343,,,2,30,,32871,10343,,,2,70,,32869,10343,,,2,30,,32866,10343,,,2,70,,32872,10343,,,2,30,,32873,10343,,,2,70,,32877,10343,,,2,30,,32879,10343,,,2,70,,32874,10343,,,2,30,,32878,10343,,,2,70,,32880,10343,,,2,30,,32875,10343,,,2,70,,32881,10343,,,2,30,,32885,10343,,,2,70,,32876,10343,,,2,34,,32882,10343,,,2,61,,32886,10343,,,2,35,,32888,10343,,,2,20,,32883,10343,,,2,80,,32887,10343,,,2,65,,32889,10343,,,2,30,,32884,10343,,,2,85,,32890,10343,,,2,100,,32892,10343,,,2,100,,32891,10343,,,2,100,,32894,10343,,,2
6101,'SE',559,,32945,10343,,,2,70,,32947,10343,,,2,10,,32900,10343,,,2,16,,32903,10343,,,2,49,,32897,10343,,,2,14,,32906,10343,,,2,15,,32896,10343,,,2,7,,32910,10343,,,2,16,,32904,10343,,,2,49,,32909,10343,,,2,19,,32901,10343,,,2,24,,32898,10343,,,2,62,,32907,10343,,,2,15,,32911,10343,,,2,76,,32902,10343,,,2,30,,32899,10343,,,2,70,,32908,10343,,,2,32,,32946,10343,,,2,70,,32905,10343,,,2,30,,32912,10343,,,2,72,,32916,10343,,,2,30,,32913,10343,,,2,70,,32914,10343,,,2,33,,32918,10343,,,2,21,,32920,10343,,,2,67,,32923,10343,,,2,23,,32915,10343,,,2,60,,32917,10343,,,2,24,,32925,10343,,,2,4,,32927,10343,,,2,65,,32921,10343,,,2,7,,32922,10343,,,2,14,,32928,10343,,,2,13,,32929,10343,,,2,14,,32919,10343,,,2,54,,32932,10343,,,2,6,,32935,10343,,,2,15,,32926,10343,,,2,14,,32924,10343,,,2,64,,32937,10343,,,2,24,,32930,10343,,,2,28,,32940,10343,,,2,68,,32943,10343,,,2,30,,32933,10343,,,2,69,,32936,10343,,,2,29,,32944,10343,,,2,70,,32931,10343,,,2,29,,32941,10343,,,2,70,,32938,10343,,,2
16101,'DI',554,,38767,1809,0,35 36,2,1172,,38766,1809,0,35 36,2
16101,'F8',554,,38824,1809,0,35 36,2,1172,,38825,1809,0,35 36,2
16101,'F9',554,,38838,1809,0,35 36,2,1172,,38837,1809,0,35 36,2
16101,'SA',554,,38849,1809,0,35 36,2,1172,,38850,1809,0,35 36,2
16101,'SE',630,,38867,1809,0,35 36,2,73,,38865,1809,0,35 36,2,32,,38868,1809,0,35 36,2,502,,38864,1809,0,35 36,2,372,,38870,1809,0,35 36,2,36,,38866,1809,0,35 36,2,78,,38869,1809,0,35 36,2
