1701,'DI',607,,54947,10428,,,1,100,,54951,10428,,,1,30,,54963,10428,,,1,70,,54967,10428,,,1,30,,54945,10428,,,1,70,,54952,10428,,,1,30,,25578,10428,,,1,70,,54948,10428,,,1,30,,54946,10428,,,1,70,,54965,10428,,,1,30,,54956,10428,,,1,70,,54953,10428,,,1,30,,54964,10428,,,1,70,,54942,10428,,,1,30,,54957,10428,,,1,70,,54955,10428,,,1,30,,54940,10428,,,1,70,,54954,10428,,,1,30,,54961,10428,,,1,69,,54949,10428,,,1,30,,54937,10428,,,1,71,,54950,10428,,,1,30,,54938,10428,,,1,70,,54941,10428,,,1,31,,54939,10428,,,1,70,,54944,10428,,,1,99,,54966,10428,,,1,100,,54962,10428,,,1,100,,54958,10428,,,1,100,,54943,10428,,,1,100,,54959,10428,,,1,100,,25549,10428,,,1
1701,'F1',607,,54978,10428,,,1,100,,54982,10428,,,1,30,,54994,10428,,,1,70,,54998,10428,,,1,30,,54976,10428,,,1,70,,54983,10428,,,1,30,,45135,10428,,,1,70,,54979,10428,,,1,30,,54977,10428,,,1,70,,54996,10428,,,1,30,,54987,10428,,,1,70,,54984,10428,,,1,30,,54995,10428,,,1,70,,54973,10428,,,1,30,,54988,10428,,,1,70,,54986,10428,,,1,30,,54971,10428,,,1,70,,54985,10428,,,1,30,,54992,10428,,,1,69,,54980,10428,,,1,30,,54968,10428,,,1,71,,54981,10428,,,1,30,,54969,10428,,,1,70,,54972,10428,,,1,31,,54970,10428,,,1,70,,54975,10428,,,1,99,,54997,10428,,,1,100,,54993,10428,,,1,100,,54989,10428,,,1,100,,54974,10428,,,1,100,,54990,10428,,,1,100,,45106,10428,,,1
1701,'F2',607,,55010,10428,,,1,100,,55007,10428,,,1,30,,55017,10428,,,1,70,,55011,10428,,,1,30,,55026,10428,,,1,70,,55001,10428,,,1,30,,55018,10428,,,1,70,,55012,10428,,,1,30,,55027,10428,,,1,70,,55002,10428,,,1,30,,55019,10428,,,1,70,,55006,10428,,,1,30,,54999,10428,,,1,70,,55005,10428,,,1,30,,55029,10428,,,1,70,,55003,10428,,,1,30,,55013,10428,,,1,70,,55020,10428,,,1,30,,55000,10428,,,1,70,,55008,10428,,,1,30,,55028,10428,,,1,69,,55023,10428,,,1,30,,55014,10428,,,1,71,,55024,10428,,,1,30,,55015,10428,,,1,71,,55025,10428,,,1,99,,55030,10428,,,1,100,,55021,10428,,,1,100,,55004,10428,,,1,100,,55016,10428,,,1,100,,55009,10428,,,1,100,,55022,10428,,,1
1701,'SA',607,,55043,10428,,,1,100,,55040,10428,,,1,30,,55050,10428,,,1,70,,55044,10428,,,1,30,,55059,10428,,,1,70,,55034,10428,,,1,30,,55051,10428,,,1,70,,55045,10428,,,1,30,,55060,10428,,,1,70,,55035,10428,,,1,30,,55052,10428,,,1,70,,55039,10428,,,1,30,,55032,10428,,,1,70,,55038,10428,,,1,30,,55062,10428,,,1,70,,55036,10428,,,1,30,,55046,10428,,,1,70,,55053,10428,,,1,30,,55033,10428,,,1,70,,55041,10428,,,1,30,,55061,10428,,,1,69,,55056,10428,,,1,30,,55047,10428,,,1,71,,55057,10428,,,1,30,,55048,10428,,,1,71,,55058,10428,,,1,99,,55063,10428,,,1,100,,55054,10428,,,1,100,,55037,10428,,,1,100,,55049,10428,,,1,100,,55042,10428,,,1,100,,55055,10428,,,1
2501,'DI',1614,,56146,15510,,,2
2501,'F1',1614,,56147,15510,,,2
2501,'F2',1614,,56148,15510,,,2
2501,'SA',1614,,56149,15510,,,2
2501,'SE',525,,56159,13874,,,2,30,,56162,13874,,,2,63,,56171,13874,,,2,34,,56160,13874,,,2,76,,56177,15510,,,2,30,,56175,15510,,,2,66,,56161,13874,,,2,30,,56163,13874,,,2,67,,56165,13874,,,2,505,,56172,13874,,,2,31,,56164,13874,,,2,73,,56170,13874,,,2,71,,56181,15510,,,2,20,,56180,15510,,,2,12,,56178,15510,,,2,9,,56155,13874,,,2,59,,56166,13874,,,2,14,,56152,13874,,,2,14,,56150,13874,,,2,28,,56167,13874,,,2,67,,56154,13874,,,2,29,,56151,13874,,,2,99,,56153,13874,,,2,385,,56174,13874,,,2,86,,56176,15510,,,2,12,,56156,13874,,,2,75,,56169,13874,,,2
7601,'SE',519,,59914,7546,,,1,30,,59944,7546,,,1,70,,59925,7546,,,1,27,,59941,7546,,,1,61,,59924,7546,,,1,20,,59926,7546,,,1,21,,59900,7546,,,1,4,,59921,7546,,,1,5,,59906,7546,,,1,55,,59927,7546,,,1,21,,59901,7546,,,1,22,,59943,7546,,,1,66,,59928,7546,,,1,29,,59922,7546,,,1,70,,59903,7546,,,1,30,,59910,7546,,,1,70,,59915,7546,,,1,30,,59942,7546,,,1,70,,59920,7546,,,1,30,,59940,7546,,,1,70,,59907,7546,,,1,30,,59904,7546,,,1,70,,59911,7546,,,1,32,,59908,7546,,,1,76,,59912,7546,,,1,26,,59919,7546,,,1,72,,59917,7546,,,1,74,,59916,7546,,,1,24,,59933,7546,,,1,15,,59939,7546,,,1,19,,59902,7546,,,1,61,,59909,7546,,,1,17,,59934,7546,,,1,18,,59905,7546,,,1,66,,59913,7546,,,1,30,,59918,7546,,,1,70,,59899,7546,,,1,29,,59929,7546,,,1,70,,59935,7546,,,1,30,,59930,7546,,,1,70,,59936,7546,,,1,29,,59923,7546,,,1,70,,59937,7546,,,1,30,,59931,7546,,,1,70,,59938,7546,,,1,30,,59932,7546,,,1
