500,'DI',554,,21658,8593,,,1,70,,21664,8593,,,1,30,,21659,8593,,,1,70,,21665,8593,,,1,30,,21660,8593,,,1,70,,21666,8593,,,1,30,,21686,8593,,,1,70,,21667,8593,,,1,30,,21671,8593,,,1,70,,21668,8593,,,1,30,,21683,8593,,,1,70,,21672,8593,,,1,30,,21661,8593,,,1,72,,21673,8593,,,1,30,,21662,8593,,,1,68,,21687,8593,,,1,32,,21684,8593,,,1,70,,21688,8593,,,1,30,,21674,8593,,,1,69,,21663,8593,,,1,31,,21678,8593,,,1,70,,21685,8593,,,1,30,,21669,8593,,,1,70,,21675,8593,,,1,30,,21689,8593,,,1,99,,21670,8593,,,1,100,,21677,8593,,,1,100,,21676,8593,,,1,100,,21679,8593,,,1,100,,21680,8593,,,1,100,,21681,8593,,,1,100,,21682,8593,,,1
500,'F1',554,,43607,8593,,,1,70,,43613,8593,,,1,30,,43608,8593,,,1,70,,43614,8593,,,1,30,,43609,8593,,,1,70,,43615,8593,,,1,30,,43635,8593,,,1,70,,43616,8593,,,1,30,,43620,8593,,,1,70,,43617,8593,,,1,30,,43632,8593,,,1,70,,43621,8593,,,1,30,,43610,8593,,,1,72,,43622,8593,,,1,30,,43611,8593,,,1,68,,43636,8593,,,1,32,,43633,8593,,,1,70,,43637,8593,,,1,30,,43623,8593,,,1,69,,43612,8593,,,1,31,,43627,8593,,,1,70,,43634,8593,,,1,30,,43618,8593,,,1,70,,43624,8593,,,1,30,,43638,8593,,,1,99,,43619,8593,,,1,100,,43626,8593,,,1,100,,43625,8593,,,1,100,,43628,8593,,,1,100,,43629,8593,,,1,100,,43630,8593,,,1,100,,43631,8593,,,1
500,'F2',524,,43639,8593,,,1,30,,43647,8593,,,1,70,,43640,8593,,,1,30,,43648,8593,,,1,70,,43641,8593,,,1,30,,43649,8593,,,1,70,,43642,8593,,,1,30,,43650,8593,,,1,70,,43643,8593,,,1,30,,43652,8593,,,1,70,,43644,8593,,,1,30,,43653,8593,,,1,70,,43645,8593,,,1,30,,43654,8593,,,1,72,,43646,8593,,,1,30,,43655,8593,,,1,70,,43651,8593,,,1,30,,43671,8593,,,1,70,,43666,8593,,,1,30,,43656,8593,,,1,70,,43669,8593,,,1,30,,43665,8593,,,1,70,,43668,8593,,,1,30,,43672,8593,,,1,70,,43667,8593,,,1,30,,43670,8593,,,1,99,,43657,8593,,,1,100,,43658,8593,,,1,100,,43659,8593,,,1,100,,43660,8593,,,1,100,,43661,8593,,,1,100,,43662,8593,,,1,100,,43663,8593,,,1,100,,43664,8593,,,1
500,'F8',524,,21801,8593,,,1,30,,21809,8593,,,1,70,,21802,8593,,,1,30,,21810,8593,,,1,70,,21803,8593,,,1,30,,21811,8593,,,1,70,,21804,8593,,,1,30,,21812,8593,,,1,70,,21805,8593,,,1,30,,21814,8593,,,1,70,,21806,8593,,,1,30,,21815,8593,,,1,70,,21807,8593,,,1,30,,21816,8593,,,1,72,,21808,8593,,,1,30,,21817,8593,,,1,70,,21813,8593,,,1,30,,21833,8593,,,1,70,,21828,8593,,,1,30,,21818,8593,,,1,70,,21831,8593,,,1,30,,21827,8593,,,1,70,,21830,8593,,,1,30,,21834,8593,,,1,70,,21829,8593,,,1,30,,21832,8593,,,1,99,,21819,8593,,,1,100,,21820,8593,,,1,100,,21821,8593,,,1,100,,21822,8593,,,1,100,,21823,8593,,,1,100,,21824,8593,,,1,100,,21825,8593,,,1,100,,21826,8593,,,1
500,'F9',554,,21835,8593,,,1,70,,21841,8593,,,1,30,,21836,8593,,,1,70,,21842,8593,,,1,30,,21837,8593,,,1,70,,21843,8593,,,1,30,,21863,8593,,,1,70,,21844,8593,,,1,30,,21848,8593,,,1,70,,21845,8593,,,1,30,,21860,8593,,,1,70,,21849,8593,,,1,30,,21838,8593,,,1,72,,21850,8593,,,1,30,,21839,8593,,,1,68,,21864,8593,,,1,32,,21861,8593,,,1,70,,21865,8593,,,1,30,,21851,8593,,,1,69,,21840,8593,,,1,31,,21855,8593,,,1,70,,21862,8593,,,1,30,,21846,8593,,,1,70,,21852,8593,,,1,30,,21866,8593,,,1,99,,21847,8593,,,1,100,,21854,8593,,,1,100,,21853,8593,,,1,100,,21856,8593,,,1,100,,21857,8593,,,1,100,,21858,8593,,,1,100,,21859,8593,,,1
500,'SA',524,,21867,8593,,,1,30,,21875,8593,,,1,70,,21868,8593,,,1,30,,21876,8593,,,1,70,,21869,8593,,,1,30,,21877,8593,,,1,70,,21870,8593,,,1,30,,21878,8593,,,1,70,,21871,8593,,,1,30,,21880,8593,,,1,70,,21872,8593,,,1,30,,21881,8593,,,1,70,,21873,8593,,,1,30,,21882,8593,,,1,72,,21874,8593,,,1,30,,21883,8593,,,1,70,,21879,8593,,,1,30,,21899,8593,,,1,70,,21894,8593,,,1,30,,21884,8593,,,1,70,,21897,8593,,,1,30,,21893,8593,,,1,70,,21896,8593,,,1,30,,21900,8593,,,1,70,,21895,8593,,,1,30,,21898,8593,,,1,99,,21885,8593,,,1,100,,21886,8593,,,1,100,,21887,8593,,,1,100,,21888,8593,,,1,100,,21889,8593,,,1,100,,21890,8593,,,1,100,,21891,8593,,,1,100,,21892,8593,,,1
500,'SE',500,,43696,8593,,,1,40,,43697,8593,,,1,70,,43675,8593,,,1,15,,43705,8593,,,1,30,,43709,8593,,,1,70,,43702,8593,,,1,30,,43673,8593,,,1,70,,43681,8593,,,1,80,,43674,8593,,,1,20,,43676,8593,,,1,30,,43713,8593,,,1,70,,43682,8593,,,1,30,,43679,8593,,,1,70,,43699,8593,,,1,30,,43712,8593,,,1,70,,43700,8593,,,1,31,,43717,8593,,,1,70,,43708,8593,,,1,30,,43680,8593,,,1,70,,43684,8593,,,1,30,,43692,8593,,,1,74,,43714,8593,,,1,13,,43685,8593,,,1,15,,43683,8593,,,1,57,,43693,8593,,,1,15,,43677,8593,,,1,17,,43707,8593,,,1,56,,43698,8593,,,1,12,,43701,8593,,,1,15,,43716,8593,,,1,15,,43678,8593,,,1,55,,43694,8593,,,1,22,,43710,8593,,,1,16,,43703,8593,,,1,21,,43690,8593,,,1,65,,43711,8593,,,1,30,,43704,8593,,,1,70,,43695,8593,,,1,30,,43691,8593,,,1,70,,43706,8593,,,1,30,,43715,8593,,,1,100,,43686,8593,,,1,100,,43687,8593,,,1,100,,43688,8593,,,1,100,,43689,8593,,,1
901,'SE',613,,44317,3612,,,2,30,,44319,3612,,,2,71,,44318,3612,,,2,30,,44321,3612,,,2,70,,44320,3612,,,2
6001,'SE',544,,47776,2735,,,1,62,,47780,2735,,,1,21,,47773,2735,,,1,27,,47765,2735,,,1,68,,47777,2735,,,1,28,,47768,2735,,,1,66,,47755,2735,,,1,14,,47778,2735,,,1,74,,47771,2735,,,1,100,,47766,2735,,,1,100,,47760,2735,,,1,100,,47772,2735,,,1,101,,47764,2735,,,1,100,,47762,2735,,,1,101,,47779,2735,,,1,99,,47769,2735,,,1,30,,47761,2735,,,1,67,,47774,2735,,,1,24,,47756,2735,,,1,27,,47767,2735,,,1,69,,47770,2735,,,1,30,,47757,2735,,,1,88,,47775,2735,,,1,100,,47754,2735,,,1,101,,47758,2735,,,1,100,,47763,2735,,,1,95,,47759,2735,,,1
16001,'DI',602,,38498,9129,,,1,99,,38493,9129,,,1,100,,38499,9129,,,1,100,,38502,9129,,,1,100,,38505,9129,,,1,100,,38500,9129,,,1,100,,38506,9129,,,1,100,,38497,9129,,,1,100,,38507,9129,,,1,100,,38495,9129,,,1,100,,38492,9129,,,1,100,,38503,9129,,,1,100,,38501,9129,,,1,100,,38508,9129,,,1,100,,38504,9129,,,1,103,,38496,9129,,,1,97,,38494,9129,,,1
16001,'F1',602,,50267,9129,,,1,99,,50262,9129,,,1,100,,50268,9129,,,1,100,,50271,9129,,,1,100,,50274,9129,,,1,100,,50269,9129,,,1,100,,50275,9129,,,1,100,,50266,9129,,,1,100,,50276,9129,,,1,100,,50264,9129,,,1,100,,50261,9129,,,1,100,,50272,9129,,,1,100,,50270,9129,,,1,100,,50277,9129,,,1,100,,50273,9129,,,1,103,,50265,9129,,,1,97,,50263,9129,,,1
16001,'F2',603,,50286,9129,,,1,99,,50284,9129,,,1,99,,50282,9129,,,1,100,,50287,9129,,,1,99,,50281,9129,,,1,101,,50278,9129,,,1,100,,50285,9129,,,1,100,,50291,9129,,,1,100,,50279,9129,,,1,100,,50283,9129,,,1,100,,50292,9129,,,1,100,,50288,9129,,,1,100,,50280,9129,,,1,101,,50293,9129,,,1,99,,50289,9129,,,1,103,,50294,9129,,,1,97,,50290,9129,,,1
16001,'F8',603,,38572,9129,,,1,99,,38570,9129,,,1,99,,38568,9129,,,1,100,,38573,9129,,,1,99,,38567,9129,,,1,101,,38564,9129,,,1,100,,38571,9129,,,1,100,,38577,9129,,,1,100,,38565,9129,,,1,100,,38569,9129,,,1,100,,38578,9129,,,1,100,,38574,9129,,,1,100,,38566,9129,,,1,101,,38579,9129,,,1,99,,38575,9129,,,1,103,,38580,9129,,,1,97,,38576,9129,,,1
16001,'F9',602,,38587,9129,,,1,99,,38582,9129,,,1,100,,38588,9129,,,1,100,,38591,9129,,,1,100,,38594,9129,,,1,100,,38589,9129,,,1,100,,38595,9129,,,1,100,,38586,9129,,,1,100,,38596,9129,,,1,100,,38584,9129,,,1,100,,38581,9129,,,1,100,,38592,9129,,,1,100,,38590,9129,,,1,100,,38597,9129,,,1,100,,38593,9129,,,1,103,,38585,9129,,,1,97,,38583,9129,,,1
16001,'SA',603,,38606,9129,,,1,99,,38604,9129,,,1,99,,38602,9129,,,1,100,,16801,9129,,,1,99,,38601,9129,,,1,101,,38598,9129,,,1,100,,38605,9129,,,1,100,,38609,9129,,,1,100,,38599,9129,,,1,100,,38603,9129,,,1,100,,38610,9129,,,1,100,,16802,9129,,,1,100,,38600,9129,,,1,101,,38611,9129,,,1,99,,38607,9129,,,1,103,,38612,9129,,,1,97,,38608,9129,,,1
16001,'SE',614,,50303,9129,,,1,28,,50315,9129,,,1,66,,50297,9129,,,1,27,,50305,9129,,,1,24,,50309,9129,,,1,63,,50319,9129,,,1,28,,50307,9129,,,1,84,,50310,9129,,,1,98,,50308,9129,,,1,93,,50298,9129,,,1,100,,50299,9129,,,1,100,,50300,9129,,,1,100,,50311,9129,,,1,99,,50306,9129,,,1,92,,50313,9129,,,1,97,,50295,9129,,,1,30,,50312,9129,,,1,68,,50314,9129,,,1,25,,50316,9129,,,1,66,,50304,9129,,,1,99,,50301,9129,,,1,100,,50296,9129,,,1,102,,50302,9129,,,1,100,,50318,9129,,,1,50,,50317,9129,,,1
