2301,'F2',608,,56098,2287,,,1,103,,56089,2287,,,1,101,,56091,2287,,,1,100,,56096,2287,,,1,103,,56097,2287,,,1,99,,56088,2287,,,1,103,,56094,2287,,,1,97,,56087,2287,,,1,99,,56090,2287,,,1,100,,56092,2287,,,1,100,,56093,2287,,,1,100,,56095,2287,,,1
2301,'SA',608,,56110,2287,,,1,103,,56101,2287,,,1,101,,56103,2287,,,1,100,,56108,2287,,,1,103,,56109,2287,,,1,99,,56100,2287,,,1,103,,56106,2287,,,1,97,,56099,2287,,,1,99,,56102,2287,,,1,100,,56104,2287,,,1,100,,56105,2287,,,1,100,,56107,2287,,,1
2301,'SE',1017,,56114,2287,,,1,100,,56111,2287,,,1,100,,56113,2287,,,1,101,,56115,2287,,,1,100,,56112,2287,,,1
12301,'DI',542,,37798,16584,,,1,100,,37808,16584,,,1,100,,37799,16584,,,1,100,,37809,16584,,,1,101,,37800,16584,,,1,100,,37810,16584,,,1,100,,37801,16584,,,1,100,,61842,16584,,,1,100,,37802,16584,,,1,100,,61843,16584,,,1,100,,37803,16584,,,1,100,,61844,16584,,,1,100,,61838,16584,,,1,100,,61845,16584,,,1,100,,61839,16584,,,1,99,,61846,16584,,,1,100,,61840,16584,,,1,100,,61847,16584,,,1,100,,61841,16584,,,1,100,,61848,16584,,,1
12301,'F1',542,,49985,16584,,,1,100,,49995,16584,,,1,100,,49986,16584,,,1,100,,49996,16584,,,1,101,,49987,16584,,,1,100,,49997,16584,,,1,100,,49988,16584,,,1,100,,61853,16584,,,1,100,,49989,16584,,,1,100,,61854,16584,,,1,100,,49990,16584,,,1,100,,61855,16584,,,1,100,,61849,16584,,,1,100,,61856,16584,,,1,100,,61850,16584,,,1,99,,61857,16584,,,1,100,,61851,16584,,,1,100,,61858,16584,,,1,100,,61852,16584,,,1,100,,61859,16584,,,1
12301,'F2',541,,61861,16584,,,1,100,,61860,16584,,,1,100,,61862,16584,,,1,100,,61868,16584,,,1,100,,61872,16584,,,1,100,,61863,16584,,,1,100,,61873,16584,,,1,100,,61864,16584,,,1,100,,61874,16584,,,1,100,,61865,16584,,,1,100,,61875,16584,,,1,100,,61866,16584,,,1,100,,61876,16584,,,1,100,,61867,16584,,,1,100,,61877,16584,,,1,100,,61869,16584,,,1,100,,61878,16584,,,1,100,,61870,16584,,,1,100,,61879,16584,,,1,100,,61871,16584,,,1
12301,'SA',541,,61881,16584,,,1,100,,61880,16584,,,1,100,,61882,16584,,,1,100,,61888,16584,,,1,100,,61892,16584,,,1,100,,61883,16584,,,1,100,,61893,16584,,,1,100,,61884,16584,,,1,100,,61894,16584,,,1,100,,61885,16584,,,1,100,,61895,16584,,,1,100,,61886,16584,,,1,100,,61896,16584,,,1,100,,61887,16584,,,1,100,,61897,16584,,,1,100,,61889,16584,,,1,100,,61898,16584,,,1,100,,61890,16584,,,1,100,,61899,16584,,,1,100,,61891,16584,,,1
12301,'SE',528,,61913,16584,,,1,30,,61916,16584,,,1,60,,50029,16584,,,1,24,,61904,16584,,,1,15,,61902,16584,,,1,66,,61901,16584,,,1,30,,61900,16584,,,1,69,,61903,16584,,,1,30,,61905,16584,,,1,68,,61910,16584,,,1,30,,61912,16584,,,1,96,,61909,16584,,,1,101,,61932,16584,,,1,100,,61908,16584,,,1,100,,61918,16584,,,1,100,,61922,16584,,,1,11,,61921,16584,,,1,66,,50049,16584,,,1,20,,50053,16584,,,1,15,,61927,16584,,,1,59,,61928,16584,,,1,6,,61924,16584,,,1,15,,61929,16584,,,1,10,,61931,16584,,,1,6,,61919,16584,,,1,64,,61926,16584,,,1,27,,50050,16584,,,1,69,,61911,16584,,,1,31,,61917,16584,,,1,66,,61920,16584,,,1,34,,61907,16584,,,1,68,,61906,16584,,,1,30,,61925,16584,,,1,98,,61930,16584,,,1,98,,61914,16584,,,1,100,,61923,16584,,,1,118,,61915,16584,,,1
16101,'DI',614,,62407,10286,,,2,30,,62404,5564,,,2,70,,62398,5564,,,2,30,,38765,5564,,,2,70,,62402,5564,,,2,30,,62401,5564,,,2,70,,62399,5564,,,2,702,,62403,5564,,,2,28,,62406,5564,,,2,72,,62405,5564,,,2,30,,62408,10286,,,2,70,,62397,5564,,,2,32,,62400,5564,,,2
16101,'F1',614,,62419,10286,,,2,30,,62416,5564,,,2,70,,62410,5564,,,2,30,,50376,5564,,,2,70,,62414,5564,,,2,30,,62413,5564,,,2,70,,62411,5564,,,2,702,,62415,5564,,,2,28,,62418,5564,,,2,72,,62417,5564,,,2,30,,62420,10286,,,2,70,,62409,5564,,,2,32,,62412,5564,,,2
16101,'F2',614,,62433,10286,,,2,30,,62430,5564,,,2,70,,62422,5564,,,2,30,,62425,5564,,,2,70,,62431,5564,,,2,30,,62426,5564,,,2,70,,62427,5564,,,2,700,,62428,5564,,,2,31,,62424,5564,,,2,71,,62429,5564,,,2,30,,62432,10286,,,2,71,,62421,5564,,,2,31,,62423,5564,,,2
16101,'SA',614,,62446,10286,,,2,30,,62443,5564,,,2,70,,62435,5564,,,2,30,,62438,5564,,,2,70,,62444,5564,,,2,30,,62439,5564,,,2,70,,62440,5564,,,2,700,,62441,5564,,,2,31,,62437,5564,,,2,71,,62442,5564,,,2,30,,62445,10286,,,2,71,,62434,5564,,,2,31,,62436,5564,,,2
16101,'SE',608,,62453,5564,,,2,20,,62452,5564,,,2,24,,62463,10286,,,2,60,,62450,5564,,,2,13,,62462,10286,,,2,17,,62455,5564,,,2,16,,62464,10286,,,2,56,,62449,5564,,,2,23,,62454,5564,,,2,20,,62447,5564,,,2,57,,62459,5564,,,2,20,,62448,5564,,,2,325,,62460,10286,,,2,372,,62461,10286,,,2,15,,62451,5564,,,2,61,,62465,10286,,,2,20,,62458,5564,,,2,18,,62466,10286,,,2,61,,62457,5564,,,2,20,,62456,5564,,,2
