101,'DI',639,,20389,7966,,,1,100,,20390,7966,,,1,100,,20391,7966,,,1,100,,20392,7966,,,1,100,,20393,7966,,,1,100,,20394,7966,,,1,100,,20395,7966,,,1,100,,20396,7966,,,1,101,,20397,7966,,,1,100,,20398,7966,,,1,98,,20399,7966,,,1,100,,20400,7966,,,1,100,,20401,7966,,,1,100,,20402,7966,,,1,100,,20403,7966,,,1,100,,20404,7966,,,1,100,,20405,7966,,,1,100,,20406,7966,,,1,100,,20408,7966,,,1,100,,20407,7966,,,1
101,'F1',639,,43102,7966,,,1,100,,43103,7966,,,1,100,,43104,7966,,,1,100,,43105,7966,,,1,100,,43106,7966,,,1,100,,43107,7966,,,1,100,,43108,7966,,,1,100,,43109,7966,,,1,101,,43110,7966,,,1,100,,43111,7966,,,1,98,,43112,7966,,,1,100,,43113,7966,,,1,100,,43114,7966,,,1,100,,43115,7966,,,1,100,,43116,7966,,,1,100,,43117,7966,,,1,100,,43118,7966,,,1,100,,43119,7966,,,1,100,,43121,7966,,,1,100,,43120,7966,,,1
101,'F2',609,,43142,7966,,,1,30,,43132,7966,,,1,70,,43143,7966,,,1,30,,43133,7966,,,1,70,,43144,7966,,,1,30,,43134,7966,,,1,70,,43145,7966,,,1,30,,43135,7966,,,1,70,,43146,7966,,,1,30,,43136,7966,,,1,70,,43147,7966,,,1,30,,43137,7966,,,1,70,,43148,7966,,,1,30,,43138,7966,,,1,70,,43149,7966,,,1,30,,43139,7966,,,1,71,,43153,7966,,,1,30,,43140,7966,,,1,70,,43154,7966,,,1,30,,43141,7966,,,1,68,,43150,7966,,,1,30,,43122,7966,,,1,70,,43151,7966,,,1,30,,43123,7966,,,1,70,,43152,7966,,,1,30,,43124,7966,,,1,100,,43125,7966,,,1,100,,43126,7966,,,1,100,,43127,7966,,,1,100,,43128,7966,,,1,100,,43129,7966,,,1,100,,43130,7966,,,1,100,,43131,7966,,,1
101,'F8',609,,20528,7966,,,1,30,,20518,7966,,,1,70,,20529,7966,,,1,30,,20519,7966,,,1,70,,20530,7966,,,1,30,,20520,7966,,,1,70,,20531,7966,,,1,30,,20521,7966,,,1,70,,20532,7966,,,1,30,,20522,7966,,,1,70,,20533,7966,,,1,30,,20523,7966,,,1,70,,20534,7966,,,1,30,,20524,7966,,,1,70,,20535,7966,,,1,30,,20525,7966,,,1,71,,20539,7966,,,1,30,,20526,7966,,,1,70,,20540,7966,,,1,30,,20527,7966,,,1,68,,20536,7966,,,1,30,,20508,7966,,,1,70,,20537,7966,,,1,30,,20509,7966,,,1,70,,20538,7966,,,1,30,,20510,7966,,,1,100,,20511,7966,,,1,100,,20512,7966,,,1,100,,20513,7966,,,1,100,,20514,7966,,,1,100,,20515,7966,,,1,100,,20516,7966,,,1,100,,20517,7966,,,1
101,'F9',639,,20541,7966,,,1,100,,20542,7966,,,1,100,,20543,7966,,,1,100,,20544,7966,,,1,100,,20545,7966,,,1,100,,20546,7966,,,1,100,,20547,7966,,,1,100,,20548,7966,,,1,101,,20549,7966,,,1,100,,20550,7966,,,1,98,,20551,7966,,,1,100,,20552,7966,,,1,100,,20553,7966,,,1,100,,20554,7966,,,1,100,,20555,7966,,,1,100,,20556,7966,,,1,100,,20557,7966,,,1,100,,20558,7966,,,1,100,,20560,7966,,,1,100,,20559,7966,,,1
101,'SA',609,,20571,7966,,,1,30,,20561,7966,,,1,70,,20572,7966,,,1,30,,20562,7966,,,1,70,,20573,7966,,,1,30,,20563,7966,,,1,70,,20574,7966,,,1,30,,20564,7966,,,1,70,,20575,7966,,,1,30,,20565,7966,,,1,70,,20576,7966,,,1,30,,20566,7966,,,1,70,,20577,7966,,,1,30,,20567,7966,,,1,70,,20578,7966,,,1,30,,20568,7966,,,1,71,,20582,7966,,,1,30,,20569,7966,,,1,70,,20583,7966,,,1,30,,20570,7966,,,1,68,,20579,7966,,,1,30,,400,7966,,,1,70,,20580,7966,,,1,30,,401,7966,,,1,70,,20581,7966,,,1,30,,402,7966,,,1,100,,403,7966,,,1,100,,404,7966,,,1,100,,405,7966,,,1,100,,406,7966,,,1,100,,407,7966,,,1,100,,408,7966,,,1,100,,409,7966,,,1
101,'SE',520,,43167,7966,,,1,30,,43181,7966,,,1,62,,43176,7966,,,1,20,,43182,7966,,,1,20,,43173,7966,,,1,56,,43186,7966,,,1,23,,43179,7966,,,1,10,,43183,7966,,,1,60,,43169,7966,,,1,15,,43155,7966,,,1,16,,43195,7966,,,1,15,,43170,7966,,,1,53,,43197,7966,,,1,20,,43166,7966,,,1,19,,43171,7966,,,1,20,,43165,7966,,,1,70,,43168,7966,,,1,30,,43180,7966,,,1,70,,43163,7966,,,1,30,,43191,7966,,,1,70,,43156,7966,,,1,71,,43178,7966,,,1,30,,43174,7966,,,1,70,,43172,7966,,,1,30,,43190,7966,,,1,70,,43157,7966,,,1,32,,43192,7966,,,1,73,,43175,7966,,,1,17,,43184,7966,,,1,34,,43164,7966,,,1,71,,43194,7966,,,1,74,,20609,7966,,,1,24,,43196,7966,,,1,27,,43185,7966,,,1,75,,43189,7966,,,1,28,,43193,7966,,,1,70,,43188,7966,,,1,30,,43187,7966,,,1,68,,43158,7966,,,1,30,,43177,7966,,,1,70,,43159,7966,,,1,100,,43160,7966,,,1,99,,43161,7966,,,1,100,,43162,7966,,,1
5401,'DI',631,,31846,8621,,,1,100,,31863,8621,,,1,100,,31858,8621,,,1,103,,31864,8621,,,1,103,,31859,8621,,,1,100,,31844,8621,,,1,102,,31868,8621,,,1,70,,31845,8621,,,1,30,,31867,8621,,,1,70,,31869,8621,,,1,30,,31856,8621,,,1,70,,31865,8621,,,1,29,,31857,8621,,,1,71,,31860,8621,,,1,29,,31861,8621,,,1,71,,31851,8621,,,1,29,,31866,8621,,,1,70,,31862,8621,,,1,30,,31847,8621,,,1,71,,31852,8621,,,1,35,,31848,8621,,,1,100,,31849,8621,,,1,100,,31850,8621,,,1,100,,31853,8621,,,1,100,,31854,8621,,,1,99,,31855,8621,,,1
5401,'F1',631,,47590,8621,,,1,100,,47607,8621,,,1,100,,47602,8621,,,1,103,,47608,8621,,,1,103,,47603,8621,,,1,100,,47588,8621,,,1,102,,47612,8621,,,1,70,,47589,8621,,,1,30,,47611,8621,,,1,70,,47613,8621,,,1,30,,47600,8621,,,1,70,,47609,8621,,,1,29,,47601,8621,,,1,71,,47604,8621,,,1,29,,47605,8621,,,1,71,,47595,8621,,,1,29,,47610,8621,,,1,70,,47606,8621,,,1,30,,47591,8621,,,1,71,,47596,8621,,,1,35,,47592,8621,,,1,100,,47593,8621,,,1,100,,47594,8621,,,1,100,,47597,8621,,,1,100,,47598,8621,,,1,99,,47599,8621,,,1
5401,'F2',632,,47628,8621,,,1,70,,47637,8621,,,1,30,,47632,8621,,,1,70,,47631,8621,,,1,30,,47629,8621,,,1,72,,47619,8621,,,1,32,,47617,8621,,,1,71,,47638,8621,,,1,29,,47630,8621,,,1,70,,47618,8621,,,1,32,,47620,8621,,,1,70,,47627,8621,,,1,31,,47639,8621,,,1,71,,47621,8621,,,1,30,,47633,8621,,,1,70,,47640,8621,,,1,30,,47614,8621,,,1,65,,47634,8621,,,1,34,,47622,8621,,,1,70,,47615,8621,,,1,31,,47635,8621,,,1,70,,47623,8621,,,1,30,,47616,8621,,,1,69,,47636,8621,,,1,30,,47625,8621,,,1,70,,47624,8621,,,1,35,,47626,8621,,,1,100,,47641,8621,,,1,100,,47642,8621,,,1,100,,47643,8621,,,1,100,,47644,8621,,,1,99,,47645,8621,,,1,100,,47646,8621,,,1
5401,'F8',632,,31986,8621,,,1,70,,31995,8621,,,1,30,,31990,8621,,,1,70,,31989,8621,,,1,30,,31987,8621,,,1,72,,31977,8621,,,1,32,,31975,8621,,,1,71,,31996,8621,,,1,29,,31988,8621,,,1,70,,31976,8621,,,1,32,,31978,8621,,,1,70,,31985,8621,,,1,31,,31997,8621,,,1,71,,31979,8621,,,1,30,,31991,8621,,,1,70,,31998,8621,,,1,30,,31972,8621,,,1,65,,31992,8621,,,1,34,,31980,8621,,,1,70,,31973,8621,,,1,31,,31993,8621,,,1,70,,31981,8621,,,1,30,,31974,8621,,,1,69,,31994,8621,,,1,30,,31983,8621,,,1,70,,31982,8621,,,1,35,,31984,8621,,,1,100,,31999,8621,,,1,100,,32000,8621,,,1,100,,32001,8621,,,1,100,,32002,8621,,,1,99,,32003,8621,,,1,100,,32004,8621,,,1
5401,'F9',631,,32007,8621,,,1,100,,32024,8621,,,1,100,,32019,8621,,,1,103,,32025,8621,,,1,103,,32020,8621,,,1,100,,32005,8621,,,1,102,,32029,8621,,,1,70,,32006,8621,,,1,30,,32028,8621,,,1,70,,32030,8621,,,1,30,,32017,8621,,,1,70,,32026,8621,,,1,29,,32018,8621,,,1,71,,32021,8621,,,1,29,,32022,8621,,,1,71,,32012,8621,,,1,29,,32027,8621,,,1,70,,32023,8621,,,1,30,,32008,8621,,,1,71,,32013,8621,,,1,35,,32009,8621,,,1,100,,32010,8621,,,1,100,,32011,8621,,,1,100,,32014,8621,,,1,100,,32015,8621,,,1,99,,32016,8621,,,1
5401,'SA',632,,32045,8621,,,1,70,,32054,8621,,,1,30,,32049,8621,,,1,70,,32048,8621,,,1,30,,32046,8621,,,1,72,,32036,8621,,,1,32,,32034,8621,,,1,71,,10810,8621,,,1,29,,32047,8621,,,1,70,,32035,8621,,,1,32,,32037,8621,,,1,70,,32044,8621,,,1,31,,32055,8621,,,1,71,,32038,8621,,,1,30,,32050,8621,,,1,70,,10812,8621,,,1,30,,32031,8621,,,1,65,,32051,8621,,,1,34,,32039,8621,,,1,70,,32032,8621,,,1,31,,32052,8621,,,1,70,,32040,8621,,,1,30,,32033,8621,,,1,69,,32053,8621,,,1,30,,32042,8621,,,1,70,,32041,8621,,,1,35,,32043,8621,,,1,100,,32056,8621,,,1,100,,32057,8621,,,1,100,,32058,8621,,,1,100,,32059,8621,,,1,99,,32060,8621,,,1,100,,32061,8621,,,1
5401,'SE',617,,47667,8621,,,1,30,,47656,8621,,,1,70,,47657,8621,,,1,36,,47675,8621,,,1,64,,47677,8621,,,1,30,,47661,8621,,,1,74,,47673,8621,,,1,30,,47674,8621,,,1,70,,47653,8621,,,1,30,,47680,8621,,,1,70,,47668,8621,,,1,30,,47660,8621,,,1,70,,47647,8621,,,1,30,,47655,8621,,,1,70,,47651,8621,,,1,31,,47672,8621,,,1,70,,47662,8621,,,1,30,,47654,8621,,,1,73,,47649,8621,,,1,28,,47679,8621,,,1,69,,47650,8621,,,1,32,,47665,8621,,,1,62,,47682,8621,,,1,34,,47659,8621,,,1,61,,47652,8621,,,1,35,,47666,8621,,,1,70,,47658,8621,,,1,33,,47678,8621,,,1,69,,47663,8621,,,1,28,,47676,8621,,,1,69,,47671,8621,,,1,30,,47669,8621,,,1,99,,47648,8621,,,1,100,,47664,8621,,,1,100,,47681,8621,,,1,100,,47670,8621,,,1
44201,'SE',735,,50897,18061,,,2,100,,50898,18061,,,2
