401,'DI',613,,21384,19413,,,1,30,,21391,19413,,,1,70,,21403,19413,,,1,30,,21399,19413,,,1,70,,21385,19413,,,1,30,,21392,19413,,,1,72,,21405,19413,,,1,30,,21407,19413,,,1,70,,21386,19413,,,1,30,,21393,19413,,,1,70,,21406,19413,,,1,30,,21408,19413,,,1,70,,21387,19413,,,1,30,,21413,19413,,,1,70,,21414,19413,,,1,30,,21409,19413,,,1,71,,21388,19413,,,1,29,,21394,19413,,,1,70,,21416,19413,,,1,30,,21397,19413,,,1,72,,21389,19413,,,1,29,,21395,19413,,,1,70,,21417,19413,,,1,34,,21398,19413,,,1,65,,21410,19413,,,1,30,,21415,19413,,,1,70,,21412,19413,,,1,30,,21390,19413,,,1,71,,21411,19413,,,1,29,,21400,19413,,,1,70,,21383,19413,,,1,30,,21396,19413,,,1,100,,21402,19413,,,1,100,,21404,19413,,,1,100,,21401,19413,,,1
401,'F1',613,,43498,19413,,,1,30,,43505,19413,,,1,70,,43517,19413,,,1,30,,43513,19413,,,1,70,,43499,19413,,,1,30,,43506,19413,,,1,72,,43519,19413,,,1,30,,43521,19413,,,1,70,,43500,19413,,,1,30,,43507,19413,,,1,70,,43520,19413,,,1,30,,43522,19413,,,1,70,,43501,19413,,,1,30,,43527,19413,,,1,70,,43528,19413,,,1,30,,43523,19413,,,1,71,,43502,19413,,,1,29,,43508,19413,,,1,70,,43530,19413,,,1,30,,43511,19413,,,1,72,,43503,19413,,,1,29,,43509,19413,,,1,70,,43531,19413,,,1,34,,43512,19413,,,1,65,,43524,19413,,,1,30,,43529,19413,,,1,70,,43526,19413,,,1,30,,43504,19413,,,1,71,,43525,19413,,,1,29,,43514,19413,,,1,70,,43497,19413,,,1,30,,43510,19413,,,1,100,,43516,19413,,,1,100,,43518,19413,,,1,100,,43515,19413,,,1
401,'F2',613,,43533,19413,,,1,30,,43540,19413,,,1,70,,43542,19413,,,1,30,,43537,19413,,,1,70,,43534,19413,,,1,30,,43541,19413,,,1,72,,43543,19413,,,1,30,,43538,19413,,,1,70,,43535,19413,,,1,30,,43561,19413,,,1,70,,43544,19413,,,1,30,,43555,19413,,,1,70,,43565,19413,,,1,32,,43553,19413,,,1,70,,43564,19413,,,1,30,,43548,19413,,,1,70,,43532,19413,,,1,30,,43545,19413,,,1,70,,43556,19413,,,1,30,,43566,19413,,,1,70,,43563,19413,,,1,30,,43552,19413,,,1,70,,43558,19413,,,1,30,,43551,19413,,,1,70,,43539,19413,,,1,28,,43557,19413,,,1,70,,43547,19413,,,1,30,,43536,19413,,,1,70,,43560,19413,,,1,30,,43546,19413,,,1,70,,43559,19413,,,1,30,,43562,19413,,,1,100,,43554,19413,,,1,100,,43550,19413,,,1,100,,43549,19413,,,1
401,'F8',613,,21527,19413,,,1,30,,21534,19413,,,1,70,,21536,19413,,,1,30,,21531,19413,,,1,70,,21528,19413,,,1,30,,21535,19413,,,1,72,,21537,19413,,,1,30,,21532,19413,,,1,70,,21529,19413,,,1,30,,21555,19413,,,1,70,,21538,19413,,,1,30,,21549,19413,,,1,70,,21559,19413,,,1,32,,21547,19413,,,1,70,,21558,19413,,,1,30,,21542,19413,,,1,70,,21526,19413,,,1,30,,21539,19413,,,1,70,,21550,19413,,,1,30,,21560,19413,,,1,70,,21557,19413,,,1,30,,21546,19413,,,1,70,,21552,19413,,,1,30,,21545,19413,,,1,70,,21533,19413,,,1,28,,21551,19413,,,1,70,,21541,19413,,,1,30,,21530,19413,,,1,70,,21554,19413,,,1,30,,21540,19413,,,1,70,,21553,19413,,,1,30,,21556,19413,,,1,100,,21548,19413,,,1,100,,21544,19413,,,1,100,,21543,19413,,,1
401,'F9',613,,21562,19413,,,1,30,,21569,19413,,,1,70,,21581,19413,,,1,30,,21577,19413,,,1,70,,21563,19413,,,1,30,,21570,19413,,,1,72,,21583,19413,,,1,30,,21585,19413,,,1,70,,21564,19413,,,1,30,,21571,19413,,,1,70,,21584,19413,,,1,30,,21586,19413,,,1,70,,21565,19413,,,1,30,,21591,19413,,,1,70,,21592,19413,,,1,30,,21587,19413,,,1,71,,21566,19413,,,1,29,,21572,19413,,,1,70,,21594,19413,,,1,30,,21575,19413,,,1,72,,21567,19413,,,1,29,,21573,19413,,,1,70,,21595,19413,,,1,34,,21576,19413,,,1,65,,21588,19413,,,1,30,,21593,19413,,,1,70,,21590,19413,,,1,30,,21568,19413,,,1,71,,21589,19413,,,1,29,,21578,19413,,,1,70,,21561,19413,,,1,30,,21574,19413,,,1,100,,21580,19413,,,1,100,,21582,19413,,,1,100,,21579,19413,,,1
401,'SA',613,,21596,19413,,,1,30,,1360,19413,,,1,70,,1362,19413,,,1,30,,1358,19413,,,1,70,,21597,19413,,,1,30,,1361,19413,,,1,72,,1363,19413,,,1,30,,1359,19413,,,1,70,,21598,19413,,,1,30,,21616,19413,,,1,70,,1364,19413,,,1,30,,21610,19413,,,1,70,,21620,19413,,,1,32,,21608,19413,,,1,70,,21619,19413,,,1,30,,21603,19413,,,1,70,,1356,19413,,,1,30,,1365,19413,,,1,70,,21611,19413,,,1,30,,21621,19413,,,1,70,,21618,19413,,,1,30,,21607,19413,,,1,70,,21613,19413,,,1,30,,21606,19413,,,1,70,,21600,19413,,,1,28,,21612,19413,,,1,70,,21602,19413,,,1,30,,21599,19413,,,1,70,,21615,19413,,,1,30,,21601,19413,,,1,70,,21614,19413,,,1,30,,21617,19413,,,1,100,,21609,19413,,,1,100,,21605,19413,,,1,100,,21604,19413,,,1
401,'SE',617,,43580,19413,,,1,22,,43587,19413,,,1,18,,43571,19413,,,1,61,,43584,19413,,,1,36,,43600,19413,,,1,74,,43574,19413,,,1,73,,43593,19413,,,1,30,,43575,19413,,,1,70,,43570,19413,,,1,30,,43592,19413,,,1,70,,43568,19413,,,1,30,,43572,19413,,,1,70,,43602,19413,,,1,30,,43594,19413,,,1,73,,43576,19413,,,1,32,,43606,19413,,,1,70,,43585,19413,,,1,30,,43567,19413,,,1,66,,43581,19413,,,1,34,,43586,19413,,,1,15,,43579,19413,,,1,63,,43582,19413,,,1,24,,43605,19413,,,1,19,,43577,19413,,,1,60,,43569,19413,,,1,24,,43595,19413,,,1,13,,43573,19413,,,1,60,,43596,19413,,,1,24,,43603,19413,,,1,15,,43578,19413,,,1,67,,43599,19413,,,1,30,,43591,19413,,,1,67,,43589,19413,,,1,27,,43604,19413,,,1,70,,43590,19413,,,1,30,,43601,19413,,,1,70,,43598,19413,,,1,100,,43597,19413,,,1,96,,43588,19413,,,1,100,,43583,19413,,,1
3201,'DI',545,,28612,9203,,,1,99,,28613,9203,,,1,101,,28614,9203,,,1,99,,28615,9203,,,1,102,,28616,9203,,,1,100,,28619,9203,,,1,102,,28621,9203,,,1,102,,28617,9203,,,1,103,,28623,9203,,,1,98,,28622,9203,,,1,104,,28625,9203,,,1,96,,28624,9203,,,1,98,,28627,9203,,,1,99,,28626,9203,,,1,99,,28620,9203,,,1,100,,28610,9203,,,1,100,,28628,9203,,,1,100,,28630,9203,,,1,100,,28618,9203,,,1,100,,28629,9203,,,1,99,,28611,9203,,,1
3201,'F1',545,,46314,9203,,,1,99,,46315,9203,,,1,101,,46316,9203,,,1,99,,46317,9203,,,1,102,,46318,9203,,,1,100,,46321,9203,,,1,102,,46323,9203,,,1,102,,46319,9203,,,1,103,,46325,9203,,,1,98,,46324,9203,,,1,104,,46327,9203,,,1,96,,46326,9203,,,1,98,,46329,9203,,,1,99,,46328,9203,,,1,99,,46322,9203,,,1,100,,46312,9203,,,1,100,,46330,9203,,,1,100,,46332,9203,,,1,100,,46320,9203,,,1,100,,46331,9203,,,1,99,,46313,9203,,,1
3201,'F2',545,,46334,9203,,,1,99,,46335,9203,,,1,101,,46336,9203,,,1,96,,46337,9203,,,1,103,,46338,9203,,,1,101,,46344,9203,,,1,103,,46339,9203,,,1,100,,46353,9203,,,1,106,,46345,9203,,,1,102,,46340,9203,,,1,97,,46341,9203,,,1,98,,46346,9203,,,1,98,,46347,9203,,,1,99,,46342,9203,,,1,99,,46349,9203,,,1,100,,46348,9203,,,1,100,,46350,9203,,,1,100,,46352,9203,,,1,100,,46351,9203,,,1,100,,46343,9203,,,1,99,,46333,9203,,,1
3201,'F8',545,,28702,9203,,,1,99,,28703,9203,,,1,101,,28704,9203,,,1,96,,28705,9203,,,1,103,,28706,9203,,,1,101,,28712,9203,,,1,103,,28707,9203,,,1,100,,28721,9203,,,1,106,,28713,9203,,,1,102,,28708,9203,,,1,97,,28709,9203,,,1,98,,28714,9203,,,1,98,,28715,9203,,,1,99,,28710,9203,,,1,99,,28717,9203,,,1,100,,28716,9203,,,1,100,,28718,9203,,,1,100,,28720,9203,,,1,100,,28719,9203,,,1,100,,28711,9203,,,1,99,,28701,9203,,,1
3201,'F9',545,,28724,9203,,,1,99,,28725,9203,,,1,101,,28726,9203,,,1,99,,28727,9203,,,1,102,,28728,9203,,,1,100,,28731,9203,,,1,102,,28733,9203,,,1,102,,28729,9203,,,1,103,,28735,9203,,,1,98,,28734,9203,,,1,104,,28737,9203,,,1,96,,28736,9203,,,1,98,,28739,9203,,,1,99,,28738,9203,,,1,99,,28732,9203,,,1,100,,28722,9203,,,1,100,,28740,9203,,,1,100,,28742,9203,,,1,100,,28730,9203,,,1,100,,28741,9203,,,1,99,,28723,9203,,,1
3201,'SA',545,,28744,9203,,,1,99,,28745,9203,,,1,101,,28746,9203,,,1,96,,28747,9203,,,1,103,,28748,9203,,,1,101,,28754,9203,,,1,103,,28749,9203,,,1,100,,28763,9203,,,1,106,,28755,9203,,,1,102,,28750,9203,,,1,97,,28751,9203,,,1,98,,28756,9203,,,1,98,,28757,9203,,,1,99,,28752,9203,,,1,99,,28759,9203,,,1,100,,28758,9203,,,1,100,,28760,9203,,,1,100,,28762,9203,,,1,100,,28761,9203,,,1,100,,28753,9203,,,1,99,,28743,9203,,,1
3201,'SE',522,,46376,13490,,,1,30,,46367,13490,,,1,70,,46375,13490,,,1,31,,46371,13490,,,1,76,,46368,13490,,,1,27,,46369,13490,,,1,64,,46381,13490,,,1,31,,46372,13490,,,1,75,,46380,13490,,,1,92,,46357,9203,,,1,101,,46359,9203,,,1,100,,46354,9203,,,1,100,,46365,9203,,,1,100,,46355,9203,,,1,103,,46358,9203,,,1,105,,46360,9203,,,1,22,,46379,13490,,,1,71,,46374,13490,,,1,30,,46366,13490,,,1,70,,46378,13490,,,1,23,,46373,13490,,,1,70,,46377,13490,,,1,25,,46370,13490,,,1,86,,46363,9203,,,1,100,,46362,9203,,,1,98,,46364,9203,,,1,100,,46356,9203,,,1,98,,46361,9203,,,1
