2901,'DI',657,,56439,229,,,1,100,,56440,229,,,1,100,,56441,229,,,1,100,,56442,229,,,1,100,,56443,229,,,1,100,,56444,229,,,1,100,,56445,229,,,1,100,,56446,229,,,1,100,,56447,229,,,1,100,,56448,229,,,1,100,,56449,229,,,1,100,,56450,229,,,1,100,,56451,229,,,1,100,,56452,229,,,1,100,,56453,229,,,1,100,,56454,229,,,1,100,,56455,229,,,1,160,,56456,229,,,1,100,,56457,229,,,1
2901,'F1',657,,56458,229,,,1,100,,56459,229,,,1,100,,56460,229,,,1,100,,56461,229,,,1,100,,56462,229,,,1,100,,56463,229,,,1,100,,56464,229,,,1,100,,56465,229,,,1,100,,56466,229,,,1,100,,56467,229,,,1,100,,56468,229,,,1,100,,56469,229,,,1,100,,56470,229,,,1,100,,56471,229,,,1,100,,56472,229,,,1,100,,56473,229,,,1,100,,56474,229,,,1,160,,56475,229,,,1,100,,56476,229,,,1
2901,'F2',657,,56485,229,,,1,100,,56486,229,,,1,100,,56487,229,,,1,100,,56488,229,,,1,100,,56489,229,,,1,100,,56490,229,,,1,100,,56491,229,,,1,100,,56492,229,,,1,99,,56493,229,,,1,99,,56494,229,,,1,99,,56495,229,,,1,148,,56477,229,,,1,99,,56478,229,,,1,57,,56479,229,,,1,99,,56480,229,,,1,100,,56481,229,,,1,100,,56482,229,,,1,160,,56483,229,,,1,100,,56484,229,,,1
2901,'SA',657,,56504,229,,,1,100,,56505,229,,,1,100,,56506,229,,,1,100,,56507,229,,,1,100,,56508,229,,,1,100,,56509,229,,,1,100,,56510,229,,,1,100,,56511,229,,,1,99,,56512,229,,,1,99,,56513,229,,,1,99,,56514,229,,,1,148,,56496,229,,,1,99,,56497,229,,,1,57,,56498,229,,,1,99,,56499,229,,,1,100,,56500,229,,,1,100,,56501,229,,,1,160,,56502,229,,,1,100,,56503,229,,,1
2901,'SE',627,,56526,229,,,1,26,,56535,229,,,1,72,,56538,229,,,1,5,,56517,229,,,1,27,,56541,229,,,1,70,,56530,229,,,1,30,,56539,229,,,1,143,,56516,229,,,1,100,,56537,229,,,1,101,,56542,229,,,1,100,,56534,229,,,1,100,,56524,229,,,1,99,,56536,229,,,1,35,,56540,229,,,1,66,,56515,229,,,1,34,,56533,229,,,1,20,,56518,229,,,1,69,,56519,229,,,1,14,,56529,229,,,1,68,,56527,229,,,1,28,,56520,229,,,1,67,,56525,229,,,1,99,,56528,229,,,1,59,,56521,229,,,1,99,,56522,229,,,1,98,,56523,229,,,1,161,,56531,229,,,1,96,,56532,229,,,1
12301,'DI',512,,37798,229,,,1,100,,37808,229,,,1,100,,37799,229,,,1,100,,37809,229,,,1,100,,37800,229,,,1,100,,37810,229,,,1,100,,37801,229,,,1,100,,61842,229,,,1,100,,37802,229,,,1,100,,61843,229,,,1,100,,37803,229,,,1,100,,61844,229,,,1,100,,61838,229,,,1,100,,61845,229,,,1,100,,61839,229,,,1,100,,61846,229,,,1,100,,61840,229,,,1,100,,61847,229,,,1,100,,61841,229,,,1,100,,61848,229,,,1
12301,'F1',512,,49985,229,,,1,100,,49995,229,,,1,100,,49986,229,,,1,100,,49996,229,,,1,100,,49987,229,,,1,100,,49997,229,,,1,100,,49988,229,,,1,100,,61853,229,,,1,100,,49989,229,,,1,100,,61854,229,,,1,100,,49990,229,,,1,100,,61855,229,,,1,100,,61849,229,,,1,100,,61856,229,,,1,100,,61850,229,,,1,100,,61857,229,,,1,100,,61851,229,,,1,100,,61858,229,,,1,100,,61852,229,,,1,100,,61859,229,,,1
12301,'F2',512,,61861,229,,,1,100,,61860,229,,,1,100,,61862,229,,,1,100,,61868,229,,,1,100,,61872,229,,,1,100,,61863,229,,,1,100,,61873,229,,,1,100,,61864,229,,,1,100,,61874,229,,,1,100,,61865,229,,,1,100,,61875,229,,,1,100,,61866,229,,,1,100,,61876,229,,,1,100,,61867,229,,,1,100,,61877,229,,,1,100,,61869,229,,,1,100,,61878,229,,,1,100,,61870,229,,,1,100,,61879,229,,,1,100,,61871,229,,,1
12301,'SA',512,,61881,229,,,1,100,,61880,229,,,1,100,,61882,229,,,1,100,,61888,229,,,1,100,,61892,229,,,1,100,,61883,229,,,1,100,,61893,229,,,1,100,,61884,229,,,1,100,,61894,229,,,1,100,,61885,229,,,1,100,,61895,229,,,1,100,,61886,229,,,1,100,,61896,229,,,1,100,,61887,229,,,1,100,,61897,229,,,1,100,,61889,229,,,1,100,,61898,229,,,1,100,,61890,229,,,1,100,,61899,229,,,1,100,,61891,229,,,1
12301,'SE',457,,61913,229,,,1,70,,61916,229,,,1,20,,50029,229,,,1,60,,61904,229,,,1,15,,61902,229,,,1,25,,61901,229,,,1,70,,61900,229,,,1,30,,61903,229,,,1,70,,61905,229,,,1,30,,61910,229,,,1,70,,61912,229,,,1,96,,61909,229,,,1,100,,61932,229,,,1,100,,61908,229,,,1,100,,61918,229,,,1,100,,61922,229,,,1,11,,61921,229,,,1,23,,50049,229,,,1,60,,50053,229,,,1,15,,61927,229,,,1,19,,61928,229,,,1,6,,61924,229,,,1,55,,61929,229,,,1,10,,61931,229,,,1,6,,61919,229,,,1,24,,61926,229,,,1,70,,50050,229,,,1,31,,61911,229,,,1,71,,61917,229,,,1,26,,61920,229,,,1,74,,61907,229,,,1,28,,61906,229,,,1,70,,61925,229,,,1,98,,61930,229,,,1,100,,61914,229,,,1,100,,61923,229,,,1,120,,61915,229,,,1
