401,'DI',609,,21384,18058,,,1,30,,21391,18058,,,1,70,,21403,18058,,,1,30,,21399,18058,,,1,70,,21385,18058,,,1,30,,21392,18058,,,1,72,,21405,18058,,,1,30,,21407,18058,,,1,70,,21386,18058,,,1,30,,21393,18058,,,1,70,,21406,18058,,,1,30,,21408,18058,,,1,70,,21387,18058,,,1,30,,21413,18058,,,1,70,,21414,18058,,,1,30,,21409,18058,,,1,71,,21388,18058,,,1,29,,21394,18058,,,1,70,,21416,18058,,,1,30,,21397,18058,,,1,72,,21389,18058,,,1,29,,21395,18058,,,1,70,,21417,18058,,,1,34,,21398,18058,,,1,65,,21410,18058,,,1,30,,21415,18058,,,1,70,,21412,18058,,,1,30,,21390,18058,,,1,71,,21411,18058,,,1,29,,21400,18058,,,1,70,,21383,18058,,,1,30,,21396,18058,,,1,100,,21402,18058,,,1,100,,21404,18058,,,1,100,,21401,18058,,,1
401,'F8',609,,21527,18058,,,1,30,,21534,18058,,,1,70,,21536,18058,,,1,30,,21531,18058,,,1,70,,21528,18058,,,1,30,,21535,18058,,,1,72,,21537,18058,,,1,30,,21532,18058,,,1,70,,21529,18058,,,1,30,,21555,18058,,,1,70,,21538,18058,,,1,30,,21549,18058,,,1,70,,21559,18058,,,1,32,,21547,18058,,,1,70,,21558,18058,,,1,30,,21542,18058,,,1,70,,21526,18058,,,1,30,,21539,18058,,,1,70,,21550,18058,,,1,30,,21560,18058,,,1,70,,21557,18058,,,1,30,,21546,18058,,,1,70,,21552,18058,,,1,30,,21545,18058,,,1,70,,21533,18058,,,1,28,,21551,18058,,,1,70,,21541,18058,,,1,30,,21530,18058,,,1,70,,21554,18058,,,1,30,,21540,18058,,,1,70,,21553,18058,,,1,30,,21556,18058,,,1,100,,21548,18058,,,1,100,,21544,18058,,,1,100,,21543,18058,,,1
401,'F9',609,,21562,18058,,,1,30,,21569,18058,,,1,70,,21581,18058,,,1,30,,21577,18058,,,1,70,,21563,18058,,,1,30,,21570,18058,,,1,72,,21583,18058,,,1,30,,21585,18058,,,1,70,,21564,18058,,,1,30,,21571,18058,,,1,70,,21584,18058,,,1,30,,21586,18058,,,1,70,,21565,18058,,,1,30,,21591,18058,,,1,70,,21592,18058,,,1,30,,21587,18058,,,1,71,,21566,18058,,,1,29,,21572,18058,,,1,70,,21594,18058,,,1,30,,21575,18058,,,1,72,,21567,18058,,,1,29,,21573,18058,,,1,70,,21595,18058,,,1,34,,21576,18058,,,1,65,,21588,18058,,,1,30,,21593,18058,,,1,70,,21590,18058,,,1,30,,21568,18058,,,1,71,,21589,18058,,,1,29,,21578,18058,,,1,70,,21561,18058,,,1,30,,21574,18058,,,1,100,,21580,18058,,,1,100,,21582,18058,,,1,100,,21579,18058,,,1
401,'SA',609,,21596,18058,,,1,30,,1360,18058,,,1,70,,1362,18058,,,1,30,,1358,18058,,,1,70,,21597,18058,,,1,30,,1361,18058,,,1,72,,1363,18058,,,1,30,,1359,18058,,,1,70,,21598,18058,,,1,30,,21616,18058,,,1,70,,1364,18058,,,1,30,,21610,18058,,,1,70,,21620,18058,,,1,32,,21608,18058,,,1,70,,21619,18058,,,1,30,,21603,18058,,,1,70,,1356,18058,,,1,30,,1365,18058,,,1,70,,21611,18058,,,1,30,,21621,18058,,,1,70,,21618,18058,,,1,30,,21607,18058,,,1,70,,21613,18058,,,1,30,,21606,18058,,,1,70,,21600,18058,,,1,28,,21612,18058,,,1,70,,21602,18058,,,1,30,,21599,18058,,,1,70,,21615,18058,,,1,30,,21601,18058,,,1,70,,21614,18058,,,1,30,,21617,18058,,,1,100,,21609,18058,,,1,100,,21605,18058,,,1,100,,21604,18058,,,1
401,'SE',615,,21637,18058,,,1,22,,21635,18058,,,1,18,,21647,18058,,,1,61,,21624,18058,,,1,34,,21622,18058,,,1,74,,21625,18058,,,1,33,,21653,18058,,,1,70,,21633,18058,,,1,31,,21640,18058,,,1,70,,1417,18058,,,1,30,,21655,18058,,,1,70,,21649,18058,,,1,30,,21626,18058,,,1,70,,21644,18058,,,1,73,,1416,18058,,,1,32,,21645,18058,,,1,70,,21634,18058,,,1,30,,21643,18058,,,1,26,,21623,18058,,,1,74,,21651,18058,,,1,15,,1420,18058,,,1,63,,21627,18058,,,1,22,,21646,18058,,,1,19,,21629,18058,,,1,60,,21630,18058,,,1,25,,21648,18058,,,1,13,,21654,18058,,,1,60,,21650,18058,,,1,24,,21639,18058,,,1,15,,1421,18058,,,1,67,,21628,18058,,,1,30,,21652,18058,,,1,67,,21636,18058,,,1,28,,21631,18058,,,1,70,,21642,18058,,,1,30,,21656,18058,,,1,70,,21657,18058,,,1,100,,21632,18058,,,1,96,,21638,18058,,,1,100,,21641,18058,,,1
3201,'DI',542,,28612,7848,,,2,99,,28613,7848,,,2,101,,28614,7848,,,2,99,,28615,7848,,,2,102,,28616,7848,,,2,100,,28619,7848,,,2,102,,28621,7848,,,2,102,,28617,7848,,,2,103,,28623,7848,,,2,98,,28622,7848,,,2,104,,28625,7848,,,2,96,,28624,7848,,,2,99,,28627,7848,,,2,99,,28626,7848,,,2,99,,28620,7848,,,2,100,,28610,7848,,,2,100,,28628,7848,,,2,100,,28630,7848,,,2,100,,28618,7848,,,2,100,,28629,7848,,,2,99,,28611,7848,,,2
3201,'F8',542,,28702,7848,,,2,99,,28703,7848,,,2,101,,28704,7848,,,2,96,,28705,7848,,,2,103,,28706,7848,,,2,101,,28712,7848,,,2,103,,28707,7848,,,2,100,,28721,7848,,,2,106,,28713,7848,,,2,102,,28708,7848,,,2,97,,28709,7848,,,2,98,,28714,7848,,,2,99,,28715,7848,,,2,99,,28710,7848,,,2,99,,28717,7848,,,2,100,,28716,7848,,,2,100,,28718,7848,,,2,100,,28720,7848,,,2,100,,28719,7848,,,2,100,,28711,7848,,,2,99,,28701,7848,,,2
3201,'F9',542,,28724,7848,,,2,99,,28725,7848,,,2,101,,28726,7848,,,2,99,,28727,7848,,,2,102,,28728,7848,,,2,100,,28731,7848,,,2,102,,28733,7848,,,2,102,,28729,7848,,,2,103,,28735,7848,,,2,98,,28734,7848,,,2,104,,28737,7848,,,2,96,,28736,7848,,,2,99,,28739,7848,,,2,99,,28738,7848,,,2,99,,28732,7848,,,2,100,,28722,7848,,,2,100,,28740,7848,,,2,100,,28742,7848,,,2,100,,28730,7848,,,2,100,,28741,7848,,,2,99,,28723,7848,,,2
3201,'SA',542,,28744,7848,,,2,99,,28745,7848,,,2,101,,28746,7848,,,2,96,,28747,7848,,,2,103,,28748,7848,,,2,101,,28754,7848,,,2,103,,28749,7848,,,2,100,,28763,7848,,,2,106,,28755,7848,,,2,102,,28750,7848,,,2,97,,28751,7848,,,2,98,,28756,7848,,,2,99,,28757,7848,,,2,99,,28752,7848,,,2,99,,28759,7848,,,2,100,,28758,7848,,,2,100,,28760,7848,,,2,100,,28762,7848,,,2,100,,28761,7848,,,2,100,,28753,7848,,,2,99,,28743,7848,,,2
3201,'SE',519,,28779,12135,,,2,30,,28785,12135,,,2,70,,28783,12135,,,2,30,,28788,12135,,,2,76,,28786,12135,,,2,27,,28780,12135,,,2,64,,28777,12135,,,2,30,,28784,12135,,,2,75,,28775,12135,,,2,94,,28771,7848,,,2,101,,28772,7848,,,2,100,,28774,7848,,,2,100,,28766,7848,,,2,100,,7845,7848,,,2,103,,28767,7848,,,2,105,,28764,7848,,,2,21,,28778,12135,,,2,71,,28782,12135,,,2,30,,28789,12135,,,2,70,,28787,12135,,,2,23,,28781,12135,,,2,71,,28790,12135,,,2,25,,28776,12135,,,2,86,,28773,7848,,,2,100,,28769,7848,,,2,98,,28770,7848,,,2,100,,28765,7848,,,2,98,,28768,7848,,,2
3801,'DI',621,,29083,5384,,,1,100,,29090,5384,,,1,100,,29088,5384,,,1,100,,29084,5384,,,1,100,,29091,5384,,,1,100,,29079,5384,,,1,100,,29096,5384,,,1,100,,29082,5384,,,1,98,,29089,5384,,,1,99,,29092,5384,,,1,103,,29080,5384,,,1,101,,29085,5384,,,1,100,,29086,5384,,,1,99,,29081,5384,,,1,100,,29093,5384,,,1,100,,29087,5384,,,1,100,,29094,5384,,,1,100,,29097,5384,,,1,100,,29095,5384,,,1
3801,'F8',620,,29170,5384,,,1,100,,29179,5384,,,1,99,,29173,5384,,,1,101,,29180,5384,,,1,100,,29174,5384,,,1,100,,29181,5384,,,1,100,,29175,5384,,,1,100,,29182,5384,,,1,100,,29176,5384,,,1,100,,29171,5384,,,1,101,,29177,5384,,,1,100,,29172,5384,,,1,100,,29178,5384,,,1,99,,29168,5384,,,1,100,,29183,5384,,,1,100,,29169,5384,,,1,100,,29184,5384,,,1,100,,29186,5384,,,1,100,,29185,5384,,,1
3801,'F9',621,,29191,5384,,,1,100,,29198,5384,,,1,100,,29196,5384,,,1,100,,29192,5384,,,1,100,,29199,5384,,,1,100,,29187,5384,,,1,100,,29204,5384,,,1,100,,29190,5384,,,1,98,,29197,5384,,,1,99,,29200,5384,,,1,103,,29188,5384,,,1,101,,29193,5384,,,1,100,,29194,5384,,,1,99,,29189,5384,,,1,100,,29201,5384,,,1,100,,29195,5384,,,1,100,,29202,5384,,,1,100,,29205,5384,,,1,100,,29203,5384,,,1
3801,'SA',620,,29208,5384,,,1,100,,29217,5384,,,1,99,,29211,5384,,,1,101,,29218,5384,,,1,100,,29212,5384,,,1,100,,29219,5384,,,1,100,,29213,5384,,,1,100,,29220,5384,,,1,100,,29214,5384,,,1,100,,29209,5384,,,1,101,,29215,5384,,,1,100,,29210,5384,,,1,100,,29216,5384,,,1,99,,29206,5384,,,1,100,,29221,5384,,,1,100,,29207,5384,,,1,100,,29222,5384,,,1,100,,29224,5384,,,1,100,,29223,5384,,,1
3801,'SE',529,,29225,5384,,,1,30,,29237,5384,,,1,71,,29228,5384,,,1,74,,29238,5384,,,1,34,,29231,5384,,,1,64,,29230,5384,,,1,28,,29240,5384,,,1,75,,29239,5384,,,1,29,,29249,5384,,,1,75,,29253,5384,,,1,100,,29255,5384,,,1,100,,29242,5384,,,1,100,,29256,5384,,,1,98,,29243,5384,,,1,98,,29247,5384,,,1,15,,29250,5384,,,1,17,,29234,5384,,,1,22,,29244,5384,,,1,61,,29226,5384,,,1,20,,29229,5384,,,1,61,,29241,5384,,,1,20,,29254,5384,,,1,19,,29252,5384,,,1,62,,29233,5384,,,1,18,,29235,5384,,,1,20,,29248,5384,,,1,80,,29245,5384,,,1,95,,29251,5384,,,1,99,,29246,5384,,,1,99,,29232,5384,,,1,100,,29236,5384,,,1,100,,29227,5384,,,1
53200,'SE',1636,,40656,8069,,,2,1,,40657,8069,,,2
