2501,'DI',1557,,56146,6574,,,2
2501,'F1',1557,,56147,6574,,,2
2501,'F2',1557,,56148,6574,,,2
2501,'SA',1557,,56149,6574,,,2
2501,'SE',635,,56160,4938,,,2,74,,56177,6574,,,2,30,,56175,6574,,,2,66,,56161,4938,,,2,30,,56163,4938,,,2,68,,56165,4938,,,2,505,,56172,4938,,,2,30,,56164,4938,,,2,71,,56170,4938,,,2,31,,56181,6574,,,2,19,,56180,6574,,,2,52,,56178,6574,,,2,9,,56155,4938,,,2,19,,56166,4938,,,2,14,,56152,4938,,,2,58,,56150,4938,,,2,28,,56167,4938,,,2,69,,56154,4938,,,2,29,,56151,4938,,,2,99,,56153,4938,,,2,385,,56174,4938,,,2,86,,56176,6574,,,2,13,,56156,4938,,,2,35,,56169,4938,,,2
12300,'DI',644,,37610,16095,0,42 43,1,100,,37620,16095,0,42 43,1,100,,37611,16095,0,42 43,1,100,,37621,16095,0,42 43,1,100,,37612,16095,0,42 43,1,100,,61748,16095,0,42 43,1,105,,37613,16095,0,42 43,1,95,,61749,16095,0,42 43,1,100,,37614,16095,0,42 43,1,100,,61750,16095,0,42 43,1,100,,61743,16095,0,42 43,1,100,,61751,16095,0,42 43,1,100,,61744,16095,0,42 43,1,100,,61752,16095,0,42 43,1,100,,61745,16095,0,42 43,1,100,,61753,16095,0,42 43,1,100,,61746,16095,0,42 43,1,100,,61754,16095,0,42 43,1,100,,61747,16095,0,42 43,1
12300,'F1',644,,49910,16095,0,42 43,1,100,,49920,16095,0,42 43,1,100,,49911,16095,0,42 43,1,100,,49921,16095,0,42 43,1,100,,49912,16095,0,42 43,1,100,,61760,16095,0,42 43,1,105,,49913,16095,0,42 43,1,95,,61761,16095,0,42 43,1,100,,49914,16095,0,42 43,1,100,,61762,16095,0,42 43,1,100,,61755,16095,0,42 43,1,100,,61763,16095,0,42 43,1,100,,61756,16095,0,42 43,1,100,,61764,16095,0,42 43,1,100,,61757,16095,0,42 43,1,100,,61765,16095,0,42 43,1,100,,61758,16095,0,42 43,1,100,,61766,16095,0,42 43,1,100,,61759,16095,0,42 43,1
12300,'F2',644,,61767,16095,0,42 43,1,100,,61773,16095,0,42 43,1,100,,61777,16095,0,42 43,1,105,,61768,16095,0,42 43,1,99,,61778,16095,0,42 43,1,100,,61769,16095,0,42 43,1,100,,61779,16095,0,42 43,1,96,,61770,16095,0,42 43,1,100,,61780,16095,0,42 43,1,100,,61771,16095,0,42 43,1,104,,61781,16095,0,42 43,1,101,,61772,16095,0,42 43,1,99,,61782,16095,0,42 43,1,96,,61774,16095,0,42 43,1,100,,61783,16095,0,42 43,1,100,,61775,16095,0,42 43,1,100,,61784,16095,0,42 43,1,100,,61776,16095,0,42 43,1,100,,61785,16095,0,42 43,1
12300,'SA',644,,61786,16095,0,42 43,1,100,,61792,16095,0,42 43,1,100,,61796,16095,0,42 43,1,105,,61787,16095,0,42 43,1,99,,61797,16095,0,42 43,1,100,,61788,16095,0,42 43,1,100,,61798,16095,0,42 43,1,96,,61789,16095,0,42 43,1,100,,61799,16095,0,42 43,1,100,,61790,16095,0,42 43,1,104,,61800,16095,0,42 43,1,101,,61791,16095,0,42 43,1,99,,61801,16095,0,42 43,1,96,,61793,16095,0,42 43,1,100,,61802,16095,0,42 43,1,100,,61794,16095,0,42 43,1,100,,61803,16095,0,42 43,1,100,,61795,16095,0,42 43,1,100,,61804,16095,0,42 43,1
12300,'SE',539,,61821,16095,0,42 43,1,73,,61815,16095,0,42 43,1,15,,61808,16095,0,42 43,1,10,,61809,16095,0,42 43,1,10,,61810,16095,0,42 43,1,10,,61829,16095,0,42 43,1,54,,61812,16095,0,42 43,1,8,,61820,16095,0,42 43,1,12,,49968,16095,0,42 43,1,10,,61827,16095,0,42 43,1,61,,61828,16095,0,42 43,1,17,,61813,16095,0,42 43,1,30,,61817,16095,0,42 43,1,65,,49971,16095,0,42 43,1,29,,61811,16095,0,42 43,1,102,,61837,16095,0,42 43,1,100,,61807,16095,0,42 43,1,99,,61824,16095,0,42 43,1,105,,61816,16095,0,42 43,1,5,,61830,16095,0,42 43,1,93,,61822,16095,0,42 43,1,70,,61833,16095,0,42 43,1,32,,61825,16095,0,42 43,1,66,,49980,16095,0,42 43,1,29,,49975,16095,0,42 43,1,71,,61814,16095,0,42 43,1,31,,61823,16095,0,42 43,1,68,,61826,16095,0,42 43,1,35,,61806,16095,0,42 43,1,68,,61805,16095,0,42 43,1,30,,61834,16095,0,42 43,1,68,,61835,16095,0,42 43,1,30,,61836,16095,0,42 43,1,100,,61818,16095,0,42 43,1,100,,61831,16095,0,42 43,1,96,,61819,16095,0,42 43,1,100,,61832,16095,0,42 43,1
