6101,'DI',716,,58524,8961,,,2,30,,58521,8961,,,2,72,,58527,8961,,,2,17,,58525,8961,,,2,70,,58522,8961,,,2,30,,58528,8961,,,2,70,,58526,8961,,,2,30,,58523,8961,,,2,70,,58529,8961,,,2,30,,58530,8961,,,2,70,,58534,8961,,,2,30,,58538,8961,,,2,70,,58531,8961,,,2,30,,58535,8961,,,2,70,,58539,8961,,,2,30,,58532,8961,,,2,70,,58536,8961,,,2,30,,58540,8961,,,2,70,,58533,8961,,,2,34,,58537,8961,,,2,61,,58541,8961,,,2,35,,58543,8961,,,2,20,,58546,8961,,,2,80,,58542,8961,,,2,65,,58544,8961,,,2,30,,58547,8961,,,2,85,,58545,8961,,,2,100,,58548,8961,,,2,100,,58549,8961,,,2,100,,58550,8961,,,2
6101,'F1',716,,58556,8961,,,2,30,,58553,8961,,,2,72,,58559,8961,,,2,17,,58557,8961,,,2,70,,58554,8961,,,2,30,,58560,8961,,,2,70,,58558,8961,,,2,30,,58555,8961,,,2,70,,58561,8961,,,2,30,,58562,8961,,,2,70,,58566,8961,,,2,30,,58570,8961,,,2,70,,58563,8961,,,2,30,,58567,8961,,,2,70,,58571,8961,,,2,30,,58564,8961,,,2,70,,58568,8961,,,2,30,,58572,8961,,,2,70,,58565,8961,,,2,34,,58569,8961,,,2,61,,58573,8961,,,2,35,,58575,8961,,,2,20,,58578,8961,,,2,80,,58574,8961,,,2,65,,58576,8961,,,2,30,,58579,8961,,,2,85,,58577,8961,,,2,100,,58580,8961,,,2,100,,58581,8961,,,2,100,,58582,8961,,,2
6101,'F2',716,,58588,8961,,,2,30,,58585,8961,,,2,72,,58591,8961,,,2,17,,58589,8961,,,2,70,,58586,8961,,,2,30,,58592,8961,,,2,70,,58590,8961,,,2,30,,58587,8961,,,2,70,,58593,8961,,,2,30,,58594,8961,,,2,70,,58598,8961,,,2,30,,58600,8961,,,2,70,,58595,8961,,,2,30,,58599,8961,,,2,70,,58601,8961,,,2,30,,58596,8961,,,2,70,,58602,8961,,,2,30,,58606,8961,,,2,70,,58597,8961,,,2,34,,58603,8961,,,2,61,,58607,8961,,,2,35,,58609,8961,,,2,20,,58604,8961,,,2,80,,58608,8961,,,2,65,,58610,8961,,,2,30,,58605,8961,,,2,85,,58611,8961,,,2,100,,58613,8961,,,2,100,,58612,8961,,,2,100,,58615,8961,,,2
6101,'SA',716,,58620,8961,,,2,30,,58617,8961,,,2,72,,58623,8961,,,2,17,,58621,8961,,,2,70,,58618,8961,,,2,30,,58624,8961,,,2,70,,58622,8961,,,2,30,,58619,8961,,,2,70,,58625,8961,,,2,30,,58626,8961,,,2,70,,58630,8961,,,2,30,,58632,8961,,,2,70,,58627,8961,,,2,30,,58631,8961,,,2,70,,58633,8961,,,2,30,,58628,8961,,,2,70,,58634,8961,,,2,30,,58638,8961,,,2,70,,58629,8961,,,2,34,,58635,8961,,,2,61,,58639,8961,,,2,35,,58641,8961,,,2,20,,58636,8961,,,2,80,,58640,8961,,,2,65,,58642,8961,,,2,30,,58637,8961,,,2,85,,58643,8961,,,2,100,,58645,8961,,,2,100,,58644,8961,,,2,100,,58647,8961,,,2
6101,'SE',555,,58698,8961,,,2,70,,58700,8961,,,2,10,,58653,8961,,,2,15,,58656,8961,,,2,9,,58650,8961,,,2,54,,58659,8961,,,2,14,,58649,8961,,,2,7,,58663,8961,,,2,18,,58657,8961,,,2,49,,58662,8961,,,2,19,,58654,8961,,,2,24,,58651,8961,,,2,62,,58660,8961,,,2,15,,58664,8961,,,2,36,,58655,8961,,,2,70,,58652,8961,,,2,30,,58661,8961,,,2,72,,58699,8961,,,2,30,,58658,8961,,,2,70,,58665,8961,,,2,71,,58669,8961,,,2,30,,58666,8961,,,2,70,,58667,8961,,,2,33,,58671,8961,,,2,21,,58673,8961,,,2,67,,58676,8961,,,2,23,,58668,8961,,,2,60,,58670,8961,,,2,24,,58678,8961,,,2,4,,58680,8961,,,2,25,,58674,8961,,,2,47,,58675,8961,,,2,14,,58681,8961,,,2,13,,58682,8961,,,2,14,,58672,8961,,,2,55,,58685,8961,,,2,6,,58688,8961,,,2,15,,58679,8961,,,2,14,,58677,8961,,,2,24,,58690,8961,,,2,64,,58683,8961,,,2,28,,58693,8961,,,2,68,,58696,8961,,,2,30,,58686,8961,,,2,69,,58689,8961,,,2,29,,58697,8961,,,2,70,,58684,8961,,,2,29,,58694,8961,,,2,70,,58691,8961,,,2
8000,'DI',630,,60163,11648,0,50,1,100,,60164,11648,0,50,1,100,,60165,11648,0,50,1,100,,60166,11648,0,50,1,100,,60167,11648,0,50,1,100,,60168,11648,0,50,1,100,,60169,11648,0,50,1,100,,60170,11648,0,50,1,100,,60171,11648,0,50,1,100,,60172,11648,0,50,1,100,,60173,11648,0,50,1,101,,60174,11648,0,50,1,100,,60175,11648,0,50,1,100,,60176,11648,0,50,1,100,,60177,11648,0,50,1,100,,60178,11648,0,50,1,100,,60179,11648,0,50,1,100,,60180,11648,0,50,1,100,,60181,11648,0,50,1
8000,'F1',630,,60182,11648,0,50,1,100,,60183,11648,0,50,1,100,,60184,11648,0,50,1,100,,60185,11648,0,50,1,100,,60186,11648,0,50,1,100,,60187,11648,0,50,1,100,,60188,11648,0,50,1,100,,60189,11648,0,50,1,100,,60190,11648,0,50,1,100,,60191,11648,0,50,1,100,,60192,11648,0,50,1,101,,60193,11648,0,50,1,100,,60194,11648,0,50,1,100,,60195,11648,0,50,1,100,,60196,11648,0,50,1,100,,60197,11648,0,50,1,100,,60198,11648,0,50,1,100,,60199,11648,0,50,1,100,,60200,11648,0,50,1
8000,'F2',631,,60201,11648,0,50,1,100,,60202,11648,0,50,1,100,,60203,11648,0,50,1,100,,60204,11648,0,50,1,100,,60205,11648,0,50,1,100,,60206,11648,0,50,1,100,,60207,11648,0,50,1,100,,60208,11648,0,50,1,100,,60209,11648,0,50,1,100,,60210,11648,0,50,1,100,,60211,11648,0,50,1,100,,60212,11648,0,50,1,100,,60213,11648,0,50,1,100,,60214,11648,0,50,1,100,,60215,11648,0,50,1,100,,60216,11648,0,50,1,100,,60217,11648,0,50,1,100,,60218,11648,0,50,1,100,,60219,11648,0,50,1
8000,'SA',631,,60220,11648,0,50,1,100,,60221,11648,0,50,1,100,,60222,11648,0,50,1,100,,60223,11648,0,50,1,100,,60224,11648,0,50,1,100,,60225,11648,0,50,1,100,,60226,11648,0,50,1,100,,60227,11648,0,50,1,100,,60228,11648,0,50,1,100,,60229,11648,0,50,1,100,,60230,11648,0,50,1,100,,60231,11648,0,50,1,100,,60232,11648,0,50,1,100,,60233,11648,0,50,1,100,,60234,11648,0,50,1,100,,60235,11648,0,50,1,100,,60236,11648,0,50,1,100,,60237,11648,0,50,1,100,,60238,11648,0,50,1
8000,'SE',552,,60239,11648,0,50,1,80,,60259,11648,0,50,1,69,,60242,11648,0,50,1,29,,60251,11648,0,50,1,70,,60244,11648,0,50,1,33,,60241,11648,0,50,1,97,,60252,11648,0,50,1,101,,60253,11648,0,50,1,100,,60254,11648,0,50,1,100,,60255,11648,0,50,1,100,,60256,11648,0,50,1,100,,60257,11648,0,50,1,100,,60258,11648,0,50,1,25,,60260,11648,0,50,1,75,,60240,11648,0,50,1,70,,60261,11648,0,50,1,24,,60247,11648,0,50,1,86,,60262,11648,0,50,1,100,,60245,11648,0,50,1,100,,60246,11648,0,50,1,99,,60248,11648,0,50,1,100,,60250,11648,0,50,1,100,,60249,11648,0,50,1,100,,60243,11648,0,50,1
8500,'SE',1626,,60895,12557,,,2,24,,60893,12557,,,2,64,,60896,12557,,,2,28,,60894,12557,,,2
16101,'DI',550,,62407,427,0,35 36,2,1172,,62408,427,0,35 36,2
16101,'F1',550,,62419,427,0,35 36,2,1172,,62420,427,0,35 36,2
16101,'F2',550,,62433,427,0,35 36,2,1172,,62432,427,0,35 36,2
16101,'SA',550,,62446,427,0,35 36,2,1172,,62445,427,0,35 36,2
16101,'SE',626,,62463,427,0,35 36,2,33,,62462,427,0,35 36,2,72,,62464,427,0,35 36,2,502,,62460,427,0,35 36,2,372,,62461,427,0,35 36,2,36,,62465,427,0,35 36,2,78,,62466,427,0,35 36,2
18000,'SE',1606,,62499,11648,0,50,2,31,,62505,11648,0,50,2,18,,62504,11648,0,50,2,64,,62502,11648,0,50,2,32,,62500,11648,0,50,2,70,,62501,11648,0,50,2,20,,62503,11648,0,50,2
28401,'SE',919,,62537,9347,,,2,100,,62538,9347,,,2,100,,62539,9347,,,2,100,,62540,9347,,,2,100,,62541,9347,,,2,100,,62542,9347,,,2,100,,62543,9347,,,2
