100,'DI',658,,20128,3973,0,14,1,100,,20129,3973,0,14,1,100,,20130,3973,0,14,1,100,,20131,3973,0,14,1,100,,20132,3973,0,14,1,100,,20133,3973,0,14,1,100,,20134,3973,0,14,1,101,,20135,3973,0,14,1,100,,20136,3973,0,14,1,98,,20138,3973,0,14,1,100,,20139,3973,0,14,1,100,,20140,3973,0,14,1,100,,20141,3973,0,14,1,100,,20142,3973,0,14,1,100,,20143,3973,0,14,1,100,,20144,3973,0,14,1,100,,20145,3973,0,14,1,100,,20148,3973,0,14,1,100,,20146,3973,0,14,1,100,,20147,3973,0,14,1
100,'F8',628,,20280,3973,0,14,1,30,,20269,3973,0,14,1,70,,20281,3973,0,14,1,30,,20270,3973,0,14,1,70,,20282,3973,0,14,1,30,,20271,3973,0,14,1,70,,20284,3973,0,14,1,30,,20272,3973,0,14,1,70,,20285,3973,0,14,1,30,,20273,3973,0,14,1,70,,20286,3973,0,14,1,30,,20274,3973,0,14,1,70,,20287,3973,0,14,1,30,,20275,3973,0,14,1,71,,20291,3973,0,14,1,30,,20276,3973,0,14,1,70,,20292,3973,0,14,1,30,,20277,3973,0,14,1,68,,20288,3973,0,14,1,30,,20258,3973,0,14,1,70,,20289,3973,0,14,1,30,,20259,3973,0,14,1,70,,20290,3973,0,14,1,30,,20260,3973,0,14,1,70,,20279,3973,0,14,1,30,,20261,3973,0,14,1,100,,20262,3973,0,14,1,100,,20263,3973,0,14,1,100,,20264,3973,0,14,1,100,,20265,3973,0,14,1,100,,20266,3973,0,14,1,100,,20267,3973,0,14,1,100,,20268,3973,0,14,1
100,'F9',658,,20293,3973,0,14,1,100,,20294,3973,0,14,1,100,,20295,3973,0,14,1,100,,20296,3973,0,14,1,100,,20297,3973,0,14,1,100,,20298,3973,0,14,1,100,,20299,3973,0,14,1,101,,20300,3973,0,14,1,100,,20301,3973,0,14,1,98,,20303,3973,0,14,1,100,,20304,3973,0,14,1,100,,20305,3973,0,14,1,100,,20306,3973,0,14,1,100,,20307,3973,0,14,1,100,,20308,3973,0,14,1,100,,20309,3973,0,14,1,100,,20310,3973,0,14,1,100,,20313,3973,0,14,1,100,,20311,3973,0,14,1,100,,20312,3973,0,14,1
100,'SA',628,,20325,3973,0,14,1,30,,20314,3973,0,14,1,70,,20326,3973,0,14,1,30,,20315,3973,0,14,1,70,,20327,3973,0,14,1,30,,20316,3973,0,14,1,70,,20329,3973,0,14,1,30,,20317,3973,0,14,1,70,,20330,3973,0,14,1,30,,20318,3973,0,14,1,70,,20331,3973,0,14,1,30,,20319,3973,0,14,1,70,,20332,3973,0,14,1,30,,20320,3973,0,14,1,71,,20336,3973,0,14,1,30,,20321,3973,0,14,1,70,,20337,3973,0,14,1,30,,20322,3973,0,14,1,68,,20333,3973,0,14,1,30,,164,3973,0,14,1,70,,20334,3973,0,14,1,30,,165,3973,0,14,1,70,,20335,3973,0,14,1,30,,166,3973,0,14,1,70,,20324,3973,0,14,1,30,,167,3973,0,14,1,100,,168,3973,0,14,1,100,,169,3973,0,14,1,100,,170,3973,0,14,1,100,,171,3973,0,14,1,100,,172,3973,0,14,1,100,,173,3973,0,14,1,100,,174,3973,0,14,1
100,'SE',550,,20360,3973,0,14,1,76,,20371,3973,0,14,1,29,,20376,3973,0,14,1,75,,20366,3973,0,14,1,29,,20374,3973,0,14,1,75,,20369,3973,0,14,1,80,,20365,3973,0,14,1,30,,20384,3973,0,14,1,70,,20338,3973,0,14,1,30,,20382,3973,0,14,1,70,,20353,3973,0,14,1,30,,20385,3973,0,14,1,71,,20351,3973,0,14,1,30,,20373,3973,0,14,1,70,,20361,3973,0,14,1,30,,20378,3973,0,14,1,70,,20358,3973,0,14,1,30,,20367,3973,0,14,1,71,,20386,3973,0,14,1,18,,20388,3973,0,14,1,21,,20370,3973,0,14,1,55,,20347,3973,0,14,1,19,,20362,3973,0,14,1,12,,20339,3973,0,14,1,62,,20380,3973,0,14,1,12,,20368,3973,0,14,1,12,,20355,3973,0,14,1,15,,20377,3973,0,14,1,12,,20340,3973,0,14,1,55,,20372,3973,0,14,1,15,,20348,3973,0,14,1,20,,20383,3973,0,14,1,69,,20387,3973,0,14,1,30,,20356,3973,0,14,1,70,,20381,3973,0,14,1,30,,20341,3973,0,14,1,70,,20379,3973,0,14,1,30,,20342,3973,0,14,1,100,,20343,3973,0,14,1,99,,20344,3973,0,14,1,100,,20345,3973,0,14,1,99,,20346,3973,0,14,1
600,'DI',634,,22284,3643,,,1,70,,22276,3643,,,1,30,,22272,3643,,,1,71,,22283,3643,,,1,30,,22269,3643,,,1,70,,22261,3643,,,1,31,,22273,3643,,,1,70,,22280,3643,,,1,30,,22257,3643,,,1,69,,1973,3643,,,1,31,,22265,3643,,,1,69,,22258,3643,,,1,30,,22262,3643,,,1,74,,22268,3643,,,1,29,,22259,3643,,,1,70,,22270,3643,,,1,27,,22266,3643,,,1,73,,22263,3643,,,1,30,,22274,3643,,,1,69,,22285,3643,,,1,31,,22277,3643,,,1,67,,22275,3643,,,1,30,,22286,3643,,,1,70,,22278,3643,,,1,29,,22260,3643,,,1,71,,22267,3643,,,1,104,,22281,3643,,,1,100,,22271,3643,,,1,100,,22264,3643,,,1,100,,22256,3643,,,1,100,,22279,3643,,,1,100,,22282,3643,,,1
600,'F8',634,,22417,3643,,,1,71,,22406,3643,,,1,29,,22402,3643,,,1,70,,22399,3643,,,1,34,,22403,3643,,,1,66,,22407,3643,,,1,35,,22416,3643,,,1,63,,22404,3643,,,1,32,,22413,3643,,,1,69,,22400,3643,,,1,30,,22393,3643,,,1,77,,22401,3643,,,1,30,,22394,3643,,,1,67,,22386,3643,,,1,31,,22408,3643,,,1,67,,22395,3643,,,1,30,,22387,3643,,,1,70,,22409,3643,,,1,30,,22396,3643,,,1,70,,22388,3643,,,1,30,,22410,3643,,,1,70,,22397,3643,,,1,30,,22389,3643,,,1,70,,22411,3643,,,1,30,,22398,3643,,,1,70,,22414,3643,,,1,105,,22405,3643,,,1,100,,22390,3643,,,1,100,,22392,3643,,,1,100,,22415,3643,,,1,100,,22412,3643,,,1,100,,22391,3643,,,1
600,'F9',634,,22447,3643,,,1,70,,22439,3643,,,1,30,,22435,3643,,,1,71,,22446,3643,,,1,30,,22432,3643,,,1,70,,22423,3643,,,1,31,,22436,3643,,,1,70,,22443,3643,,,1,30,,22419,3643,,,1,69,,22424,3643,,,1,31,,22428,3643,,,1,69,,22420,3643,,,1,30,,22425,3643,,,1,74,,22431,3643,,,1,29,,22421,3643,,,1,70,,22433,3643,,,1,27,,22429,3643,,,1,73,,22426,3643,,,1,30,,22437,3643,,,1,69,,22448,3643,,,1,31,,22440,3643,,,1,67,,22438,3643,,,1,30,,22449,3643,,,1,70,,22441,3643,,,1,29,,22422,3643,,,1,71,,22430,3643,,,1,104,,22444,3643,,,1,100,,22434,3643,,,1,100,,22427,3643,,,1,100,,22418,3643,,,1,100,,22442,3643,,,1,100,,22445,3643,,,1
600,'SA',634,,22481,3643,,,1,71,,22470,3643,,,1,29,,22466,3643,,,1,70,,22463,3643,,,1,34,,22467,3643,,,1,66,,22471,3643,,,1,35,,22480,3643,,,1,63,,22468,3643,,,1,32,,22477,3643,,,1,69,,22464,3643,,,1,30,,22457,3643,,,1,77,,22465,3643,,,1,30,,22458,3643,,,1,67,,22450,3643,,,1,31,,22472,3643,,,1,67,,22459,3643,,,1,30,,22451,3643,,,1,70,,22473,3643,,,1,30,,22460,3643,,,1,70,,22452,3643,,,1,30,,22474,3643,,,1,70,,22461,3643,,,1,30,,22453,3643,,,1,70,,22475,3643,,,1,30,,22462,3643,,,1,70,,22478,3643,,,1,105,,22469,3643,,,1,100,,22454,3643,,,1,100,,22456,3643,,,1,100,,22479,3643,,,1,100,,22476,3643,,,1,100,,22455,3643,,,1
600,'SE',546,,22500,3643,,,1,70,,22483,3643,,,1,30,,22501,3643,,,1,70,,22507,3643,,,1,32,,22503,3643,,,1,67,,22514,3643,,,1,33,,22502,3643,,,1,69,,22486,3643,,,1,30,,22497,3643,,,1,70,,22496,3643,,,1,30,,22515,3643,,,1,70,,22505,3643,,,1,30,,22506,3643,,,1,70,,22512,3643,,,1,30,,22510,3643,,,1,70,,22494,3643,,,1,30,,22498,3643,,,1,71,,22493,3643,,,1,28,,22488,3643,,,1,72,,22504,3643,,,1,30,,22511,3643,,,1,69,,22509,3643,,,1,38,,22491,3643,,,1,65,,22495,3643,,,1,29,,22492,3643,,,1,69,,22482,3643,,,1,29,,22489,3643,,,1,70,,22508,3643,,,1,29,,22517,3643,,,1,70,,22485,3643,,,1,30,,22513,3643,,,1,70,,22490,3643,,,1,100,,22484,3643,,,1,100,,22516,3643,,,1,100,,22487,3643,,,1,100,,22499,3643,,,1
5500,'SE',1617,,32122,9096,0,16,2,18,,32120,9096,0,16,2,15,,32124,9096,0,16,2,56,,32118,9096,0,16,2,14,,32116,9096,0,16,2,15,,32123,9096,0,16,2,15,,32121,9096,0,16,2,55,,32125,9096,0,16,2,20,,32119,9096,0,16,2,20,,32117,9096,0,16,2
50100,'SE',1501,,40621,3973,,,2,144,,40620,3973,,,2
60600,'SE',1653,,40754,3240,,,2
65001,'SE',826,,40813,1734,,,2
