6101,'DI',723,,32655,11819,,,2,30,,32652,11819,,,2,72,,32658,11819,,,2,17,,32656,11819,,,2,70,,32653,11819,,,2,30,,32659,11819,,,2,70,,32657,11819,,,2,30,,32654,11819,,,2,70,,32660,11819,,,2,30,,32661,11819,,,2,70,,32665,11819,,,2,30,,32669,11819,,,2,70,,32662,11819,,,2,30,,32666,11819,,,2,70,,32670,11819,,,2,30,,32663,11819,,,2,70,,32667,11819,,,2,30,,32671,11819,,,2,70,,32664,11819,,,2,34,,32668,11819,,,2,61,,32672,11819,,,2,35,,32674,11819,,,2,60,,32677,11819,,,2,40,,32673,11819,,,2,65,,32675,11819,,,2,30,,32678,11819,,,2,85,,32676,11819,,,2,100,,32679,11819,,,2,100,,32680,11819,,,2,100,,32681,11819,,,2
6101,'F8',723,,32803,11819,,,2,30,,32800,11819,,,2,72,,32806,11819,,,2,17,,32804,11819,,,2,70,,32801,11819,,,2,30,,32807,11819,,,2,70,,32805,11819,,,2,30,,32802,11819,,,2,70,,32808,11819,,,2,30,,32809,11819,,,2,70,,32813,11819,,,2,30,,32815,11819,,,2,70,,32810,11819,,,2,30,,32814,11819,,,2,70,,32816,11819,,,2,30,,32811,11819,,,2,70,,32817,11819,,,2,30,,32821,11819,,,2,70,,32812,11819,,,2,34,,32818,11819,,,2,61,,32822,11819,,,2,35,,32824,11819,,,2,60,,32819,11819,,,2,40,,32823,11819,,,2,65,,32825,11819,,,2,30,,32820,11819,,,2,85,,32826,11819,,,2,100,,32828,11819,,,2,100,,32827,11819,,,2,100,,32830,11819,,,2
6101,'F9',723,,32835,11819,,,2,30,,32832,11819,,,2,72,,32838,11819,,,2,17,,32836,11819,,,2,70,,32833,11819,,,2,30,,32839,11819,,,2,70,,32837,11819,,,2,30,,32834,11819,,,2,70,,32840,11819,,,2,30,,32841,11819,,,2,70,,32845,11819,,,2,30,,32849,11819,,,2,70,,32842,11819,,,2,30,,32846,11819,,,2,70,,32850,11819,,,2,30,,32843,11819,,,2,70,,32847,11819,,,2,30,,32851,11819,,,2,70,,32844,11819,,,2,34,,32848,11819,,,2,61,,32852,11819,,,2,35,,32854,11819,,,2,60,,32857,11819,,,2,40,,32853,11819,,,2,65,,32855,11819,,,2,30,,32858,11819,,,2,85,,32856,11819,,,2,100,,32859,11819,,,2,100,,32860,11819,,,2,100,,32861,11819,,,2
6101,'SA',723,,32867,11819,,,2,30,,32864,11819,,,2,72,,32870,11819,,,2,17,,32868,11819,,,2,70,,32865,11819,,,2,30,,32871,11819,,,2,70,,32869,11819,,,2,30,,32866,11819,,,2,70,,32872,11819,,,2,30,,32873,11819,,,2,70,,32877,11819,,,2,30,,32879,11819,,,2,70,,32874,11819,,,2,30,,32878,11819,,,2,70,,32880,11819,,,2,30,,32875,11819,,,2,70,,32881,11819,,,2,30,,32885,11819,,,2,70,,32876,11819,,,2,34,,32882,11819,,,2,61,,32886,11819,,,2,35,,32888,11819,,,2,60,,32883,11819,,,2,40,,32887,11819,,,2,65,,32889,11819,,,2,30,,32884,11819,,,2,85,,32890,11819,,,2,100,,32892,11819,,,2,100,,32891,11819,,,2,100,,32894,11819,,,2
6101,'SE',603,,32945,11819,,,2,30,,32947,11819,,,2,10,,32900,11819,,,2,16,,32903,11819,,,2,49,,32897,11819,,,2,14,,32906,11819,,,2,15,,32896,11819,,,2,7,,32910,11819,,,2,56,,32904,11819,,,2,9,,32909,11819,,,2,19,,32901,11819,,,2,24,,32898,11819,,,2,62,,32907,11819,,,2,15,,32911,11819,,,2,76,,32902,11819,,,2,30,,32899,11819,,,2,70,,32908,11819,,,2,32,,32946,11819,,,2,70,,32905,11819,,,2,30,,32912,11819,,,2,72,,32916,11819,,,2,30,,32913,11819,,,2,70,,32914,11819,,,2,33,,32918,11819,,,2,61,,32920,11819,,,2,27,,32923,11819,,,2,23,,32915,11819,,,2,60,,32917,11819,,,2,24,,32925,11819,,,2,4,,32927,11819,,,2,65,,32921,11819,,,2,7,,32922,11819,,,2,14,,32928,11819,,,2,13,,32929,11819,,,2,14,,32919,11819,,,2,54,,32932,11819,,,2,6,,32935,11819,,,2,14,,32926,11819,,,2,14,,32924,11819,,,2,64,,32937,11819,,,2,24,,32930,11819,,,2,28,,32940,11819,,,2,68,,32943,11819,,,2,30,,32933,11819,,,2,69,,32936,11819,,,2,29,,32944,11819,,,2,70,,32931,11819,,,2,29,,32941,11819,,,2,70,,32938,11819,,,2
8401,'SE',643,,36584,11934,,,2,15,,36592,11934,,,2,65,,36595,11934,,,2,21,,36583,11934,,,2,64,,36594,11934,,,2,16,,36597,11934,,,2,20,,36598,11934,,,2,59,,36593,11934,,,2,26,,36596,11934,,,2,87,,36579,11934,,,2,101,,36580,11934,,,2,100,,36609,11934,,,2,100,,36585,11934,,,2,100,,36589,11934,,,2,96,,36599,11934,,,2,5,,36590,11934,,,2,38,,36611,11934,,,2,59,,36581,11934,,,2,20,,36591,11934,,,2,21,,36602,11934,,,2,61,,36610,11934,,,2,19,,36601,11934,,,2,20,,36600,11934,,,2,58,,36587,11934,,,2,21,,36588,11934,,,2,19,,36586,11934,,,2,60,,36582,11934,,,2,100,,36603,11934,,,2,99,,36604,11934,,,2,100,,36605,11934,,,2,100,,36606,11934,,,2,100,,36607,11934,,,2,100,,36608,11934,,,2
16101,'DI',557,,38767,3285,0,35 36,2,1172,,38766,3285,0,35 36,2
16101,'F8',557,,38824,3285,0,35 36,2,1172,,38825,3285,0,35 36,2
16101,'F9',557,,38838,3285,0,35 36,2,1172,,38837,3285,0,35 36,2
16101,'SA',557,,38849,3285,0,35 36,2,1172,,38850,3285,0,35 36,2
16101,'SE',634,,38867,3285,0,35 36,2,73,,38865,3285,0,35 36,2,32,,38868,3285,0,35 36,2,502,,38864,3285,0,35 36,2,372,,38870,3285,0,35 36,2,36,,38866,3285,0,35 36,2,78,,38869,3285,0,35 36,2
68300,'SE',1659,,40895,20131,,,2
