600,'DI',644,,22284,7290,,,1,70,,22276,7290,,,1,30,,22272,7290,,,1,71,,22283,7290,,,1,30,,22269,7290,,,1,70,,22261,7290,,,1,31,,22273,7290,,,1,70,,22280,7290,,,1,30,,22257,7290,,,1,69,,1973,7290,,,1,31,,22265,7290,,,1,70,,22258,7290,,,1,30,,22262,7290,,,1,74,,22268,7290,,,1,29,,22259,7290,,,1,70,,22270,7290,,,1,27,,22266,7290,,,1,73,,22263,7290,,,1,30,,22274,7290,,,1,69,,22285,7290,,,1,31,,22277,7290,,,1,67,,22275,7290,,,1,30,,22286,7290,,,1,70,,22278,7290,,,1,27,,22260,7290,,,1,71,,22267,7290,,,1,104,,22281,7290,,,1,100,,22271,7290,,,1,99,,22264,7290,,,1,100,,22256,7290,,,1,100,,22279,7290,,,1,100,,22282,7290,,,1
600,'F8',644,,22417,7290,,,1,71,,22406,7290,,,1,29,,22402,7290,,,1,70,,22399,7290,,,1,34,,22403,7290,,,1,66,,22407,7290,,,1,35,,22416,7290,,,1,63,,22404,7290,,,1,32,,22413,7290,,,1,69,,22400,7290,,,1,30,,22393,7290,,,1,78,,22401,7290,,,1,30,,22394,7290,,,1,67,,22386,7290,,,1,31,,22408,7290,,,1,67,,22395,7290,,,1,30,,22387,7290,,,1,70,,22409,7290,,,1,30,,22396,7290,,,1,70,,22388,7290,,,1,30,,22410,7290,,,1,70,,22397,7290,,,1,30,,22389,7290,,,1,70,,22411,7290,,,1,30,,22398,7290,,,1,70,,22414,7290,,,1,105,,22405,7290,,,1,100,,22390,7290,,,1,99,,22392,7290,,,1,100,,22415,7290,,,1,100,,22412,7290,,,1,100,,22391,7290,,,1
600,'F9',644,,22447,7290,,,1,70,,22439,7290,,,1,30,,22435,7290,,,1,71,,22446,7290,,,1,30,,22432,7290,,,1,70,,22423,7290,,,1,31,,22436,7290,,,1,70,,22443,7290,,,1,30,,22419,7290,,,1,69,,22424,7290,,,1,31,,22428,7290,,,1,70,,22420,7290,,,1,30,,22425,7290,,,1,74,,22431,7290,,,1,29,,22421,7290,,,1,70,,22433,7290,,,1,27,,22429,7290,,,1,73,,22426,7290,,,1,30,,22437,7290,,,1,69,,22448,7290,,,1,31,,22440,7290,,,1,67,,22438,7290,,,1,30,,22449,7290,,,1,70,,22441,7290,,,1,27,,22422,7290,,,1,71,,22430,7290,,,1,104,,22444,7290,,,1,100,,22434,7290,,,1,99,,22427,7290,,,1,100,,22418,7290,,,1,100,,22442,7290,,,1,100,,22445,7290,,,1
600,'SA',644,,22481,7290,,,1,71,,22470,7290,,,1,29,,22466,7290,,,1,70,,22463,7290,,,1,34,,22467,7290,,,1,66,,22471,7290,,,1,35,,22480,7290,,,1,63,,22468,7290,,,1,32,,22477,7290,,,1,69,,22464,7290,,,1,30,,22457,7290,,,1,78,,22465,7290,,,1,30,,22458,7290,,,1,67,,22450,7290,,,1,31,,22472,7290,,,1,67,,22459,7290,,,1,30,,22451,7290,,,1,70,,22473,7290,,,1,30,,22460,7290,,,1,70,,22452,7290,,,1,30,,22474,7290,,,1,70,,22461,7290,,,1,30,,22453,7290,,,1,70,,22475,7290,,,1,30,,22462,7290,,,1,70,,22478,7290,,,1,105,,22469,7290,,,1,100,,22454,7290,,,1,99,,22456,7290,,,1,100,,22479,7290,,,1,100,,22476,7290,,,1,100,,22455,7290,,,1
600,'SE',555,,22500,7290,,,1,70,,22483,7290,,,1,30,,22501,7290,,,1,73,,22507,7290,,,1,72,,22503,7290,,,1,27,,22514,7290,,,1,73,,22502,7290,,,1,28,,22486,7290,,,1,30,,22497,7290,,,1,70,,22496,7290,,,1,30,,22515,7290,,,1,70,,22505,7290,,,1,72,,22506,7290,,,1,30,,22512,7290,,,1,70,,22510,7290,,,1,30,,22494,7290,,,1,70,,22498,7290,,,1,31,,22493,7290,,,1,69,,22488,7290,,,1,32,,22504,7290,,,1,70,,22511,7290,,,1,29,,22509,7290,,,1,78,,22491,7290,,,1,25,,22495,7290,,,1,69,,22492,7290,,,1,28,,22482,7290,,,1,28,,22489,7290,,,1,70,,22508,7290,,,1,28,,22517,7290,,,1,70,,22485,7290,,,1,29,,22513,7290,,,1,70,,22490,7290,,,1,100,,22484,7290,,,1,100,,22516,7290,,,1,100,,22487,7290,,,1,100,,22499,7290,,,1
1500,'DI',744,,24371,9386,,,1,101,,24368,9386,,,1,100,,24365,9386,,,1,100,,24378,9386,,,1,100,,24383,9386,,,1,100,,24376,9386,,,1,100,,24372,9386,,,1,100,,24366,9386,,,1,100,,24380,9386,,,1,100,,24367,9386,,,1,100,,24375,9386,,,1,100,,24373,9386,,,1,98,,24377,9386,,,1,100,,24381,9386,,,1,100,,24379,9386,,,1,100,,24374,9386,,,1,100,,24369,9386,,,1,100,,24382,9386,,,1,100,,24370,9386,,,1
1500,'F8',745,,24474,9386,,,1,100,,24467,9386,,,1,100,,24461,9386,,,1,100,,24475,9386,,,1,107,,24469,9386,,,1,95,,24459,9386,,,1,100,,24471,9386,,,1,100,,24465,9386,,,1,100,,24470,9386,,,1,100,,24466,9386,,,1,100,,24462,9386,,,1,100,,24468,9386,,,1,100,,24472,9386,,,1,99,,24473,9386,,,1,100,,24460,9386,,,1,100,,24476,9386,,,1,100,,24463,9386,,,1,100,,24477,9386,,,1,100,,24464,9386,,,1
1500,'F9',744,,24484,9386,,,1,101,,24481,9386,,,1,100,,24478,9386,,,1,100,,24491,9386,,,1,100,,24496,9386,,,1,100,,24489,9386,,,1,100,,24485,9386,,,1,100,,24479,9386,,,1,100,,24493,9386,,,1,100,,24480,9386,,,1,100,,24488,9386,,,1,100,,24486,9386,,,1,98,,24490,9386,,,1,100,,24494,9386,,,1,100,,24492,9386,,,1,100,,24487,9386,,,1,100,,24482,9386,,,1,100,,24495,9386,,,1,100,,24483,9386,,,1
1500,'SA',745,,24512,9386,,,1,100,,24505,9386,,,1,100,,24499,9386,,,1,100,,24513,9386,,,1,107,,24507,9386,,,1,95,,24497,9386,,,1,100,,24509,9386,,,1,100,,24503,9386,,,1,100,,24508,9386,,,1,100,,24504,9386,,,1,100,,24500,9386,,,1,100,,24506,9386,,,1,100,,24510,9386,,,1,99,,24511,9386,,,1,100,,24498,9386,,,1,100,,24514,9386,,,1,100,,24501,9386,,,1,100,,24515,9386,,,1,100,,24502,9386,,,1
1500,'SE',607,,24552,9386,,,1,30,,24546,9386,,,1,71,,24517,9386,,,1,28,,24538,9386,,,1,74,,24544,9386,,,1,26,,24524,9386,,,1,74,,24540,9386,,,1,30,,24523,9386,,,1,68,,24545,9386,,,1,30,,24542,9386,,,1,70,,24518,9386,,,1,30,,24521,9386,,,1,70,,24543,9386,,,1,30,,24526,9386,,,1,70,,24522,9386,,,1,30,,24519,9386,,,1,70,,24548,9386,,,1,30,,24532,9386,,,1,72,,24547,9386,,,1,30,,24525,9386,,,1,66,,24527,9386,,,1,34,,24520,9386,,,1,82,,24536,9386,,,1,18,,24551,9386,,,1,70,,24533,9386,,,1,30,,24534,9386,,,1,70,,24549,9386,,,1,27,,24537,9386,,,1,70,,24530,9386,,,1,30,,24541,9386,,,1,70,,24550,9386,,,1,30,,24535,9386,,,1,70,,24516,9386,,,1,30,,24529,9386,,,1,100,,24531,9386,,,1,98,,24539,9386,,,1,100,,24528,9386,,,1
3701,'SE',645,,28903,5828,,,2,70,,28901,5828,,,2,30,,28900,5828,,,2,70,,28904,5828,,,2,30,,28902,5828,,,2,780,,28905,1088,,,2,76,,28906,1088,,,2
60600,'SE',1707,,40754,6887,,,2
65001,'SE',849,,40813,9681,,,2
