3201,'DI',536,,28612,4893,,,2,99,,28613,4893,,,2,101,,28614,4893,,,2,99,,28615,4893,,,2,102,,28616,4893,,,2,100,,28619,4893,,,2,101,,28621,4893,,,2,101,,28617,4893,,,2,103,,28623,4893,,,2,98,,28622,4893,,,2,104,,28625,4893,,,2,96,,28624,4893,,,2,100,,28627,4893,,,2,100,,28626,4893,,,2,99,,28620,4893,,,2,100,,28610,4893,,,2,100,,28628,4893,,,2,100,,28630,4893,,,2,100,,28618,4893,,,2,100,,28629,4893,,,2,99,,28611,4893,,,2
3201,'F8',536,,28702,4893,,,2,99,,28703,4893,,,2,101,,28704,4893,,,2,96,,28705,4893,,,2,103,,28706,4893,,,2,101,,28712,4893,,,2,102,,28707,4893,,,2,99,,28721,4893,,,2,106,,28713,4893,,,2,102,,28708,4893,,,2,97,,28709,4893,,,2,98,,28714,4893,,,2,100,,28715,4893,,,2,100,,28710,4893,,,2,99,,28717,4893,,,2,100,,28716,4893,,,2,100,,28718,4893,,,2,100,,28720,4893,,,2,100,,28719,4893,,,2,100,,28711,4893,,,2,99,,28701,4893,,,2
3201,'F9',536,,28724,4893,,,2,99,,28725,4893,,,2,101,,28726,4893,,,2,99,,28727,4893,,,2,102,,28728,4893,,,2,100,,28731,4893,,,2,101,,28733,4893,,,2,101,,28729,4893,,,2,103,,28735,4893,,,2,98,,28734,4893,,,2,104,,28737,4893,,,2,96,,28736,4893,,,2,100,,28739,4893,,,2,100,,28738,4893,,,2,99,,28732,4893,,,2,100,,28722,4893,,,2,100,,28740,4893,,,2,100,,28742,4893,,,2,100,,28730,4893,,,2,100,,28741,4893,,,2,99,,28723,4893,,,2
3201,'SA',536,,28744,4893,,,2,99,,28745,4893,,,2,101,,28746,4893,,,2,96,,28747,4893,,,2,103,,28748,4893,,,2,101,,28754,4893,,,2,102,,28749,4893,,,2,99,,28763,4893,,,2,106,,28755,4893,,,2,102,,28750,4893,,,2,97,,28751,4893,,,2,98,,28756,4893,,,2,100,,28757,4893,,,2,100,,28752,4893,,,2,99,,28759,4893,,,2,100,,28758,4893,,,2,100,,28760,4893,,,2,100,,28762,4893,,,2,100,,28761,4893,,,2,100,,28753,4893,,,2,99,,28743,4893,,,2
3201,'SE',511,,28779,9180,,,2,30,,28785,9180,,,2,70,,28783,9180,,,2,29,,28788,9180,,,2,76,,28786,9180,,,2,27,,28780,9180,,,2,64,,28777,9180,,,2,30,,28784,9180,,,2,75,,28775,9180,,,2,95,,28771,4893,,,2,101,,28772,4893,,,2,100,,28774,4893,,,2,100,,28766,4893,,,2,100,,7845,4893,,,2,103,,28767,4893,,,2,105,,28764,4893,,,2,21,,28778,9180,,,2,70,,28782,9180,,,2,30,,28789,9180,,,2,70,,28787,9180,,,2,23,,28781,9180,,,2,73,,28790,9180,,,2,25,,28776,9180,,,2,86,,28773,4893,,,2,100,,28769,4893,,,2,98,,28770,4893,,,2,100,,28765,4893,,,2,98,,28768,4893,,,2
13201,'DI',717,,38200,7643,,,2,100,,38198,7643,,,2,100,,38199,7643,,,2,100,,38204,7643,,,2,100,,38201,7643,,,2,100,,38202,7643,,,2,100,,38205,7643,,,2,100,,38208,7643,,,2,100,,38206,7643,,,2,105,,38210,7643,,,2,95,,38209,7643,,,2,100,,38207,7643,,,2,101,,38211,7643,,,2,98,,38212,7643,,,2,100,,38203,7643,,,2,100,,38197,7643,,,2,100,,38213,7643,,,2,100,,38214,7643,,,2
13201,'F8',717,,38280,7643,,,2,100,,38296,7643,,,2,100,,38284,7643,,,2,100,,38279,7643,,,2,103,,38281,7643,,,2,97,,38285,7643,,,2,104,,38282,7643,,,2,96,,38295,7643,,,2,104,,38286,7643,,,2,96,,38288,7643,,,2,100,,38283,7643,,,2,100,,38287,7643,,,2,101,,38289,7643,,,2,98,,38291,7643,,,2,100,,38290,7643,,,2,100,,38293,7643,,,2,100,,38292,7643,,,2,100,,38294,7643,,,2
13201,'F9',717,,38300,7643,,,2,100,,38298,7643,,,2,100,,38299,7643,,,2,100,,38304,7643,,,2,100,,38301,7643,,,2,100,,38302,7643,,,2,100,,38305,7643,,,2,100,,38308,7643,,,2,100,,38306,7643,,,2,105,,38310,7643,,,2,95,,38309,7643,,,2,100,,38307,7643,,,2,101,,38311,7643,,,2,98,,38312,7643,,,2,100,,38303,7643,,,2,100,,38297,7643,,,2,100,,38313,7643,,,2,100,,38314,7643,,,2
13201,'SA',717,,38316,7643,,,2,100,,38332,7643,,,2,100,,38320,7643,,,2,100,,38315,7643,,,2,103,,38317,7643,,,2,97,,38321,7643,,,2,104,,38318,7643,,,2,96,,38331,7643,,,2,104,,38322,7643,,,2,96,,38324,7643,,,2,100,,38319,7643,,,2,100,,38323,7643,,,2,101,,38325,7643,,,2,98,,38327,7643,,,2,100,,38326,7643,,,2,100,,38329,7643,,,2,100,,38328,7643,,,2,100,,38330,7643,,,2
13201,'SE',551,,38339,7643,,,2,70,,38336,7643,,,2,32,,38345,7643,,,2,60,,38338,7643,,,2,24,,38343,7643,,,2,10,,38349,7643,,,2,10,,38347,7643,,,2,62,,38346,7643,,,2,18,,38340,7643,,,2,16,,38344,7643,,,2,60,,38348,7643,,,2,20,,38358,7643,,,2,19,,16560,7643,,,2,97,,38359,7643,,,2,99,,16564,7643,,,2,96,,38357,7643,,,2,100,,38350,7643,,,2,110,,38351,7643,,,2,51,,38354,7643,,,2,3,,38333,7643,,,2,43,,38341,7643,,,2,65,,38352,7643,,,2,19,,38355,7643,,,2,19,,38337,7643,,,2,63,,38342,7643,,,2,19,,38335,7643,,,2,18,,38353,7643,,,2,59,,38334,7643,,,2,40,,38356,7643,,,2
52101,'SE',906,,40641,278,,,2
54000,'SE',1633,,40687,5234,,,2
