7701,'DI',809,,60045,6280,,,1,100,,60047,6280,,,1,100,,60046,6280,,,1,100,,60048,6280,,,1,100,,60049,6280,,,1,100,,60051,6280,,,1,100,,60050,6280,,,1,102,,60052,6280,,,1,100,,60043,6280,,,1,100,,60053,6280,,,1,100,,60044,6280,,,1,99,,60054,6280,,,1,98,,60055,6280,,,1,100,,60057,6280,,,1,100,,60056,6280,,,1
7701,'F1',809,,60060,6280,,,1,100,,60062,6280,,,1,100,,60061,6280,,,1,100,,60063,6280,,,1,100,,60064,6280,,,1,100,,60066,6280,,,1,100,,60065,6280,,,1,102,,60067,6280,,,1,100,,60058,6280,,,1,100,,60068,6280,,,1,100,,60059,6280,,,1,99,,60069,6280,,,1,98,,60070,6280,,,1,100,,60072,6280,,,1,100,,60071,6280,,,1
7701,'F2',809,,60073,6280,,,1,100,,60075,6280,,,1,100,,60074,6280,,,1,100,,60076,6280,,,1,100,,60078,6280,,,1,100,,60077,6280,,,1,100,,60079,6280,,,1,102,,60080,6280,,,1,100,,60081,6280,,,1,100,,60083,6280,,,1,100,,60082,6280,,,1,99,,60084,6280,,,1,98,,60085,6280,,,1,100,,60087,6280,,,1,100,,60086,6280,,,1
7701,'SA',809,,60088,6280,,,1,100,,60090,6280,,,1,100,,60089,6280,,,1,100,,60091,6280,,,1,100,,60093,6280,,,1,100,,60092,6280,,,1,100,,60094,6280,,,1,102,,60095,6280,,,1,100,,60096,6280,,,1,100,,60098,6280,,,1,100,,60097,6280,,,1,99,,60099,6280,,,1,98,,60100,6280,,,1,100,,60102,6280,,,1,100,,60101,6280,,,1
7701,'SE',632,,60103,6280,,,1,11,,60106,6280,,,1,7,,60124,6280,,,1,7,,60107,6280,,,1,49,,60108,6280,,,1,6,,60111,6280,,,1,6,,60112,6280,,,1,18,,60113,6280,,,1,71,,60126,6280,,,1,31,,60104,6280,,,1,67,,60125,6280,,,1,4,,60109,6280,,,1,31,,60114,6280,,,1,71,,60127,6280,,,1,30,,60105,6280,,,1,70,,60110,6280,,,1,30,,60115,6280,,,1,72,,60128,6280,,,1,28,,60129,6280,,,1,71,,60130,6280,,,1,33,,60116,6280,,,1,70,,60131,6280,,,1,30,,60118,6280,,,1,68,,60122,6280,,,1,33,,60117,6280,,,1,70,,60134,6280,,,1,31,,60119,6280,,,1,65,,60123,6280,,,1,30,,60137,6280,,,1,75,,60120,6280,,,1,30,,60135,6280,,,1,69,,60132,6280,,,1,29,,60138,6280,,,1,70,,60121,6280,,,1,32,,60136,6280,,,1,69,,60133,6280,,,1,26,,60139,6280,,,1
90101,'DI',610,,63792,14182,,,1,30,,63797,14182,,,1,70,,63791,14182,,,1,30,,63807,14182,,,1,73,,63804,14182,,,1,32,,63798,14182,,,1,72,,63786,14182,,,1,31,,63793,14182,,,1,70,,63789,14182,,,1,29,,63808,14182,,,1,71,,63805,14182,,,1,30,,63803,14182,,,1,71,,63794,14182,,,1,33,,63811,14182,,,1,68,,63800,14182,,,1,30,,63809,14182,,,1,69,,63781,14182,,,1,25,,63795,14182,,,1,75,,63787,14182,,,1,30,,63779,14182,,,1,71,,63810,14182,,,1,30,,63783,14182,,,1,70,,63799,14182,,,1,28,,63790,14182,,,1,70,,63780,14182,,,1,28,,63806,14182,,,1,75,,63788,14182,,,1,104,,63785,14182,,,1,97,,63801,14182,,,1,100,,63782,14182,,,1,100,,63784,14182,,,1,100,,63796,14182,,,1,100,,63802,14182,,,1
90101,'F1',610,,63825,14182,,,1,30,,63830,14182,,,1,70,,63824,14182,,,1,30,,63840,14182,,,1,73,,63837,14182,,,1,32,,63831,14182,,,1,72,,63819,14182,,,1,31,,63826,14182,,,1,70,,63822,14182,,,1,29,,63841,14182,,,1,71,,63838,14182,,,1,30,,63836,14182,,,1,71,,63827,14182,,,1,33,,63844,14182,,,1,68,,63833,14182,,,1,30,,63842,14182,,,1,69,,63814,14182,,,1,25,,63828,14182,,,1,75,,63820,14182,,,1,30,,63812,14182,,,1,71,,63843,14182,,,1,30,,63816,14182,,,1,70,,63832,14182,,,1,28,,63823,14182,,,1,70,,63813,14182,,,1,28,,63839,14182,,,1,75,,63821,14182,,,1,104,,63818,14182,,,1,97,,63834,14182,,,1,100,,63815,14182,,,1,100,,63817,14182,,,1,100,,63829,14182,,,1,100,,63835,14182,,,1
90101,'F2',610,,63860,14182,,,1,30,,63869,14182,,,1,70,,63864,14182,,,1,30,,63866,14182,,,1,73,,63872,14182,,,1,32,,63863,14182,,,1,72,,63861,14182,,,1,31,,63868,14182,,,1,70,,63874,14182,,,1,29,,63849,14182,,,1,71,,63862,14182,,,1,30,,63873,14182,,,1,71,,63865,14182,,,1,33,,63875,14182,,,1,68,,63854,14182,,,1,30,,63851,14182,,,1,69,,63845,14182,,,1,25,,63858,14182,,,1,75,,63876,14182,,,1,30,,63855,14182,,,1,71,,63852,14182,,,1,30,,63846,14182,,,1,70,,63847,14182,,,1,28,,63870,14182,,,1,70,,63856,14182,,,1,28,,63850,14182,,,1,75,,63859,14182,,,1,104,,63877,14182,,,1,97,,63853,14182,,,1,100,,63867,14182,,,1,100,,63857,14182,,,1,100,,63848,14182,,,1,100,,63871,14182,,,1
90101,'SA',610,,63893,14182,,,1,30,,63902,14182,,,1,70,,63897,14182,,,1,30,,63899,14182,,,1,73,,63905,14182,,,1,32,,63896,14182,,,1,72,,63894,14182,,,1,31,,63901,14182,,,1,70,,63907,14182,,,1,29,,63882,14182,,,1,71,,63895,14182,,,1,30,,63906,14182,,,1,71,,63898,14182,,,1,33,,63908,14182,,,1,68,,63887,14182,,,1,30,,63884,14182,,,1,69,,63878,14182,,,1,25,,63891,14182,,,1,75,,63909,14182,,,1,30,,63888,14182,,,1,71,,63885,14182,,,1,30,,63879,14182,,,1,70,,63880,14182,,,1,28,,63903,14182,,,1,70,,63889,14182,,,1,28,,63883,14182,,,1,75,,63892,14182,,,1,104,,63910,14182,,,1,97,,63886,14182,,,1,100,,63900,14182,,,1,100,,63890,14182,,,1,100,,63881,14182,,,1,100,,63904,14182,,,1
90101,'SE',551,,63942,14182,,,1,70,,63945,14182,,,1,16,,63949,14182,,,1,15,,63917,14182,,,1,55,,63939,14182,,,1,15,,63919,14182,,,1,15,,63924,14182,,,1,10,,63948,14182,,,1,55,,63922,14182,,,1,10,,63927,14182,,,1,10,,63943,14182,,,1,12,,63914,14182,,,1,8,,63918,14182,,,1,5,,63944,14182,,,1,10,,63946,14182,,,1,50,,63920,14182,,,1,12,,63954,14182,,,1,15,,63941,14182,,,1,11,,63923,14182,,,1,60,,63925,14182,,,1,20,,63950,14182,,,1,20,,63928,14182,,,1,60,,63915,14182,,,1,20,,63947,14182,,,1,20,,63955,14182,,,1,60,,63911,14182,,,1,20,,63913,14182,,,1,20,,63926,14182,,,1,60,,63921,14182,,,1,20,,63929,14182,,,1,20,,63916,14182,,,1,60,,63958,14182,,,1,20,,63956,14182,,,1,20,,63930,14182,,,1,60,,63940,14182,,,1,23,,63953,14182,,,1,20,,63957,14182,,,1,60,,63931,14182,,,1,20,,63951,14182,,,1,30,,63959,14182,,,1,69,,63961,14182,,,1,73,,63963,14182,,,1,28,,63933,14182,,,1,72,,63952,14182,,,1,30,,63960,14182,,,1,23,,63935,14182,,,1,70,,63912,14182,,,1,30,,63962,14182,,,1,71,,63964,14182,,,1,30,,63932,14182,,,1,70,,63936,14182,,,1,30,,63937,14182,,,1,100,,63965,14182,,,1,100,,63934,14182,,,1,100,,63938,14182,,,1
