6100,'DI',724,,58301,14619,,,2,89,,58305,14619,,,2,30,,58302,14619,,,2,70,,58308,14619,,,2,30,,58306,14619,,,2,70,,58303,14619,,,2,30,,58309,14619,,,2,70,,58311,14619,,,2,30,,58316,14619,,,2,70,,58321,14619,,,2,30,,58312,14619,,,2,70,,58317,14619,,,2,30,,58322,14619,,,2,70,,58313,14619,,,2,30,,58318,14619,,,2,70,,58324,14619,,,2,30,,58314,14619,,,2,74,,58319,14619,,,2,21,,58325,14619,,,2,75,,58328,14619,,,2,20,,58332,14619,,,2,80,,58326,14619,,,2,25,,58329,14619,,,2,70,,58333,14619,,,2,45,,58330,14619,,,2,100,,58334,14619,,,2,100,,58336,14619,,,2,100,,58338,14619,,,2,100,,58340,14619,,,2,100,,58341,14619,,,2
6100,'F1',724,,58342,14619,,,2,89,,58346,14619,,,2,30,,58343,14619,,,2,70,,58349,14619,,,2,30,,58347,14619,,,2,70,,58344,14619,,,2,30,,58350,14619,,,2,70,,58352,14619,,,2,30,,58357,14619,,,2,70,,58362,14619,,,2,30,,58353,14619,,,2,70,,58358,14619,,,2,30,,58363,14619,,,2,70,,58354,14619,,,2,30,,58359,14619,,,2,70,,58365,14619,,,2,30,,58355,14619,,,2,74,,58360,14619,,,2,21,,58366,14619,,,2,75,,58369,14619,,,2,20,,58373,14619,,,2,80,,58367,14619,,,2,25,,58370,14619,,,2,70,,58374,14619,,,2,45,,58371,14619,,,2,100,,58375,14619,,,2,100,,58377,14619,,,2,100,,58379,14619,,,2,100,,58381,14619,,,2,100,,58382,14619,,,2
6100,'F2',724,,58383,14619,,,2,89,,58387,14619,,,2,30,,58384,14619,,,2,70,,58390,14619,,,2,30,,58388,14619,,,2,70,,58385,14619,,,2,30,,58391,14619,,,2,70,,58393,14619,,,2,30,,58398,14619,,,2,70,,58401,14619,,,2,30,,58394,14619,,,2,70,,58399,14619,,,2,30,,58402,14619,,,2,70,,58395,14619,,,2,30,,58404,14619,,,2,70,,58409,14619,,,2,30,,58396,14619,,,2,74,,58405,14619,,,2,21,,58410,14619,,,2,75,,58413,14619,,,2,20,,58406,14619,,,2,80,,58411,14619,,,2,25,,58414,14619,,,2,70,,58407,14619,,,2,45,,58416,14619,,,2,100,,58419,14619,,,2,100,,58417,14619,,,2,100,,58421,14619,,,2,100,,58420,14619,,,2,100,,58422,14619,,,2
6100,'SA',724,,58423,14619,,,2,89,,58427,14619,,,2,30,,58424,14619,,,2,70,,58430,14619,,,2,30,,58428,14619,,,2,70,,58425,14619,,,2,30,,58431,14619,,,2,70,,58433,14619,,,2,30,,58438,14619,,,2,70,,58441,14619,,,2,30,,58434,14619,,,2,70,,58439,14619,,,2,30,,58442,14619,,,2,70,,58435,14619,,,2,30,,58444,14619,,,2,70,,58449,14619,,,2,30,,58436,14619,,,2,74,,58445,14619,,,2,21,,58450,14619,,,2,75,,58453,14619,,,2,20,,58446,14619,,,2,80,,58451,14619,,,2,25,,58454,14619,,,2,70,,58447,14619,,,2,45,,58456,14619,,,2,100,,58459,14619,,,2,100,,58457,14619,,,2,100,,58461,14619,,,2,100,,58460,14619,,,2,100,,58462,14619,,,2
6100,'SE',634,,58465,14619,,,2,68,,58463,14619,,,2,26,,58472,14619,,,2,9,,58477,14619,,,2,19,,58469,14619,,,2,66,,58466,14619,,,2,22,,58474,14619,,,2,15,,58479,14619,,,2,76,,58470,14619,,,2,70,,58467,14619,,,2,30,,58475,14619,,,2,71,,58519,14619,,,2,30,,58473,14619,,,2,70,,58480,14619,,,2,30,,58484,14619,,,2,70,,58481,14619,,,2,30,,58482,14619,,,2,73,,58486,14619,,,2,21,,58489,14619,,,2,27,,58494,14619,,,2,63,,58483,14619,,,2,20,,58485,14619,,,2,64,,58497,14619,,,2,4,,58500,14619,,,2,25,,58490,14619,,,2,7,,58492,14619,,,2,14,,58501,14619,,,2,53,,58502,14619,,,2,14,,58487,14619,,,2,15,,58506,14619,,,2,6,,58509,14619,,,2,17,,58498,14619,,,2,54,,58495,14619,,,2,24,,58511,14619,,,2,64,,58503,14619,,,2,28,,58514,14619,,,2,29,,58517,14619,,,2,70,,58507,14619,,,2,29,,58510,14619,,,2,70,,58518,14619,,,2,30,,58504,14619,,,2,68,,58515,14619,,,2,30,,58512,14619,,,2,69,,58508,14619,,,2,30,,58516,14619,,,2,70,,58513,14619,,,2
8001,'DI',655,,60263,4856,,,1,100,,60264,4856,,,1,100,,60265,4856,,,1,100,,60266,4856,,,1,100,,60267,4856,,,1,100,,60268,4856,,,1,100,,60269,4856,,,1,100,,60270,4856,,,1,100,,60271,4856,,,1,100,,60272,4856,,,1,100,,60273,4856,,,1,102,,60274,4856,,,1,98,,60275,4856,,,1,100,,60276,4856,,,1,100,,60277,4856,,,1,100,,60278,4856,,,1,100,,60279,4856,,,1,100,,60280,4856,,,1
8001,'F1',655,,60282,4856,,,1,100,,60283,4856,,,1,100,,60284,4856,,,1,100,,60285,4856,,,1,100,,60286,4856,,,1,100,,60287,4856,,,1,100,,60288,4856,,,1,100,,60289,4856,,,1,100,,60290,4856,,,1,100,,60291,4856,,,1,100,,60292,4856,,,1,102,,60293,4856,,,1,98,,60294,4856,,,1,100,,60295,4856,,,1,100,,60296,4856,,,1,100,,60297,4856,,,1,100,,60298,4856,,,1,100,,60299,4856,,,1
8001,'F2',655,,60301,4856,,,1,100,,60302,4856,,,1,100,,60303,4856,,,1,100,,60304,4856,,,1,100,,60305,4856,,,1,102,,60306,4856,,,1,100,,60307,4856,,,1,100,,60308,4856,,,1,100,,60309,4856,,,1,100,,60310,4856,,,1,100,,60311,4856,,,1,100,,60312,4856,,,1,97,,60313,4856,,,1,100,,60314,4856,,,1,100,,60315,4856,,,1,100,,60316,4856,,,1,100,,60317,4856,,,1,100,,60318,4856,,,1
8001,'SA',655,,60320,4856,,,1,100,,60321,4856,,,1,100,,60322,4856,,,1,100,,60323,4856,,,1,100,,60324,4856,,,1,102,,60325,4856,,,1,100,,60326,4856,,,1,100,,60327,4856,,,1,100,,60328,4856,,,1,100,,60329,4856,,,1,100,,60330,4856,,,1,100,,60331,4856,,,1,97,,60332,4856,,,1,100,,60333,4856,,,1,100,,60334,4856,,,1,100,,60335,4856,,,1,100,,60336,4856,,,1,100,,60337,4856,,,1
8001,'SE',552,,60363,4856,,,1,70,,60339,4856,,,1,37,,60359,4856,,,1,71,,60342,4856,,,1,70,,60351,4856,,,1,30,,60344,4856,,,1,70,,60341,4856,,,1,57,,60352,4856,,,1,100,,60353,4856,,,1,100,,60354,4856,,,1,100,,60355,4856,,,1,100,,60356,4856,,,1,100,,60357,4856,,,1,102,,60358,4856,,,1,65,,60360,4856,,,1,35,,60340,4856,,,1,70,,60361,4856,,,1,24,,60347,4856,,,1,88,,60362,4856,,,1,92,,60345,4856,,,1,100,,60346,4856,,,1,99,,60348,4856,,,1,100,,60350,4856,,,1,100,,60349,4856,,,1
16100,'DI',635,,38650,17765,,,2,1172,,62339,17765,,,2
16100,'F1',635,,50332,17765,,,2,1172,,62350,17765,,,2
16100,'F2',635,,62363,17765,,,2,1102,,62362,17765,,,2
16100,'SA',635,,62376,17765,,,2,1102,,62375,17765,,,2
16100,'SE',713,,62391,17654,,,2,26,,62390,17654,,,2,65,,62389,17654,,,2,421,,62392,17765,,,2,392,,62393,17765,,,2,41,,62394,17765,,,2,80,,62396,17765,,,2,100,,62395,17765,,,2
18001,'SE',641,,62510,5676,,,2,64,,62509,5676,,,2,13,,62512,5676,,,2,18,,62507,5676,,,2,12,,62513,5676,,,2,58,,62511,5676,,,2,18,,62508,5676,,,2,814,,62506,5676,,,2,71,,62516,5676,,,2,30,,62515,5676,,,2,64,,62514,5676,,,2
