500,'DI',632,,21659,0,,,1,70,,21665,0,,,1,30,,21660,0,,,1,70,,21666,0,,,1,30,,21686,0,,,1,70,,21667,0,,,1,30,,21671,0,,,1,70,,21668,0,,,1,30,,21683,0,,,1,70,,21672,0,,,1,30,,21661,0,,,1,70,,21673,0,,,1,30,,21662,0,,,1,68,,21687,0,,,1,32,,21684,0,,,1,70,,21688,0,,,1,30,,21674,0,,,1,69,,21663,0,,,1,31,,21678,0,,,1,70,,21685,0,,,1,30,,21669,0,,,1,70,,21675,0,,,1,30,,21689,0,,,1,100,,21670,0,,,1,100,,21677,0,,,1,100,,21676,0,,,1,100,,21679,0,,,1,100,,21680,0,,,1,100,,21681,0,,,1,100,,21682,0,,,1
500,'F1',632,,43608,0,,,1,70,,43614,0,,,1,30,,43609,0,,,1,70,,43615,0,,,1,30,,43635,0,,,1,70,,43616,0,,,1,30,,43620,0,,,1,70,,43617,0,,,1,30,,43632,0,,,1,70,,43621,0,,,1,30,,43610,0,,,1,70,,43622,0,,,1,30,,43611,0,,,1,68,,43636,0,,,1,32,,43633,0,,,1,70,,43637,0,,,1,30,,43623,0,,,1,69,,43612,0,,,1,31,,43627,0,,,1,70,,43634,0,,,1,30,,43618,0,,,1,70,,43624,0,,,1,30,,43638,0,,,1,100,,43619,0,,,1,100,,43626,0,,,1,100,,43625,0,,,1,100,,43628,0,,,1,100,,43629,0,,,1,100,,43630,0,,,1,100,,43631,0,,,1
500,'F2',602,,43640,0,,,1,30,,43648,0,,,1,70,,43641,0,,,1,30,,43649,0,,,1,70,,43642,0,,,1,30,,43650,0,,,1,70,,43643,0,,,1,30,,43652,0,,,1,70,,43644,0,,,1,30,,43653,0,,,1,70,,43645,0,,,1,30,,43654,0,,,1,70,,43646,0,,,1,30,,43655,0,,,1,70,,43651,0,,,1,30,,43671,0,,,1,70,,43666,0,,,1,30,,43656,0,,,1,70,,43669,0,,,1,30,,43665,0,,,1,70,,43668,0,,,1,30,,43672,0,,,1,70,,43667,0,,,1,30,,43670,0,,,1,100,,43657,0,,,1,100,,43658,0,,,1,100,,43659,0,,,1,100,,43660,0,,,1,100,,43661,0,,,1,100,,43662,0,,,1,100,,43663,0,,,1,100,,43664,0,,,1
500,'F8',602,,21802,0,,,1,30,,21810,0,,,1,70,,21803,0,,,1,30,,21811,0,,,1,70,,21804,0,,,1,30,,21812,0,,,1,70,,21805,0,,,1,30,,21814,0,,,1,70,,21806,0,,,1,30,,21815,0,,,1,70,,21807,0,,,1,30,,21816,0,,,1,70,,21808,0,,,1,30,,21817,0,,,1,70,,21813,0,,,1,30,,21833,0,,,1,70,,21828,0,,,1,30,,21818,0,,,1,70,,21831,0,,,1,30,,21827,0,,,1,70,,21830,0,,,1,30,,21834,0,,,1,70,,21829,0,,,1,30,,21832,0,,,1,100,,21819,0,,,1,100,,21820,0,,,1,100,,21821,0,,,1,100,,21822,0,,,1,100,,21823,0,,,1,100,,21824,0,,,1,100,,21825,0,,,1,100,,21826,0,,,1
500,'F9',632,,21836,0,,,1,70,,21842,0,,,1,30,,21837,0,,,1,70,,21843,0,,,1,30,,21863,0,,,1,70,,21844,0,,,1,30,,21848,0,,,1,70,,21845,0,,,1,30,,21860,0,,,1,70,,21849,0,,,1,30,,21838,0,,,1,70,,21850,0,,,1,30,,21839,0,,,1,68,,21864,0,,,1,32,,21861,0,,,1,70,,21865,0,,,1,30,,21851,0,,,1,69,,21840,0,,,1,31,,21855,0,,,1,70,,21862,0,,,1,30,,21846,0,,,1,70,,21852,0,,,1,30,,21866,0,,,1,100,,21847,0,,,1,100,,21854,0,,,1,100,,21853,0,,,1,100,,21856,0,,,1,100,,21857,0,,,1,100,,21858,0,,,1,100,,21859,0,,,1
500,'SA',602,,21868,0,,,1,30,,21876,0,,,1,70,,21869,0,,,1,30,,21877,0,,,1,70,,21870,0,,,1,30,,21878,0,,,1,70,,21871,0,,,1,30,,21880,0,,,1,70,,21872,0,,,1,30,,21881,0,,,1,70,,21873,0,,,1,30,,21882,0,,,1,70,,21874,0,,,1,30,,21883,0,,,1,70,,21879,0,,,1,30,,21899,0,,,1,70,,21894,0,,,1,30,,21884,0,,,1,70,,21897,0,,,1,30,,21893,0,,,1,70,,21896,0,,,1,30,,21900,0,,,1,70,,21895,0,,,1,30,,21898,0,,,1,100,,21885,0,,,1,100,,21886,0,,,1,100,,21887,0,,,1,100,,21888,0,,,1,100,,21889,0,,,1,100,,21890,0,,,1,100,,21891,0,,,1,100,,21892,0,,,1
500,'SE',603,,43705,0,,,1,29,,43709,0,,,1,70,,43702,0,,,1,30,,43673,0,,,1,69,,43681,0,,,1,40,,43674,0,,,1,60,,43676,0,,,1,30,,43713,0,,,1,70,,43682,0,,,1,30,,43679,0,,,1,70,,43699,0,,,1,30,,43712,0,,,1,70,,43700,0,,,1,30,,43717,0,,,1,70,,43708,0,,,1,30,,43680,0,,,1,70,,43684,0,,,1,30,,43692,0,,,1,72,,43714,0,,,1,13,,43685,0,,,1,15,,43683,0,,,1,15,,43693,0,,,1,55,,43677,0,,,1,17,,43707,0,,,1,16,,43698,0,,,1,12,,43701,0,,,1,55,,43716,0,,,1,15,,43678,0,,,1,15,,43694,0,,,1,22,,43710,0,,,1,58,,43703,0,,,1,21,,43690,0,,,1,69,,43711,0,,,1,30,,43704,0,,,1,70,,43695,0,,,1,30,,43691,0,,,1,70,,43706,0,,,1,30,,43715,0,,,1,100,,43686,0,,,1,100,,43687,0,,,1,100,,43688,0,,,1,100,,43689,0,,,1
501,'DI',626,,21945,11259,4,,1,30,,21951,11259,4,,1,70,,21946,11259,4,,1,30,,21952,11259,4,,1,70,,21947,11259,4,,1,30,,21953,11259,4,,1,70,,21973,11259,4,,1,30,,21954,11259,4,,1,70,,21958,11259,4,,1,30,,21955,11259,4,,1,70,,21970,11259,4,,1,30,,21959,11259,4,,1,70,,21948,11259,4,,1,76,,21960,11259,4,,1,30,,21949,11259,4,,1,68,,21974,11259,4,,1,32,,21971,11259,4,,1,70,,21975,11259,4,,1,30,,21961,11259,4,,1,69,,21950,11259,4,,1,31,,21965,11259,4,,1,70,,21972,11259,4,,1,30,,21956,11259,4,,1,70,,21962,11259,4,,1,30,,21976,11259,4,,1,95,,21957,11259,4,,1,100,,21964,11259,4,,1,100,,21963,11259,4,,1,100,,21966,11259,4,,1,100,,21967,11259,4,,1,98,,21968,11259,4,,1
501,'F1',626,,43718,11259,4,,1,30,,43724,11259,4,,1,70,,43719,11259,4,,1,30,,43725,11259,4,,1,70,,43720,11259,4,,1,30,,43726,11259,4,,1,70,,43746,11259,4,,1,30,,43727,11259,4,,1,70,,43731,11259,4,,1,30,,43728,11259,4,,1,70,,43743,11259,4,,1,30,,43732,11259,4,,1,70,,43721,11259,4,,1,76,,43733,11259,4,,1,30,,43722,11259,4,,1,68,,43747,11259,4,,1,32,,43744,11259,4,,1,70,,43748,11259,4,,1,30,,43734,11259,4,,1,69,,43723,11259,4,,1,31,,43738,11259,4,,1,70,,43745,11259,4,,1,30,,43729,11259,4,,1,70,,43735,11259,4,,1,30,,43749,11259,4,,1,95,,43730,11259,4,,1,100,,43737,11259,4,,1,100,,43736,11259,4,,1,100,,43739,11259,4,,1,100,,43740,11259,4,,1,98,,43741,11259,4,,1
501,'F2',556,,43750,11259,4,,1,70,,43758,11259,4,,1,30,,43751,11259,4,,1,70,,43759,11259,4,,1,30,,43752,11259,4,,1,70,,43760,11259,4,,1,30,,43753,11259,4,,1,70,,43761,11259,4,,1,30,,43754,11259,4,,1,70,,43763,11259,4,,1,30,,43755,11259,4,,1,70,,43764,11259,4,,1,30,,43756,11259,4,,1,70,,43765,11259,4,,1,76,,43757,11259,4,,1,30,,43766,11259,4,,1,70,,43762,11259,4,,1,30,,43782,11259,4,,1,70,,43777,11259,4,,1,30,,43767,11259,4,,1,70,,43780,11259,4,,1,30,,43776,11259,4,,1,70,,43779,11259,4,,1,30,,43783,11259,4,,1,70,,43778,11259,4,,1,30,,43781,11259,4,,1,95,,43768,11259,4,,1,100,,43769,11259,4,,1,100,,43770,11259,4,,1,100,,43771,11259,4,,1,100,,43772,11259,4,,1,98,,43773,11259,4,,1,100,,43774,11259,4,,1
501,'F8',556,,22100,11259,4,,1,70,,22108,11259,4,,1,30,,22101,11259,4,,1,70,,22109,11259,4,,1,30,,22102,11259,4,,1,70,,22110,11259,4,,1,30,,22103,11259,4,,1,70,,22111,11259,4,,1,30,,22104,11259,4,,1,70,,22113,11259,4,,1,30,,22105,11259,4,,1,70,,22114,11259,4,,1,30,,22106,11259,4,,1,70,,22115,11259,4,,1,76,,22107,11259,4,,1,30,,22116,11259,4,,1,70,,22112,11259,4,,1,30,,22132,11259,4,,1,70,,22127,11259,4,,1,30,,22117,11259,4,,1,70,,22130,11259,4,,1,30,,22126,11259,4,,1,70,,22129,11259,4,,1,30,,22133,11259,4,,1,70,,22128,11259,4,,1,30,,22131,11259,4,,1,95,,22118,11259,4,,1,100,,22119,11259,4,,1,100,,22120,11259,4,,1,100,,22121,11259,4,,1,100,,22122,11259,4,,1,98,,22123,11259,4,,1,100,,22124,11259,4,,1
501,'F9',626,,22134,11259,4,,1,30,,22140,11259,4,,1,70,,22135,11259,4,,1,30,,22141,11259,4,,1,70,,22136,11259,4,,1,30,,22142,11259,4,,1,70,,22162,11259,4,,1,30,,22143,11259,4,,1,70,,22147,11259,4,,1,30,,22144,11259,4,,1,70,,22159,11259,4,,1,30,,22148,11259,4,,1,70,,22137,11259,4,,1,76,,22149,11259,4,,1,30,,22138,11259,4,,1,68,,22163,11259,4,,1,32,,22160,11259,4,,1,70,,22164,11259,4,,1,30,,22150,11259,4,,1,69,,22139,11259,4,,1,31,,22154,11259,4,,1,70,,22161,11259,4,,1,30,,22145,11259,4,,1,70,,22151,11259,4,,1,30,,22165,11259,4,,1,95,,22146,11259,4,,1,100,,22153,11259,4,,1,100,,22152,11259,4,,1,100,,22155,11259,4,,1,100,,22156,11259,4,,1,98,,22157,11259,4,,1
501,'SA',556,,22166,11259,4,,1,70,,22174,11259,4,,1,30,,22167,11259,4,,1,70,,22175,11259,4,,1,30,,22168,11259,4,,1,70,,22176,11259,4,,1,30,,22169,11259,4,,1,70,,22177,11259,4,,1,30,,22170,11259,4,,1,70,,22179,11259,4,,1,30,,22171,11259,4,,1,70,,22180,11259,4,,1,30,,22172,11259,4,,1,70,,22181,11259,4,,1,76,,22173,11259,4,,1,30,,22182,11259,4,,1,70,,22178,11259,4,,1,30,,22198,11259,4,,1,70,,22193,11259,4,,1,30,,22183,11259,4,,1,70,,22196,11259,4,,1,30,,22192,11259,4,,1,70,,22195,11259,4,,1,30,,22199,11259,4,,1,70,,22194,11259,4,,1,30,,22197,11259,4,,1,95,,22184,11259,4,,1,100,,22185,11259,4,,1,100,,22186,11259,4,,1,100,,22187,11259,4,,1,100,,22188,11259,4,,1,98,,22189,11259,4,,1,100,,22190,11259,4,,1
501,'SE',506,,43784,11259,,,1,25,,43812,11259,4,,1,20,,43821,11259,4,,1,61,,43813,11259,4,,1,15,,43829,11259,4,,1,16,,43787,11259,4,,1,15,,43822,11259,4,,1,54,,43823,11259,4,,1,9,,43828,11259,4,,1,12,,43830,11259,4,,1,10,,43794,11259,4,,1,10,,43795,11259,4,,1,50,,43818,11259,4,,1,10,,43797,11259,4,,1,10,,43827,11259,4,,1,10,,43785,11259,4,,1,9,,43833,11259,4,,1,11,,43788,11259,4,,1,49,,43796,11259,4,,1,18,,43835,11259,4,,1,20,,43786,11259,4,,1,60,,43789,11259,4,,1,30,,43836,11259,4,,1,70,,43798,11259,4,,1,30,,43792,11259,4,,1,70,,43815,11259,4,,1,30,,43834,11259,4,,1,70,,43816,11259,4,,1,31,,43840,11259,4,,1,70,,43826,11259,4,,1,30,,43793,11259,4,,1,70,,43800,11259,4,,1,30,,43808,11259,4,,1,76,,43837,11259,4,,1,28,,43799,11259,4,,1,72,,43790,11259,4,,1,33,,43814,11259,4,,1,67,,43839,11259,4,,1,26,,43810,11259,4,,1,22,,43831,11259,4,,1,77,,43806,11259,4,,1,25,,43832,11259,4,,1,70,,43820,11259,4,,1,30,,43811,11259,4,,1,70,,43807,11259,4,,1,30,,43824,11259,4,,1,70,,43838,11259,4,,1,99,,43802,11259,4,,1,100,,43803,11259,4,,1,100,,43804,11259,4,,1
3001,'SE',555,,46167,0,0,60 23,2,62,,46167,8415,4,,2,8,,46168,0,0,60 23,2,22,,46168,8415,4,,2,8,,46169,0,0,60 23,2,63,,46169,8415,4,,2,7,,46170,0,0,60 23,2,23,,46170,8415,4,,2,9,,46172,0,0,60 23,2,63,,46172,8415,4,,2,9,,46171,0,0,60 23,2,23,,46171,8415,4,,2,697,,46173,0,0,60 23,2,66,,46173,8415,4,,2,5,,46174,0,0,60 23,2,26,,46174,8415,4,,2,2,,46176,0,0,60 23,2,66,,46176,8415,4,,2,6,,46177,0,0,60 23,2,26,,46177,8415,4,,2,5,,46175,0,0,60 23,2,66,,46175,8415,4,,2
3300,'SE',615,,46383,0,,,2,30,,46387,0,,,2,68,,46386,0,,,2,31,,46384,0,,,2,67,,46385,0,,,2,35,,46382,0,,,2,708,,46392,0,,,2,73,,46390,0,,,2,27,,46388,0,,,2,70,,46391,0,,,2,31,,46389,0,,,2,69,,46393,0,,,2
3301,'SE',616,,46400,6979,4,,2,30,,46395,6979,4,,2,71,,46399,6979,4,,2,28,,46398,6979,4,,2,73,,46396,6979,4,,2,26,,46397,6979,4,,2,75,,46394,6979,4,,2,706,,46404,3818,4,,2,34,,46402,3818,4,,2,67,,46401,3818,4,,2,30,,46403,3818,4,,2
3400,'SE',637,,46405,0,0,27,2,80,,46407,0,0,27,2,29,,46406,0,0,27,2,69,,46408,0,0,27,2,807,,46411,0,0,27,2,26,,46412,0,0,27,2,60,,46409,0,0,27,2,20,,46413,0,0,27,2,30,,46414,0,0,27,2,74,,46410,0,0,27,2
3401,'SE',626,,46416,7212,4,,2,30,,46421,7212,4,,2,60,,46415,7212,4,,2,20,,46417,7212,4,,2,20,,46419,7212,4,,2,69,,46418,7212,4,,2,29,,46420,7212,4,,2,802,,46423,3031,4,,2,66,,46424,3031,4,,2,20,,46422,3031,4,,2,60,,46425,3031,4,,2
3700,'SE',754,,46427,0,,,2,70,,46426,0,,,2,777,,46430,0,,,2,36,,46431,0,,,2,65,,46428,0,,,2,30,,46432,0,,,2,70,,46429,0,,,2
3701,'SE',651,,46433,7281,4,,2,70,,46435,7281,4,,2,30,,46437,7281,4,,2,70,,46436,7281,4,,2,30,,46434,7281,4,,2,781,,46438,2541,4,,2,76,,46439,2541,4,,2
3800,'DI',709,,28912,9343,4,,1,100,,28918,9343,4,,1,100,,28916,9343,4,,1,101,,28910,9343,4,,1,96,,28919,9343,4,,1,100,,28907,9343,4,,1,103,,28923,9343,4,,1,100,,28911,9343,4,,1,100,,28917,9343,4,,1,101,,28920,9343,4,,1,104,,28908,9343,4,,1,101,,28913,9343,4,,1,96,,28914,9343,4,,1,100,,28909,9343,4,,1,99,,28921,9343,4,,1,101,,28915,9343,4,,1,100,,28922,9343,4,,1,100,,28924,9343,4,,1
3800,'F1',709,,46445,9343,4,,1,100,,46451,9343,4,,1,100,,46449,9343,4,,1,101,,46443,9343,4,,1,96,,46452,9343,4,,1,100,,46440,9343,4,,1,103,,46456,9343,4,,1,100,,46444,9343,4,,1,100,,46450,9343,4,,1,101,,46453,9343,4,,1,104,,46441,9343,4,,1,101,,46446,9343,4,,1,96,,46447,9343,4,,1,100,,46442,9343,4,,1,99,,46454,9343,4,,1,101,,46448,9343,4,,1,100,,46455,9343,4,,1,100,,46457,9343,4,,1
3800,'F2',609,,46463,9343,4,,1,100,,46460,9343,4,,1,100,,46470,9343,4,,1,100,,46464,9343,4,,1,100,,46471,9343,4,,1,100,,46465,9343,4,,1,100,,46472,9343,4,,1,104,,46466,9343,4,,1,100,,46473,9343,4,,1,100,,46467,9343,4,,1,102,,46461,9343,4,,1,100,,46468,9343,4,,1,100,,46462,9343,4,,1,96,,46469,9343,4,,1,100,,46458,9343,4,,1,99,,46474,9343,4,,1,100,,46459,9343,4,,1,101,,46475,9343,4,,1,99,,46476,9343,4,,1
3800,'F8',609,,28998,9343,4,,1,100,,28995,9343,4,,1,100,,29005,9343,4,,1,100,,28999,9343,4,,1,100,,29006,9343,4,,1,100,,29000,9343,4,,1,100,,29007,9343,4,,1,104,,29001,9343,4,,1,100,,29008,9343,4,,1,100,,29002,9343,4,,1,102,,28996,9343,4,,1,100,,29003,9343,4,,1,100,,28997,9343,4,,1,96,,29004,9343,4,,1,100,,28993,9343,4,,1,99,,29009,9343,4,,1,100,,28994,9343,4,,1,101,,29010,9343,4,,1,99,,29011,9343,4,,1
3800,'F9',709,,29017,9343,4,,1,100,,29023,9343,4,,1,100,,29021,9343,4,,1,101,,29015,9343,4,,1,96,,29024,9343,4,,1,100,,29012,9343,4,,1,103,,29028,9343,4,,1,100,,29016,9343,4,,1,100,,29022,9343,4,,1,101,,29025,9343,4,,1,104,,29013,9343,4,,1,101,,29018,9343,4,,1,96,,29019,9343,4,,1,100,,29014,9343,4,,1,99,,29026,9343,4,,1,101,,29020,9343,4,,1,100,,29027,9343,4,,1,100,,29029,9343,4,,1
3800,'SA',609,,29035,9343,4,,1,100,,29032,9343,4,,1,100,,29042,9343,4,,1,100,,29036,9343,4,,1,100,,29043,9343,4,,1,100,,29037,9343,4,,1,100,,29044,9343,4,,1,104,,29038,9343,4,,1,100,,29045,9343,4,,1,100,,29039,9343,4,,1,102,,29033,9343,4,,1,100,,29040,9343,4,,1,100,,29034,9343,4,,1,96,,29041,9343,4,,1,100,,29030,9343,4,,1,99,,29046,9343,4,,1,100,,29031,9343,4,,1,101,,29047,9343,4,,1,99,,29048,9343,4,,1
3800,'SE',625,,46497,9343,4,,1,21,,46489,9343,4,,1,58,,46493,9343,4,,1,18,,46494,9343,4,,1,24,,46499,9343,4,,1,12,,46481,9343,4,,1,60,,46485,9343,4,,1,24,,46486,9343,4,,1,69,,46477,9343,4,,1,18,,46504,9343,4,,1,17,,46502,9343,4,,1,70,,46479,9343,4,,1,84,,46478,9343,4,,1,100,,46482,9343,4,,1,100,,46496,9343,4,,1,102,,46490,9343,4,,1,55,,46483,9343,4,,1,67,,46480,9343,4,,1,32,,46495,9343,4,,1,70,,46487,9343,4,,1,30,,46506,9343,4,,1,73,,46488,9343,4,,1,26,,46492,9343,4,,1,64,,46491,9343,4,,1,94,,46503,9343,4,,1,100,,46501,9343,4,,1,99,,46500,9343,4,,1,99,,46498,9343,4,,1,100,,46505,9343,4,,1,100,,46484,9343,4,,1
3801,'DI',607,,29083,0,,,1,100,,29090,0,,,1,100,,29088,0,,,1,100,,29084,0,,,1,100,,29091,0,,,1,100,,29079,0,,,1,100,,29096,0,,,1,100,,29082,0,,,1,98,,29089,0,,,1,99,,29092,0,,,1,102,,29080,0,,,1,101,,29085,0,,,1,100,,29086,0,,,1,100,,29081,0,,,1,100,,29093,0,,,1,100,,29087,0,,,1,100,,29094,0,,,1,100,,29097,0,,,1,100,,29095,0,,,1
3801,'F1',607,,46511,0,,,1,100,,46518,0,,,1,100,,46516,0,,,1,100,,46512,0,,,1,100,,46519,0,,,1,100,,46507,0,,,1,100,,46524,0,,,1,100,,46510,0,,,1,98,,46517,0,,,1,99,,46520,0,,,1,102,,46508,0,,,1,101,,46513,0,,,1,100,,46514,0,,,1,100,,46509,0,,,1,100,,46521,0,,,1,100,,46515,0,,,1,100,,46522,0,,,1,100,,46525,0,,,1,100,,46523,0,,,1
3801,'F2',606,,46528,0,,,1,100,,46537,0,,,1,99,,46531,0,,,1,101,,46538,0,,,1,100,,46532,0,,,1,100,,46539,0,,,1,100,,46533,0,,,1,100,,46540,0,,,1,100,,46534,0,,,1,100,,46529,0,,,1,100,,46535,0,,,1,100,,46530,0,,,1,100,,46536,0,,,1,100,,46526,0,,,1,100,,46541,0,,,1,100,,46527,0,,,1,100,,46542,0,,,1,100,,46544,0,,,1,100,,46543,0,,,1
3801,'F8',606,,29170,0,,,1,100,,29179,0,,,1,99,,29173,0,,,1,101,,29180,0,,,1,100,,29174,0,,,1,100,,29181,0,,,1,100,,29175,0,,,1,100,,29182,0,,,1,100,,29176,0,,,1,100,,29171,0,,,1,100,,29177,0,,,1,100,,29172,0,,,1,100,,29178,0,,,1,100,,29168,0,,,1,100,,29183,0,,,1,100,,29169,0,,,1,100,,29184,0,,,1,100,,29186,0,,,1,100,,29185,0,,,1
3801,'F9',607,,29191,0,,,1,100,,29198,0,,,1,100,,29196,0,,,1,100,,29192,0,,,1,100,,29199,0,,,1,100,,29187,0,,,1,100,,29204,0,,,1,100,,29190,0,,,1,98,,29197,0,,,1,99,,29200,0,,,1,102,,29188,0,,,1,101,,29193,0,,,1,100,,29194,0,,,1,100,,29189,0,,,1,100,,29201,0,,,1,100,,29195,0,,,1,100,,29202,0,,,1,100,,29205,0,,,1,100,,29203,0,,,1
3801,'SA',606,,29208,0,,,1,100,,29217,0,,,1,99,,29211,0,,,1,101,,29218,0,,,1,100,,29212,0,,,1,100,,29219,0,,,1,100,,29213,0,,,1,100,,29220,0,,,1,100,,29214,0,,,1,100,,29209,0,,,1,100,,29215,0,,,1,100,,29210,0,,,1,100,,29216,0,,,1,100,,29206,0,,,1,100,,29221,0,,,1,100,,29207,0,,,1,100,,29222,0,,,1,100,,29224,0,,,1,100,,29223,0,,,1
3801,'SE',517,,46571,0,,,1,30,,46552,0,,,1,70,,46551,0,,,1,34,,46561,0,,,1,73,,46553,0,,,1,24,,46547,0,,,1,69,,46546,0,,,1,35,,46557,0,,,1,70,,46560,0,,,1,35,,46545,0,,,1,100,,46548,0,,,1,100,,46567,0,,,1,100,,46562,0,,,1,98,,46549,0,,,1,97,,46566,0,,,1,55,,46554,0,,,1,17,,46556,0,,,1,21,,46550,0,,,1,61,,46575,0,,,1,20,,46569,0,,,1,21,,46565,0,,,1,60,,46563,0,,,1,19,,46568,0,,,1,22,,46558,0,,,1,59,,46574,0,,,1,20,,46564,0,,,1,80,,46572,0,,,1,95,,46573,0,,,1,100,,46576,0,,,1,100,,46555,0,,,1,100,,46559,0,,,1,100,,46570,0,,,1
4101,'DI',726,,29270,0,0,40 41,1,29,,29270,10938,4,,1,71,,29274,0,0,40 41,1,29,,29274,10938,4,,1,71,,29264,0,0,40 41,1,30,,29264,10938,4,,1,70,,29260,0,0,40 41,1,30,,29260,10938,4,,1,70,,29271,0,0,40 41,1,30,,29271,10938,4,,1,70,,29261,0,0,40 41,1,30,,29261,10938,4,,1,70,,29272,0,0,40 41,1,31,,29272,10938,4,,1,69,,29265,0,0,40 41,1,31,,29265,10938,4,,1,69,,29257,0,0,40 41,1,31,,29257,10938,4,,1,71,,29262,0,0,40 41,1,31,,29262,10938,4,,1,67,,29266,0,0,40 41,1,31,,29266,10938,4,,1,69,,29258,0,0,40 41,1,31,,29258,10938,4,,1,69,,29267,0,0,40 41,1,29,,29267,10938,4,,1,71,,29259,0,0,40 41,1,28,,29259,10938,4,,1,72,,29263,0,0,40 41,1,28,,29263,10938,4,,1,72,,29268,0,0,40 41,1,27,,29268,10938,4,,1,73,,29273,0,0,40 41,1,27,,29273,10938,4,,1,73,,29269,0,0,40 41,1,27,,29269,10938,4,,1,73,,29275,0,0,40 41,1,27,,29275,10938,4,,1
4101,'F1',726,,46590,0,0,40 41,1,29,,46590,10938,4,,1,71,,46594,0,0,40 41,1,29,,46594,10938,4,,1,71,,46584,0,0,40 41,1,30,,46584,10938,4,,1,70,,46580,0,0,40 41,1,30,,46580,10938,4,,1,70,,46591,0,0,40 41,1,30,,46591,10938,4,,1,70,,46581,0,0,40 41,1,30,,46581,10938,4,,1,70,,46592,0,0,40 41,1,31,,46592,10938,4,,1,69,,46585,0,0,40 41,1,31,,46585,10938,4,,1,69,,46577,0,0,40 41,1,31,,46577,10938,4,,1,71,,46582,0,0,40 41,1,31,,46582,10938,4,,1,67,,46586,0,0,40 41,1,31,,46586,10938,4,,1,69,,46578,0,0,40 41,1,31,,46578,10938,4,,1,69,,46587,0,0,40 41,1,29,,46587,10938,4,,1,71,,46579,0,0,40 41,1,28,,46579,10938,4,,1,72,,46583,0,0,40 41,1,28,,46583,10938,4,,1,72,,46588,0,0,40 41,1,27,,46588,10938,4,,1,73,,46593,0,0,40 41,1,27,,46593,10938,4,,1,73,,46589,0,0,40 41,1,27,,46589,10938,4,,1,73,,46595,0,0,40 41,1,27,,46595,10938,4,,1
4101,'F2',726,,46599,0,0,40 41,1,29,,46599,10938,4,,1,71,,46612,0,0,40 41,1,29,,46612,10938,4,,1,71,,46600,0,0,40 41,1,30,,46600,10938,4,,1,71,,46605,0,0,40 41,1,30,,46605,10938,4,,1,69,,46613,0,0,40 41,1,30,,46613,10938,4,,1,70,,46606,0,0,40 41,1,30,,46606,10938,4,,1,70,,46601,0,0,40 41,1,31,,46601,10938,4,,1,69,,46607,0,0,40 41,1,31,,46607,10938,4,,1,69,,46602,0,0,40 41,1,31,,46602,10938,4,,1,69,,46598,0,0,40 41,1,31,,46598,10938,4,,1,69,,46603,0,0,40 41,1,31,,46603,10938,4,,1,69,,46596,0,0,40 41,1,31,,46596,10938,4,,1,69,,46608,0,0,40 41,1,29,,46608,10938,4,,1,71,,46597,0,0,40 41,1,28,,46597,10938,4,,1,72,,46614,0,0,40 41,1,28,,46614,10938,4,,1,72,,46609,0,0,40 41,1,27,,46609,10938,4,,1,73,,46604,0,0,40 41,1,27,,46604,10938,4,,1,73,,46610,0,0,40 41,1,27,,46610,10938,4,,1,73,,46611,0,0,40 41,1,27,,46611,10938,4,,1
4101,'F8',726,,29343,0,0,40 41,1,29,,29343,10938,4,,1,71,,29356,0,0,40 41,1,29,,29356,10938,4,,1,71,,29344,0,0,40 41,1,30,,29344,10938,4,,1,71,,29349,0,0,40 41,1,30,,29349,10938,4,,1,69,,29357,0,0,40 41,1,30,,29357,10938,4,,1,70,,29350,0,0,40 41,1,30,,29350,10938,4,,1,70,,29345,0,0,40 41,1,31,,29345,10938,4,,1,69,,29351,0,0,40 41,1,31,,29351,10938,4,,1,69,,29346,0,0,40 41,1,31,,29346,10938,4,,1,69,,29342,0,0,40 41,1,31,,29342,10938,4,,1,69,,29347,0,0,40 41,1,31,,29347,10938,4,,1,69,,29340,0,0,40 41,1,31,,29340,10938,4,,1,69,,29352,0,0,40 41,1,29,,29352,10938,4,,1,71,,29341,0,0,40 41,1,28,,29341,10938,4,,1,72,,29358,0,0,40 41,1,28,,29358,10938,4,,1,72,,29353,0,0,40 41,1,27,,29353,10938,4,,1,73,,29348,0,0,40 41,1,27,,29348,10938,4,,1,73,,29354,0,0,40 41,1,27,,29354,10938,4,,1,73,,29355,0,0,40 41,1,27,,29355,10938,4,,1
4101,'F9',726,,29372,0,0,40 41,1,29,,29372,10938,4,,1,71,,29376,0,0,40 41,1,29,,29376,10938,4,,1,71,,29366,0,0,40 41,1,30,,29366,10938,4,,1,70,,29362,0,0,40 41,1,30,,29362,10938,4,,1,70,,29373,0,0,40 41,1,30,,29373,10938,4,,1,70,,29363,0,0,40 41,1,30,,29363,10938,4,,1,70,,29374,0,0,40 41,1,31,,29374,10938,4,,1,69,,29367,0,0,40 41,1,31,,29367,10938,4,,1,69,,29359,0,0,40 41,1,31,,29359,10938,4,,1,71,,29364,0,0,40 41,1,31,,29364,10938,4,,1,67,,29368,0,0,40 41,1,31,,29368,10938,4,,1,69,,29360,0,0,40 41,1,31,,29360,10938,4,,1,69,,29369,0,0,40 41,1,29,,29369,10938,4,,1,71,,29361,0,0,40 41,1,28,,29361,10938,4,,1,72,,29365,0,0,40 41,1,28,,29365,10938,4,,1,72,,29370,0,0,40 41,1,27,,29370,10938,4,,1,73,,29375,0,0,40 41,1,27,,29375,10938,4,,1,73,,29371,0,0,40 41,1,27,,29371,10938,4,,1,73,,29377,0,0,40 41,1,27,,29377,10938,4,,1
4101,'SA',726,,29381,0,0,40 41,1,29,,29381,10938,4,,1,71,,29394,0,0,40 41,1,29,,29394,10938,4,,1,71,,29382,0,0,40 41,1,30,,29382,10938,4,,1,71,,29387,0,0,40 41,1,30,,29387,10938,4,,1,69,,29395,0,0,40 41,1,30,,29395,10938,4,,1,70,,29388,0,0,40 41,1,30,,29388,10938,4,,1,70,,29383,0,0,40 41,1,31,,29383,10938,4,,1,69,,29389,0,0,40 41,1,31,,29389,10938,4,,1,69,,29384,0,0,40 41,1,31,,29384,10938,4,,1,69,,29380,0,0,40 41,1,31,,29380,10938,4,,1,69,,29385,0,0,40 41,1,31,,29385,10938,4,,1,69,,29378,0,0,40 41,1,31,,29378,10938,4,,1,69,,29390,0,0,40 41,1,29,,29390,10938,4,,1,71,,29379,0,0,40 41,1,28,,29379,10938,4,,1,72,,29396,0,0,40 41,1,28,,29396,10938,4,,1,72,,29391,0,0,40 41,1,27,,29391,10938,4,,1,73,,29386,0,0,40 41,1,27,,29386,10938,4,,1,73,,29392,0,0,40 41,1,27,,29392,10938,4,,1,73,,29393,0,0,40 41,1,27,,29393,10938,4,,1
4101,'SE',656,,46619,0,0,40 41,1,70,,46632,0,0,40 41,1,30,,46632,10938,4,,1,70,,46620,10938,4,,1,5,,46621,0,0,40 41,1,25,,46616,0,0,40 41,1,46,,46621,10938,4,,1,24,,46635,0,0,40 41,1,1,,46616,10938,4,,1,30,,46635,10938,4,,1,69,,46615,0,0,40 41,1,31,,46615,10938,4,,1,69,,46622,0,0,40 41,1,31,,46622,10938,4,,1,69,,46636,0,0,40 41,1,31,,46636,10938,4,,1,69,,46623,0,0,40 41,1,31,,46623,10938,4,,1,69,,46638,0,0,40 41,1,32,,46638,10938,4,,1,42,,46624,0,0,40 41,1,25,,46639,0,0,40 41,1,8,,46624,10938,4,,1,19,,46634,0,0,40 41,1,6,,46639,10938,4,,1,69,,46634,10938,4,,1,3,,46633,0,0,40 41,1,26,,46626,0,0,40 41,1,48,,46633,10938,4,,1,22,,46637,0,0,40 41,1,4,,46626,10938,4,,1,27,,46637,10938,4,,1,69,,46640,0,0,40 41,1,2,,46617,10938,4,,1,29,,46640,10938,4,,1,69,,46629,0,0,40 41,1,31,,46629,10938,4,,1,69,,46628,0,0,40 41,1,29,,46628,10938,4,,1,71,,46625,0,0,40 41,1,29,,46625,10938,4,,1,71,,46630,0,0,40 41,1,28,,46630,10938,4,,1,72,,46627,0,0,40 41,1,28,,46627,10938,4,,1,72,,46618,0,0,40 41,1,28,,46618,10938,4,,1,72,,46631,0,0,40 41,1,28,,46631,10938,4,,1
4301,'DI',756,,29856,0,0,40 41,1,70,,29856,11061,4,,1,30,,29849,0,0,40 41,1,70,,29849,11061,4,,1,30,,29850,0,0,40 41,1,70,,29850,11061,4,,1,30,,29851,0,0,40 41,1,71,,29851,11061,4,,1,30,,29852,0,0,40 41,1,71,,29852,11061,4,,1,28,,29841,0,0,40 41,1,72,,29841,11061,4,,1,28,,29842,0,0,40 41,1,72,,29842,11061,4,,1,28,,29847,0,0,40 41,1,72,,29847,11061,4,,1,28,,29848,0,0,40 41,1,73,,29848,11061,4,,1,27,,29853,0,0,40 41,1,71,,29853,11061,4,,1,29,,29843,0,0,40 41,1,71,,29843,11061,4,,1,29,,29844,0,0,40 41,1,69,,29844,11061,4,,1,31,,29845,0,0,40 41,1,67,,29845,11061,4,,1,33,,29854,0,0,40 41,1,67,,29854,11061,4,,1,33,,29846,0,0,40 41,1,67,,29846,11061,4,,1,33,,29857,0,0,40 41,1,67,,29857,11061,4,,1,33,,29855,0,0,40 41,1,65,,29855,11061,4,,1,35,,29858,0,0,40 41,1,65,,29858,11061,4,,1
4301,'F1',756,,46825,0,0,40 41,1,70,,46825,11061,4,,1,30,,46818,0,0,40 41,1,70,,46818,11061,4,,1,30,,46819,0,0,40 41,1,70,,46819,11061,4,,1,30,,46820,0,0,40 41,1,71,,46820,11061,4,,1,30,,46821,0,0,40 41,1,71,,46821,11061,4,,1,28,,46810,0,0,40 41,1,72,,46810,11061,4,,1,28,,46811,0,0,40 41,1,72,,46811,11061,4,,1,28,,46816,0,0,40 41,1,72,,46816,11061,4,,1,28,,46817,0,0,40 41,1,73,,46817,11061,4,,1,27,,46822,0,0,40 41,1,71,,46822,11061,4,,1,29,,46812,0,0,40 41,1,71,,46812,11061,4,,1,29,,46813,0,0,40 41,1,69,,46813,11061,4,,1,31,,46814,0,0,40 41,1,67,,46814,11061,4,,1,33,,46823,0,0,40 41,1,67,,46823,11061,4,,1,33,,46815,0,0,40 41,1,67,,46815,11061,4,,1,33,,46826,0,0,40 41,1,67,,46826,11061,4,,1,33,,46824,0,0,40 41,1,65,,46824,11061,4,,1,35,,46827,0,0,40 41,1,65,,46827,11061,4,,1
4301,'F2',656,,46836,0,0,40 41,1,67,,46836,11061,4,,1,33,,46830,0,0,40 41,1,70,,46830,11061,4,,1,30,,46845,0,0,40 41,1,70,,46845,11061,4,,1,30,,46841,0,0,40 41,1,70,,46841,11061,4,,1,30,,46846,0,0,40 41,1,71,,46846,11061,4,,1,29,,46828,0,0,40 41,1,71,,46828,11061,4,,1,29,,46835,0,0,40 41,1,72,,46835,11061,4,,1,28,,46838,0,0,40 41,1,72,,46838,11061,4,,1,28,,46844,0,0,40 41,1,72,,46844,11061,4,,1,28,,46829,0,0,40 41,1,73,,46829,11061,4,,1,27,,46837,0,0,40 41,1,71,,46837,11061,4,,1,29,,46833,0,0,40 41,1,71,,46833,11061,4,,1,29,,46839,0,0,40 41,1,69,,46839,11061,4,,1,31,,46831,0,0,40 41,1,67,,46831,11061,4,,1,33,,46842,0,0,40 41,1,67,,46842,11061,4,,1,33,,46834,0,0,40 41,1,67,,46834,11061,4,,1,33,,46832,0,0,40 41,1,67,,46832,11061,4,,1,33,,46840,0,0,40 41,1,65,,46840,11061,4,,1,35,,46843,0,0,40 41,1,65,,46843,11061,4,,1
4301,'F8',656,,29931,0,0,40 41,1,67,,29931,11061,4,,1,33,,29925,0,0,40 41,1,70,,29925,11061,4,,1,30,,29940,0,0,40 41,1,70,,29940,11061,4,,1,30,,29936,0,0,40 41,1,70,,29936,11061,4,,1,30,,29941,0,0,40 41,1,71,,29941,11061,4,,1,29,,29923,0,0,40 41,1,71,,29923,11061,4,,1,29,,29930,0,0,40 41,1,72,,29930,11061,4,,1,28,,29933,0,0,40 41,1,72,,29933,11061,4,,1,28,,29939,0,0,40 41,1,72,,29939,11061,4,,1,28,,29924,0,0,40 41,1,73,,29924,11061,4,,1,27,,29932,0,0,40 41,1,71,,29932,11061,4,,1,29,,29928,0,0,40 41,1,71,,29928,11061,4,,1,29,,29934,0,0,40 41,1,69,,29934,11061,4,,1,31,,29926,0,0,40 41,1,67,,29926,11061,4,,1,33,,29937,0,0,40 41,1,67,,29937,11061,4,,1,33,,29929,0,0,40 41,1,67,,29929,11061,4,,1,33,,29927,0,0,40 41,1,67,,29927,11061,4,,1,33,,29935,0,0,40 41,1,65,,29935,11061,4,,1,35,,29938,0,0,40 41,1,65,,29938,11061,4,,1
4301,'F9',756,,29957,0,0,40 41,1,70,,29957,11061,4,,1,30,,29950,0,0,40 41,1,70,,29950,11061,4,,1,30,,29951,0,0,40 41,1,70,,29951,11061,4,,1,30,,29952,0,0,40 41,1,71,,29952,11061,4,,1,30,,29953,0,0,40 41,1,71,,29953,11061,4,,1,28,,29942,0,0,40 41,1,72,,29942,11061,4,,1,28,,29943,0,0,40 41,1,72,,29943,11061,4,,1,28,,29948,0,0,40 41,1,72,,29948,11061,4,,1,28,,29949,0,0,40 41,1,73,,29949,11061,4,,1,27,,29954,0,0,40 41,1,71,,29954,11061,4,,1,29,,29944,0,0,40 41,1,71,,29944,11061,4,,1,29,,29945,0,0,40 41,1,69,,29945,11061,4,,1,31,,29946,0,0,40 41,1,67,,29946,11061,4,,1,33,,29955,0,0,40 41,1,67,,29955,11061,4,,1,33,,29947,0,0,40 41,1,67,,29947,11061,4,,1,33,,29958,0,0,40 41,1,67,,29958,11061,4,,1,33,,29956,0,0,40 41,1,65,,29956,11061,4,,1,35,,29959,0,0,40 41,1,65,,29959,11061,4,,1
4301,'SA',656,,29968,0,0,40 41,1,67,,29968,11061,4,,1,33,,29962,0,0,40 41,1,70,,29962,11061,4,,1,30,,29976,0,0,40 41,1,70,,29976,11061,4,,1,30,,29973,0,0,40 41,1,70,,29973,11061,4,,1,30,,29977,0,0,40 41,1,71,,29977,11061,4,,1,29,,29960,0,0,40 41,1,71,,29960,11061,4,,1,29,,29967,0,0,40 41,1,72,,29967,11061,4,,1,28,,29970,0,0,40 41,1,72,,29970,11061,4,,1,28,,8946,0,0,40 41,1,72,,8946,11061,4,,1,28,,29961,0,0,40 41,1,73,,29961,11061,4,,1,27,,29969,0,0,40 41,1,71,,29969,11061,4,,1,29,,29965,0,0,40 41,1,71,,29965,11061,4,,1,29,,29971,0,0,40 41,1,69,,29971,11061,4,,1,31,,29963,0,0,40 41,1,67,,29963,11061,4,,1,33,,29974,0,0,40 41,1,67,,29974,11061,4,,1,33,,29966,0,0,40 41,1,67,,29966,11061,4,,1,33,,29964,0,0,40 41,1,67,,29964,11061,4,,1,33,,29972,0,0,40 41,1,65,,29972,11061,4,,1,35,,29975,0,0,40 41,1,65,,29975,11061,4,,1
4301,'SE',643,,46854,0,0,40 41,1,70,,46854,11061,4,,1,3,,46869,0,0,40 41,1,30,,46869,11061,4,,1,3,,46866,0,0,40 41,1,62,,46858,0,0,40 41,1,8,,46866,11061,4,,1,22,,46858,11061,4,,1,10,,46859,0,0,40 41,1,65,,46849,0,0,40 41,1,5,,46859,11061,4,,1,25,,46849,11061,4,,1,70,,46847,11061,4,,1,30,,46855,0,0,40 41,1,70,,46855,11061,4,,1,30,,46848,0,0,40 41,1,71,,46848,11061,4,,1,29,,46856,0,0,40 41,1,71,,46856,11061,4,,1,29,,46871,0,0,40 41,1,72,,46871,11061,4,,1,24,,46867,0,0,40 41,1,72,,46867,11061,4,,1,2,,46853,0,0,40 41,1,26,,46860,0,0,40 41,1,6,,46853,11061,4,,1,67,,46860,11061,4,,1,8,,46861,0,0,40 41,1,26,,46868,0,0,40 41,1,7,,46861,11061,4,,1,62,,46862,0,0,40 41,1,4,,46868,11061,4,,1,27,,46851,0,0,40 41,1,2,,46862,11061,4,,1,68,,46850,0,0,40 41,1,3,,46851,11061,4,,1,27,,46865,0,0,40 41,1,1,,46850,11061,4,,1,70,,46865,11061,4,,1,29,,46852,0,0,40 41,1,69,,46852,11061,4,,1,31,,46857,0,0,40 41,1,69,,46857,11061,4,,1,31,,46863,0,0,40 41,1,69,,46863,11061,4,,1,31,,46870,0,0,40 41,1,67,,46870,11061,4,,1,33,,46872,0,0,40 41,1,67,,46872,11061,4,,1,33,,46864,0,0,40 41,1,67,,46864,11061,4,,1
4700,'DI',611,,30486,0,,,1,100,,30472,0,,,1,100,,30489,0,,,1,100,,30490,0,,,1,100,,30473,0,,,1,100,,30478,0,,,1,100,,30487,0,,,1,100,,30474,0,,,1,104,,30475,0,,,1,91,,30481,0,,,1,108,,30482,0,,,1,102,,30476,0,,,1,95,,30483,0,,,1,100,,30479,0,,,1,100,,30484,0,,,1,100,,30477,0,,,1,100,,30480,0,,,1,100,,30485,0,,,1,100,,30488,0,,,1,100,,30491,0,,,1
4700,'F1',611,,47077,0,,,1,100,,47063,0,,,1,100,,47080,0,,,1,100,,47081,0,,,1,100,,47064,0,,,1,100,,47069,0,,,1,100,,47078,0,,,1,100,,47065,0,,,1,104,,47066,0,,,1,91,,47072,0,,,1,108,,47073,0,,,1,102,,47067,0,,,1,95,,47074,0,,,1,100,,47070,0,,,1,100,,47075,0,,,1,100,,47068,0,,,1,100,,47071,0,,,1,100,,47076,0,,,1,100,,47079,0,,,1,100,,47082,0,,,1
4700,'F2',611,,47100,0,,,1,103,,47086,0,,,1,101,,47083,0,,,1,96,,47090,0,,,1,96,,47084,0,,,1,104,,47091,0,,,1,100,,47087,0,,,1,100,,47092,0,,,1,95,,47085,0,,,1,104,,47088,0,,,1,100,,47093,0,,,1,101,,47089,0,,,1,100,,47094,0,,,1,100,,47097,0,,,1,100,,47095,0,,,1,100,,47096,0,,,1,100,,47098,0,,,1,100,,47099,0,,,1,100,,47101,0,,,1,100,,47102,0,,,1
4700,'F8',611,,30588,0,,,1,103,,30574,0,,,1,101,,30571,0,,,1,96,,30578,0,,,1,96,,30572,0,,,1,104,,30579,0,,,1,100,,30575,0,,,1,100,,30580,0,,,1,95,,30573,0,,,1,104,,30576,0,,,1,100,,30581,0,,,1,101,,30577,0,,,1,100,,30582,0,,,1,100,,30585,0,,,1,100,,30583,0,,,1,100,,30584,0,,,1,100,,30586,0,,,1,100,,30587,0,,,1,100,,30589,0,,,1,100,,30590,0,,,1
4700,'F9',611,,30605,0,,,1,100,,30591,0,,,1,100,,30608,0,,,1,100,,30609,0,,,1,100,,30592,0,,,1,100,,30597,0,,,1,100,,30606,0,,,1,100,,30593,0,,,1,104,,30594,0,,,1,91,,30600,0,,,1,108,,30601,0,,,1,102,,30595,0,,,1,95,,30602,0,,,1,100,,30598,0,,,1,100,,30603,0,,,1,100,,30596,0,,,1,100,,30599,0,,,1,100,,30604,0,,,1,100,,30607,0,,,1,100,,30610,0,,,1
4700,'SA',611,,30628,0,,,1,103,,30614,0,,,1,101,,30611,0,,,1,96,,30618,0,,,1,96,,30612,0,,,1,104,,30619,0,,,1,100,,30615,0,,,1,100,,30620,0,,,1,95,,30613,0,,,1,104,,30616,0,,,1,100,,30621,0,,,1,101,,30617,0,,,1,100,,30622,0,,,1,100,,30625,0,,,1,100,,30623,0,,,1,100,,30624,0,,,1,100,,30626,0,,,1,100,,30627,0,,,1,100,,30629,0,,,1,100,,30630,0,,,1
4700,'SE',616,,47134,0,,,1,32,,47107,0,,,1,69,,47123,0,,,1,33,,47120,0,,,1,74,,47136,0,,,1,30,,47124,0,,,1,70,,47104,0,,,1,30,,47117,0,,,1,70,,47133,0,,,1,30,,47118,0,,,1,70,,47121,0,,,1,30,,47130,0,,,1,70,,47108,0,,,1,30,,47114,0,,,1,70,,47139,0,,,1,30,,47128,0,,,1,70,,47109,0,,,1,30,,47137,0,,,1,68,,47115,0,,,1,28,,47140,0,,,1,74,,47131,0,,,1,15,,47122,0,,,1,15,,47125,0,,,1,55,,47112,0,,,1,15,,47138,0,,,1,15,,47132,0,,,1,15,,47116,0,,,1,55,,47106,0,,,1,15,,47113,0,,,1,18,,47110,0,,,1,70,,47129,0,,,1,30,,47119,0,,,1,70,,47111,0,,,1,30,,47135,0,,,1,70,,47126,0,,,1,30,,47141,0,,,1,100,,47127,0,,,1,100,,47103,0,,,1,100,,47105,0,,,1
4701,'DI',713,,30682,10239,4,,1,100,,30668,10239,4,,1,101,,30670,10239,4,,1,100,,30686,10239,4,,1,100,,30669,10239,4,,1,100,,30674,10239,4,,1,100,,30683,10239,4,,1,100,,30671,10239,4,,1,104,,30672,10239,4,,1,91,,30677,10239,4,,1,108,,30678,10239,4,,1,101,,30673,10239,4,,1,95,,30679,10239,4,,1,96,,30675,10239,4,,1,100,,30680,10239,4,,1,98,,30684,10239,4,,1,100,,30676,10239,4,,1,100,,30681,10239,4,,1,100,,30685,10239,4,,1
4701,'F1',713,,47156,10239,4,,1,100,,47142,10239,4,,1,101,,47144,10239,4,,1,100,,47160,10239,4,,1,100,,47143,10239,4,,1,100,,47148,10239,4,,1,100,,47157,10239,4,,1,100,,47145,10239,4,,1,104,,47146,10239,4,,1,91,,47151,10239,4,,1,108,,47152,10239,4,,1,101,,47147,10239,4,,1,95,,47153,10239,4,,1,96,,47149,10239,4,,1,100,,47154,10239,4,,1,98,,47158,10239,4,,1,100,,47150,10239,4,,1,100,,47155,10239,4,,1,100,,47159,10239,4,,1
4701,'F2',713,,47177,10239,4,,1,103,,47164,10239,4,,1,102,,47161,10239,4,,1,96,,47168,10239,4,,1,96,,47162,10239,4,,1,104,,47169,10239,4,,1,100,,47165,10239,4,,1,100,,47170,10239,4,,1,95,,47163,10239,4,,1,104,,47166,10239,4,,1,100,,47171,10239,4,,1,101,,47167,10239,4,,1,99,,47172,10239,4,,1,96,,47175,10239,4,,1,100,,47173,10239,4,,1,96,,47174,10239,4,,1,100,,47176,10239,4,,1,100,,47178,10239,4,,1,100,,47179,10239,4,,1,100,,47180,10239,4,,1
4701,'F8',713,,30784,10239,4,,1,103,,30771,10239,4,,1,102,,30768,10239,4,,1,96,,30775,10239,4,,1,96,,30769,10239,4,,1,104,,30776,10239,4,,1,100,,30772,10239,4,,1,100,,30777,10239,4,,1,95,,30770,10239,4,,1,104,,30773,10239,4,,1,100,,30778,10239,4,,1,101,,30774,10239,4,,1,99,,30779,10239,4,,1,96,,30782,10239,4,,1,100,,30780,10239,4,,1,96,,30781,10239,4,,1,100,,30783,10239,4,,1,100,,30785,10239,4,,1,100,,30786,10239,4,,1,100,,30787,10239,4,,1
4701,'F9',713,,30802,10239,4,,1,100,,30788,10239,4,,1,101,,30790,10239,4,,1,100,,30806,10239,4,,1,100,,30789,10239,4,,1,100,,30794,10239,4,,1,100,,30803,10239,4,,1,100,,30791,10239,4,,1,104,,30792,10239,4,,1,91,,30797,10239,4,,1,108,,30798,10239,4,,1,101,,30793,10239,4,,1,95,,30799,10239,4,,1,96,,30795,10239,4,,1,100,,30800,10239,4,,1,98,,30804,10239,4,,1,100,,30796,10239,4,,1,100,,30801,10239,4,,1,100,,30805,10239,4,,1
4701,'SA',713,,30823,10239,4,,1,103,,30810,10239,4,,1,102,,30807,10239,4,,1,96,,30814,10239,4,,1,96,,30808,10239,4,,1,104,,30815,10239,4,,1,100,,30811,10239,4,,1,100,,30816,10239,4,,1,95,,30809,10239,4,,1,104,,30812,10239,4,,1,100,,30817,10239,4,,1,101,,30813,10239,4,,1,99,,30818,10239,4,,1,96,,30821,10239,4,,1,100,,30819,10239,4,,1,96,,30820,10239,4,,1,100,,30822,10239,4,,1,100,,30824,10239,4,,1,100,,30825,10239,4,,1,100,,30826,10239,4,,1
4701,'SE',631,,47192,10239,4,,1,71,,47184,10239,4,,1,20,,47196,10239,4,,1,15,,47197,10239,4,,1,15,,47199,10239,4,,1,55,,47218,10239,4,,1,15,,47206,10239,4,,1,15,,47217,10239,4,,1,18,,47203,10239,4,,1,60,,47216,10239,4,,1,19,,47198,10239,4,,1,20,,47207,10239,4,,1,70,,47195,10239,4,,1,30,,47200,10239,4,,1,70,,47215,10239,4,,1,30,,47201,10239,4,,1,70,,47204,10239,4,,1,30,,47212,10239,4,,1,70,,47186,10239,4,,1,30,,47193,10239,4,,1,70,,47220,10239,4,,1,30,,47210,10239,4,,1,70,,47187,10239,4,,1,31,,47185,10239,4,,1,71,,47194,10239,4,,1,33,,47190,10239,4,,1,73,,47213,10239,4,,1,18,,47205,10239,4,,1,67,,47191,10239,4,,1,28,,47214,10239,4,,1,70,,47183,10239,4,,1,32,,47188,10239,4,,1,63,,47211,10239,4,,1,30,,47202,10239,4,,1,70,,47189,10239,4,,1,29,,47219,10239,4,,1,70,,47208,10239,4,,1,30,,47221,10239,4,,1,100,,47209,10239,4,,1,100,,47181,10239,4,,1,100,,47182,10239,4,,1
4900,'DI',602,,30870,0,,,2,100,,30882,0,,,2,100,,30871,0,,,2,100,,30877,0,,,2,100,,30878,0,,,2,100,,30879,0,,,2,100,,30880,0,,,2,100,,30881,0,,,2,100,,30872,0,,,2,100,,30873,0,,,2,100,,30883,0,,,2,100,,30884,0,,,2,100,,30869,0,,,2,100,,30874,0,,,2,100,,30875,0,,,2,100,,30885,0,,,2,100,,30886,0,,,2,100,,30876,0,,,2,100,,30868,0,,,2
4900,'F1',602,,47224,0,,,2,100,,47236,0,,,2,100,,47225,0,,,2,100,,47231,0,,,2,100,,47232,0,,,2,100,,47233,0,,,2,100,,47234,0,,,2,100,,47235,0,,,2,100,,47226,0,,,2,100,,47227,0,,,2,100,,47237,0,,,2,100,,47238,0,,,2,100,,47223,0,,,2,100,,47228,0,,,2,100,,47229,0,,,2,100,,47239,0,,,2,100,,47240,0,,,2,100,,47230,0,,,2,100,,47222,0,,,2
4900,'F2',602,,47257,0,,,2,100,,47241,0,,,2,100,,47258,0,,,2,100,,47250,0,,,2,100,,47244,0,,,2,100,,47245,0,,,2,100,,47246,0,,,2,100,,47247,0,,,2,100,,47251,0,,,2,100,,47252,0,,,2,100,,47253,0,,,2,100,,47254,0,,,2,100,,47255,0,,,2,100,,47242,0,,,2,100,,47256,0,,,2,100,,47248,0,,,2,100,,47243,0,,,2,100,,47259,0,,,2,100,,47249,0,,,2,100,,47260,0,,,2
4900,'F8',602,,30979,0,,,2,100,,30963,0,,,2,100,,30980,0,,,2,100,,30972,0,,,2,100,,30966,0,,,2,100,,30967,0,,,2,100,,30968,0,,,2,100,,30969,0,,,2,100,,30973,0,,,2,100,,30974,0,,,2,100,,30975,0,,,2,100,,30976,0,,,2,100,,30977,0,,,2,100,,30964,0,,,2,100,,30978,0,,,2,100,,30970,0,,,2,100,,30965,0,,,2,100,,30981,0,,,2,100,,30971,0,,,2,100,,30982,0,,,2
4900,'F9',602,,30985,0,,,2,100,,30997,0,,,2,100,,30986,0,,,2,100,,30992,0,,,2,100,,30993,0,,,2,100,,30994,0,,,2,100,,30995,0,,,2,100,,30996,0,,,2,100,,30987,0,,,2,100,,30988,0,,,2,100,,30998,0,,,2,100,,30999,0,,,2,100,,30984,0,,,2,100,,30989,0,,,2,100,,30990,0,,,2,100,,31000,0,,,2,100,,31001,0,,,2,100,,30991,0,,,2,100,,30983,0,,,2
4900,'SA',602,,31018,0,,,2,100,,31002,0,,,2,100,,31019,0,,,2,100,,31011,0,,,2,100,,31005,0,,,2,100,,31006,0,,,2,100,,31007,0,,,2,100,,31008,0,,,2,100,,31012,0,,,2,100,,31013,0,,,2,100,,31014,0,,,2,100,,31015,0,,,2,100,,31016,0,,,2,100,,31003,0,,,2,100,,31017,0,,,2,100,,31009,0,,,2,100,,31004,0,,,2,100,,31020,0,,,2,100,,31010,0,,,2,100,,31021,0,,,2
4900,'SE',604,,47275,0,,,2,30,,47273,0,,,2,20,,47276,0,,,2,57,,47274,0,,,2,20,,47271,0,,,2,20,,47264,0,,,2,60,,47284,0,,,2,20,,47266,0,,,2,72,,47272,0,,,2,101,,47287,0,,,2,100,,47286,0,,,2,101,,47267,0,,,2,100,,47268,0,,,2,97,,47289,0,,,2,100,,47262,0,,,2,100,,47269,0,,,2,20,,47277,0,,,2,20,,47263,0,,,2,60,,47285,0,,,2,20,,47278,0,,,2,20,,47279,0,,,2,61,,47270,0,,,2,30,,47280,0,,,2,69,,47261,0,,,2,100,,47288,0,,,2,100,,47290,0,,,2,100,,47281,0,,,2,100,,47283,0,,,2,100,,47265,0,,,2,100,,47282,0,,,2
4901,'DI',634,,31060,7793,4,,2,100,,31072,7793,4,,2,100,,31061,7793,4,,2,101,,31067,7793,4,,2,103,,31068,7793,4,,2,100,,31069,7793,4,,2,100,,31070,7793,4,,2,100,,31071,7793,4,,2,100,,31062,7793,4,,2,100,,31063,7793,4,,2,100,,31073,7793,4,,2,100,,31074,7793,4,,2,98,,31059,7793,4,,2,99,,31064,7793,4,,2,99,,31065,7793,4,,2,100,,31075,7793,4,,2,100,,31076,7793,4,,2,98,,31066,7793,4,,2,100,,31058,7793,4,,2
4901,'F1',634,,47293,7793,4,,2,100,,47305,7793,4,,2,100,,47294,7793,4,,2,101,,47300,7793,4,,2,103,,47301,7793,4,,2,100,,47302,7793,4,,2,100,,47303,7793,4,,2,100,,47304,7793,4,,2,100,,47295,7793,4,,2,100,,47296,7793,4,,2,100,,47306,7793,4,,2,100,,47307,7793,4,,2,98,,47292,7793,4,,2,99,,47297,7793,4,,2,99,,47298,7793,4,,2,100,,47308,7793,4,,2,100,,47309,7793,4,,2,98,,47299,7793,4,,2,100,,47291,7793,4,,2
4901,'F2',634,,47326,7793,4,,2,100,,47310,7793,4,,2,100,,47327,7793,4,,2,101,,47319,7793,4,,2,103,,47313,7793,4,,2,100,,47314,7793,4,,2,100,,47315,7793,4,,2,100,,47316,7793,4,,2,100,,47320,7793,4,,2,100,,47321,7793,4,,2,100,,47322,7793,4,,2,100,,47323,7793,4,,2,98,,47324,7793,4,,2,99,,47311,7793,4,,2,99,,47325,7793,4,,2,100,,47317,7793,4,,2,100,,47312,7793,4,,2,98,,47328,7793,4,,2,100,,47318,7793,4,,2
4901,'F8',634,,31169,7793,4,,2,100,,31153,7793,4,,2,100,,31170,7793,4,,2,101,,31162,7793,4,,2,103,,31156,7793,4,,2,100,,31157,7793,4,,2,100,,31158,7793,4,,2,100,,31159,7793,4,,2,100,,31163,7793,4,,2,100,,31164,7793,4,,2,100,,31165,7793,4,,2,100,,31166,7793,4,,2,98,,31167,7793,4,,2,99,,31154,7793,4,,2,99,,31168,7793,4,,2,100,,31160,7793,4,,2,100,,31155,7793,4,,2,98,,31171,7793,4,,2,100,,31161,7793,4,,2
4901,'F9',634,,31175,7793,4,,2,100,,31187,7793,4,,2,100,,31176,7793,4,,2,101,,31182,7793,4,,2,103,,31183,7793,4,,2,100,,31184,7793,4,,2,100,,31185,7793,4,,2,100,,31186,7793,4,,2,100,,31177,7793,4,,2,100,,31178,7793,4,,2,100,,31188,7793,4,,2,100,,31189,7793,4,,2,98,,31174,7793,4,,2,99,,31179,7793,4,,2,99,,31180,7793,4,,2,100,,31190,7793,4,,2,100,,31191,7793,4,,2,98,,31181,7793,4,,2,100,,31173,7793,4,,2
4901,'SA',634,,31208,7793,4,,2,100,,31192,7793,4,,2,100,,31209,7793,4,,2,101,,31201,7793,4,,2,103,,31195,7793,4,,2,100,,31196,7793,4,,2,100,,31197,7793,4,,2,100,,31198,7793,4,,2,100,,31202,7793,4,,2,100,,31203,7793,4,,2,100,,31204,7793,4,,2,100,,31205,7793,4,,2,98,,31206,7793,4,,2,99,,31193,7793,4,,2,99,,31207,7793,4,,2,100,,31199,7793,4,,2,100,,31194,7793,4,,2,98,,31210,7793,4,,2,100,,31200,7793,4,,2
4901,'SE',634,,47344,7793,4,,2,70,,47342,7793,4,,2,24,,47345,7793,4,,2,20,,47343,7793,4,,2,60,,47340,7793,4,,2,19,,47333,7793,4,,2,20,,47353,7793,4,,2,60,,47335,7793,4,,2,29,,47341,7793,4,,2,101,,47356,7793,4,,2,101,,47355,7793,4,,2,101,,47336,7793,4,,2,100,,47337,7793,4,,2,98,,47358,7793,4,,2,100,,47331,7793,4,,2,103,,47338,7793,4,,2,60,,47346,7793,4,,2,20,,47332,7793,4,,2,19,,47354,7793,4,,2,20,,47347,7793,4,,2,60,,47348,7793,4,,2,20,,47339,7793,4,,2,70,,47349,7793,4,,2,26,,47330,7793,4,,2,100,,47357,7793,4,,2,99,,47359,7793,4,,2,100,,47350,7793,4,,2,99,,47352,7793,4,,2,100,,47334,7793,4,,2
5000,'DI',714,,31252,0,,,2,100,,31260,0,,,2,100,,31258,0,,,2,103,,31259,0,,,2,94,,31261,0,,,2,103,,31262,0,,,2,103,,31263,0,,,2,97,,31251,0,,,2,96,,31264,0,,,2,103,,31249,0,,,2,106,,31248,0,,,2,95,,31257,0,,,2,100,,31250,0,,,2,100,,31253,0,,,2,100,,31255,0,,,2,100,,31265,0,,,2,100,,31254,0,,,2,100,,31256,0,,,2,100,,31266,0,,,2
5000,'F1',714,,47364,0,,,2,100,,47372,0,,,2,100,,47370,0,,,2,103,,47371,0,,,2,94,,47373,0,,,2,103,,47374,0,,,2,103,,47375,0,,,2,97,,47363,0,,,2,96,,47376,0,,,2,103,,47361,0,,,2,106,,47360,0,,,2,95,,47369,0,,,2,100,,47362,0,,,2,100,,47365,0,,,2,100,,47367,0,,,2,100,,47377,0,,,2,100,,47366,0,,,2,100,,47368,0,,,2,100,,47378,0,,,2
5000,'F2',614,,47386,0,,,2,98,,47385,0,,,2,102,,47390,0,,,2,97,,47394,0,,,2,103,,47395,0,,,2,96,,47399,0,,,2,102,,47396,0,,,2,98,,47380,0,,,2,99,,47381,0,,,2,103,,47382,0,,,2,103,,47383,0,,,2,103,,47384,0,,,2,96,,47387,0,,,2,100,,47398,0,,,2,100,,47397,0,,,2,100,,47388,0,,,2,97,,47391,0,,,2,103,,47392,0,,,2,101,,47393,0,,,2,99,,47389,0,,,2
5000,'F8',614,,31342,0,,,2,98,,31341,0,,,2,102,,31346,0,,,2,97,,31350,0,,,2,103,,31351,0,,,2,96,,31355,0,,,2,102,,31352,0,,,2,98,,31336,0,,,2,99,,31337,0,,,2,103,,31338,0,,,2,103,,31339,0,,,2,103,,31340,0,,,2,96,,31343,0,,,2,100,,31354,0,,,2,100,,31353,0,,,2,100,,31344,0,,,2,97,,31347,0,,,2,103,,31348,0,,,2,101,,31349,0,,,2,99,,31345,0,,,2
5000,'F9',714,,31360,0,,,2,100,,31368,0,,,2,100,,31366,0,,,2,103,,31367,0,,,2,94,,31369,0,,,2,103,,31370,0,,,2,103,,31371,0,,,2,97,,31359,0,,,2,96,,31372,0,,,2,103,,31357,0,,,2,106,,31356,0,,,2,95,,31365,0,,,2,100,,31358,0,,,2,100,,31361,0,,,2,100,,31363,0,,,2,100,,31373,0,,,2,100,,31362,0,,,2,100,,31364,0,,,2,100,,31374,0,,,2
5000,'SA',614,,31382,0,,,2,98,,31381,0,,,2,102,,31386,0,,,2,97,,31390,0,,,2,103,,31391,0,,,2,96,,31395,0,,,2,102,,31392,0,,,2,98,,31376,0,,,2,99,,31377,0,,,2,103,,31378,0,,,2,103,,31379,0,,,2,103,,31380,0,,,2,96,,31383,0,,,2,100,,31394,0,,,2,100,,31393,0,,,2,100,,31384,0,,,2,97,,31387,0,,,2,103,,31388,0,,,2,101,,31389,0,,,2,99,,31385,0,,,2
5000,'SE',704,,47411,0,,,2,30,,47409,0,,,2,70,,47423,0,,,2,33,,47404,0,,,2,67,,47408,0,,,2,100,,47424,0,,,2,100,,47400,0,,,2,100,,47413,0,,,2,100,,47406,0,,,2,99,,47402,0,,,2,102,,47414,0,,,2,28,,47425,0,,,2,70,,47419,0,,,2,34,,47426,0,,,2,66,,47405,0,,,2,30,,47421,0,,,2,70,,47420,0,,,2,31,,47407,0,,,2,70,,47417,0,,,2,100,,47415,0,,,2,100,,47418,0,,,2,100,,47427,0,,,2,100,,47416,0,,,2,100,,47401,0,,,2,100,,47403,0,,,2
5001,'DI',710,,31443,11532,4,,2,102,,31428,11532,4,,2,100,,31436,11532,4,,2,100,,31434,11532,4,,2,103,,31435,11532,4,,2,94,,31437,11532,4,,2,103,,31438,11532,4,,2,103,,31439,11532,4,,2,97,,31427,11532,4,,2,96,,31440,11532,4,,2,103,,31425,11532,4,,2,106,,31424,11532,4,,2,95,,31433,11532,4,,2,100,,31426,11532,4,,2,100,,31429,11532,4,,2,100,,31431,11532,4,,2,100,,31441,11532,4,,2,100,,31430,11532,4,,2,100,,31432,11532,4,,2
5001,'F1',710,,47447,11532,4,,2,102,,47432,11532,4,,2,100,,47440,11532,4,,2,100,,47438,11532,4,,2,103,,47439,11532,4,,2,94,,47441,11532,4,,2,103,,47442,11532,4,,2,103,,47443,11532,4,,2,97,,47431,11532,4,,2,96,,47444,11532,4,,2,103,,47429,11532,4,,2,106,,47428,11532,4,,2,95,,47437,11532,4,,2,100,,47430,11532,4,,2,100,,47433,11532,4,,2,100,,47435,11532,4,,2,100,,47445,11532,4,,2,100,,47434,11532,4,,2,100,,47436,11532,4,,2
5001,'F2',712,,47454,11532,4,,2,98,,47453,11532,4,,2,102,,47458,11532,4,,2,97,,47462,11532,4,,2,103,,47463,11532,4,,2,96,,47467,11532,4,,2,102,,47464,11532,4,,2,98,,47448,11532,4,,2,99,,47449,11532,4,,2,103,,47450,11532,4,,2,103,,47451,11532,4,,2,103,,47452,11532,4,,2,96,,47455,11532,4,,2,100,,47466,11532,4,,2,100,,47465,11532,4,,2,100,,47456,11532,4,,2,97,,47459,11532,4,,2,103,,47460,11532,4,,2,101,,47461,11532,4,,2
5001,'F8',712,,31519,11532,4,,2,98,,31518,11532,4,,2,102,,31523,11532,4,,2,97,,31527,11532,4,,2,103,,31528,11532,4,,2,96,,31532,11532,4,,2,102,,31529,11532,4,,2,98,,31513,11532,4,,2,99,,31514,11532,4,,2,103,,31515,11532,4,,2,103,,31516,11532,4,,2,103,,31517,11532,4,,2,96,,31520,11532,4,,2,100,,31531,11532,4,,2,100,,31530,11532,4,,2,100,,31521,11532,4,,2,97,,31524,11532,4,,2,103,,31525,11532,4,,2,101,,31526,11532,4,,2
5001,'F9',710,,31552,11532,4,,2,102,,31537,11532,4,,2,100,,31545,11532,4,,2,100,,31543,11532,4,,2,103,,31544,11532,4,,2,94,,31546,11532,4,,2,103,,31547,11532,4,,2,103,,31548,11532,4,,2,97,,31536,11532,4,,2,96,,31549,11532,4,,2,103,,31534,11532,4,,2,106,,31533,11532,4,,2,95,,31542,11532,4,,2,100,,31535,11532,4,,2,100,,31538,11532,4,,2,100,,31540,11532,4,,2,100,,31550,11532,4,,2,100,,31539,11532,4,,2,100,,31541,11532,4,,2
5001,'SA',712,,31559,11532,4,,2,98,,31558,11532,4,,2,102,,31563,11532,4,,2,97,,31567,11532,4,,2,103,,31568,11532,4,,2,96,,31572,11532,4,,2,102,,31569,11532,4,,2,98,,31553,11532,4,,2,99,,31554,11532,4,,2,103,,31555,11532,4,,2,103,,31556,11532,4,,2,103,,31557,11532,4,,2,96,,31560,11532,4,,2,100,,31571,11532,4,,2,100,,31570,11532,4,,2,100,,31561,11532,4,,2,97,,31564,11532,4,,2,103,,31565,11532,4,,2,101,,31566,11532,4,,2
5001,'SE',603,,47477,11532,4,,2,30,,47479,11532,4,,2,70,,47491,11532,4,,2,32,,47481,11532,4,,2,70,,47480,11532,4,,2,30,,47478,11532,4,,2,70,,47492,11532,4,,2,30,,47472,11532,4,,2,67,,47476,11532,4,,2,100,,47493,11532,4,,2,100,,47468,11532,4,,2,100,,47482,11532,4,,2,100,,47474,11532,4,,2,99,,47470,11532,4,,2,102,,47483,11532,4,,2,28,,47494,11532,4,,2,73,,47488,11532,4,,2,34,,47495,11532,4,,2,66,,47473,11532,4,,2,30,,47490,11532,4,,2,70,,47489,11532,4,,2,98,,47486,11532,4,,2,100,,47484,11532,4,,2,100,,47487,11532,4,,2,100,,47496,11532,4,,2,100,,47485,11532,4,,2,100,,47469,11532,4,,2
5900,'SE',648,,47711,0,,,2,60,,47713,0,,,2,30,,47712,0,,,2,890,,47717,0,,,2,27,,47715,0,,,2,64,,47714,0,,,2,24,,47719,0,,,2,60,,47718,0,,,2,33,,47716,0,,,2
5901,'SE',611,,47720,11579,4,,2,30,,47722,11579,4,,2,72,,47721,11579,4,,2,20,,47723,11579,4,,2,20,,47725,11579,4,,2,70,,47724,11579,4,,2,895,,47728,5283,4,,2,27,,47727,5283,4,,2,66,,47726,5283,4,,2,22,,47729,5283,4,,2
