3400,'SE',641,,28848,741,0,27,2,80,,28847,741,0,27,2,30,,28849,741,0,27,2,69,,28850,741,0,27,2,804,,28851,741,0,27,2,26,,28854,741,0,27,2,60,,28852,741,0,27,2,20,,28855,741,0,27,2,70,,28853,741,0,27,2,34,,28856,741,0,27,2
5401,'DI',610,,31846,721,,,1,100,,31863,721,,,1,100,,31858,721,,,1,103,,31864,721,,,1,102,,31859,721,,,1,100,,31844,721,,,1,101,,31868,721,,,1,30,,31845,721,,,1,70,,31867,721,,,1,30,,31869,721,,,1,70,,31856,721,,,1,30,,31865,721,,,1,69,,31857,721,,,1,31,,31860,721,,,1,69,,31861,721,,,1,31,,31851,721,,,1,69,,31866,721,,,1,31,,31862,721,,,1,70,,31847,721,,,1,31,,31852,721,,,1,77,,31848,721,,,1,100,,31849,721,,,1,100,,31850,721,,,1,100,,31853,721,,,1,100,,31854,721,,,1,99,,31855,721,,,1
5401,'F8',611,,31986,721,,,1,30,,31995,721,,,1,70,,31990,721,,,1,30,,31989,721,,,1,70,,31987,721,,,1,32,,31977,721,,,1,72,,31975,721,,,1,31,,31996,721,,,1,68,,31988,721,,,1,30,,31976,721,,,1,72,,31978,721,,,1,30,,31985,721,,,1,70,,31997,721,,,1,31,,31979,721,,,1,70,,31991,721,,,1,30,,31998,721,,,1,70,,31972,721,,,1,25,,31992,721,,,1,74,,31980,721,,,1,30,,31973,721,,,1,71,,31993,721,,,1,30,,31981,721,,,1,70,,31974,721,,,1,30,,31994,721,,,1,70,,31983,721,,,1,30,,31982,721,,,1,77,,31984,721,,,1,100,,31999,721,,,1,100,,32000,721,,,1,100,,32001,721,,,1,100,,32002,721,,,1,99,,32003,721,,,1,100,,32004,721,,,1
5401,'F9',610,,32007,721,,,1,100,,32024,721,,,1,100,,32019,721,,,1,103,,32025,721,,,1,102,,32020,721,,,1,100,,32005,721,,,1,101,,32029,721,,,1,30,,32006,721,,,1,70,,32028,721,,,1,30,,32030,721,,,1,70,,32017,721,,,1,30,,32026,721,,,1,69,,32018,721,,,1,31,,32021,721,,,1,69,,32022,721,,,1,31,,32012,721,,,1,69,,32027,721,,,1,31,,32023,721,,,1,70,,32008,721,,,1,31,,32013,721,,,1,77,,32009,721,,,1,100,,32010,721,,,1,100,,32011,721,,,1,100,,32014,721,,,1,100,,32015,721,,,1,99,,32016,721,,,1
5401,'SA',611,,32045,721,,,1,30,,32054,721,,,1,70,,32049,721,,,1,30,,32048,721,,,1,70,,32046,721,,,1,32,,32036,721,,,1,72,,32034,721,,,1,31,,10810,721,,,1,68,,32047,721,,,1,30,,32035,721,,,1,72,,32037,721,,,1,30,,32044,721,,,1,70,,32055,721,,,1,31,,32038,721,,,1,70,,32050,721,,,1,30,,10812,721,,,1,70,,32031,721,,,1,25,,32051,721,,,1,74,,32039,721,,,1,30,,32032,721,,,1,71,,32052,721,,,1,30,,32040,721,,,1,70,,32033,721,,,1,30,,32053,721,,,1,70,,32042,721,,,1,30,,32041,721,,,1,77,,32043,721,,,1,100,,32056,721,,,1,100,,32057,721,,,1,100,,32058,721,,,1,100,,32059,721,,,1,99,,32060,721,,,1,100,,32061,721,,,1
5401,'SE',553,,32075,721,,,1,70,,32073,721,,,1,30,,32062,721,,,1,76,,32066,721,,,1,23,,32069,721,,,1,70,,32063,721,,,1,34,,32070,721,,,1,72,,32068,721,,,1,30,,32089,721,,,1,70,,32091,721,,,1,30,,32084,721,,,1,70,,32081,721,,,1,30,,32064,721,,,1,70,,32072,721,,,1,30,,32065,721,,,1,71,,32092,721,,,1,30,,32077,721,,,1,70,,32067,721,,,1,71,,32082,721,,,1,28,,32071,721,,,1,29,,32094,721,,,1,71,,32074,721,,,1,24,,32080,721,,,1,74,,32083,721,,,1,23,,32087,721,,,1,75,,32078,721,,,1,30,,32093,721,,,1,73,,32090,721,,,1,29,,32085,721,,,1,68,,32096,721,,,1,30,,32095,721,,,1,70,,32088,721,,,1,99,,32097,721,,,1,100,,32086,721,,,1,100,,32076,721,,,1,100,,32079,721,,,1
5900,'SE',649,,32164,741,,,2,60,,32163,741,,,2,30,,32165,741,,,2,890,,32169,741,,,2,27,,32171,741,,,2,65,,32167,741,,,2,24,,32168,741,,,2,59,,32166,741,,,2,33,,32170,741,,,2
7701,'DI',758,,35180,5843,0,25 26,1,100,,35183,5843,0,25 26,1,100,,35181,5843,0,25 26,1,100,,35184,5843,0,25 26,1,100,,35182,5843,0,25 26,1,100,,35179,5843,0,25 26,1,100,,35185,5843,0,25 26,1,100,,35188,5843,0,25 26,1,100,,35178,5843,0,25 26,1,100,,35189,5843,0,25 26,1,100,,35190,5843,0,25 26,1,99,,35191,5843,0,25 26,1,99,,35186,5843,0,25 26,1,100,,35192,5843,0,25 26,1,100,,35187,5843,0,25 26,1
7701,'F8',758,,35276,5843,0,25 26,1,100,,35267,5843,0,25 26,1,100,,35263,5843,0,25 26,1,100,,35268,5843,0,25 26,1,100,,35264,5843,0,25 26,1,100,,35266,5843,0,25 26,1,100,,35269,5843,0,25 26,1,97,,35262,5843,0,25 26,1,103,,35270,5843,0,25 26,1,99,,35272,5843,0,25 26,1,101,,35271,5843,0,25 26,1,99,,35273,5843,0,25 26,1,99,,35274,5843,0,25 26,1,100,,35265,5843,0,25 26,1,100,,35275,5843,0,25 26,1
7701,'F9',758,,35279,5843,0,25 26,1,100,,35282,5843,0,25 26,1,100,,35280,5843,0,25 26,1,100,,35283,5843,0,25 26,1,100,,35281,5843,0,25 26,1,100,,35278,5843,0,25 26,1,100,,35284,5843,0,25 26,1,100,,35287,5843,0,25 26,1,100,,35277,5843,0,25 26,1,100,,35288,5843,0,25 26,1,100,,35289,5843,0,25 26,1,99,,35290,5843,0,25 26,1,99,,35285,5843,0,25 26,1,100,,35291,5843,0,25 26,1,100,,35286,5843,0,25 26,1
7701,'SA',758,,35305,5843,0,25 26,1,100,,35296,5843,0,25 26,1,100,,35293,5843,0,25 26,1,100,,35297,5843,0,25 26,1,100,,13757,5843,0,25 26,1,100,,35295,5843,0,25 26,1,100,,35298,5843,0,25 26,1,97,,35292,5843,0,25 26,1,103,,35299,5843,0,25 26,1,99,,35301,5843,0,25 26,1,101,,35300,5843,0,25 26,1,99,,35302,5843,0,25 26,1,99,,35303,5843,0,25 26,1,100,,35294,5843,0,25 26,1,100,,35304,5843,0,25 26,1
7701,'SE',638,,35312,5843,0,25 26,1,11,,35308,5843,0,25 26,1,7,,35315,5843,0,25 26,1,47,,35318,5843,0,25 26,1,12,,35309,5843,0,25 26,1,2,,35321,5843,0,25 26,1,8,,35314,5843,0,25 26,1,18,,35319,5843,0,25 26,1,73,,35323,5843,0,25 26,1,28,,35316,5843,0,25 26,1,67,,35322,5843,0,25 26,1,5,,35310,5843,0,25 26,1,31,,35320,5843,0,25 26,1,70,,35324,5843,0,25 26,1,30,,35317,5843,0,25 26,1,70,,35311,5843,0,25 26,1,30,,35326,5843,0,25 26,1,70,,35325,5843,0,25 26,1,30,,35328,5843,0,25 26,1,71,,35329,5843,0,25 26,1,33,,35327,5843,0,25 26,1,70,,35330,5843,0,25 26,1,30,,35334,5843,0,25 26,1,69,,35336,5843,0,25 26,1,20,,35338,5843,0,25 26,1,60,,35341,5843,0,25 26,1,20,,35331,5843,0,25 26,1,20,,35335,5843,0,25 26,1,19,,35313,5843,0,25 26,1,58,,35337,5843,0,25 26,1,22,,35339,5843,0,25 26,1,71,,13794,5843,0,25 26,1,24,,35332,5843,0,25 26,1,73,,35340,5843,0,25 26,1,32,,35333,5843,0,25 26,1,70,,35342,5843,0,25 26,1,31,,35343,5843,0,25 26,1,71,,35307,5843,0,25 26,1,24,,35306,5843,0,25 26,1
