1000,'DI',647,,53753,8403,,,1,70,,53765,8403,,,1,30,,53742,8403,,,1,70,,53766,8403,,,1,38,,53754,8403,,,1,70,,53744,8403,,,1,30,,53755,8403,,,1,70,,53745,8403,,,1,30,,53756,8403,,,1,70,,53746,8403,,,1,30,,53757,8403,,,1,70,,53747,8403,,,1,30,,53758,8403,,,1,70,,53748,8403,,,1,30,,53759,8403,,,1,70,,53749,8403,,,1,30,,53760,8403,,,1,70,,53750,8403,,,1,30,,53761,8403,,,1,70,,53751,8403,,,1,30,,53762,8403,,,1,70,,53752,8403,,,1,30,,53763,8403,,,1,70,,53743,8403,,,1,81,,53738,8403,,,1,100,,53739,8403,,,1,100,,53740,8403,,,1,100,,53741,8403,,,1,100,,53767,8403,,,1,100,,53768,8403,,,1,100,,53769,8403,,,1
1000,'F1',647,,53785,8403,,,1,70,,53797,8403,,,1,30,,53774,8403,,,1,70,,53798,8403,,,1,38,,53786,8403,,,1,70,,53776,8403,,,1,30,,53787,8403,,,1,70,,53777,8403,,,1,30,,53788,8403,,,1,70,,53778,8403,,,1,30,,53789,8403,,,1,70,,53779,8403,,,1,30,,53790,8403,,,1,70,,53780,8403,,,1,30,,53791,8403,,,1,70,,53781,8403,,,1,30,,53792,8403,,,1,70,,53782,8403,,,1,30,,53793,8403,,,1,70,,53783,8403,,,1,30,,53794,8403,,,1,70,,53784,8403,,,1,30,,53795,8403,,,1,70,,53775,8403,,,1,81,,53770,8403,,,1,100,,53771,8403,,,1,100,,53772,8403,,,1,100,,53773,8403,,,1,100,,53799,8403,,,1,100,,53800,8403,,,1,100,,53801,8403,,,1
1000,'F2',616,,53806,8403,,,1,30,,53809,8403,,,1,70,,53804,8403,,,1,30,,53816,8403,,,1,70,,53807,8403,,,1,38,,53812,8403,,,1,70,,53832,8403,,,1,30,,53817,8403,,,1,70,,53833,8403,,,1,30,,53818,8403,,,1,70,,53834,8403,,,1,30,,53819,8403,,,1,72,,53802,8403,,,1,30,,53820,8403,,,1,70,,53810,8403,,,1,30,,53821,8403,,,1,70,,53811,8403,,,1,30,,53822,8403,,,1,70,,53813,8403,,,1,30,,53823,8403,,,1,70,,53814,8403,,,1,29,,53824,8403,,,1,71,,53815,8403,,,1,30,,53808,8403,,,1,70,,53803,8403,,,1,81,,53825,8403,,,1,100,,53826,8403,,,1,100,,53827,8403,,,1,100,,53828,8403,,,1,100,,53829,8403,,,1,100,,53830,8403,,,1,100,,53831,8403,,,1
1000,'SA',616,,53839,8403,,,1,30,,53842,8403,,,1,70,,53837,8403,,,1,30,,53849,8403,,,1,70,,53840,8403,,,1,38,,53845,8403,,,1,70,,53865,8403,,,1,30,,53850,8403,,,1,70,,53866,8403,,,1,30,,53851,8403,,,1,70,,53867,8403,,,1,30,,53852,8403,,,1,72,,53835,8403,,,1,30,,53853,8403,,,1,70,,53843,8403,,,1,30,,53854,8403,,,1,70,,53844,8403,,,1,30,,53855,8403,,,1,70,,53846,8403,,,1,30,,53856,8403,,,1,70,,53847,8403,,,1,29,,53857,8403,,,1,71,,53848,8403,,,1,30,,53841,8403,,,1,70,,53836,8403,,,1,81,,53858,8403,,,1,100,,53859,8403,,,1,100,,53860,8403,,,1,100,,53861,8403,,,1,100,,53862,8403,,,1,100,,53863,8403,,,1,100,,53864,8403,,,1
1700,'DI',640,,54830,8292,,,1,100,,54845,8292,,,1,70,,54825,8292,,,1,30,,54831,8292,,,1,70,,25392,8292,,,1,30,,54827,8292,,,1,70,,54826,8292,,,1,30,,54843,8292,,,1,70,,54835,8292,,,1,30,,54832,8292,,,1,70,,54842,8292,,,1,30,,54822,8292,,,1,70,,54836,8292,,,1,30,,54834,8292,,,1,70,,54820,8292,,,1,30,,54833,8292,,,1,70,,54840,8292,,,1,29,,54828,8292,,,1,70,,54817,8292,,,1,31,,54829,8292,,,1,70,,54818,8292,,,1,30,,54821,8292,,,1,71,,54819,8292,,,1,30,,54824,8292,,,1,99,,54844,8292,,,1,100,,54841,8292,,,1,100,,54837,8292,,,1,100,,54823,8292,,,1,100,,54838,8292,,,1,100,,25365,8292,,,1,100,,54839,8292,,,1
1700,'F1',640,,54859,8292,,,1,100,,54874,8292,,,1,70,,54854,8292,,,1,30,,54860,8292,,,1,70,,45071,8292,,,1,30,,54856,8292,,,1,70,,54855,8292,,,1,30,,54872,8292,,,1,70,,54864,8292,,,1,30,,54861,8292,,,1,70,,54871,8292,,,1,30,,54851,8292,,,1,70,,54865,8292,,,1,30,,54863,8292,,,1,70,,54849,8292,,,1,30,,54862,8292,,,1,70,,54869,8292,,,1,29,,54857,8292,,,1,70,,54846,8292,,,1,31,,54858,8292,,,1,70,,54847,8292,,,1,30,,54850,8292,,,1,71,,54848,8292,,,1,30,,54853,8292,,,1,99,,54873,8292,,,1,100,,54870,8292,,,1,100,,54866,8292,,,1,100,,54852,8292,,,1,100,,54867,8292,,,1,100,,45044,8292,,,1,100,,54868,8292,,,1
1700,'F2',640,,54883,8292,,,1,100,,54886,8292,,,1,70,,54900,8292,,,1,30,,54877,8292,,,1,70,,54892,8292,,,1,30,,54887,8292,,,1,70,,54901,8292,,,1,30,,54878,8292,,,1,70,,54893,8292,,,1,30,,54882,8292,,,1,70,,54875,8292,,,1,30,,54881,8292,,,1,70,,54903,8292,,,1,30,,54879,8292,,,1,70,,54888,8292,,,1,30,,54894,8292,,,1,70,,54876,8292,,,1,30,,54884,8292,,,1,70,,54902,8292,,,1,29,,54897,8292,,,1,70,,54889,8292,,,1,31,,54898,8292,,,1,70,,54890,8292,,,1,31,,54899,8292,,,1,99,,54904,8292,,,1,100,,54895,8292,,,1,100,,54880,8292,,,1,100,,54891,8292,,,1,100,,54885,8292,,,1,100,,54896,8292,,,1,100,,54905,8292,,,1
1700,'SA',640,,54914,8292,,,1,100,,54917,8292,,,1,70,,54931,8292,,,1,30,,54908,8292,,,1,70,,54923,8292,,,1,30,,54918,8292,,,1,70,,54932,8292,,,1,30,,54909,8292,,,1,70,,54924,8292,,,1,30,,54913,8292,,,1,70,,54906,8292,,,1,30,,54912,8292,,,1,70,,54934,8292,,,1,30,,54910,8292,,,1,70,,54919,8292,,,1,30,,54925,8292,,,1,70,,54907,8292,,,1,30,,54915,8292,,,1,70,,54933,8292,,,1,29,,54928,8292,,,1,70,,54920,8292,,,1,31,,54929,8292,,,1,70,,54921,8292,,,1,31,,54930,8292,,,1,99,,54935,8292,,,1,100,,54926,8292,,,1,100,,54911,8292,,,1,100,,54922,8292,,,1,100,,54916,8292,,,1,100,,54927,8292,,,1,100,,54936,8292,,,1
7600,'SE',616,,59895,8757,,,1,21,,59876,8757,,,1,20,,59878,8757,,,1,66,,59858,8757,,,1,17,,59879,8757,,,1,61,,59853,8757,,,1,23,,59897,8757,,,1,26,,59880,8757,,,1,70,,59874,8757,,,1,30,,59855,8757,,,1,70,,59862,8757,,,1,30,,59867,8757,,,1,70,,59896,8757,,,1,30,,59872,8757,,,1,70,,59894,8757,,,1,30,,59859,8757,,,1,70,,59856,8757,,,1,30,,59863,8757,,,1,72,,59860,8757,,,1,34,,59864,8757,,,1,66,,59871,8757,,,1,32,,59869,8757,,,1,71,,59868,8757,,,1,24,,59886,8757,,,1,58,,59893,8757,,,1,20,,59854,8757,,,1,21,,59861,8757,,,1,58,,59887,8757,,,1,20,,59857,8757,,,1,26,,59865,8757,,,1,70,,59870,8757,,,1,30,,59851,8757,,,1,70,,59881,8757,,,1,30,,59888,8757,,,1,70,,59882,8757,,,1,30,,59889,8757,,,1,69,,59875,8757,,,1,30,,59890,8757,,,1,70,,59883,8757,,,1,30,,59891,8757,,,1,70,,59884,8757,,,1,30,,59892,8757,,,1,70,,59885,8757,,,1
41000,'SE',558,,62552,8292,,,2,60,,62556,8292,,,2,23,,62551,8292,,,2,12,,62557,8292,,,2,66,,62562,8292,,,2,18,,62547,8292,,,2,13,,62561,8292,,,2,52,,62558,8292,,,2,14,,62566,8292,,,2,16,,62563,8292,,,2,18,,62546,8292,,,2,70,,62567,8292,,,2,30,,62590,8403,,,2,70,,62571,8403,,,2,30,,62583,8403,,,2,70,,62598,8403,,,2,30,,62591,8403,,,2,70,,62568,8403,,,2,30,,62584,8403,,,2,70,,62599,8403,,,2,30,,62592,8403,,,2,71,,62600,8403,,,2,38,,62576,8403,,,2,44,,62589,8403,,,2,1,,62603,8403,,,2,1,,62587,8403,,,2,2,,62578,8403,,,2,17,,62572,8403,,,2,29,,62585,8403,,,2,55,,62604,8403,,,2,15,,62586,8403,,,2,15,,62588,8403,,,2,12,,62570,8403,,,2,50,,62579,8403,,,2,9,,62605,8403,,,2,10,,62606,8403,,,2,10,,62601,8403,,,2,15,,62581,8403,,,2,13,,62574,8403,,,2,57,,62582,8403,,,2,20,,62602,8403,,,2,19,,62569,8403,,,2,70,,62593,8403,,,2,29,,62573,8403,,,2,70,,62594,8403,,,2,30,,62575,8403,,,2,70,,62595,8403,,,2,30,,62577,8403,,,2,70,,62596,8403,,,2,30,,62580,8403,,,2,70,,62597,8403,,,2,100,,62607,8403,,,2,100,,62608,8403,,,2
41700,'SE',611,,62676,8292,,,2,18,,62677,8292,,,2,27,,62682,8292,,,2,56,,62681,8292,,,2,6,,62675,8292,,,2,4,,62672,8292,,,2,6,,62678,8292,,,2,8,,62683,8292,,,2,10,,62673,8292,,,2,55,,62685,8292,,,2,12,,62674,8292,,,2,16,,62679,8292,,,2,16,,62684,8292,,,2,64,,62680,8292,,,2,28,,62690,8403,,,2,70,,62689,8403,,,2,30,,62691,8403,,,2,70,,62705,8403,,,2,30,,62692,8403,,,2,70,,62706,8403,,,2,30,,62693,8403,,,2,70,,62707,8403,,,2,30,,62694,8403,,,2,70,,62708,8403,,,2,30,,62695,8403,,,2,69,,62701,8403,,,2,1,,62720,8403,,,2,1,,62710,8403,,,2,1,,62723,8403,,,2,5,,62718,8403,,,2,27,,62729,8403,,,2,62,,62721,8403,,,2,14,,62719,8403,,,2,15,,62697,8403,,,2,12,,62686,8403,,,2,11,,62700,8403,,,2,50,,62722,8403,,,2,10,,62698,8403,,,2,10,,62703,8403,,,2,12,,62711,8403,,,2,13,,62724,8403,,,2,55,,62709,8403,,,2,20,,62704,8403,,,2,20,,62725,8403,,,2,65,,62702,8403,,,2,29,,62726,8403,,,2,70,,62712,8403,,,2,30,,62727,8403,,,2,70,,62713,8403,,,2,30,,62728,8403,,,2,70,,62714,8403,,,2,30,,62696,8403,,,2,70,,62715,8403,,,2,30,,62687,8403,,,2,69,,62716,8403,,,2,30,,62688,8403,,,2,70,,62717,8403,,,2,32,,62699,8403,,,2
67600,'SE',1500,,63553,3242,,,2
