2501,'DI',1605,,56146,11029,,,2
2501,'F1',1605,,56147,11029,,,2
2501,'F2',1605,,56148,11029,,,2
2501,'SA',1605,,56149,11029,,,2
2501,'SE',517,,56159,9393,,,2,30,,56162,9393,,,2,63,,56171,9393,,,2,34,,56160,9393,,,2,75,,56177,11029,,,2,30,,56175,11029,,,2,66,,56161,9393,,,2,30,,56163,9393,,,2,67,,56165,9393,,,2,505,,56172,9393,,,2,31,,56164,9393,,,2,72,,56170,9393,,,2,31,,56181,11029,,,2,59,,56180,11029,,,2,12,,56178,11029,,,2,9,,56155,9393,,,2,19,,56166,9393,,,2,54,,56152,9393,,,2,17,,56150,9393,,,2,28,,56167,9393,,,2,67,,56154,9393,,,2,29,,56151,9393,,,2,99,,56153,9393,,,2,385,,56174,9393,,,2,86,,56176,11029,,,2,12,,56156,9393,,,2,75,,56169,9393,,,2
8101,'DI',636,,60482,15459,,,1,100,,60474,15459,,,1,100,,60484,15459,,,1,103,,60469,15459,,,1,100,,60487,15459,,,1,100,,60485,15459,,,1,100,,60471,15459,,,1,100,,60470,15459,,,1,100,,60478,15459,,,1,100,,60480,15459,,,1,100,,60488,15459,,,1,96,,60472,15459,,,1,108,,60483,15459,,,1,96,,60476,15459,,,1,100,,60475,15459,,,1,100,,60481,15459,,,1,100,,60477,15459,,,1,100,,60479,15459,,,1,100,,60473,15459,,,1
8101,'F1',636,,60502,15459,,,1,100,,60494,15459,,,1,100,,60504,15459,,,1,103,,60489,15459,,,1,100,,60507,15459,,,1,100,,60505,15459,,,1,100,,60491,15459,,,1,100,,60490,15459,,,1,100,,60498,15459,,,1,100,,60500,15459,,,1,100,,60508,15459,,,1,96,,60492,15459,,,1,108,,60503,15459,,,1,96,,60496,15459,,,1,100,,60495,15459,,,1,100,,60501,15459,,,1,100,,60497,15459,,,1,100,,60499,15459,,,1,100,,60493,15459,,,1
8101,'F2',636,,60529,15459,,,1,100,,60512,15459,,,1,100,,60510,15459,,,1,103,,60527,15459,,,1,100,,60513,15459,,,1,100,,60516,15459,,,1,100,,60517,15459,,,1,100,,60520,15459,,,1,100,,60518,15459,,,1,100,,60511,15459,,,1,100,,60509,15459,,,1,100,,60519,15459,,,1,104,,60521,15459,,,1,96,,60514,15459,,,1,100,,60515,15459,,,1,100,,60522,15459,,,1,100,,60524,15459,,,1,100,,60528,15459,,,1,100,,60523,15459,,,1,100,,60525,15459,,,1
8101,'SA',636,,60550,15459,,,1,100,,60533,15459,,,1,100,,60531,15459,,,1,103,,60548,15459,,,1,100,,60534,15459,,,1,100,,60537,15459,,,1,100,,60538,15459,,,1,100,,60541,15459,,,1,100,,60539,15459,,,1,100,,60532,15459,,,1,100,,60530,15459,,,1,100,,60540,15459,,,1,104,,60542,15459,,,1,96,,60535,15459,,,1,100,,60536,15459,,,1,100,,60543,15459,,,1,100,,60545,15459,,,1,100,,60549,15459,,,1,100,,60544,15459,,,1,100,,60546,15459,,,1
8101,'SE',607,,60564,15459,,,1,30,,60574,15459,,,1,22,,60553,15459,,,1,78,,60562,15459,,,1,70,,60552,15459,,,1,31,,60569,15459,,,1,69,,60559,15459,,,1,36,,60575,15459,,,1,98,,60554,15459,,,1,100,,60558,15459,,,1,100,,60560,15459,,,1,100,,60576,15459,,,1,100,,60577,15459,,,1,100,,60555,15459,,,1,71,,60557,15459,,,1,31,,60570,15459,,,1,70,,60578,15459,,,1,30,,60573,15459,,,1,70,,60551,15459,,,1,30,,60565,15459,,,1,70,,60567,15459,,,1,26,,60563,15459,,,1,100,,60556,15459,,,1,100,,60561,15459,,,1,100,,60571,15459,,,1,100,,60566,15459,,,1,100,,60579,15459,,,1,100,,60572,15459,,,1
