400,'DI',630,,21106,1407,,,1,70,,21112,1407,,,1,30,,21124,1407,,,1,70,,21121,1407,,,1,32,,21107,1407,,,1,70,,21113,1407,,,1,32,,21127,1407,,,1,70,,21129,1407,,,1,30,,21108,1407,,,1,71,,21114,1407,,,1,30,,21128,1407,,,1,67,,21130,1407,,,1,31,,21109,1407,,,1,72,,21135,1407,,,1,30,,21136,1407,,,1,68,,21131,1407,,,1,31,,21110,1407,,,1,69,,21115,1407,,,1,30,,21138,1407,,,1,72,,21118,1407,,,1,30,,21111,1407,,,1,70,,21116,1407,,,1,30,,21139,1407,,,1,72,,21119,1407,,,1,28,,21132,1407,,,1,70,,21137,1407,,,1,30,,21134,1407,,,1,70,,21126,1407,,,1,30,,21133,1407,,,1,70,,21122,1407,,,1,30,,21105,1407,,,1,70,,21117,1407,,,1,100,,21123,1407,,,1,100,,21125,1407,,,1
400,'F1',630,,43386,1407,,,1,70,,43392,1407,,,1,30,,43404,1407,,,1,70,,43401,1407,,,1,32,,43387,1407,,,1,70,,43393,1407,,,1,32,,43407,1407,,,1,70,,43409,1407,,,1,30,,43388,1407,,,1,71,,43394,1407,,,1,30,,43408,1407,,,1,67,,43410,1407,,,1,31,,43389,1407,,,1,72,,43415,1407,,,1,30,,43416,1407,,,1,68,,43411,1407,,,1,31,,43390,1407,,,1,69,,43395,1407,,,1,30,,43418,1407,,,1,72,,43398,1407,,,1,30,,43391,1407,,,1,70,,43396,1407,,,1,30,,43419,1407,,,1,72,,43399,1407,,,1,28,,43412,1407,,,1,70,,43417,1407,,,1,30,,43414,1407,,,1,70,,43406,1407,,,1,30,,43413,1407,,,1,70,,43402,1407,,,1,30,,43385,1407,,,1,70,,43397,1407,,,1,100,,43403,1407,,,1,100,,43405,1407,,,1
400,'F2',630,,43421,1407,,,1,70,,43429,1407,,,1,30,,43430,1407,,,1,70,,43426,1407,,,1,32,,43422,1407,,,1,70,,43448,1407,,,1,32,,43431,1407,,,1,71,,43427,1407,,,1,30,,43423,1407,,,1,70,,43449,1407,,,1,30,,43432,1407,,,1,70,,43442,1407,,,1,30,,43453,1407,,,1,70,,43440,1407,,,1,30,,43452,1407,,,1,70,,43436,1407,,,1,30,,43420,1407,,,1,70,,43433,1407,,,1,30,,43443,1407,,,1,70,,43454,1407,,,1,30,,43451,1407,,,1,70,,43439,1407,,,1,30,,43445,1407,,,1,70,,43438,1407,,,1,30,,43428,1407,,,1,70,,43444,1407,,,1,30,,43435,1407,,,1,70,,43424,1407,,,1,30,,43447,1407,,,1,70,,43434,1407,,,1,30,,43446,1407,,,1,70,,43450,1407,,,1,100,,43441,1407,,,1,100,,43437,1407,,,1
400,'F8',630,,21250,1407,,,1,70,,21258,1407,,,1,30,,21259,1407,,,1,70,,21255,1407,,,1,32,,21251,1407,,,1,70,,21277,1407,,,1,32,,21260,1407,,,1,71,,21256,1407,,,1,30,,21252,1407,,,1,70,,21278,1407,,,1,30,,21261,1407,,,1,70,,21271,1407,,,1,30,,21282,1407,,,1,70,,21269,1407,,,1,30,,21281,1407,,,1,70,,21265,1407,,,1,30,,21249,1407,,,1,70,,21262,1407,,,1,30,,21272,1407,,,1,70,,21283,1407,,,1,30,,21280,1407,,,1,70,,21268,1407,,,1,30,,21274,1407,,,1,70,,21267,1407,,,1,30,,21257,1407,,,1,70,,21273,1407,,,1,30,,21264,1407,,,1,70,,21253,1407,,,1,30,,21276,1407,,,1,70,,21263,1407,,,1,30,,21275,1407,,,1,70,,21279,1407,,,1,100,,21270,1407,,,1,100,,21266,1407,,,1
400,'F9',630,,21285,1407,,,1,70,,21291,1407,,,1,30,,21303,1407,,,1,70,,21300,1407,,,1,32,,21286,1407,,,1,70,,21292,1407,,,1,32,,21306,1407,,,1,70,,21308,1407,,,1,30,,21287,1407,,,1,71,,21293,1407,,,1,30,,21307,1407,,,1,67,,21309,1407,,,1,31,,21288,1407,,,1,72,,21314,1407,,,1,30,,21315,1407,,,1,68,,21310,1407,,,1,31,,21289,1407,,,1,69,,21294,1407,,,1,30,,21317,1407,,,1,72,,21297,1407,,,1,30,,21290,1407,,,1,70,,21295,1407,,,1,30,,21318,1407,,,1,72,,21298,1407,,,1,28,,21311,1407,,,1,70,,21316,1407,,,1,30,,21313,1407,,,1,70,,21305,1407,,,1,30,,21312,1407,,,1,70,,21301,1407,,,1,30,,21284,1407,,,1,70,,21296,1407,,,1,100,,21302,1407,,,1,100,,21304,1407,,,1
400,'SA',630,,21319,1407,,,1,70,,1103,1407,,,1,30,,1104,1407,,,1,70,,1102,1407,,,1,32,,21320,1407,,,1,70,,21339,1407,,,1,32,,1105,1407,,,1,71,,21323,1407,,,1,30,,21321,1407,,,1,70,,21340,1407,,,1,30,,1106,1407,,,1,70,,21333,1407,,,1,30,,21344,1407,,,1,70,,21331,1407,,,1,30,,21343,1407,,,1,70,,21327,1407,,,1,30,,1099,1407,,,1,70,,1107,1407,,,1,30,,21334,1407,,,1,70,,21345,1407,,,1,30,,21342,1407,,,1,70,,21330,1407,,,1,30,,21336,1407,,,1,70,,21329,1407,,,1,30,,21324,1407,,,1,70,,21335,1407,,,1,30,,21326,1407,,,1,70,,21322,1407,,,1,30,,21338,1407,,,1,70,,21325,1407,,,1,30,,21337,1407,,,1,70,,21341,1407,,,1,100,,21332,1407,,,1,100,,21328,1407,,,1
400,'SE',556,,43492,1407,,,1,60,,43481,1407,,,1,15,,43485,1407,,,1,20,,43488,1407,,,1,66,,43483,1407,,,1,18,,43490,1407,,,1,24,,43493,1407,,,1,51,,43491,1407,,,1,32,,43496,1407,,,1,13,,43461,1407,,,1,63,,43455,1407,,,1,31,,43476,1407,,,1,70,,43465,1407,,,1,30,,43462,1407,,,1,70,,43459,1407,,,1,30,,43463,1407,,,1,70,,43469,1407,,,1,30,,43456,1407,,,1,70,,43458,1407,,,1,29,,43478,1407,,,1,69,,43470,1407,,,1,31,,43486,1407,,,1,66,,43480,1407,,,1,34,,43484,1407,,,1,70,,43487,1407,,,1,30,,43494,1407,,,1,70,,43495,1407,,,1,24,,43457,1407,,,1,60,,43471,1407,,,1,35,,43472,1407,,,1,74,,43460,1407,,,1,30,,43475,1407,,,1,70,,43467,1407,,,1,30,,43468,1407,,,1,70,,43479,1407,,,1,30,,43466,1407,,,1,69,,43477,1407,,,1,30,,43474,1407,,,1,100,,43473,1407,,,1,100,,43464,1407,,,1
1400,'SE',653,,44625,19208,,,1,57,,44622,19208,,,1,26,,44620,19208,,,1,14,,44623,19208,,,1,57,,44619,19208,,,1,18,,44626,19208,,,1,31,,44624,19208,,,1,60,,44621,19208,,,1,92,,44631,16961,,,1,100,,44636,16961,,,1,100,,44635,16961,,,1,100,,44630,16961,,,1,100,,44627,16961,,,1,100,,44632,16961,,,1,112,,44634,16961,,,1,13,,44638,16961,,,1,18,,44633,16961,,,1,55,,44641,16961,,,1,21,,44629,16961,,,1,17,,44637,16961,,,1,61,,44639,16961,,,1,18,,44640,16961,,,1,29,,44628,16961,,,1
2101,'DI',547,,27057,2251,,,1,70,,27051,2251,,,1,30,,27073,2251,,,1,69,,27075,2251,,,1,30,,27077,2251,,,1,70,,27068,2251,,,1,31,,27069,2251,,,1,70,,27074,2251,,,1,30,,27058,2251,,,1,67,,27071,2251,,,1,33,,27084,2251,,,1,70,,27082,2251,,,1,32,,27072,2251,,,1,70,,27059,2251,,,1,31,,27078,2251,,,1,71,,27070,2251,,,1,30,,27076,2251,,,1,70,,27085,2251,,,1,30,,27083,2251,,,1,70,,27060,2251,,,1,30,,27062,2251,,,1,70,,27052,2251,,,1,30,,27065,2251,,,1,70,,27061,2251,,,1,30,,27046,2251,,,1,70,,27053,2251,,,1,29,,27066,2251,,,1,67,,27050,2251,,,1,30,,27047,2251,,,1,70,,27049,2251,,,1,30,,27080,2251,,,1,70,,27063,2251,,,1,30,,27054,2251,,,1,70,,27067,2251,,,1,30,,27055,2251,,,1,70,,27056,2251,,,1,30,,27079,2251,,,1,70,,27081,2251,,,1,30,,27048,2251,,,1,70,,27064,2251,,,1
2101,'F1',547,,45688,2251,,,1,70,,45682,2251,,,1,30,,45704,2251,,,1,69,,45706,2251,,,1,30,,45708,2251,,,1,70,,45699,2251,,,1,31,,45700,2251,,,1,70,,45705,2251,,,1,30,,45689,2251,,,1,67,,45702,2251,,,1,33,,45715,2251,,,1,70,,45713,2251,,,1,32,,45703,2251,,,1,70,,45690,2251,,,1,31,,45709,2251,,,1,71,,45701,2251,,,1,30,,45707,2251,,,1,70,,45716,2251,,,1,30,,45714,2251,,,1,70,,45691,2251,,,1,30,,45693,2251,,,1,70,,45683,2251,,,1,30,,45696,2251,,,1,70,,45692,2251,,,1,30,,45677,2251,,,1,70,,45684,2251,,,1,29,,45697,2251,,,1,67,,45681,2251,,,1,30,,45678,2251,,,1,70,,45680,2251,,,1,30,,45711,2251,,,1,70,,45694,2251,,,1,30,,45685,2251,,,1,70,,45698,2251,,,1,30,,45686,2251,,,1,70,,45687,2251,,,1,30,,45710,2251,,,1,70,,45712,2251,,,1,30,,45679,2251,,,1,70,,45695,2251,,,1
2101,'F2',547,,45733,2251,,,1,70,,45724,2251,,,1,30,,45737,2251,,,1,70,,45746,2251,,,1,31,,45747,2251,,,1,70,,45735,2251,,,1,30,,45750,2251,,,1,70,,45738,2251,,,1,30,,45725,2251,,,1,65,,45720,2251,,,1,31,,45734,2251,,,1,74,,45739,2251,,,1,33,,45721,2251,,,1,66,,45726,2251,,,1,34,,45730,2251,,,1,70,,45743,2251,,,1,30,,45748,2251,,,1,70,,45740,2251,,,1,30,,45751,2251,,,1,70,,45744,2251,,,1,30,,45749,2251,,,1,70,,45741,2251,,,1,30,,45753,2251,,,1,70,,45727,2251,,,1,30,,45752,2251,,,1,70,,45742,2251,,,1,29,,45754,2251,,,1,67,,45717,2251,,,1,30,,45731,2251,,,1,70,,45745,2251,,,1,30,,45728,2251,,,1,70,,45736,2251,,,1,30,,45722,2251,,,1,70,,45732,2251,,,1,30,,45718,2251,,,1,70,,45729,2251,,,1,30,,45756,2251,,,1,70,,45723,2251,,,1,30,,45755,2251,,,1,70,,45719,2251,,,1
2101,'F8',547,,27226,2251,,,1,70,,27217,2251,,,1,30,,27230,2251,,,1,70,,27239,2251,,,1,31,,27240,2251,,,1,70,,27228,2251,,,1,30,,27243,2251,,,1,70,,27231,2251,,,1,30,,27218,2251,,,1,65,,27213,2251,,,1,31,,27227,2251,,,1,74,,27232,2251,,,1,33,,27214,2251,,,1,66,,27219,2251,,,1,34,,27223,2251,,,1,70,,27236,2251,,,1,30,,27241,2251,,,1,70,,27233,2251,,,1,30,,27244,2251,,,1,70,,27237,2251,,,1,30,,27242,2251,,,1,70,,27234,2251,,,1,30,,27246,2251,,,1,70,,27220,2251,,,1,30,,27245,2251,,,1,70,,27235,2251,,,1,29,,27247,2251,,,1,67,,27210,2251,,,1,30,,27224,2251,,,1,70,,27238,2251,,,1,30,,27221,2251,,,1,70,,27229,2251,,,1,30,,27215,2251,,,1,70,,27225,2251,,,1,30,,27211,2251,,,1,70,,27222,2251,,,1,30,,27249,2251,,,1,70,,27216,2251,,,1,30,,27248,2251,,,1,70,,27212,2251,,,1
2101,'F9',547,,27261,2251,,,1,70,,27255,2251,,,1,30,,27277,2251,,,1,69,,27279,2251,,,1,30,,27281,2251,,,1,70,,27272,2251,,,1,31,,27273,2251,,,1,70,,27278,2251,,,1,30,,27262,2251,,,1,67,,27275,2251,,,1,33,,27288,2251,,,1,70,,27286,2251,,,1,32,,27276,2251,,,1,70,,27263,2251,,,1,31,,27282,2251,,,1,71,,27274,2251,,,1,30,,27280,2251,,,1,70,,27289,2251,,,1,30,,27287,2251,,,1,70,,27264,2251,,,1,30,,27266,2251,,,1,70,,27256,2251,,,1,30,,27269,2251,,,1,70,,27265,2251,,,1,30,,27250,2251,,,1,70,,27257,2251,,,1,29,,27270,2251,,,1,67,,27254,2251,,,1,30,,27251,2251,,,1,70,,27253,2251,,,1,30,,27284,2251,,,1,70,,27267,2251,,,1,30,,27258,2251,,,1,70,,27271,2251,,,1,30,,27259,2251,,,1,70,,27260,2251,,,1,30,,27283,2251,,,1,70,,27285,2251,,,1,30,,27252,2251,,,1,70,,27268,2251,,,1
2101,'SA',547,,27306,2251,,,1,70,,27297,2251,,,1,30,,27310,2251,,,1,70,,27319,2251,,,1,31,,27320,2251,,,1,70,,27308,2251,,,1,30,,27321,2251,,,1,70,,27311,2251,,,1,30,,27298,2251,,,1,65,,27293,2251,,,1,31,,27307,2251,,,1,74,,27312,2251,,,1,33,,27294,2251,,,1,66,,27299,2251,,,1,34,,27303,2251,,,1,70,,27316,2251,,,1,30,,6523,2251,,,1,70,,27313,2251,,,1,30,,27322,2251,,,1,70,,27317,2251,,,1,30,,6524,2251,,,1,70,,27314,2251,,,1,30,,27324,2251,,,1,70,,27300,2251,,,1,30,,27323,2251,,,1,70,,27315,2251,,,1,29,,27325,2251,,,1,67,,27290,2251,,,1,30,,27304,2251,,,1,70,,27318,2251,,,1,30,,27301,2251,,,1,70,,27309,2251,,,1,30,,27295,2251,,,1,70,,27305,2251,,,1,30,,27291,2251,,,1,70,,27302,2251,,,1,30,,27326,2251,,,1,70,,27296,2251,,,1,30,,6535,2251,,,1,70,,27292,2251,,,1
2101,'SE',443,,45761,2251,,,1,86,,45759,2251,,,1,27,,45794,2251,,,1,55,,45788,2251,,,1,15,,45785,2251,,,1,12,,45786,2251,,,1,12,,45798,2251,,,1,52,,45799,2251,,,1,13,,45795,2251,,,1,15,,45797,2251,,,1,22,,45789,2251,,,1,58,,45790,2251,,,1,17,,45801,2251,,,1,23,,45793,2251,,,1,57,,45802,2251,,,1,20,,45757,2251,,,1,21,,45763,2251,,,1,67,,45765,2251,,,1,33,,45768,2251,,,1,70,,45781,2251,,,1,30,,45764,2251,,,1,70,,45770,2251,,,1,33,,45758,2251,,,1,70,,45760,2251,,,1,30,,45769,2251,,,1,73,,45773,2251,,,1,28,,45783,2251,,,1,70,,45784,2251,,,1,33,,45796,2251,,,1,55,,45791,2251,,,1,15,,45800,2251,,,1,15,,45803,2251,,,1,15,,45804,2251,,,1,58,,45792,2251,,,1,19,,45787,2251,,,1,17,,45782,2251,,,1,60,,45778,2251,,,1,26,,45780,2251,,,1,69,,45766,2251,,,1,25,,45762,2251,,,1,30,,45772,2251,,,1,70,,45777,2251,,,1,29,,45775,2251,,,1,70,,45776,2251,,,1,30,,45779,2251,,,1,100,,45767,2251,,,1,99,,45774,2251,,,1,95,,45771,2251,,,1
3200,'DI',602,,28441,1407,0,44,1,101,,28442,1407,0,44,1,99,,28443,1407,0,44,1,101,,28444,1407,0,44,1,100,,28447,1407,0,44,1,100,,28449,1407,0,44,1,100,,28445,1407,0,44,1,100,,28451,1407,0,44,1,98,,28450,1407,0,44,1,104,,28453,1407,0,44,1,96,,28452,1407,0,44,1,101,,28455,1407,0,44,1,100,,28454,1407,0,44,1,101,,28448,1407,0,44,1,100,,28439,1407,0,44,1,100,,28456,1407,0,44,1,100,,28458,1407,0,44,1,100,,28446,1407,0,44,1,100,,28457,1407,0,44,1,100,,28440,1407,0,44,1
3200,'F1',602,,46248,1407,0,44,1,101,,46249,1407,0,44,1,99,,46250,1407,0,44,1,101,,46251,1407,0,44,1,100,,46254,1407,0,44,1,100,,46256,1407,0,44,1,100,,46252,1407,0,44,1,100,,46258,1407,0,44,1,98,,46257,1407,0,44,1,104,,46260,1407,0,44,1,96,,46259,1407,0,44,1,101,,46262,1407,0,44,1,100,,46261,1407,0,44,1,101,,46255,1407,0,44,1,100,,46246,1407,0,44,1,100,,46263,1407,0,44,1,100,,46265,1407,0,44,1,100,,46253,1407,0,44,1,100,,46264,1407,0,44,1,100,,46247,1407,0,44,1
3200,'F2',602,,46267,1407,0,44,1,101,,46268,1407,0,44,1,56,,46269,1407,0,44,1,142,,46270,1407,0,44,1,101,,46276,1407,0,44,1,101,,46271,1407,0,44,1,99,,46285,1407,0,44,1,102,,46277,1407,0,44,1,102,,46272,1407,0,44,1,97,,46273,1407,0,44,1,98,,46278,1407,0,44,1,101,,46279,1407,0,44,1,100,,46274,1407,0,44,1,101,,46281,1407,0,44,1,100,,46280,1407,0,44,1,100,,46282,1407,0,44,1,100,,46284,1407,0,44,1,100,,46283,1407,0,44,1,100,,46275,1407,0,44,1,100,,46266,1407,0,44,1
3200,'F8',602,,28526,1407,0,44,1,101,,28527,1407,0,44,1,56,,28528,1407,0,44,1,142,,28529,1407,0,44,1,101,,28535,1407,0,44,1,101,,28530,1407,0,44,1,99,,28544,1407,0,44,1,102,,28536,1407,0,44,1,102,,28531,1407,0,44,1,97,,28532,1407,0,44,1,98,,28537,1407,0,44,1,101,,28538,1407,0,44,1,100,,28533,1407,0,44,1,101,,28540,1407,0,44,1,100,,28539,1407,0,44,1,100,,28541,1407,0,44,1,100,,28543,1407,0,44,1,100,,28542,1407,0,44,1,100,,28534,1407,0,44,1,100,,28525,1407,0,44,1
3200,'F9',602,,28547,1407,0,44,1,101,,28548,1407,0,44,1,99,,28549,1407,0,44,1,101,,28550,1407,0,44,1,100,,28553,1407,0,44,1,100,,28555,1407,0,44,1,100,,28551,1407,0,44,1,100,,28557,1407,0,44,1,98,,28556,1407,0,44,1,104,,28559,1407,0,44,1,96,,28558,1407,0,44,1,101,,28561,1407,0,44,1,100,,28560,1407,0,44,1,101,,28554,1407,0,44,1,100,,28545,1407,0,44,1,100,,28562,1407,0,44,1,100,,28564,1407,0,44,1,100,,28552,1407,0,44,1,100,,28563,1407,0,44,1,100,,28546,1407,0,44,1
3200,'SA',602,,28566,1407,0,44,1,101,,28567,1407,0,44,1,56,,28568,1407,0,44,1,142,,28569,1407,0,44,1,101,,28575,1407,0,44,1,101,,28570,1407,0,44,1,99,,28584,1407,0,44,1,102,,28576,1407,0,44,1,102,,28571,1407,0,44,1,97,,28572,1407,0,44,1,98,,28577,1407,0,44,1,101,,28578,1407,0,44,1,100,,28573,1407,0,44,1,101,,28580,1407,0,44,1,100,,28579,1407,0,44,1,100,,28581,1407,0,44,1,100,,28583,1407,0,44,1,100,,28582,1407,0,44,1,100,,28574,1407,0,44,1,100,,28565,1407,0,44,1
3200,'SE',612,,46301,1407,,,1,32,,46302,1407,,,1,64,,46311,1407,,,1,31,,46304,1407,,,1,76,,46310,1407,,,1,20,,46288,1407,0,44,1,96,,46290,1407,0,44,1,100,,46292,1407,0,44,1,100,,46286,1407,0,44,1,100,,46299,1407,0,44,1,100,,46287,1407,0,44,1,104,,46291,1407,0,44,1,103,,46309,1407,,,1,68,,46306,1407,,,1,30,,46300,1407,,,1,71,,46308,1407,,,1,25,,46305,1407,,,1,74,,46307,1407,,,1,25,,46303,1407,,,1,74,,46293,1407,0,44,1,31,,46297,1407,0,44,1,100,,46296,1407,0,44,1,100,,46298,1407,0,44,1,100,,46289,1407,0,44,1,100,,46294,1407,0,44,1,101,,46295,1407,0,44,1
13200,'DI',829,,38037,1407,0,21 45,1,100,,38042,1407,0,21 45,1,100,,38038,1407,0,21 45,1,100,,38040,1407,0,21 45,1,100,,38043,1407,0,21 45,1,100,,38046,1407,0,21 45,1,100,,38044,1407,0,21 45,1,105,,38048,1407,0,21 45,1,95,,38047,1407,0,21 45,1,100,,38045,1407,0,21 45,1,101,,38049,1407,0,21 45,1,99,,38050,1407,0,21 45,1,100,,38041,1407,0,21 45,1,100,,38036,1407,0,21 45,1,100,,38051,1407,0,21 45,1,100,,38053,1407,0,21 45,1,100,,38039,1407,0,21 45,1,100,,38052,1407,0,21 45,1
13200,'F1',829,,50085,1407,0,21 45,1,100,,50090,1407,0,21 45,1,100,,50086,1407,0,21 45,1,100,,50088,1407,0,21 45,1,100,,50091,1407,0,21 45,1,100,,50094,1407,0,21 45,1,100,,50092,1407,0,21 45,1,105,,50096,1407,0,21 45,1,95,,50095,1407,0,21 45,1,100,,50093,1407,0,21 45,1,101,,50097,1407,0,21 45,1,99,,50098,1407,0,21 45,1,100,,50089,1407,0,21 45,1,100,,50084,1407,0,21 45,1,100,,50099,1407,0,21 45,1,100,,50101,1407,0,21 45,1,100,,50087,1407,0,21 45,1,100,,50100,1407,0,21 45,1
13200,'F2',729,,50120,1407,0,21 45,1,100,,50107,1407,0,21 45,1,100,,50102,1407,0,21 45,1,103,,50103,1407,0,21 45,1,97,,50108,1407,0,21 45,1,104,,50104,1407,0,21 45,1,96,,50119,1407,0,21 45,1,104,,50109,1407,0,21 45,1,96,,50111,1407,0,21 45,1,100,,50105,1407,0,21 45,1,100,,50110,1407,0,21 45,1,101,,50112,1407,0,21 45,1,99,,50114,1407,0,21 45,1,100,,50113,1407,0,21 45,1,100,,50116,1407,0,21 45,1,100,,50115,1407,0,21 45,1,100,,50118,1407,0,21 45,1,100,,50117,1407,0,21 45,1,100,,50106,1407,0,21 45,1
13200,'F8',729,,38135,1407,0,21 45,1,100,,38122,1407,0,21 45,1,100,,38117,1407,0,21 45,1,103,,38118,1407,0,21 45,1,97,,38123,1407,0,21 45,1,104,,38119,1407,0,21 45,1,96,,38134,1407,0,21 45,1,104,,38124,1407,0,21 45,1,96,,38126,1407,0,21 45,1,100,,38120,1407,0,21 45,1,100,,38125,1407,0,21 45,1,101,,38127,1407,0,21 45,1,99,,38129,1407,0,21 45,1,100,,38128,1407,0,21 45,1,100,,38131,1407,0,21 45,1,100,,38130,1407,0,21 45,1,100,,38133,1407,0,21 45,1,100,,38132,1407,0,21 45,1,100,,38121,1407,0,21 45,1
13200,'F9',829,,38137,1407,0,21 45,1,100,,38142,1407,0,21 45,1,100,,38138,1407,0,21 45,1,100,,38140,1407,0,21 45,1,100,,38143,1407,0,21 45,1,100,,38146,1407,0,21 45,1,100,,38144,1407,0,21 45,1,105,,38148,1407,0,21 45,1,95,,38147,1407,0,21 45,1,100,,38145,1407,0,21 45,1,101,,38149,1407,0,21 45,1,99,,38150,1407,0,21 45,1,100,,38141,1407,0,21 45,1,100,,38136,1407,0,21 45,1,100,,38151,1407,0,21 45,1,100,,38153,1407,0,21 45,1,100,,38139,1407,0,21 45,1,100,,38152,1407,0,21 45,1
13200,'SA',729,,38172,1407,0,21 45,1,100,,38159,1407,0,21 45,1,100,,38154,1407,0,21 45,1,103,,38155,1407,0,21 45,1,97,,38160,1407,0,21 45,1,104,,38156,1407,0,21 45,1,96,,38171,1407,0,21 45,1,104,,38161,1407,0,21 45,1,96,,38163,1407,0,21 45,1,100,,38157,1407,0,21 45,1,100,,38162,1407,0,21 45,1,101,,38164,1407,0,21 45,1,99,,38166,1407,0,21 45,1,100,,38165,1407,0,21 45,1,100,,38168,1407,0,21 45,1,100,,38167,1407,0,21 45,1,100,,38170,1407,0,21 45,1,100,,38169,1407,0,21 45,1,100,,38158,1407,0,21 45,1
13200,'SE',640,,50121,1407,0,21 45,1,63,,50133,1407,0,21 45,1,20,,50132,1407,0,21 45,1,22,,50130,1407,0,21 45,1,58,,50122,1407,0,21 45,1,22,,50134,1407,0,21 45,1,80,,50131,1407,0,21 45,1,96,,50127,1407,0,21 45,1,99,,50140,1407,0,21 45,1,56,,50125,1407,0,21 45,1,100,,50141,1407,0,21 45,1,148,,50144,1407,0,21 45,1,53,,50123,1407,0,21 45,1,64,,50135,1407,0,21 45,1,20,,50137,1407,0,21 45,1,60,,50129,1407,0,21 45,1,21,,50124,1407,0,21 45,1,20,,50136,1407,0,21 45,1,60,,50142,1407,0,21 45,1,21,,50128,1407,0,21 45,1,21,,50126,1407,0,21 45,1,59,,50139,1407,0,21 45,1,20,,50143,1407,0,21 45,1,19,,50138,1407,0,21 45,1
21401,'DI',840,,39064,5845,,,1,100,,39065,5845,,,1,100,,39066,5845,,,1,100,,39067,5845,,,1,100,,39068,5845,,,1,100,,39069,5845,,,1,100,,39070,5845,,,1,100,,39071,5845,,,1,100,,39072,5845,,,1,100,,39073,5845,,,1
21401,'F1',840,,50502,5845,,,1,100,,50503,5845,,,1,100,,50504,5845,,,1,100,,50505,5845,,,1,100,,50506,5845,,,1,100,,50507,5845,,,1,100,,50508,5845,,,1,100,,50509,5845,,,1,100,,50510,5845,,,1,100,,50511,5845,,,1
21401,'F2',840,,50512,5845,,,1,100,,50513,5845,,,1,100,,50514,5845,,,1,100,,50515,5845,,,1,100,,50516,5845,,,1,100,,50517,5845,,,1,100,,50518,5845,,,1,100,,50519,5845,,,1,100,,50520,5845,,,1,100,,50521,5845,,,1
21401,'F8',840,,39088,5845,,,1,100,,39089,5845,,,1,100,,39090,5845,,,1,100,,39091,5845,,,1,100,,39092,5845,,,1,100,,39093,5845,,,1,100,,39094,5845,,,1,100,,39095,5845,,,1,100,,39096,5845,,,1,100,,39097,5845,,,1
21401,'F9',840,,39098,5845,,,1,100,,39099,5845,,,1,100,,39100,5845,,,1,100,,39101,5845,,,1,100,,39102,5845,,,1,100,,39103,5845,,,1,100,,39104,5845,,,1,100,,39105,5845,,,1,100,,39106,5845,,,1,100,,39107,5845,,,1
21401,'SA',840,,39108,5845,,,1,100,,39109,5845,,,1,100,,39110,5845,,,1,100,,39111,5845,,,1,100,,39112,5845,,,1,100,,39113,5845,,,1,100,,39114,5845,,,1,100,,39115,5845,,,1,100,,39116,5845,,,1,100,,39117,5845,,,1
