501,'DI',558,,21945,1476,0,28 29,1,70,,21951,1476,0,28 29,1,30,,21946,1476,0,28 29,1,70,,21952,1476,0,28 29,1,30,,21947,1476,0,28 29,1,70,,21953,1476,0,28 29,1,30,,21973,1476,0,28 29,1,70,,21954,1476,0,28 29,1,30,,21958,1476,0,28 29,1,70,,21955,1476,0,28 29,1,30,,21970,1476,0,28 29,1,70,,21959,1476,0,28 29,1,30,,21948,1476,0,28 29,1,72,,21960,1476,0,28 29,1,70,,21949,1476,0,28 29,1,28,,21974,1476,0,28 29,1,72,,21971,1476,0,28 29,1,30,,21975,1476,0,28 29,1,70,,21961,1476,0,28 29,1,29,,21950,1476,0,28 29,1,71,,21965,1476,0,28 29,1,30,,21972,1476,0,28 29,1,70,,21956,1476,0,28 29,1,30,,21962,1476,0,28 29,1,70,,21976,1476,0,28 29,1,59,,21957,1476,0,28 29,1,100,,21964,1476,0,28 29,1,100,,21963,1476,0,28 29,1,100,,21966,1476,0,28 29,1,100,,21967,1476,0,28 29,1,100,,21968,1476,0,28 29,1,100,,21969,1476,0,28 29,1
501,'F1',558,,43718,1476,0,28 29,1,70,,43724,1476,0,28 29,1,30,,43719,1476,0,28 29,1,70,,43725,1476,0,28 29,1,30,,43720,1476,0,28 29,1,70,,43726,1476,0,28 29,1,30,,43746,1476,0,28 29,1,70,,43727,1476,0,28 29,1,30,,43731,1476,0,28 29,1,70,,43728,1476,0,28 29,1,30,,43743,1476,0,28 29,1,70,,43732,1476,0,28 29,1,30,,43721,1476,0,28 29,1,72,,43733,1476,0,28 29,1,70,,43722,1476,0,28 29,1,28,,43747,1476,0,28 29,1,72,,43744,1476,0,28 29,1,30,,43748,1476,0,28 29,1,70,,43734,1476,0,28 29,1,29,,43723,1476,0,28 29,1,71,,43738,1476,0,28 29,1,30,,43745,1476,0,28 29,1,70,,43729,1476,0,28 29,1,30,,43735,1476,0,28 29,1,70,,43749,1476,0,28 29,1,59,,43730,1476,0,28 29,1,100,,43737,1476,0,28 29,1,100,,43736,1476,0,28 29,1,100,,43739,1476,0,28 29,1,100,,43740,1476,0,28 29,1,100,,43741,1476,0,28 29,1,100,,43742,1476,0,28 29,1
501,'F2',528,,43750,1476,0,28 29,1,30,,43758,1476,0,28 29,1,70,,43751,1476,0,28 29,1,30,,43759,1476,0,28 29,1,70,,43752,1476,0,28 29,1,30,,43760,1476,0,28 29,1,70,,43753,1476,0,28 29,1,30,,43761,1476,0,28 29,1,70,,43754,1476,0,28 29,1,30,,43763,1476,0,28 29,1,70,,43755,1476,0,28 29,1,30,,43764,1476,0,28 29,1,70,,43756,1476,0,28 29,1,30,,43765,1476,0,28 29,1,72,,43757,1476,0,28 29,1,70,,43766,1476,0,28 29,1,30,,43762,1476,0,28 29,1,70,,43782,1476,0,28 29,1,30,,43777,1476,0,28 29,1,70,,43767,1476,0,28 29,1,30,,43780,1476,0,28 29,1,70,,43776,1476,0,28 29,1,30,,43779,1476,0,28 29,1,70,,43783,1476,0,28 29,1,30,,43778,1476,0,28 29,1,70,,43781,1476,0,28 29,1,59,,43768,1476,0,28 29,1,100,,43769,1476,0,28 29,1,100,,43770,1476,0,28 29,1,100,,43771,1476,0,28 29,1,100,,43772,1476,0,28 29,1,100,,43773,1476,0,28 29,1,100,,43774,1476,0,28 29,1,100,,43775,1476,0,28 29,1
501,'F8',528,,22100,1476,0,28 29,1,30,,22108,1476,0,28 29,1,70,,22101,1476,0,28 29,1,30,,22109,1476,0,28 29,1,70,,22102,1476,0,28 29,1,30,,22110,1476,0,28 29,1,70,,22103,1476,0,28 29,1,30,,22111,1476,0,28 29,1,70,,22104,1476,0,28 29,1,30,,22113,1476,0,28 29,1,70,,22105,1476,0,28 29,1,30,,22114,1476,0,28 29,1,70,,22106,1476,0,28 29,1,30,,22115,1476,0,28 29,1,72,,22107,1476,0,28 29,1,70,,22116,1476,0,28 29,1,30,,22112,1476,0,28 29,1,70,,22132,1476,0,28 29,1,30,,22127,1476,0,28 29,1,70,,22117,1476,0,28 29,1,30,,22130,1476,0,28 29,1,70,,22126,1476,0,28 29,1,30,,22129,1476,0,28 29,1,70,,22133,1476,0,28 29,1,30,,22128,1476,0,28 29,1,70,,22131,1476,0,28 29,1,59,,22118,1476,0,28 29,1,100,,22119,1476,0,28 29,1,100,,22120,1476,0,28 29,1,100,,22121,1476,0,28 29,1,100,,22122,1476,0,28 29,1,100,,22123,1476,0,28 29,1,100,,22124,1476,0,28 29,1,100,,22125,1476,0,28 29,1
501,'F9',558,,22134,1476,0,28 29,1,70,,22140,1476,0,28 29,1,30,,22135,1476,0,28 29,1,70,,22141,1476,0,28 29,1,30,,22136,1476,0,28 29,1,70,,22142,1476,0,28 29,1,30,,22162,1476,0,28 29,1,70,,22143,1476,0,28 29,1,30,,22147,1476,0,28 29,1,70,,22144,1476,0,28 29,1,30,,22159,1476,0,28 29,1,70,,22148,1476,0,28 29,1,30,,22137,1476,0,28 29,1,72,,22149,1476,0,28 29,1,70,,22138,1476,0,28 29,1,28,,22163,1476,0,28 29,1,72,,22160,1476,0,28 29,1,30,,22164,1476,0,28 29,1,70,,22150,1476,0,28 29,1,29,,22139,1476,0,28 29,1,71,,22154,1476,0,28 29,1,30,,22161,1476,0,28 29,1,70,,22145,1476,0,28 29,1,30,,22151,1476,0,28 29,1,70,,22165,1476,0,28 29,1,59,,22146,1476,0,28 29,1,100,,22153,1476,0,28 29,1,100,,22152,1476,0,28 29,1,100,,22155,1476,0,28 29,1,100,,22156,1476,0,28 29,1,100,,22157,1476,0,28 29,1,100,,22158,1476,0,28 29,1
501,'SA',528,,22166,1476,0,28 29,1,30,,22174,1476,0,28 29,1,70,,22167,1476,0,28 29,1,30,,22175,1476,0,28 29,1,70,,22168,1476,0,28 29,1,30,,22176,1476,0,28 29,1,70,,22169,1476,0,28 29,1,30,,22177,1476,0,28 29,1,70,,22170,1476,0,28 29,1,30,,22179,1476,0,28 29,1,70,,22171,1476,0,28 29,1,30,,22180,1476,0,28 29,1,70,,22172,1476,0,28 29,1,30,,22181,1476,0,28 29,1,72,,22173,1476,0,28 29,1,70,,22182,1476,0,28 29,1,30,,22178,1476,0,28 29,1,70,,22198,1476,0,28 29,1,30,,22193,1476,0,28 29,1,70,,22183,1476,0,28 29,1,30,,22196,1476,0,28 29,1,70,,22192,1476,0,28 29,1,30,,22195,1476,0,28 29,1,70,,22199,1476,0,28 29,1,30,,22194,1476,0,28 29,1,70,,22197,1476,0,28 29,1,59,,22184,1476,0,28 29,1,100,,22185,1476,0,28 29,1,100,,22186,1476,0,28 29,1,100,,22187,1476,0,28 29,1,100,,22188,1476,0,28 29,1,100,,22189,1476,0,28 29,1,100,,22190,1476,0,28 29,1,100,,22191,1476,0,28 29,1
501,'SE',439,,43784,1476,,,1,65,,43812,1476,0,28 29,1,20,,43821,1476,0,28 29,1,20,,43813,1476,0,28 29,1,15,,43829,1476,0,28 29,1,55,,43787,1476,0,28 29,1,15,,43822,1476,0,28 29,1,9,,43823,1476,0,28 29,1,9,,43828,1476,0,28 29,1,12,,43830,1476,0,28 29,1,50,,43794,1476,0,28 29,1,10,,43795,1476,0,28 29,1,10,,43818,1476,0,28 29,1,10,,43797,1476,0,28 29,1,10,,43827,1476,0,28 29,1,10,,43785,1476,0,28 29,1,50,,43833,1476,0,28 29,1,11,,43788,1476,0,28 29,1,9,,43796,1476,0,28 29,1,20,,43835,1476,0,28 29,1,60,,43786,1476,0,28 29,1,20,,43789,1476,0,28 29,1,30,,43836,1476,0,28 29,1,70,,43798,1476,0,28 29,1,30,,43792,1476,0,28 29,1,70,,43815,1476,0,28 29,1,30,,43834,1476,0,28 29,1,70,,43816,1476,0,28 29,1,71,,43840,1476,0,28 29,1,30,,43826,1476,0,28 29,1,70,,43793,1476,0,28 29,1,30,,43800,1476,0,28 29,1,70,,43808,1476,0,28 29,1,34,,43837,1476,0,28 29,1,13,,43801,1476,0,28 29,1,55,,43799,1476,0,28 29,1,17,,43809,1476,0,28 29,1,15,,43790,1476,0,28 29,1,17,,43825,1476,0,28 29,1,56,,43814,1476,0,28 29,1,12,,43817,1476,0,28 29,1,15,,43839,1476,0,28 29,1,15,,43791,1476,0,28 29,1,55,,43810,1476,0,28 29,1,22,,43831,1476,0,28 29,1,16,,43819,1476,0,28 29,1,61,,43806,1476,0,28 29,1,25,,43832,1476,0,28 29,1,30,,43820,1476,0,28 29,1,70,,43811,1476,0,28 29,1,30,,43807,1476,0,28 29,1,70,,43824,1476,0,28 29,1,30,,43838,1476,0,28 29,1,100,,43802,1476,0,28 29,1,100,,43803,1476,0,28 29,1,100,,43804,1476,0,28 29,1,100,,43805,1476,0,28 29,1
8801,'DI',620,,36910,5661,,,1,30,,36915,5661,,,1,70,,36921,5661,,,1,30,,36931,5661,,,1,69,,36911,5661,,,1,30,,36916,5661,,,1,70,,36922,5661,,,1,28,,36932,5661,,,1,69,,36912,5661,,,1,30,,36917,5661,,,1,69,,36923,5661,,,1,30,,36933,5661,,,1,70,,36913,5661,,,1,30,,36918,5661,,,1,70,,36924,5661,,,1,31,,36934,5661,,,1,70,,36914,5661,,,1,31,,36919,5661,,,1,71,,36925,5661,,,1,29,,15257,5661,,,1,70,,36926,5661,,,1,30,,36920,5661,,,1,70,,36935,5661,,,1,34,,15258,5661,,,1,62,,36927,5661,,,1,106,,36936,5661,,,1,101,,36928,5661,,,1,100,,36937,5661,,,1,100,,36929,5661,,,1,100,,36938,5661,,,1,99,,36930,5661,,,1
8801,'F1',620,,49632,5661,,,1,30,,49637,5661,,,1,70,,49643,5661,,,1,30,,49653,5661,,,1,69,,49633,5661,,,1,30,,49638,5661,,,1,70,,49644,5661,,,1,28,,49654,5661,,,1,69,,49634,5661,,,1,30,,49639,5661,,,1,69,,49645,5661,,,1,30,,49655,5661,,,1,70,,49635,5661,,,1,30,,49640,5661,,,1,70,,49646,5661,,,1,31,,49656,5661,,,1,70,,49636,5661,,,1,31,,49641,5661,,,1,71,,49647,5661,,,1,29,,49630,5661,,,1,70,,49648,5661,,,1,30,,49642,5661,,,1,70,,49657,5661,,,1,34,,49631,5661,,,1,62,,49649,5661,,,1,106,,49658,5661,,,1,101,,49650,5661,,,1,100,,49659,5661,,,1,100,,49651,5661,,,1,100,,49660,5661,,,1,99,,49652,5661,,,1
8801,'F2',618,,49664,5661,,,1,30,,49663,5661,,,1,70,,49685,5661,,,1,29,,49676,5661,,,1,70,,49665,5661,,,1,30,,49689,5661,,,1,70,,49686,5661,,,1,27,,49677,5661,,,1,70,,49669,5661,,,1,29,,49690,5661,,,1,70,,49687,5661,,,1,31,,49678,5661,,,1,70,,49670,5661,,,1,31,,49682,5661,,,1,68,,49666,5661,,,1,31,,49679,5661,,,1,70,,49671,5661,,,1,30,,49683,5661,,,1,70,,49667,5661,,,1,30,,49661,5661,,,1,70,,49672,5661,,,1,31,,49684,5661,,,1,68,,49668,5661,,,1,32,,49662,5661,,,1,62,,49691,5661,,,1,109,,49680,5661,,,1,100,,49673,5661,,,1,100,,49681,5661,,,1,100,,49674,5661,,,1,98,,49688,5661,,,1,100,,49675,5661,,,1
8801,'F8',618,,37048,5661,,,1,30,,37047,5661,,,1,70,,37069,5661,,,1,29,,37060,5661,,,1,70,,37049,5661,,,1,30,,37073,5661,,,1,70,,37070,5661,,,1,27,,37061,5661,,,1,70,,37053,5661,,,1,29,,37074,5661,,,1,70,,37071,5661,,,1,31,,37062,5661,,,1,70,,37054,5661,,,1,31,,37066,5661,,,1,68,,37050,5661,,,1,31,,37063,5661,,,1,70,,37055,5661,,,1,30,,37067,5661,,,1,70,,37051,5661,,,1,30,,37045,5661,,,1,70,,37056,5661,,,1,31,,37068,5661,,,1,68,,37052,5661,,,1,32,,37046,5661,,,1,62,,37075,5661,,,1,109,,37064,5661,,,1,100,,37057,5661,,,1,100,,37065,5661,,,1,100,,37058,5661,,,1,98,,37072,5661,,,1,100,,37059,5661,,,1
8801,'F9',620,,37078,5661,,,1,30,,37083,5661,,,1,70,,37089,5661,,,1,30,,37099,5661,,,1,69,,37079,5661,,,1,30,,37084,5661,,,1,70,,37090,5661,,,1,28,,37100,5661,,,1,69,,37080,5661,,,1,30,,37085,5661,,,1,69,,37091,5661,,,1,30,,37101,5661,,,1,70,,37081,5661,,,1,30,,37086,5661,,,1,70,,37092,5661,,,1,31,,37102,5661,,,1,70,,37082,5661,,,1,31,,37087,5661,,,1,71,,37093,5661,,,1,29,,37076,5661,,,1,70,,37094,5661,,,1,30,,37088,5661,,,1,70,,37103,5661,,,1,34,,37077,5661,,,1,62,,37095,5661,,,1,106,,37104,5661,,,1,101,,37096,5661,,,1,100,,37105,5661,,,1,100,,37097,5661,,,1,100,,37106,5661,,,1,99,,37098,5661,,,1
8801,'SA',618,,37110,5661,,,1,30,,37109,5661,,,1,70,,37131,5661,,,1,29,,37122,5661,,,1,70,,37111,5661,,,1,30,,37134,5661,,,1,70,,37132,5661,,,1,27,,37123,5661,,,1,70,,37115,5661,,,1,29,,37135,5661,,,1,70,,37133,5661,,,1,31,,37124,5661,,,1,70,,37116,5661,,,1,31,,37128,5661,,,1,68,,37112,5661,,,1,31,,37125,5661,,,1,70,,37117,5661,,,1,30,,37129,5661,,,1,70,,37113,5661,,,1,30,,37107,5661,,,1,70,,37118,5661,,,1,31,,37130,5661,,,1,68,,37114,5661,,,1,32,,37108,5661,,,1,62,,37136,5661,,,1,109,,37126,5661,,,1,100,,37119,5661,,,1,100,,37127,5661,,,1,100,,37120,5661,,,1,98,,15458,5661,,,1,100,,37121,5661,,,1
8801,'SE',615,,49700,5661,,,1,20,,49692,5661,,,1,10,,49714,5661,,,1,14,,49719,5661,,,1,48,,49702,5661,,,1,11,,49721,5661,,,1,15,,49720,5661,,,1,10,,49693,5661,,,1,7,,49710,5661,,,1,58,,49718,5661,,,1,19,,49708,5661,,,1,20,,49732,5661,,,1,70,,49734,5661,,,1,30,,49733,5661,,,1,70,,49697,5661,,,1,30,,49727,5661,,,1,70,,49728,5661,,,1,30,,49694,5661,,,1,70,,49699,5661,,,1,30,,49703,5661,,,1,70,,49696,5661,,,1,30,,49695,5661,,,1,72,,49705,5661,,,1,29,,49701,5661,,,1,60,,49713,5661,,,1,17,,49730,5661,,,1,18,,49722,5661,,,1,12,,49704,5661,,,1,55,,49711,5661,,,1,16,,49715,5661,,,1,15,,49709,5661,,,1,15,,49698,5661,,,1,54,,49736,5661,,,1,16,,49735,5661,,,1,18,,49731,5661,,,1,56,,49723,5661,,,1,20,,49712,5661,,,1,27,,49716,5661,,,1,72,,49737,5661,,,1,30,,49706,5661,,,1,70,,49729,5661,,,1,30,,49717,5661,,,1,70,,49707,5661,,,1,102,,49724,5661,,,1,98,,49726,5661,,,1,100,,49725,5661,,,1
