800,'DI',606,,53345,8895,,,1,34,,53319,8895,,,1,70,,53327,8895,,,1,30,,53333,8895,,,1,70,,53346,8895,,,1,30,,53320,8895,,,1,72,,53328,8895,,,1,30,,53334,8895,,,1,70,,53347,8895,,,1,30,,53321,8895,,,1,70,,53329,8895,,,1,30,,53335,8895,,,1,72,,53348,8895,,,1,30,,53322,8895,,,1,70,,53330,8895,,,1,30,,53342,8895,,,1,70,,53349,8895,,,1,30,,53343,8895,,,1,70,,53331,8895,,,1,29,,53336,8895,,,1,70,,53350,8895,,,1,30,,53344,8895,,,1,69,,53332,8895,,,1,30,,53337,8895,,,1,72,,53351,8895,,,1,43,,53323,8895,,,1,99,,53338,8895,,,1,100,,53324,8895,,,1,99,,53339,8895,,,1,100,,53325,8895,,,1,100,,53340,8895,,,1,100,,53326,8895,,,1,100,,53341,8895,,,1
800,'F1',606,,53378,8895,,,1,34,,53352,8895,,,1,70,,53360,8895,,,1,30,,53366,8895,,,1,70,,53379,8895,,,1,30,,53353,8895,,,1,72,,53361,8895,,,1,30,,53367,8895,,,1,70,,53380,8895,,,1,30,,53354,8895,,,1,70,,53362,8895,,,1,30,,53368,8895,,,1,72,,53381,8895,,,1,30,,53355,8895,,,1,70,,53363,8895,,,1,30,,53375,8895,,,1,70,,53382,8895,,,1,30,,53376,8895,,,1,70,,53364,8895,,,1,29,,53369,8895,,,1,70,,53383,8895,,,1,30,,53377,8895,,,1,69,,53365,8895,,,1,30,,53370,8895,,,1,72,,53384,8895,,,1,43,,53356,8895,,,1,99,,53371,8895,,,1,100,,53357,8895,,,1,99,,53372,8895,,,1,100,,53358,8895,,,1,100,,53373,8895,,,1,100,,53359,8895,,,1,100,,53374,8895,,,1
800,'F2',607,,53405,8895,,,1,30,,53389,8895,,,1,72,,53393,8895,,,1,30,,53400,8895,,,1,71,,53406,8895,,,1,30,,53390,8895,,,1,70,,53394,8895,,,1,31,,53401,8895,,,1,70,,53407,8895,,,1,31,,53391,8895,,,1,70,,53395,8895,,,1,30,,53402,8895,,,1,68,,53408,8895,,,1,32,,53392,8895,,,1,70,,53396,8895,,,1,30,,53403,8895,,,1,70,,53409,8895,,,1,30,,44107,8895,,,1,70,,53397,8895,,,1,30,,53415,8895,,,1,70,,53410,8895,,,1,30,,44108,8895,,,1,70,,53398,8895,,,1,30,,53416,8895,,,1,72,,53411,8895,,,1,28,,53385,8895,,,1,70,,53399,8895,,,1,46,,53412,8895,,,1,98,,53386,8895,,,1,100,,53413,8895,,,1,100,,53387,8895,,,1,100,,53414,8895,,,1,100,,53388,8895,,,1,100,,53404,8895,,,1
800,'SA',607,,53437,8895,,,1,30,,53421,8895,,,1,72,,53425,8895,,,1,30,,53432,8895,,,1,71,,53438,8895,,,1,30,,53422,8895,,,1,70,,53426,8895,,,1,31,,53433,8895,,,1,70,,53439,8895,,,1,31,,53423,8895,,,1,70,,53427,8895,,,1,30,,53434,8895,,,1,68,,53440,8895,,,1,32,,53424,8895,,,1,70,,53428,8895,,,1,30,,53435,8895,,,1,70,,53441,8895,,,1,30,,2660,8895,,,1,70,,53429,8895,,,1,30,,53447,8895,,,1,70,,53442,8895,,,1,30,,2661,8895,,,1,70,,53430,8895,,,1,30,,53448,8895,,,1,72,,53443,8895,,,1,28,,53417,8895,,,1,70,,53431,8895,,,1,46,,53444,8895,,,1,98,,53418,8895,,,1,100,,53445,8895,,,1,100,,53419,8895,,,1,100,,53446,8895,,,1,100,,53420,8895,,,1,100,,53436,8895,,,1
800,'SE',513,,44153,8895,,,1,28,,53469,8895,,,1,62,,53461,8895,,,1,41,,53449,8895,,,1,70,,44154,8895,,,1,21,,53470,8895,,,1,19,,53451,8895,,,1,53,,53485,8895,,,1,15,,53452,8895,,,1,15,,53481,8895,,,1,15,,53475,8895,,,1,57,,53488,8895,,,1,15,,44124,8895,,,1,15,,53471,8895,,,1,15,,53462,8895,,,1,55,,53486,8895,,,1,15,,53453,8895,,,1,15,,53482,8895,,,1,15,,53476,8895,,,1,55,,53489,8895,,,1,15,,53450,8895,,,1,17,,53457,8895,,,1,15,,53472,8895,,,1,55,,53466,8895,,,1,15,,53487,8895,,,1,15,,53505,8895,,,1,15,,53483,8895,,,1,55,,53479,8895,,,1,15,,53490,8895,,,1,15,,53492,8895,,,1,15,,53507,8895,,,1,55,,53495,8895,,,1,15,,53467,8895,,,1,18,,53454,8895,,,1,15,,53506,8895,,,1,54,,53477,8895,,,1,14,,53460,8895,,,1,4,,53491,8895,,,1,13,,53498,8895,,,1,15,,53493,8895,,,1,55,,53458,8895,,,1,15,,53478,8895,,,1,15,,53496,8895,,,1,12,,53468,8895,,,1,52,,53511,8895,,,1,13,,53484,8895,,,1,11,,53459,8895,,,1,12,,53503,8895,,,1,12,,53508,8895,,,1,51,,53499,8895,,,1,12,,53494,8895,,,1,12,,53504,8895,,,1,8,,53480,8895,,,1,10,,53473,8895,,,1,10,,53497,8895,,,1,60,,53500,8895,,,1,27,,53509,8895,,,1,68,,53512,8895,,,1,30,,53474,8895,,,1,68,,53501,8895,,,1,30,,53510,8895,,,1,70,,53513,8895,,,1,45,,53463,8895,,,1,100,,53502,8895,,,1,96,,53464,8895,,,1,100,,53465,8895,,,1
2800,'DI',903,,56189,8895,0,32 33,1,101,,56184,8895,0,32 33,1,101,,56188,8895,0,32 33,1,100,,56185,8895,0,32 33,1,100,,56187,8895,0,32 33,1,100,,56183,8895,0,32 33,1,100,,56186,8895,0,32 33,1,101,,56182,8895,0,32 33,1,99,,56190,8895,0,32 33,1,100,,56191,8895,0,32 33,1
2800,'F1',903,,56199,8895,0,32 33,1,101,,56194,8895,0,32 33,1,101,,56198,8895,0,32 33,1,100,,56195,8895,0,32 33,1,100,,56197,8895,0,32 33,1,100,,56193,8895,0,32 33,1,100,,56196,8895,0,32 33,1,101,,56192,8895,0,32 33,1,99,,56200,8895,0,32 33,1,100,,56201,8895,0,32 33,1
2800,'F2',905,,56207,8895,0,32 33,1,99,,56205,8895,0,32 33,1,104,,56202,8895,0,32 33,1,97,,56208,8895,0,32 33,1,101,,45930,8895,0,32 33,1,100,,56210,8895,0,32 33,1,99,,56204,8895,0,32 33,1,103,,56203,8895,0,32 33,1,99,,56206,8895,0,32 33,1,98,,56209,8895,0,32 33,1
2800,'SA',905,,56216,8895,0,32 33,1,99,,56214,8895,0,32 33,1,104,,56211,8895,0,32 33,1,97,,56217,8895,0,32 33,1,101,,6923,8895,0,32 33,1,100,,56219,8895,0,32 33,1,99,,56213,8895,0,32 33,1,103,,56212,8895,0,32 33,1,99,,56215,8895,0,32 33,1,98,,56218,8895,0,32 33,1
2800,'SE',632,,56256,8895,0,32 33,1,86,,56253,8895,0,32 33,1,22,,56259,8895,0,32 33,1,3,,56252,8895,0,32 33,1,16,,56233,8895,0,32 33,1,53,,56240,8895,0,32 33,1,15,,56258,8895,0,32 33,1,15,,56220,8895,0,32 33,1,14,,56222,8895,0,32 33,1,58,,56221,8895,0,32 33,1,30,,56236,8895,0,32 33,1,70,,56241,8895,0,32 33,1,30,,56232,8895,0,32 33,1,70,,56223,8895,0,32 33,1,32,,56242,8895,0,32 33,1,70,,56226,8895,0,32 33,1,30,,56224,8895,0,32 33,1,70,,56243,8895,0,32 33,1,30,,56227,8895,0,32 33,1,70,,56225,8895,0,32 33,1,32,,56238,8895,0,32 33,1,71,,56254,8895,0,32 33,1,16,,56244,8895,0,32 33,1,14,,56229,8895,0,32 33,1,55,,56246,8895,0,32 33,1,15,,56257,8895,0,32 33,1,15,,56228,8895,0,32 33,1,14,,56231,8895,0,32 33,1,52,,56255,8895,0,32 33,1,12,,56245,8895,0,32 33,1,12,,56230,8895,0,32 33,1,12,,56235,8895,0,32 33,1,12,,56247,8895,0,32 33,1,52,,56239,8895,0,32 33,1,11,,45957,8895,0,32 33,1,12,,56249,8895,0,32 33,1,10,,56250,8895,0,32 33,1,13,,56248,8895,0,32 33,1,95,,56234,8895,0,32 33,1,98,,56251,8895,0,32 33,1,98,,56237,8895,0,32 33,1
8800,'DI',725,,60913,8895,,,1,30,,60910,8895,,,1,70,,60920,8895,,,1,30,,60927,8895,,,1,70,,60914,8895,,,1,30,,60911,8895,,,1,72,,60921,8895,,,1,30,,60928,8895,,,1,70,,60917,8895,,,1,30,,60912,8895,,,1,70,,60922,8895,,,1,30,,60926,8895,,,1,70,,60929,8895,,,1,30,,60909,8895,,,1,70,,60923,8895,,,1,30,,60907,8895,,,1,70,,60930,8895,,,1,30,,60918,8895,,,1,70,,60924,8895,,,1,30,,60908,8895,,,1,70,,60931,8895,,,1,29,,60919,8895,,,1,70,,60925,8895,,,1,100,,60933,8895,,,1,100,,60932,8895,,,1,100,,60934,8895,,,1,100,,60915,8895,,,1,97,,60935,8895,,,1,100,,60916,8895,,,1,100,,60906,8895,,,1
8800,'F1',725,,60943,8895,,,1,30,,60940,8895,,,1,70,,60950,8895,,,1,30,,60957,8895,,,1,70,,60944,8895,,,1,30,,60941,8895,,,1,72,,60951,8895,,,1,30,,60958,8895,,,1,70,,60947,8895,,,1,30,,60942,8895,,,1,70,,60952,8895,,,1,30,,60956,8895,,,1,70,,60959,8895,,,1,30,,60939,8895,,,1,70,,60953,8895,,,1,30,,60937,8895,,,1,70,,60960,8895,,,1,30,,60948,8895,,,1,70,,60954,8895,,,1,30,,60938,8895,,,1,70,,60961,8895,,,1,29,,60949,8895,,,1,70,,60955,8895,,,1,100,,60963,8895,,,1,100,,60962,8895,,,1,100,,60964,8895,,,1,100,,60945,8895,,,1,97,,60965,8895,,,1,100,,60946,8895,,,1,100,,60936,8895,,,1
8800,'F2',724,,60972,8895,,,1,30,,60978,8895,,,1,71,,60985,8895,,,1,30,,60987,8895,,,1,71,,60973,8895,,,1,30,,60979,8895,,,1,71,,60986,8895,,,1,30,,60988,8895,,,1,70,,60974,8895,,,1,30,,60980,8895,,,1,70,,60992,8895,,,1,30,,60989,8895,,,1,70,,60975,8895,,,1,30,,60981,8895,,,1,70,,60995,8895,,,1,30,,60967,8895,,,1,70,,60976,8895,,,1,30,,60970,8895,,,1,70,,60996,8895,,,1,30,,60968,8895,,,1,71,,60991,8895,,,1,29,,60971,8895,,,1,71,,60993,8895,,,1,29,,60969,8895,,,1,70,,60982,8895,,,1,100,,60994,8895,,,1,99,,60983,8895,,,1,98,,60990,8895,,,1,100,,60984,8895,,,1,100,,60966,8895,,,1,100,,60977,8895,,,1
8800,'SA',724,,61003,8895,,,1,30,,61009,8895,,,1,71,,61016,8895,,,1,30,,61018,8895,,,1,71,,61004,8895,,,1,30,,61010,8895,,,1,71,,61017,8895,,,1,30,,61019,8895,,,1,70,,61005,8895,,,1,30,,61011,8895,,,1,70,,61023,8895,,,1,30,,61020,8895,,,1,70,,61006,8895,,,1,30,,61012,8895,,,1,70,,61026,8895,,,1,30,,60998,8895,,,1,70,,61007,8895,,,1,30,,61001,8895,,,1,70,,61027,8895,,,1,30,,60999,8895,,,1,71,,61022,8895,,,1,29,,61002,8895,,,1,71,,61024,8895,,,1,29,,61000,8895,,,1,70,,61013,8895,,,1,100,,61025,8895,,,1,99,,61014,8895,,,1,98,,61021,8895,,,1,100,,61015,8895,,,1,100,,60997,8895,,,1,100,,61008,8895,,,1
8800,'SE',727,,61071,8895,,,1,21,,61070,8895,,,1,55,,61042,8895,,,1,14,,61045,8895,,,1,15,,61046,8895,,,1,15,,61047,8895,,,1,55,,61034,8895,,,1,29,,61030,8895,,,1,70,,61059,8895,,,1,30,,61069,8895,,,1,70,,61031,8895,,,1,32,,61066,8895,,,1,70,,61067,8895,,,1,30,,61028,8895,,,1,70,,61062,8895,,,1,30,,61068,8895,,,1,70,,61060,8895,,,1,33,,61064,8895,,,1,70,,61063,8895,,,1,17,,61043,8895,,,1,16,,61074,8895,,,1,15,,61035,8895,,,1,55,,61072,8895,,,1,15,,61049,8895,,,1,15,,61061,8895,,,1,13,,61065,8895,,,1,52,,61029,8895,,,1,12,,61073,8895,,,1,12,,61054,8895,,,1,13,,61044,8895,,,1,11,,61036,8895,,,1,51,,61075,8895,,,1,12,,61037,8895,,,1,12,,61039,8895,,,1,8,,61050,8895,,,1,19,,61038,8895,,,1,55,,61076,8895,,,1,22,,61055,8895,,,1,28,,61040,8895,,,1,70,,61051,8895,,,1,28,,61077,8895,,,1,70,,61056,8895,,,1,30,,61041,8895,,,1,70,,61052,8895,,,1,100,,61057,8895,,,1,99,,61053,8895,,,1,97,,61058,8895,,,1
