2301,'F2',616,,56098,5746,,,1,103,,56089,5746,,,1,101,,56091,5746,,,1,100,,56096,5746,,,1,103,,56097,5746,,,1,99,,56088,5746,,,1,103,,56094,5746,,,1,97,,56087,5746,,,1,99,,56090,5746,,,1,100,,56092,5746,,,1,100,,56093,5746,,,1,100,,56095,5746,,,1
2301,'SA',616,,56110,5746,,,1,103,,56101,5746,,,1,101,,56103,5746,,,1,100,,56108,5746,,,1,103,,56109,5746,,,1,99,,56100,5746,,,1,103,,56106,5746,,,1,97,,56099,5746,,,1,99,,56102,5746,,,1,100,,56104,5746,,,1,100,,56105,5746,,,1,100,,56107,5746,,,1
2301,'SE',1027,,56114,5746,,,1,100,,56111,5746,,,1,100,,56113,5746,,,1,101,,56115,5746,,,1,100,,56112,5746,,,1
12301,'DI',550,,37798,20042,,,1,100,,37808,20042,,,1,100,,37799,20042,,,1,100,,37809,20042,,,1,101,,37800,20042,,,1,100,,37810,20042,,,1,100,,37801,20042,,,1,100,,61842,20042,,,1,100,,37802,20042,,,1,100,,61843,20042,,,1,100,,37803,20042,,,1,100,,61844,20042,,,1,100,,61838,20042,,,1,100,,61845,20042,,,1,100,,61839,20042,,,1,99,,61846,20042,,,1,100,,61840,20042,,,1,100,,61847,20042,,,1,100,,61841,20042,,,1,100,,61848,20042,,,1
12301,'F1',550,,49985,20042,,,1,100,,49995,20042,,,1,100,,49986,20042,,,1,100,,49996,20042,,,1,101,,49987,20042,,,1,100,,49997,20042,,,1,100,,49988,20042,,,1,100,,61853,20042,,,1,100,,49989,20042,,,1,100,,61854,20042,,,1,100,,49990,20042,,,1,100,,61855,20042,,,1,100,,61849,20042,,,1,100,,61856,20042,,,1,100,,61850,20042,,,1,99,,61857,20042,,,1,100,,61851,20042,,,1,100,,61858,20042,,,1,100,,61852,20042,,,1,100,,61859,20042,,,1
12301,'F2',549,,61861,20042,,,1,100,,61860,20042,,,1,100,,61862,20042,,,1,100,,61868,20042,,,1,100,,61872,20042,,,1,100,,61863,20042,,,1,100,,61873,20042,,,1,100,,61864,20042,,,1,100,,61874,20042,,,1,100,,61865,20042,,,1,100,,61875,20042,,,1,100,,61866,20042,,,1,100,,61876,20042,,,1,100,,61867,20042,,,1,100,,61877,20042,,,1,100,,61869,20042,,,1,100,,61878,20042,,,1,100,,61870,20042,,,1,100,,61879,20042,,,1,100,,61871,20042,,,1
12301,'SA',549,,61881,20042,,,1,100,,61880,20042,,,1,100,,61882,20042,,,1,100,,61888,20042,,,1,100,,61892,20042,,,1,100,,61883,20042,,,1,100,,61893,20042,,,1,100,,61884,20042,,,1,100,,61894,20042,,,1,100,,61885,20042,,,1,100,,61895,20042,,,1,100,,61886,20042,,,1,100,,61896,20042,,,1,100,,61887,20042,,,1,100,,61897,20042,,,1,100,,61889,20042,,,1,100,,61898,20042,,,1,100,,61890,20042,,,1,100,,61899,20042,,,1,100,,61891,20042,,,1
12301,'SE',536,,61913,20042,,,1,70,,61916,20042,,,1,20,,50029,20042,,,1,25,,61904,20042,,,1,55,,61902,20042,,,1,27,,61901,20042,,,1,70,,61900,20042,,,1,28,,61903,20042,,,1,70,,61905,20042,,,1,28,,61910,20042,,,1,30,,61912,20042,,,1,96,,61909,20042,,,1,101,,61932,20042,,,1,100,,61908,20042,,,1,100,,61918,20042,,,1,100,,61922,20042,,,1,51,,61921,20042,,,1,27,,50049,20042,,,1,20,,50053,20042,,,1,55,,61927,20042,,,1,19,,61928,20042,,,1,6,,61924,20042,,,1,16,,61929,20042,,,1,50,,61931,20042,,,1,6,,61919,20042,,,1,24,,61926,20042,,,1,26,,50050,20042,,,1,67,,61911,20042,,,1,31,,61917,20042,,,1,66,,61920,20042,,,1,34,,61907,20042,,,1,68,,61906,20042,,,1,30,,61925,20042,,,1,98,,61930,20042,,,1,98,,61914,20042,,,1,100,,61923,20042,,,1,157,,61915,20042,,,1
17001,'SE',516,,62497,2742,0,48 49,2,30,,62498,2742,0,48 49,2,62,,62481,2742,0,48 49,2,30,,62485,2742,0,48 49,2,70,,62482,2742,0,48 49,2,31,,62486,2742,0,48 49,2,69,,62483,2742,0,48 49,2,35,,62487,2742,0,48 49,2,70,,62484,2742,0,48 49,2,616,,62493,2742,0,48 49,2,30,,62488,2742,0,48 49,2,70,,62494,2742,0,48 49,2,30,,62489,2742,0,48 49,2,70,,62495,2742,0,48 49,2,30,,62490,2742,0,48 49,2,70,,62496,2742,0,48 49,2,30,,62491,2742,0,48 49,2
57501,'SE',850,,63477,9120,,,2
