2100,'DI',535,,55630,15414,,,1,70,,55629,15414,,,1,30,,55641,15414,,,1,69,,55638,15414,,,1,30,,55648,15414,,,1,70,,55637,15414,,,1,31,,55645,15414,,,1,70,,55662,15414,,,1,30,,55635,15414,,,1,67,,55639,15414,,,1,33,,55642,15414,,,1,70,,55650,15414,,,1,32,,55640,15414,,,1,69,,55658,15414,,,1,31,,55631,15414,,,1,70,,55656,15414,,,1,30,,55649,15414,,,1,70,,55646,15414,,,1,30,,55654,15414,,,1,70,,55657,15414,,,1,30,,55643,15414,,,1,70,,55655,15414,,,1,30,,55632,15414,,,1,70,,55647,15414,,,1,30,,55661,15414,,,1,70,,55653,15414,,,1,30,,55651,15414,,,1,68,,55625,15414,,,1,30,,55644,15414,,,1,70,,55660,15414,,,1,30,,55633,15414,,,1,70,,55659,15414,,,1,30,,55622,15414,,,1,70,,55624,15414,,,1,30,,55652,15414,,,1,70,,55634,15414,,,1,30,,55627,15414,,,1,70,,55626,15414,,,1,30,,55628,15414,,,1,70,,55623,15414,,,1,30,,55636,15414,,,1
2100,'F1',535,,55671,15414,,,1,70,,55670,15414,,,1,30,,55682,15414,,,1,69,,55679,15414,,,1,30,,55689,15414,,,1,70,,55678,15414,,,1,31,,55686,15414,,,1,70,,55703,15414,,,1,30,,55676,15414,,,1,67,,55680,15414,,,1,33,,55683,15414,,,1,70,,55691,15414,,,1,32,,55681,15414,,,1,69,,55699,15414,,,1,31,,55672,15414,,,1,70,,55697,15414,,,1,30,,55690,15414,,,1,70,,55687,15414,,,1,30,,55695,15414,,,1,70,,55698,15414,,,1,30,,55684,15414,,,1,70,,55696,15414,,,1,30,,55673,15414,,,1,70,,55688,15414,,,1,30,,55702,15414,,,1,70,,55694,15414,,,1,30,,55692,15414,,,1,68,,55666,15414,,,1,30,,55685,15414,,,1,70,,55701,15414,,,1,30,,55674,15414,,,1,70,,55700,15414,,,1,30,,55663,15414,,,1,70,,55665,15414,,,1,30,,55693,15414,,,1,70,,55675,15414,,,1,30,,55668,15414,,,1,70,,55667,15414,,,1,30,,55669,15414,,,1,70,,55664,15414,,,1,30,,55677,15414,,,1
2100,'F2',535,,55706,15414,,,1,70,,55708,15414,,,1,30,,55738,15414,,,1,70,,55707,15414,,,1,30,,55728,15414,,,1,70,,55719,15414,,,1,30,,55709,15414,,,1,70,,55739,15414,,,1,30,,55734,15414,,,1,65,,55731,15414,,,1,31,,55723,15414,,,1,74,,55726,15414,,,1,33,,55732,15414,,,1,65,,55740,15414,,,1,34,,55716,15414,,,1,70,,55743,15414,,,1,30,,55735,15414,,,1,70,,55727,15414,,,1,30,,55710,15414,,,1,70,,55744,15414,,,1,30,,55736,15414,,,1,70,,55722,15414,,,1,30,,55711,15414,,,1,70,,55729,15414,,,1,30,,55737,15414,,,1,70,,55715,15414,,,1,30,,55712,15414,,,1,68,,55730,15414,,,1,30,,55741,15414,,,1,70,,55733,15414,,,1,30,,55704,15414,,,1,70,,55724,15414,,,1,30,,55713,15414,,,1,70,,55717,15414,,,1,30,,55720,15414,,,1,70,,55705,15414,,,1,30,,55742,15414,,,1,70,,55725,15414,,,1,30,,55721,15414,,,1,70,,55714,15414,,,1,29,,55718,15414,,,1
2100,'SA',535,,55747,15414,,,1,70,,55749,15414,,,1,30,,55779,15414,,,1,70,,55748,15414,,,1,30,,55769,15414,,,1,70,,55760,15414,,,1,30,,55750,15414,,,1,70,,55780,15414,,,1,30,,55775,15414,,,1,65,,55772,15414,,,1,31,,55764,15414,,,1,74,,55767,15414,,,1,33,,55773,15414,,,1,65,,55781,15414,,,1,34,,55757,15414,,,1,70,,55784,15414,,,1,30,,55776,15414,,,1,70,,55768,15414,,,1,30,,55751,15414,,,1,70,,55785,15414,,,1,30,,55777,15414,,,1,70,,55763,15414,,,1,30,,55752,15414,,,1,70,,55770,15414,,,1,30,,55778,15414,,,1,70,,55756,15414,,,1,30,,55753,15414,,,1,68,,55771,15414,,,1,30,,55782,15414,,,1,70,,55774,15414,,,1,30,,55745,15414,,,1,70,,55765,15414,,,1,30,,55754,15414,,,1,70,,55758,15414,,,1,30,,55761,15414,,,1,70,,55746,15414,,,1,30,,55783,15414,,,1,70,,55766,15414,,,1,30,,55762,15414,,,1,70,,55755,15414,,,1,29,,55759,15414,,,1
2100,'SE',545,,55800,15414,,,1,55,,45637,15414,,,1,15,,55787,15414,,,1,12,,45634,15414,,,1,10,,55812,15414,,,1,20,,55788,15414,,,1,58,,55813,15414,,,1,10,,55793,15414,,,1,14,,45638,15414,,,1,17,,55803,15414,,,1,57,,55814,15414,,,1,23,,55816,15414,,,1,18,,55817,15414,,,1,60,,55811,15414,,,1,21,,55792,15414,,,1,67,,55789,15414,,,1,32,,55791,15414,,,1,70,,55786,15414,,,1,30,,55790,15414,,,1,70,,55804,15414,,,1,33,,55818,15414,,,1,70,,55805,15414,,,1,30,,55822,15414,,,1,71,,55794,15414,,,1,28,,55819,15414,,,1,82,,55833,15414,,,1,6,,55806,15414,,,1,17,,55831,15414,,,1,15,,55815,15414,,,1,55,,55795,15414,,,1,15,,55824,15414,,,1,15,,55820,15414,,,1,17,,55807,15414,,,1,59,,55828,15414,,,1,17,,55832,15414,,,1,10,,55799,15414,,,1,11,,55827,15414,,,1,55,,55796,15414,,,1,11,,55825,15414,,,1,15,,55821,15414,,,1,15,,55808,15414,,,1,60,,55829,15414,,,1,20,,55801,15414,,,1,16,,55823,15414,,,1,70,,55826,15414,,,1,30,,55809,15414,,,1,70,,55810,15414,,,1,30,,55797,15414,,,1,100,,55834,15414,,,1,100,,55830,15414,,,1,95,,55798,15414,,,1,100,,55802,15414,,,1
4401,'DI',636,,57640,1989,,,2,100,,57641,1989,,,2,100,,57637,1989,,,2,100,,57625,1989,,,2,100,,57634,1989,,,2,100,,57626,1989,,,2,100,,57635,1989,,,2,100,,57623,1989,,,2,100,,57638,1989,,,2,100,,57636,1989,,,2,100,,57627,1989,,,2,100,,57639,1989,,,2,100,,57624,1989,,,2,100,,57628,1989,,,2,100,,57629,1989,,,2,100,,57630,1989,,,2,100,,57631,1989,,,2,100,,57632,1989,,,2,100,,57633,1989,,,2
4401,'F1',636,,57659,1989,,,2,100,,57660,1989,,,2,100,,57656,1989,,,2,100,,57644,1989,,,2,100,,57653,1989,,,2,100,,57645,1989,,,2,100,,57654,1989,,,2,100,,57642,1989,,,2,100,,57657,1989,,,2,100,,57655,1989,,,2,100,,57646,1989,,,2,100,,57658,1989,,,2,100,,57643,1989,,,2,100,,57647,1989,,,2,100,,57648,1989,,,2,100,,57649,1989,,,2,100,,57650,1989,,,2,100,,57651,1989,,,2,100,,57652,1989,,,2
4401,'F2',636,,57676,1989,,,2,100,,57677,1989,,,2,100,,57679,1989,,,2,100,,57675,1989,,,2,100,,57668,1989,,,2,100,,57666,1989,,,2,100,,57662,1989,,,2,100,,57678,1989,,,2,100,,57664,1989,,,2,100,,57663,1989,,,2,100,,57661,1989,,,2,100,,57667,1989,,,2,100,,57665,1989,,,2,100,,57669,1989,,,2,100,,57670,1989,,,2,100,,57671,1989,,,2,100,,57672,1989,,,2,100,,57673,1989,,,2,100,,57674,1989,,,2
4401,'SA',636,,57695,1989,,,2,100,,57696,1989,,,2,100,,57698,1989,,,2,100,,57694,1989,,,2,100,,57687,1989,,,2,100,,57685,1989,,,2,100,,57681,1989,,,2,100,,57697,1989,,,2,100,,57683,1989,,,2,100,,57682,1989,,,2,100,,57680,1989,,,2,100,,57686,1989,,,2,100,,57684,1989,,,2,100,,57688,1989,,,2,100,,57689,1989,,,2,100,,57690,1989,,,2,100,,57691,1989,,,2,100,,57692,1989,,,2,100,,57693,1989,,,2
4401,'SE',534,,57703,1989,,,2,70,,57740,1989,,,2,30,,57704,1989,,,2,15,,57741,1989,,,2,55,,57709,1989,,,2,15,,57707,1989,,,2,17,,57705,1989,,,2,13,,57699,1989,,,2,55,,57710,1989,,,2,15,,57708,1989,,,2,15,,57700,1989,,,2,15,,57706,1989,,,2,55,,57736,1989,,,2,30,,57713,1989,,,2,70,,57711,1989,,,2,30,,57714,1989,,,2,70,,57712,1989,,,2,30,,57715,1989,,,2,70,,57717,1989,,,2,30,,57716,1989,,,2,70,,57718,1989,,,2,30,,57722,1989,,,2,70,,57719,1989,,,2,30,,57723,1989,,,2,70,,57720,1989,,,2,30,,57701,1989,,,2,15,,57743,1989,,,2,53,,57744,1989,,,2,17,,57745,1989,,,2,15,,57742,1989,,,2,15,,57724,1989,,,2,55,,57702,1989,,,2,15,,57729,1989,,,2,15,,57731,1989,,,2,15,,57730,1989,,,2,55,,57721,1989,,,2,30,,57735,1989,,,2,70,,57725,1989,,,2,30,,57732,1989,,,2,70,,57726,1989,,,2,30,,57733,1989,,,2,70,,57727,1989,,,2,30,,57734,1989,,,2,70,,57728,1989,,,2,100,,57737,1989,,,2,100,,57738,1989,,,2,100,,57739,1989,,,2
