501,'DI',559,,21945,2041,0,28 29,1,70,,21951,2041,0,28 29,1,30,,21946,2041,0,28 29,1,70,,21952,2041,0,28 29,1,30,,21947,2041,0,28 29,1,70,,21953,2041,0,28 29,1,30,,21973,2041,0,28 29,1,70,,21954,2041,0,28 29,1,30,,21958,2041,0,28 29,1,70,,21955,2041,0,28 29,1,30,,21970,2041,0,28 29,1,70,,21959,2041,0,28 29,1,30,,21948,2041,0,28 29,1,73,,21960,2041,0,28 29,1,70,,21949,2041,0,28 29,1,28,,21974,2041,0,28 29,1,72,,21971,2041,0,28 29,1,30,,21975,2041,0,28 29,1,70,,21961,2041,0,28 29,1,29,,21950,2041,0,28 29,1,71,,21965,2041,0,28 29,1,30,,21972,2041,0,28 29,1,70,,21956,2041,0,28 29,1,30,,21962,2041,0,28 29,1,70,,21976,2041,0,28 29,1,98,,21957,2041,0,28 29,1,100,,21964,2041,0,28 29,1,100,,21963,2041,0,28 29,1,100,,21966,2041,0,28 29,1,100,,21967,2041,0,28 29,1,100,,21968,2041,0,28 29,1,100,,21969,2041,0,28 29,1
501,'F8',529,,22100,2041,0,28 29,1,30,,22108,2041,0,28 29,1,70,,22101,2041,0,28 29,1,30,,22109,2041,0,28 29,1,70,,22102,2041,0,28 29,1,30,,22110,2041,0,28 29,1,70,,22103,2041,0,28 29,1,30,,22111,2041,0,28 29,1,70,,22104,2041,0,28 29,1,30,,22113,2041,0,28 29,1,70,,22105,2041,0,28 29,1,30,,22114,2041,0,28 29,1,70,,22106,2041,0,28 29,1,30,,22115,2041,0,28 29,1,73,,22107,2041,0,28 29,1,70,,22116,2041,0,28 29,1,30,,22112,2041,0,28 29,1,70,,22132,2041,0,28 29,1,30,,22127,2041,0,28 29,1,70,,22117,2041,0,28 29,1,30,,22130,2041,0,28 29,1,70,,22126,2041,0,28 29,1,30,,22129,2041,0,28 29,1,70,,22133,2041,0,28 29,1,30,,22128,2041,0,28 29,1,70,,22131,2041,0,28 29,1,98,,22118,2041,0,28 29,1,100,,22119,2041,0,28 29,1,100,,22120,2041,0,28 29,1,100,,22121,2041,0,28 29,1,100,,22122,2041,0,28 29,1,100,,22123,2041,0,28 29,1,100,,22124,2041,0,28 29,1,100,,22125,2041,0,28 29,1
501,'F9',559,,22134,2041,0,28 29,1,70,,22140,2041,0,28 29,1,30,,22135,2041,0,28 29,1,70,,22141,2041,0,28 29,1,30,,22136,2041,0,28 29,1,70,,22142,2041,0,28 29,1,30,,22162,2041,0,28 29,1,70,,22143,2041,0,28 29,1,30,,22147,2041,0,28 29,1,70,,22144,2041,0,28 29,1,30,,22159,2041,0,28 29,1,70,,22148,2041,0,28 29,1,30,,22137,2041,0,28 29,1,73,,22149,2041,0,28 29,1,70,,22138,2041,0,28 29,1,28,,22163,2041,0,28 29,1,72,,22160,2041,0,28 29,1,30,,22164,2041,0,28 29,1,70,,22150,2041,0,28 29,1,29,,22139,2041,0,28 29,1,71,,22154,2041,0,28 29,1,30,,22161,2041,0,28 29,1,70,,22145,2041,0,28 29,1,30,,22151,2041,0,28 29,1,70,,22165,2041,0,28 29,1,98,,22146,2041,0,28 29,1,100,,22153,2041,0,28 29,1,100,,22152,2041,0,28 29,1,100,,22155,2041,0,28 29,1,100,,22156,2041,0,28 29,1,100,,22157,2041,0,28 29,1,100,,22158,2041,0,28 29,1
501,'SA',529,,22166,2041,0,28 29,1,30,,22174,2041,0,28 29,1,70,,22167,2041,0,28 29,1,30,,22175,2041,0,28 29,1,70,,22168,2041,0,28 29,1,30,,22176,2041,0,28 29,1,70,,22169,2041,0,28 29,1,30,,22177,2041,0,28 29,1,70,,22170,2041,0,28 29,1,30,,22179,2041,0,28 29,1,70,,22171,2041,0,28 29,1,30,,22180,2041,0,28 29,1,70,,22172,2041,0,28 29,1,30,,22181,2041,0,28 29,1,73,,22173,2041,0,28 29,1,70,,22182,2041,0,28 29,1,30,,22178,2041,0,28 29,1,70,,22198,2041,0,28 29,1,30,,22193,2041,0,28 29,1,70,,22183,2041,0,28 29,1,30,,22196,2041,0,28 29,1,70,,22192,2041,0,28 29,1,30,,22195,2041,0,28 29,1,70,,22199,2041,0,28 29,1,30,,22194,2041,0,28 29,1,70,,22197,2041,0,28 29,1,98,,22184,2041,0,28 29,1,100,,22185,2041,0,28 29,1,100,,22186,2041,0,28 29,1,100,,22187,2041,0,28 29,1,100,,22188,2041,0,28 29,1,100,,22189,2041,0,28 29,1,100,,22190,2041,0,28 29,1,100,,22191,2041,0,28 29,1
501,'SE',441,,22200,2041,,,1,65,,1947,2041,0,28 29,1,20,,22202,2041,0,28 29,1,20,,22204,2041,0,28 29,1,55,,22240,2041,0,28 29,1,15,,22206,2041,0,28 29,1,15,,22203,2041,0,28 29,1,9,,22208,2041,0,28 29,1,9,,22246,2041,0,28 29,1,52,,22247,2041,0,28 29,1,10,,22234,2041,0,28 29,1,10,,22236,2041,0,28 29,1,10,,22210,2041,0,28 29,1,10,,22211,2041,0,28 29,1,10,,22201,2041,0,28 29,1,50,,22207,2041,0,28 29,1,10,,22251,2041,0,28 29,1,11,,22205,2041,0,28 29,1,9,,22209,2041,0,28 29,1,20,,22255,2041,0,28 29,1,60,,22239,2041,0,28 29,1,20,,22250,2041,0,28 29,1,70,,22237,2041,0,28 29,1,30,,22248,2041,0,28 29,1,70,,22245,2041,0,28 29,1,30,,22243,2041,0,28 29,1,70,,22235,2041,0,28 29,1,30,,22212,2041,0,28 29,1,71,,22217,2041,0,28 29,1,30,,22215,2041,0,28 29,1,70,,22216,2041,0,28 29,1,30,,22213,2041,0,28 29,1,70,,22221,2041,0,28 29,1,34,,22253,2041,0,28 29,1,13,,22219,2041,0,28 29,1,55,,22218,2041,0,28 29,1,17,,22244,2041,0,28 29,1,15,,22252,2041,0,28 29,1,17,,22220,2041,0,28 29,1,56,,22225,2041,0,28 29,1,12,,22228,2041,0,28 29,1,15,,22222,2041,0,28 29,1,15,,22241,2041,0,28 29,1,55,,22214,2041,0,28 29,1,22,,22249,2041,0,28 29,1,16,,22229,2041,0,28 29,1,61,,22226,2041,0,28 29,1,25,,22238,2041,0,28 29,1,70,,22223,2041,0,28 29,1,30,,22242,2041,0,28 29,1,70,,22254,2041,0,28 29,1,30,,22227,2041,0,28 29,1,70,,22224,2041,0,28 29,1,100,,22230,2041,0,28 29,1,100,,22231,2041,0,28 29,1,100,,22232,2041,0,28 29,1,100,,22233,2041,0,28 29,1
900,'SE',1632,,23454,11667,0,28 30,2,74,,23453,11667,0,28 30,2,26,,23455,11667,0,28 30,2,27,,3071,11667,0,28 30,2,68,,23452,11667,0,28 30,2
6000,'SE',638,,32223,8154,,,1,85,,32224,8154,,,1,77,,32232,8154,,,1,47,,32225,8154,,,1,101,,32231,8154,,,1,100,,32221,8154,,,1,100,,32226,8154,,,1,100,,32222,8154,,,1,100,,32239,8154,,,1,100,,32234,8154,,,1,98,,32235,8154,,,1,70,,32230,8154,,,1,26,,32227,8154,,,1,64,,32228,8154,,,1,27,,32219,8154,,,1,67,,32236,8154,,,1,25,,32229,8154,,,1,30,,32233,8154,,,1,67,,32237,8154,,,1,99,,32218,8154,,,1,99,,32238,8154,,,1,100,,32216,8154,,,1,90,,32220,8154,,,1,100,,32217,8154,,,1
16000,'DI',709,,38365,8154,0,19 20,1,100,,38368,8154,0,19 20,1,100,,38371,8154,0,19 20,1,100,,38366,8154,0,19 20,1,100,,38372,8154,0,19 20,1,100,,38364,8154,0,19 20,1,100,,38373,8154,0,19 20,1,100,,38362,8154,0,19 20,1,100,,38360,8154,0,19 20,1,100,,38369,8154,0,19 20,1,100,,38367,8154,0,19 20,1,100,,38374,8154,0,19 20,1,100,,38370,8154,0,19 20,1,102,,38363,8154,0,19 20,1,98,,38361,8154,0,19 20,1
16000,'F8',709,,38429,8154,0,19 20,1,99,,38432,8154,0,19 20,1,101,,38428,8154,0,19 20,1,100,,38425,8154,0,19 20,1,100,,38431,8154,0,19 20,1,99,,38436,8154,0,19 20,1,101,,38426,8154,0,19 20,1,100,,38430,8154,0,19 20,1,100,,38437,8154,0,19 20,1,100,,38433,8154,0,19 20,1,100,,38427,8154,0,19 20,1,100,,38438,8154,0,19 20,1,100,,38434,8154,0,19 20,1,101,,38439,8154,0,19 20,1,99,,38435,8154,0,19 20,1
16000,'F9',709,,38445,8154,0,19 20,1,100,,38448,8154,0,19 20,1,100,,38451,8154,0,19 20,1,100,,38446,8154,0,19 20,1,100,,38452,8154,0,19 20,1,100,,38444,8154,0,19 20,1,100,,38453,8154,0,19 20,1,100,,38442,8154,0,19 20,1,100,,38440,8154,0,19 20,1,100,,38449,8154,0,19 20,1,100,,38447,8154,0,19 20,1,100,,38454,8154,0,19 20,1,100,,38450,8154,0,19 20,1,102,,38443,8154,0,19 20,1,98,,38441,8154,0,19 20,1
16000,'SA',709,,38459,8154,0,19 20,1,99,,16667,8154,0,19 20,1,101,,38458,8154,0,19 20,1,100,,38455,8154,0,19 20,1,100,,38461,8154,0,19 20,1,99,,38464,8154,0,19 20,1,101,,38456,8154,0,19 20,1,100,,38460,8154,0,19 20,1,100,,38465,8154,0,19 20,1,100,,16668,8154,0,19 20,1,100,,38457,8154,0,19 20,1,100,,38466,8154,0,19 20,1,100,,38462,8154,0,19 20,1,101,,38467,8154,0,19 20,1,99,,38463,8154,0,19 20,1
16000,'SE',622,,38474,8154,0,19 20,1,95,,38488,8154,0,19 20,1,41,,38473,8154,0,19 20,1,93,,38489,8154,0,19 20,1,89,,38485,8154,0,19 20,1,86,,38472,8154,0,19 20,1,101,,38475,8154,0,19 20,1,100,,38476,8154,0,19 20,1,100,,38471,8154,0,19 20,1,100,,38490,8154,0,19 20,1,100,,38469,8154,0,19 20,1,30,,38484,8154,0,19 20,1,68,,38477,8154,0,19 20,1,24,,38468,8154,0,19 20,1,72,,38478,8154,0,19 20,1,26,,38491,8154,0,19 20,1,68,,38470,8154,0,19 20,1,30,,38483,8154,0,19 20,1,70,,38479,8154,0,19 20,1,87,,38482,8154,0,19 20,1,99,,38480,8154,0,19 20,1,58,,38486,8154,0,19 20,1,92,,38481,8154,0,19 20,1,100,,38487,8154,0,19 20,1
