1700,'DI',625,,54830,2999,,,1,100,,54845,2999,,,1,30,,54825,2999,,,1,70,,54831,2999,,,1,30,,25392,2999,,,1,70,,54827,2999,,,1,30,,54826,2999,,,1,70,,54843,2999,,,1,30,,54835,2999,,,1,70,,54832,2999,,,1,30,,54842,2999,,,1,70,,54822,2999,,,1,30,,54836,2999,,,1,70,,54834,2999,,,1,30,,54820,2999,,,1,70,,54833,2999,,,1,30,,54840,2999,,,1,69,,54828,2999,,,1,30,,54817,2999,,,1,71,,54829,2999,,,1,30,,54818,2999,,,1,70,,54821,2999,,,1,31,,54819,2999,,,1,70,,54824,2999,,,1,99,,54844,2999,,,1,100,,54841,2999,,,1,100,,54837,2999,,,1,100,,54823,2999,,,1,100,,54838,2999,,,1,100,,25365,2999,,,1,100,,54839,2999,,,1
1700,'F1',625,,54859,2999,,,1,100,,54874,2999,,,1,30,,54854,2999,,,1,70,,54860,2999,,,1,30,,45071,2999,,,1,70,,54856,2999,,,1,30,,54855,2999,,,1,70,,54872,2999,,,1,30,,54864,2999,,,1,70,,54861,2999,,,1,30,,54871,2999,,,1,70,,54851,2999,,,1,30,,54865,2999,,,1,70,,54863,2999,,,1,30,,54849,2999,,,1,70,,54862,2999,,,1,30,,54869,2999,,,1,69,,54857,2999,,,1,30,,54846,2999,,,1,71,,54858,2999,,,1,30,,54847,2999,,,1,70,,54850,2999,,,1,31,,54848,2999,,,1,70,,54853,2999,,,1,99,,54873,2999,,,1,100,,54870,2999,,,1,100,,54866,2999,,,1,100,,54852,2999,,,1,100,,54867,2999,,,1,100,,45044,2999,,,1,100,,54868,2999,,,1
1700,'F2',625,,54883,2999,,,1,100,,54886,2999,,,1,30,,54900,2999,,,1,70,,54877,2999,,,1,30,,54892,2999,,,1,70,,54887,2999,,,1,30,,54901,2999,,,1,70,,54878,2999,,,1,30,,54893,2999,,,1,70,,54882,2999,,,1,30,,54875,2999,,,1,70,,54881,2999,,,1,30,,54903,2999,,,1,70,,54879,2999,,,1,30,,54888,2999,,,1,70,,54894,2999,,,1,30,,54876,2999,,,1,70,,54884,2999,,,1,30,,54902,2999,,,1,69,,54897,2999,,,1,30,,54889,2999,,,1,71,,54898,2999,,,1,30,,54890,2999,,,1,71,,54899,2999,,,1,99,,54904,2999,,,1,100,,54895,2999,,,1,100,,54880,2999,,,1,100,,54891,2999,,,1,100,,54885,2999,,,1,100,,54896,2999,,,1,100,,54905,2999,,,1
1700,'SA',625,,54914,2999,,,1,100,,54917,2999,,,1,30,,54931,2999,,,1,70,,54908,2999,,,1,30,,54923,2999,,,1,70,,54918,2999,,,1,30,,54932,2999,,,1,70,,54909,2999,,,1,30,,54924,2999,,,1,70,,54913,2999,,,1,30,,54906,2999,,,1,70,,54912,2999,,,1,30,,54934,2999,,,1,70,,54910,2999,,,1,30,,54919,2999,,,1,70,,54925,2999,,,1,30,,54907,2999,,,1,70,,54915,2999,,,1,30,,54933,2999,,,1,69,,54928,2999,,,1,30,,54920,2999,,,1,71,,54929,2999,,,1,30,,54921,2999,,,1,71,,54930,2999,,,1,99,,54935,2999,,,1,100,,54926,2999,,,1,100,,54911,2999,,,1,100,,54922,2999,,,1,100,,54916,2999,,,1,100,,54927,2999,,,1,100,,54936,2999,,,1
2500,'DI',658,,56116,3076,,,2
2500,'F1',658,,56117,3076,,,2
2500,'F2',658,,56118,3076,,,2
2500,'SA',658,,56119,3076,,,2
2500,'SE',520,,56125,3076,,,2,30,,56127,3076,,,2,69,,56142,3076,,,2,19,,56140,3076,,,2,21,,56136,3076,,,2,59,,56128,3076,,,2,29,,56129,3076,,,2,68,,56131,3076,,,2,36,,56138,3076,,,2,70,,56126,3076,,,2,430,,56130,3076,,,2,70,,56137,3076,,,2,29,,56145,3076,,,2,53,,56144,3076,,,2,18,,56143,3076,,,2,30,,56132,3076,,,2,72,,56120,3076,,,2,29,,56133,3076,,,2,70,,56123,3076,,,2,31,,56121,3076,,,2,68,,56134,3076,,,2,30,,56122,3076,,,2,375,,56139,3076,,,2,84,,56141,3076,,,2,15,,56124,3076,,,2,85,,56135,3076,,,2
7600,'SE',602,,59895,2999,,,1,21,,59876,2999,,,1,20,,59878,2999,,,1,63,,59858,2999,,,1,17,,59879,2999,,,1,20,,59853,2999,,,1,63,,59897,2999,,,1,27,,59880,2999,,,1,72,,59874,2999,,,1,30,,59855,2999,,,1,70,,59862,2999,,,1,30,,59867,2999,,,1,70,,59896,2999,,,1,30,,59872,2999,,,1,70,,59894,2999,,,1,30,,59859,2999,,,1,70,,59856,2999,,,1,30,,59863,2999,,,1,70,,59860,2999,,,1,34,,59864,2999,,,1,66,,59871,2999,,,1,32,,59869,2999,,,1,71,,59868,2999,,,1,24,,59886,2999,,,1,18,,59893,2999,,,1,60,,59854,2999,,,1,21,,59861,2999,,,1,18,,59887,2999,,,1,60,,59857,2999,,,1,28,,59865,2999,,,1,70,,59870,2999,,,1,30,,59851,2999,,,1,70,,59881,2999,,,1,30,,59888,2999,,,1,70,,59882,2999,,,1,30,,59889,2999,,,1,69,,59875,2999,,,1,30,,59890,2999,,,1,70,,59883,2999,,,1,30,,59891,2999,,,1,70,,59884,2999,,,1,30,,59892,2999,,,1,70,,59885,2999,,,1
