6101,'DI',724,,58524,12040,,,2,30,,58521,12040,,,2,72,,58527,12040,,,2,17,,58525,12040,,,2,70,,58522,12040,,,2,30,,58528,12040,,,2,70,,58526,12040,,,2,30,,58523,12040,,,2,70,,58529,12040,,,2,30,,58530,12040,,,2,70,,58534,12040,,,2,30,,58538,12040,,,2,70,,58531,12040,,,2,30,,58535,12040,,,2,70,,58539,12040,,,2,30,,58532,12040,,,2,70,,58536,12040,,,2,30,,58540,12040,,,2,70,,58533,12040,,,2,34,,58537,12040,,,2,61,,58541,12040,,,2,35,,58543,12040,,,2,60,,58546,12040,,,2,40,,58542,12040,,,2,65,,58544,12040,,,2,30,,58547,12040,,,2,85,,58545,12040,,,2,100,,58548,12040,,,2,100,,58549,12040,,,2,100,,58550,12040,,,2
6101,'F1',724,,58556,12040,,,2,30,,58553,12040,,,2,72,,58559,12040,,,2,17,,58557,12040,,,2,70,,58554,12040,,,2,30,,58560,12040,,,2,70,,58558,12040,,,2,30,,58555,12040,,,2,70,,58561,12040,,,2,30,,58562,12040,,,2,70,,58566,12040,,,2,30,,58570,12040,,,2,70,,58563,12040,,,2,30,,58567,12040,,,2,70,,58571,12040,,,2,30,,58564,12040,,,2,70,,58568,12040,,,2,30,,58572,12040,,,2,70,,58565,12040,,,2,34,,58569,12040,,,2,61,,58573,12040,,,2,35,,58575,12040,,,2,60,,58578,12040,,,2,40,,58574,12040,,,2,65,,58576,12040,,,2,30,,58579,12040,,,2,85,,58577,12040,,,2,100,,58580,12040,,,2,100,,58581,12040,,,2,100,,58582,12040,,,2
6101,'F2',724,,58588,12040,,,2,30,,58585,12040,,,2,72,,58591,12040,,,2,17,,58589,12040,,,2,70,,58586,12040,,,2,30,,58592,12040,,,2,70,,58590,12040,,,2,30,,58587,12040,,,2,70,,58593,12040,,,2,30,,58594,12040,,,2,70,,58598,12040,,,2,30,,58600,12040,,,2,70,,58595,12040,,,2,30,,58599,12040,,,2,70,,58601,12040,,,2,30,,58596,12040,,,2,70,,58602,12040,,,2,30,,58606,12040,,,2,70,,58597,12040,,,2,34,,58603,12040,,,2,61,,58607,12040,,,2,35,,58609,12040,,,2,60,,58604,12040,,,2,40,,58608,12040,,,2,65,,58610,12040,,,2,30,,58605,12040,,,2,85,,58611,12040,,,2,100,,58613,12040,,,2,100,,58612,12040,,,2,100,,58615,12040,,,2
6101,'SA',724,,58620,12040,,,2,30,,58617,12040,,,2,72,,58623,12040,,,2,17,,58621,12040,,,2,70,,58618,12040,,,2,30,,58624,12040,,,2,70,,58622,12040,,,2,30,,58619,12040,,,2,70,,58625,12040,,,2,30,,58626,12040,,,2,70,,58630,12040,,,2,30,,58632,12040,,,2,70,,58627,12040,,,2,30,,58631,12040,,,2,70,,58633,12040,,,2,30,,58628,12040,,,2,70,,58634,12040,,,2,30,,58638,12040,,,2,70,,58629,12040,,,2,34,,58635,12040,,,2,61,,58639,12040,,,2,35,,58641,12040,,,2,60,,58636,12040,,,2,40,,58640,12040,,,2,65,,58642,12040,,,2,30,,58637,12040,,,2,85,,58643,12040,,,2,100,,58645,12040,,,2,100,,58644,12040,,,2,100,,58647,12040,,,2
6101,'SE',603,,58698,12040,,,2,30,,58700,12040,,,2,10,,58653,12040,,,2,57,,58656,12040,,,2,9,,58650,12040,,,2,14,,58659,12040,,,2,14,,58649,12040,,,2,7,,58663,12040,,,2,56,,58657,12040,,,2,9,,58662,12040,,,2,19,,58654,12040,,,2,24,,58651,12040,,,2,62,,58660,12040,,,2,15,,58664,12040,,,2,76,,58655,12040,,,2,30,,58652,12040,,,2,70,,58661,12040,,,2,32,,58699,12040,,,2,70,,58658,12040,,,2,30,,58665,12040,,,2,72,,58669,12040,,,2,30,,58666,12040,,,2,70,,58667,12040,,,2,33,,58671,12040,,,2,61,,58673,12040,,,2,27,,58676,12040,,,2,23,,58668,12040,,,2,60,,58670,12040,,,2,24,,58678,12040,,,2,4,,58680,12040,,,2,65,,58674,12040,,,2,7,,58675,12040,,,2,14,,58681,12040,,,2,13,,58682,12040,,,2,14,,58672,12040,,,2,54,,58685,12040,,,2,6,,58688,12040,,,2,15,,58679,12040,,,2,14,,58677,12040,,,2,64,,58690,12040,,,2,24,,58683,12040,,,2,28,,58693,12040,,,2,68,,58696,12040,,,2,30,,58686,12040,,,2,69,,58689,12040,,,2,29,,58697,12040,,,2,70,,58684,12040,,,2,29,,58694,12040,,,2,70,,58691,12040,,,2
16101,'DI',558,,62407,3506,0,35 36,2,1172,,62408,3506,0,35 36,2
16101,'F1',558,,62419,3506,0,35 36,2,1172,,62420,3506,0,35 36,2
16101,'F2',558,,62433,3506,0,35 36,2,1172,,62432,3506,0,35 36,2
16101,'SA',558,,62446,3506,0,35 36,2,1172,,62445,3506,0,35 36,2
16101,'SE',635,,62463,3506,0,35 36,2,73,,62462,3506,0,35 36,2,32,,62464,3506,0,35 36,2,502,,62460,3506,0,35 36,2,372,,62461,3506,0,35 36,2,36,,62465,3506,0,35 36,2,78,,62466,3506,0,35 36,2
