801,'DI',545,,23101,11302,,,1,70,,2745,11302,,,1,30,,2752,11302,,,1,70,,23108,11302,,,1,30,,23102,11302,,,1,71,,2746,11302,,,1,30,,2753,11302,,,1,70,,23109,11302,,,1,28,,23103,11302,,,1,70,,2747,11302,,,1,30,,2754,11302,,,1,68,,23110,11302,,,1,30,,23104,11302,,,1,70,,2748,11302,,,1,30,,2755,11302,,,1,70,,23111,11302,,,1,31,,2741,11302,,,1,70,,2749,11302,,,1,31,,2756,11302,,,1,70,,23112,11302,,,1,30,,23106,11302,,,1,70,,2750,11302,,,1,30,,23115,11302,,,1,70,,23113,11302,,,1,19,,23105,11302,,,1,14,,23107,11302,,,1,70,,2751,11302,,,1,28,,23116,11302,,,1,70,,23114,11302,,,1,85,,2742,11302,,,1,101,,23117,11302,,,1,100,,2743,11302,,,1,99,,23118,11302,,,1,100,,2744,11302,,,1,59,,23119,11302,,,1
801,'F8',544,,23268,11302,,,1,70,,23280,11302,,,1,30,,23283,11302,,,1,70,,23286,11302,,,1,30,,23269,11302,,,1,72,,23281,11302,,,1,30,,23284,11302,,,1,70,,23287,11302,,,1,27,,23270,11302,,,1,68,,23282,11302,,,1,30,,23285,11302,,,1,70,,23288,11302,,,1,31,,23271,11302,,,1,70,,23276,11302,,,1,31,,23293,11302,,,1,70,,23289,11302,,,1,31,,23272,11302,,,1,70,,23277,11302,,,1,30,,23294,11302,,,1,70,,23290,11302,,,1,30,,23297,11302,,,1,70,,23278,11302,,,1,30,,23295,11302,,,1,70,,23291,11302,,,1,25,,23264,11302,,,1,10,,23298,11302,,,1,61,,23279,11302,,,1,30,,23296,11302,,,1,70,,23292,11302,,,1,90,,23265,11302,,,1,100,,23273,11302,,,1,100,,23266,11302,,,1,59,,23274,11302,,,1,100,,23267,11302,,,1,100,,23275,11302,,,1
801,'F9',545,,23299,11302,,,1,70,,23307,11302,,,1,30,,23314,11302,,,1,70,,23322,11302,,,1,30,,23300,11302,,,1,71,,23308,11302,,,1,30,,23315,11302,,,1,70,,23323,11302,,,1,28,,23301,11302,,,1,70,,23309,11302,,,1,30,,23316,11302,,,1,68,,23324,11302,,,1,30,,23302,11302,,,1,70,,23310,11302,,,1,30,,23317,11302,,,1,70,,23325,11302,,,1,31,,23303,11302,,,1,70,,23311,11302,,,1,31,,23318,11302,,,1,70,,23326,11302,,,1,30,,23320,11302,,,1,70,,23312,11302,,,1,30,,23329,11302,,,1,70,,23327,11302,,,1,19,,23319,11302,,,1,14,,23321,11302,,,1,70,,23313,11302,,,1,28,,23330,11302,,,1,70,,23328,11302,,,1,85,,23304,11302,,,1,101,,23331,11302,,,1,100,,23305,11302,,,1,99,,23332,11302,,,1,100,,23306,11302,,,1,59,,23333,11302,,,1
801,'SA',544,,23338,11302,,,1,70,,23350,11302,,,1,30,,23353,11302,,,1,70,,23356,11302,,,1,30,,23339,11302,,,1,72,,23351,11302,,,1,30,,23354,11302,,,1,70,,23357,11302,,,1,27,,23340,11302,,,1,68,,23352,11302,,,1,30,,23355,11302,,,1,70,,23358,11302,,,1,31,,23341,11302,,,1,70,,23346,11302,,,1,31,,23363,11302,,,1,70,,23359,11302,,,1,31,,23342,11302,,,1,70,,23347,11302,,,1,30,,23364,11302,,,1,70,,23360,11302,,,1,30,,2977,11302,,,1,70,,23348,11302,,,1,30,,23365,11302,,,1,70,,23361,11302,,,1,25,,23334,11302,,,1,10,,2978,11302,,,1,61,,23349,11302,,,1,30,,23366,11302,,,1,70,,23362,11302,,,1,90,,23335,11302,,,1,100,,23343,11302,,,1,100,,23336,11302,,,1,59,,23344,11302,,,1,100,,23337,11302,,,1,100,,23345,11302,,,1
801,'SE',511,,23393,11302,,,1,33,,23367,11302,,,1,67,,23401,11302,,,1,21,,23403,11302,,,1,5,,23400,11302,,,1,15,,23435,11302,,,1,5,,23410,11302,,,1,51,,23413,11302,,,1,2,,23415,11302,,,1,7,,23372,11302,,,1,1,,23428,11302,,,1,7,,23376,11302,,,1,2,,23436,11302,,,1,4,,23434,11302,,,1,3,,23437,11302,,,1,3,,23383,11302,,,1,9,,23368,11302,,,1,7,,23440,11302,,,1,4,,23395,11302,,,1,48,,23385,11302,,,1,12,,23402,11302,,,1,18,,23404,11302,,,1,18,,23394,11302,,,1,53,,23371,11302,,,1,15,,23373,11302,,,1,15,,23377,11302,,,1,15,,23369,11302,,,1,57,,23386,11302,,,1,15,,23382,11302,,,1,14,,23405,11302,,,1,15,,23379,11302,,,1,56,,23430,11302,,,1,15,,23374,11302,,,1,15,,23378,11302,,,1,15,,23370,11302,,,1,55,,23384,11302,,,1,15,,23387,11302,,,1,16,,23414,11302,,,1,15,,23406,11302,,,1,55,,23416,11302,,,1,15,,23389,11302,,,1,15,,23433,11302,,,1,15,,23439,11302,,,1,55,,23431,11302,,,1,15,,23421,11302,,,1,18,,23419,11302,,,1,15,,23396,11302,,,1,53,,23438,11302,,,1,20,,23380,11302,,,1,11,,23417,11302,,,1,10,,23375,11302,,,1,54,,23432,11302,,,1,16,,23420,11302,,,1,17,,23429,11302,,,1,15,,23388,11302,,,1,52,,23424,11302,,,1,16,,23423,11302,,,1,15,,23407,11302,,,1,15,,23381,11302,,,1,55,,23418,11302,,,1,21,,23422,11302,,,1,23,,23399,11302,,,1,67,,23425,11302,,,1,28,,23411,11302,,,1,71,,23397,11302,,,1,29,,23426,11302,,,1,73,,23408,11302,,,1,27,,23412,11302,,,1,12,,23390,11302,,,1,60,,23398,11302,,,1,29,,23427,11302,,,1,60,,23409,11302,,,1,52,,23391,11302,,,1,100,,23392,11302,,,1
1701,'DI',547,,25564,2705,,,1,100,,25567,2705,,,1,70,,25560,2705,,,1,30,,25550,2705,,,1,70,,25556,2705,,,1,30,,25565,2705,,,1,70,,25578,2705,,,1,30,,25568,2705,,,1,70,,25573,2705,,,1,30,,25551,2705,,,1,70,,25575,2705,,,1,30,,25562,2705,,,1,70,,25571,2705,,,1,30,,25579,2705,,,1,70,,25557,2705,,,1,30,,25574,2705,,,1,70,,25563,2705,,,1,30,,25561,2705,,,1,70,,25577,2705,,,1,29,,25569,2705,,,1,70,,25552,2705,,,1,31,,25559,2705,,,1,70,,25553,2705,,,1,30,,25548,2705,,,1,71,,25554,2705,,,1,30,,25547,2705,,,1,99,,25576,2705,,,1,100,,25570,2705,,,1,100,,25555,2705,,,1,100,,25572,2705,,,1,100,,25558,2705,,,1,100,,25549,2705,,,1,100,,25566,2705,,,1
1701,'F8',548,,25673,2705,,,1,100,,25667,2705,,,1,70,,25662,2705,,,1,30,,25677,2705,,,1,70,,25649,2705,,,1,30,,25661,2705,,,1,70,,25674,2705,,,1,30,,25659,2705,,,1,70,,25648,2705,,,1,30,,25668,2705,,,1,70,,25650,2705,,,1,30,,25654,2705,,,1,70,,25646,2705,,,1,30,,25656,2705,,,1,70,,25663,2705,,,1,30,,25669,2705,,,1,70,,25675,2705,,,1,30,,25655,2705,,,1,70,,25676,2705,,,1,30,,25664,2705,,,1,70,,25671,2705,,,1,29,,25670,2705,,,1,70,,25651,2705,,,1,31,,25653,2705,,,1,70,,25652,2705,,,1,31,,25657,2705,,,1,99,,25672,2705,,,1,100,,25665,2705,,,1,100,,25660,2705,,,1,100,,25658,2705,,,1,100,,25647,2705,,,1,100,,25678,2705,,,1,100,,25666,2705,,,1
1701,'F9',547,,25696,2705,,,1,100,,25699,2705,,,1,70,,25692,2705,,,1,30,,25682,2705,,,1,70,,25688,2705,,,1,30,,25697,2705,,,1,70,,25710,2705,,,1,30,,25700,2705,,,1,70,,25705,2705,,,1,30,,25683,2705,,,1,70,,25707,2705,,,1,30,,25694,2705,,,1,70,,25703,2705,,,1,30,,25711,2705,,,1,70,,25689,2705,,,1,30,,25706,2705,,,1,70,,25695,2705,,,1,30,,25693,2705,,,1,70,,25709,2705,,,1,29,,25701,2705,,,1,70,,25684,2705,,,1,31,,25691,2705,,,1,70,,25685,2705,,,1,30,,25680,2705,,,1,71,,25686,2705,,,1,30,,25679,2705,,,1,99,,25708,2705,,,1,100,,25702,2705,,,1,100,,25687,2705,,,1,100,,25704,2705,,,1,100,,25690,2705,,,1,100,,25681,2705,,,1,100,,25698,2705,,,1
1701,'SA',548,,25737,2705,,,1,100,,25731,2705,,,1,70,,25727,2705,,,1,30,,25741,2705,,,1,70,,25715,2705,,,1,30,,5087,2705,,,1,70,,25738,2705,,,1,30,,25725,2705,,,1,70,,25714,2705,,,1,30,,25732,2705,,,1,70,,25716,2705,,,1,30,,25720,2705,,,1,70,,25712,2705,,,1,30,,25722,2705,,,1,70,,25728,2705,,,1,30,,25733,2705,,,1,70,,25739,2705,,,1,30,,25721,2705,,,1,70,,25740,2705,,,1,30,,25729,2705,,,1,70,,25735,2705,,,1,29,,25734,2705,,,1,70,,25717,2705,,,1,31,,25719,2705,,,1,70,,25718,2705,,,1,31,,25723,2705,,,1,99,,25736,2705,,,1,100,,5098,2705,,,1,100,,25726,2705,,,1,100,,25724,2705,,,1,100,,25713,2705,,,1,100,,25742,2705,,,1,100,,25730,2705,,,1
2801,'DI',933,,27810,4978,,,1,100,,27815,4978,,,1,100,,27813,4978,,,1,101,,27811,4978,,,1,100,,27812,4978,,,1,100,,27816,4978,,,1,98,,27819,4978,,,1,99,,27818,4978,,,1,96,,27817,4978,,,1,105,,27814,4978,,,1
2801,'F8',933,,27885,4978,,,1,100,,27880,4978,,,1,100,,27878,4978,,,1,101,,27882,4978,,,1,100,,27881,4978,,,1,100,,27883,4978,,,1,98,,27879,4978,,,1,96,,27887,4978,,,1,99,,27886,4978,,,1,105,,27884,4978,,,1
2801,'F9',933,,27888,4978,,,1,100,,27893,4978,,,1,100,,27891,4978,,,1,101,,27889,4978,,,1,100,,27890,4978,,,1,100,,27894,4978,,,1,98,,27897,4978,,,1,99,,27896,4978,,,1,96,,27895,4978,,,1,105,,27892,4978,,,1
2801,'SA',933,,27904,4978,,,1,100,,27900,4978,,,1,100,,27898,4978,,,1,101,,27901,4978,,,1,100,,7052,4978,,,1,100,,27902,4978,,,1,98,,27899,4978,,,1,96,,27906,4978,,,1,99,,27905,4978,,,1,105,,27903,4978,,,1
2801,'SE',642,,27922,4978,,,1,63,,27940,6688,,,1,18,,27929,4978,,,1,21,,27938,6688,,,1,67,,27941,6688,,,1,21,,27920,4978,,,1,20,,27939,6688,,,1,64,,27911,4978,,,1,29,,27923,4978,,,1,70,,27907,4978,,,1,30,,27921,4978,,,1,70,,27924,4978,,,1,30,,27908,4978,,,1,70,,27930,4978,,,1,30,,27925,4978,,,1,70,,27909,4978,,,1,30,,27931,4978,,,1,71,,27926,4978,,,1,30,,27910,4978,,,1,61,,27932,4978,,,1,12,,27912,4978,,,1,17,,27914,4978,,,1,10,,27942,6688,,,1,57,,27936,4978,,,1,13,,27934,4978,,,1,15,,27917,4978,,,1,18,,27944,6688,,,1,53,,27913,4978,,,1,16,,27915,4978,,,1,13,,27943,6688,,,1,18,,27935,4978,,,1,54,,27927,4978,,,1,22,,27933,4978,,,1,21,,27937,4978,,,1,63,,27919,4978,,,1,100,,27916,4978,,,1,100,,27928,4978,,,1,100,,27918,4978,,,1
8801,'DI',632,,36910,10574,,,1,70,,36915,10574,,,1,30,,36921,10574,,,1,70,,36931,10574,,,1,29,,36911,10574,,,1,70,,36916,10574,,,1,30,,36922,10574,,,1,28,,36932,10574,,,1,69,,36912,10574,,,1,30,,36917,10574,,,1,69,,36923,10574,,,1,30,,36933,10574,,,1,70,,36913,10574,,,1,30,,36918,10574,,,1,70,,36924,10574,,,1,31,,36934,10574,,,1,70,,36914,10574,,,1,31,,36919,10574,,,1,71,,36925,10574,,,1,29,,15257,10574,,,1,70,,36926,10574,,,1,30,,36920,10574,,,1,70,,36935,10574,,,1,73,,15258,10574,,,1,22,,36927,10574,,,1,106,,36936,10574,,,1,101,,36928,10574,,,1,100,,36937,10574,,,1,100,,36929,10574,,,1,100,,36938,10574,,,1,99,,36930,10574,,,1
8801,'F8',629,,37048,10574,,,1,30,,37047,10574,,,1,70,,37069,10574,,,1,29,,37060,10574,,,1,70,,37049,10574,,,1,30,,37073,10574,,,1,71,,37070,10574,,,1,27,,37061,10574,,,1,70,,37053,10574,,,1,29,,37074,10574,,,1,70,,37071,10574,,,1,31,,37062,10574,,,1,70,,37054,10574,,,1,31,,37066,10574,,,1,68,,37050,10574,,,1,31,,37063,10574,,,1,70,,37055,10574,,,1,30,,37067,10574,,,1,70,,37051,10574,,,1,30,,37045,10574,,,1,70,,37056,10574,,,1,31,,37068,10574,,,1,68,,37052,10574,,,1,32,,37046,10574,,,1,62,,37075,10574,,,1,109,,37064,10574,,,1,100,,37057,10574,,,1,100,,37065,10574,,,1,100,,37058,10574,,,1,98,,37072,10574,,,1,100,,37059,10574,,,1
8801,'F9',632,,37078,10574,,,1,70,,37083,10574,,,1,30,,37089,10574,,,1,70,,37099,10574,,,1,29,,37079,10574,,,1,70,,37084,10574,,,1,30,,37090,10574,,,1,28,,37100,10574,,,1,69,,37080,10574,,,1,30,,37085,10574,,,1,69,,37091,10574,,,1,30,,37101,10574,,,1,70,,37081,10574,,,1,30,,37086,10574,,,1,70,,37092,10574,,,1,31,,37102,10574,,,1,70,,37082,10574,,,1,31,,37087,10574,,,1,71,,37093,10574,,,1,29,,37076,10574,,,1,70,,37094,10574,,,1,30,,37088,10574,,,1,70,,37103,10574,,,1,73,,37077,10574,,,1,22,,37095,10574,,,1,106,,37104,10574,,,1,101,,37096,10574,,,1,100,,37105,10574,,,1,100,,37097,10574,,,1,100,,37106,10574,,,1,99,,37098,10574,,,1
8801,'SA',629,,37110,10574,,,1,30,,37109,10574,,,1,70,,37131,10574,,,1,29,,37122,10574,,,1,70,,37111,10574,,,1,30,,37134,10574,,,1,71,,37132,10574,,,1,27,,37123,10574,,,1,70,,37115,10574,,,1,29,,37135,10574,,,1,70,,37133,10574,,,1,31,,37124,10574,,,1,70,,37116,10574,,,1,31,,37128,10574,,,1,68,,37112,10574,,,1,31,,37125,10574,,,1,70,,37117,10574,,,1,30,,37129,10574,,,1,70,,37113,10574,,,1,30,,37107,10574,,,1,70,,37118,10574,,,1,31,,37130,10574,,,1,68,,37114,10574,,,1,32,,37108,10574,,,1,62,,37136,10574,,,1,109,,37126,10574,,,1,100,,37119,10574,,,1,100,,37127,10574,,,1,100,,37120,10574,,,1,98,,15458,10574,,,1,100,,37121,10574,,,1
8801,'SE',627,,37137,10574,,,1,20,,37149,10574,,,1,55,,37139,10574,,,1,12,,15479,10574,,,1,7,,37141,10574,,,1,19,,37151,10574,,,1,9,,37146,10574,,,1,52,,37153,10574,,,1,12,,37143,10574,,,1,10,,37148,10574,,,1,19,,37178,10574,,,1,58,,37179,10574,,,1,30,,37180,10574,,,1,70,,37152,10574,,,1,30,,37167,10574,,,1,70,,37150,10574,,,1,30,,37147,10574,,,1,70,,37165,10574,,,1,30,,37168,10574,,,1,70,,37142,10574,,,1,30,,37140,10574,,,1,70,,37169,10574,,,1,33,,37144,10574,,,1,69,,37166,10574,,,1,9,,15486,10574,,,1,2,,15491,10574,,,1,2,,37159,10574,,,1,7,,37138,10574,,,1,18,,37160,10574,,,1,18,,37172,10574,,,1,52,,37170,10574,,,1,15,,37173,10574,,,1,19,,37175,10574,,,1,12,,37145,10574,,,1,55,,37154,10574,,,1,14,,37181,10574,,,1,16,,37158,10574,,,1,15,,37161,10574,,,1,57,,37162,10574,,,1,19,,37155,10574,,,1,27,,37176,10574,,,1,72,,37174,10574,,,1,70,,15492,10574,,,1,29,,37156,10574,,,1,70,,37177,10574,,,1,30,,37171,10574,,,1,101,,37157,10574,,,1,98,,37164,10574,,,1,100,,37163,10574,,,1
41701,'SE',518,,39594,2705,,,2,20,,39592,2705,,,2,20,,39593,2705,,,2,60,,39566,2705,,,2,18,,39567,2705,,,2,13,,39584,2705,,,2,8,,39576,2705,,,2,47,,39585,2705,,,2,9,,39579,2705,,,2,8,,39588,2705,,,2,6,,39601,2705,,,2,4,,39574,2705,,,2,3,,39609,2705,,,2,3,,39568,2705,,,2,8,,39608,2705,,,2,10,,39589,2705,,,2,54,,39570,2705,,,2,12,,39590,2705,,,2,16,,39591,2705,,,2,16,,39569,2705,,,2,64,,39571,2705,,,2,29,,39602,2705,,,2,70,,39572,2705,,,2,30,,39603,2705,,,2,70,,39573,2705,,,2,30,,39604,2705,,,2,70,,39610,2705,,,2,30,,39605,2705,,,2,70,,39611,2705,,,2,30,,39606,2705,,,2,70,,39612,2705,,,2,30,,39607,2705,,,2,69,,39583,2705,,,2,1,,39575,2705,,,2,1,,39586,2705,,,2,1,,39615,2705,,,2,5,,39613,2705,,,2,27,,39577,2705,,,2,62,,39587,2705,,,2,14,,39621,2705,,,2,15,,39578,2705,,,2,12,,39595,2705,,,2,51,,39582,2705,,,2,10,,39619,2705,,,2,10,,39623,2705,,,2,10,,39628,2705,,,2,12,,39580,2705,,,2,13,,39616,2705,,,2,55,,39620,2705,,,2,20,,39614,2705,,,2,20,,39617,2705,,,2,65,,39565,2705,,,2,28,,39618,2705,,,2,70,,39596,2705,,,2,30,,39624,2705,,,2,70,,39622,2705,,,2,30,,39625,2705,,,2,70,,39598,2705,,,2,30,,39626,2705,,,2,69,,39599,2705,,,2,30,,39627,2705,,,2,69,,39600,2705,,,2,30,,39629,2705,,,2,70,,39597,2705,,,2,32,,39581,2705,,,2
60801,'SE',1508,,40763,6169,,,2,2,,40764,6169,,,2
