6100,'DI',721,,58301,13649,,,2,89,,58305,13649,,,2,30,,58302,13649,,,2,70,,58308,13649,,,2,30,,58306,13649,,,2,70,,58303,13649,,,2,30,,58309,13649,,,2,70,,58311,13649,,,2,30,,58316,13649,,,2,70,,58321,13649,,,2,30,,58312,13649,,,2,70,,58317,13649,,,2,30,,58322,13649,,,2,70,,58313,13649,,,2,30,,58318,13649,,,2,70,,58324,13649,,,2,30,,58314,13649,,,2,74,,58319,13649,,,2,21,,58325,13649,,,2,75,,58328,13649,,,2,20,,58332,13649,,,2,80,,58326,13649,,,2,25,,58329,13649,,,2,70,,58333,13649,,,2,45,,58330,13649,,,2,100,,58334,13649,,,2,100,,58336,13649,,,2,100,,58338,13649,,,2,100,,58340,13649,,,2,100,,58341,13649,,,2
6100,'F1',721,,58342,13649,,,2,89,,58346,13649,,,2,30,,58343,13649,,,2,70,,58349,13649,,,2,30,,58347,13649,,,2,70,,58344,13649,,,2,30,,58350,13649,,,2,70,,58352,13649,,,2,30,,58357,13649,,,2,70,,58362,13649,,,2,30,,58353,13649,,,2,70,,58358,13649,,,2,30,,58363,13649,,,2,70,,58354,13649,,,2,30,,58359,13649,,,2,70,,58365,13649,,,2,30,,58355,13649,,,2,74,,58360,13649,,,2,21,,58366,13649,,,2,75,,58369,13649,,,2,20,,58373,13649,,,2,80,,58367,13649,,,2,25,,58370,13649,,,2,70,,58374,13649,,,2,45,,58371,13649,,,2,100,,58375,13649,,,2,100,,58377,13649,,,2,100,,58379,13649,,,2,100,,58381,13649,,,2,100,,58382,13649,,,2
6100,'F2',721,,58383,13649,,,2,89,,58387,13649,,,2,30,,58384,13649,,,2,70,,58390,13649,,,2,30,,58388,13649,,,2,70,,58385,13649,,,2,30,,58391,13649,,,2,70,,58393,13649,,,2,30,,58398,13649,,,2,70,,58401,13649,,,2,30,,58394,13649,,,2,70,,58399,13649,,,2,30,,58402,13649,,,2,70,,58395,13649,,,2,30,,58404,13649,,,2,70,,58409,13649,,,2,30,,58396,13649,,,2,74,,58405,13649,,,2,21,,58410,13649,,,2,75,,58413,13649,,,2,20,,58406,13649,,,2,80,,58411,13649,,,2,25,,58414,13649,,,2,70,,58407,13649,,,2,45,,58416,13649,,,2,100,,58419,13649,,,2,100,,58417,13649,,,2,100,,58421,13649,,,2,100,,58420,13649,,,2,100,,58422,13649,,,2
6100,'SA',721,,58423,13649,,,2,89,,58427,13649,,,2,30,,58424,13649,,,2,70,,58430,13649,,,2,30,,58428,13649,,,2,70,,58425,13649,,,2,30,,58431,13649,,,2,70,,58433,13649,,,2,30,,58438,13649,,,2,70,,58441,13649,,,2,30,,58434,13649,,,2,70,,58439,13649,,,2,30,,58442,13649,,,2,70,,58435,13649,,,2,30,,58444,13649,,,2,70,,58449,13649,,,2,30,,58436,13649,,,2,74,,58445,13649,,,2,21,,58450,13649,,,2,75,,58453,13649,,,2,20,,58446,13649,,,2,80,,58451,13649,,,2,25,,58454,13649,,,2,70,,58447,13649,,,2,45,,58456,13649,,,2,100,,58459,13649,,,2,100,,58457,13649,,,2,100,,58461,13649,,,2,100,,58460,13649,,,2,100,,58462,13649,,,2
6100,'SE',631,,58465,13649,,,2,28,,58463,13649,,,2,66,,58472,13649,,,2,9,,58477,13649,,,2,19,,58469,13649,,,2,66,,58466,13649,,,2,22,,58474,13649,,,2,15,,58479,13649,,,2,76,,58470,13649,,,2,70,,58467,13649,,,2,30,,58475,13649,,,2,71,,58519,13649,,,2,30,,58473,13649,,,2,70,,58480,13649,,,2,30,,58484,13649,,,2,70,,58481,13649,,,2,30,,58482,13649,,,2,73,,58486,13649,,,2,21,,58489,13649,,,2,27,,58494,13649,,,2,63,,58483,13649,,,2,20,,58485,13649,,,2,64,,58497,13649,,,2,4,,58500,13649,,,2,25,,58490,13649,,,2,7,,58492,13649,,,2,14,,58501,13649,,,2,53,,58502,13649,,,2,14,,58487,13649,,,2,15,,58506,13649,,,2,6,,58509,13649,,,2,17,,58498,13649,,,2,54,,58495,13649,,,2,24,,58511,13649,,,2,24,,58503,13649,,,2,68,,58514,13649,,,2,29,,58517,13649,,,2,70,,58507,13649,,,2,29,,58510,13649,,,2,70,,58518,13649,,,2,30,,58504,13649,,,2,68,,58515,13649,,,2,30,,58512,13649,,,2,69,,58508,13649,,,2,30,,58516,13649,,,2,70,,58513,13649,,,2
8001,'DI',652,,60263,3886,,,1,100,,60264,3886,,,1,100,,60265,3886,,,1,100,,60266,3886,,,1,100,,60267,3886,,,1,100,,60268,3886,,,1,100,,60269,3886,,,1,100,,60270,3886,,,1,100,,60271,3886,,,1,100,,60272,3886,,,1,100,,60273,3886,,,1,102,,60274,3886,,,1,99,,60275,3886,,,1,100,,60276,3886,,,1,100,,60277,3886,,,1,100,,60278,3886,,,1,100,,60279,3886,,,1,100,,60280,3886,,,1
8001,'F1',652,,60282,3886,,,1,100,,60283,3886,,,1,100,,60284,3886,,,1,100,,60285,3886,,,1,100,,60286,3886,,,1,100,,60287,3886,,,1,100,,60288,3886,,,1,100,,60289,3886,,,1,100,,60290,3886,,,1,100,,60291,3886,,,1,100,,60292,3886,,,1,102,,60293,3886,,,1,99,,60294,3886,,,1,100,,60295,3886,,,1,100,,60296,3886,,,1,100,,60297,3886,,,1,100,,60298,3886,,,1,100,,60299,3886,,,1
8001,'F2',653,,60301,3886,,,1,100,,60302,3886,,,1,100,,60303,3886,,,1,100,,60304,3886,,,1,100,,60305,3886,,,1,101,,60306,3886,,,1,100,,60307,3886,,,1,100,,60308,3886,,,1,100,,60309,3886,,,1,100,,60310,3886,,,1,100,,60311,3886,,,1,100,,60312,3886,,,1,98,,60313,3886,,,1,100,,60314,3886,,,1,100,,60315,3886,,,1,100,,60316,3886,,,1,100,,60317,3886,,,1,100,,60318,3886,,,1
8001,'SA',653,,60320,3886,,,1,100,,60321,3886,,,1,100,,60322,3886,,,1,100,,60323,3886,,,1,100,,60324,3886,,,1,101,,60325,3886,,,1,100,,60326,3886,,,1,100,,60327,3886,,,1,100,,60328,3886,,,1,100,,60329,3886,,,1,100,,60330,3886,,,1,100,,60331,3886,,,1,98,,60332,3886,,,1,100,,60333,3886,,,1,100,,60334,3886,,,1,100,,60335,3886,,,1,100,,60336,3886,,,1,100,,60337,3886,,,1
8001,'SE',549,,60363,3886,,,1,70,,60339,3886,,,1,36,,60359,3886,,,1,71,,60342,3886,,,1,30,,60351,3886,,,1,70,,60344,3886,,,1,31,,60341,3886,,,1,97,,60352,3886,,,1,100,,60353,3886,,,1,100,,60354,3886,,,1,100,,60355,3886,,,1,100,,60356,3886,,,1,100,,60357,3886,,,1,102,,60358,3886,,,1,65,,60360,3886,,,1,35,,60340,3886,,,1,70,,60361,3886,,,1,24,,60347,3886,,,1,89,,60362,3886,,,1,92,,60345,3886,,,1,100,,60346,3886,,,1,99,,60348,3886,,,1,100,,60350,3886,,,1,100,,60349,3886,,,1
8301,'DI',725,,60720,7597,,,1,100,,60721,7597,,,1,108,,60722,7597,,,1,100,,60723,7597,,,1,100,,60724,7597,,,1,100,,60725,7597,,,1,100,,60726,7597,,,1,100,,60727,7597,,,1,100,,60728,7597,,,1,100,,60729,7597,,,1,100,,60730,7597,,,1,100,,60731,7597,,,1,100,,60732,7597,,,1,100,,60733,7597,,,1,100,,60734,7597,,,1,100,,60735,7597,,,1,100,,60736,7597,,,1,100,,60737,7597,,,1
8301,'F1',725,,60738,7597,,,1,100,,60739,7597,,,1,108,,60740,7597,,,1,100,,60741,7597,,,1,100,,60742,7597,,,1,100,,60743,7597,,,1,100,,60744,7597,,,1,100,,60745,7597,,,1,100,,60746,7597,,,1,100,,60747,7597,,,1,100,,60748,7597,,,1,100,,60749,7597,,,1,100,,60750,7597,,,1,100,,60751,7597,,,1,100,,60752,7597,,,1,100,,60753,7597,,,1,100,,60754,7597,,,1,100,,60755,7597,,,1
8301,'F2',625,,60756,7597,,,1,100,,60757,7597,,,1,100,,60758,7597,,,1,108,,60759,7597,,,1,100,,60760,7597,,,1,100,,60761,7597,,,1,100,,60762,7597,,,1,100,,60763,7597,,,1,100,,60764,7597,,,1,100,,60765,7597,,,1,100,,60766,7597,,,1,100,,60767,7597,,,1,100,,60768,7597,,,1,100,,60769,7597,,,1,100,,60770,7597,,,1,100,,60771,7597,,,1,100,,60772,7597,,,1,100,,60773,7597,,,1,100,,60774,7597,,,1,100,,60775,7597,,,1
8301,'SA',625,,60776,7597,,,1,100,,60777,7597,,,1,100,,60778,7597,,,1,108,,60779,7597,,,1,100,,60780,7597,,,1,100,,60781,7597,,,1,100,,60782,7597,,,1,100,,60783,7597,,,1,100,,60784,7597,,,1,100,,60785,7597,,,1,100,,60786,7597,,,1,100,,60787,7597,,,1,100,,60788,7597,,,1,100,,60789,7597,,,1,100,,60790,7597,,,1,100,,60791,7597,,,1,100,,60792,7597,,,1,100,,60793,7597,,,1,100,,60794,7597,,,1,100,,60795,7597,,,1
8301,'SE',549,,60828,7597,,,1,70,,60803,7597,,,1,20,,60830,7597,,,1,16,,60829,7597,,,1,65,,60813,7597,,,1,20,,60799,7597,,,1,62,,60808,7597,,,1,18,,60814,7597,,,1,20,,60804,7597,,,1,63,,60825,7597,,,1,31,,60815,7597,,,1,20,,60826,7597,,,1,80,,60824,7597,,,1,100,,60806,7597,,,1,100,,60807,7597,,,1,100,,60800,7597,,,1,100,,60801,7597,,,1,101,,60802,7597,,,1,15,,60796,7597,,,1,65,,60811,7597,,,1,21,,60805,7597,,,1,22,,60798,7597,,,1,60,,60809,7597,,,1,18,,60810,7597,,,1,20,,60827,7597,,,1,58,,60812,7597,,,1,20,,60816,7597,,,1,20,,60797,7597,,,1,80,,60817,7597,,,1,100,,60818,7597,,,1,100,,60819,7597,,,1,100,,60820,7597,,,1,100,,60821,7597,,,1,100,,60822,7597,,,1,100,,60823,7597,,,1
16100,'DI',632,,38650,16795,,,2,1172,,62339,16795,,,2
16100,'F1',632,,50332,16795,,,2,1172,,62350,16795,,,2
16100,'F2',632,,62363,16795,,,2,1102,,62362,16795,,,2
16100,'SA',632,,62376,16795,,,2,1102,,62375,16795,,,2
16100,'SE',710,,62391,16684,,,2,25,,62390,16684,,,2,65,,62389,16684,,,2,422,,62392,16795,,,2,390,,62393,16795,,,2,41,,62394,16795,,,2,80,,62396,16795,,,2,100,,62395,16795,,,2
18001,'SE',637,,62510,4706,,,2,64,,62509,4706,,,2,13,,62512,4706,,,2,18,,62507,4706,,,2,12,,62513,4706,,,2,58,,62511,4706,,,2,18,,62508,4706,,,2,815,,62506,4706,,,2,71,,62516,4706,,,2,30,,62515,4706,,,2,64,,62514,4706,,,2
28401,'SE',858,,62537,2224,0,52,2,100,,62538,2224,0,52,2,100,,62539,2224,0,52,2,100,,62540,2224,0,52,2,100,,62541,2224,0,52,2,100,,62542,2224,0,52,2,100,,62543,2224,0,52,2
68301,'SE',719,,63560,5516,,,2
