1901,'DI',539,,25993,689,,,2,100,,25994,689,,,2,100,,25995,689,,,2,100,,25996,689,,,2,104,,25997,689,,,2,100,,25998,689,,,2,100,,25999,689,,,2,100,,26000,689,,,2,100,,26001,689,,,2,100,,26002,689,,,2,100,,26003,689,,,2,100,,26004,689,,,2,100,,26005,689,,,2,100,,26006,689,,,2,100,,26007,689,,,2,100,,26008,689,,,2,100,,26009,689,,,2,100,,26010,689,,,2,100,,26011,689,,,2,100,,26012,689,,,2,100,,25992,689,,,2
1901,'F8',539,,26123,689,,,2,70,,26133,689,,,2,30,,26124,689,,,2,70,,26134,689,,,2,30,,26125,689,,,2,70,,26135,689,,,2,30,,26126,689,,,2,70,,26136,689,,,2,34,,26127,689,,,2,70,,26137,689,,,2,30,,26128,689,,,2,70,,26138,689,,,2,30,,26129,689,,,2,70,,26150,689,,,2,30,,26130,689,,,2,70,,26151,689,,,2,30,,26131,689,,,2,70,,26152,689,,,2,30,,26132,689,,,2,70,,26153,689,,,2,30,,26139,689,,,2,70,,26154,689,,,2,30,,26140,689,,,2,70,,26155,689,,,2,30,,26141,689,,,2,70,,26156,689,,,2,30,,26142,689,,,2,100,,26143,689,,,2,100,,26144,689,,,2,100,,26145,689,,,2,100,,26146,689,,,2,100,,26147,689,,,2,100,,26148,689,,,2,100,,26149,689,,,2
1901,'F9',539,,26158,689,,,2,100,,26159,689,,,2,100,,26160,689,,,2,100,,26161,689,,,2,104,,26162,689,,,2,100,,26163,689,,,2,100,,26164,689,,,2,100,,26165,689,,,2,100,,26166,689,,,2,100,,26167,689,,,2,100,,26168,689,,,2,100,,26169,689,,,2,100,,26170,689,,,2,100,,26171,689,,,2,100,,26172,689,,,2,100,,26173,689,,,2,100,,26174,689,,,2,100,,26175,689,,,2,100,,26176,689,,,2,100,,26177,689,,,2,100,,26157,689,,,2
1901,'SA',539,,26178,689,,,2,70,,26188,689,,,2,30,,26179,689,,,2,70,,26189,689,,,2,30,,26180,689,,,2,70,,26190,689,,,2,30,,26181,689,,,2,70,,26191,689,,,2,34,,26182,689,,,2,70,,26192,689,,,2,30,,26183,689,,,2,70,,26193,689,,,2,30,,26184,689,,,2,70,,26205,689,,,2,30,,26185,689,,,2,70,,26206,689,,,2,30,,26186,689,,,2,70,,26207,689,,,2,30,,26187,689,,,2,70,,26208,689,,,2,30,,26194,689,,,2,70,,26209,689,,,2,30,,26195,689,,,2,70,,26210,689,,,2,30,,26196,689,,,2,70,,26211,689,,,2,30,,26197,689,,,2,100,,26198,689,,,2,100,,26199,689,,,2,100,,26200,689,,,2,100,,26201,689,,,2,100,,26202,689,,,2,100,,26203,689,,,2,100,,26204,689,,,2
1901,'SE',457,,26226,689,,,2,75,,26225,689,,,2,70,,26249,689,,,2,23,,26241,689,,,2,14,,26247,689,,,2,15,,26242,689,,,2,52,,26245,689,,,2,12,,26246,689,,,2,12,,26239,689,,,2,12,,26244,689,,,2,15,,26238,689,,,2,61,,26243,689,,,2,20,,26240,689,,,2,72,,26212,689,,,2,34,,26234,689,,,2,70,,26213,689,,,2,30,,26214,689,,,2,70,,26227,689,,,2,30,,26215,689,,,2,70,,26228,689,,,2,30,,26231,689,,,2,70,,26229,689,,,2,30,,26232,689,,,2,72,,26230,689,,,2,30,,26250,689,,,2,70,,26248,689,,,2,29,,26257,689,,,2,61,,26256,689,,,2,23,,26254,689,,,2,20,,26253,689,,,2,61,,26255,689,,,2,18,,26251,689,,,2,17,,26252,689,,,2,61,,26258,689,,,2,19,,26220,689,,,2,24,,26233,689,,,2,65,,26216,689,,,2,30,,26235,689,,,2,70,,26217,689,,,2,30,,26236,689,,,2,70,,26218,689,,,2,29,,26237,689,,,2,70,,26219,689,,,2,30,,26221,689,,,2,100,,26222,689,,,2,100,,26223,689,,,2,100,,26224,689,,,2
5000,'DI',637,,31267,10986,,,2,102,,31252,10986,,,2,100,,31260,10986,,,2,100,,31258,10986,,,2,103,,31259,10986,,,2,94,,31261,10986,,,2,103,,31262,10986,,,2,103,,31263,10986,,,2,97,,31251,10986,,,2,96,,31264,10986,,,2,103,,31249,10986,,,2,106,,31248,10986,,,2,95,,31257,10986,,,2,100,,31250,10986,,,2,100,,31253,10986,,,2,100,,31255,10986,,,2,100,,31265,10986,,,2,100,,31254,10986,,,2,100,,31256,10986,,,2,100,,31266,10986,,,2
5000,'F8',639,,31342,10986,,,2,98,,31341,10986,,,2,102,,31346,10986,,,2,97,,31350,10986,,,2,103,,31351,10986,,,2,96,,31355,10986,,,2,102,,31352,10986,,,2,98,,31336,10986,,,2,99,,31337,10986,,,2,103,,31338,10986,,,2,103,,31339,10986,,,2,103,,31340,10986,,,2,96,,31343,10986,,,2,100,,31354,10986,,,2,100,,31353,10986,,,2,100,,31344,10986,,,2,97,,31347,10986,,,2,103,,31348,10986,,,2,101,,31349,10986,,,2,99,,31345,10986,,,2
5000,'F9',637,,31375,10986,,,2,102,,31360,10986,,,2,100,,31368,10986,,,2,100,,31366,10986,,,2,103,,31367,10986,,,2,94,,31369,10986,,,2,103,,31370,10986,,,2,103,,31371,10986,,,2,97,,31359,10986,,,2,96,,31372,10986,,,2,103,,31357,10986,,,2,106,,31356,10986,,,2,95,,31365,10986,,,2,100,,31358,10986,,,2,100,,31361,10986,,,2,100,,31363,10986,,,2,100,,31373,10986,,,2,100,,31362,10986,,,2,100,,31364,10986,,,2,100,,31374,10986,,,2
5000,'SA',639,,31382,10986,,,2,98,,31381,10986,,,2,102,,31386,10986,,,2,97,,31390,10986,,,2,103,,31391,10986,,,2,96,,31395,10986,,,2,102,,31392,10986,,,2,98,,31376,10986,,,2,99,,31377,10986,,,2,103,,31378,10986,,,2,103,,31379,10986,,,2,103,,31380,10986,,,2,96,,31383,10986,,,2,100,,31394,10986,,,2,100,,31393,10986,,,2,100,,31384,10986,,,2,97,,31387,10986,,,2,103,,31388,10986,,,2,101,,31389,10986,,,2,99,,31385,10986,,,2
5000,'SE',559,,31404,10986,,,2,70,,31406,10986,,,2,30,,31409,10986,,,2,70,,31405,10986,,,2,30,,31401,10986,,,2,70,,31407,10986,,,2,73,,31410,10986,,,2,27,,31418,10986,,,2,100,,31421,10986,,,2,100,,31408,10986,,,2,100,,31403,10986,,,2,100,,31411,10986,,,2,99,,31396,10986,,,2,102,,31412,10986,,,2,28,,31422,10986,,,2,73,,31400,10986,,,2,74,,31423,10986,,,2,26,,31413,10986,,,2,70,,31397,10986,,,2,30,,31419,10986,,,2,28,,31402,10986,,,2,70,,31420,10986,,,2,100,,31398,10986,,,2,100,,31414,10986,,,2,100,,31399,10986,,,2,100,,31415,10986,,,2,100,,31416,10986,,,2,100,,31417,10986,,,2
50500,'SE',1624,,40631,4021,,,2
53901,'SE',912,,40685,7517,,,2
