2501,'DI',1552,,27599,3779,,,2
2501,'F1',1552,,45883,3779,,,2
2501,'F2',1552,,45884,3779,,,2
2501,'F8',1552,,27634,3779,,,2
2501,'F9',1552,,27635,3779,,,2
2501,'SA',1552,,27636,3779,,,2
2501,'SE',629,,45908,2142,,,2,74,,45912,3779,,,2,30,,45911,3779,,,2,26,,45898,2142,,,2,70,,45885,2142,,,2,28,,45900,2142,,,2,545,,45890,2142,,,2,30,,45901,2142,,,2,70,,45887,2142,,,2,31,,45914,3779,,,2,19,,45910,3779,,,2,52,,45913,3779,,,2,9,,45906,2142,,,2,19,,45889,2142,,,2,14,,45888,2142,,,2,59,,45892,2142,,,2,28,,45902,2142,,,2,69,,45886,2142,,,2,29,,45893,2142,,,2,99,,45896,2142,,,2,385,,45909,2142,,,2,86,,45915,3779,,,2,13,,45904,2142,,,2,35,,45905,2142,,,2
12301,'DI',531,,37798,11570,,,1,100,,37808,11570,,,1,100,,37799,11570,,,1,100,,37809,11570,,,1,100,,37800,11570,,,1,100,,37810,11570,,,1,100,,37801,11570,,,1,100,,37811,11570,,,1,100,,37802,11570,,,1,100,,37812,11570,,,1,100,,37803,11570,,,1,100,,37813,11570,,,1,100,,37804,11570,,,1,100,,37814,11570,,,1,100,,37805,11570,,,1,100,,37815,11570,,,1,100,,37806,11570,,,1,100,,37816,11570,,,1,100,,37807,11570,,,1,100,,37817,11570,,,1
12301,'F1',531,,49985,11570,,,1,100,,49995,11570,,,1,100,,49986,11570,,,1,100,,49996,11570,,,1,100,,49987,11570,,,1,100,,49997,11570,,,1,100,,49988,11570,,,1,100,,49998,11570,,,1,100,,49989,11570,,,1,100,,49999,11570,,,1,100,,49990,11570,,,1,100,,50000,11570,,,1,100,,49991,11570,,,1,100,,50001,11570,,,1,100,,49992,11570,,,1,100,,50002,11570,,,1,100,,49993,11570,,,1,100,,50003,11570,,,1,100,,49994,11570,,,1,100,,50004,11570,,,1
12301,'F2',532,,50007,11570,,,1,100,,50005,11570,,,1,100,,50008,11570,,,1,99,,50006,11570,,,1,100,,50009,11570,,,1,100,,50017,11570,,,1,100,,50010,11570,,,1,100,,50018,11570,,,1,100,,50011,11570,,,1,100,,50019,11570,,,1,100,,50012,11570,,,1,100,,50020,11570,,,1,100,,50013,11570,,,1,100,,50021,11570,,,1,100,,50014,11570,,,1,100,,50022,11570,,,1,100,,50015,11570,,,1,100,,50023,11570,,,1,100,,50016,11570,,,1,100,,50024,11570,,,1
12301,'F8',532,,37897,11570,,,1,100,,37895,11570,,,1,100,,37898,11570,,,1,99,,37896,11570,,,1,100,,37899,11570,,,1,100,,37907,11570,,,1,100,,37900,11570,,,1,100,,37908,11570,,,1,100,,37901,11570,,,1,100,,37909,11570,,,1,100,,37902,11570,,,1,100,,37910,11570,,,1,100,,37903,11570,,,1,100,,37911,11570,,,1,100,,37904,11570,,,1,100,,37912,11570,,,1,100,,37905,11570,,,1,100,,37913,11570,,,1,100,,37906,11570,,,1,100,,37914,11570,,,1
12301,'F9',531,,37915,11570,,,1,100,,37925,11570,,,1,100,,37916,11570,,,1,100,,37926,11570,,,1,100,,37917,11570,,,1,100,,37927,11570,,,1,100,,37918,11570,,,1,100,,37928,11570,,,1,100,,37919,11570,,,1,100,,37929,11570,,,1,100,,37920,11570,,,1,100,,37930,11570,,,1,100,,37921,11570,,,1,100,,37931,11570,,,1,100,,37922,11570,,,1,100,,37932,11570,,,1,100,,37923,11570,,,1,100,,37933,11570,,,1,100,,37924,11570,,,1,100,,37934,11570,,,1
12301,'SA',532,,37937,11570,,,1,100,,37935,11570,,,1,100,,37938,11570,,,1,99,,37936,11570,,,1,100,,37939,11570,,,1,100,,37947,11570,,,1,100,,37940,11570,,,1,100,,37948,11570,,,1,100,,37941,11570,,,1,100,,37949,11570,,,1,100,,37942,11570,,,1,100,,37950,11570,,,1,100,,37943,11570,,,1,100,,37951,11570,,,1,100,,37944,11570,,,1,100,,37952,11570,,,1,100,,37945,11570,,,1,100,,37953,11570,,,1,100,,37946,11570,,,1,100,,37954,11570,,,1
12301,'SE',517,,50041,11570,,,1,30,,50044,11570,,,1,60,,50029,11570,,,1,22,,50028,11570,,,1,15,,50030,11570,,,1,66,,50031,11570,,,1,30,,50026,11570,,,1,69,,50027,11570,,,1,30,,50025,11570,,,1,69,,50048,11570,,,1,30,,50042,11570,,,1,96,,50034,11570,,,1,100,,50046,11570,,,1,100,,50036,11570,,,1,100,,50043,11570,,,1,100,,50061,11570,,,1,11,,50035,11570,,,1,65,,50049,11570,,,1,20,,50053,11570,,,1,15,,50045,11570,,,1,59,,50055,11570,,,1,6,,50037,11570,,,1,16,,50040,11570,,,1,10,,50059,11570,,,1,6,,50051,11570,,,1,64,,50060,11570,,,1,29,,50050,11570,,,1,69,,50033,11570,,,1,31,,50038,11570,,,1,66,,50052,11570,,,1,34,,50047,11570,,,1,68,,50039,11570,,,1,30,,50056,11570,,,1,98,,50032,11570,,,1,99,,50057,11570,,,1,100,,50054,11570,,,1,119,,50058,11570,,,1
