1600,'DI',615,,24754,2088,0,8,2,30,,24745,2088,0,8,2,70,,24755,2088,0,8,2,30,,24746,2088,0,8,2,70,,24756,2088,0,8,2,30,,24747,2088,0,8,2,70,,24757,2088,0,8,2,30,,24748,2088,0,8,2,70,,24758,2088,0,8,2,30,,24749,2088,0,8,2,70,,24759,2088,0,8,2,28,,24750,2088,0,8,2,72,,24760,2088,0,8,2,33,,24751,2088,0,8,2,67,,24761,2088,0,8,2,30,,24752,2088,0,8,2,70,,24762,2088,0,8,2,30,,24764,2088,0,8,2,70,,24763,2088,0,8,2,30,,24765,2088,0,8,2,70,,24768,2088,0,8,2,30,,24766,2088,0,8,2,70,,24769,2088,0,8,2,31,,24767,2088,0,8,2,69,,24770,2088,0,8,2,100,,24771,2088,0,8,2,100,,24772,2088,0,8,2,100,,24773,2088,0,8,2,100,,24774,2088,0,8,2,100,,24775,2088,0,8,2,100,,24776,2088,0,8,2,100,,24777,2088,0,8,2
1600,'F1',615,,44831,2088,0,8,2,30,,44822,2088,0,8,2,70,,44832,2088,0,8,2,30,,44823,2088,0,8,2,70,,44833,2088,0,8,2,30,,44824,2088,0,8,2,70,,44834,2088,0,8,2,30,,44825,2088,0,8,2,70,,44835,2088,0,8,2,30,,44826,2088,0,8,2,70,,44836,2088,0,8,2,28,,44827,2088,0,8,2,72,,44837,2088,0,8,2,33,,44828,2088,0,8,2,67,,44838,2088,0,8,2,30,,44829,2088,0,8,2,70,,44839,2088,0,8,2,30,,44841,2088,0,8,2,70,,44840,2088,0,8,2,30,,44842,2088,0,8,2,70,,44845,2088,0,8,2,30,,44843,2088,0,8,2,70,,44846,2088,0,8,2,31,,44844,2088,0,8,2,69,,44847,2088,0,8,2,100,,44848,2088,0,8,2,100,,44849,2088,0,8,2,100,,44850,2088,0,8,2,100,,44851,2088,0,8,2,100,,44852,2088,0,8,2,100,,44853,2088,0,8,2,100,,44854,2088,0,8,2
1600,'F2',615,,44861,2088,0,8,2,28,,44864,2088,0,8,2,72,,44862,2088,0,8,2,30,,44865,2088,0,8,2,70,,44863,2088,0,8,2,30,,44866,2088,0,8,2,70,,44884,2088,0,8,2,30,,44867,2088,0,8,2,70,,44885,2088,0,8,2,30,,44868,2088,0,8,2,70,,44886,2088,0,8,2,30,,44869,2088,0,8,2,70,,44887,2088,0,8,2,30,,44875,2088,0,8,2,70,,44855,2088,0,8,2,30,,44876,2088,0,8,2,70,,44856,2088,0,8,2,30,,44877,2088,0,8,2,70,,44857,2088,0,8,2,30,,44878,2088,0,8,2,70,,44858,2088,0,8,2,27,,44879,2088,0,8,2,73,,44859,2088,0,8,2,35,,44883,2088,0,8,2,65,,44870,2088,0,8,2,100,,44871,2088,0,8,2,100,,44872,2088,0,8,2,100,,44873,2088,0,8,2,100,,44874,2088,0,8,2,100,,44880,2088,0,8,2,100,,44881,2088,0,8,2,100,,44882,2088,0,8,2
1600,'F8',615,,24912,2088,0,8,2,28,,24915,2088,0,8,2,72,,24913,2088,0,8,2,30,,24916,2088,0,8,2,70,,24914,2088,0,8,2,30,,24917,2088,0,8,2,70,,24935,2088,0,8,2,30,,24918,2088,0,8,2,70,,24936,2088,0,8,2,30,,24919,2088,0,8,2,70,,24937,2088,0,8,2,30,,24920,2088,0,8,2,70,,24938,2088,0,8,2,30,,24926,2088,0,8,2,70,,24906,2088,0,8,2,30,,24927,2088,0,8,2,70,,24907,2088,0,8,2,30,,24928,2088,0,8,2,70,,24908,2088,0,8,2,30,,24929,2088,0,8,2,70,,24909,2088,0,8,2,27,,24930,2088,0,8,2,73,,24910,2088,0,8,2,35,,24934,2088,0,8,2,65,,24921,2088,0,8,2,100,,24922,2088,0,8,2,100,,24923,2088,0,8,2,100,,24924,2088,0,8,2,100,,24925,2088,0,8,2,100,,24931,2088,0,8,2,100,,24932,2088,0,8,2,100,,24933,2088,0,8,2
1600,'F9',615,,24948,2088,0,8,2,30,,24939,2088,0,8,2,70,,24949,2088,0,8,2,30,,24940,2088,0,8,2,70,,24950,2088,0,8,2,30,,24941,2088,0,8,2,70,,24951,2088,0,8,2,30,,24942,2088,0,8,2,70,,24952,2088,0,8,2,30,,24943,2088,0,8,2,70,,24953,2088,0,8,2,28,,24944,2088,0,8,2,72,,24954,2088,0,8,2,33,,24945,2088,0,8,2,67,,24955,2088,0,8,2,30,,24946,2088,0,8,2,70,,24956,2088,0,8,2,30,,24958,2088,0,8,2,70,,24957,2088,0,8,2,30,,24959,2088,0,8,2,70,,24962,2088,0,8,2,30,,24960,2088,0,8,2,70,,24963,2088,0,8,2,31,,24961,2088,0,8,2,69,,24964,2088,0,8,2,100,,24965,2088,0,8,2,100,,24966,2088,0,8,2,100,,24967,2088,0,8,2,100,,24968,2088,0,8,2,100,,24969,2088,0,8,2,100,,24970,2088,0,8,2,100,,24971,2088,0,8,2
1600,'SA',615,,24978,2088,0,8,2,28,,24981,2088,0,8,2,72,,24979,2088,0,8,2,30,,24982,2088,0,8,2,70,,24980,2088,0,8,2,30,,24983,2088,0,8,2,70,,25001,2088,0,8,2,30,,24984,2088,0,8,2,70,,25002,2088,0,8,2,30,,24985,2088,0,8,2,70,,25003,2088,0,8,2,30,,24986,2088,0,8,2,70,,25004,2088,0,8,2,30,,24992,2088,0,8,2,70,,24972,2088,0,8,2,30,,24993,2088,0,8,2,70,,24973,2088,0,8,2,30,,24994,2088,0,8,2,70,,24974,2088,0,8,2,30,,24995,2088,0,8,2,70,,24975,2088,0,8,2,27,,24996,2088,0,8,2,73,,24976,2088,0,8,2,35,,25000,2088,0,8,2,65,,24987,2088,0,8,2,100,,24988,2088,0,8,2,100,,24989,2088,0,8,2,100,,24990,2088,0,8,2,100,,24991,2088,0,8,2,100,,24997,2088,0,8,2,100,,24998,2088,0,8,2,100,,24999,2088,0,8,2
1600,'SE',555,,44902,2088,0,8,2,60,,44901,2088,0,8,2,32,,44898,2088,0,8,2,67,,44899,2088,0,8,2,15,,44903,2088,0,8,2,15,,44930,2088,0,8,2,67,,44905,2088,0,8,2,34,,44925,2088,0,8,2,70,,44888,2088,0,8,2,30,,44932,2088,0,8,2,70,,44920,2088,0,8,2,30,,44929,2088,0,8,2,70,,44889,2088,0,8,2,30,,44906,2088,0,8,2,70,,44921,2088,0,8,2,30,,44919,2088,0,8,2,70,,44895,2088,0,8,2,30,,44893,2088,0,8,2,70,,44894,2088,0,8,2,30,,44931,2088,0,8,2,60,,44907,2088,0,8,2,20,,44933,2088,0,8,2,20,,44923,2088,0,8,2,61,,44934,2088,0,8,2,15,,44924,2088,0,8,2,15,,44915,2088,0,8,2,15,,44926,2088,0,8,2,55,,44917,2088,0,8,2,20,,44928,2088,0,8,2,20,,44916,2088,0,8,2,70,,44918,2088,0,8,2,30,,44896,2088,0,8,2,69,,44908,2088,0,8,2,30,,44890,2088,0,8,2,70,,44909,2088,0,8,2,30,,44891,2088,0,8,2,70,,44910,2088,0,8,2,30,,44892,2088,0,8,2,70,,44911,2088,0,8,2,100,,44912,2088,0,8,2,100,,44913,2088,0,8,2,99,,44914,2088,0,8,2
7100,'DI',605,,32973,2030,,,2,30,,32953,2030,,,2,70,,32976,2030,,,2,30,,32968,2030,,,2,70,,32978,2030,,,2,30,,32967,2030,,,2,71,,32950,2030,,,2,29,,32948,2030,,,2,70,,32949,2030,,,2,30,,32956,2030,,,2,70,,32969,2030,,,2,30,,32979,2030,,,2,70,,32974,2030,,,2,35,,32954,2030,,,2,65,,32975,2030,,,2,30,,32955,2030,,,2,70,,32977,2030,,,2,30,,32972,2030,,,2,70,,32963,2030,,,2,30,,32959,2030,,,2,70,,32966,2030,,,2,30,,32960,2030,,,2,68,,32957,2030,,,2,32,,32961,2030,,,2,70,,32958,2030,,,2,30,,32962,2030,,,2,100,,32964,2030,,,2,100,,32965,2030,,,2,100,,32971,2030,,,2,100,,32951,2030,,,2,100,,32952,2030,,,2,100,,32970,2030,,,2
7100,'F1',605,,48061,2030,,,2,30,,48041,2030,,,2,70,,48064,2030,,,2,30,,48056,2030,,,2,70,,48066,2030,,,2,30,,48055,2030,,,2,71,,48038,2030,,,2,29,,48036,2030,,,2,70,,48037,2030,,,2,30,,48044,2030,,,2,70,,48057,2030,,,2,30,,48067,2030,,,2,70,,48062,2030,,,2,35,,48042,2030,,,2,65,,48063,2030,,,2,30,,48043,2030,,,2,70,,48065,2030,,,2,30,,48060,2030,,,2,70,,48051,2030,,,2,30,,48047,2030,,,2,70,,48054,2030,,,2,30,,48048,2030,,,2,68,,48045,2030,,,2,32,,48049,2030,,,2,70,,48046,2030,,,2,30,,48050,2030,,,2,100,,48052,2030,,,2,100,,48053,2030,,,2,100,,48059,2030,,,2,100,,48039,2030,,,2,100,,48040,2030,,,2,100,,48058,2030,,,2
7100,'F2',605,,48099,2030,,,2,30,,48076,2030,,,2,70,,48071,2030,,,2,30,,48079,2030,,,2,71,,48100,2030,,,2,29,,48077,2030,,,2,70,,48068,2030,,,2,30,,48082,2030,,,2,70,,48095,2030,,,2,30,,48083,2030,,,2,70,,48096,2030,,,2,30,,48084,2030,,,2,70,,48097,2030,,,2,30,,48085,2030,,,2,70,,48098,2030,,,2,30,,48086,2030,,,2,70,,48089,2030,,,2,30,,48087,2030,,,2,70,,48090,2030,,,2,30,,48088,2030,,,2,70,,48091,2030,,,2,28,,48074,2030,,,2,70,,48092,2030,,,2,36,,48078,2030,,,2,66,,48093,2030,,,2,32,,48075,2030,,,2,98,,48080,2030,,,2,100,,48073,2030,,,2,100,,48072,2030,,,2,100,,48070,2030,,,2,100,,48069,2030,,,2,100,,48094,2030,,,2,100,,48081,2030,,,2
7100,'F8',605,,33115,2030,,,2,30,,33092,2030,,,2,70,,33087,2030,,,2,30,,33095,2030,,,2,71,,33116,2030,,,2,29,,33093,2030,,,2,70,,33084,2030,,,2,30,,33098,2030,,,2,70,,33111,2030,,,2,30,,33099,2030,,,2,70,,33112,2030,,,2,30,,33100,2030,,,2,70,,33113,2030,,,2,30,,33101,2030,,,2,70,,33114,2030,,,2,30,,33102,2030,,,2,70,,33105,2030,,,2,30,,33103,2030,,,2,70,,33106,2030,,,2,30,,33104,2030,,,2,70,,33107,2030,,,2,28,,33090,2030,,,2,70,,33108,2030,,,2,36,,33094,2030,,,2,66,,33109,2030,,,2,32,,33091,2030,,,2,98,,33096,2030,,,2,100,,33089,2030,,,2,100,,33088,2030,,,2,100,,33086,2030,,,2,100,,33085,2030,,,2,100,,33110,2030,,,2,100,,33097,2030,,,2
7100,'F9',605,,33142,2030,,,2,30,,33122,2030,,,2,70,,33145,2030,,,2,30,,33137,2030,,,2,70,,33147,2030,,,2,30,,33136,2030,,,2,71,,33119,2030,,,2,29,,33117,2030,,,2,70,,33118,2030,,,2,30,,33125,2030,,,2,70,,33138,2030,,,2,30,,33148,2030,,,2,70,,33143,2030,,,2,35,,33123,2030,,,2,65,,33144,2030,,,2,30,,33124,2030,,,2,70,,33146,2030,,,2,30,,33141,2030,,,2,70,,33132,2030,,,2,30,,33128,2030,,,2,70,,33135,2030,,,2,30,,33129,2030,,,2,68,,33126,2030,,,2,32,,33130,2030,,,2,70,,33127,2030,,,2,30,,33131,2030,,,2,100,,33133,2030,,,2,100,,33134,2030,,,2,100,,33140,2030,,,2,100,,33120,2030,,,2,100,,33121,2030,,,2,100,,33139,2030,,,2
7100,'SA',605,,33178,2030,,,2,30,,33157,2030,,,2,70,,33152,2030,,,2,30,,33160,2030,,,2,71,,33179,2030,,,2,29,,33158,2030,,,2,70,,33149,2030,,,2,30,,33161,2030,,,2,70,,33174,2030,,,2,30,,33162,2030,,,2,70,,33175,2030,,,2,30,,33163,2030,,,2,70,,33176,2030,,,2,30,,33164,2030,,,2,70,,33177,2030,,,2,30,,33165,2030,,,2,70,,33168,2030,,,2,30,,33166,2030,,,2,70,,33169,2030,,,2,30,,33167,2030,,,2,70,,33170,2030,,,2,28,,33155,2030,,,2,70,,33171,2030,,,2,36,,33159,2030,,,2,66,,33172,2030,,,2,32,,33156,2030,,,2,98,,11820,2030,,,2,100,,33154,2030,,,2,100,,33153,2030,,,2,100,,33151,2030,,,2,100,,33150,2030,,,2,100,,33173,2030,,,2,100,,11821,2030,,,2
7100,'SE',528,,48133,2030,,,2,100,,48135,2030,,,2,78,,48134,2030,,,2,41,,48106,2030,,,2,86,,48117,2030,,,2,71,,48102,2030,,,2,29,,48118,2030,,,2,70,,48107,2030,,,2,30,,48119,2030,,,2,70,,48122,2030,,,2,30,,48120,2030,,,2,70,,48108,2030,,,2,30,,48121,2030,,,2,70,,48131,2030,,,2,30,,48123,2030,,,2,70,,48111,2030,,,2,31,,48124,2030,,,2,70,,48132,2030,,,2,31,,48104,2030,,,2,20,,48112,2030,,,2,60,,48129,2030,,,2,26,,48113,2030,,,2,17,,48105,2030,,,2,58,,48130,2030,,,2,19,,48138,2030,,,2,72,,48137,2030,,,2,28,,48103,2030,,,2,70,,48125,2030,,,2,30,,48109,2030,,,2,70,,48126,2030,,,2,30,,48136,2030,,,2,70,,48127,2030,,,2,30,,48101,2030,,,2,70,,48128,2030,,,2,30,,48114,2030,,,2,70,,48110,2030,,,2,30,,48115,2030,,,2,69,,48139,2030,,,2,30,,48116,2030,,,2,70,,48140,2030,,,2
