2501,'DI',1601,,56146,8588,,,2
2501,'F1',1601,,56147,8588,,,2
2501,'F2',1601,,56148,8588,,,2
2501,'SA',1601,,56149,8588,,,2
2501,'SE',639,,56160,6951,,,2,75,,56177,8588,,,2,30,,56175,8588,,,2,66,,56161,6951,,,2,30,,56163,6951,,,2,68,,56165,6951,,,2,505,,56172,6951,,,2,30,,56164,6951,,,2,72,,56170,6951,,,2,31,,56181,8588,,,2,59,,56180,8588,,,2,12,,56178,8588,,,2,9,,56155,6951,,,2,19,,56166,6951,,,2,14,,56152,6951,,,2,57,,56150,6951,,,2,28,,56167,6951,,,2,68,,56154,6951,,,2,29,,56151,6951,,,2,99,,56153,6951,,,2,385,,56174,6951,,,2,86,,56176,8588,,,2,12,,56156,6951,,,2,35,,56169,6951,,,2
12001,'SE',605,,61742,2600,,,2,31,,61737,2600,,,2,66,,61734,2600,,,2,37,,61738,2600,,,2,69,,61733,2600,,,2,33,,61739,2600,,,2,795,,61741,2600,,,2,71,,61736,2600,,,2,36,,61735,2600,,,2,62,,61732,2600,,,2,28,,61740,2600,,,2
12300,'DI',647,,37610,17888,0,42 43,1,100,,37620,17888,0,42 43,1,100,,37611,17888,0,42 43,1,100,,37621,17888,0,42 43,1,100,,37612,17888,0,42 43,1,100,,61748,17888,0,42 43,1,105,,37613,17888,0,42 43,1,95,,61749,17888,0,42 43,1,100,,37614,17888,0,42 43,1,100,,61750,17888,0,42 43,1,100,,61743,17888,0,42 43,1,100,,61751,17888,0,42 43,1,100,,61744,17888,0,42 43,1,100,,61752,17888,0,42 43,1,100,,61745,17888,0,42 43,1,100,,61753,17888,0,42 43,1,100,,61746,17888,0,42 43,1,100,,61754,17888,0,42 43,1,100,,61747,17888,0,42 43,1
12300,'F1',647,,49910,17888,0,42 43,1,100,,49920,17888,0,42 43,1,100,,49911,17888,0,42 43,1,100,,49921,17888,0,42 43,1,100,,49912,17888,0,42 43,1,100,,61760,17888,0,42 43,1,105,,49913,17888,0,42 43,1,95,,61761,17888,0,42 43,1,100,,49914,17888,0,42 43,1,100,,61762,17888,0,42 43,1,100,,61755,17888,0,42 43,1,100,,61763,17888,0,42 43,1,100,,61756,17888,0,42 43,1,100,,61764,17888,0,42 43,1,100,,61757,17888,0,42 43,1,100,,61765,17888,0,42 43,1,100,,61758,17888,0,42 43,1,100,,61766,17888,0,42 43,1,100,,61759,17888,0,42 43,1
12300,'F2',647,,61767,17888,0,42 43,1,100,,61773,17888,0,42 43,1,100,,61777,17888,0,42 43,1,105,,61768,17888,0,42 43,1,99,,61778,17888,0,42 43,1,100,,61769,17888,0,42 43,1,100,,61779,17888,0,42 43,1,96,,61770,17888,0,42 43,1,100,,61780,17888,0,42 43,1,100,,61771,17888,0,42 43,1,104,,61781,17888,0,42 43,1,101,,61772,17888,0,42 43,1,99,,61782,17888,0,42 43,1,96,,61774,17888,0,42 43,1,100,,61783,17888,0,42 43,1,100,,61775,17888,0,42 43,1,100,,61784,17888,0,42 43,1,100,,61776,17888,0,42 43,1,100,,61785,17888,0,42 43,1
12300,'SA',647,,61786,17888,0,42 43,1,100,,61792,17888,0,42 43,1,100,,61796,17888,0,42 43,1,105,,61787,17888,0,42 43,1,99,,61797,17888,0,42 43,1,100,,61788,17888,0,42 43,1,100,,61798,17888,0,42 43,1,96,,61789,17888,0,42 43,1,100,,61799,17888,0,42 43,1,100,,61790,17888,0,42 43,1,104,,61800,17888,0,42 43,1,101,,61791,17888,0,42 43,1,99,,61801,17888,0,42 43,1,96,,61793,17888,0,42 43,1,100,,61802,17888,0,42 43,1,100,,61794,17888,0,42 43,1,100,,61803,17888,0,42 43,1,100,,61795,17888,0,42 43,1,100,,61804,17888,0,42 43,1
12300,'SE',543,,61821,17888,0,42 43,1,73,,61815,17888,0,42 43,1,15,,61808,17888,0,42 43,1,10,,61809,17888,0,42 43,1,10,,61810,17888,0,42 43,1,50,,61829,17888,0,42 43,1,15,,61812,17888,0,42 43,1,8,,61820,17888,0,42 43,1,12,,49968,17888,0,42 43,1,10,,61827,17888,0,42 43,1,61,,61828,17888,0,42 43,1,17,,61813,17888,0,42 43,1,30,,61817,17888,0,42 43,1,65,,49971,17888,0,42 43,1,29,,61811,17888,0,42 43,1,102,,61837,17888,0,42 43,1,100,,61807,17888,0,42 43,1,99,,61824,17888,0,42 43,1,105,,61816,17888,0,42 43,1,5,,61830,17888,0,42 43,1,93,,61822,17888,0,42 43,1,70,,61833,17888,0,42 43,1,32,,61825,17888,0,42 43,1,66,,49980,17888,0,42 43,1,28,,49975,17888,0,42 43,1,71,,61814,17888,0,42 43,1,31,,61823,17888,0,42 43,1,67,,61826,17888,0,42 43,1,35,,61806,17888,0,42 43,1,68,,61805,17888,0,42 43,1,30,,61834,17888,0,42 43,1,68,,61835,17888,0,42 43,1,30,,61836,17888,0,42 43,1,100,,61818,17888,0,42 43,1,100,,61831,17888,0,42 43,1,96,,61819,17888,0,42 43,1,100,,61832,17888,0,42 43,1
67301,'SE',725,,63548,0,,,2
