9300,'SE',1631,,49739,5349,0,39 20,2,80,,49740,5349,0,39 20,2,20,,49738,5349,0,39 20,2,70,,49741,5349,0,39 20,2,39,,49742,5349,0,39 20,2
16000,'DI',728,,38365,17464,,,1,100,,38368,17464,,,1,100,,38371,17464,,,1,100,,38366,17464,,,1,100,,38372,17464,,,1,100,,38364,17464,,,1,100,,38373,17464,,,1,100,,38362,17464,,,1,100,,38360,17464,,,1,100,,38369,17464,,,1,100,,38367,17464,,,1,100,,38374,17464,,,1,100,,38370,17464,,,1,102,,38363,17464,,,1,98,,38361,17464,,,1
16000,'F1',728,,50212,17464,,,1,100,,50215,17464,,,1,100,,50218,17464,,,1,100,,50213,17464,,,1,100,,50219,17464,,,1,100,,50211,17464,,,1,100,,50220,17464,,,1,100,,50209,17464,,,1,100,,50207,17464,,,1,100,,50216,17464,,,1,100,,50214,17464,,,1,100,,50221,17464,,,1,100,,50217,17464,,,1,102,,50210,17464,,,1,98,,50208,17464,,,1
16000,'F2',728,,50226,17464,,,1,99,,50229,17464,,,1,101,,50225,17464,,,1,100,,50222,17464,,,1,100,,50228,17464,,,1,99,,50233,17464,,,1,101,,50223,17464,,,1,100,,50227,17464,,,1,100,,50234,17464,,,1,100,,50230,17464,,,1,100,,50224,17464,,,1,100,,50235,17464,,,1,100,,50231,17464,,,1,101,,50236,17464,,,1,99,,50232,17464,,,1
16000,'F8',728,,38429,17464,,,1,99,,38432,17464,,,1,101,,38428,17464,,,1,100,,38425,17464,,,1,100,,38431,17464,,,1,99,,38436,17464,,,1,101,,38426,17464,,,1,100,,38430,17464,,,1,100,,38437,17464,,,1,100,,38433,17464,,,1,100,,38427,17464,,,1,100,,38438,17464,,,1,100,,38434,17464,,,1,101,,38439,17464,,,1,99,,38435,17464,,,1
16000,'F9',728,,38445,17464,,,1,100,,38448,17464,,,1,100,,38451,17464,,,1,100,,38446,17464,,,1,100,,38452,17464,,,1,100,,38444,17464,,,1,100,,38453,17464,,,1,100,,38442,17464,,,1,100,,38440,17464,,,1,100,,38449,17464,,,1,100,,38447,17464,,,1,100,,38454,17464,,,1,100,,38450,17464,,,1,102,,38443,17464,,,1,98,,38441,17464,,,1
16000,'SA',728,,38459,17464,,,1,99,,16667,17464,,,1,101,,38458,17464,,,1,100,,38455,17464,,,1,100,,38461,17464,,,1,99,,38464,17464,,,1,101,,38456,17464,,,1,100,,38460,17464,,,1,100,,38465,17464,,,1,100,,16668,17464,,,1,100,,38457,17464,,,1,100,,38466,17464,,,1,100,,38462,17464,,,1,101,,38467,17464,,,1,99,,38463,17464,,,1
16000,'SE',640,,50239,17464,,,1,95,,50249,17464,,,1,84,,50247,17464,,,1,89,,50250,17464,,,1,51,,50248,17464,,,1,86,,50240,17464,,,1,101,,50241,17464,,,1,100,,50242,17464,,,1,100,,50251,17464,,,1,100,,50246,17464,,,1,102,,50253,17464,,,1,70,,50259,17464,,,1,28,,50237,17464,,,1,64,,50252,17464,,,1,34,,50254,17464,,,1,65,,50255,17464,,,1,27,,50245,17464,,,1,70,,50260,17464,,,1,30,,50243,17464,,,1,86,,50238,17464,,,1,97,,50244,17464,,,1,98,,50257,17464,,,1,92,,50256,17464,,,1,100,,50258,17464,,,1
19900,'SE',1618,,50477,17272,,,2,30,,50472,17272,,,2,73,,50475,17272,,,2,27,,50473,17272,,,2,68,,50474,17272,,,2,30,,50476,17272,,,2
19901,'SE',617,,50481,1006,,,2,27,,50478,1006,,,2,73,,50480,1006,,,2,31,,50479,1006,,,2
