1700,'DI',624,,54830,2185,,,1,100,,54845,2185,,,1,30,,54825,2185,,,1,70,,54831,2185,,,1,30,,25392,2185,,,1,70,,54827,2185,,,1,30,,54826,2185,,,1,70,,54843,2185,,,1,30,,54835,2185,,,1,70,,54832,2185,,,1,30,,54842,2185,,,1,70,,54822,2185,,,1,30,,54836,2185,,,1,70,,54834,2185,,,1,30,,54820,2185,,,1,70,,54833,2185,,,1,30,,54840,2185,,,1,69,,54828,2185,,,1,30,,54817,2185,,,1,71,,54829,2185,,,1,30,,54818,2185,,,1,70,,54821,2185,,,1,31,,54819,2185,,,1,70,,54824,2185,,,1,99,,54844,2185,,,1,100,,54841,2185,,,1,100,,54837,2185,,,1,100,,54823,2185,,,1,100,,54838,2185,,,1,100,,25365,2185,,,1,100,,54839,2185,,,1
1700,'F1',624,,54859,2185,,,1,100,,54874,2185,,,1,30,,54854,2185,,,1,70,,54860,2185,,,1,30,,45071,2185,,,1,70,,54856,2185,,,1,30,,54855,2185,,,1,70,,54872,2185,,,1,30,,54864,2185,,,1,70,,54861,2185,,,1,30,,54871,2185,,,1,70,,54851,2185,,,1,30,,54865,2185,,,1,70,,54863,2185,,,1,30,,54849,2185,,,1,70,,54862,2185,,,1,30,,54869,2185,,,1,69,,54857,2185,,,1,30,,54846,2185,,,1,71,,54858,2185,,,1,30,,54847,2185,,,1,70,,54850,2185,,,1,31,,54848,2185,,,1,70,,54853,2185,,,1,99,,54873,2185,,,1,100,,54870,2185,,,1,100,,54866,2185,,,1,100,,54852,2185,,,1,100,,54867,2185,,,1,100,,45044,2185,,,1,100,,54868,2185,,,1
1700,'F2',624,,54883,2185,,,1,100,,54886,2185,,,1,30,,54900,2185,,,1,70,,54877,2185,,,1,30,,54892,2185,,,1,70,,54887,2185,,,1,30,,54901,2185,,,1,70,,54878,2185,,,1,30,,54893,2185,,,1,70,,54882,2185,,,1,30,,54875,2185,,,1,70,,54881,2185,,,1,30,,54903,2185,,,1,70,,54879,2185,,,1,30,,54888,2185,,,1,70,,54894,2185,,,1,30,,54876,2185,,,1,70,,54884,2185,,,1,30,,54902,2185,,,1,69,,54897,2185,,,1,30,,54889,2185,,,1,71,,54898,2185,,,1,30,,54890,2185,,,1,71,,54899,2185,,,1,99,,54904,2185,,,1,100,,54895,2185,,,1,100,,54880,2185,,,1,100,,54891,2185,,,1,100,,54885,2185,,,1,100,,54896,2185,,,1,100,,54905,2185,,,1
1700,'SA',624,,54914,2185,,,1,100,,54917,2185,,,1,30,,54931,2185,,,1,70,,54908,2185,,,1,30,,54923,2185,,,1,70,,54918,2185,,,1,30,,54932,2185,,,1,70,,54909,2185,,,1,30,,54924,2185,,,1,70,,54913,2185,,,1,30,,54906,2185,,,1,70,,54912,2185,,,1,30,,54934,2185,,,1,70,,54910,2185,,,1,30,,54919,2185,,,1,70,,54925,2185,,,1,30,,54907,2185,,,1,70,,54915,2185,,,1,30,,54933,2185,,,1,69,,54928,2185,,,1,30,,54920,2185,,,1,71,,54929,2185,,,1,30,,54921,2185,,,1,71,,54930,2185,,,1,99,,54935,2185,,,1,100,,54926,2185,,,1,100,,54911,2185,,,1,100,,54922,2185,,,1,100,,54916,2185,,,1,100,,54927,2185,,,1,100,,54936,2185,,,1
2500,'DI',656,,56116,2261,,,2
2500,'F1',656,,56117,2261,,,2
2500,'F2',656,,56118,2261,,,2
2500,'SA',656,,56119,2261,,,2
2500,'SE',518,,56125,2261,,,2,30,,56127,2261,,,2,69,,56142,2261,,,2,19,,56140,2261,,,2,21,,56136,2261,,,2,59,,56128,2261,,,2,29,,56129,2261,,,2,68,,56131,2261,,,2,36,,56138,2261,,,2,70,,56126,2261,,,2,430,,56130,2261,,,2,70,,56137,2261,,,2,29,,56145,2261,,,2,53,,56144,2261,,,2,18,,56143,2261,,,2,30,,56132,2261,,,2,72,,56120,2261,,,2,29,,56133,2261,,,2,70,,56123,2261,,,2,31,,56121,2261,,,2,68,,56134,2261,,,2,30,,56122,2261,,,2,375,,56139,2261,,,2,84,,56141,2261,,,2,15,,56124,2261,,,2,85,,56135,2261,,,2
7600,'SE',600,,59895,2185,,,1,21,,59876,2185,,,1,20,,59878,2185,,,1,63,,59858,2185,,,1,17,,59879,2185,,,1,20,,59853,2185,,,1,63,,59897,2185,,,1,27,,59880,2185,,,1,72,,59874,2185,,,1,30,,59855,2185,,,1,70,,59862,2185,,,1,30,,59867,2185,,,1,70,,59896,2185,,,1,30,,59872,2185,,,1,70,,59894,2185,,,1,30,,59859,2185,,,1,70,,59856,2185,,,1,30,,59863,2185,,,1,70,,59860,2185,,,1,34,,59864,2185,,,1,66,,59871,2185,,,1,32,,59869,2185,,,1,71,,59868,2185,,,1,24,,59886,2185,,,1,18,,59893,2185,,,1,60,,59854,2185,,,1,21,,59861,2185,,,1,18,,59887,2185,,,1,60,,59857,2185,,,1,28,,59865,2185,,,1,70,,59870,2185,,,1,30,,59851,2185,,,1,70,,59881,2185,,,1,30,,59888,2185,,,1,70,,59882,2185,,,1,30,,59889,2185,,,1,69,,59875,2185,,,1,30,,59890,2185,,,1,70,,59883,2185,,,1,30,,59891,2185,,,1,70,,59884,2185,,,1,30,,59892,2185,,,1,70,,59885,2185,,,1
