2000,'DI',631,,26261,11488,,,2,100,,26264,11488,,,2,100,,26267,11488,,,2,100,,26259,11488,,,2,100,,26265,11488,,,2,97,,26268,11488,,,2,103,,26269,11488,,,2,100,,26266,11488,,,2,100,,26270,11488,,,2,100,,26262,11488,,,2,97,,26273,11488,,,2,103,,26274,11488,,,2,100,,26263,11488,,,2,100,,26271,11488,,,2,100,,26260,11488,,,2,100,,26275,11488,,,2,100,,26272,11488,,,2,100,,26276,11488,,,2,100,,26277,11488,,,2
2000,'F8',632,,26384,11488,,,2,100,,26378,11488,,,2,100,,26375,11488,,,2,100,,26369,11488,,,2,100,,26371,11488,,,2,100,,26370,11488,,,2,100,,26379,11488,,,2,100,,26372,11488,,,2,100,,26373,11488,,,2,100,,26383,11488,,,2,96,,26380,11488,,,2,104,,26381,11488,,,2,104,,26382,11488,,,2,96,,26367,11488,,,2,100,,26376,11488,,,2,100,,26374,11488,,,2,100,,26366,11488,,,2,100,,26385,11488,,,2,100,,26377,11488,,,2,100,,26368,11488,,,2
2000,'F9',631,,26388,11488,,,2,100,,26391,11488,,,2,100,,26394,11488,,,2,100,,26386,11488,,,2,100,,26392,11488,,,2,97,,26395,11488,,,2,103,,26396,11488,,,2,100,,26393,11488,,,2,100,,26397,11488,,,2,100,,26389,11488,,,2,97,,26400,11488,,,2,103,,26401,11488,,,2,100,,26390,11488,,,2,100,,26398,11488,,,2,100,,26387,11488,,,2,100,,26402,11488,,,2,100,,26399,11488,,,2,100,,26403,11488,,,2,100,,26404,11488,,,2
2000,'SA',632,,26422,11488,,,2,100,,5701,11488,,,2,100,,26414,11488,,,2,100,,26408,11488,,,2,100,,26410,11488,,,2,100,,26409,11488,,,2,100,,26417,11488,,,2,100,,26411,11488,,,2,100,,26412,11488,,,2,100,,26421,11488,,,2,96,,26418,11488,,,2,104,,26419,11488,,,2,104,,26420,11488,,,2,96,,26406,11488,,,2,100,,26415,11488,,,2,100,,26413,11488,,,2,100,,26405,11488,,,2,100,,26423,11488,,,2,100,,26416,11488,,,2,100,,26407,11488,,,2
2000,'SE',553,,26438,11488,,,2,60,,26464,11488,,,2,24,,26447,11488,,,2,71,,26439,11488,,,2,14,,26470,10897,,,2,9,,26468,10897,,,2,8,,26472,10897,,,2,10,,26465,10897,,,2,51,,26467,10897,,,2,6,,26466,10897,,,2,14,,26471,10897,,,2,32,,26469,10897,,,2,71,,26473,10897,,,2,29,,26425,11488,,,2,71,,26455,11488,,,2,30,,26431,11488,,,2,70,,26458,11488,,,2,30,,26428,11488,,,2,70,,26452,11488,,,2,30,,26432,11488,,,2,70,,26460,11488,,,2,30,,26429,11488,,,2,70,,26451,11488,,,2,30,,26433,11488,,,2,71,,26440,11488,,,2,21,,26442,11488,,,2,57,,26435,11488,,,2,15,,26427,11488,,,2,15,,26436,11488,,,2,15,,26453,11488,,,2,57,,26443,11488,,,2,11,,26459,11488,,,2,13,,26444,11488,,,2,9,,26446,11488,,,2,12,,26441,11488,,,2,53,,26454,11488,,,2,11,,26434,11488,,,2,14,,26462,11488,,,2,13,,26445,11488,,,2,15,,26457,11488,,,2,68,,26424,11488,,,2,30,,26456,11488,,,2,70,,26463,11488,,,2,30,,26437,11488,,,2,70,,26461,11488,,,2,30,,26448,11488,,,2,100,,26430,11488,,,2,100,,26449,11488,,,2,100,,26426,11488,,,2,100,,26450,11488,,,2
2201,'SE',541,,27418,3947,,,2,92,,27420,3947,,,2,25,,27419,3947,,,2,70,,27417,3947,,,2,30,,27421,3947,,,2,948,,27423,3947,,,2,40,,27422,3947,,,2,60,,27424,3947,,,2
16101,'DI',610,,38767,8670,,,2,30,,38758,3947,,,2,70,,38755,3947,,,2,30,,38765,3947,,,2,70,,38759,3947,,,2,30,,38760,3947,,,2,70,,38762,3947,,,2,702,,38756,3947,,,2,28,,38761,3947,,,2,72,,38757,3947,,,2,30,,38766,8670,,,2,70,,38764,3947,,,2,32,,38763,3947,,,2
16101,'F8',610,,38824,8670,,,2,30,,38820,3947,,,2,70,,38817,3947,,,2,30,,38818,3947,,,2,70,,38815,3947,,,2,30,,38821,3947,,,2,70,,38819,3947,,,2,700,,38816,3947,,,2,31,,38813,3947,,,2,71,,38822,3947,,,2,30,,38825,8670,,,2,71,,38814,3947,,,2,31,,38823,3947,,,2
16101,'F9',610,,38838,8670,,,2,30,,38829,3947,,,2,70,,38826,3947,,,2,30,,38836,3947,,,2,70,,38830,3947,,,2,30,,38831,3947,,,2,70,,38833,3947,,,2,702,,38827,3947,,,2,28,,38832,3947,,,2,72,,38828,3947,,,2,30,,38837,8670,,,2,70,,38835,3947,,,2,32,,38834,3947,,,2
16101,'SA',610,,38849,8670,,,2,30,,17011,3947,,,2,70,,38843,3947,,,2,30,,38844,3947,,,2,70,,38841,3947,,,2,30,,38846,3947,,,2,70,,38845,3947,,,2,700,,38842,3947,,,2,31,,38839,3947,,,2,71,,38847,3947,,,2,30,,38850,8670,,,2,71,,38840,3947,,,2,31,,38848,3947,,,2
16101,'SE',604,,38858,3947,,,2,20,,38853,3947,,,2,23,,38867,8670,,,2,60,,38856,3947,,,2,13,,38865,8670,,,2,17,,38860,3947,,,2,16,,38868,8670,,,2,57,,38855,3947,,,2,23,,38859,3947,,,2,20,,38863,3947,,,2,57,,38852,3947,,,2,20,,38851,3947,,,2,325,,38864,8670,,,2,372,,38870,8670,,,2,15,,38861,3947,,,2,61,,38866,8670,,,2,20,,38854,3947,,,2,18,,38869,8670,,,2,61,,38862,3947,,,2,20,,38857,3947,,,2
57001,'SE',827,,40728,5230,,,2
67301,'SE',735,,40877,3338,,,2
