800,'DI',616,,22786,13213,,,1,34,,22781,13213,,,1,70,,2441,13213,,,1,30,,2447,13213,,,1,70,,22787,13213,,,1,30,,22782,13213,,,1,74,,2442,13213,,,1,30,,2448,13213,,,1,70,,22788,13213,,,1,30,,22783,13213,,,1,70,,2443,13213,,,1,30,,2449,13213,,,1,72,,22789,13213,,,1,30,,2436,13213,,,1,70,,2444,13213,,,1,30,,2450,13213,,,1,70,,22790,13213,,,1,30,,22784,13213,,,1,70,,2445,13213,,,1,29,,22793,13213,,,1,70,,22791,13213,,,1,30,,22785,13213,,,1,68,,2446,13213,,,1,30,,22794,13213,,,1,72,,22792,13213,,,1,83,,2437,13213,,,1,98,,22795,13213,,,1,100,,2438,13213,,,1,99,,22796,13213,,,1,100,,2439,13213,,,1,100,,22797,13213,,,1,100,,2440,13213,,,1,100,,22780,13213,,,1
800,'F8',618,,22955,13213,,,1,30,,22938,13213,,,1,72,,22951,13213,,,1,30,,22953,13213,,,1,71,,22956,13213,,,1,30,,22939,13213,,,1,70,,22952,13213,,,1,32,,22954,13213,,,1,70,,22957,13213,,,1,32,,22940,13213,,,1,70,,22946,13213,,,1,30,,22962,13213,,,1,68,,22958,13213,,,1,32,,22941,13213,,,1,70,,22947,13213,,,1,30,,22963,13213,,,1,70,,22959,13213,,,1,30,,22966,13213,,,1,70,,22948,13213,,,1,30,,22964,13213,,,1,70,,22960,13213,,,1,30,,22967,13213,,,1,70,,22949,13213,,,1,30,,22965,13213,,,1,71,,22961,13213,,,1,28,,22934,13213,,,1,70,,22950,13213,,,1,86,,22942,13213,,,1,97,,22935,13213,,,1,100,,22943,13213,,,1,100,,22936,13213,,,1,100,,22944,13213,,,1,100,,22937,13213,,,1,100,,22945,13213,,,1
800,'F9',616,,22989,13213,,,1,34,,22969,13213,,,1,70,,22977,13213,,,1,30,,22983,13213,,,1,70,,22990,13213,,,1,30,,22970,13213,,,1,74,,22978,13213,,,1,30,,22984,13213,,,1,70,,22991,13213,,,1,30,,22971,13213,,,1,70,,22979,13213,,,1,30,,22985,13213,,,1,72,,22992,13213,,,1,30,,22972,13213,,,1,70,,22980,13213,,,1,30,,22986,13213,,,1,70,,22993,13213,,,1,30,,22987,13213,,,1,70,,22981,13213,,,1,29,,22996,13213,,,1,70,,22994,13213,,,1,30,,22988,13213,,,1,68,,22982,13213,,,1,30,,22997,13213,,,1,72,,22995,13213,,,1,83,,22973,13213,,,1,98,,22998,13213,,,1,100,,22974,13213,,,1,99,,22999,13213,,,1,100,,22975,13213,,,1,100,,23000,13213,,,1,100,,22976,13213,,,1,100,,22968,13213,,,1
800,'SA',618,,23022,13213,,,1,30,,23005,13213,,,1,72,,23018,13213,,,1,30,,23020,13213,,,1,71,,23023,13213,,,1,30,,23006,13213,,,1,70,,23019,13213,,,1,32,,23021,13213,,,1,70,,23024,13213,,,1,32,,23007,13213,,,1,70,,23013,13213,,,1,30,,23029,13213,,,1,68,,23025,13213,,,1,32,,23008,13213,,,1,70,,23014,13213,,,1,30,,23030,13213,,,1,70,,23026,13213,,,1,30,,2660,13213,,,1,70,,23015,13213,,,1,30,,23031,13213,,,1,70,,23027,13213,,,1,30,,2661,13213,,,1,70,,23016,13213,,,1,30,,23032,13213,,,1,71,,23028,13213,,,1,28,,23001,13213,,,1,70,,23017,13213,,,1,86,,23009,13213,,,1,97,,23002,13213,,,1,100,,23010,13213,,,1,100,,23003,13213,,,1,100,,23011,13213,,,1,100,,23004,13213,,,1,100,,23012,13213,,,1
800,'SE',523,,23067,13213,,,1,28,,23069,13213,,,1,62,,23076,13213,,,1,43,,23033,13213,,,1,65,,23048,13213,,,1,2,,23049,13213,,,1,6,,23068,13213,,,1,21,,23070,13213,,,1,59,,23061,13213,,,1,13,,23036,13213,,,1,15,,23037,13213,,,1,15,,23040,13213,,,1,55,,23034,13213,,,1,17,,23050,13213,,,1,15,,23046,13213,,,1,14,,23071,13213,,,1,55,,23042,13213,,,1,15,,23095,13213,,,1,15,,23038,13213,,,1,15,,23041,13213,,,1,55,,23035,13213,,,1,15,,23047,13213,,,1,15,,23051,13213,,,1,17,,23079,13213,,,1,55,,23072,13213,,,1,15,,23080,13213,,,1,15,,23054,13213,,,1,15,,23098,13213,,,1,55,,23099,13213,,,1,15,,23096,13213,,,1,15,,23085,13213,,,1,15,,23083,13213,,,1,55,,23062,13213,,,1,15,,23043,13213,,,1,15,,23081,13213,,,1,18,,23039,13213,,,1,55,,23097,13213,,,1,17,,23084,13213,,,1,14,,23093,13213,,,1,4,,23055,13213,,,1,53,,23052,13213,,,1,15,,23088,13213,,,1,15,,23087,13213,,,1,15,,23073,13213,,,1,55,,23044,13213,,,1,12,,23082,13213,,,1,12,,23100,13213,,,1,13,,23086,13213,,,1,11,,23066,13213,,,1,9,,23065,13213,,,1,52,,23094,13213,,,1,10,,23053,13213,,,1,12,,23089,13213,,,1,12,,23059,13213,,,1,7,,23060,13213,,,1,50,,23077,13213,,,1,10,,23045,13213,,,1,20,,23063,13213,,,1,27,,23090,13213,,,1,68,,23074,13213,,,1,28,,23078,13213,,,1,68,,23064,13213,,,1,30,,23091,13213,,,1,70,,23075,13213,,,1,85,,23056,13213,,,1,100,,23092,13213,,,1,96,,23057,13213,,,1,100,,23058,13213,,,1
4200,'DI',628,,29423,8524,,,1,100,,29424,8524,,,1,100,,29425,8524,,,1,100,,29426,8524,,,1,100,,29427,8524,,,1,102,,29428,8524,,,1,100,,29429,8524,,,1,100,,29430,8524,,,1,100,,29431,8524,,,1,100,,29432,8524,,,1,100,,29433,8524,,,1,100,,29434,8524,,,1,100,,29435,8524,,,1,100,,29436,8524,,,1,98,,29437,8524,,,1,100,,29438,8524,,,1,100,,29439,8524,,,1,100,,29440,8524,,,1,100,,29441,8524,,,1,100,,29442,8524,,,1
4200,'F8',628,,29543,8524,,,1,100,,29544,8524,,,1,100,,29545,8524,,,1,100,,29526,8524,,,1,100,,29527,8524,,,1,102,,29528,8524,,,1,100,,29529,8524,,,1,100,,29530,8524,,,1,100,,29531,8524,,,1,100,,29532,8524,,,1,100,,29533,8524,,,1,100,,29534,8524,,,1,100,,29535,8524,,,1,100,,29536,8524,,,1,98,,29537,8524,,,1,100,,29538,8524,,,1,100,,29539,8524,,,1,100,,29540,8524,,,1,100,,29541,8524,,,1,100,,29542,8524,,,1
4200,'F9',628,,29546,8524,,,1,100,,29547,8524,,,1,100,,29548,8524,,,1,100,,29549,8524,,,1,100,,29550,8524,,,1,102,,29551,8524,,,1,100,,29552,8524,,,1,100,,29553,8524,,,1,100,,29554,8524,,,1,100,,29555,8524,,,1,100,,29556,8524,,,1,100,,29557,8524,,,1,100,,29558,8524,,,1,100,,29559,8524,,,1,98,,29560,8524,,,1,100,,29561,8524,,,1,100,,29562,8524,,,1,100,,29563,8524,,,1,100,,29564,8524,,,1,100,,29565,8524,,,1
4200,'SA',628,,29583,8524,,,1,100,,29584,8524,,,1,100,,29585,8524,,,1,100,,29566,8524,,,1,100,,29567,8524,,,1,102,,29568,8524,,,1,100,,29569,8524,,,1,100,,29570,8524,,,1,100,,29571,8524,,,1,100,,29572,8524,,,1,100,,29573,8524,,,1,100,,29574,8524,,,1,100,,29575,8524,,,1,100,,29576,8524,,,1,98,,29577,8524,,,1,100,,29578,8524,,,1,100,,29579,8524,,,1,100,,29580,8524,,,1,100,,29581,8524,,,1,100,,29582,8524,,,1
4200,'SE',611,,29614,8524,,,1,36,,29596,8524,,,1,71,,29599,8524,,,1,12,,29595,8524,,,1,6,,29597,8524,,,1,6,,29592,8524,,,1,6,,29593,8524,,,1,61,,29591,8524,,,1,21,,29600,8524,,,1,74,,29627,8524,,,1,30,,29628,8524,,,1,70,,29594,8524,,,1,30,,29618,8524,,,1,70,,29598,8524,,,1,30,,29623,8524,,,1,70,,29601,8524,,,1,30,,29624,8524,,,1,70,,29587,8524,,,1,30,,29604,8524,,,1,70,,29602,8524,,,1,30,,29616,8524,,,1,70,,29626,8524,,,1,33,,29605,8524,,,1,70,,29621,8524,,,1,28,,29619,8524,,,1,24,,29625,8524,,,1,55,,29622,8524,,,1,14,,29586,8524,,,1,14,,29620,8524,,,1,12,,29615,8524,,,1,55,,29617,8524,,,1,27,,29603,8524,,,1,70,,29606,8524,,,1,31,,29610,8524,,,1,74,,29607,8524,,,1,30,,29611,8524,,,1,69,,29608,8524,,,1,30,,29612,8524,,,1,70,,29609,8524,,,1,30,,29613,8524,,,1,91,,29588,8524,,,1,100,,29589,8524,,,1,100,,29590,8524,,,1
44200,'SE',1629,,39998,12541,0,15,2,99,,39999,12541,0,15,2
