4200,'DI',632,,29423,10056,,,1,100,,29424,10056,,,1,100,,29425,10056,,,1,100,,29426,10056,,,1,100,,29427,10056,,,1,102,,29428,10056,,,1,100,,29429,10056,,,1,100,,29430,10056,,,1,100,,29431,10056,,,1,100,,29432,10056,,,1,100,,29433,10056,,,1,100,,29434,10056,,,1,100,,29435,10056,,,1,100,,29436,10056,,,1,97,,29437,10056,,,1,100,,29438,10056,,,1,100,,29439,10056,,,1,100,,29440,10056,,,1,100,,29441,10056,,,1,100,,29442,10056,,,1
4200,'F1',632,,46641,10056,,,1,100,,46642,10056,,,1,100,,46643,10056,,,1,100,,46644,10056,,,1,100,,46645,10056,,,1,102,,46646,10056,,,1,100,,46647,10056,,,1,100,,46648,10056,,,1,100,,46649,10056,,,1,100,,46650,10056,,,1,100,,46651,10056,,,1,100,,46652,10056,,,1,100,,46653,10056,,,1,100,,46654,10056,,,1,97,,46655,10056,,,1,100,,46656,10056,,,1,100,,46657,10056,,,1,100,,46658,10056,,,1,100,,46659,10056,,,1,100,,46660,10056,,,1
4200,'F2',632,,46678,10056,,,1,100,,46679,10056,,,1,100,,46680,10056,,,1,100,,46661,10056,,,1,100,,46662,10056,,,1,102,,46663,10056,,,1,100,,46664,10056,,,1,100,,46665,10056,,,1,100,,46666,10056,,,1,100,,46667,10056,,,1,100,,46668,10056,,,1,100,,46669,10056,,,1,100,,46670,10056,,,1,100,,46671,10056,,,1,97,,46672,10056,,,1,100,,46673,10056,,,1,100,,46674,10056,,,1,100,,46675,10056,,,1,100,,46676,10056,,,1,100,,46677,10056,,,1
4200,'F8',632,,29543,10056,,,1,100,,29544,10056,,,1,100,,29545,10056,,,1,100,,29526,10056,,,1,100,,29527,10056,,,1,102,,29528,10056,,,1,100,,29529,10056,,,1,100,,29530,10056,,,1,100,,29531,10056,,,1,100,,29532,10056,,,1,100,,29533,10056,,,1,100,,29534,10056,,,1,100,,29535,10056,,,1,100,,29536,10056,,,1,97,,29537,10056,,,1,100,,29538,10056,,,1,100,,29539,10056,,,1,100,,29540,10056,,,1,100,,29541,10056,,,1,100,,29542,10056,,,1
4200,'F9',632,,29546,10056,,,1,100,,29547,10056,,,1,100,,29548,10056,,,1,100,,29549,10056,,,1,100,,29550,10056,,,1,102,,29551,10056,,,1,100,,29552,10056,,,1,100,,29553,10056,,,1,100,,29554,10056,,,1,100,,29555,10056,,,1,100,,29556,10056,,,1,100,,29557,10056,,,1,100,,29558,10056,,,1,100,,29559,10056,,,1,97,,29560,10056,,,1,100,,29561,10056,,,1,100,,29562,10056,,,1,100,,29563,10056,,,1,100,,29564,10056,,,1,100,,29565,10056,,,1
4200,'SA',632,,29583,10056,,,1,100,,29584,10056,,,1,100,,29585,10056,,,1,100,,29566,10056,,,1,100,,29567,10056,,,1,102,,29568,10056,,,1,100,,29569,10056,,,1,100,,29570,10056,,,1,100,,29571,10056,,,1,100,,29572,10056,,,1,100,,29573,10056,,,1,100,,29574,10056,,,1,100,,29575,10056,,,1,100,,29576,10056,,,1,97,,29577,10056,,,1,100,,29578,10056,,,1,100,,29579,10056,,,1,100,,29580,10056,,,1,100,,29581,10056,,,1,100,,29582,10056,,,1
4200,'SE',615,,46723,10056,,,1,36,,46683,10056,,,1,73,,46716,10056,,,1,12,,46690,10056,,,1,6,,46722,10056,,,1,6,,46694,10056,,,1,6,,46691,10056,,,1,61,,46697,10056,,,1,20,,46695,10056,,,1,74,,46689,10056,,,1,30,,46696,10056,,,1,70,,46692,10056,,,1,30,,46698,10056,,,1,70,,46713,10056,,,1,30,,46682,10056,,,1,70,,46712,10056,,,1,30,,46684,10056,,,1,70,,46715,10056,,,1,30,,46699,10056,,,1,70,,46693,10056,,,1,30,,46688,10056,,,1,70,,46701,10056,,,1,33,,46705,10056,,,1,70,,46700,10056,,,1,29,,46717,10056,,,1,64,,46711,10056,,,1,15,,46685,10056,,,1,14,,46686,10056,,,1,14,,46718,10056,,,1,52,,46714,10056,,,1,15,,46681,10056,,,1,27,,46706,10056,,,1,69,,46719,10056,,,1,31,,46707,10056,,,1,74,,46720,10056,,,1,30,,46708,10056,,,1,68,,46721,10056,,,1,30,,46709,10056,,,1,70,,46687,10056,,,1,30,,46710,10056,,,1,91,,46702,10056,,,1,100,,46703,10056,,,1,100,,46704,10056,,,1
13200,'DI',849,,38037,8682,0,21 45,1,100,,38042,8682,0,21 45,1,100,,38038,8682,0,21 45,1,100,,38040,8682,0,21 45,1,100,,38043,8682,0,21 45,1,100,,38046,8682,0,21 45,1,100,,38044,8682,0,21 45,1,105,,38048,8682,0,21 45,1,95,,38047,8682,0,21 45,1,100,,38045,8682,0,21 45,1,101,,38049,8682,0,21 45,1,98,,38050,8682,0,21 45,1,100,,38041,8682,0,21 45,1,100,,38036,8682,0,21 45,1,100,,38051,8682,0,21 45,1,100,,38053,8682,0,21 45,1,100,,38039,8682,0,21 45,1,100,,38052,8682,0,21 45,1
13200,'F1',849,,50085,8682,0,21 45,1,100,,50090,8682,0,21 45,1,100,,50086,8682,0,21 45,1,100,,50088,8682,0,21 45,1,100,,50091,8682,0,21 45,1,100,,50094,8682,0,21 45,1,100,,50092,8682,0,21 45,1,105,,50096,8682,0,21 45,1,95,,50095,8682,0,21 45,1,100,,50093,8682,0,21 45,1,101,,50097,8682,0,21 45,1,98,,50098,8682,0,21 45,1,100,,50089,8682,0,21 45,1,100,,50084,8682,0,21 45,1,100,,50099,8682,0,21 45,1,100,,50101,8682,0,21 45,1,100,,50087,8682,0,21 45,1,100,,50100,8682,0,21 45,1
13200,'F2',749,,50120,8682,0,21 45,1,100,,50107,8682,0,21 45,1,100,,50102,8682,0,21 45,1,103,,50103,8682,0,21 45,1,97,,50108,8682,0,21 45,1,104,,50104,8682,0,21 45,1,96,,50119,8682,0,21 45,1,104,,50109,8682,0,21 45,1,96,,50111,8682,0,21 45,1,100,,50105,8682,0,21 45,1,100,,50110,8682,0,21 45,1,101,,50112,8682,0,21 45,1,98,,50114,8682,0,21 45,1,100,,50113,8682,0,21 45,1,100,,50116,8682,0,21 45,1,100,,50115,8682,0,21 45,1,100,,50118,8682,0,21 45,1,100,,50117,8682,0,21 45,1,100,,50106,8682,0,21 45,1
13200,'F8',749,,38135,8682,0,21 45,1,100,,38122,8682,0,21 45,1,100,,38117,8682,0,21 45,1,103,,38118,8682,0,21 45,1,97,,38123,8682,0,21 45,1,104,,38119,8682,0,21 45,1,96,,38134,8682,0,21 45,1,104,,38124,8682,0,21 45,1,96,,38126,8682,0,21 45,1,100,,38120,8682,0,21 45,1,100,,38125,8682,0,21 45,1,101,,38127,8682,0,21 45,1,98,,38129,8682,0,21 45,1,100,,38128,8682,0,21 45,1,100,,38131,8682,0,21 45,1,100,,38130,8682,0,21 45,1,100,,38133,8682,0,21 45,1,100,,38132,8682,0,21 45,1,100,,38121,8682,0,21 45,1
13200,'F9',849,,38137,8682,0,21 45,1,100,,38142,8682,0,21 45,1,100,,38138,8682,0,21 45,1,100,,38140,8682,0,21 45,1,100,,38143,8682,0,21 45,1,100,,38146,8682,0,21 45,1,100,,38144,8682,0,21 45,1,105,,38148,8682,0,21 45,1,95,,38147,8682,0,21 45,1,100,,38145,8682,0,21 45,1,101,,38149,8682,0,21 45,1,98,,38150,8682,0,21 45,1,100,,38141,8682,0,21 45,1,100,,38136,8682,0,21 45,1,100,,38151,8682,0,21 45,1,100,,38153,8682,0,21 45,1,100,,38139,8682,0,21 45,1,100,,38152,8682,0,21 45,1
13200,'SA',749,,38172,8682,0,21 45,1,100,,38159,8682,0,21 45,1,100,,38154,8682,0,21 45,1,103,,38155,8682,0,21 45,1,97,,38160,8682,0,21 45,1,104,,38156,8682,0,21 45,1,96,,38171,8682,0,21 45,1,104,,38161,8682,0,21 45,1,96,,38163,8682,0,21 45,1,100,,38157,8682,0,21 45,1,100,,38162,8682,0,21 45,1,101,,38164,8682,0,21 45,1,98,,38166,8682,0,21 45,1,100,,38165,8682,0,21 45,1,100,,38168,8682,0,21 45,1,100,,38167,8682,0,21 45,1,100,,38170,8682,0,21 45,1,100,,38169,8682,0,21 45,1,100,,38158,8682,0,21 45,1
13200,'SE',657,,50121,8682,0,21 45,1,63,,50133,8682,0,21 45,1,20,,50132,8682,0,21 45,1,62,,50130,8682,0,21 45,1,18,,50122,8682,0,21 45,1,22,,50134,8682,0,21 45,1,80,,50131,8682,0,21 45,1,96,,50127,8682,0,21 45,1,99,,50140,8682,0,21 45,1,96,,50125,8682,0,21 45,1,100,,50141,8682,0,21 45,1,108,,50144,8682,0,21 45,1,95,,50123,8682,0,21 45,1,24,,50135,8682,0,21 45,1,60,,50137,8682,0,21 45,1,20,,50129,8682,0,21 45,1,23,,50124,8682,0,21 45,1,60,,50136,8682,0,21 45,1,20,,50142,8682,0,21 45,1,20,,50128,8682,0,21 45,1,61,,50126,8682,0,21 45,1,19,,50139,8682,0,21 45,1,18,,50143,8682,0,21 45,1,59,,50138,8682,0,21 45,1
