2901,'DI',710,,28112,5922,,,1,100,,28113,5922,,,1,100,,28114,5922,,,1,100,,28115,5922,,,1,100,,28116,5922,,,1,100,,28117,5922,,,1,100,,28118,5922,,,1,100,,28119,5922,,,1,100,,28120,5922,,,1,100,,28121,5922,,,1,100,,28122,5922,,,1,100,,28123,5922,,,1,98,,28124,5922,,,1,100,,28125,5922,,,1,100,,28126,5922,,,1,100,,28127,5922,,,1,100,,28128,5922,,,1,120,,28129,5922,,,1
2901,'F1',710,,46101,5922,,,1,100,,46102,5922,,,1,100,,46103,5922,,,1,100,,46104,5922,,,1,100,,46105,5922,,,1,100,,46106,5922,,,1,100,,46107,5922,,,1,100,,46108,5922,,,1,100,,46109,5922,,,1,100,,46110,5922,,,1,100,,46111,5922,,,1,100,,46112,5922,,,1,98,,46113,5922,,,1,100,,46114,5922,,,1,100,,46115,5922,,,1,100,,46116,5922,,,1,100,,46117,5922,,,1,120,,46118,5922,,,1
2901,'F2',710,,46133,5922,,,1,100,,46134,5922,,,1,100,,46135,5922,,,1,100,,46136,5922,,,1,100,,46137,5922,,,1,100,,46138,5922,,,1,100,,46120,5922,,,1,100,,46121,5922,,,1,99,,46122,5922,,,1,99,,46123,5922,,,1,99,,46124,5922,,,1,108,,46125,5922,,,1,97,,46126,5922,,,1,97,,46127,5922,,,1,99,,46128,5922,,,1,100,,46129,5922,,,1,100,,46130,5922,,,1,120,,46131,5922,,,1
2901,'F8',710,,28210,5922,,,1,100,,28211,5922,,,1,100,,28212,5922,,,1,100,,28213,5922,,,1,100,,28214,5922,,,1,100,,28215,5922,,,1,100,,28197,5922,,,1,100,,28198,5922,,,1,99,,28199,5922,,,1,99,,28200,5922,,,1,99,,28201,5922,,,1,108,,28202,5922,,,1,97,,28203,5922,,,1,97,,28204,5922,,,1,99,,28205,5922,,,1,100,,28206,5922,,,1,100,,28207,5922,,,1,120,,28208,5922,,,1
2901,'F9',710,,28216,5922,,,1,100,,28217,5922,,,1,100,,28218,5922,,,1,100,,28219,5922,,,1,100,,28220,5922,,,1,100,,28221,5922,,,1,100,,28222,5922,,,1,100,,28223,5922,,,1,100,,28224,5922,,,1,100,,28225,5922,,,1,100,,28226,5922,,,1,100,,28227,5922,,,1,98,,28228,5922,,,1,100,,28229,5922,,,1,100,,28230,5922,,,1,100,,28231,5922,,,1,100,,28232,5922,,,1,120,,28233,5922,,,1
2901,'SA',710,,28248,5922,,,1,100,,28249,5922,,,1,100,,28250,5922,,,1,100,,28251,5922,,,1,100,,28252,5922,,,1,100,,28253,5922,,,1,100,,28235,5922,,,1,100,,28236,5922,,,1,99,,28237,5922,,,1,99,,28238,5922,,,1,99,,28239,5922,,,1,108,,28240,5922,,,1,97,,28241,5922,,,1,97,,28242,5922,,,1,99,,28243,5922,,,1,100,,28244,5922,,,1,100,,28245,5922,,,1,120,,28246,5922,,,1
2901,'SE',640,,46151,5922,,,1,66,,46152,5922,,,1,36,,46147,5922,,,1,2,,46140,5922,,,1,67,,46155,5922,,,1,30,,46153,5922,,,1,69,,46143,5922,,,1,103,,46149,5922,,,1,100,,46148,5922,,,1,101,,46146,5922,,,1,100,,46139,5922,,,1,100,,46144,5922,,,1,101,,46156,5922,,,1,35,,46157,5922,,,1,65,,46165,5922,,,1,34,,46142,5922,,,1,60,,46161,5922,,,1,28,,46166,5922,,,1,13,,46141,5922,,,1,68,,46154,5922,,,1,28,,46150,5922,,,1,67,,46145,5922,,,1,99,,46162,5922,,,1,99,,46158,5922,,,1,98,,46159,5922,,,1,98,,46160,5922,,,1,121,,46163,5922,,,1
7700,'DI',658,,35010,248,0,21 22 23,1,100,,35013,248,0,21 22 23,1,100,,35011,248,0,21 22 23,1,100,,35014,248,0,21 22 23,1,100,,35012,248,0,21 22 23,1,100,,35009,248,0,21 22 23,1,100,,35015,248,0,21 22 23,1,100,,35018,248,0,21 22 23,1,100,,35008,248,0,21 22 23,1,100,,35019,248,0,21 22 23,1,100,,35020,248,0,21 22 23,1,100,,35021,248,0,21 22 23,1,100,,35016,248,0,21 22 23,1,100,,35022,248,0,21 22 23,1,100,,35017,248,0,21 22 23,1
7700,'F1',658,,48854,248,0,21 22 23,1,100,,48857,248,0,21 22 23,1,100,,48855,248,0,21 22 23,1,100,,48858,248,0,21 22 23,1,100,,48856,248,0,21 22 23,1,100,,48853,248,0,21 22 23,1,100,,48859,248,0,21 22 23,1,100,,48862,248,0,21 22 23,1,100,,48852,248,0,21 22 23,1,100,,48863,248,0,21 22 23,1,100,,48864,248,0,21 22 23,1,100,,48865,248,0,21 22 23,1,100,,48860,248,0,21 22 23,1,100,,48866,248,0,21 22 23,1,100,,48861,248,0,21 22 23,1
7700,'F2',658,,48881,248,0,21 22 23,1,100,,48872,248,0,21 22 23,1,100,,48868,248,0,21 22 23,1,100,,48873,248,0,21 22 23,1,100,,48869,248,0,21 22 23,1,100,,48871,248,0,21 22 23,1,100,,48874,248,0,21 22 23,1,97,,48867,248,0,21 22 23,1,103,,48875,248,0,21 22 23,1,99,,48877,248,0,21 22 23,1,101,,48876,248,0,21 22 23,1,100,,48878,248,0,21 22 23,1,100,,48879,248,0,21 22 23,1,100,,48870,248,0,21 22 23,1,100,,48880,248,0,21 22 23,1
7700,'F8',658,,35108,248,0,21 22 23,1,100,,35099,248,0,21 22 23,1,100,,35095,248,0,21 22 23,1,100,,35100,248,0,21 22 23,1,100,,35096,248,0,21 22 23,1,100,,35098,248,0,21 22 23,1,100,,35101,248,0,21 22 23,1,97,,35094,248,0,21 22 23,1,103,,35102,248,0,21 22 23,1,99,,35104,248,0,21 22 23,1,101,,35103,248,0,21 22 23,1,100,,35105,248,0,21 22 23,1,100,,35106,248,0,21 22 23,1,100,,35097,248,0,21 22 23,1,100,,35107,248,0,21 22 23,1
7700,'F9',658,,35111,248,0,21 22 23,1,100,,35114,248,0,21 22 23,1,100,,35112,248,0,21 22 23,1,100,,35115,248,0,21 22 23,1,100,,35113,248,0,21 22 23,1,100,,35110,248,0,21 22 23,1,100,,35116,248,0,21 22 23,1,100,,35119,248,0,21 22 23,1,100,,35109,248,0,21 22 23,1,100,,35120,248,0,21 22 23,1,100,,35121,248,0,21 22 23,1,100,,35122,248,0,21 22 23,1,100,,35117,248,0,21 22 23,1,100,,35123,248,0,21 22 23,1,100,,35118,248,0,21 22 23,1
7700,'SA',658,,35137,248,0,21 22 23,1,100,,35128,248,0,21 22 23,1,100,,35125,248,0,21 22 23,1,100,,35129,248,0,21 22 23,1,100,,13602,248,0,21 22 23,1,100,,35127,248,0,21 22 23,1,100,,35130,248,0,21 22 23,1,97,,35124,248,0,21 22 23,1,103,,35131,248,0,21 22 23,1,99,,35133,248,0,21 22 23,1,101,,35132,248,0,21 22 23,1,100,,35134,248,0,21 22 23,1,100,,35135,248,0,21 22 23,1,100,,35126,248,0,21 22 23,1,100,,35136,248,0,21 22 23,1
7700,'SE',551,,48883,248,0,21 22 23,1,55,,48884,248,0,21 22 23,1,20,,48885,248,0,21 22 23,1,15,,48889,248,0,21 22 23,1,67,,48892,248,0,21 22 23,1,23,,48888,248,0,21 22 23,1,22,,48891,248,0,21 22 23,1,55,,48886,248,0,21 22 23,1,32,,48890,248,0,21 22 23,1,70,,48893,248,0,21 22 23,1,30,,48894,248,0,21 22 23,1,70,,48887,248,0,21 22 23,1,30,,48896,248,0,21 22 23,1,70,,48897,248,0,21 22 23,1,30,,48895,248,0,21 22 23,1,70,,48899,248,0,21 22 23,1,33,,48901,248,0,21 22 23,1,70,,48898,248,0,21 22 23,1,30,,48902,248,0,21 22 23,1,66,,48900,248,0,21 22 23,1,20,,48904,248,0,21 22 23,1,20,,48907,248,0,21 22 23,1,60,,48909,248,0,21 22 23,1,20,,48903,248,0,21 22 23,1,18,,48915,248,0,21 22 23,1,58,,48917,248,0,21 22 23,1,18,,48905,248,0,21 22 23,1,18,,48908,248,0,21 22 23,1,18,,48919,248,0,21 22 23,1,60,,48910,248,0,21 22 23,1,20,,48916,248,0,21 22 23,1,20,,48918,248,0,21 22 23,1,60,,48906,248,0,21 22 23,1,18,,48913,248,0,21 22 23,1,70,,48911,248,0,21 22 23,1,32,,48882,248,0,21 22 23,1,71,,48920,248,0,21 22 23,1,29,,48914,248,0,21 22 23,1,70,,48912,248,0,21 22 23,1
