4401,'DI',627,,30200,2177,,,2,101,,30205,2177,,,2,103,,30195,2177,,,2,101,,30198,2177,,,2,96,,30192,2177,,,2,100,,30206,2177,,,2,100,,30193,2177,,,2,100,,30207,2177,,,2,100,,30201,2177,,,2,98,,30208,2177,,,2,104,,30202,2177,,,2,99,,30196,2177,,,2,102,,30194,2177,,,2,97,,30199,2177,,,2,100,,30197,2177,,,2,101,,30203,2177,,,2,99,,30209,2177,,,2,101,,30204,2177,,,2,100,,30210,2177,,,2
4401,'F8',627,,30286,2177,,,2,103,,30288,2177,,,2,98,,30293,2177,,,2,100,,30289,2177,,,2,100,,30294,2177,,,2,100,,30290,2177,,,2,100,,30295,2177,,,2,105,,30291,2177,,,2,100,,30296,2177,,,2,95,,30292,2177,,,2,105,,30297,2177,,,2,100,,30301,2177,,,2,101,,30300,2177,,,2,94,,30298,2177,,,2,100,,30287,2177,,,2,101,,30299,2177,,,2,100,,30304,2177,,,2,98,,30302,2177,,,2,103,,30303,2177,,,2
4401,'F9',627,,30313,2177,,,2,101,,30318,2177,,,2,103,,30308,2177,,,2,101,,30311,2177,,,2,96,,30305,2177,,,2,100,,30319,2177,,,2,100,,30306,2177,,,2,100,,30320,2177,,,2,100,,30314,2177,,,2,98,,30321,2177,,,2,104,,30315,2177,,,2,99,,30309,2177,,,2,102,,30307,2177,,,2,97,,30312,2177,,,2,100,,30310,2177,,,2,101,,30316,2177,,,2,99,,30322,2177,,,2,101,,30317,2177,,,2,100,,30323,2177,,,2
4401,'SA',627,,30324,2177,,,2,103,,30326,2177,,,2,98,,30331,2177,,,2,100,,30327,2177,,,2,100,,30332,2177,,,2,100,,30328,2177,,,2,100,,30333,2177,,,2,105,,30329,2177,,,2,100,,30334,2177,,,2,95,,30330,2177,,,2,105,,30335,2177,,,2,100,,30339,2177,,,2,101,,30338,2177,,,2,94,,30336,2177,,,2,100,,30325,2177,,,2,101,,30337,2177,,,2,100,,30342,2177,,,2,98,,30340,2177,,,2,103,,30341,2177,,,2
4401,'SE',607,,30374,2177,,,2,16,,30355,2177,,,2,15,,30375,2177,,,2,16,,30364,2177,,,2,54,,30358,2177,,,2,11,,30346,2177,,,2,15,,30360,2177,,,2,15,,30359,2177,,,2,10,,30376,2177,,,2,58,,30361,2177,,,2,16,,30377,2177,,,2,94,,30368,2177,,,2,100,,30373,2177,,,2,100,,30343,2177,,,2,101,,30349,2177,,,2,100,,30353,2177,,,2,100,,30350,2177,,,2,100,,30365,2177,,,2,21,,30347,2177,,,2,55,,30366,2177,,,2,18,,30369,2177,,,2,16,,30367,2177,,,2,14,,30362,2177,,,2,52,,30356,2177,,,2,15,,30348,2177,,,2,15,,30363,2177,,,2,16,,30344,2177,,,2,53,,30351,2177,,,2,16,,30357,2177,,,2,19,,30352,2177,,,2,89,,30379,2177,,,2,100,,30378,2177,,,2,100,,30345,2177,,,2,100,,30370,2177,,,2,100,,30354,2177,,,2,100,,30372,2177,,,2,100,,30371,2177,,,2
4701,'DI',654,,30682,3899,,,1,100,,30668,3899,,,1,100,,30670,3899,,,1,100,,30686,3899,,,1,100,,30669,3899,,,1,100,,30674,3899,,,1,100,,30683,3899,,,1,100,,30671,3899,,,1,104,,30672,3899,,,1,91,,30677,3899,,,1,108,,30678,3899,,,1,102,,30673,3899,,,1,95,,30679,3899,,,1,96,,30675,3899,,,1,100,,30680,3899,,,1,99,,30684,3899,,,1,100,,30676,3899,,,1,100,,30681,3899,,,1,100,,30685,3899,,,1
4701,'F8',654,,30784,3899,,,1,103,,30771,3899,,,1,101,,30768,3899,,,1,96,,30775,3899,,,1,96,,30769,3899,,,1,104,,30776,3899,,,1,100,,30772,3899,,,1,100,,30777,3899,,,1,95,,30770,3899,,,1,104,,30773,3899,,,1,100,,30778,3899,,,1,101,,30774,3899,,,1,100,,30779,3899,,,1,96,,30782,3899,,,1,100,,30780,3899,,,1,99,,30781,3899,,,1,100,,30783,3899,,,1,100,,30785,3899,,,1,100,,30786,3899,,,1,100,,30787,3899,,,1
4701,'F9',654,,30802,3899,,,1,100,,30788,3899,,,1,100,,30790,3899,,,1,100,,30806,3899,,,1,100,,30789,3899,,,1,100,,30794,3899,,,1,100,,30803,3899,,,1,100,,30791,3899,,,1,104,,30792,3899,,,1,91,,30797,3899,,,1,108,,30798,3899,,,1,102,,30793,3899,,,1,95,,30799,3899,,,1,96,,30795,3899,,,1,100,,30800,3899,,,1,99,,30804,3899,,,1,100,,30796,3899,,,1,100,,30801,3899,,,1,100,,30805,3899,,,1
4701,'SA',654,,30823,3899,,,1,103,,30810,3899,,,1,101,,30807,3899,,,1,96,,30814,3899,,,1,96,,30808,3899,,,1,104,,30815,3899,,,1,100,,30811,3899,,,1,100,,30816,3899,,,1,95,,30809,3899,,,1,104,,30812,3899,,,1,100,,30817,3899,,,1,101,,30813,3899,,,1,100,,30818,3899,,,1,96,,30821,3899,,,1,100,,30819,3899,,,1,99,,30820,3899,,,1,100,,30822,3899,,,1,100,,30824,3899,,,1,100,,30825,3899,,,1,100,,30826,3899,,,1
4701,'SE',613,,30843,3899,,,1,30,,30841,3899,,,1,60,,30842,3899,,,1,15,,30863,3899,,,1,15,,30844,3899,,,1,15,,30847,3899,,,1,55,,30840,3899,,,1,15,,30836,3899,,,1,18,,30862,3899,,,1,20,,30861,3899,,,1,60,,30845,3899,,,1,20,,30864,3899,,,1,70,,30857,3899,,,1,30,,30838,3899,,,1,70,,30846,3899,,,1,30,,30830,3899,,,1,70,,30860,3899,,,1,30,,30831,3899,,,1,70,,30832,3899,,,1,30,,30848,3899,,,1,70,,30867,3899,,,1,30,,30858,3899,,,1,70,,30833,3899,,,1,31,,30839,3899,,,1,71,,30851,3899,,,1,33,,30827,3899,,,1,72,,30849,3899,,,1,18,,30852,3899,,,1,27,,30855,3899,,,1,70,,30850,3899,,,1,30,,30859,3899,,,1,72,,30853,3899,,,1,23,,30865,3899,,,1,70,,30834,3899,,,1,30,,30866,3899,,,1,69,,30829,3899,,,1,30,,30837,3899,,,1,70,,30854,3899,,,1,100,,30828,3899,,,1,100,,30856,3899,,,1,100,,30835,3899,,,1
64401,'SE',849,,40809,2405,,,2,1,,40808,2405,,,2,1,,40807,2405,,,2
69101,'SE',841,,40929,2405,,,2,1,,40928,2405,,,2,5,,40929,4437,,,2,1,,40928,4437,,,2
