1901,'DI',541,,25993,1847,,,2,100,,25994,1847,,,2,100,,25995,1847,,,2,100,,25996,1847,,,2,104,,25997,1847,,,2,100,,25998,1847,,,2,100,,25999,1847,,,2,100,,26000,1847,,,2,100,,26001,1847,,,2,100,,26002,1847,,,2,100,,26003,1847,,,2,100,,26004,1847,,,2,100,,26005,1847,,,2,100,,26006,1847,,,2,100,,26007,1847,,,2,100,,26008,1847,,,2,100,,26009,1847,,,2,100,,26010,1847,,,2,100,,26011,1847,,,2,100,,26012,1847,,,2,100,,25992,1847,,,2
1901,'F1',541,,45266,1847,,,2,100,,45267,1847,,,2,100,,45268,1847,,,2,100,,45269,1847,,,2,104,,45270,1847,,,2,100,,45271,1847,,,2,100,,45272,1847,,,2,100,,45273,1847,,,2,100,,45274,1847,,,2,100,,45275,1847,,,2,100,,45276,1847,,,2,100,,45277,1847,,,2,100,,45278,1847,,,2,100,,45279,1847,,,2,100,,45280,1847,,,2,100,,45281,1847,,,2,100,,45282,1847,,,2,100,,45283,1847,,,2,100,,45284,1847,,,2,100,,45285,1847,,,2,100,,45265,1847,,,2
1901,'F2',541,,45286,1847,,,2,70,,45296,1847,,,2,30,,45287,1847,,,2,70,,45297,1847,,,2,30,,45288,1847,,,2,70,,45298,1847,,,2,30,,45289,1847,,,2,70,,45299,1847,,,2,34,,45290,1847,,,2,70,,45300,1847,,,2,30,,45291,1847,,,2,70,,45301,1847,,,2,30,,45292,1847,,,2,70,,45313,1847,,,2,30,,45293,1847,,,2,70,,45314,1847,,,2,30,,45294,1847,,,2,70,,45315,1847,,,2,30,,45295,1847,,,2,70,,45316,1847,,,2,30,,45302,1847,,,2,70,,45317,1847,,,2,30,,45303,1847,,,2,70,,45318,1847,,,2,30,,45304,1847,,,2,70,,45319,1847,,,2,30,,45305,1847,,,2,100,,45306,1847,,,2,100,,45307,1847,,,2,100,,45308,1847,,,2,100,,45309,1847,,,2,100,,45310,1847,,,2,100,,45311,1847,,,2,100,,45312,1847,,,2
1901,'F8',541,,26123,1847,,,2,70,,26133,1847,,,2,30,,26124,1847,,,2,70,,26134,1847,,,2,30,,26125,1847,,,2,70,,26135,1847,,,2,30,,26126,1847,,,2,70,,26136,1847,,,2,34,,26127,1847,,,2,70,,26137,1847,,,2,30,,26128,1847,,,2,70,,26138,1847,,,2,30,,26129,1847,,,2,70,,26150,1847,,,2,30,,26130,1847,,,2,70,,26151,1847,,,2,30,,26131,1847,,,2,70,,26152,1847,,,2,30,,26132,1847,,,2,70,,26153,1847,,,2,30,,26139,1847,,,2,70,,26154,1847,,,2,30,,26140,1847,,,2,70,,26155,1847,,,2,30,,26141,1847,,,2,70,,26156,1847,,,2,30,,26142,1847,,,2,100,,26143,1847,,,2,100,,26144,1847,,,2,100,,26145,1847,,,2,100,,26146,1847,,,2,100,,26147,1847,,,2,100,,26148,1847,,,2,100,,26149,1847,,,2
1901,'F9',541,,26158,1847,,,2,100,,26159,1847,,,2,100,,26160,1847,,,2,100,,26161,1847,,,2,104,,26162,1847,,,2,100,,26163,1847,,,2,100,,26164,1847,,,2,100,,26165,1847,,,2,100,,26166,1847,,,2,100,,26167,1847,,,2,100,,26168,1847,,,2,100,,26169,1847,,,2,100,,26170,1847,,,2,100,,26171,1847,,,2,100,,26172,1847,,,2,100,,26173,1847,,,2,100,,26174,1847,,,2,100,,26175,1847,,,2,100,,26176,1847,,,2,100,,26177,1847,,,2,100,,26157,1847,,,2
1901,'SA',541,,26178,1847,,,2,70,,26188,1847,,,2,30,,26179,1847,,,2,70,,26189,1847,,,2,30,,26180,1847,,,2,70,,26190,1847,,,2,30,,26181,1847,,,2,70,,26191,1847,,,2,34,,26182,1847,,,2,70,,26192,1847,,,2,30,,26183,1847,,,2,70,,26193,1847,,,2,30,,26184,1847,,,2,70,,26205,1847,,,2,30,,26185,1847,,,2,70,,26206,1847,,,2,30,,26186,1847,,,2,70,,26207,1847,,,2,30,,26187,1847,,,2,70,,26208,1847,,,2,30,,26194,1847,,,2,70,,26209,1847,,,2,30,,26195,1847,,,2,70,,26210,1847,,,2,30,,26196,1847,,,2,70,,26211,1847,,,2,30,,26197,1847,,,2,100,,26198,1847,,,2,100,,26199,1847,,,2,100,,26200,1847,,,2,100,,26201,1847,,,2,100,,26202,1847,,,2,100,,26203,1847,,,2,100,,26204,1847,,,2
1901,'SE',459,,45320,1847,,,2,75,,45337,1847,,,2,70,,45358,1847,,,2,23,,45348,1847,,,2,14,,45354,1847,,,2,15,,45347,1847,,,2,52,,45355,1847,,,2,12,,45351,1847,,,2,12,,45349,1847,,,2,12,,45350,1847,,,2,15,,45352,1847,,,2,61,,45353,1847,,,2,20,,45346,1847,,,2,72,,45341,1847,,,2,34,,45328,1847,,,2,70,,45342,1847,,,2,30,,45329,1847,,,2,70,,45343,1847,,,2,30,,45330,1847,,,2,70,,45344,1847,,,2,30,,45331,1847,,,2,70,,45338,1847,,,2,30,,45332,1847,,,2,72,,45339,1847,,,2,30,,45363,1847,,,2,70,,45365,1847,,,2,29,,45357,1847,,,2,61,,45356,1847,,,2,23,,45359,1847,,,2,20,,45364,1847,,,2,61,,45361,1847,,,2,18,,45362,1847,,,2,17,,45360,1847,,,2,61,,45366,1847,,,2,19,,45345,1847,,,2,24,,45340,1847,,,2,65,,45333,1847,,,2,30,,45321,1847,,,2,70,,45334,1847,,,2,30,,45322,1847,,,2,70,,45335,1847,,,2,29,,45323,1847,,,2,70,,45336,1847,,,2,30,,45324,1847,,,2,100,,45325,1847,,,2,100,,45326,1847,,,2,100,,45327,1847,,,2
4201,'DI',545,,29629,3299,,,1,100,,29630,3299,,,1,100,,29631,3299,,,1,100,,29632,3299,,,1,100,,29633,3299,,,1,100,,29634,3299,,,1,100,,29635,3299,,,1,100,,29636,3299,,,1,100,,29637,3299,,,1,100,,29638,3299,,,1,100,,29639,3299,,,1,100,,29640,3299,,,1,100,,29641,3299,,,1,100,,29642,3299,,,1,100,,29643,3299,,,1,100,,29644,3299,,,1,100,,29645,3299,,,1,100,,29646,3299,,,1,100,,29647,3299,,,1,100,,29648,3299,,,1
4201,'F1',545,,46724,3299,,,1,100,,46725,3299,,,1,100,,46726,3299,,,1,100,,46727,3299,,,1,100,,46728,3299,,,1,100,,46729,3299,,,1,100,,46730,3299,,,1,100,,46731,3299,,,1,100,,46732,3299,,,1,100,,46733,3299,,,1,100,,46734,3299,,,1,100,,46735,3299,,,1,100,,46736,3299,,,1,100,,46737,3299,,,1,100,,46738,3299,,,1,100,,46739,3299,,,1,100,,46740,3299,,,1,100,,46741,3299,,,1,100,,46742,3299,,,1,100,,46743,3299,,,1
4201,'F2',545,,46760,3299,,,1,100,,46761,3299,,,1,100,,46762,3299,,,1,100,,46763,3299,,,1,100,,46744,3299,,,1,100,,46745,3299,,,1,100,,46746,3299,,,1,100,,46747,3299,,,1,100,,46748,3299,,,1,100,,46749,3299,,,1,100,,46750,3299,,,1,100,,46751,3299,,,1,100,,46752,3299,,,1,100,,46753,3299,,,1,100,,46754,3299,,,1,100,,46755,3299,,,1,100,,46756,3299,,,1,100,,46757,3299,,,1,100,,46758,3299,,,1,100,,46759,3299,,,1
4201,'F8',545,,29751,3299,,,1,100,,29752,3299,,,1,100,,29753,3299,,,1,100,,29754,3299,,,1,100,,29735,3299,,,1,100,,29736,3299,,,1,100,,29737,3299,,,1,100,,29738,3299,,,1,100,,29739,3299,,,1,100,,29740,3299,,,1,100,,29741,3299,,,1,100,,29742,3299,,,1,100,,29743,3299,,,1,100,,29744,3299,,,1,100,,29745,3299,,,1,100,,29746,3299,,,1,100,,29747,3299,,,1,100,,29748,3299,,,1,100,,29749,3299,,,1,100,,29750,3299,,,1
4201,'F9',545,,29755,3299,,,1,100,,29756,3299,,,1,100,,29757,3299,,,1,100,,29758,3299,,,1,100,,29759,3299,,,1,100,,29760,3299,,,1,100,,29761,3299,,,1,100,,29762,3299,,,1,100,,29763,3299,,,1,100,,29764,3299,,,1,100,,29765,3299,,,1,100,,29766,3299,,,1,100,,29767,3299,,,1,100,,29768,3299,,,1,100,,29769,3299,,,1,100,,29770,3299,,,1,100,,29771,3299,,,1,100,,29772,3299,,,1,100,,29773,3299,,,1,100,,29774,3299,,,1
4201,'SA',545,,29791,3299,,,1,100,,29792,3299,,,1,100,,29793,3299,,,1,100,,29794,3299,,,1,100,,29775,3299,,,1,100,,29776,3299,,,1,100,,29777,3299,,,1,100,,29778,3299,,,1,100,,29779,3299,,,1,100,,29780,3299,,,1,100,,29781,3299,,,1,100,,29782,3299,,,1,100,,29783,3299,,,1,100,,29784,3299,,,1,100,,29785,3299,,,1,100,,29786,3299,,,1,100,,29787,3299,,,1,100,,29788,3299,,,1,100,,29789,3299,,,1,100,,29790,3299,,,1
4201,'SE',514,,46775,3299,,,1,20,,46769,3299,,,1,70,,46766,3299,,,1,21,,46809,3299,,,1,14,,46797,3299,,,1,14,,46781,3299,,,1,54,,46767,3299,,,1,14,,46784,3299,,,1,14,,46803,3299,,,1,14,,46777,3299,,,1,63,,46778,3299,,,1,34,,46782,3299,,,1,78,,46776,3299,,,1,30,,46783,3299,,,1,70,,46779,3299,,,1,30,,46785,3299,,,1,70,,46801,3299,,,1,30,,46765,3299,,,1,70,,46800,3299,,,1,30,,46768,3299,,,1,70,,46802,3299,,,1,30,,46786,3299,,,1,70,,46780,3299,,,1,30,,46774,3299,,,1,4,,46772,3299,,,1,42,,46771,3299,,,1,2,,46798,3299,,,1,22,,46788,3299,,,1,30,,46791,3299,,,1,70,,46787,3299,,,1,28,,46804,3299,,,1,64,,46799,3299,,,1,17,,46770,3299,,,1,67,,46805,3299,,,1,29,,46764,3299,,,1,26,,46792,3299,,,1,75,,46806,3299,,,1,70,,46793,3299,,,1,30,,46807,3299,,,1,70,,46794,3299,,,1,29,,46808,3299,,,1,30,,46795,3299,,,1,70,,46773,3299,,,1,30,,46796,3299,,,1,90,,46789,3299,,,1,100,,46790,3299,,,1
6001,'SE',549,,47776,4671,,,1,62,,47780,4671,,,1,21,,47773,4671,,,1,68,,47765,4671,,,1,28,,47777,4671,,,1,28,,47768,4671,,,1,66,,47755,4671,,,1,14,,47778,4671,,,1,73,,47771,4671,,,1,100,,47766,4671,,,1,100,,47760,4671,,,1,100,,47772,4671,,,1,101,,47764,4671,,,1,100,,47762,4671,,,1,101,,47779,4671,,,1,99,,47769,4671,,,1,30,,47761,4671,,,1,67,,47774,4671,,,1,24,,47756,4671,,,1,27,,47767,4671,,,1,69,,47770,4671,,,1,30,,47757,4671,,,1,88,,47775,4671,,,1,100,,47754,4671,,,1,100,,47758,4671,,,1,100,,47763,4671,,,1,95,,47759,4671,,,1
16001,'DI',606,,38498,11065,,,1,99,,38493,11065,,,1,100,,38499,11065,,,1,100,,38502,11065,,,1,100,,38505,11065,,,1,100,,38500,11065,,,1,100,,38506,11065,,,1,100,,38497,11065,,,1,100,,38507,11065,,,1,100,,38495,11065,,,1,100,,38492,11065,,,1,100,,38503,11065,,,1,100,,38501,11065,,,1,100,,38508,11065,,,1,100,,38504,11065,,,1,103,,38496,11065,,,1,97,,38494,11065,,,1
16001,'F1',606,,50267,11065,,,1,99,,50262,11065,,,1,100,,50268,11065,,,1,100,,50271,11065,,,1,100,,50274,11065,,,1,100,,50269,11065,,,1,100,,50275,11065,,,1,100,,50266,11065,,,1,100,,50276,11065,,,1,100,,50264,11065,,,1,100,,50261,11065,,,1,100,,50272,11065,,,1,100,,50270,11065,,,1,100,,50277,11065,,,1,100,,50273,11065,,,1,103,,50265,11065,,,1,97,,50263,11065,,,1
16001,'F2',607,,50286,11065,,,1,99,,50284,11065,,,1,99,,50282,11065,,,1,100,,50287,11065,,,1,99,,50281,11065,,,1,101,,50278,11065,,,1,100,,50285,11065,,,1,100,,50291,11065,,,1,100,,50279,11065,,,1,100,,50283,11065,,,1,100,,50292,11065,,,1,100,,50288,11065,,,1,100,,50280,11065,,,1,101,,50293,11065,,,1,99,,50289,11065,,,1,103,,50294,11065,,,1,97,,50290,11065,,,1
16001,'F8',607,,38572,11065,,,1,99,,38570,11065,,,1,99,,38568,11065,,,1,100,,38573,11065,,,1,99,,38567,11065,,,1,101,,38564,11065,,,1,100,,38571,11065,,,1,100,,38577,11065,,,1,100,,38565,11065,,,1,100,,38569,11065,,,1,100,,38578,11065,,,1,100,,38574,11065,,,1,100,,38566,11065,,,1,101,,38579,11065,,,1,99,,38575,11065,,,1,103,,38580,11065,,,1,97,,38576,11065,,,1
16001,'F9',606,,38587,11065,,,1,99,,38582,11065,,,1,100,,38588,11065,,,1,100,,38591,11065,,,1,100,,38594,11065,,,1,100,,38589,11065,,,1,100,,38595,11065,,,1,100,,38586,11065,,,1,100,,38596,11065,,,1,100,,38584,11065,,,1,100,,38581,11065,,,1,100,,38592,11065,,,1,100,,38590,11065,,,1,100,,38597,11065,,,1,100,,38593,11065,,,1,103,,38585,11065,,,1,97,,38583,11065,,,1
16001,'SA',607,,38606,11065,,,1,99,,38604,11065,,,1,99,,38602,11065,,,1,100,,16801,11065,,,1,99,,38601,11065,,,1,101,,38598,11065,,,1,100,,38605,11065,,,1,100,,38609,11065,,,1,100,,38599,11065,,,1,100,,38603,11065,,,1,100,,38610,11065,,,1,100,,16802,11065,,,1,100,,38600,11065,,,1,101,,38611,11065,,,1,99,,38607,11065,,,1,103,,38612,11065,,,1,97,,38608,11065,,,1
16001,'SE',619,,50303,11065,,,1,28,,50315,11065,,,1,68,,50297,11065,,,1,28,,50305,11065,,,1,63,,50309,11065,,,1,23,,50319,11065,,,1,28,,50307,11065,,,1,83,,50310,11065,,,1,98,,50308,11065,,,1,93,,50298,11065,,,1,100,,50299,11065,,,1,100,,50300,11065,,,1,100,,50311,11065,,,1,99,,50306,11065,,,1,92,,50313,11065,,,1,97,,50295,11065,,,1,30,,50312,11065,,,1,67,,50314,11065,,,1,25,,50316,11065,,,1,66,,50304,11065,,,1,99,,50301,11065,,,1,100,,50296,11065,,,1,101,,50302,11065,,,1,100,,50318,11065,,,1,50,,50317,11065,,,1
