3301,'DI',634,,56888,2104,,,2,100,,56889,2104,,,2,100,,56890,2104,,,2,100,,56891,2104,,,2,100,,56892,2104,,,2,100,,56893,2104,,,2,100,,56894,2104,,,2,100,,56895,2104,,,2,100,,56896,2104,,,2,101,,56897,2104,,,2,100,,56898,2104,,,2,99,,56899,2104,,,2,100,,56900,2104,,,2,100,,56901,2104,,,2,100,,56902,2104,,,2,100,,56903,2104,,,2,100,,56904,2104,,,2,100,,56905,2104,,,2,100,,56906,2104,,,2
3301,'F1',634,,56907,2104,,,2,100,,56908,2104,,,2,100,,56909,2104,,,2,100,,56910,2104,,,2,100,,56911,2104,,,2,100,,56912,2104,,,2,100,,56913,2104,,,2,100,,56914,2104,,,2,100,,56915,2104,,,2,101,,56916,2104,,,2,100,,56917,2104,,,2,99,,56918,2104,,,2,100,,56919,2104,,,2,100,,56920,2104,,,2,100,,56921,2104,,,2,100,,56922,2104,,,2,100,,56923,2104,,,2,100,,56924,2104,,,2,100,,56925,2104,,,2
3301,'F2',634,,56926,2104,,,2,100,,56927,2104,,,2,100,,56928,2104,,,2,100,,56929,2104,,,2,100,,56930,2104,,,2,100,,56931,2104,,,2,100,,56932,2104,,,2,100,,56933,2104,,,2,100,,56934,2104,,,2,101,,56935,2104,,,2,100,,56936,2104,,,2,99,,56937,2104,,,2,100,,56938,2104,,,2,100,,56939,2104,,,2,100,,56940,2104,,,2,100,,56941,2104,,,2,100,,56942,2104,,,2,100,,56943,2104,,,2,100,,56944,2104,,,2
3301,'SA',634,,56945,2104,,,2,100,,56946,2104,,,2,100,,56947,2104,,,2,100,,56948,2104,,,2,100,,56949,2104,,,2,100,,56950,2104,,,2,100,,56951,2104,,,2,100,,56952,2104,,,2,100,,56953,2104,,,2,101,,56954,2104,,,2,100,,56955,2104,,,2,99,,56956,2104,,,2,100,,56957,2104,,,2,100,,56958,2104,,,2,100,,56959,2104,,,2,100,,56960,2104,,,2,100,,56961,2104,,,2,100,,56962,2104,,,2,100,,56963,2104,,,2
3301,'SE',534,,56967,2104,,,2,70,,56984,2104,,,2,30,,56964,2104,,,2,15,,57000,2104,,,2,55,,56968,2104,,,2,13,,56998,2104,,,2,17,,56973,2104,,,2,15,,57003,2104,,,2,55,,56969,2104,,,2,15,,56991,2104,,,2,15,,56974,2104,,,2,70,,56975,2104,,,2,30,,56970,2104,,,2,70,,57002,2104,,,2,30,,56971,2104,,,2,70,,56976,2104,,,2,30,,56972,2104,,,2,70,,56977,2104,,,2,30,,56986,2104,,,2,70,,56993,2104,,,2,30,,56992,2104,,,2,70,,57004,2104,,,2,30,,56999,2104,,,2,71,,56994,2104,,,2,30,,56965,2104,,,2,69,,56985,2104,,,2,31,,56966,2104,,,2,69,,56978,2104,,,2,30,,56979,2104,,,2,70,,57001,2104,,,2,30,,56990,2104,,,2,81,,56980,2104,,,2,30,,56996,2104,,,2,70,,56981,2104,,,2,27,,56997,2104,,,2,70,,56982,2104,,,2,30,,56995,2104,,,2,70,,56983,2104,,,2,100,,56987,2104,,,2,100,,56988,2104,,,2,100,,56989,2104,,,2
4400,'DI',609,,57518,5175,,,2,100,,57519,5175,,,2,100,,57515,5175,,,2,100,,57503,5175,,,2,100,,57512,5175,,,2,100,,57504,5175,,,2,100,,57513,5175,,,2,100,,57501,5175,,,2,100,,57516,5175,,,2,100,,57514,5175,,,2,100,,57505,5175,,,2,100,,57517,5175,,,2,100,,57502,5175,,,2,100,,57506,5175,,,2,100,,57507,5175,,,2,100,,57508,5175,,,2,100,,57509,5175,,,2,100,,57510,5175,,,2,100,,57511,5175,,,2
4400,'F1',609,,57537,5175,,,2,100,,57538,5175,,,2,100,,57534,5175,,,2,100,,57522,5175,,,2,100,,57531,5175,,,2,100,,57523,5175,,,2,100,,57532,5175,,,2,100,,57520,5175,,,2,100,,57535,5175,,,2,100,,57533,5175,,,2,100,,57524,5175,,,2,100,,57536,5175,,,2,100,,57521,5175,,,2,100,,57525,5175,,,2,100,,57526,5175,,,2,100,,57527,5175,,,2,100,,57528,5175,,,2,100,,57529,5175,,,2,100,,57530,5175,,,2
4400,'F2',609,,57554,5175,,,2,100,,57555,5175,,,2,100,,57557,5175,,,2,100,,57553,5175,,,2,100,,57546,5175,,,2,100,,57544,5175,,,2,100,,57540,5175,,,2,100,,57556,5175,,,2,100,,57542,5175,,,2,100,,57541,5175,,,2,100,,57539,5175,,,2,100,,57545,5175,,,2,100,,57543,5175,,,2,100,,57547,5175,,,2,100,,57548,5175,,,2,100,,57549,5175,,,2,100,,57550,5175,,,2,100,,57551,5175,,,2,100,,57552,5175,,,2
4400,'SA',609,,57573,5175,,,2,100,,57574,5175,,,2,100,,57576,5175,,,2,100,,57572,5175,,,2,100,,57565,5175,,,2,100,,57563,5175,,,2,100,,57559,5175,,,2,100,,57575,5175,,,2,100,,57561,5175,,,2,100,,57560,5175,,,2,100,,57558,5175,,,2,100,,57564,5175,,,2,100,,57562,5175,,,2,100,,57566,5175,,,2,100,,57567,5175,,,2,100,,57568,5175,,,2,100,,57569,5175,,,2,100,,57570,5175,,,2,100,,57571,5175,,,2
4400,'SE',614,,57578,5175,,,2,30,,57583,5175,,,2,15,,57581,5175,,,2,56,,57579,5175,,,2,13,,57617,5175,,,2,15,,57584,5175,,,2,15,,57582,5175,,,2,55,,57577,5175,,,2,15,,57580,5175,,,2,15,,57611,5175,,,2,16,,57610,5175,,,2,54,,57618,5175,,,2,30,,57585,5175,,,2,70,,57587,5175,,,2,30,,57586,5175,,,2,70,,57588,5175,,,2,30,,57590,5175,,,2,70,,57589,5175,,,2,30,,57591,5175,,,2,70,,57595,5175,,,2,30,,57592,5175,,,2,70,,57596,5175,,,2,30,,57593,5175,,,2,70,,57620,5175,,,2,30,,57612,5175,,,2,15,,57622,5175,,,2,55,,57619,5175,,,2,14,,57597,5175,,,2,17,,57621,5175,,,2,13,,57602,5175,,,2,55,,57604,5175,,,2,15,,57603,5175,,,2,15,,57594,5175,,,2,15,,57616,5175,,,2,55,,57609,5175,,,2,15,,57608,5175,,,2,15,,57598,5175,,,2,70,,57605,5175,,,2,32,,57599,5175,,,2,70,,57606,5175,,,2,30,,57600,5175,,,2,71,,57607,5175,,,2,30,,57601,5175,,,2,100,,57613,5175,,,2,100,,57614,5175,,,2,100,,57615,5175,,,2
64400,'SE',1612,,63510,2665,,,2,1,,63509,2665,,,2,1,,63511,2665,,,2
69100,'SE',1616,,63573,1972,,,2,1,,63574,1972,,,2
