601,'DI',621,,53163,7922,,,1,30,,53166,7922,,,1,70,,53167,7922,,,1,30,,53172,7922,,,1,70,,53164,7922,,,1,30,,53179,7922,,,1,70,,53185,7922,,,1,30,,53159,7922,,,1,74,,53173,7922,,,1,30,,53189,7922,,,1,70,,53168,7922,,,1,30,,53165,7922,,,1,70,,53160,7922,,,1,33,,53186,7922,,,1,70,,53181,7922,,,1,30,,53180,7922,,,1,70,,53158,7922,,,1,30,,53176,7922,,,1,70,,53187,7922,,,1,30,,53161,7922,,,1,70,,53170,7922,,,1,30,,53174,7922,,,1,70,,53177,7922,,,1,28,,53171,7922,,,1,70,,53175,7922,,,1,30,,53183,7922,,,1,100,,53178,7922,,,1,100,,53169,7922,,,1,100,,53182,7922,,,1,100,,53162,7922,,,1,100,,53188,7922,,,1,100,,53184,7922,,,1
601,'F1',621,,53195,7922,,,1,30,,53198,7922,,,1,70,,53199,7922,,,1,30,,53204,7922,,,1,70,,53196,7922,,,1,30,,53211,7922,,,1,70,,53217,7922,,,1,30,,53191,7922,,,1,74,,53205,7922,,,1,30,,53221,7922,,,1,70,,53200,7922,,,1,30,,53197,7922,,,1,70,,53192,7922,,,1,33,,53218,7922,,,1,70,,53213,7922,,,1,30,,53212,7922,,,1,70,,53190,7922,,,1,30,,53208,7922,,,1,70,,53219,7922,,,1,30,,53193,7922,,,1,70,,53202,7922,,,1,30,,53206,7922,,,1,70,,53209,7922,,,1,28,,53203,7922,,,1,70,,53207,7922,,,1,30,,53215,7922,,,1,100,,53210,7922,,,1,100,,53201,7922,,,1,100,,53214,7922,,,1,100,,53194,7922,,,1,100,,53220,7922,,,1,100,,53216,7922,,,1
601,'F2',621,,53228,7922,,,1,30,,53225,7922,,,1,70,,53247,7922,,,1,30,,53230,7922,,,1,70,,53241,7922,,,1,30,,53226,7922,,,1,74,,53242,7922,,,1,26,,53231,7922,,,1,76,,53223,7922,,,1,23,,53224,7922,,,1,75,,53249,7922,,,1,26,,53232,7922,,,1,70,,53237,7922,,,1,38,,53233,7922,,,1,70,,53238,7922,,,1,29,,53245,7922,,,1,70,,53234,7922,,,1,30,,53250,7922,,,1,70,,53246,7922,,,1,30,,53235,7922,,,1,70,,53243,7922,,,1,30,,53239,7922,,,1,70,,53236,7922,,,1,28,,53229,7922,,,1,70,,53240,7922,,,1,30,,53244,7922,,,1,100,,44001,7922,,,1,100,,53222,7922,,,1,100,,53227,7922,,,1,100,,53248,7922,,,1,100,,53251,7922,,,1,100,,43999,7922,,,1
601,'SA',621,,53258,7922,,,1,30,,53255,7922,,,1,70,,53277,7922,,,1,30,,53260,7922,,,1,70,,53271,7922,,,1,30,,53256,7922,,,1,74,,53272,7922,,,1,26,,53261,7922,,,1,76,,53253,7922,,,1,23,,53254,7922,,,1,75,,53279,7922,,,1,26,,53262,7922,,,1,70,,53267,7922,,,1,38,,53263,7922,,,1,70,,53268,7922,,,1,29,,53275,7922,,,1,70,,53264,7922,,,1,30,,53280,7922,,,1,70,,53276,7922,,,1,30,,53265,7922,,,1,70,,53273,7922,,,1,30,,53269,7922,,,1,70,,53266,7922,,,1,28,,53259,7922,,,1,70,,53270,7922,,,1,30,,53274,7922,,,1,100,,22739,7922,,,1,100,,53252,7922,,,1,100,,53257,7922,,,1,100,,53278,7922,,,1,100,,53281,7922,,,1,100,,22737,7922,,,1
601,'SE',536,,53290,7922,,,1,70,,53289,7922,,,1,32,,53305,7922,,,1,71,,53311,7922,,,1,25,,53294,7922,,,1,77,,53282,7922,,,1,29,,53292,7922,,,1,72,,53295,7922,,,1,28,,53298,7922,,,1,70,,53306,7922,,,1,30,,53291,7922,,,1,70,,53304,7922,,,1,30,,53288,7922,,,1,70,,53296,7922,,,1,30,,53284,7922,,,1,70,,53315,7922,,,1,30,,53316,7922,,,1,70,,53310,7922,,,1,30,,53308,7922,,,1,72,,53285,7922,,,1,30,,53301,7922,,,1,66,,53302,7922,,,1,38,,53299,7922,,,1,66,,53309,7922,,,1,31,,53312,7922,,,1,65,,53314,7922,,,1,31,,53317,7922,,,1,70,,53297,7922,,,1,28,,53318,7922,,,1,70,,53293,7922,,,1,30,,53300,7922,,,1,70,,53313,7922,,,1,30,,53307,7922,,,1,70,,53286,7922,,,1,98,,53283,7922,,,1,100,,53287,7922,,,1,100,,53303,7922,,,1
1301,'DI',640,,54120,8974,,,1,100,,54114,8974,,,1,100,,54121,8974,,,1,100,,54117,8974,,,1,100,,54131,8974,,,1,100,,54122,8974,,,1,100,,54118,8974,,,1,100,,54125,8974,,,1,100,,54132,8974,,,1,100,,54123,8974,,,1,100,,54115,8974,,,1,100,,54130,8974,,,1,100,,54127,8974,,,1,100,,54116,8974,,,1,100,,54119,8974,,,1,100,,54128,8974,,,1,100,,54126,8974,,,1,100,,54124,8974,,,1,100,,54133,8974,,,1,100,,54129,8974,,,1
1301,'F1',640,,54140,8974,,,1,100,,54134,8974,,,1,100,,54141,8974,,,1,100,,54137,8974,,,1,100,,54151,8974,,,1,100,,54142,8974,,,1,100,,54138,8974,,,1,100,,54145,8974,,,1,100,,54152,8974,,,1,100,,54143,8974,,,1,100,,54135,8974,,,1,100,,54150,8974,,,1,100,,54147,8974,,,1,100,,54136,8974,,,1,100,,54139,8974,,,1,100,,54148,8974,,,1,100,,54146,8974,,,1,100,,54144,8974,,,1,100,,54153,8974,,,1,100,,54149,8974,,,1
1301,'F2',640,,54154,8974,,,1,100,,54164,8974,,,1,100,,54155,8974,,,1,100,,54165,8974,,,1,100,,54166,8974,,,1,100,,54172,8974,,,1,100,,54167,8974,,,1,100,,54158,8974,,,1,100,,54160,8974,,,1,100,,54173,8974,,,1,100,,54157,8974,,,1,100,,54168,8974,,,1,100,,54161,8974,,,1,100,,54156,8974,,,1,100,,54159,8974,,,1,100,,54169,8974,,,1,100,,54162,8974,,,1,100,,54170,8974,,,1,100,,54163,8974,,,1,100,,54171,8974,,,1
1301,'SA',640,,54174,8974,,,1,100,,54184,8974,,,1,100,,54175,8974,,,1,100,,54185,8974,,,1,100,,54186,8974,,,1,100,,54192,8974,,,1,100,,54187,8974,,,1,100,,54178,8974,,,1,100,,54180,8974,,,1,100,,54193,8974,,,1,100,,54177,8974,,,1,100,,54188,8974,,,1,100,,54181,8974,,,1,100,,54176,8974,,,1,100,,54179,8974,,,1,100,,54189,8974,,,1,100,,54182,8974,,,1,100,,54190,8974,,,1,100,,54183,8974,,,1,100,,54191,8974,,,1
1301,'SE',548,,54207,8974,,,1,72,,54199,8974,,,1,31,,54200,8974,,,1,58,,54204,8974,,,1,14,,44597,8974,,,1,13,,54212,8974,,,1,14,,54196,8974,,,1,62,,54210,8974,,,1,12,,54217,8974,,,1,13,,44598,8974,,,1,15,,54226,8974,,,1,55,,54213,8974,,,1,20,,54221,8974,,,1,28,,54233,8974,,,1,70,,54194,8974,,,1,30,,54231,8974,,,1,70,,54215,8974,,,1,30,,54216,8974,,,1,70,,54222,8974,,,1,31,,54208,8974,,,1,70,,54234,8974,,,1,30,,54195,8974,,,1,70,,54232,8974,,,1,30,,54223,8974,,,1,69,,54218,8974,,,1,75,,54203,8974,,,1,29,,54209,8974,,,1,27,,54197,8974,,,1,55,,54229,8974,,,1,20,,54211,8974,,,1,22,,54227,8974,,,1,58,,54201,8974,,,1,19,,54205,8974,,,1,29,,54228,8974,,,1,68,,54219,8974,,,1,30,,54230,8974,,,1,70,,54198,8974,,,1,30,,54224,8974,,,1,70,,54225,8974,,,1,29,,54214,8974,,,1,100,,54220,8974,,,1,100,,54202,8974,,,1,100,,54206,8974,,,1,97,,44602,8974,,,1
1401,'SE',612,,54266,14722,,,1,35,,54252,14722,,,1,60,,54259,14722,,,1,20,,54263,14722,,,1,21,,54255,14722,,,1,60,,54254,14722,,,1,21,,54253,14722,,,1,20,,54256,14722,,,1,56,,54262,14722,,,1,25,,54261,14722,,,1,687,,54258,14722,,,1,35,,54265,14722,,,1,69,,54257,14722,,,1,28,,54264,14722,,,1,70,,54251,14722,,,1,30,,54260,14722,,,1
1501,'DI',709,,54376,10016,,,1,100,,54388,10016,,,1,100,,54385,10016,,,1,100,,54391,10016,,,1,101,,54384,10016,,,1,100,,54377,10016,,,1,100,,54387,10016,,,1,100,,54389,10016,,,1,100,,54379,10016,,,1,100,,54392,10016,,,1,100,,54382,10016,,,1,100,,54386,10016,,,1,100,,54380,10016,,,1,97,,54394,10016,,,1,100,,54393,10016,,,1,100,,54383,10016,,,1,100,,54378,10016,,,1,100,,54390,10016,,,1,100,,54381,10016,,,1
1501,'F1',709,,54395,10016,,,1,100,,54407,10016,,,1,100,,54404,10016,,,1,100,,54410,10016,,,1,101,,54403,10016,,,1,100,,54396,10016,,,1,100,,54406,10016,,,1,100,,54408,10016,,,1,100,,54398,10016,,,1,100,,54411,10016,,,1,100,,54401,10016,,,1,100,,54405,10016,,,1,100,,54399,10016,,,1,97,,54413,10016,,,1,100,,54412,10016,,,1,100,,54402,10016,,,1,100,,54397,10016,,,1,100,,54409,10016,,,1,100,,54400,10016,,,1
1501,'F2',708,,54426,10016,,,1,100,,54414,10016,,,1,100,,54419,10016,,,1,100,,54417,10016,,,1,100,,54429,10016,,,1,100,,44764,10016,,,1,100,,54422,10016,,,1,101,,54427,10016,,,1,100,,54424,10016,,,1,102,,54418,10016,,,1,98,,54430,10016,,,1,100,,54420,10016,,,1,100,,54423,10016,,,1,99,,54416,10016,,,1,100,,54425,10016,,,1,100,,54421,10016,,,1,100,,54415,10016,,,1,100,,44782,10016,,,1,100,,54428,10016,,,1
1501,'SA',708,,54443,10016,,,1,100,,54431,10016,,,1,100,,54436,10016,,,1,100,,54434,10016,,,1,100,,54446,10016,,,1,100,,24687,10016,,,1,100,,54439,10016,,,1,101,,54444,10016,,,1,100,,54441,10016,,,1,102,,54435,10016,,,1,98,,54447,10016,,,1,100,,54437,10016,,,1,100,,54440,10016,,,1,99,,54433,10016,,,1,100,,54442,10016,,,1,100,,54438,10016,,,1,100,,54432,10016,,,1,100,,24705,10016,,,1,100,,54445,10016,,,1
1501,'SE',533,,54449,10016,,,1,86,,54456,10016,,,1,31,,54450,10016,,,1,73,,54453,10016,,,1,21,,54484,10016,,,1,60,,54458,10016,,,1,20,,54459,10016,,,1,30,,54461,10016,,,1,73,,54462,10016,,,1,27,,54475,10016,,,1,68,,54467,10016,,,1,30,,54460,10016,,,1,70,,54468,10016,,,1,30,,54481,10016,,,1,71,,54480,10016,,,1,30,,54469,10016,,,1,70,,54454,10016,,,1,30,,54448,10016,,,1,70,,54470,10016,,,1,30,,54455,10016,,,1,72,,54463,10016,,,1,31,,54464,10016,,,1,63,,54451,10016,,,1,39,,54479,10016,,,1,67,,54471,10016,,,1,30,,54452,10016,,,1,71,,54465,10016,,,1,26,,54482,10016,,,1,70,,54485,10016,,,1,30,,54483,10016,,,1,68,,54478,10016,,,1,30,,54477,10016,,,1,70,,54474,10016,,,1,30,,54476,10016,,,1,70,,54473,10016,,,1,30,,54466,10016,,,1,98,,54472,10016,,,1,100,,44809,10016,,,1,99,,54457,10016,,,1
50601,'SE',1638,,63426,895,,,2,1,,63427,895,,,2
60001,'SE',909,,63479,5653,,,2
61301,'SE',908,,63496,7962,,,2
61801,'SE',858,,63500,8887,,,2
