2201,'SE',528,,45814,194,,,2,92,,45816,194,,,2,25,,45815,194,,,2,70,,45818,194,,,2,30,,45817,194,,,2,908,,45819,194,,,2,80,,45820,194,,,2,20,,45813,194,,,2
6100,'DI',714,,32294,10940,,,2,89,,32298,10940,,,2,30,,32295,10940,,,2,70,,32301,10940,,,2,30,,32299,10940,,,2,70,,32296,10940,,,2,30,,32302,10940,,,2,70,,32304,10940,,,2,30,,32309,10940,,,2,70,,32314,10940,,,2,30,,32305,10940,,,2,70,,32310,10940,,,2,30,,32315,10940,,,2,70,,32306,10940,,,2,30,,32311,10940,,,2,70,,32317,10940,,,2,30,,32307,10940,,,2,74,,32312,10940,,,2,21,,32318,10940,,,2,75,,32321,10940,,,2,20,,32325,10940,,,2,80,,32319,10940,,,2,25,,32322,10940,,,2,30,,32326,10940,,,2,85,,32323,10940,,,2,100,,32327,10940,,,2,100,,32329,10940,,,2,100,,32331,10940,,,2,100,,32333,10940,,,2,100,,32334,10940,,,2
6100,'F1',714,,47781,10940,,,2,89,,47785,10940,,,2,30,,47782,10940,,,2,70,,47788,10940,,,2,30,,47786,10940,,,2,70,,47783,10940,,,2,30,,47789,10940,,,2,70,,47791,10940,,,2,30,,47796,10940,,,2,70,,47801,10940,,,2,30,,47792,10940,,,2,70,,47797,10940,,,2,30,,47802,10940,,,2,70,,47793,10940,,,2,30,,47798,10940,,,2,70,,47804,10940,,,2,30,,47794,10940,,,2,74,,47799,10940,,,2,21,,47805,10940,,,2,75,,47808,10940,,,2,20,,47812,10940,,,2,80,,47806,10940,,,2,25,,47809,10940,,,2,30,,47813,10940,,,2,85,,47810,10940,,,2,100,,47814,10940,,,2,100,,47816,10940,,,2,100,,47818,10940,,,2,100,,47820,10940,,,2,100,,47821,10940,,,2
6100,'F2',714,,47822,10940,,,2,89,,47826,10940,,,2,30,,47823,10940,,,2,70,,47829,10940,,,2,30,,47827,10940,,,2,70,,47824,10940,,,2,30,,47830,10940,,,2,70,,47832,10940,,,2,30,,47837,10940,,,2,70,,47840,10940,,,2,30,,47833,10940,,,2,70,,47838,10940,,,2,30,,47841,10940,,,2,70,,47834,10940,,,2,30,,47843,10940,,,2,70,,47848,10940,,,2,30,,47835,10940,,,2,74,,47844,10940,,,2,21,,47849,10940,,,2,75,,47852,10940,,,2,20,,47845,10940,,,2,80,,47850,10940,,,2,25,,47853,10940,,,2,30,,47846,10940,,,2,85,,47855,10940,,,2,100,,47858,10940,,,2,100,,47856,10940,,,2,100,,47860,10940,,,2,100,,47859,10940,,,2,100,,47861,10940,,,2
6100,'F8',714,,32473,10940,,,2,89,,32477,10940,,,2,30,,32474,10940,,,2,70,,32480,10940,,,2,30,,32478,10940,,,2,70,,32475,10940,,,2,30,,32481,10940,,,2,70,,32483,10940,,,2,30,,32488,10940,,,2,70,,32491,10940,,,2,30,,32484,10940,,,2,70,,32489,10940,,,2,30,,32492,10940,,,2,70,,32485,10940,,,2,30,,32494,10940,,,2,70,,32499,10940,,,2,30,,32486,10940,,,2,74,,32495,10940,,,2,21,,32500,10940,,,2,75,,32503,10940,,,2,20,,32496,10940,,,2,80,,32501,10940,,,2,25,,32504,10940,,,2,30,,32497,10940,,,2,85,,32506,10940,,,2,100,,32509,10940,,,2,100,,32507,10940,,,2,100,,32511,10940,,,2,100,,32510,10940,,,2,100,,32512,10940,,,2
6100,'F9',714,,32513,10940,,,2,89,,32517,10940,,,2,30,,32514,10940,,,2,70,,32520,10940,,,2,30,,32518,10940,,,2,70,,32515,10940,,,2,30,,32521,10940,,,2,70,,32523,10940,,,2,30,,32528,10940,,,2,70,,32533,10940,,,2,30,,32524,10940,,,2,70,,32529,10940,,,2,30,,32534,10940,,,2,70,,32525,10940,,,2,30,,32530,10940,,,2,70,,32536,10940,,,2,30,,32526,10940,,,2,74,,32531,10940,,,2,21,,32537,10940,,,2,75,,32540,10940,,,2,20,,32544,10940,,,2,80,,32538,10940,,,2,25,,32541,10940,,,2,30,,32545,10940,,,2,85,,32542,10940,,,2,100,,32546,10940,,,2,100,,32548,10940,,,2,100,,32550,10940,,,2,100,,32552,10940,,,2,100,,32553,10940,,,2
6100,'SA',714,,32554,10940,,,2,89,,32558,10940,,,2,30,,32555,10940,,,2,70,,32561,10940,,,2,30,,32559,10940,,,2,70,,32556,10940,,,2,30,,32562,10940,,,2,70,,32564,10940,,,2,30,,32569,10940,,,2,70,,32572,10940,,,2,30,,32565,10940,,,2,70,,32570,10940,,,2,30,,32573,10940,,,2,70,,32566,10940,,,2,30,,32575,10940,,,2,70,,32580,10940,,,2,30,,32567,10940,,,2,74,,32576,10940,,,2,21,,32581,10940,,,2,75,,32584,10940,,,2,20,,32577,10940,,,2,80,,32582,10940,,,2,25,,32585,10940,,,2,30,,32578,10940,,,2,85,,32587,10940,,,2,100,,32590,10940,,,2,100,,32588,10940,,,2,100,,32592,10940,,,2,100,,32591,10940,,,2,100,,32593,10940,,,2
6100,'SE',623,,47864,10940,,,2,28,,47862,10940,,,2,66,,47871,10940,,,2,9,,47876,10940,,,2,19,,47868,10940,,,2,66,,47865,10940,,,2,23,,47873,10940,,,2,15,,47878,10940,,,2,76,,47869,10940,,,2,30,,47866,10940,,,2,70,,47874,10940,,,2,31,,47918,10940,,,2,70,,47872,10940,,,2,30,,47879,10940,,,2,70,,47883,10940,,,2,30,,47880,10940,,,2,70,,47881,10940,,,2,33,,47885,10940,,,2,61,,47888,10940,,,2,27,,47893,10940,,,2,63,,47882,10940,,,2,20,,47884,10940,,,2,23,,47896,10940,,,2,4,,47899,10940,,,2,65,,47889,10940,,,2,7,,47891,10940,,,2,14,,47900,10940,,,2,13,,47901,10940,,,2,54,,47886,10940,,,2,15,,47905,10940,,,2,6,,47908,10940,,,2,18,,47897,10940,,,2,54,,47894,10940,,,2,24,,47910,10940,,,2,24,,47902,10940,,,2,68,,47913,10940,,,2,30,,47916,10940,,,2,70,,47906,10940,,,2,30,,47909,10940,,,2,70,,47917,10940,,,2,30,,47903,10940,,,2,68,,47914,10940,,,2,30,,47911,10940,,,2,69,,47907,10940,,,2,30,,47915,10940,,,2,70,,47912,10940,,,2
6101,'DI',727,,32655,13450,,,2,30,,32652,13450,,,2,72,,32658,13450,,,2,17,,32656,13450,,,2,70,,32653,13450,,,2,30,,32659,13450,,,2,70,,32657,13450,,,2,30,,32654,13450,,,2,70,,32660,13450,,,2,30,,32661,13450,,,2,70,,32665,13450,,,2,30,,32669,13450,,,2,70,,32662,13450,,,2,30,,32666,13450,,,2,70,,32670,13450,,,2,30,,32663,13450,,,2,70,,32667,13450,,,2,30,,32671,13450,,,2,70,,32664,13450,,,2,34,,32668,13450,,,2,61,,32672,13450,,,2,35,,32674,13450,,,2,60,,32677,13450,,,2,40,,32673,13450,,,2,65,,32675,13450,,,2,30,,32678,13450,,,2,85,,32676,13450,,,2,100,,32679,13450,,,2,100,,32680,13450,,,2,100,,32681,13450,,,2
6101,'F1',727,,47923,13450,,,2,30,,47920,13450,,,2,72,,47926,13450,,,2,17,,47924,13450,,,2,70,,47921,13450,,,2,30,,47927,13450,,,2,70,,47925,13450,,,2,30,,47922,13450,,,2,70,,47928,13450,,,2,30,,47929,13450,,,2,70,,47933,13450,,,2,30,,47937,13450,,,2,70,,47930,13450,,,2,30,,47934,13450,,,2,70,,47938,13450,,,2,30,,47931,13450,,,2,70,,47935,13450,,,2,30,,47939,13450,,,2,70,,47932,13450,,,2,34,,47936,13450,,,2,61,,47940,13450,,,2,35,,47942,13450,,,2,60,,47945,13450,,,2,40,,47941,13450,,,2,65,,47943,13450,,,2,30,,47946,13450,,,2,85,,47944,13450,,,2,100,,47947,13450,,,2,100,,47948,13450,,,2,100,,47949,13450,,,2
6101,'F2',727,,47955,13450,,,2,30,,47952,13450,,,2,72,,47958,13450,,,2,17,,47956,13450,,,2,70,,47953,13450,,,2,30,,47959,13450,,,2,70,,47957,13450,,,2,30,,47954,13450,,,2,70,,47960,13450,,,2,30,,47961,13450,,,2,70,,47965,13450,,,2,30,,47967,13450,,,2,70,,47962,13450,,,2,30,,47966,13450,,,2,70,,47968,13450,,,2,30,,47963,13450,,,2,70,,47969,13450,,,2,30,,47973,13450,,,2,70,,47964,13450,,,2,34,,47970,13450,,,2,61,,47974,13450,,,2,35,,47976,13450,,,2,60,,47971,13450,,,2,40,,47975,13450,,,2,65,,47977,13450,,,2,30,,47972,13450,,,2,85,,47978,13450,,,2,100,,47980,13450,,,2,100,,47979,13450,,,2,100,,47982,13450,,,2
6101,'F8',727,,32803,13450,,,2,30,,32800,13450,,,2,72,,32806,13450,,,2,17,,32804,13450,,,2,70,,32801,13450,,,2,30,,32807,13450,,,2,70,,32805,13450,,,2,30,,32802,13450,,,2,70,,32808,13450,,,2,30,,32809,13450,,,2,70,,32813,13450,,,2,30,,32815,13450,,,2,70,,32810,13450,,,2,30,,32814,13450,,,2,70,,32816,13450,,,2,30,,32811,13450,,,2,70,,32817,13450,,,2,30,,32821,13450,,,2,70,,32812,13450,,,2,34,,32818,13450,,,2,61,,32822,13450,,,2,35,,32824,13450,,,2,60,,32819,13450,,,2,40,,32823,13450,,,2,65,,32825,13450,,,2,30,,32820,13450,,,2,85,,32826,13450,,,2,100,,32828,13450,,,2,100,,32827,13450,,,2,100,,32830,13450,,,2
6101,'F9',727,,32835,13450,,,2,30,,32832,13450,,,2,72,,32838,13450,,,2,17,,32836,13450,,,2,70,,32833,13450,,,2,30,,32839,13450,,,2,70,,32837,13450,,,2,30,,32834,13450,,,2,70,,32840,13450,,,2,30,,32841,13450,,,2,70,,32845,13450,,,2,30,,32849,13450,,,2,70,,32842,13450,,,2,30,,32846,13450,,,2,70,,32850,13450,,,2,30,,32843,13450,,,2,70,,32847,13450,,,2,30,,32851,13450,,,2,70,,32844,13450,,,2,34,,32848,13450,,,2,61,,32852,13450,,,2,35,,32854,13450,,,2,60,,32857,13450,,,2,40,,32853,13450,,,2,65,,32855,13450,,,2,30,,32858,13450,,,2,85,,32856,13450,,,2,100,,32859,13450,,,2,100,,32860,13450,,,2,100,,32861,13450,,,2
6101,'SA',727,,32867,13450,,,2,30,,32864,13450,,,2,72,,32870,13450,,,2,17,,32868,13450,,,2,70,,32865,13450,,,2,30,,32871,13450,,,2,70,,32869,13450,,,2,30,,32866,13450,,,2,70,,32872,13450,,,2,30,,32873,13450,,,2,70,,32877,13450,,,2,30,,32879,13450,,,2,70,,32874,13450,,,2,30,,32878,13450,,,2,70,,32880,13450,,,2,30,,32875,13450,,,2,70,,32881,13450,,,2,30,,32885,13450,,,2,70,,32876,13450,,,2,34,,32882,13450,,,2,61,,32886,13450,,,2,35,,32888,13450,,,2,60,,32883,13450,,,2,40,,32887,13450,,,2,65,,32889,13450,,,2,30,,32884,13450,,,2,85,,32890,13450,,,2,100,,32892,13450,,,2,100,,32891,13450,,,2,100,,32894,13450,,,2
6101,'SE',607,,48033,13450,,,2,30,,48035,13450,,,2,10,,47988,13450,,,2,57,,47991,13450,,,2,9,,47985,13450,,,2,14,,47994,13450,,,2,14,,47984,13450,,,2,7,,47998,13450,,,2,56,,47992,13450,,,2,9,,47997,13450,,,2,19,,47989,13450,,,2,24,,47986,13450,,,2,62,,47995,13450,,,2,15,,47999,13450,,,2,76,,47990,13450,,,2,30,,47987,13450,,,2,70,,47996,13450,,,2,32,,48034,13450,,,2,70,,47993,13450,,,2,30,,48000,13450,,,2,72,,48004,13450,,,2,30,,48001,13450,,,2,70,,48002,13450,,,2,33,,48006,13450,,,2,61,,48008,13450,,,2,27,,48011,13450,,,2,23,,48003,13450,,,2,60,,48005,13450,,,2,24,,48013,13450,,,2,4,,48015,13450,,,2,65,,48009,13450,,,2,7,,48010,13450,,,2,14,,48016,13450,,,2,13,,48017,13450,,,2,14,,48007,13450,,,2,54,,48020,13450,,,2,6,,48023,13450,,,2,14,,48014,13450,,,2,14,,48012,13450,,,2,64,,48025,13450,,,2,24,,48018,13450,,,2,68,,48028,13450,,,2,28,,48031,13450,,,2,70,,48021,13450,,,2,29,,48024,13450,,,2,29,,48032,13450,,,2,70,,48019,13450,,,2,29,,48029,13450,,,2,70,,48026,13450,,,2
12001,'SE',559,,49901,194,,,2,71,,49902,194,,,2,26,,49906,194,,,2,77,,49899,194,,,2,69,,49903,194,,,2,32,,49905,194,,,2,795,,49907,194,,,2,72,,49900,194,,,2,36,,49904,194,,,2,22,,49908,194,,,2,69,,49909,194,,,2
16100,'DI',623,,38650,14086,,,2,1132,,38649,14086,,,2
16100,'F1',623,,50332,14086,,,2,1132,,50331,14086,,,2
16100,'F2',623,,50344,14086,,,2,1102,,50345,14086,,,2
16100,'F8',623,,38707,14086,,,2,1102,,38708,14086,,,2
16100,'F9',623,,38721,14086,,,2,1132,,38720,14086,,,2
16100,'SA',623,,38733,14086,,,2,1102,,38734,14086,,,2
16100,'SE',703,,50359,13975,,,2,25,,50360,13975,,,2,25,,50358,13975,,,2,462,,50363,14086,,,2,389,,50361,14086,,,2,41,,50365,14086,,,2,80,,50362,14086,,,2,100,,50364,14086,,,2
16101,'DI',601,,38767,4916,,,2,30,,38758,194,,,2,70,,38755,194,,,2,30,,38765,194,,,2,70,,38759,194,,,2,30,,38760,194,,,2,70,,38762,194,,,2,702,,38756,194,,,2,28,,38761,194,,,2,72,,38757,194,,,2,30,,38766,4916,,,2,70,,38764,194,,,2,32,,38763,194,,,2
16101,'F1',601,,50378,4916,,,2,30,,50369,194,,,2,70,,50366,194,,,2,30,,50376,194,,,2,70,,50370,194,,,2,30,,50371,194,,,2,70,,50373,194,,,2,702,,50367,194,,,2,28,,50372,194,,,2,72,,50368,194,,,2,30,,50377,4916,,,2,70,,50375,194,,,2,32,,50374,194,,,2
16101,'F2',601,,50390,4916,,,2,30,,50386,194,,,2,70,,50383,194,,,2,30,,50384,194,,,2,70,,50381,194,,,2,30,,50387,194,,,2,70,,50385,194,,,2,700,,50382,194,,,2,31,,50379,194,,,2,71,,50388,194,,,2,30,,50391,4916,,,2,71,,50380,194,,,2,31,,50389,194,,,2
16101,'F8',601,,38824,4916,,,2,30,,38820,194,,,2,70,,38817,194,,,2,30,,38818,194,,,2,70,,38815,194,,,2,30,,38821,194,,,2,70,,38819,194,,,2,700,,38816,194,,,2,31,,38813,194,,,2,71,,38822,194,,,2,30,,38825,4916,,,2,71,,38814,194,,,2,31,,38823,194,,,2
16101,'F9',601,,38838,4916,,,2,30,,38829,194,,,2,70,,38826,194,,,2,30,,38836,194,,,2,70,,38830,194,,,2,30,,38831,194,,,2,70,,38833,194,,,2,702,,38827,194,,,2,28,,38832,194,,,2,72,,38828,194,,,2,30,,38837,4916,,,2,70,,38835,194,,,2,32,,38834,194,,,2
16101,'SA',601,,38849,4916,,,2,30,,17011,194,,,2,70,,38843,194,,,2,30,,38844,194,,,2,70,,38841,194,,,2,30,,38846,194,,,2,70,,38845,194,,,2,700,,38842,194,,,2,31,,38839,194,,,2,71,,38847,194,,,2,30,,38850,4916,,,2,71,,38840,194,,,2,31,,38848,194,,,2
16101,'SE',556,,50396,194,,,2,60,,50398,194,,,2,22,,50408,4916,,,2,20,,50397,194,,,2,53,,50406,4916,,,2,17,,50392,194,,,2,16,,50409,4916,,,2,56,,50393,194,,,2,23,,50401,194,,,2,21,,50400,194,,,2,57,,50399,194,,,2,20,,50402,194,,,2,325,,50407,4916,,,2,372,,50410,4916,,,2,14,,50394,194,,,2,22,,50405,4916,,,2,59,,50403,194,,,2,19,,50411,4916,,,2,21,,50395,194,,,2,60,,50404,194,,,2
18501,'SE',1549,,50470,3390,,,2,61,,50468,3390,,,2,44,,50471,3390,,,2,65,,50469,3390,,,2
