101,'DI',627,,20389,4263,,,1,100,,20390,4263,,,1,100,,20391,4263,,,1,100,,20392,4263,,,1,100,,20393,4263,,,1,100,,20394,4263,,,1,100,,20395,4263,,,1,100,,20396,4263,,,1,101,,20397,4263,,,1,100,,20398,4263,,,1,98,,20399,4263,,,1,100,,20400,4263,,,1,100,,20401,4263,,,1,100,,20402,4263,,,1,100,,20403,4263,,,1,100,,20404,4263,,,1,100,,20405,4263,,,1,100,,20406,4263,,,1,100,,20408,4263,,,1,100,,20407,4263,,,1
101,'F1',627,,43102,4263,,,1,100,,43103,4263,,,1,100,,43104,4263,,,1,100,,43105,4263,,,1,100,,43106,4263,,,1,100,,43107,4263,,,1,100,,43108,4263,,,1,100,,43109,4263,,,1,101,,43110,4263,,,1,100,,43111,4263,,,1,98,,43112,4263,,,1,100,,43113,4263,,,1,100,,43114,4263,,,1,100,,43115,4263,,,1,100,,43116,4263,,,1,100,,43117,4263,,,1,100,,43118,4263,,,1,100,,43119,4263,,,1,100,,43121,4263,,,1,100,,43120,4263,,,1
101,'F2',557,,43142,4263,,,1,70,,43132,4263,,,1,30,,43143,4263,,,1,70,,43133,4263,,,1,30,,43144,4263,,,1,70,,43134,4263,,,1,30,,43145,4263,,,1,70,,43135,4263,,,1,30,,43146,4263,,,1,70,,43136,4263,,,1,30,,43147,4263,,,1,70,,43137,4263,,,1,30,,43148,4263,,,1,70,,43138,4263,,,1,30,,43149,4263,,,1,70,,43139,4263,,,1,31,,43153,4263,,,1,70,,43140,4263,,,1,30,,43154,4263,,,1,70,,43141,4263,,,1,28,,43150,4263,,,1,70,,43122,4263,,,1,30,,43151,4263,,,1,70,,43123,4263,,,1,30,,43152,4263,,,1,70,,43124,4263,,,1,100,,43125,4263,,,1,100,,43126,4263,,,1,100,,43127,4263,,,1,100,,43128,4263,,,1,100,,43129,4263,,,1,100,,43130,4263,,,1,100,,43131,4263,,,1
101,'F8',557,,20528,4263,,,1,70,,20518,4263,,,1,30,,20529,4263,,,1,70,,20519,4263,,,1,30,,20530,4263,,,1,70,,20520,4263,,,1,30,,20531,4263,,,1,70,,20521,4263,,,1,30,,20532,4263,,,1,70,,20522,4263,,,1,30,,20533,4263,,,1,70,,20523,4263,,,1,30,,20534,4263,,,1,70,,20524,4263,,,1,30,,20535,4263,,,1,70,,20525,4263,,,1,31,,20539,4263,,,1,70,,20526,4263,,,1,30,,20540,4263,,,1,70,,20527,4263,,,1,28,,20536,4263,,,1,70,,20508,4263,,,1,30,,20537,4263,,,1,70,,20509,4263,,,1,30,,20538,4263,,,1,70,,20510,4263,,,1,100,,20511,4263,,,1,100,,20512,4263,,,1,100,,20513,4263,,,1,100,,20514,4263,,,1,100,,20515,4263,,,1,100,,20516,4263,,,1,100,,20517,4263,,,1
101,'F9',627,,20541,4263,,,1,100,,20542,4263,,,1,100,,20543,4263,,,1,100,,20544,4263,,,1,100,,20545,4263,,,1,100,,20546,4263,,,1,100,,20547,4263,,,1,100,,20548,4263,,,1,101,,20549,4263,,,1,100,,20550,4263,,,1,98,,20551,4263,,,1,100,,20552,4263,,,1,100,,20553,4263,,,1,100,,20554,4263,,,1,100,,20555,4263,,,1,100,,20556,4263,,,1,100,,20557,4263,,,1,100,,20558,4263,,,1,100,,20560,4263,,,1,100,,20559,4263,,,1
101,'SA',557,,20571,4263,,,1,70,,20561,4263,,,1,30,,20572,4263,,,1,70,,20562,4263,,,1,30,,20573,4263,,,1,70,,20563,4263,,,1,30,,20574,4263,,,1,70,,20564,4263,,,1,30,,20575,4263,,,1,70,,20565,4263,,,1,30,,20576,4263,,,1,70,,20566,4263,,,1,30,,20577,4263,,,1,70,,20567,4263,,,1,30,,20578,4263,,,1,70,,20568,4263,,,1,31,,20582,4263,,,1,70,,20569,4263,,,1,30,,20583,4263,,,1,70,,20570,4263,,,1,28,,20579,4263,,,1,70,,400,4263,,,1,30,,20580,4263,,,1,70,,401,4263,,,1,30,,20581,4263,,,1,70,,402,4263,,,1,100,,403,4263,,,1,100,,404,4263,,,1,100,,405,4263,,,1,100,,406,4263,,,1,100,,407,4263,,,1,100,,408,4263,,,1,100,,409,4263,,,1
101,'SE',509,,43167,4263,,,1,30,,43181,4263,,,1,20,,43176,4263,,,1,60,,43182,4263,,,1,20,,43173,4263,,,1,16,,43186,4263,,,1,62,,43179,4263,,,1,10,,43183,4263,,,1,20,,43169,4263,,,1,55,,43155,4263,,,1,15,,43195,4263,,,1,15,,43170,4263,,,1,14,,43197,4263,,,1,60,,43166,4263,,,1,20,,43171,4263,,,1,20,,43165,4263,,,1,70,,43168,4263,,,1,30,,43180,4263,,,1,70,,43163,4263,,,1,30,,43191,4263,,,1,70,,43156,4263,,,1,31,,43178,4263,,,1,70,,43174,4263,,,1,30,,43172,4263,,,1,70,,43190,4263,,,1,30,,43157,4263,,,1,71,,43192,4263,,,1,33,,43175,4263,,,1,57,,43184,4263,,,1,35,,43164,4263,,,1,71,,43194,4263,,,1,34,,20609,4263,,,1,65,,43196,4263,,,1,27,,43185,4263,,,1,75,,43189,4263,,,1,28,,43193,4263,,,1,70,,43188,4263,,,1,30,,43187,4263,,,1,68,,43158,4263,,,1,30,,43177,4263,,,1,70,,43159,4263,,,1,100,,43160,4263,,,1,99,,43161,4263,,,1,100,,43162,4263,,,1
601,'DI',613,,22527,5135,,,1,30,,22533,5135,,,1,70,,22545,5135,,,1,30,,22540,5135,,,1,70,,22536,5135,,,1,30,,22534,5135,,,1,70,,22519,5135,,,1,30,,22523,5135,,,1,74,,22537,5135,,,1,30,,22531,5135,,,1,70,,22520,5135,,,1,30,,2206,5135,,,1,70,,2212,5135,,,1,33,,22521,5135,,,1,70,,22524,5135,,,1,30,,22530,5135,,,1,70,,22522,5135,,,1,30,,22532,5135,,,1,70,,22528,5135,,,1,30,,22525,5135,,,1,70,,22538,5135,,,1,30,,22546,5135,,,1,70,,22541,5135,,,1,28,,22539,5135,,,1,70,,22547,5135,,,1,30,,22542,5135,,,1,100,,22529,5135,,,1,100,,22544,5135,,,1,100,,22535,5135,,,1,100,,22526,5135,,,1,100,,22518,5135,,,1,100,,22543,5135,,,1
601,'F1',613,,43951,5135,,,1,30,,43958,5135,,,1,70,,43970,5135,,,1,30,,43965,5135,,,1,70,,43961,5135,,,1,30,,43959,5135,,,1,70,,43942,5135,,,1,30,,43946,5135,,,1,74,,43962,5135,,,1,30,,43956,5135,,,1,70,,43943,5135,,,1,30,,43947,5135,,,1,70,,43952,5135,,,1,33,,43944,5135,,,1,70,,43948,5135,,,1,30,,43955,5135,,,1,70,,43945,5135,,,1,30,,43957,5135,,,1,70,,43953,5135,,,1,30,,43949,5135,,,1,70,,43963,5135,,,1,30,,43971,5135,,,1,70,,43966,5135,,,1,28,,43964,5135,,,1,70,,43972,5135,,,1,30,,43967,5135,,,1,100,,43954,5135,,,1,100,,43969,5135,,,1,100,,43960,5135,,,1,100,,43950,5135,,,1,100,,43941,5135,,,1,100,,43968,5135,,,1
601,'F2',613,,43988,5135,,,1,30,,43984,5135,,,1,70,,44004,5135,,,1,30,,43993,5135,,,1,70,,43989,5135,,,1,30,,43985,5135,,,1,74,,43990,5135,,,1,26,,43994,5135,,,1,76,,44003,5135,,,1,23,,43991,5135,,,1,75,,44000,5135,,,1,26,,43986,5135,,,1,70,,43979,5135,,,1,38,,43987,5135,,,1,70,,43980,5135,,,1,29,,43973,5135,,,1,70,,43995,5135,,,1,30,,43981,5135,,,1,70,,43974,5135,,,1,30,,43996,5135,,,1,70,,43982,5135,,,1,30,,43975,5135,,,1,70,,43997,5135,,,1,28,,43983,5135,,,1,70,,43976,5135,,,1,30,,43998,5135,,,1,100,,44001,5135,,,1,100,,43992,5135,,,1,100,,43977,5135,,,1,100,,43978,5135,,,1,100,,44002,5135,,,1,100,,43999,5135,,,1
601,'F8',613,,22662,5135,,,1,30,,22658,5135,,,1,70,,22678,5135,,,1,30,,22667,5135,,,1,70,,22663,5135,,,1,30,,22659,5135,,,1,74,,22664,5135,,,1,26,,22668,5135,,,1,76,,22677,5135,,,1,23,,22665,5135,,,1,75,,22674,5135,,,1,26,,22660,5135,,,1,70,,22653,5135,,,1,38,,22661,5135,,,1,70,,22654,5135,,,1,29,,22647,5135,,,1,70,,22669,5135,,,1,30,,22655,5135,,,1,70,,22648,5135,,,1,30,,22670,5135,,,1,70,,22656,5135,,,1,30,,22649,5135,,,1,70,,22671,5135,,,1,28,,22657,5135,,,1,70,,22650,5135,,,1,30,,22672,5135,,,1,100,,22675,5135,,,1,100,,22666,5135,,,1,100,,22651,5135,,,1,100,,22652,5135,,,1,100,,22676,5135,,,1,100,,22673,5135,,,1
601,'F9',613,,22689,5135,,,1,30,,22696,5135,,,1,70,,22708,5135,,,1,30,,22703,5135,,,1,70,,22699,5135,,,1,30,,22697,5135,,,1,70,,22680,5135,,,1,30,,22684,5135,,,1,74,,22700,5135,,,1,30,,22694,5135,,,1,70,,22681,5135,,,1,30,,22685,5135,,,1,70,,22690,5135,,,1,33,,22682,5135,,,1,70,,22686,5135,,,1,30,,22693,5135,,,1,70,,22683,5135,,,1,30,,22695,5135,,,1,70,,22691,5135,,,1,30,,22687,5135,,,1,70,,22701,5135,,,1,30,,22709,5135,,,1,70,,22704,5135,,,1,28,,22702,5135,,,1,70,,22710,5135,,,1,30,,22705,5135,,,1,100,,22692,5135,,,1,100,,22707,5135,,,1,100,,22698,5135,,,1,100,,22688,5135,,,1,100,,22679,5135,,,1,100,,22706,5135,,,1
601,'SA',613,,22726,5135,,,1,30,,22722,5135,,,1,70,,22742,5135,,,1,30,,22731,5135,,,1,70,,22727,5135,,,1,30,,22723,5135,,,1,74,,22728,5135,,,1,26,,22732,5135,,,1,76,,22741,5135,,,1,23,,22729,5135,,,1,75,,22738,5135,,,1,26,,22724,5135,,,1,70,,22717,5135,,,1,38,,22725,5135,,,1,70,,22718,5135,,,1,29,,22711,5135,,,1,70,,22733,5135,,,1,30,,22719,5135,,,1,70,,22712,5135,,,1,30,,22734,5135,,,1,70,,22720,5135,,,1,30,,22713,5135,,,1,70,,22735,5135,,,1,28,,22721,5135,,,1,70,,22714,5135,,,1,30,,22736,5135,,,1,100,,22739,5135,,,1,100,,22730,5135,,,1,100,,22715,5135,,,1,100,,22716,5135,,,1,100,,22740,5135,,,1,100,,22737,5135,,,1
601,'SE',527,,44024,5135,,,1,30,,44018,5135,,,1,72,,44010,5135,,,1,71,,44035,5135,,,1,24,,44015,5135,,,1,77,,44037,5135,,,1,29,,44014,5135,,,1,72,,44029,5135,,,1,28,,44033,5135,,,1,70,,44030,5135,,,1,30,,44022,5135,,,1,70,,44006,5135,,,1,30,,44040,5135,,,1,70,,44016,5135,,,1,30,,44031,5135,,,1,70,,44034,5135,,,1,30,,44017,5135,,,1,70,,44011,5135,,,1,30,,44023,5135,,,1,72,,44032,5135,,,1,30,,44005,5135,,,1,26,,44009,5135,,,1,78,,44012,5135,,,1,66,,44013,5135,,,1,31,,44025,5135,,,1,25,,44036,5135,,,1,72,,44039,5135,,,1,70,,44038,5135,,,1,28,,44041,5135,,,1,30,,44028,5135,,,1,70,,44020,5135,,,1,30,,44026,5135,,,1,70,,44007,5135,,,1,30,,44027,5135,,,1,98,,44021,5135,,,1,100,,44019,5135,,,1,100,,44008,5135,,,1
5501,'SE',628,,47701,4117,,,2,20,,47697,4117,,,2,55,,47703,4117,,,2,15,,47699,4117,,,2,15,,47702,4117,,,2,15,,47705,4117,,,2,55,,47698,4117,,,2,15,,47704,4117,,,2,20,,47700,4117,,,2
