801,'DI',539,,53514,9153,,,1,70,,53522,9153,,,1,30,,53529,9153,,,1,70,,53541,9153,,,1,30,,53515,9153,,,1,71,,53523,9153,,,1,30,,53530,9153,,,1,70,,53542,9153,,,1,28,,53516,9153,,,1,70,,53524,9153,,,1,30,,53531,9153,,,1,68,,53543,9153,,,1,30,,53517,9153,,,1,70,,53525,9153,,,1,30,,53532,9153,,,1,70,,53544,9153,,,1,31,,53518,9153,,,1,70,,53526,9153,,,1,31,,53538,9153,,,1,70,,53545,9153,,,1,30,,53539,9153,,,1,70,,53527,9153,,,1,30,,53533,9153,,,1,70,,53546,9153,,,1,19,,53548,9153,,,1,15,,53540,9153,,,1,70,,53528,9153,,,1,28,,53534,9153,,,1,70,,53547,9153,,,1,45,,53519,9153,,,1,101,,53535,9153,,,1,100,,53520,9153,,,1,99,,53536,9153,,,1,100,,53521,9153,,,1,99,,53537,9153,,,1
801,'F1',539,,53549,9153,,,1,70,,53557,9153,,,1,30,,53564,9153,,,1,70,,53576,9153,,,1,30,,53550,9153,,,1,71,,53558,9153,,,1,30,,53565,9153,,,1,70,,53577,9153,,,1,28,,53551,9153,,,1,70,,53559,9153,,,1,30,,53566,9153,,,1,68,,53578,9153,,,1,30,,53552,9153,,,1,70,,53560,9153,,,1,30,,53567,9153,,,1,70,,53579,9153,,,1,31,,53553,9153,,,1,70,,53561,9153,,,1,31,,53573,9153,,,1,70,,53580,9153,,,1,30,,53574,9153,,,1,70,,53562,9153,,,1,30,,53568,9153,,,1,70,,53581,9153,,,1,19,,53583,9153,,,1,15,,53575,9153,,,1,70,,53563,9153,,,1,28,,53569,9153,,,1,70,,53582,9153,,,1,45,,53554,9153,,,1,101,,53570,9153,,,1,100,,53555,9153,,,1,99,,53571,9153,,,1,100,,53556,9153,,,1,99,,53572,9153,,,1
801,'F2',539,,53588,9153,,,1,70,,53593,9153,,,1,30,,53600,9153,,,1,70,,53605,9153,,,1,30,,53589,9153,,,1,71,,53594,9153,,,1,30,,53601,9153,,,1,70,,53606,9153,,,1,27,,53590,9153,,,1,68,,53595,9153,,,1,30,,53602,9153,,,1,70,,53607,9153,,,1,31,,53591,9153,,,1,70,,53596,9153,,,1,31,,53603,9153,,,1,70,,53608,9153,,,1,31,,53592,9153,,,1,70,,53597,9153,,,1,30,,53604,9153,,,1,70,,53609,9153,,,1,30,,44242,9153,,,1,70,,53598,9153,,,1,30,,53615,9153,,,1,70,,53610,9153,,,1,25,,53584,9153,,,1,10,,44243,9153,,,1,61,,53599,9153,,,1,30,,53616,9153,,,1,70,,53611,9153,,,1,50,,53585,9153,,,1,100,,53612,9153,,,1,100,,53586,9153,,,1,99,,53613,9153,,,1,100,,53587,9153,,,1,101,,53614,9153,,,1
801,'SA',539,,53621,9153,,,1,70,,53626,9153,,,1,30,,53633,9153,,,1,70,,53638,9153,,,1,30,,53622,9153,,,1,71,,53627,9153,,,1,30,,53634,9153,,,1,70,,53639,9153,,,1,27,,53623,9153,,,1,68,,53628,9153,,,1,30,,53635,9153,,,1,70,,53640,9153,,,1,31,,53624,9153,,,1,70,,53629,9153,,,1,31,,53636,9153,,,1,70,,53641,9153,,,1,31,,53625,9153,,,1,70,,53630,9153,,,1,30,,53637,9153,,,1,70,,53642,9153,,,1,30,,2977,9153,,,1,70,,53631,9153,,,1,30,,53648,9153,,,1,70,,53643,9153,,,1,25,,53617,9153,,,1,10,,2978,9153,,,1,61,,53632,9153,,,1,30,,53649,9153,,,1,70,,53644,9153,,,1,50,,53618,9153,,,1,100,,53645,9153,,,1,100,,53619,9153,,,1,99,,53646,9153,,,1,100,,53620,9153,,,1,101,,53647,9153,,,1
801,'SE',505,,53650,9153,,,1,33,,53651,9153,,,1,67,,44285,9153,,,1,21,,53672,9153,,,1,25,,53665,9153,,,1,51,,53710,9153,,,1,9,,53655,9153,,,1,8,,53685,9153,,,1,12,,53659,9153,,,1,9,,53652,9153,,,1,11,,53663,9153,,,1,60,,53660,9153,,,1,18,,53673,9153,,,1,18,,53654,9153,,,1,53,,53690,9153,,,1,15,,53656,9153,,,1,15,,53686,9153,,,1,15,,53678,9153,,,1,57,,53693,9153,,,1,15,,44259,9153,,,1,14,,53674,9153,,,1,15,,53666,9153,,,1,56,,53691,9153,,,1,15,,53657,9153,,,1,15,,53687,9153,,,1,15,,53679,9153,,,1,55,,53694,9153,,,1,15,,53653,9153,,,1,16,,53661,9153,,,1,15,,53675,9153,,,1,55,,53669,9153,,,1,15,,53692,9153,,,1,15,,53709,9153,,,1,15,,53688,9153,,,1,55,,53684,9153,,,1,15,,53695,9153,,,1,18,,53697,9153,,,1,15,,53715,9153,,,1,53,,53681,9153,,,1,20,,53700,9153,,,1,11,,53670,9153,,,1,10,,53658,9153,,,1,14,,53711,9153,,,1,56,,53680,9153,,,1,16,,53664,9153,,,1,15,,53702,9153,,,1,13,,53698,9153,,,1,56,,53662,9153,,,1,15,,53682,9153,,,1,15,,53701,9153,,,1,55,,53671,9153,,,1,21,,53689,9153,,,1,23,,53707,9153,,,1,67,,53699,9153,,,1,28,,53676,9153,,,1,71,,53703,9153,,,1,29,,53718,9153,,,1,73,,53720,9153,,,1,27,,53677,9153,,,1,12,,53716,9153,,,1,60,,53704,9153,,,1,29,,53719,9153,,,1,60,,53721,9153,,,1,52,,53667,9153,,,1,100,,53705,9153,,,1
8801,'DI',626,,61085,8425,,,1,30,,61081,8425,,,1,70,,61091,8425,,,1,30,,61099,8425,,,1,69,,61086,8425,,,1,30,,61082,8425,,,1,70,,61092,8425,,,1,28,,61100,8425,,,1,69,,61087,8425,,,1,30,,61083,8425,,,1,69,,61093,8425,,,1,30,,61101,8425,,,1,70,,61089,8425,,,1,30,,61084,8425,,,1,70,,61094,8425,,,1,31,,61098,8425,,,1,70,,61102,8425,,,1,31,,61080,8425,,,1,71,,61095,8425,,,1,29,,61078,8425,,,1,70,,61103,8425,,,1,30,,61090,8425,,,1,70,,61096,8425,,,1,34,,61079,8425,,,1,62,,61104,8425,,,1,106,,61097,8425,,,1,101,,61106,8425,,,1,100,,61105,8425,,,1,100,,61107,8425,,,1,100,,61088,8425,,,1,99,,61108,8425,,,1
8801,'F1',626,,61116,8425,,,1,30,,61112,8425,,,1,70,,61122,8425,,,1,30,,61130,8425,,,1,69,,61117,8425,,,1,30,,61113,8425,,,1,70,,61123,8425,,,1,28,,61131,8425,,,1,69,,61118,8425,,,1,30,,61114,8425,,,1,69,,61124,8425,,,1,30,,61132,8425,,,1,70,,61120,8425,,,1,30,,61115,8425,,,1,70,,61125,8425,,,1,31,,61129,8425,,,1,70,,61133,8425,,,1,31,,61111,8425,,,1,71,,61126,8425,,,1,29,,61109,8425,,,1,70,,61134,8425,,,1,30,,61121,8425,,,1,70,,61127,8425,,,1,34,,61110,8425,,,1,62,,61135,8425,,,1,106,,61128,8425,,,1,101,,61137,8425,,,1,100,,61136,8425,,,1,100,,61138,8425,,,1,100,,61119,8425,,,1,99,,61139,8425,,,1
8801,'F2',624,,61143,8425,,,1,30,,61149,8425,,,1,70,,61157,8425,,,1,29,,61160,8425,,,1,70,,61144,8425,,,1,30,,61150,8425,,,1,70,,61158,8425,,,1,27,,61161,8425,,,1,70,,61145,8425,,,1,29,,61151,8425,,,1,70,,61159,8425,,,1,31,,61162,8425,,,1,70,,61146,8425,,,1,31,,61152,8425,,,1,68,,61166,8425,,,1,31,,61163,8425,,,1,70,,61147,8425,,,1,30,,61153,8425,,,1,70,,61169,8425,,,1,30,,61140,8425,,,1,70,,61148,8425,,,1,31,,61142,8425,,,1,68,,61170,8425,,,1,32,,61141,8425,,,1,62,,61165,8425,,,1,109,,61167,8425,,,1,100,,61154,8425,,,1,100,,61168,8425,,,1,100,,61155,8425,,,1,98,,61164,8425,,,1,100,,61156,8425,,,1
8801,'SA',624,,61174,8425,,,1,30,,61180,8425,,,1,70,,61188,8425,,,1,29,,61191,8425,,,1,70,,61175,8425,,,1,30,,61181,8425,,,1,70,,61189,8425,,,1,27,,61192,8425,,,1,70,,61176,8425,,,1,29,,61182,8425,,,1,70,,61190,8425,,,1,31,,61193,8425,,,1,70,,61177,8425,,,1,31,,61183,8425,,,1,68,,61197,8425,,,1,31,,61194,8425,,,1,70,,61178,8425,,,1,30,,61184,8425,,,1,70,,61200,8425,,,1,30,,61171,8425,,,1,70,,61179,8425,,,1,31,,61173,8425,,,1,68,,61201,8425,,,1,32,,61172,8425,,,1,62,,61196,8425,,,1,109,,61198,8425,,,1,100,,61185,8425,,,1,100,,61199,8425,,,1,100,,61186,8425,,,1,98,,61195,8425,,,1,100,,61187,8425,,,1
8801,'SE',622,,61216,8425,,,1,20,,61203,8425,,,1,15,,61231,8425,,,1,52,,61217,8425,,,1,7,,61218,8425,,,1,19,,61220,8425,,,1,9,,61208,8425,,,1,12,,61221,8425,,,1,51,,61202,8425,,,1,10,,61244,8425,,,1,19,,61243,8425,,,1,18,,61214,8425,,,1,70,,61219,8425,,,1,30,,61209,8425,,,1,70,,61205,8425,,,1,30,,61232,8425,,,1,70,,61242,8425,,,1,30,,61207,8425,,,1,70,,61239,8425,,,1,30,,61240,8425,,,1,70,,61204,8425,,,1,30,,61235,8425,,,1,73,,61241,8425,,,1,29,,61206,8425,,,1,49,,61222,8425,,,1,2,,61212,8425,,,1,2,,61233,8425,,,1,7,,61213,8425,,,1,18,,61237,8425,,,1,18,,61246,8425,,,1,52,,61236,8425,,,1,15,,61215,8425,,,1,18,,61248,8425,,,1,13,,61210,8425,,,1,55,,61245,8425,,,1,14,,61223,8425,,,1,16,,61234,8425,,,1,15,,61238,8425,,,1,57,,61247,8425,,,1,20,,61227,8425,,,1,27,,61249,8425,,,1,72,,61224,8425,,,1,30,,61250,8425,,,1,69,,61228,8425,,,1,30,,61211,8425,,,1,70,,61225,8425,,,1,102,,61229,8425,,,1,98,,61226,8425,,,1,100,,61230,8425,,,1
12800,'SE',608,,61950,9898,,,2,100,,61949,9898,,,2,895,,61951,9898,,,2
42800,'DI',617,,62821,9898,,,1,110,,62822,9898,,,1,111,,62823,9898,,,1,109,,62824,9898,,,1,110,,62825,9898,,,1,75,,62831,9898,,,1,75,,62826,9898,,,1,35,,62832,9898,,,1,75,,62827,9898,,,1,35,,62833,9898,,,1,74,,62828,9898,,,1,78,,62834,9898,,,1,34,,62829,9898,,,1,80,,62835,9898,,,1,34,,62830,9898,,,1,151,,62836,9898,,,1,106,,62837,9898,,,1,108,,62838,9898,,,1,110,,62839,9898,,,1,110,,62840,9898,,,1
42800,'F1',617,,62841,9898,,,1,110,,62842,9898,,,1,111,,62843,9898,,,1,109,,62844,9898,,,1,110,,62845,9898,,,1,75,,62851,9898,,,1,75,,62846,9898,,,1,35,,62852,9898,,,1,75,,62847,9898,,,1,35,,62853,9898,,,1,74,,62848,9898,,,1,78,,62854,9898,,,1,34,,62849,9898,,,1,80,,62855,9898,,,1,34,,62850,9898,,,1,151,,62856,9898,,,1,106,,62857,9898,,,1,108,,62858,9898,,,1,110,,62859,9898,,,1,110,,62860,9898,,,1
42800,'F2',617,,62861,9898,,,1,110,,62862,9898,,,1,111,,62863,9898,,,1,109,,62864,9898,,,1,110,,62865,9898,,,1,75,,62871,9898,,,1,75,,62866,9898,,,1,35,,62872,9898,,,1,75,,62867,9898,,,1,35,,62873,9898,,,1,74,,62868,9898,,,1,78,,62874,9898,,,1,34,,62869,9898,,,1,80,,62875,9898,,,1,34,,62870,9898,,,1,151,,62876,9898,,,1,106,,62877,9898,,,1,108,,62878,9898,,,1,110,,62879,9898,,,1,110,,62880,9898,,,1
42800,'SA',617,,62881,9898,,,1,110,,62882,9898,,,1,111,,62883,9898,,,1,109,,62884,9898,,,1,110,,62885,9898,,,1,75,,62891,9898,,,1,75,,62886,9898,,,1,35,,62892,9898,,,1,75,,62887,9898,,,1,35,,62893,9898,,,1,74,,62888,9898,,,1,78,,62894,9898,,,1,34,,62889,9898,,,1,80,,62895,9898,,,1,34,,62890,9898,,,1,151,,62896,9898,,,1,106,,62897,9898,,,1,108,,62898,9898,,,1,110,,62899,9898,,,1,110,,62900,9898,,,1
42800,'SE',532,,62901,9898,,,1,75,,62911,9898,,,1,33,,62902,9898,,,1,85,,62912,9898,,,1,78,,62903,9898,,,1,35,,62913,9898,,,1,77,,62904,9898,,,1,32,,62914,9898,,,1,75,,62905,9898,,,1,35,,62915,9898,,,1,75,,62906,9898,,,1,75,,62916,9898,,,1,33,,62907,9898,,,1,73,,62917,9898,,,1,35,,62908,9898,,,1,74,,62918,9898,,,1,37,,62909,9898,,,1,77,,62919,9898,,,1,76,,62910,9898,,,1,40,,62920,9898,,,1,74,,62927,9898,,,1,79,,62921,9898,,,1,32,,62928,9898,,,1,75,,62922,9898,,,1,107,,62923,9898,,,1,108,,62924,9898,,,1,110,,62925,9898,,,1,110,,62926,9898,,,1
60801,'SE',1502,,63490,4021,,,2,2,,63491,4021,,,2
