3801,'DI',611,,57151,1354,,,1,100,,57154,1354,,,1,100,,57145,1354,,,1,100,,57158,1354,,,1,100,,57156,1354,,,1,100,,57160,1354,,,1,100,,57148,1354,,,1,100,,57155,1354,,,1,98,,57152,1354,,,1,99,,57159,1354,,,1,102,,57146,1354,,,1,101,,57153,1354,,,1,100,,57161,1354,,,1,100,,57149,1354,,,1,100,,57157,1354,,,1,100,,57162,1354,,,1,100,,57147,1354,,,1,100,,57150,1354,,,1,100,,57144,1354,,,1
3801,'F1',611,,57170,1354,,,1,100,,57173,1354,,,1,100,,57164,1354,,,1,100,,57177,1354,,,1,100,,57175,1354,,,1,100,,57179,1354,,,1,100,,57167,1354,,,1,100,,57174,1354,,,1,98,,57171,1354,,,1,99,,57178,1354,,,1,102,,57165,1354,,,1,101,,57172,1354,,,1,100,,57180,1354,,,1,100,,57168,1354,,,1,100,,57176,1354,,,1,100,,57181,1354,,,1,100,,57166,1354,,,1,100,,57169,1354,,,1,100,,57163,1354,,,1
3801,'F2',610,,57188,1354,,,1,100,,57192,1354,,,1,99,,57183,1354,,,1,101,,57197,1354,,,1,100,,57184,1354,,,1,100,,57189,1354,,,1,100,,57199,1354,,,1,100,,57185,1354,,,1,100,,57193,1354,,,1,100,,57198,1354,,,1,100,,57194,1354,,,1,100,,57182,1354,,,1,100,,57200,1354,,,1,100,,57190,1354,,,1,100,,57186,1354,,,1,100,,57187,1354,,,1,100,,57195,1354,,,1,100,,57191,1354,,,1,100,,57196,1354,,,1
3801,'SA',610,,57207,1354,,,1,100,,57211,1354,,,1,99,,57202,1354,,,1,101,,57216,1354,,,1,100,,57203,1354,,,1,100,,57208,1354,,,1,100,,57218,1354,,,1,100,,57204,1354,,,1,100,,57212,1354,,,1,100,,57217,1354,,,1,100,,57213,1354,,,1,100,,57201,1354,,,1,100,,57219,1354,,,1,100,,57209,1354,,,1,100,,57205,1354,,,1,100,,57206,1354,,,1,100,,57214,1354,,,1,100,,57210,1354,,,1,100,,57215,1354,,,1
3801,'SE',519,,57249,1354,,,1,30,,57224,1354,,,1,71,,57220,1354,,,1,34,,57233,1354,,,1,73,,57225,1354,,,1,24,,57221,1354,,,1,69,,57240,1354,,,1,35,,57226,1354,,,1,70,,57238,1354,,,1,75,,57243,1354,,,1,100,,57223,1354,,,1,100,,57234,1354,,,1,100,,57244,1354,,,1,58,,57222,1354,,,1,97,,57228,1354,,,1,55,,57237,1354,,,1,17,,57235,1354,,,1,21,,57246,1354,,,1,61,,57229,1354,,,1,20,,57236,1354,,,1,21,,57245,1354,,,1,60,,57247,1354,,,1,19,,57231,1354,,,1,22,,57232,1354,,,1,59,,57251,1354,,,1,20,,57248,1354,,,1,80,,57242,1354,,,1,95,,57250,1354,,,1,100,,57241,1354,,,1,99,,57227,1354,,,1,100,,57230,1354,,,1,100,,57239,1354,,,1
4200,'DI',614,,57252,1334,,,1,100,,57253,1334,,,1,100,,57254,1334,,,1,100,,57255,1334,,,1,100,,57256,1334,,,1,100,,57257,1334,,,1,100,,57258,1334,,,1,100,,57259,1334,,,1,100,,57260,1334,,,1,100,,57261,1334,,,1,100,,57262,1334,,,1,100,,57263,1334,,,1,100,,57264,1334,,,1,100,,57265,1334,,,1,100,,57266,1334,,,1,100,,57267,1334,,,1,100,,57268,1334,,,1,100,,57269,1334,,,1,100,,57270,1334,,,1,100,,57271,1334,,,1
4200,'F1',614,,57272,1334,,,1,100,,57273,1334,,,1,100,,57274,1334,,,1,100,,57275,1334,,,1,100,,57276,1334,,,1,100,,57277,1334,,,1,100,,57278,1334,,,1,100,,57279,1334,,,1,100,,57280,1334,,,1,100,,57281,1334,,,1,100,,57282,1334,,,1,100,,57283,1334,,,1,100,,57284,1334,,,1,100,,57285,1334,,,1,100,,57286,1334,,,1,100,,57287,1334,,,1,100,,57288,1334,,,1,100,,57289,1334,,,1,100,,57290,1334,,,1,100,,57291,1334,,,1
4200,'F2',614,,57292,1334,,,1,100,,57293,1334,,,1,100,,57294,1334,,,1,100,,57295,1334,,,1,100,,57296,1334,,,1,100,,57297,1334,,,1,100,,57298,1334,,,1,100,,57299,1334,,,1,100,,57300,1334,,,1,100,,57301,1334,,,1,100,,57302,1334,,,1,100,,57303,1334,,,1,100,,57304,1334,,,1,100,,57305,1334,,,1,100,,57306,1334,,,1,100,,57307,1334,,,1,100,,57308,1334,,,1,100,,57309,1334,,,1,100,,57310,1334,,,1,100,,57311,1334,,,1
4200,'SA',614,,57312,1334,,,1,100,,57313,1334,,,1,100,,57314,1334,,,1,100,,57315,1334,,,1,100,,57316,1334,,,1,100,,57317,1334,,,1,100,,57318,1334,,,1,100,,57319,1334,,,1,100,,57320,1334,,,1,100,,57321,1334,,,1,100,,57322,1334,,,1,100,,57323,1334,,,1,100,,57324,1334,,,1,100,,57325,1334,,,1,100,,57326,1334,,,1,100,,57327,1334,,,1,100,,57328,1334,,,1,100,,57329,1334,,,1,100,,57330,1334,,,1,100,,57331,1334,,,1
4200,'SE',555,,57363,1334,,,1,76,,57346,1334,,,1,69,,57360,1334,,,1,12,,57345,1334,,,1,6,,57340,1334,,,1,6,,57349,1334,,,1,6,,57347,1334,,,1,22,,57350,1334,,,1,62,,57373,1334,,,1,34,,57369,1334,,,1,70,,57374,1334,,,1,30,,57348,1334,,,1,70,,57342,1334,,,1,30,,57343,1334,,,1,70,,57339,1334,,,1,30,,57362,1334,,,1,70,,57335,1334,,,1,30,,57332,1334,,,1,70,,57370,1334,,,1,30,,57341,1334,,,1,70,,57338,1334,,,1,30,,57336,1334,,,1,71,,57351,1334,,,1,30,,57372,1334,,,1,66,,57333,1334,,,1,24,,57361,1334,,,1,15,,57337,1334,,,1,54,,57344,1334,,,1,14,,57371,1334,,,1,14,,57352,1334,,,1,15,,57334,1334,,,1,68,,57366,1334,,,1,30,,57353,1334,,,1,73,,57367,1334,,,1,34,,57354,1334,,,1,70,,57368,1334,,,1,29,,57355,1334,,,1,70,,57364,1334,,,1,30,,57356,1334,,,1,70,,57365,1334,,,1,91,,57357,1334,,,1,100,,57358,1334,,,1,100,,57359,1334,,,1
5000,'DI',717,,58000,1354,,,2,100,,58001,1354,,,2,100,,58007,1354,,,2,103,,58008,1354,,,2,94,,58002,1354,,,2,103,,58003,1354,,,2,103,,58004,1354,,,2,97,,57992,1354,,,2,96,,57994,1354,,,2,103,,57995,1354,,,2,106,,57996,1354,,,2,95,,58009,1354,,,2,100,,58005,1354,,,2,100,,57999,1354,,,2,100,,57997,1354,,,2,100,,58011,1354,,,2,100,,57998,1354,,,2,100,,57993,1354,,,2,100,,58010,1354,,,2
5000,'F1',717,,58020,1354,,,2,100,,58021,1354,,,2,100,,58027,1354,,,2,103,,58028,1354,,,2,94,,58022,1354,,,2,103,,58023,1354,,,2,103,,58024,1354,,,2,97,,58012,1354,,,2,96,,58014,1354,,,2,103,,58015,1354,,,2,106,,58016,1354,,,2,95,,58029,1354,,,2,100,,58025,1354,,,2,100,,58019,1354,,,2,100,,58017,1354,,,2,100,,58031,1354,,,2,100,,58018,1354,,,2,100,,58013,1354,,,2,100,,58030,1354,,,2
5000,'F2',617,,58032,1354,,,2,98,,58036,1354,,,2,102,,58038,1354,,,2,97,,58046,1354,,,2,103,,58043,1354,,,2,96,,58047,1354,,,2,102,,58033,1354,,,2,98,,58037,1354,,,2,99,,47381,1354,,,2,103,,58048,1354,,,2,103,,58049,1354,,,2,103,,58050,1354,,,2,96,,58034,1354,,,2,100,,58040,1354,,,2,100,,58039,1354,,,2,100,,58041,1354,,,2,97,,58044,1354,,,2,103,,58045,1354,,,2,101,,58035,1354,,,2,99,,58042,1354,,,2
5000,'SA',617,,58051,1354,,,2,98,,58055,1354,,,2,102,,58057,1354,,,2,97,,58065,1354,,,2,103,,58062,1354,,,2,96,,58066,1354,,,2,102,,58052,1354,,,2,98,,58056,1354,,,2,99,,31377,1354,,,2,103,,58067,1354,,,2,103,,58068,1354,,,2,103,,58069,1354,,,2,96,,58053,1354,,,2,100,,58059,1354,,,2,100,,58058,1354,,,2,100,,58060,1354,,,2,97,,58063,1354,,,2,103,,58064,1354,,,2,101,,58054,1354,,,2,99,,58061,1354,,,2
5000,'SE',707,,58082,1354,,,2,30,,58075,1354,,,2,70,,58081,1354,,,2,33,,58076,1354,,,2,67,,58073,1354,,,2,100,,58095,1354,,,2,100,,58088,1354,,,2,100,,58071,1354,,,2,100,,58078,1354,,,2,99,,58085,1354,,,2,102,,58079,1354,,,2,28,,58083,1354,,,2,70,,47419,1354,,,2,34,,58084,1354,,,2,66,,58086,1354,,,2,30,,58074,1354,,,2,70,,58091,1354,,,2,31,,58093,1354,,,2,70,,58087,1354,,,2,100,,58090,1354,,,2,100,,58092,1354,,,2,100,,58080,1354,,,2,100,,58070,1354,,,2,100,,58096,1354,,,2,100,,58094,1354,,,2
6000,'SE',624,,58258,1334,,,1,84,,58256,1334,,,1,37,,58259,1334,,,1,87,,58257,1334,,,1,101,,58251,1334,,,1,100,,58269,1334,,,1,100,,58254,1334,,,1,100,,58252,1334,,,1,100,,58255,1334,,,1,100,,58271,1334,,,1,96,,58260,1334,,,1,30,,58267,1334,,,1,64,,58253,1334,,,1,24,,58264,1334,,,1,68,,58262,1334,,,1,28,,58261,1334,,,1,66,,58265,1334,,,1,30,,58263,1334,,,1,69,,58250,1334,,,1,99,,58272,1334,,,1,99,,58273,1334,,,1,100,,58266,1334,,,1,50,,58268,1334,,,1,100,,58270,1334,,,1
16000,'DI',654,,62163,1334,0,19 20,1,100,,62168,1334,0,19 20,1,100,,62162,1334,0,19 20,1,100,,62156,1334,0,19 20,1,100,,62159,1334,0,19 20,1,100,,62165,1334,0,19 20,1,100,,62160,1334,0,19 20,1,100,,62169,1334,0,19 20,1,100,,62161,1334,0,19 20,1,100,,62164,1334,0,19 20,1,100,,62157,1334,0,19 20,1,100,,62166,1334,0,19 20,1,100,,62170,1334,0,19 20,1,102,,62158,1334,0,19 20,1,98,,62167,1334,0,19 20,1
16000,'F1',654,,62178,1334,0,19 20,1,100,,62183,1334,0,19 20,1,100,,62177,1334,0,19 20,1,100,,62171,1334,0,19 20,1,100,,62174,1334,0,19 20,1,100,,62180,1334,0,19 20,1,100,,62175,1334,0,19 20,1,100,,62184,1334,0,19 20,1,100,,62176,1334,0,19 20,1,100,,62179,1334,0,19 20,1,100,,62172,1334,0,19 20,1,100,,62181,1334,0,19 20,1,100,,62185,1334,0,19 20,1,102,,62173,1334,0,19 20,1,98,,62182,1334,0,19 20,1
16000,'F2',654,,62197,1334,0,19 20,1,99,,62186,1334,0,19 20,1,101,,62198,1334,0,19 20,1,100,,50222,1334,0,19 20,1,100,,62191,1334,0,19 20,1,99,,62194,1334,0,19 20,1,101,,62192,1334,0,19 20,1,100,,62189,1334,0,19 20,1,100,,62199,1334,0,19 20,1,100,,62190,1334,0,19 20,1,100,,62187,1334,0,19 20,1,100,,62195,1334,0,19 20,1,100,,62193,1334,0,19 20,1,101,,62188,1334,0,19 20,1,99,,62196,1334,0,19 20,1
16000,'SA',654,,62211,1334,0,19 20,1,99,,62200,1334,0,19 20,1,101,,62212,1334,0,19 20,1,100,,38455,1334,0,19 20,1,100,,62205,1334,0,19 20,1,99,,62208,1334,0,19 20,1,101,,62206,1334,0,19 20,1,100,,62203,1334,0,19 20,1,100,,62213,1334,0,19 20,1,100,,62204,1334,0,19 20,1,100,,62201,1334,0,19 20,1,100,,62209,1334,0,19 20,1,100,,62207,1334,0,19 20,1,101,,62202,1334,0,19 20,1,99,,62210,1334,0,19 20,1
16000,'SE',608,,62221,1334,0,19 20,1,95,,62214,1334,0,19 20,1,38,,62219,1334,0,19 20,1,95,,62215,1334,0,19 20,1,89,,62218,1334,0,19 20,1,86,,62230,1334,0,19 20,1,100,,62228,1334,0,19 20,1,100,,62222,1334,0,19 20,1,100,,62216,1334,0,19 20,1,100,,62231,1334,0,19 20,1,98,,62220,1334,0,19 20,1,30,,62229,1334,0,19 20,1,68,,62232,1334,0,19 20,1,24,,62237,1334,0,19 20,1,70,,62234,1334,0,19 20,1,28,,62233,1334,0,19 20,1,30,,62223,1334,0,19 20,1,70,,62236,1334,0,19 20,1,30,,62235,1334,0,19 20,1,87,,62217,1334,0,19 20,1,100,,62224,1334,0,19 20,1,100,,62226,1334,0,19 20,1,92,,62225,1334,0,19 20,1,100,,62227,1334,0,19 20,1
54201,'SE',859,,63455,1420,,,2
