400,'DI',638,,52309,16220,,,1,69,,52302,16220,,,1,30,,52320,16220,,,1,70,,52312,16220,,,1,30,,52310,16220,,,1,72,,52303,16220,,,1,30,,52321,16220,,,1,72,,52313,16220,,,1,30,,52323,16220,,,1,70,,52304,16220,,,1,32,,52322,16220,,,1,70,,52314,16220,,,1,27,,52324,16220,,,1,71,,52305,16220,,,1,32,,52329,16220,,,1,70,,52327,16220,,,1,28,,52317,16220,,,1,71,,52306,16220,,,1,29,,52325,16220,,,1,70,,52330,16220,,,1,32,,52315,16220,,,1,70,,52307,16220,,,1,30,,52326,16220,,,1,70,,52331,16220,,,1,31,,52316,16220,,,1,68,,52318,16220,,,1,30,,52332,16220,,,1,70,,52328,16220,,,1,30,,52333,16220,,,1,70,,52319,16220,,,1,30,,52311,16220,,,1,70,,52334,16220,,,1,30,,52336,16220,,,1,100,,52335,16220,,,1,100,,52308,16220,,,1
400,'F2',638,,52373,16220,,,1,69,,52391,16220,,,1,30,,52375,16220,,,1,70,,52380,16220,,,1,30,,52374,16220,,,1,72,,52392,16220,,,1,30,,52376,16220,,,1,72,,52381,16220,,,1,31,,52383,16220,,,1,70,,52393,16220,,,1,31,,52377,16220,,,1,70,,52382,16220,,,1,30,,52399,16220,,,1,70,,52397,16220,,,1,30,,52372,16220,,,1,70,,52384,16220,,,1,30,,52390,16220,,,1,70,,52385,16220,,,1,30,,52395,16220,,,1,70,,52378,16220,,,1,30,,52398,16220,,,1,70,,52394,16220,,,1,30,,52379,16220,,,1,70,,52387,16220,,,1,29,,52389,16220,,,1,70,,52401,16220,,,1,30,,52386,16220,,,1,70,,52404,16220,,,1,30,,52402,16220,,,1,70,,52403,16220,,,1,30,,52396,16220,,,1,70,,52405,16220,,,1,30,,52406,16220,,,1,100,,52400,16220,,,1,100,,52388,16220,,,1
400,'SA',638,,52408,16220,,,1,69,,52426,16220,,,1,30,,52410,16220,,,1,70,,52415,16220,,,1,30,,52409,16220,,,1,72,,52427,16220,,,1,30,,52411,16220,,,1,72,,52416,16220,,,1,31,,52418,16220,,,1,70,,52428,16220,,,1,31,,52412,16220,,,1,70,,52417,16220,,,1,30,,52434,16220,,,1,70,,52432,16220,,,1,30,,52407,16220,,,1,70,,52419,16220,,,1,30,,52425,16220,,,1,70,,52420,16220,,,1,30,,52430,16220,,,1,70,,52413,16220,,,1,30,,52433,16220,,,1,70,,52429,16220,,,1,30,,52414,16220,,,1,70,,52422,16220,,,1,29,,52424,16220,,,1,70,,52436,16220,,,1,30,,52421,16220,,,1,70,,52439,16220,,,1,30,,52437,16220,,,1,70,,52438,16220,,,1,30,,52431,16220,,,1,70,,52440,16220,,,1,30,,52441,16220,,,1,100,,52435,16220,,,1,100,,52423,16220,,,1
400,'SE',541,,52473,16220,,,1,65,,52469,16220,,,1,28,,52468,16220,,,1,20,,52475,16220,,,1,55,,52476,16220,,,1,20,,52467,16220,,,1,26,,52478,16220,,,1,60,,52470,16220,,,1,24,,52479,16220,,,1,9,,52483,16220,,,1,72,,52474,16220,,,1,13,,52453,16220,,,1,23,,52442,16220,,,1,70,,52455,16220,,,1,30,,52447,16220,,,1,70,,52448,16220,,,1,30,,52449,16220,,,1,70,,52451,16220,,,1,30,,52460,16220,,,1,70,,52461,16220,,,1,30,,52450,16220,,,1,69,,52446,16220,,,1,29,,52443,16220,,,1,73,,52477,16220,,,1,26,,52482,16220,,,1,76,,52480,16220,,,1,30,,52471,16220,,,1,70,,52472,16220,,,1,29,,52481,16220,,,1,64,,52459,16220,,,1,20,,52454,16220,,,1,71,,52464,16220,,,1,34,,52457,16220,,,1,70,,52444,16220,,,1,30,,52463,16220,,,1,68,,52465,16220,,,1,30,,52462,16220,,,1,70,,52452,16220,,,1,27,,52458,16220,,,1,70,,52466,16220,,,1,100,,52456,16220,,,1
7701,'DI',823,,60045,10550,,,1,100,,60047,10550,,,1,100,,60046,10550,,,1,100,,60048,10550,,,1,100,,60049,10550,,,1,100,,60051,10550,,,1,100,,60050,10550,,,1,102,,60052,10550,,,1,100,,60043,10550,,,1,100,,60053,10550,,,1,100,,60044,10550,,,1,97,,60054,10550,,,1,98,,60055,10550,,,1,100,,60057,10550,,,1,100,,60056,10550,,,1
7701,'F2',823,,60073,10550,,,1,100,,60075,10550,,,1,100,,60074,10550,,,1,100,,60076,10550,,,1,100,,60078,10550,,,1,100,,60077,10550,,,1,100,,60079,10550,,,1,102,,60080,10550,,,1,100,,60081,10550,,,1,100,,60083,10550,,,1,100,,60082,10550,,,1,97,,60084,10550,,,1,98,,60085,10550,,,1,100,,60087,10550,,,1,100,,60086,10550,,,1
7701,'SA',823,,60088,10550,,,1,100,,60090,10550,,,1,100,,60089,10550,,,1,100,,60091,10550,,,1,100,,60093,10550,,,1,100,,60092,10550,,,1,100,,60094,10550,,,1,102,,60095,10550,,,1,100,,60096,10550,,,1,100,,60098,10550,,,1,100,,60097,10550,,,1,97,,60099,10550,,,1,98,,60100,10550,,,1,100,,60102,10550,,,1,100,,60101,10550,,,1
7701,'SE',644,,60103,10550,,,1,11,,60106,10550,,,1,47,,60124,10550,,,1,7,,60107,10550,,,1,10,,60108,10550,,,1,5,,60111,10550,,,1,6,,60112,10550,,,1,18,,60113,10550,,,1,72,,60126,10550,,,1,30,,60104,10550,,,1,67,,60125,10550,,,1,4,,60109,10550,,,1,32,,60114,10550,,,1,70,,60127,10550,,,1,30,,60105,10550,,,1,70,,60110,10550,,,1,30,,60115,10550,,,1,72,,60128,10550,,,1,29,,60129,10550,,,1,71,,60130,10550,,,1,33,,60116,10550,,,1,70,,60131,10550,,,1,30,,60118,10550,,,1,69,,60122,10550,,,1,73,,60117,10550,,,1,30,,60134,10550,,,1,71,,60119,10550,,,1,25,,60123,10550,,,1,30,,60137,10550,,,1,74,,60120,10550,,,1,70,,60135,10550,,,1,28,,60132,10550,,,1,29,,60138,10550,,,1,70,,60121,10550,,,1,32,,60136,10550,,,1,67,,60133,10550,,,1,26,,60139,10550,,,1
42101,'SE',606,,62811,6833,,,1,37,,62809,6833,,,1,65,,62808,6833,,,1,22,,62819,6833,,,1,17,,62812,6833,,,1,72,,62817,6833,,,1,722,,62813,6833,,,1,75,,62820,6833,,,1,20,,62818,6833,,,1,70,,62816,6833,,,1,30,,62814,6833,,,1,69,,62815,6833,,,1,534,,62807,6833,,,1
60700,'SE',1606,,63487,2656,,,2,1,,63488,2656,,,2
90101,'DI',540,,63968,18543,,,1,80,,63792,18543,,,1,30,,63797,18543,,,1,70,,63791,18543,,,1,30,,63807,18543,,,1,73,,63804,18543,,,1,32,,63798,18543,,,1,72,,63786,18543,,,1,31,,63793,18543,,,1,70,,63789,18543,,,1,30,,63808,18543,,,1,71,,63805,18543,,,1,30,,63803,18543,,,1,71,,63794,18543,,,1,73,,63811,18543,,,1,28,,63800,18543,,,1,70,,63809,18543,,,1,29,,63781,18543,,,1,25,,63795,18543,,,1,75,,63787,18543,,,1,70,,63779,18543,,,1,31,,63810,18543,,,1,70,,63783,18543,,,1,30,,63799,18543,,,1,28,,63790,18543,,,1,70,,63780,18543,,,1,28,,63806,18543,,,1,75,,63788,18543,,,1,104,,63785,18543,,,1,97,,63801,18543,,,1,100,,63782,18543,,,1,100,,63784,18543,,,1,100,,63796,18543,,,1,100,,63802,18543,,,1
90101,'F2',620,,63860,18543,,,1,30,,63869,18543,,,1,70,,63864,18543,,,1,30,,63866,18543,,,1,73,,63872,18543,,,1,32,,63863,18543,,,1,72,,63861,18543,,,1,31,,63868,18543,,,1,70,,63874,18543,,,1,30,,63849,18543,,,1,71,,63862,18543,,,1,30,,63873,18543,,,1,71,,63865,18543,,,1,73,,63875,18543,,,1,28,,63854,18543,,,1,70,,63851,18543,,,1,29,,63845,18543,,,1,25,,63858,18543,,,1,75,,63876,18543,,,1,70,,63855,18543,,,1,31,,63852,18543,,,1,70,,63846,18543,,,1,30,,63847,18543,,,1,28,,63870,18543,,,1,70,,63856,18543,,,1,28,,63850,18543,,,1,75,,63859,18543,,,1,104,,63877,18543,,,1,97,,63853,18543,,,1,100,,63867,18543,,,1,100,,63857,18543,,,1,100,,63848,18543,,,1,100,,63871,18543,,,1
90101,'SA',540,,63969,18543,,,1,80,,63893,18543,,,1,30,,63902,18543,,,1,70,,63897,18543,,,1,30,,63899,18543,,,1,73,,63905,18543,,,1,32,,63896,18543,,,1,72,,63894,18543,,,1,31,,63901,18543,,,1,70,,63907,18543,,,1,30,,63882,18543,,,1,71,,63895,18543,,,1,30,,63906,18543,,,1,71,,63898,18543,,,1,73,,63908,18543,,,1,28,,63887,18543,,,1,70,,63884,18543,,,1,29,,63878,18543,,,1,25,,63891,18543,,,1,75,,63909,18543,,,1,70,,63888,18543,,,1,31,,63885,18543,,,1,70,,63879,18543,,,1,30,,63880,18543,,,1,28,,63903,18543,,,1,70,,63889,18543,,,1,28,,63883,18543,,,1,75,,63892,18543,,,1,104,,63910,18543,,,1,97,,63886,18543,,,1,100,,63900,18543,,,1,100,,63890,18543,,,1,100,,63881,18543,,,1,100,,63904,18543,,,1
90101,'SE',536,,63970,18543,,,1,67,,63942,18543,,,1,30,,63945,18543,,,1,16,,63949,18543,,,1,55,,63917,18543,,,1,15,,63939,18543,,,1,15,,63919,18543,,,1,15,,63924,18543,,,1,10,,63948,18543,,,1,55,,63922,18543,,,1,10,,63927,18543,,,1,10,,63943,18543,,,1,12,,63914,18543,,,1,8,,63918,18543,,,1,5,,63944,18543,,,1,50,,63946,18543,,,1,10,,63920,18543,,,1,12,,63954,18543,,,1,15,,63941,18543,,,1,12,,63923,18543,,,1,60,,63925,18543,,,1,20,,63950,18543,,,1,20,,63928,18543,,,1,60,,63915,18543,,,1,20,,63947,18543,,,1,20,,63955,18543,,,1,60,,63911,18543,,,1,20,,63913,18543,,,1,20,,63926,18543,,,1,60,,63921,18543,,,1,20,,63929,18543,,,1,20,,63916,18543,,,1,60,,63958,18543,,,1,20,,63956,18543,,,1,20,,63930,18543,,,1,60,,63940,18543,,,1,23,,63953,18543,,,1,60,,63957,18543,,,1,20,,63931,18543,,,1,20,,63951,18543,,,1,70,,63959,18543,,,1,29,,63961,18543,,,1,73,,63963,18543,,,1,28,,63933,18543,,,1,72,,63952,18543,,,1,30,,63960,18543,,,1,63,,63935,18543,,,1,30,,63912,18543,,,1,70,,63962,18543,,,1,31,,63964,18543,,,1,70,,63932,18543,,,1,30,,63936,18543,,,1,70,,63937,18543,,,1,100,,63965,18543,,,1,100,,63934,18543,,,1,100,,63938,18543,,,1
