800,'DI',555,,22786,4566,,,1,72,,22781,4566,,,1,30,,2441,4566,,,1,70,,2447,4566,,,1,30,,22787,4566,,,1,70,,22782,4566,,,1,32,,2442,4566,,,1,70,,2448,4566,,,1,30,,22788,4566,,,1,70,,22783,4566,,,1,30,,2443,4566,,,1,70,,2449,4566,,,1,71,,22789,4566,,,1,30,,2436,4566,,,1,70,,2444,4566,,,1,30,,2450,4566,,,1,70,,22790,4566,,,1,30,,22784,4566,,,1,70,,2445,4566,,,1,30,,22793,4566,,,1,70,,22791,4566,,,1,30,,22785,4566,,,1,29,,2446,4566,,,1,70,,22794,4566,,,1,72,,22792,4566,,,1,43,,2437,4566,,,1,100,,22795,4566,,,1,100,,2438,4566,,,1,99,,22796,4566,,,1,100,,2439,4566,,,1,100,,22797,4566,,,1,100,,2440,4566,,,1,100,,22780,4566,,,1
800,'F1',555,,44063,4566,,,1,72,,44043,4566,,,1,30,,44051,4566,,,1,70,,44057,4566,,,1,30,,44064,4566,,,1,70,,44044,4566,,,1,32,,44052,4566,,,1,70,,44058,4566,,,1,30,,44065,4566,,,1,70,,44045,4566,,,1,30,,44053,4566,,,1,70,,44059,4566,,,1,71,,44066,4566,,,1,30,,44046,4566,,,1,70,,44054,4566,,,1,30,,44060,4566,,,1,70,,44067,4566,,,1,30,,44061,4566,,,1,70,,44055,4566,,,1,30,,44070,4566,,,1,70,,44068,4566,,,1,30,,44062,4566,,,1,29,,44056,4566,,,1,70,,44071,4566,,,1,72,,44069,4566,,,1,43,,44047,4566,,,1,100,,44072,4566,,,1,100,,44048,4566,,,1,99,,44073,4566,,,1,100,,44049,4566,,,1,100,,44074,4566,,,1,100,,44050,4566,,,1,100,,44042,4566,,,1
800,'F2',555,,44096,4566,,,1,70,,44079,4566,,,1,32,,44092,4566,,,1,70,,44094,4566,,,1,31,,44097,4566,,,1,70,,44080,4566,,,1,30,,44093,4566,,,1,71,,44095,4566,,,1,30,,44098,4566,,,1,70,,44081,4566,,,1,30,,44087,4566,,,1,70,,44103,4566,,,1,28,,44099,4566,,,1,72,,44082,4566,,,1,30,,44088,4566,,,1,70,,44104,4566,,,1,30,,44100,4566,,,1,70,,44107,4566,,,1,30,,44089,4566,,,1,70,,44105,4566,,,1,30,,44101,4566,,,1,70,,44108,4566,,,1,30,,44090,4566,,,1,70,,44106,4566,,,1,72,,44102,4566,,,1,28,,44075,4566,,,1,30,,44091,4566,,,1,86,,44083,4566,,,1,98,,44076,4566,,,1,100,,44084,4566,,,1,100,,44077,4566,,,1,100,,44085,4566,,,1,100,,44078,4566,,,1,100,,44086,4566,,,1
800,'F8',555,,22955,4566,,,1,70,,22938,4566,,,1,32,,22951,4566,,,1,70,,22953,4566,,,1,31,,22956,4566,,,1,70,,22939,4566,,,1,30,,22952,4566,,,1,71,,22954,4566,,,1,30,,22957,4566,,,1,70,,22940,4566,,,1,30,,22946,4566,,,1,70,,22962,4566,,,1,28,,22958,4566,,,1,72,,22941,4566,,,1,30,,22947,4566,,,1,70,,22963,4566,,,1,30,,22959,4566,,,1,70,,22966,4566,,,1,30,,22948,4566,,,1,70,,22964,4566,,,1,30,,22960,4566,,,1,70,,22967,4566,,,1,30,,22949,4566,,,1,70,,22965,4566,,,1,72,,22961,4566,,,1,28,,22934,4566,,,1,30,,22950,4566,,,1,86,,22942,4566,,,1,98,,22935,4566,,,1,100,,22943,4566,,,1,100,,22936,4566,,,1,100,,22944,4566,,,1,100,,22937,4566,,,1,100,,22945,4566,,,1
800,'F9',555,,22989,4566,,,1,72,,22969,4566,,,1,30,,22977,4566,,,1,70,,22983,4566,,,1,30,,22990,4566,,,1,70,,22970,4566,,,1,32,,22978,4566,,,1,70,,22984,4566,,,1,30,,22991,4566,,,1,70,,22971,4566,,,1,30,,22979,4566,,,1,70,,22985,4566,,,1,71,,22992,4566,,,1,30,,22972,4566,,,1,70,,22980,4566,,,1,30,,22986,4566,,,1,70,,22993,4566,,,1,30,,22987,4566,,,1,70,,22981,4566,,,1,30,,22996,4566,,,1,70,,22994,4566,,,1,30,,22988,4566,,,1,29,,22982,4566,,,1,70,,22997,4566,,,1,72,,22995,4566,,,1,43,,22973,4566,,,1,100,,22998,4566,,,1,100,,22974,4566,,,1,99,,22999,4566,,,1,100,,22975,4566,,,1,100,,23000,4566,,,1,100,,22976,4566,,,1,100,,22968,4566,,,1
800,'SA',555,,23022,4566,,,1,70,,23005,4566,,,1,32,,23018,4566,,,1,70,,23020,4566,,,1,31,,23023,4566,,,1,70,,23006,4566,,,1,30,,23019,4566,,,1,71,,23021,4566,,,1,30,,23024,4566,,,1,70,,23007,4566,,,1,30,,23013,4566,,,1,70,,23029,4566,,,1,28,,23025,4566,,,1,72,,23008,4566,,,1,30,,23014,4566,,,1,70,,23030,4566,,,1,30,,23026,4566,,,1,70,,2660,4566,,,1,30,,23015,4566,,,1,70,,23031,4566,,,1,30,,23027,4566,,,1,70,,2661,4566,,,1,30,,23016,4566,,,1,70,,23032,4566,,,1,72,,23028,4566,,,1,28,,23001,4566,,,1,30,,23017,4566,,,1,86,,23009,4566,,,1,98,,23002,4566,,,1,100,,23010,4566,,,1,100,,23003,4566,,,1,100,,23011,4566,,,1,100,,23004,4566,,,1,100,,23012,4566,,,1
800,'SE',458,,44153,4566,,,1,68,,44155,4566,,,1,22,,44156,4566,,,1,81,,44112,4566,,,1,30,,44154,4566,,,1,61,,44126,4566,,,1,19,,44157,4566,,,1,13,,44150,4566,,,1,55,,44115,4566,,,1,15,,44134,4566,,,1,15,,44113,4566,,,1,17,,44137,4566,,,1,55,,44124,4566,,,1,15,,44127,4566,,,1,15,,44130,4566,,,1,15,,44171,4566,,,1,55,,44116,4566,,,1,15,,44135,4566,,,1,15,,44114,4566,,,1,15,,44138,4566,,,1,55,,44140,4566,,,1,16,,44118,4566,,,1,15,,44128,4566,,,1,15,,44158,4566,,,1,55,,44172,4566,,,1,15,,44169,4566,,,1,15,,44136,4566,,,1,15,,44109,4566,,,1,55,,44139,4566,,,1,15,,44125,4566,,,1,15,,44119,4566,,,1,15,,44131,4566,,,1,55,,44159,4566,,,1,16,,44117,4566,,,1,15,,44162,4566,,,1,15,,44161,4566,,,1,55,,44110,4566,,,1,15,,44141,4566,,,1,15,,44146,4566,,,1,15,,44129,4566,,,1,55,,44165,4566,,,1,15,,44132,4566,,,1,12,,44160,4566,,,1,12,,44145,4566,,,1,52,,44163,4566,,,1,12,,44151,4566,,,1,12,,44164,4566,,,1,12,,44111,4566,,,1,11,,44142,4566,,,1,52,,44147,4566,,,1,12,,44166,4566,,,1,12,,44148,4566,,,1,10,,44167,4566,,,1,10,,44133,4566,,,1,60,,44152,4566,,,1,27,,44120,4566,,,1,69,,44173,4566,,,1,30,,44168,4566,,,1,28,,44149,4566,,,1,70,,44121,4566,,,1,30,,44170,4566,,,1,85,,44143,4566,,,1,100,,44122,4566,,,1,98,,44144,4566,,,1,100,,44123,4566,,,1
2800,'DI',851,,27669,4194,0,32 33,1,100,,27674,4194,0,32 33,1,100,,27672,4194,0,32 33,1,100,,27670,4194,0,32 33,1,100,,27671,4194,0,32 33,1,100,,27675,4194,0,32 33,1,100,,27678,4194,0,32 33,1,101,,27677,4194,0,32 33,1,99,,27676,4194,0,32 33,1,100,,27673,4194,0,32 33,1
2800,'F1',851,,45917,4194,0,32 33,1,100,,45922,4194,0,32 33,1,100,,45920,4194,0,32 33,1,100,,45918,4194,0,32 33,1,100,,45919,4194,0,32 33,1,100,,45923,4194,0,32 33,1,100,,45926,4194,0,32 33,1,101,,45925,4194,0,32 33,1,99,,45924,4194,0,32 33,1,100,,45921,4194,0,32 33,1
2800,'F2',853,,45934,4194,0,32 33,1,98,,45929,4194,0,32 33,1,103,,45927,4194,0,32 33,1,97,,45931,4194,0,32 33,1,101,,45930,4194,0,32 33,1,100,,45932,4194,0,32 33,1,99,,45928,4194,0,32 33,1,103,,45936,4194,0,32 33,1,99,,45935,4194,0,32 33,1,98,,45933,4194,0,32 33,1
2800,'F8',853,,27747,4194,0,32 33,1,98,,27742,4194,0,32 33,1,103,,27740,4194,0,32 33,1,97,,27744,4194,0,32 33,1,101,,27743,4194,0,32 33,1,100,,27745,4194,0,32 33,1,99,,27741,4194,0,32 33,1,103,,27749,4194,0,32 33,1,99,,27748,4194,0,32 33,1,98,,27746,4194,0,32 33,1
2800,'F9',851,,27750,4194,0,32 33,1,100,,27755,4194,0,32 33,1,100,,27753,4194,0,32 33,1,100,,27751,4194,0,32 33,1,100,,27752,4194,0,32 33,1,100,,27756,4194,0,32 33,1,100,,27759,4194,0,32 33,1,101,,27758,4194,0,32 33,1,99,,27757,4194,0,32 33,1,100,,27754,4194,0,32 33,1
2800,'SA',853,,27766,4194,0,32 33,1,98,,27762,4194,0,32 33,1,103,,27760,4194,0,32 33,1,97,,27763,4194,0,32 33,1,101,,6923,4194,0,32 33,1,100,,27764,4194,0,32 33,1,99,,27761,4194,0,32 33,1,103,,27768,4194,0,32 33,1,99,,27767,4194,0,32 33,1,98,,27765,4194,0,32 33,1
2800,'SE',616,,45971,4194,0,32 33,1,85,,45972,4194,0,32 33,1,23,,45976,4194,0,32 33,1,3,,45977,4194,0,32 33,1,16,,45950,4194,0,32 33,1,13,,45962,4194,0,32 33,1,52,,45970,4194,0,32 33,1,18,,45961,4194,0,32 33,1,14,,45966,4194,0,32 33,1,18,,45951,4194,0,32 33,1,70,,45942,4194,0,32 33,1,30,,45946,4194,0,32 33,1,70,,45952,4194,0,32 33,1,30,,45943,4194,0,32 33,1,71,,45947,4194,0,32 33,1,30,,45953,4194,0,32 33,1,70,,45944,4194,0,32 33,1,30,,45948,4194,0,32 33,1,70,,45954,4194,0,32 33,1,30,,45945,4194,0,32 33,1,71,,45949,4194,0,32 33,1,70,,45973,4194,0,32 33,1,15,,45939,4194,0,32 33,1,15,,45959,4194,0,32 33,1,15,,45964,4194,0,32 33,1,55,,45975,4194,0,32 33,1,15,,45956,4194,0,32 33,1,14,,45958,4194,0,32 33,1,12,,45974,4194,0,32 33,1,12,,45940,4194,0,32 33,1,52,,45960,4194,0,32 33,1,12,,45963,4194,0,32 33,1,12,,45967,4194,0,32 33,1,12,,45955,4194,0,32 33,1,11,,45957,4194,0,32 33,1,52,,45937,4194,0,32 33,1,12,,45938,4194,0,32 33,1,13,,45965,4194,0,32 33,1,95,,45941,4194,0,32 33,1,99,,45968,4194,0,32 33,1,98,,45969,4194,0,32 33,1
7700,'DI',700,,35010,904,0,21 22 23,1,100,,35013,904,0,21 22 23,1,100,,35011,904,0,21 22 23,1,100,,35014,904,0,21 22 23,1,100,,35012,904,0,21 22 23,1,100,,35009,904,0,21 22 23,1,100,,35015,904,0,21 22 23,1,100,,35018,904,0,21 22 23,1,100,,35008,904,0,21 22 23,1,100,,35019,904,0,21 22 23,1,100,,35020,904,0,21 22 23,1,100,,35021,904,0,21 22 23,1,100,,35016,904,0,21 22 23,1,100,,35022,904,0,21 22 23,1,100,,35017,904,0,21 22 23,1
7700,'F1',700,,48854,904,0,21 22 23,1,100,,48857,904,0,21 22 23,1,100,,48855,904,0,21 22 23,1,100,,48858,904,0,21 22 23,1,100,,48856,904,0,21 22 23,1,100,,48853,904,0,21 22 23,1,100,,48859,904,0,21 22 23,1,100,,48862,904,0,21 22 23,1,100,,48852,904,0,21 22 23,1,100,,48863,904,0,21 22 23,1,100,,48864,904,0,21 22 23,1,100,,48865,904,0,21 22 23,1,100,,48860,904,0,21 22 23,1,100,,48866,904,0,21 22 23,1,100,,48861,904,0,21 22 23,1
7700,'F2',700,,48881,904,0,21 22 23,1,100,,48872,904,0,21 22 23,1,100,,48868,904,0,21 22 23,1,100,,48873,904,0,21 22 23,1,100,,48869,904,0,21 22 23,1,100,,48871,904,0,21 22 23,1,100,,48874,904,0,21 22 23,1,57,,48867,904,0,21 22 23,1,143,,48875,904,0,21 22 23,1,59,,48877,904,0,21 22 23,1,141,,48876,904,0,21 22 23,1,100,,48878,904,0,21 22 23,1,100,,48879,904,0,21 22 23,1,100,,48870,904,0,21 22 23,1,100,,48880,904,0,21 22 23,1
7700,'F8',700,,35108,904,0,21 22 23,1,100,,35099,904,0,21 22 23,1,100,,35095,904,0,21 22 23,1,100,,35100,904,0,21 22 23,1,100,,35096,904,0,21 22 23,1,100,,35098,904,0,21 22 23,1,100,,35101,904,0,21 22 23,1,57,,35094,904,0,21 22 23,1,143,,35102,904,0,21 22 23,1,59,,35104,904,0,21 22 23,1,141,,35103,904,0,21 22 23,1,100,,35105,904,0,21 22 23,1,100,,35106,904,0,21 22 23,1,100,,35097,904,0,21 22 23,1,100,,35107,904,0,21 22 23,1
7700,'F9',700,,35111,904,0,21 22 23,1,100,,35114,904,0,21 22 23,1,100,,35112,904,0,21 22 23,1,100,,35115,904,0,21 22 23,1,100,,35113,904,0,21 22 23,1,100,,35110,904,0,21 22 23,1,100,,35116,904,0,21 22 23,1,100,,35119,904,0,21 22 23,1,100,,35109,904,0,21 22 23,1,100,,35120,904,0,21 22 23,1,100,,35121,904,0,21 22 23,1,100,,35122,904,0,21 22 23,1,100,,35117,904,0,21 22 23,1,100,,35123,904,0,21 22 23,1,100,,35118,904,0,21 22 23,1
7700,'SA',700,,35137,904,0,21 22 23,1,100,,35128,904,0,21 22 23,1,100,,35125,904,0,21 22 23,1,100,,35129,904,0,21 22 23,1,100,,13602,904,0,21 22 23,1,100,,35127,904,0,21 22 23,1,100,,35130,904,0,21 22 23,1,57,,35124,904,0,21 22 23,1,143,,35131,904,0,21 22 23,1,59,,35133,904,0,21 22 23,1,141,,35132,904,0,21 22 23,1,100,,35134,904,0,21 22 23,1,100,,35135,904,0,21 22 23,1,100,,35126,904,0,21 22 23,1,100,,35136,904,0,21 22 23,1
7700,'SE',552,,48883,904,0,21 22 23,1,55,,48884,904,0,21 22 23,1,20,,48885,904,0,21 22 23,1,16,,48889,904,0,21 22 23,1,67,,48892,904,0,21 22 23,1,23,,48888,904,0,21 22 23,1,22,,48891,904,0,21 22 23,1,55,,48886,904,0,21 22 23,1,32,,48890,904,0,21 22 23,1,70,,48893,904,0,21 22 23,1,30,,48894,904,0,21 22 23,1,70,,48887,904,0,21 22 23,1,30,,48896,904,0,21 22 23,1,70,,48897,904,0,21 22 23,1,30,,48895,904,0,21 22 23,1,70,,48899,904,0,21 22 23,1,33,,48901,904,0,21 22 23,1,70,,48898,904,0,21 22 23,1,30,,48902,904,0,21 22 23,1,66,,48900,904,0,21 22 23,1,20,,48904,904,0,21 22 23,1,20,,48907,904,0,21 22 23,1,60,,48909,904,0,21 22 23,1,20,,48903,904,0,21 22 23,1,18,,48915,904,0,21 22 23,1,58,,48917,904,0,21 22 23,1,18,,48905,904,0,21 22 23,1,18,,48908,904,0,21 22 23,1,58,,48919,904,0,21 22 23,1,20,,48910,904,0,21 22 23,1,20,,48916,904,0,21 22 23,1,60,,48918,904,0,21 22 23,1,20,,48906,904,0,21 22 23,1,18,,48913,904,0,21 22 23,1,70,,48911,904,0,21 22 23,1,32,,48882,904,0,21 22 23,1,71,,48920,904,0,21 22 23,1,28,,48914,904,0,21 22 23,1,70,,48912,904,0,21 22 23,1
8800,'DI',712,,36639,4566,,,1,30,,36644,4566,,,1,70,,36650,4566,,,1,30,,36659,4566,,,1,70,,36640,4566,,,1,30,,36645,4566,,,1,72,,36651,4566,,,1,30,,36660,4566,,,1,70,,36641,4566,,,1,30,,36646,4566,,,1,70,,36652,4566,,,1,30,,36661,4566,,,1,70,,36642,4566,,,1,30,,36647,4566,,,1,70,,36653,4566,,,1,30,,15002,4566,,,1,70,,36654,4566,,,1,30,,36648,4566,,,1,70,,36662,4566,,,1,30,,15003,4566,,,1,70,,36655,4566,,,1,30,,36649,4566,,,1,70,,36663,4566,,,1,100,,36656,4566,,,1,100,,36664,4566,,,1,100,,36657,4566,,,1,100,,36665,4566,,,1,97,,36658,4566,,,1,100,,36638,4566,,,1,100,,36643,4566,,,1
8800,'F1',712,,49524,4566,,,1,30,,49529,4566,,,1,70,,49535,4566,,,1,30,,49544,4566,,,1,70,,49525,4566,,,1,30,,49530,4566,,,1,72,,49536,4566,,,1,30,,49545,4566,,,1,70,,49526,4566,,,1,30,,49531,4566,,,1,70,,49537,4566,,,1,30,,49546,4566,,,1,70,,49527,4566,,,1,30,,49532,4566,,,1,70,,49538,4566,,,1,30,,49521,4566,,,1,70,,49539,4566,,,1,30,,49533,4566,,,1,70,,49547,4566,,,1,30,,49522,4566,,,1,70,,49540,4566,,,1,30,,49534,4566,,,1,70,,49548,4566,,,1,100,,49541,4566,,,1,100,,49549,4566,,,1,100,,49542,4566,,,1,100,,49550,4566,,,1,97,,49543,4566,,,1,100,,49523,4566,,,1,100,,49528,4566,,,1
8800,'F2',712,,49554,4566,,,1,30,,49579,4566,,,1,71,,49575,4566,,,1,30,,49566,4566,,,1,71,,49559,4566,,,1,30,,49580,4566,,,1,70,,49576,4566,,,1,30,,49567,4566,,,1,70,,49560,4566,,,1,30,,49571,4566,,,1,70,,49556,4566,,,1,30,,49568,4566,,,1,70,,49561,4566,,,1,30,,49572,4566,,,1,70,,49557,4566,,,1,30,,49551,4566,,,1,70,,49562,4566,,,1,30,,49573,4566,,,1,70,,49558,4566,,,1,30,,49552,4566,,,1,71,,49581,4566,,,1,29,,49574,4566,,,1,71,,49569,4566,,,1,29,,49553,4566,,,1,70,,49563,4566,,,1,100,,49570,4566,,,1,99,,49564,4566,,,1,99,,49578,4566,,,1,100,,49565,4566,,,1,100,,49577,4566,,,1,100,,49555,4566,,,1
8800,'F8',712,,36775,4566,,,1,30,,36800,4566,,,1,71,,36796,4566,,,1,30,,36787,4566,,,1,71,,36780,4566,,,1,30,,36801,4566,,,1,70,,36797,4566,,,1,30,,36788,4566,,,1,70,,36781,4566,,,1,30,,36792,4566,,,1,70,,36777,4566,,,1,30,,36789,4566,,,1,70,,36782,4566,,,1,30,,36793,4566,,,1,70,,36778,4566,,,1,30,,36772,4566,,,1,70,,36783,4566,,,1,30,,36794,4566,,,1,70,,36779,4566,,,1,30,,36773,4566,,,1,71,,36802,4566,,,1,29,,36795,4566,,,1,71,,36790,4566,,,1,29,,36774,4566,,,1,70,,36784,4566,,,1,100,,36791,4566,,,1,99,,36785,4566,,,1,99,,36799,4566,,,1,100,,36786,4566,,,1,100,,36798,4566,,,1,100,,36776,4566,,,1
8800,'F9',712,,36806,4566,,,1,30,,36811,4566,,,1,70,,36817,4566,,,1,30,,36826,4566,,,1,70,,36807,4566,,,1,30,,36812,4566,,,1,72,,36818,4566,,,1,30,,36827,4566,,,1,70,,36808,4566,,,1,30,,36813,4566,,,1,70,,36819,4566,,,1,30,,36828,4566,,,1,70,,36809,4566,,,1,30,,36814,4566,,,1,70,,36820,4566,,,1,30,,36803,4566,,,1,70,,36821,4566,,,1,30,,36815,4566,,,1,70,,36829,4566,,,1,30,,36804,4566,,,1,70,,36822,4566,,,1,30,,36816,4566,,,1,70,,36830,4566,,,1,100,,36823,4566,,,1,100,,36831,4566,,,1,100,,36824,4566,,,1,100,,36832,4566,,,1,97,,36825,4566,,,1,100,,36805,4566,,,1,100,,36810,4566,,,1
8800,'SA',712,,36836,4566,,,1,30,,36860,4566,,,1,71,,36857,4566,,,1,30,,36848,4566,,,1,71,,36841,4566,,,1,30,,36861,4566,,,1,70,,36858,4566,,,1,30,,36849,4566,,,1,70,,36842,4566,,,1,30,,36853,4566,,,1,70,,36838,4566,,,1,30,,36850,4566,,,1,70,,36843,4566,,,1,30,,36854,4566,,,1,70,,36839,4566,,,1,30,,36833,4566,,,1,70,,36844,4566,,,1,30,,36855,4566,,,1,70,,36840,4566,,,1,30,,36834,4566,,,1,71,,36862,4566,,,1,29,,36856,4566,,,1,71,,36851,4566,,,1,29,,36835,4566,,,1,70,,36845,4566,,,1,100,,36852,4566,,,1,99,,36846,4566,,,1,99,,15203,4566,,,1,100,,36847,4566,,,1,100,,36859,4566,,,1,100,,36837,4566,,,1
8800,'SE',712,,49597,4566,,,1,21,,49625,4566,,,1,15,,49606,4566,,,1,54,,49611,4566,,,1,15,,49627,4566,,,1,15,,49600,4566,,,1,15,,49626,4566,,,1,69,,49586,4566,,,1,30,,49620,4566,,,1,70,,49621,4566,,,1,30,,49582,4566,,,1,71,,49588,4566,,,1,30,,49590,4566,,,1,70,,49584,4566,,,1,30,,49583,4566,,,1,70,,49593,4566,,,1,30,,49589,4566,,,1,71,,49623,4566,,,1,30,,49591,4566,,,1,58,,49601,4566,,,1,15,,49607,4566,,,1,15,,49598,4566,,,1,15,,49587,4566,,,1,55,,49629,4566,,,1,15,,49628,4566,,,1,13,,49624,4566,,,1,12,,49585,4566,,,1,12,,49614,4566,,,1,52,,49592,4566,,,1,12,,49602,4566,,,1,12,,49613,4566,,,1,11,,49608,4566,,,1,12,,49599,4566,,,1,52,,49604,4566,,,1,12,,49603,4566,,,1,19,,49605,4566,,,1,15,,49594,4566,,,1,62,,49622,4566,,,1,29,,49609,4566,,,1,70,,49596,4566,,,1,28,,49595,4566,,,1,70,,49615,4566,,,1,30,,49610,4566,,,1,70,,49618,4566,,,1,100,,49616,4566,,,1,99,,49619,4566,,,1,99,,49617,4566,,,1
