2800,'DI',905,,27669,9570,0,32 33,1,101,,27674,9570,0,32 33,1,101,,27672,9570,0,32 33,1,100,,27670,9570,0,32 33,1,100,,27671,9570,0,32 33,1,100,,27675,9570,0,32 33,1,100,,27678,9570,0,32 33,1,101,,27677,9570,0,32 33,1,99,,27676,9570,0,32 33,1,100,,27673,9570,0,32 33,1
2800,'F8',907,,27747,9570,0,32 33,1,99,,27742,9570,0,32 33,1,104,,27740,9570,0,32 33,1,97,,27744,9570,0,32 33,1,101,,27743,9570,0,32 33,1,100,,27745,9570,0,32 33,1,99,,27741,9570,0,32 33,1,103,,27749,9570,0,32 33,1,99,,27748,9570,0,32 33,1,98,,27746,9570,0,32 33,1
2800,'F9',905,,27750,9570,0,32 33,1,101,,27755,9570,0,32 33,1,101,,27753,9570,0,32 33,1,100,,27751,9570,0,32 33,1,100,,27752,9570,0,32 33,1,100,,27756,9570,0,32 33,1,100,,27759,9570,0,32 33,1,101,,27758,9570,0,32 33,1,99,,27757,9570,0,32 33,1,100,,27754,9570,0,32 33,1
2800,'SA',907,,27766,9570,0,32 33,1,99,,27762,9570,0,32 33,1,104,,27760,9570,0,32 33,1,97,,27763,9570,0,32 33,1,101,,6923,9570,0,32 33,1,100,,27764,9570,0,32 33,1,99,,27761,9570,0,32 33,1,103,,27768,9570,0,32 33,1,99,,27767,9570,0,32 33,1,98,,27765,9570,0,32 33,1
2800,'SE',633,,27804,9570,0,32 33,1,86,,27802,9570,0,32 33,1,22,,27805,9570,0,32 33,1,3,,27806,9570,0,32 33,1,56,,27770,9570,0,32 33,1,13,,27785,9570,0,32 33,1,15,,27803,9570,0,32 33,1,15,,27769,9570,0,32 33,1,14,,27775,9570,0,32 33,1,58,,27787,9570,0,32 33,1,30,,27771,9570,0,32 33,1,70,,27786,9570,0,32 33,1,30,,27788,9570,0,32 33,1,70,,27772,9570,0,32 33,1,32,,27793,9570,0,32 33,1,70,,27789,9570,0,32 33,1,30,,27773,9570,0,32 33,1,70,,27794,9570,0,32 33,1,30,,27790,9570,0,32 33,1,70,,27774,9570,0,32 33,1,32,,27795,9570,0,32 33,1,72,,27807,9570,0,32 33,1,16,,27799,9570,0,32 33,1,14,,27797,9570,0,32 33,1,55,,27781,9570,0,32 33,1,15,,27809,9570,0,32 33,1,15,,27776,9570,0,32 33,1,14,,27778,9570,0,32 33,1,52,,27808,9570,0,32 33,1,12,,27800,9570,0,32 33,1,12,,27798,9570,0,32 33,1,12,,27791,9570,0,32 33,1,12,,27782,9570,0,32 33,1,52,,27796,9570,0,32 33,1,11,,27777,9570,0,32 33,1,12,,27801,9570,0,32 33,1,10,,27780,9570,0,32 33,1,13,,27784,9570,0,32 33,1,95,,27779,9570,0,32 33,1,98,,27792,9570,0,32 33,1,98,,27783,9570,0,32 33,1
12800,'SE',609,,38027,10343,,,2,100,,38028,10343,,,2,895,,38029,10343,,,2
42800,'DI',618,,39684,10343,,,1,110,,39685,10343,,,1,111,,39686,10343,,,1,109,,39687,10343,,,1,110,,39688,10343,,,1,75,,39694,10343,,,1,75,,39689,10343,,,1,35,,39695,10343,,,1,75,,39690,10343,,,1,35,,39696,10343,,,1,74,,39691,10343,,,1,78,,39697,10343,,,1,34,,39692,10343,,,1,80,,39698,10343,,,1,34,,39693,10343,,,1,151,,39699,10343,,,1,106,,39700,10343,,,1,108,,39701,10343,,,1,110,,39702,10343,,,1,110,,39703,10343,,,1
42800,'F8',618,,39752,10343,,,1,110,,39753,10343,,,1,111,,39754,10343,,,1,109,,39755,10343,,,1,110,,39756,10343,,,1,75,,39762,10343,,,1,75,,39757,10343,,,1,35,,39763,10343,,,1,75,,39758,10343,,,1,35,,39764,10343,,,1,74,,39759,10343,,,1,78,,39765,10343,,,1,34,,39760,10343,,,1,80,,39766,10343,,,1,34,,39761,10343,,,1,151,,39767,10343,,,1,106,,39768,10343,,,1,108,,39769,10343,,,1,110,,39770,10343,,,1,110,,39771,10343,,,1
42800,'F9',618,,39772,10343,,,1,110,,39773,10343,,,1,111,,39774,10343,,,1,109,,39775,10343,,,1,110,,39776,10343,,,1,75,,39782,10343,,,1,75,,39777,10343,,,1,35,,39783,10343,,,1,75,,39778,10343,,,1,35,,39784,10343,,,1,74,,39779,10343,,,1,78,,39785,10343,,,1,34,,39780,10343,,,1,80,,39786,10343,,,1,34,,39781,10343,,,1,151,,39787,10343,,,1,106,,39788,10343,,,1,108,,39789,10343,,,1,110,,39790,10343,,,1,110,,39791,10343,,,1
42800,'SA',618,,39792,10343,,,1,110,,39793,10343,,,1,111,,39794,10343,,,1,109,,39795,10343,,,1,110,,39796,10343,,,1,75,,39802,10343,,,1,75,,39797,10343,,,1,35,,39803,10343,,,1,75,,39798,10343,,,1,35,,39804,10343,,,1,74,,39799,10343,,,1,78,,39805,10343,,,1,34,,39800,10343,,,1,80,,39806,10343,,,1,34,,39801,10343,,,1,151,,39807,10343,,,1,106,,39808,10343,,,1,108,,39809,10343,,,1,110,,39810,10343,,,1,110,,39811,10343,,,1
42800,'SE',533,,39812,10343,,,1,75,,39822,10343,,,1,33,,39813,10343,,,1,85,,39823,10343,,,1,78,,39814,10343,,,1,35,,39824,10343,,,1,77,,39815,10343,,,1,32,,39825,10343,,,1,75,,39816,10343,,,1,35,,39826,10343,,,1,75,,39817,10343,,,1,75,,39827,10343,,,1,33,,39818,10343,,,1,73,,39828,10343,,,1,35,,39819,10343,,,1,74,,39829,10343,,,1,77,,39820,10343,,,1,37,,39830,10343,,,1,76,,39821,10343,,,1,40,,39831,10343,,,1,74,,39838,10343,,,1,79,,39832,10343,,,1,32,,39839,10343,,,1,75,,39833,10343,,,1,107,,39834,10343,,,1,108,,39835,10343,,,1,110,,39836,10343,,,1,110,,39837,10343,,,1
