401,'DI',612,,21384,18996,,,1,30,,21391,18996,,,1,70,,21403,18996,,,1,30,,21399,18996,,,1,70,,21385,18996,,,1,30,,21392,18996,,,1,72,,21405,18996,,,1,30,,21407,18996,,,1,70,,21386,18996,,,1,30,,21393,18996,,,1,70,,21406,18996,,,1,30,,21408,18996,,,1,70,,21387,18996,,,1,30,,21413,18996,,,1,70,,21414,18996,,,1,30,,21409,18996,,,1,71,,21388,18996,,,1,29,,21394,18996,,,1,70,,21416,18996,,,1,30,,21397,18996,,,1,72,,21389,18996,,,1,29,,21395,18996,,,1,70,,21417,18996,,,1,34,,21398,18996,,,1,65,,21410,18996,,,1,30,,21415,18996,,,1,70,,21412,18996,,,1,30,,21390,18996,,,1,71,,21411,18996,,,1,29,,21400,18996,,,1,70,,21383,18996,,,1,30,,21396,18996,,,1,100,,21402,18996,,,1,100,,21404,18996,,,1,100,,21401,18996,,,1
401,'F1',612,,43498,18996,,,1,30,,43505,18996,,,1,70,,43517,18996,,,1,30,,43513,18996,,,1,70,,43499,18996,,,1,30,,43506,18996,,,1,72,,43519,18996,,,1,30,,43521,18996,,,1,70,,43500,18996,,,1,30,,43507,18996,,,1,70,,43520,18996,,,1,30,,43522,18996,,,1,70,,43501,18996,,,1,30,,43527,18996,,,1,70,,43528,18996,,,1,30,,43523,18996,,,1,71,,43502,18996,,,1,29,,43508,18996,,,1,70,,43530,18996,,,1,30,,43511,18996,,,1,72,,43503,18996,,,1,29,,43509,18996,,,1,70,,43531,18996,,,1,34,,43512,18996,,,1,65,,43524,18996,,,1,30,,43529,18996,,,1,70,,43526,18996,,,1,30,,43504,18996,,,1,71,,43525,18996,,,1,29,,43514,18996,,,1,70,,43497,18996,,,1,30,,43510,18996,,,1,100,,43516,18996,,,1,100,,43518,18996,,,1,100,,43515,18996,,,1
401,'F2',612,,43533,18996,,,1,30,,43540,18996,,,1,70,,43542,18996,,,1,30,,43537,18996,,,1,70,,43534,18996,,,1,30,,43541,18996,,,1,72,,43543,18996,,,1,30,,43538,18996,,,1,70,,43535,18996,,,1,30,,43561,18996,,,1,70,,43544,18996,,,1,30,,43555,18996,,,1,70,,43565,18996,,,1,32,,43553,18996,,,1,70,,43564,18996,,,1,30,,43548,18996,,,1,70,,43532,18996,,,1,30,,43545,18996,,,1,70,,43556,18996,,,1,30,,43566,18996,,,1,70,,43563,18996,,,1,30,,43552,18996,,,1,70,,43558,18996,,,1,30,,43551,18996,,,1,70,,43539,18996,,,1,28,,43557,18996,,,1,70,,43547,18996,,,1,30,,43536,18996,,,1,70,,43560,18996,,,1,30,,43546,18996,,,1,70,,43559,18996,,,1,30,,43562,18996,,,1,100,,43554,18996,,,1,100,,43550,18996,,,1,100,,43549,18996,,,1
401,'F8',612,,21527,18996,,,1,30,,21534,18996,,,1,70,,21536,18996,,,1,30,,21531,18996,,,1,70,,21528,18996,,,1,30,,21535,18996,,,1,72,,21537,18996,,,1,30,,21532,18996,,,1,70,,21529,18996,,,1,30,,21555,18996,,,1,70,,21538,18996,,,1,30,,21549,18996,,,1,70,,21559,18996,,,1,32,,21547,18996,,,1,70,,21558,18996,,,1,30,,21542,18996,,,1,70,,21526,18996,,,1,30,,21539,18996,,,1,70,,21550,18996,,,1,30,,21560,18996,,,1,70,,21557,18996,,,1,30,,21546,18996,,,1,70,,21552,18996,,,1,30,,21545,18996,,,1,70,,21533,18996,,,1,28,,21551,18996,,,1,70,,21541,18996,,,1,30,,21530,18996,,,1,70,,21554,18996,,,1,30,,21540,18996,,,1,70,,21553,18996,,,1,30,,21556,18996,,,1,100,,21548,18996,,,1,100,,21544,18996,,,1,100,,21543,18996,,,1
401,'F9',612,,21562,18996,,,1,30,,21569,18996,,,1,70,,21581,18996,,,1,30,,21577,18996,,,1,70,,21563,18996,,,1,30,,21570,18996,,,1,72,,21583,18996,,,1,30,,21585,18996,,,1,70,,21564,18996,,,1,30,,21571,18996,,,1,70,,21584,18996,,,1,30,,21586,18996,,,1,70,,21565,18996,,,1,30,,21591,18996,,,1,70,,21592,18996,,,1,30,,21587,18996,,,1,71,,21566,18996,,,1,29,,21572,18996,,,1,70,,21594,18996,,,1,30,,21575,18996,,,1,72,,21567,18996,,,1,29,,21573,18996,,,1,70,,21595,18996,,,1,34,,21576,18996,,,1,65,,21588,18996,,,1,30,,21593,18996,,,1,70,,21590,18996,,,1,30,,21568,18996,,,1,71,,21589,18996,,,1,29,,21578,18996,,,1,70,,21561,18996,,,1,30,,21574,18996,,,1,100,,21580,18996,,,1,100,,21582,18996,,,1,100,,21579,18996,,,1
401,'SA',612,,21596,18996,,,1,30,,1360,18996,,,1,70,,1362,18996,,,1,30,,1358,18996,,,1,70,,21597,18996,,,1,30,,1361,18996,,,1,72,,1363,18996,,,1,30,,1359,18996,,,1,70,,21598,18996,,,1,30,,21616,18996,,,1,70,,1364,18996,,,1,30,,21610,18996,,,1,70,,21620,18996,,,1,32,,21608,18996,,,1,70,,21619,18996,,,1,30,,21603,18996,,,1,70,,1356,18996,,,1,30,,1365,18996,,,1,70,,21611,18996,,,1,30,,21621,18996,,,1,70,,21618,18996,,,1,30,,21607,18996,,,1,70,,21613,18996,,,1,30,,21606,18996,,,1,70,,21600,18996,,,1,28,,21612,18996,,,1,70,,21602,18996,,,1,30,,21599,18996,,,1,70,,21615,18996,,,1,30,,21601,18996,,,1,70,,21614,18996,,,1,30,,21617,18996,,,1,100,,21609,18996,,,1,100,,21605,18996,,,1,100,,21604,18996,,,1
401,'SE',616,,43580,18996,,,1,22,,43587,18996,,,1,18,,43571,18996,,,1,61,,43584,18996,,,1,36,,43600,18996,,,1,74,,43574,18996,,,1,73,,43593,18996,,,1,30,,43575,18996,,,1,70,,43570,18996,,,1,30,,43592,18996,,,1,70,,43568,18996,,,1,30,,43572,18996,,,1,70,,43602,18996,,,1,30,,43594,18996,,,1,73,,43576,18996,,,1,32,,43606,18996,,,1,70,,43585,18996,,,1,30,,43567,18996,,,1,66,,43581,18996,,,1,34,,43586,18996,,,1,15,,43579,18996,,,1,63,,43582,18996,,,1,23,,43605,18996,,,1,19,,43577,18996,,,1,60,,43569,18996,,,1,25,,43595,18996,,,1,13,,43573,18996,,,1,60,,43596,18996,,,1,24,,43603,18996,,,1,15,,43578,18996,,,1,67,,43599,18996,,,1,30,,43591,18996,,,1,67,,43589,18996,,,1,27,,43604,18996,,,1,70,,43590,18996,,,1,30,,43601,18996,,,1,70,,43598,18996,,,1,100,,43597,18996,,,1,96,,43588,18996,,,1,100,,43583,18996,,,1
3201,'DI',544,,28612,8787,,,1,99,,28613,8787,,,1,101,,28614,8787,,,1,99,,28615,8787,,,1,102,,28616,8787,,,1,100,,28619,8787,,,1,102,,28621,8787,,,1,102,,28617,8787,,,1,103,,28623,8787,,,1,98,,28622,8787,,,1,104,,28625,8787,,,1,96,,28624,8787,,,1,98,,28627,8787,,,1,99,,28626,8787,,,1,99,,28620,8787,,,1,100,,28610,8787,,,1,100,,28628,8787,,,1,100,,28630,8787,,,1,100,,28618,8787,,,1,100,,28629,8787,,,1,99,,28611,8787,,,1
3201,'F1',544,,46314,8787,,,1,99,,46315,8787,,,1,101,,46316,8787,,,1,99,,46317,8787,,,1,102,,46318,8787,,,1,100,,46321,8787,,,1,102,,46323,8787,,,1,102,,46319,8787,,,1,103,,46325,8787,,,1,98,,46324,8787,,,1,104,,46327,8787,,,1,96,,46326,8787,,,1,98,,46329,8787,,,1,99,,46328,8787,,,1,99,,46322,8787,,,1,100,,46312,8787,,,1,100,,46330,8787,,,1,100,,46332,8787,,,1,100,,46320,8787,,,1,100,,46331,8787,,,1,99,,46313,8787,,,1
3201,'F2',544,,46334,8787,,,1,99,,46335,8787,,,1,101,,46336,8787,,,1,96,,46337,8787,,,1,103,,46338,8787,,,1,101,,46344,8787,,,1,103,,46339,8787,,,1,100,,46353,8787,,,1,106,,46345,8787,,,1,102,,46340,8787,,,1,97,,46341,8787,,,1,98,,46346,8787,,,1,98,,46347,8787,,,1,99,,46342,8787,,,1,99,,46349,8787,,,1,100,,46348,8787,,,1,100,,46350,8787,,,1,100,,46352,8787,,,1,100,,46351,8787,,,1,100,,46343,8787,,,1,99,,46333,8787,,,1
3201,'F8',544,,28702,8787,,,1,99,,28703,8787,,,1,101,,28704,8787,,,1,96,,28705,8787,,,1,103,,28706,8787,,,1,101,,28712,8787,,,1,103,,28707,8787,,,1,100,,28721,8787,,,1,106,,28713,8787,,,1,102,,28708,8787,,,1,97,,28709,8787,,,1,98,,28714,8787,,,1,98,,28715,8787,,,1,99,,28710,8787,,,1,99,,28717,8787,,,1,100,,28716,8787,,,1,100,,28718,8787,,,1,100,,28720,8787,,,1,100,,28719,8787,,,1,100,,28711,8787,,,1,99,,28701,8787,,,1
3201,'F9',544,,28724,8787,,,1,99,,28725,8787,,,1,101,,28726,8787,,,1,99,,28727,8787,,,1,102,,28728,8787,,,1,100,,28731,8787,,,1,102,,28733,8787,,,1,102,,28729,8787,,,1,103,,28735,8787,,,1,98,,28734,8787,,,1,104,,28737,8787,,,1,96,,28736,8787,,,1,98,,28739,8787,,,1,99,,28738,8787,,,1,99,,28732,8787,,,1,100,,28722,8787,,,1,100,,28740,8787,,,1,100,,28742,8787,,,1,100,,28730,8787,,,1,100,,28741,8787,,,1,99,,28723,8787,,,1
3201,'SA',544,,28744,8787,,,1,99,,28745,8787,,,1,101,,28746,8787,,,1,96,,28747,8787,,,1,103,,28748,8787,,,1,101,,28754,8787,,,1,103,,28749,8787,,,1,100,,28763,8787,,,1,106,,28755,8787,,,1,102,,28750,8787,,,1,97,,28751,8787,,,1,98,,28756,8787,,,1,98,,28757,8787,,,1,99,,28752,8787,,,1,99,,28759,8787,,,1,100,,28758,8787,,,1,100,,28760,8787,,,1,100,,28762,8787,,,1,100,,28761,8787,,,1,100,,28753,8787,,,1,99,,28743,8787,,,1
3201,'SE',521,,46376,13074,,,1,30,,46367,13074,,,1,70,,46375,13074,,,1,31,,46371,13074,,,1,76,,46368,13074,,,1,27,,46369,13074,,,1,64,,46381,13074,,,1,30,,46372,13074,,,1,75,,46380,13074,,,1,93,,46357,8787,,,1,101,,46359,8787,,,1,100,,46354,8787,,,1,100,,46365,8787,,,1,100,,46355,8787,,,1,103,,46358,8787,,,1,105,,46360,8787,,,1,22,,46379,13074,,,1,71,,46374,13074,,,1,30,,46366,13074,,,1,70,,46378,13074,,,1,23,,46373,13074,,,1,70,,46377,13074,,,1,25,,46370,13074,,,1,86,,46363,8787,,,1,100,,46362,8787,,,1,98,,46364,8787,,,1,100,,46356,8787,,,1,98,,46361,8787,,,1
