1700,'DI',625,,25381,2715,,,1,100,,25366,2715,,,1,30,,25372,2715,,,1,70,,25379,2715,,,1,30,,25392,2715,,,1,70,,25382,2715,,,1,30,,25387,2715,,,1,70,,25367,2715,,,1,30,,25389,2715,,,1,70,,25377,2715,,,1,30,,25385,2715,,,1,70,,25393,2715,,,1,30,,25373,2715,,,1,70,,25388,2715,,,1,30,,25378,2715,,,1,70,,25376,2715,,,1,30,,25391,2715,,,1,69,,25383,2715,,,1,30,,25368,2715,,,1,71,,25375,2715,,,1,30,,25369,2715,,,1,70,,25364,2715,,,1,31,,25370,2715,,,1,70,,25363,2715,,,1,99,,25390,2715,,,1,100,,25384,2715,,,1,100,,25371,2715,,,1,100,,25386,2715,,,1,100,,25374,2715,,,1,100,,25365,2715,,,1,100,,25380,2715,,,1
1700,'F8',625,,25476,2715,,,1,100,,25485,2715,,,1,30,,25459,2715,,,1,70,,25471,2715,,,1,30,,25482,2715,,,1,70,,25469,2715,,,1,30,,25458,2715,,,1,70,,25477,2715,,,1,30,,25460,2715,,,1,70,,25464,2715,,,1,30,,25456,2715,,,1,70,,25466,2715,,,1,30,,25472,2715,,,1,70,,25478,2715,,,1,30,,25483,2715,,,1,70,,25465,2715,,,1,30,,25484,2715,,,1,70,,25473,2715,,,1,30,,25480,2715,,,1,69,,25479,2715,,,1,30,,25461,2715,,,1,71,,25463,2715,,,1,30,,25462,2715,,,1,71,,25467,2715,,,1,99,,25481,2715,,,1,100,,25474,2715,,,1,100,,25470,2715,,,1,100,,25468,2715,,,1,100,,25457,2715,,,1,100,,25486,2715,,,1,100,,25475,2715,,,1
1700,'F9',625,,25505,2715,,,1,100,,25490,2715,,,1,30,,25496,2715,,,1,70,,25503,2715,,,1,30,,25516,2715,,,1,70,,25506,2715,,,1,30,,25511,2715,,,1,70,,25491,2715,,,1,30,,25513,2715,,,1,70,,25501,2715,,,1,30,,25509,2715,,,1,70,,25517,2715,,,1,30,,25497,2715,,,1,70,,25512,2715,,,1,30,,25502,2715,,,1,70,,25500,2715,,,1,30,,25515,2715,,,1,69,,25507,2715,,,1,30,,25492,2715,,,1,71,,25499,2715,,,1,30,,25493,2715,,,1,70,,25488,2715,,,1,31,,25494,2715,,,1,70,,25487,2715,,,1,99,,25514,2715,,,1,100,,25508,2715,,,1,100,,25495,2715,,,1,100,,25510,2715,,,1,100,,25498,2715,,,1,100,,25489,2715,,,1,100,,25504,2715,,,1
1700,'SA',625,,25536,2715,,,1,100,,25545,2715,,,1,30,,25521,2715,,,1,70,,4923,2715,,,1,30,,25542,2715,,,1,70,,25531,2715,,,1,30,,25520,2715,,,1,70,,25537,2715,,,1,30,,25522,2715,,,1,70,,25526,2715,,,1,30,,25518,2715,,,1,70,,25528,2715,,,1,30,,25533,2715,,,1,70,,25538,2715,,,1,30,,25543,2715,,,1,70,,25527,2715,,,1,30,,25544,2715,,,1,70,,25534,2715,,,1,30,,25540,2715,,,1,69,,25539,2715,,,1,30,,25523,2715,,,1,71,,25525,2715,,,1,30,,25524,2715,,,1,71,,25529,2715,,,1,99,,25541,2715,,,1,100,,4934,2715,,,1,100,,25532,2715,,,1,100,,25530,2715,,,1,100,,25519,2715,,,1,100,,25546,2715,,,1,100,,25535,2715,,,1
2500,'DI',658,,27541,2792,,,2
2500,'F8',658,,27570,2792,,,2
2500,'F9',658,,27571,2792,,,2
2500,'SA',658,,27572,2792,,,2
2500,'SE',520,,27574,2792,,,2,30,,27575,2792,,,2,69,,27594,2792,,,2,19,,27593,2792,,,2,21,,27589,2792,,,2,59,,27576,2792,,,2,29,,27578,2792,,,2,68,,27579,2792,,,2,36,,27577,2792,,,2,70,,27573,2792,,,2,430,,27580,2792,,,2,70,,27581,2792,,,2,29,,27597,2792,,,2,53,,27596,2792,,,2,18,,27595,2792,,,2,30,,27582,2792,,,2,72,,27585,2792,,,2,29,,27587,2792,,,2,70,,27590,2792,,,2,31,,27586,2792,,,2,68,,27588,2792,,,2,30,,27584,2792,,,2,375,,27592,2792,,,2,84,,27598,2792,,,2,15,,27591,2792,,,2,85,,27583,2792,,,2
7600,'SE',602,,34878,2715,,,1,21,,34874,2715,,,1,20,,34906,2715,,,1,63,,34875,2715,,,1,17,,34907,2715,,,1,20,,34892,2715,,,1,63,,34872,2715,,,1,27,,34908,2715,,,1,71,,34868,2715,,,1,30,,34879,2715,,,1,70,,34871,2715,,,1,30,,34912,2715,,,1,70,,34869,2715,,,1,30,,34873,2715,,,1,70,,34886,2715,,,1,30,,34888,2715,,,1,70,,34876,2715,,,1,30,,34897,2715,,,1,71,,34913,2715,,,1,34,,34898,2715,,,1,66,,34887,2715,,,1,32,,34883,2715,,,1,70,,34899,2715,,,1,24,,34877,2715,,,1,18,,34885,2715,,,1,60,,34915,2715,,,1,21,,34914,2715,,,1,19,,34890,2715,,,1,60,,34909,2715,,,1,27,,34905,2715,,,1,70,,34889,2715,,,1,30,,34881,2715,,,1,70,,34893,2715,,,1,30,,34900,2715,,,1,70,,34894,2715,,,1,30,,34901,2715,,,1,70,,34895,2715,,,1,30,,34902,2715,,,1,70,,34870,2715,,,1,30,,34903,2715,,,1,70,,34910,2715,,,1,30,,34904,2715,,,1,70,,34911,2715,,,1
