600,'DI',653,,22284,9222,4,,1,70,,22276,9222,4,,1,30,,22272,9222,4,,1,71,,22283,9222,4,,1,30,,22269,9222,4,,1,70,,22261,9222,4,,1,31,,22273,9222,4,,1,70,,22280,9222,4,,1,30,,22257,9222,4,,1,69,,1973,9222,4,,1,31,,22265,9222,4,,1,70,,22258,9222,4,,1,30,,22262,9222,4,,1,74,,22268,9222,4,,1,29,,22259,9222,4,,1,70,,22270,9222,4,,1,27,,22266,9222,4,,1,73,,22263,9222,4,,1,30,,22274,9222,4,,1,69,,22285,9222,4,,1,31,,22277,9222,4,,1,67,,22275,9222,4,,1,30,,22286,9222,4,,1,70,,22278,9222,4,,1,26,,22260,9222,4,,1,71,,22267,9222,4,,1,104,,22281,9222,4,,1,100,,22271,9222,4,,1,99,,22264,9222,4,,1,100,,22256,9222,4,,1,100,,22279,9222,4,,1,100,,22282,9222,4,,1
600,'F1',653,,43870,9222,4,,1,70,,43862,9222,4,,1,30,,43858,9222,4,,1,71,,43869,9222,4,,1,30,,43855,9222,4,,1,70,,43846,9222,4,,1,31,,43859,9222,4,,1,70,,43866,9222,4,,1,30,,43842,9222,4,,1,69,,43847,9222,4,,1,31,,43851,9222,4,,1,70,,43843,9222,4,,1,30,,43848,9222,4,,1,74,,43854,9222,4,,1,29,,43844,9222,4,,1,70,,43856,9222,4,,1,27,,43852,9222,4,,1,73,,43849,9222,4,,1,30,,43860,9222,4,,1,69,,43871,9222,4,,1,31,,43863,9222,4,,1,67,,43861,9222,4,,1,30,,43872,9222,4,,1,70,,43864,9222,4,,1,26,,43845,9222,4,,1,71,,43853,9222,4,,1,104,,43867,9222,4,,1,100,,43857,9222,4,,1,99,,43850,9222,4,,1,100,,43841,9222,4,,1,100,,43865,9222,4,,1,100,,43868,9222,4,,1
600,'F2',653,,43904,9222,4,,1,71,,43893,9222,4,,1,29,,43889,9222,4,,1,70,,43886,9222,4,,1,34,,43890,9222,4,,1,66,,43894,9222,4,,1,35,,43903,9222,4,,1,63,,43891,9222,4,,1,32,,43900,9222,4,,1,69,,43887,9222,4,,1,30,,43880,9222,4,,1,78,,43888,9222,4,,1,70,,43881,9222,4,,1,27,,43873,9222,4,,1,31,,43895,9222,4,,1,67,,43882,9222,4,,1,30,,43874,9222,4,,1,70,,43896,9222,4,,1,30,,43883,9222,4,,1,70,,43875,9222,4,,1,30,,43897,9222,4,,1,70,,43884,9222,4,,1,30,,43876,9222,4,,1,70,,43898,9222,4,,1,28,,43885,9222,4,,1,70,,43901,9222,4,,1,105,,43892,9222,4,,1,100,,43877,9222,4,,1,99,,43879,9222,4,,1,100,,43902,9222,4,,1,100,,43899,9222,4,,1,100,,43878,9222,4,,1
600,'F8',653,,22417,9222,4,,1,71,,22406,9222,4,,1,29,,22402,9222,4,,1,70,,22399,9222,4,,1,34,,22403,9222,4,,1,66,,22407,9222,4,,1,35,,22416,9222,4,,1,63,,22404,9222,4,,1,32,,22413,9222,4,,1,69,,22400,9222,4,,1,30,,22393,9222,4,,1,78,,22401,9222,4,,1,70,,22394,9222,4,,1,27,,22386,9222,4,,1,31,,22408,9222,4,,1,67,,22395,9222,4,,1,30,,22387,9222,4,,1,70,,22409,9222,4,,1,30,,22396,9222,4,,1,70,,22388,9222,4,,1,30,,22410,9222,4,,1,70,,22397,9222,4,,1,30,,22389,9222,4,,1,70,,22411,9222,4,,1,28,,22398,9222,4,,1,70,,22414,9222,4,,1,105,,22405,9222,4,,1,100,,22390,9222,4,,1,99,,22392,9222,4,,1,100,,22415,9222,4,,1,100,,22412,9222,4,,1,100,,22391,9222,4,,1
600,'F9',653,,22447,9222,4,,1,70,,22439,9222,4,,1,30,,22435,9222,4,,1,71,,22446,9222,4,,1,30,,22432,9222,4,,1,70,,22423,9222,4,,1,31,,22436,9222,4,,1,70,,22443,9222,4,,1,30,,22419,9222,4,,1,69,,22424,9222,4,,1,31,,22428,9222,4,,1,70,,22420,9222,4,,1,30,,22425,9222,4,,1,74,,22431,9222,4,,1,29,,22421,9222,4,,1,70,,22433,9222,4,,1,27,,22429,9222,4,,1,73,,22426,9222,4,,1,30,,22437,9222,4,,1,69,,22448,9222,4,,1,31,,22440,9222,4,,1,67,,22438,9222,4,,1,30,,22449,9222,4,,1,70,,22441,9222,4,,1,26,,22422,9222,4,,1,71,,22430,9222,4,,1,104,,22444,9222,4,,1,100,,22434,9222,4,,1,99,,22427,9222,4,,1,100,,22418,9222,4,,1,100,,22442,9222,4,,1,100,,22445,9222,4,,1
600,'SA',653,,22481,9222,4,,1,71,,22470,9222,4,,1,29,,22466,9222,4,,1,70,,22463,9222,4,,1,34,,22467,9222,4,,1,66,,22471,9222,4,,1,35,,22480,9222,4,,1,63,,22468,9222,4,,1,32,,22477,9222,4,,1,69,,22464,9222,4,,1,30,,22457,9222,4,,1,78,,22465,9222,4,,1,70,,22458,9222,4,,1,27,,22450,9222,4,,1,31,,22472,9222,4,,1,67,,22459,9222,4,,1,30,,22451,9222,4,,1,70,,22473,9222,4,,1,30,,22460,9222,4,,1,70,,22452,9222,4,,1,30,,22474,9222,4,,1,70,,22461,9222,4,,1,30,,22453,9222,4,,1,70,,22475,9222,4,,1,28,,22462,9222,4,,1,70,,22478,9222,4,,1,105,,22469,9222,4,,1,100,,22454,9222,4,,1,99,,22456,9222,4,,1,100,,22479,9222,4,,1,100,,22476,9222,4,,1,100,,22455,9222,4,,1
600,'SE',603,,43911,9222,4,,1,30,,43936,9222,4,,1,70,,43917,9222,4,,1,34,,43937,9222,4,,1,73,,43916,9222,4,,1,27,,43931,9222,4,,1,73,,43932,9222,4,,1,27,,43922,9222,4,,1,70,,43924,9222,4,,1,30,,43906,9222,4,,1,70,,43940,9222,4,,1,30,,43918,9222,4,,1,72,,43929,9222,4,,1,30,,43934,9222,4,,1,70,,43919,9222,4,,1,30,,43912,9222,4,,1,70,,43925,9222,4,,1,31,,43930,9222,4,,1,70,,43905,9222,4,,1,32,,43920,9222,4,,1,70,,43913,9222,4,,1,29,,43939,9222,4,,1,78,,43935,9222,4,,1,25,,43910,9222,4,,1,68,,43909,9222,4,,1,28,,43938,9222,4,,1,68,,43915,9222,4,,1,30,,43928,9222,4,,1,68,,43914,9222,4,,1,30,,43927,9222,4,,1,69,,43921,9222,4,,1,30,,43933,9222,4,,1,100,,43923,9222,4,,1,100,,43907,9222,4,,1,100,,43908,9222,4,,1,100,,43926,9222,4,,1
601,'DI',559,,22527,0,,,1,70,,22533,0,,,1,30,,22545,0,,,1,70,,22540,0,,,1,30,,22536,0,,,1,70,,22534,0,,,1,30,,22519,0,,,1,70,,22523,0,,,1,72,,22537,0,,,1,30,,22531,0,,,1,70,,22520,0,,,1,30,,2206,0,,,1,70,,2212,0,,,1,33,,22521,0,,,1,70,,22524,0,,,1,30,,22530,0,,,1,70,,22522,0,,,1,30,,22532,0,,,1,70,,22528,0,,,1,30,,22525,0,,,1,70,,22538,0,,,1,30,,22546,0,,,1,70,,22541,0,,,1,30,,22539,0,,,1,70,,22547,0,,,1,30,,22542,0,,,1,100,,22529,0,,,1,100,,22544,0,,,1,100,,22535,0,,,1,100,,22526,0,,,1,100,,22518,0,,,1,100,,22543,0,,,1
601,'F1',559,,43951,0,,,1,70,,43958,0,,,1,30,,43970,0,,,1,70,,43965,0,,,1,30,,43961,0,,,1,70,,43959,0,,,1,30,,43942,0,,,1,70,,43946,0,,,1,72,,43962,0,,,1,30,,43956,0,,,1,70,,43943,0,,,1,30,,43947,0,,,1,70,,43952,0,,,1,33,,43944,0,,,1,70,,43948,0,,,1,30,,43955,0,,,1,70,,43945,0,,,1,30,,43957,0,,,1,70,,43953,0,,,1,30,,43949,0,,,1,70,,43963,0,,,1,30,,43971,0,,,1,70,,43966,0,,,1,30,,43964,0,,,1,70,,43972,0,,,1,30,,43967,0,,,1,100,,43954,0,,,1,100,,43969,0,,,1,100,,43960,0,,,1,100,,43950,0,,,1,100,,43941,0,,,1,100,,43968,0,,,1
601,'F2',559,,43988,0,,,1,70,,43984,0,,,1,30,,44004,0,,,1,70,,43993,0,,,1,30,,43989,0,,,1,70,,43985,0,,,1,74,,43990,0,,,1,26,,43994,0,,,1,74,,44003,0,,,1,23,,43991,0,,,1,75,,44000,0,,,1,26,,43986,0,,,1,30,,43979,0,,,1,78,,43987,0,,,1,70,,43980,0,,,1,29,,43973,0,,,1,70,,43995,0,,,1,30,,43981,0,,,1,70,,43974,0,,,1,30,,43996,0,,,1,70,,43982,0,,,1,30,,43975,0,,,1,70,,43997,0,,,1,30,,43983,0,,,1,70,,43976,0,,,1,30,,43998,0,,,1,100,,44001,0,,,1,100,,43992,0,,,1,100,,43977,0,,,1,100,,43978,0,,,1,100,,44002,0,,,1,100,,43999,0,,,1
601,'F8',559,,22662,0,,,1,70,,22658,0,,,1,30,,22678,0,,,1,70,,22667,0,,,1,30,,22663,0,,,1,70,,22659,0,,,1,74,,22664,0,,,1,26,,22668,0,,,1,74,,22677,0,,,1,23,,22665,0,,,1,75,,22674,0,,,1,26,,22660,0,,,1,30,,22653,0,,,1,78,,22661,0,,,1,70,,22654,0,,,1,29,,22647,0,,,1,70,,22669,0,,,1,30,,22655,0,,,1,70,,22648,0,,,1,30,,22670,0,,,1,70,,22656,0,,,1,30,,22649,0,,,1,70,,22671,0,,,1,30,,22657,0,,,1,70,,22650,0,,,1,30,,22672,0,,,1,100,,22675,0,,,1,100,,22666,0,,,1,100,,22651,0,,,1,100,,22652,0,,,1,100,,22676,0,,,1,100,,22673,0,,,1
601,'F9',559,,22689,0,,,1,70,,22696,0,,,1,30,,22708,0,,,1,70,,22703,0,,,1,30,,22699,0,,,1,70,,22697,0,,,1,30,,22680,0,,,1,70,,22684,0,,,1,72,,22700,0,,,1,30,,22694,0,,,1,70,,22681,0,,,1,30,,22685,0,,,1,70,,22690,0,,,1,33,,22682,0,,,1,70,,22686,0,,,1,30,,22693,0,,,1,70,,22683,0,,,1,30,,22695,0,,,1,70,,22691,0,,,1,30,,22687,0,,,1,70,,22701,0,,,1,30,,22709,0,,,1,70,,22704,0,,,1,30,,22702,0,,,1,70,,22710,0,,,1,30,,22705,0,,,1,100,,22692,0,,,1,100,,22707,0,,,1,100,,22698,0,,,1,100,,22688,0,,,1,100,,22679,0,,,1,100,,22706,0,,,1
601,'SA',559,,22726,0,,,1,70,,22722,0,,,1,30,,22742,0,,,1,70,,22731,0,,,1,30,,22727,0,,,1,70,,22723,0,,,1,74,,22728,0,,,1,26,,22732,0,,,1,74,,22741,0,,,1,23,,22729,0,,,1,75,,22738,0,,,1,26,,22724,0,,,1,30,,22717,0,,,1,78,,22725,0,,,1,70,,22718,0,,,1,29,,22711,0,,,1,70,,22733,0,,,1,30,,22719,0,,,1,70,,22712,0,,,1,30,,22734,0,,,1,70,,22720,0,,,1,30,,22713,0,,,1,70,,22735,0,,,1,30,,22721,0,,,1,70,,22714,0,,,1,30,,22736,0,,,1,100,,22739,0,,,1,100,,22730,0,,,1,100,,22715,0,,,1,100,,22716,0,,,1,100,,22740,0,,,1,100,,22737,0,,,1
601,'SE',515,,44024,0,,,1,30,,44018,0,,,1,70,,44010,0,,,1,30,,44035,0,,,1,63,,44015,0,,,1,37,,44037,0,,,1,70,,44014,0,,,1,32,,44029,0,,,1,68,,44033,0,,,1,30,,44030,0,,,1,70,,44022,0,,,1,30,,44006,0,,,1,70,,44040,0,,,1,30,,44016,0,,,1,70,,44031,0,,,1,30,,44034,0,,,1,70,,44017,0,,,1,30,,44011,0,,,1,70,,44023,0,,,1,30,,44032,0,,,1,70,,44005,0,,,1,25,,44009,0,,,1,78,,44012,0,,,1,27,,44013,0,,,1,72,,44025,0,,,1,25,,44036,0,,,1,73,,44039,0,,,1,30,,44038,0,,,1,70,,44041,0,,,1,30,,44028,0,,,1,70,,44020,0,,,1,30,,44026,0,,,1,70,,44007,0,,,1,30,,44027,0,,,1,100,,44021,0,,,1,100,,44019,0,,,1,100,,44008,0,,,1
1300,'DI',714,,3422,10520,4,,1,100,,23867,10520,4,,1,100,,3423,10520,4,,1,100,,23868,10520,4,,1,101,,3424,10520,4,,1,100,,23869,10520,4,,1,100,,3425,10520,4,,1,95,,23870,10520,4,,1,105,,23878,10520,4,,1,100,,23864,10520,4,,1,100,,23871,10520,4,,1,100,,23866,10520,4,,1,99,,23872,10520,4,,1,100,,23876,10520,4,,1,100,,23874,10520,4,,1,100,,23873,10520,4,,1,100,,23865,10520,4,,1,100,,23877,10520,4,,1,100,,23875,10520,4,,1
1300,'F1',714,,44457,10520,4,,1,100,,44462,10520,4,,1,100,,44458,10520,4,,1,100,,44463,10520,4,,1,101,,44459,10520,4,,1,100,,44464,10520,4,,1,100,,44460,10520,4,,1,95,,44465,10520,4,,1,105,,44473,10520,4,,1,100,,44455,10520,4,,1,100,,44466,10520,4,,1,100,,44461,10520,4,,1,99,,44467,10520,4,,1,100,,44471,10520,4,,1,100,,44469,10520,4,,1,100,,44468,10520,4,,1,100,,44456,10520,4,,1,100,,44472,10520,4,,1,100,,44470,10520,4,,1
1300,'F2',714,,44475,10520,4,,1,100,,44482,10520,4,,1,100,,44476,10520,4,,1,101,,44477,10520,4,,1,100,,44483,10520,4,,1,100,,44485,10520,4,,1,100,,44478,10520,4,,1,100,,44486,10520,4,,1,100,,44479,10520,4,,1,100,,44474,10520,4,,1,100,,44489,10520,4,,1,100,,44492,10520,4,,1,99,,44480,10520,4,,1,100,,44487,10520,4,,1,100,,44484,10520,4,,1,100,,44493,10520,4,,1,100,,44490,10520,4,,1,100,,44481,10520,4,,1,100,,44491,10520,4,,1,100,,44488,10520,4,,1
1300,'F8',714,,23961,10520,4,,1,100,,23968,10520,4,,1,100,,23962,10520,4,,1,101,,23963,10520,4,,1,100,,23969,10520,4,,1,100,,23971,10520,4,,1,100,,23964,10520,4,,1,100,,23972,10520,4,,1,100,,23965,10520,4,,1,100,,23960,10520,4,,1,100,,23975,10520,4,,1,100,,23978,10520,4,,1,99,,23966,10520,4,,1,100,,23973,10520,4,,1,100,,23970,10520,4,,1,100,,23979,10520,4,,1,100,,23976,10520,4,,1,100,,23967,10520,4,,1,100,,23977,10520,4,,1,100,,23974,10520,4,,1
1300,'F9',714,,23982,10520,4,,1,100,,23987,10520,4,,1,100,,23983,10520,4,,1,100,,23988,10520,4,,1,101,,23984,10520,4,,1,100,,23989,10520,4,,1,100,,23985,10520,4,,1,95,,23990,10520,4,,1,105,,23998,10520,4,,1,100,,23980,10520,4,,1,100,,23991,10520,4,,1,100,,23986,10520,4,,1,99,,23992,10520,4,,1,100,,23996,10520,4,,1,100,,23994,10520,4,,1,100,,23993,10520,4,,1,100,,23981,10520,4,,1,100,,23997,10520,4,,1,100,,23995,10520,4,,1
1300,'SA',714,,24000,10520,4,,1,100,,24007,10520,4,,1,100,,24001,10520,4,,1,101,,24002,10520,4,,1,100,,24008,10520,4,,1,100,,24010,10520,4,,1,100,,24003,10520,4,,1,100,,24011,10520,4,,1,100,,24004,10520,4,,1,100,,23999,10520,4,,1,100,,24014,10520,4,,1,100,,24017,10520,4,,1,99,,24005,10520,4,,1,100,,24012,10520,4,,1,100,,24009,10520,4,,1,100,,24018,10520,4,,1,100,,24015,10520,4,,1,100,,24006,10520,4,,1,100,,24016,10520,4,,1,100,,24013,10520,4,,1
1300,'SE',620,,44527,10520,4,,1,33,,44516,10520,4,,1,67,,44518,10520,4,,1,33,,44500,10520,4,,1,55,,44517,10520,4,,1,15,,44515,10520,4,,1,15,,44504,10520,4,,1,65,,44508,10520,4,,1,25,,44506,10520,4,,1,28,,44531,10520,4,,1,70,,44496,10520,4,,1,30,,44494,10520,4,,1,70,,44514,10520,4,,1,30,,44521,10520,4,,1,70,,44532,10520,4,,1,31,,44502,10520,4,,1,70,,44507,10520,4,,1,30,,44513,10520,4,,1,70,,44501,10520,4,,1,30,,44497,10520,4,,1,72,,44499,10520,4,,1,30,,44519,10520,4,,1,63,,44509,10520,4,,1,20,,44528,10520,4,,1,15,,44533,10520,4,,1,54,,44511,10520,4,,1,10,,44520,10520,4,,1,14,,44529,10520,4,,1,20,,44495,10520,4,,1,60,,44530,10520,4,,1,20,,44526,10520,4,,1,65,,44510,10520,4,,1,28,,44512,10520,4,,1,72,,44505,10520,4,,1,30,,44534,10520,4,,1,70,,44525,10520,4,,1,28,,44503,10520,4,,1,100,,44522,10520,4,,1,100,,44498,10520,4,,1,100,,44524,10520,4,,1,103,,44523,10520,4,,1
1301,'DI',620,,24063,0,,,1,100,,3602,0,,,1,100,,24064,0,,,1,100,,3603,0,,,1,100,,24065,0,,,1,100,,3604,0,,,1,100,,24066,0,,,1,100,,3605,0,,,1,100,,24068,0,,,1,100,,24075,0,,,1,100,,24060,0,,,1,100,,24067,0,,,1,100,,24062,0,,,1,100,,24069,0,,,1,100,,24073,0,,,1,100,,24071,0,,,1,100,,24070,0,,,1,100,,24061,0,,,1,100,,24074,0,,,1,100,,24072,0,,,1
1301,'F1',620,,44542,0,,,1,100,,44537,0,,,1,100,,44543,0,,,1,100,,44538,0,,,1,100,,44544,0,,,1,100,,44539,0,,,1,100,,44545,0,,,1,100,,44540,0,,,1,100,,44547,0,,,1,100,,44554,0,,,1,100,,44535,0,,,1,100,,44546,0,,,1,100,,44541,0,,,1,100,,44548,0,,,1,100,,44552,0,,,1,100,,44550,0,,,1,100,,44549,0,,,1,100,,44536,0,,,1,100,,44553,0,,,1,100,,44551,0,,,1
1301,'F2',620,,44563,0,,,1,100,,44556,0,,,1,100,,44564,0,,,1,100,,44557,0,,,1,100,,44558,0,,,1,100,,44565,0,,,1,100,,44567,0,,,1,100,,44559,0,,,1,100,,44568,0,,,1,100,,44560,0,,,1,100,,44555,0,,,1,100,,44570,0,,,1,100,,44573,0,,,1,100,,44561,0,,,1,100,,44569,0,,,1,100,,44566,0,,,1,100,,44574,0,,,1,100,,44571,0,,,1,100,,44562,0,,,1,100,,44572,0,,,1
1301,'F8',620,,24168,0,,,1,100,,24161,0,,,1,100,,24169,0,,,1,100,,24162,0,,,1,100,,24163,0,,,1,100,,24170,0,,,1,100,,24172,0,,,1,100,,24164,0,,,1,100,,24173,0,,,1,100,,24165,0,,,1,100,,24160,0,,,1,100,,24175,0,,,1,100,,24178,0,,,1,100,,24166,0,,,1,100,,24174,0,,,1,100,,24171,0,,,1,100,,24179,0,,,1,100,,24176,0,,,1,100,,24167,0,,,1,100,,24177,0,,,1
1301,'F9',620,,24187,0,,,1,100,,24182,0,,,1,100,,24188,0,,,1,100,,24183,0,,,1,100,,24189,0,,,1,100,,24184,0,,,1,100,,24190,0,,,1,100,,24185,0,,,1,100,,24192,0,,,1,100,,24199,0,,,1,100,,24180,0,,,1,100,,24191,0,,,1,100,,24186,0,,,1,100,,24193,0,,,1,100,,24197,0,,,1,100,,24195,0,,,1,100,,24194,0,,,1,100,,24181,0,,,1,100,,24198,0,,,1,100,,24196,0,,,1
1301,'SA',620,,24208,0,,,1,100,,24201,0,,,1,100,,24209,0,,,1,100,,24202,0,,,1,100,,24203,0,,,1,100,,24210,0,,,1,100,,24212,0,,,1,100,,24204,0,,,1,100,,24213,0,,,1,100,,24205,0,,,1,100,,24200,0,,,1,100,,24215,0,,,1,100,,24218,0,,,1,100,,24206,0,,,1,100,,24214,0,,,1,100,,24211,0,,,1,100,,24219,0,,,1,100,,24216,0,,,1,100,,24207,0,,,1,100,,24217,0,,,1
1301,'SE',527,,44590,0,,,1,32,,44577,0,,,1,70,,44609,0,,,1,16,,44614,0,,,1,14,,44597,0,,,1,53,,44595,0,,,1,14,,44616,0,,,1,19,,44605,0,,,1,55,,44607,0,,,1,13,,44598,0,,,1,15,,44596,0,,,1,15,,44599,0,,,1,60,,44604,0,,,1,30,,44588,0,,,1,70,,44615,0,,,1,30,,44586,0,,,1,70,,44575,0,,,1,30,,44592,0,,,1,70,,44601,0,,,1,30,,44591,0,,,1,70,,44582,0,,,1,30,,44589,0,,,1,70,,44594,0,,,1,30,,44581,0,,,1,69,,44576,0,,,1,34,,44580,0,,,1,69,,44600,0,,,1,27,,44587,0,,,1,15,,44612,0,,,1,60,,44617,0,,,1,22,,44610,0,,,1,18,,44613,0,,,1,60,,44585,0,,,1,29,,44578,0,,,1,70,,44608,0,,,1,30,,44593,0,,,1,70,,44584,0,,,1,30,,44618,0,,,1,70,,44606,0,,,1,30,,44583,0,,,1,100,,44611,0,,,1,100,,44579,0,,,1,100,,44603,0,,,1,100,,44602,0,,,1
1500,'DI',750,,24371,11317,4,,1,102,,24368,11317,4,,1,100,,24365,11317,4,,1,100,,24378,11317,4,,1,100,,24383,11317,4,,1,100,,24376,11317,4,,1,100,,24372,11317,4,,1,100,,24366,11317,4,,1,100,,24380,11317,4,,1,100,,24367,11317,4,,1,100,,24375,11317,4,,1,100,,24373,11317,4,,1,97,,24377,11317,4,,1,100,,24381,11317,4,,1,100,,24379,11317,4,,1,100,,24374,11317,4,,1,100,,24369,11317,4,,1,100,,24382,11317,4,,1,100,,24370,11317,4,,1
1500,'F1',750,,44676,11317,4,,1,102,,44673,11317,4,,1,100,,44670,11317,4,,1,100,,44683,11317,4,,1,100,,44688,11317,4,,1,100,,44681,11317,4,,1,100,,44677,11317,4,,1,100,,44671,11317,4,,1,100,,44685,11317,4,,1,100,,44672,11317,4,,1,100,,44680,11317,4,,1,100,,44678,11317,4,,1,97,,44682,11317,4,,1,100,,44686,11317,4,,1,100,,44684,11317,4,,1,100,,44679,11317,4,,1,100,,44674,11317,4,,1,100,,44687,11317,4,,1,100,,44675,11317,4,,1
1500,'F2',751,,44704,11317,4,,1,100,,44697,11317,4,,1,100,,44691,11317,4,,1,100,,44705,11317,4,,1,107,,44699,11317,4,,1,95,,44689,11317,4,,1,100,,44701,11317,4,,1,100,,44695,11317,4,,1,100,,44700,11317,4,,1,100,,44696,11317,4,,1,100,,44692,11317,4,,1,100,,44698,11317,4,,1,100,,44702,11317,4,,1,98,,44703,11317,4,,1,100,,44690,11317,4,,1,100,,44706,11317,4,,1,100,,44693,11317,4,,1,100,,44707,11317,4,,1,100,,44694,11317,4,,1
1500,'F8',751,,24474,11317,4,,1,100,,24467,11317,4,,1,100,,24461,11317,4,,1,100,,24475,11317,4,,1,107,,24469,11317,4,,1,95,,24459,11317,4,,1,100,,24471,11317,4,,1,100,,24465,11317,4,,1,100,,24470,11317,4,,1,100,,24466,11317,4,,1,100,,24462,11317,4,,1,100,,24468,11317,4,,1,100,,24472,11317,4,,1,98,,24473,11317,4,,1,100,,24460,11317,4,,1,100,,24476,11317,4,,1,100,,24463,11317,4,,1,100,,24477,11317,4,,1,100,,24464,11317,4,,1
1500,'F9',750,,24484,11317,4,,1,102,,24481,11317,4,,1,100,,24478,11317,4,,1,100,,24491,11317,4,,1,100,,24496,11317,4,,1,100,,24489,11317,4,,1,100,,24485,11317,4,,1,100,,24479,11317,4,,1,100,,24493,11317,4,,1,100,,24480,11317,4,,1,100,,24488,11317,4,,1,100,,24486,11317,4,,1,97,,24490,11317,4,,1,100,,24494,11317,4,,1,100,,24492,11317,4,,1,100,,24487,11317,4,,1,100,,24482,11317,4,,1,100,,24495,11317,4,,1,100,,24483,11317,4,,1
1500,'SA',751,,24512,11317,4,,1,100,,24505,11317,4,,1,100,,24499,11317,4,,1,100,,24513,11317,4,,1,107,,24507,11317,4,,1,95,,24497,11317,4,,1,100,,24509,11317,4,,1,100,,24503,11317,4,,1,100,,24508,11317,4,,1,100,,24504,11317,4,,1,100,,24500,11317,4,,1,100,,24506,11317,4,,1,100,,24510,11317,4,,1,98,,24511,11317,4,,1,100,,24498,11317,4,,1,100,,24514,11317,4,,1,100,,24501,11317,4,,1,100,,24515,11317,4,,1,100,,24502,11317,4,,1
1500,'SE',614,,44722,11317,4,,1,30,,44712,11317,4,,1,74,,44727,11317,4,,1,28,,44719,11317,4,,1,75,,44738,11317,4,,1,26,,44723,11317,4,,1,73,,44731,11317,4,,1,30,,44716,11317,4,,1,68,,44742,11317,4,,1,30,,44708,11317,4,,1,70,,44717,11317,4,,1,30,,44726,11317,4,,1,70,,44710,11317,4,,1,30,,44718,11317,4,,1,70,,44732,11317,4,,1,30,,44711,11317,4,,1,70,,44715,11317,4,,1,30,,44733,11317,4,,1,74,,44741,11317,4,,1,30,,44709,11317,4,,1,65,,44728,11317,4,,1,34,,44729,11317,4,,1,82,,44739,11317,4,,1,18,,44735,11317,4,,1,70,,44744,11317,4,,1,30,,44730,11317,4,,1,68,,44725,11317,4,,1,27,,44740,11317,4,,1,70,,44743,11317,4,,1,30,,44720,11317,4,,1,70,,44734,11317,4,,1,30,,44737,11317,4,,1,70,,44736,11317,4,,1,30,,44714,11317,4,,1,100,,44721,11317,4,,1,97,,44724,11317,4,,1,100,,44713,11317,4,,1
1501,'DI',645,,24559,0,,,1,100,,24556,0,,,1,100,,24553,0,,,1,100,,24566,0,,,1,100,,24571,0,,,1,100,,24564,0,,,1,100,,24560,0,,,1,100,,24554,0,,,1,100,,24568,0,,,1,100,,24555,0,,,1,100,,24563,0,,,1,100,,24561,0,,,1,100,,24565,0,,,1,100,,24569,0,,,1,100,,24567,0,,,1,100,,24562,0,,,1,100,,24557,0,,,1,100,,24570,0,,,1,100,,24558,0,,,1
1501,'F1',645,,44751,0,,,1,100,,44748,0,,,1,100,,44745,0,,,1,100,,44758,0,,,1,100,,44763,0,,,1,100,,44756,0,,,1,100,,44752,0,,,1,100,,44746,0,,,1,100,,44760,0,,,1,100,,44747,0,,,1,100,,44755,0,,,1,100,,44753,0,,,1,100,,44757,0,,,1,100,,44761,0,,,1,100,,44759,0,,,1,100,,44754,0,,,1,100,,44749,0,,,1,100,,44762,0,,,1,100,,44750,0,,,1
1501,'F2',645,,44779,0,,,1,100,,44773,0,,,1,100,,44767,0,,,1,100,,44780,0,,,1,100,,44765,0,,,1,100,,44764,0,,,1,100,,44776,0,,,1,100,,44771,0,,,1,100,,44775,0,,,1,102,,44772,0,,,1,98,,44768,0,,,1,100,,44774,0,,,1,100,,44777,0,,,1,100,,44778,0,,,1,100,,44766,0,,,1,100,,44781,0,,,1,100,,44769,0,,,1,100,,44782,0,,,1,100,,44770,0,,,1
1501,'F8',645,,24664,0,,,1,100,,24658,0,,,1,100,,24652,0,,,1,100,,24665,0,,,1,100,,24650,0,,,1,100,,24649,0,,,1,100,,24661,0,,,1,100,,24656,0,,,1,100,,24660,0,,,1,102,,24657,0,,,1,98,,24653,0,,,1,100,,24659,0,,,1,100,,24662,0,,,1,100,,24663,0,,,1,100,,24651,0,,,1,100,,24666,0,,,1,100,,24654,0,,,1,100,,24667,0,,,1,100,,24655,0,,,1
1501,'F9',645,,24674,0,,,1,100,,24671,0,,,1,100,,24668,0,,,1,100,,24681,0,,,1,100,,24686,0,,,1,100,,24679,0,,,1,100,,24675,0,,,1,100,,24669,0,,,1,100,,24683,0,,,1,100,,24670,0,,,1,100,,24678,0,,,1,100,,24676,0,,,1,100,,24680,0,,,1,100,,24684,0,,,1,100,,24682,0,,,1,100,,24677,0,,,1,100,,24672,0,,,1,100,,24685,0,,,1,100,,24673,0,,,1
1501,'SA',645,,24702,0,,,1,100,,24696,0,,,1,100,,24690,0,,,1,100,,24703,0,,,1,100,,24688,0,,,1,100,,24687,0,,,1,100,,24699,0,,,1,100,,24694,0,,,1,100,,24698,0,,,1,102,,24695,0,,,1,98,,24691,0,,,1,100,,24697,0,,,1,100,,24700,0,,,1,100,,24701,0,,,1,100,,24689,0,,,1,100,,24704,0,,,1,100,,24692,0,,,1,100,,24705,0,,,1,100,,24693,0,,,1
1501,'SE',509,,44799,0,,,1,46,,44796,0,,,1,70,,44810,0,,,1,30,,44786,0,,,1,60,,44787,0,,,1,20,,44795,0,,,1,20,,44811,0,,,1,70,,44802,0,,,1,30,,44821,0,,,1,70,,44806,0,,,1,30,,44791,0,,,1,70,,44816,0,,,1,30,,44783,0,,,1,70,,44792,0,,,1,30,,44788,0,,,1,70,,44784,0,,,1,30,,44789,0,,,1,70,,44807,0,,,1,30,,44785,0,,,1,70,,44819,0,,,1,30,,44804,0,,,1,71,,44803,0,,,1,23,,44798,0,,,1,79,,44794,0,,,1,27,,44793,0,,,1,70,,44790,0,,,1,32,,44812,0,,,1,68,,44817,0,,,1,30,,44801,0,,,1,70,,44805,0,,,1,30,,44815,0,,,1,70,,44820,0,,,1,30,,44797,0,,,1,70,,44808,0,,,1,30,,44814,0,,,1,70,,44813,0,,,1,100,,44818,0,,,1,100,,44809,0,,,1,100,,44800,0,,,1
4200,'DI',611,,29423,0,,,1,100,,29424,0,,,1,100,,29425,0,,,1,100,,29426,0,,,1,100,,29427,0,,,1,100,,29428,0,,,1,100,,29429,0,,,1,100,,29430,0,,,1,100,,29431,0,,,1,100,,29432,0,,,1,100,,29433,0,,,1,100,,29434,0,,,1,100,,29435,0,,,1,100,,29436,0,,,1,100,,29437,0,,,1,100,,29438,0,,,1,100,,29439,0,,,1,100,,29440,0,,,1,100,,29441,0,,,1,100,,29442,0,,,1
4200,'F1',611,,46641,0,,,1,100,,46642,0,,,1,100,,46643,0,,,1,100,,46644,0,,,1,100,,46645,0,,,1,100,,46646,0,,,1,100,,46647,0,,,1,100,,46648,0,,,1,100,,46649,0,,,1,100,,46650,0,,,1,100,,46651,0,,,1,100,,46652,0,,,1,100,,46653,0,,,1,100,,46654,0,,,1,100,,46655,0,,,1,100,,46656,0,,,1,100,,46657,0,,,1,100,,46658,0,,,1,100,,46659,0,,,1,100,,46660,0,,,1
4200,'F2',611,,46678,0,,,1,100,,46679,0,,,1,100,,46680,0,,,1,100,,46661,0,,,1,100,,46662,0,,,1,100,,46663,0,,,1,100,,46664,0,,,1,100,,46665,0,,,1,100,,46666,0,,,1,100,,46667,0,,,1,100,,46668,0,,,1,100,,46669,0,,,1,100,,46670,0,,,1,100,,46671,0,,,1,100,,46672,0,,,1,100,,46673,0,,,1,100,,46674,0,,,1,100,,46675,0,,,1,100,,46676,0,,,1,100,,46677,0,,,1
4200,'F8',611,,29543,0,,,1,100,,29544,0,,,1,100,,29545,0,,,1,100,,29526,0,,,1,100,,29527,0,,,1,100,,29528,0,,,1,100,,29529,0,,,1,100,,29530,0,,,1,100,,29531,0,,,1,100,,29532,0,,,1,100,,29533,0,,,1,100,,29534,0,,,1,100,,29535,0,,,1,100,,29536,0,,,1,100,,29537,0,,,1,100,,29538,0,,,1,100,,29539,0,,,1,100,,29540,0,,,1,100,,29541,0,,,1,100,,29542,0,,,1
4200,'F9',611,,29546,0,,,1,100,,29547,0,,,1,100,,29548,0,,,1,100,,29549,0,,,1,100,,29550,0,,,1,100,,29551,0,,,1,100,,29552,0,,,1,100,,29553,0,,,1,100,,29554,0,,,1,100,,29555,0,,,1,100,,29556,0,,,1,100,,29557,0,,,1,100,,29558,0,,,1,100,,29559,0,,,1,100,,29560,0,,,1,100,,29561,0,,,1,100,,29562,0,,,1,100,,29563,0,,,1,100,,29564,0,,,1,100,,29565,0,,,1
4200,'SA',611,,29583,0,,,1,100,,29584,0,,,1,100,,29585,0,,,1,100,,29566,0,,,1,100,,29567,0,,,1,100,,29568,0,,,1,100,,29569,0,,,1,100,,29570,0,,,1,100,,29571,0,,,1,100,,29572,0,,,1,100,,29573,0,,,1,100,,29574,0,,,1,100,,29575,0,,,1,100,,29576,0,,,1,100,,29577,0,,,1,100,,29578,0,,,1,100,,29579,0,,,1,100,,29580,0,,,1,100,,29581,0,,,1,100,,29582,0,,,1
4200,'SE',553,,46723,0,,,1,76,,46683,0,,,1,28,,46716,0,,,1,52,,46690,0,,,1,6,,46722,0,,,1,6,,46694,0,,,1,6,,46691,0,,,1,22,,46697,0,,,1,62,,46695,0,,,1,34,,46689,0,,,1,70,,46696,0,,,1,30,,46692,0,,,1,70,,46698,0,,,1,30,,46713,0,,,1,70,,46682,0,,,1,30,,46712,0,,,1,70,,46684,0,,,1,30,,46715,0,,,1,70,,46699,0,,,1,30,,46693,0,,,1,70,,46688,0,,,1,30,,46701,0,,,1,71,,46705,0,,,1,30,,46700,0,,,1,66,,46717,0,,,1,24,,46711,0,,,1,15,,46685,0,,,1,54,,46686,0,,,1,14,,46718,0,,,1,14,,46714,0,,,1,15,,46681,0,,,1,68,,46706,0,,,1,30,,46719,0,,,1,73,,46707,0,,,1,34,,46720,0,,,1,70,,46708,0,,,1,30,,46721,0,,,1,70,,46709,0,,,1,30,,46687,0,,,1,70,,46710,0,,,1,91,,46702,0,,,1,100,,46703,0,,,1,100,,46704,0,,,1
4201,'DI',603,,29629,9536,4,,1,100,,29630,9536,4,,1,100,,29631,9536,4,,1,100,,29632,9536,4,,1,100,,29633,9536,4,,1,100,,29634,9536,4,,1,100,,29635,9536,4,,1,100,,29636,9536,4,,1,100,,29637,9536,4,,1,100,,29638,9536,4,,1,100,,29639,9536,4,,1,100,,29640,9536,4,,1,100,,29641,9536,4,,1,100,,29642,9536,4,,1,99,,29643,9536,4,,1,100,,29644,9536,4,,1,100,,29645,9536,4,,1,100,,29646,9536,4,,1,100,,29647,9536,4,,1,100,,29648,9536,4,,1
4201,'F1',603,,46724,9536,4,,1,100,,46725,9536,4,,1,100,,46726,9536,4,,1,100,,46727,9536,4,,1,100,,46728,9536,4,,1,100,,46729,9536,4,,1,100,,46730,9536,4,,1,100,,46731,9536,4,,1,100,,46732,9536,4,,1,100,,46733,9536,4,,1,100,,46734,9536,4,,1,100,,46735,9536,4,,1,100,,46736,9536,4,,1,100,,46737,9536,4,,1,99,,46738,9536,4,,1,100,,46739,9536,4,,1,100,,46740,9536,4,,1,100,,46741,9536,4,,1,100,,46742,9536,4,,1,100,,46743,9536,4,,1
4201,'F2',603,,46760,9536,4,,1,100,,46761,9536,4,,1,100,,46762,9536,4,,1,100,,46763,9536,4,,1,100,,46744,9536,4,,1,100,,46745,9536,4,,1,100,,46746,9536,4,,1,100,,46747,9536,4,,1,100,,46748,9536,4,,1,100,,46749,9536,4,,1,100,,46750,9536,4,,1,100,,46751,9536,4,,1,100,,46752,9536,4,,1,100,,46753,9536,4,,1,99,,46754,9536,4,,1,100,,46755,9536,4,,1,100,,46756,9536,4,,1,100,,46757,9536,4,,1,100,,46758,9536,4,,1,100,,46759,9536,4,,1
4201,'F8',603,,29751,9536,4,,1,100,,29752,9536,4,,1,100,,29753,9536,4,,1,100,,29754,9536,4,,1,100,,29735,9536,4,,1,100,,29736,9536,4,,1,100,,29737,9536,4,,1,100,,29738,9536,4,,1,100,,29739,9536,4,,1,100,,29740,9536,4,,1,100,,29741,9536,4,,1,100,,29742,9536,4,,1,100,,29743,9536,4,,1,100,,29744,9536,4,,1,99,,29745,9536,4,,1,100,,29746,9536,4,,1,100,,29747,9536,4,,1,100,,29748,9536,4,,1,100,,29749,9536,4,,1,100,,29750,9536,4,,1
4201,'F9',603,,29755,9536,4,,1,100,,29756,9536,4,,1,100,,29757,9536,4,,1,100,,29758,9536,4,,1,100,,29759,9536,4,,1,100,,29760,9536,4,,1,100,,29761,9536,4,,1,100,,29762,9536,4,,1,100,,29763,9536,4,,1,100,,29764,9536,4,,1,100,,29765,9536,4,,1,100,,29766,9536,4,,1,100,,29767,9536,4,,1,100,,29768,9536,4,,1,99,,29769,9536,4,,1,100,,29770,9536,4,,1,100,,29771,9536,4,,1,100,,29772,9536,4,,1,100,,29773,9536,4,,1,100,,29774,9536,4,,1
4201,'SA',603,,29791,9536,4,,1,100,,29792,9536,4,,1,100,,29793,9536,4,,1,100,,29794,9536,4,,1,100,,29775,9536,4,,1,100,,29776,9536,4,,1,100,,29777,9536,4,,1,100,,29778,9536,4,,1,100,,29779,9536,4,,1,100,,29780,9536,4,,1,100,,29781,9536,4,,1,100,,29782,9536,4,,1,100,,29783,9536,4,,1,100,,29784,9536,4,,1,99,,29785,9536,4,,1,100,,29786,9536,4,,1,100,,29787,9536,4,,1,100,,29788,9536,4,,1,100,,29789,9536,4,,1,100,,29790,9536,4,,1
4201,'SE',533,,46775,9536,4,,1,20,,46769,9536,4,,1,70,,46766,9536,4,,1,21,,46809,9536,4,,1,14,,46797,9536,4,,1,55,,46781,9536,4,,1,14,,46767,9536,4,,1,14,,46784,9536,4,,1,14,,46803,9536,4,,1,54,,46777,9536,4,,1,23,,46778,9536,4,,1,74,,46782,9536,4,,1,36,,46776,9536,4,,1,70,,46783,9536,4,,1,30,,46779,9536,4,,1,70,,46785,9536,4,,1,30,,46801,9536,4,,1,70,,46765,9536,4,,1,30,,46800,9536,4,,1,70,,46768,9536,4,,1,30,,46802,9536,4,,1,70,,46786,9536,4,,1,30,,46780,9536,4,,1,71,,46774,9536,4,,1,4,,46772,9536,4,,1,2,,46771,9536,4,,1,2,,46798,9536,4,,1,22,,46788,9536,4,,1,70,,46791,9536,4,,1,30,,46787,9536,4,,1,68,,46804,9536,4,,1,24,,46799,9536,4,,1,17,,46770,9536,4,,1,67,,46805,9536,4,,1,29,,46764,9536,4,,1,64,,46792,9536,4,,1,35,,46806,9536,4,,1,70,,46793,9536,4,,1,30,,46807,9536,4,,1,70,,46794,9536,4,,1,29,,46808,9536,4,,1,69,,46795,9536,4,,1,30,,46773,9536,4,,1,70,,46796,9536,4,,1,90,,46789,9536,4,,1,100,,46790,9536,4,,1
4400,'DI',614,,30012,0,,,2,101,,30017,0,,,2,102,,30007,0,,,2,101,,30010,0,,,2,96,,30004,0,,,2,100,,30018,0,,,2,100,,30005,0,,,2,100,,30019,0,,,2,100,,30013,0,,,2,98,,30020,0,,,2,103,,30014,0,,,2,99,,30008,0,,,2,102,,30006,0,,,2,98,,30011,0,,,2,100,,30009,0,,,2,101,,30015,0,,,2,99,,30021,0,,,2,102,,30016,0,,,2,100,,30022,0,,,2
4400,'F1',614,,46881,0,,,2,101,,46886,0,,,2,102,,46876,0,,,2,101,,46879,0,,,2,96,,46873,0,,,2,100,,46887,0,,,2,100,,46874,0,,,2,100,,46888,0,,,2,100,,46882,0,,,2,98,,46889,0,,,2,103,,46883,0,,,2,99,,46877,0,,,2,102,,46875,0,,,2,98,,46880,0,,,2,100,,46878,0,,,2,101,,46884,0,,,2,99,,46890,0,,,2,102,,46885,0,,,2,100,,46891,0,,,2
4400,'F2',614,,46892,0,,,2,103,,46894,0,,,2,97,,46899,0,,,2,100,,46895,0,,,2,100,,46900,0,,,2,100,,46896,0,,,2,100,,46901,0,,,2,105,,46897,0,,,2,100,,46902,0,,,2,95,,46898,0,,,2,104,,46903,0,,,2,100,,46907,0,,,2,101,,46906,0,,,2,95,,46904,0,,,2,100,,46893,0,,,2,101,,46905,0,,,2,100,,46910,0,,,2,99,,46908,0,,,2,103,,46909,0,,,2
4400,'F8',614,,30098,0,,,2,103,,30100,0,,,2,97,,30105,0,,,2,100,,30101,0,,,2,100,,30106,0,,,2,100,,30102,0,,,2,100,,30107,0,,,2,105,,30103,0,,,2,100,,30108,0,,,2,95,,30104,0,,,2,104,,30109,0,,,2,100,,30113,0,,,2,101,,30112,0,,,2,95,,30110,0,,,2,100,,30099,0,,,2,101,,30111,0,,,2,100,,30116,0,,,2,99,,30114,0,,,2,103,,30115,0,,,2
4400,'F9',614,,30125,0,,,2,101,,30130,0,,,2,102,,30120,0,,,2,101,,30123,0,,,2,96,,30117,0,,,2,100,,30131,0,,,2,100,,30118,0,,,2,100,,30132,0,,,2,100,,30126,0,,,2,98,,30133,0,,,2,103,,30127,0,,,2,99,,30121,0,,,2,102,,30119,0,,,2,98,,30124,0,,,2,100,,30122,0,,,2,101,,30128,0,,,2,99,,30134,0,,,2,102,,30129,0,,,2,100,,30135,0,,,2
4400,'SA',614,,30136,0,,,2,103,,30138,0,,,2,97,,30143,0,,,2,100,,30139,0,,,2,100,,30144,0,,,2,100,,30140,0,,,2,100,,30145,0,,,2,105,,30141,0,,,2,100,,30146,0,,,2,95,,30142,0,,,2,104,,30147,0,,,2,100,,30151,0,,,2,101,,30150,0,,,2,95,,30148,0,,,2,100,,30137,0,,,2,101,,30149,0,,,2,100,,30154,0,,,2,99,,30152,0,,,2,103,,30153,0,,,2
4400,'SE',554,,46918,0,,,2,60,,46929,0,,,2,20,,46919,0,,,2,20,,46930,0,,,2,55,,46920,0,,,2,15,,46941,0,,,2,14,,46913,0,,,2,15,,46917,0,,,2,55,,46912,0,,,2,16,,46921,0,,,2,90,,46942,0,,,2,100,,46928,0,,,2,100,,46943,0,,,2,100,,46911,0,,,2,100,,46934,0,,,2,100,,46922,0,,,2,100,,46940,0,,,2,30,,46923,0,,,2,60,,46925,0,,,2,15,,46924,0,,,2,15,,46916,0,,,2,15,,46926,0,,,2,55,,46932,0,,,2,20,,46927,0,,,2,20,,46937,0,,,2,60,,46931,0,,,2,20,,46938,0,,,2,90,,46933,0,,,2,100,,46939,0,,,2,100,,46935,0,,,2,100,,46914,0,,,2,100,,46944,0,,,2,100,,46936,0,,,2,100,,46915,0,,,2
4401,'DI',641,,30200,6158,4,,2,101,,30205,6158,4,,2,103,,30195,6158,4,,2,101,,30198,6158,4,,2,96,,30192,6158,4,,2,100,,30206,6158,4,,2,100,,30193,6158,4,,2,100,,30207,6158,4,,2,100,,30201,6158,4,,2,98,,30208,6158,4,,2,105,,30202,6158,4,,2,99,,30196,6158,4,,2,101,,30194,6158,4,,2,97,,30199,6158,4,,2,100,,30197,6158,4,,2,101,,30203,6158,4,,2,99,,30209,6158,4,,2,101,,30204,6158,4,,2,100,,30210,6158,4,,2
4401,'F1',641,,46953,6158,4,,2,101,,46958,6158,4,,2,103,,46948,6158,4,,2,101,,46951,6158,4,,2,96,,46945,6158,4,,2,100,,46959,6158,4,,2,100,,46946,6158,4,,2,100,,46960,6158,4,,2,100,,46954,6158,4,,2,98,,46961,6158,4,,2,105,,46955,6158,4,,2,99,,46949,6158,4,,2,101,,46947,6158,4,,2,97,,46952,6158,4,,2,100,,46950,6158,4,,2,101,,46956,6158,4,,2,99,,46962,6158,4,,2,101,,46957,6158,4,,2,100,,46963,6158,4,,2
4401,'F2',641,,46964,6158,4,,2,103,,46966,6158,4,,2,98,,46971,6158,4,,2,100,,46967,6158,4,,2,100,,46972,6158,4,,2,100,,46968,6158,4,,2,100,,46973,6158,4,,2,105,,46969,6158,4,,2,100,,46974,6158,4,,2,95,,46970,6158,4,,2,106,,46975,6158,4,,2,100,,46979,6158,4,,2,100,,46978,6158,4,,2,94,,46976,6158,4,,2,100,,46965,6158,4,,2,101,,46977,6158,4,,2,100,,46982,6158,4,,2,98,,46980,6158,4,,2,103,,46981,6158,4,,2
4401,'F8',641,,30286,6158,4,,2,103,,30288,6158,4,,2,98,,30293,6158,4,,2,100,,30289,6158,4,,2,100,,30294,6158,4,,2,100,,30290,6158,4,,2,100,,30295,6158,4,,2,105,,30291,6158,4,,2,100,,30296,6158,4,,2,95,,30292,6158,4,,2,106,,30297,6158,4,,2,100,,30301,6158,4,,2,100,,30300,6158,4,,2,94,,30298,6158,4,,2,100,,30287,6158,4,,2,101,,30299,6158,4,,2,100,,30304,6158,4,,2,98,,30302,6158,4,,2,103,,30303,6158,4,,2
4401,'F9',641,,30313,6158,4,,2,101,,30318,6158,4,,2,103,,30308,6158,4,,2,101,,30311,6158,4,,2,96,,30305,6158,4,,2,100,,30319,6158,4,,2,100,,30306,6158,4,,2,100,,30320,6158,4,,2,100,,30314,6158,4,,2,98,,30321,6158,4,,2,105,,30315,6158,4,,2,99,,30309,6158,4,,2,101,,30307,6158,4,,2,97,,30312,6158,4,,2,100,,30310,6158,4,,2,101,,30316,6158,4,,2,99,,30322,6158,4,,2,101,,30317,6158,4,,2,100,,30323,6158,4,,2
4401,'SA',641,,30324,6158,4,,2,103,,30326,6158,4,,2,98,,30331,6158,4,,2,100,,30327,6158,4,,2,100,,30332,6158,4,,2,100,,30328,6158,4,,2,100,,30333,6158,4,,2,105,,30329,6158,4,,2,100,,30334,6158,4,,2,95,,30330,6158,4,,2,106,,30335,6158,4,,2,100,,30339,6158,4,,2,100,,30338,6158,4,,2,94,,30336,6158,4,,2,100,,30325,6158,4,,2,101,,30337,6158,4,,2,100,,30342,6158,4,,2,98,,30340,6158,4,,2,103,,30341,6158,4,,2
4401,'SE',621,,46990,6158,4,,2,20,,47001,6158,4,,2,60,,46991,6158,4,,2,21,,47002,6158,4,,2,15,,46992,6158,4,,2,15,,47013,6158,4,,2,55,,46985,6158,4,,2,15,,46989,6158,4,,2,15,,46984,6158,4,,2,14,,46993,6158,4,,2,91,,47014,6158,4,,2,100,,47000,6158,4,,2,100,,47015,6158,4,,2,101,,46983,6158,4,,2,100,,47006,6158,4,,2,100,,46994,6158,4,,2,100,,47012,6158,4,,2,70,,46995,6158,4,,2,20,,46997,6158,4,,2,15,,46996,6158,4,,2,55,,46988,6158,4,,2,15,,46998,6158,4,,2,15,,47004,6158,4,,2,20,,46999,6158,4,,2,59,,47009,6158,4,,2,20,,47003,6158,4,,2,20,,47010,6158,4,,2,89,,47005,6158,4,,2,100,,47011,6158,4,,2,100,,47007,6158,4,,2,100,,46986,6158,4,,2,100,,47016,6158,4,,2,100,,47008,6158,4,,2,100,,46987,6158,4,,2
4600,'SE',636,,47022,0,,,2,20,,47019,0,,,2,56,,47025,0,,,2,14,,47024,0,,,2,15,,47031,0,,,2,65,,47023,0,,,2,20,,47026,0,,,2,100,,47018,0,,,2,100,,47017,0,,,2,100,,47037,0,,,2,100,,47038,0,,,2,100,,47035,0,,,2,100,,47036,0,,,2,100,,47032,0,,,2,30,,47020,0,,,2,58,,47033,0,,,2,22,,47027,0,,,2,20,,47029,0,,,2,55,,47034,0,,,2,15,,47028,0,,,2,20,,47030,0,,,2,62,,47021,0,,,2
4601,'SE',631,,47044,7826,4,,2,20,,47060,7826,4,,2,61,,47045,7826,4,,2,20,,47041,7826,4,,2,16,,47048,7826,4,,2,54,,47047,7826,4,,2,18,,47054,7826,4,,2,22,,47046,7826,4,,2,59,,47049,7826,4,,2,100,,47040,7826,4,,2,100,,47039,7826,4,,2,100,,47061,7826,4,,2,100,,47062,7826,4,,2,100,,47058,7826,4,,2,100,,47059,7826,4,,2,102,,47055,7826,4,,2,33,,47042,7826,4,,2,18,,47056,7826,4,,2,62,,47050,7826,4,,2,20,,47052,7826,4,,2,15,,47057,7826,4,,2,75,,47053,7826,4,,2
5400,'DI',713,,31627,9090,4,,1,100,,31620,9090,4,,1,102,,31614,9090,4,,1,103,,31621,9090,4,,1,100,,31615,9090,4,,1,100,,31602,9090,4,,1,31,,31624,9090,4,,1,70,,31625,9090,4,,1,30,,31603,9090,4,,1,70,,31616,9090,4,,1,30,,31607,9090,4,,1,70,,31626,9090,4,,1,30,,31622,9090,4,,1,70,,31613,9090,4,,1,30,,31617,9090,4,,1,70,,31618,9090,4,,1,28,,31608,9090,4,,1,73,,31623,9090,4,,1,34,,31619,9090,4,,1,63,,31604,9090,4,,1,100,,31605,9090,4,,1,100,,31606,9090,4,,1,100,,31609,9090,4,,1,100,,31610,9090,4,,1,98,,31611,9090,4,,1,100,,31612,9090,4,,1
5400,'F1',713,,47522,9090,4,,1,100,,47515,9090,4,,1,102,,47509,9090,4,,1,103,,47516,9090,4,,1,100,,47510,9090,4,,1,100,,47497,9090,4,,1,31,,47519,9090,4,,1,70,,47520,9090,4,,1,30,,47498,9090,4,,1,70,,47511,9090,4,,1,30,,47502,9090,4,,1,70,,47521,9090,4,,1,30,,47517,9090,4,,1,70,,47508,9090,4,,1,30,,47512,9090,4,,1,70,,47513,9090,4,,1,28,,47503,9090,4,,1,73,,47518,9090,4,,1,34,,47514,9090,4,,1,63,,47499,9090,4,,1,100,,47500,9090,4,,1,100,,47501,9090,4,,1,100,,47504,9090,4,,1,100,,47505,9090,4,,1,98,,47506,9090,4,,1,100,,47507,9090,4,,1
5400,'F2',713,,47536,9090,4,,1,30,,47544,9090,4,,1,70,,47539,9090,4,,1,32,,47538,9090,4,,1,70,,47537,9090,4,,1,32,,47528,9090,4,,1,71,,47526,9090,4,,1,30,,47545,9090,4,,1,70,,47534,9090,4,,1,30,,47527,9090,4,,1,70,,47529,9090,4,,1,31,,47535,9090,4,,1,70,,47546,9090,4,,1,30,,47530,9090,4,,1,70,,47540,9090,4,,1,30,,47547,9090,4,,1,70,,47523,9090,4,,1,30,,47541,9090,4,,1,70,,47531,9090,4,,1,30,,47524,9090,4,,1,70,,47542,9090,4,,1,28,,47532,9090,4,,1,73,,47525,9090,4,,1,30,,47543,9090,4,,1,67,,47533,9090,4,,1,100,,47548,9090,4,,1,100,,47549,9090,4,,1,100,,47550,9090,4,,1,100,,47551,9090,4,,1,98,,47552,9090,4,,1,100,,47553,9090,4,,1
5400,'F8',713,,31737,9090,4,,1,30,,31745,9090,4,,1,70,,31740,9090,4,,1,32,,31739,9090,4,,1,70,,31738,9090,4,,1,32,,31729,9090,4,,1,71,,31727,9090,4,,1,30,,31746,9090,4,,1,70,,31735,9090,4,,1,30,,31728,9090,4,,1,70,,31730,9090,4,,1,31,,31736,9090,4,,1,70,,31747,9090,4,,1,30,,31731,9090,4,,1,70,,31741,9090,4,,1,30,,31748,9090,4,,1,70,,31724,9090,4,,1,30,,31742,9090,4,,1,70,,31732,9090,4,,1,30,,31725,9090,4,,1,70,,31743,9090,4,,1,28,,31733,9090,4,,1,73,,31726,9090,4,,1,30,,31744,9090,4,,1,67,,31734,9090,4,,1,100,,31749,9090,4,,1,100,,31750,9090,4,,1,100,,31751,9090,4,,1,100,,31752,9090,4,,1,98,,31753,9090,4,,1,100,,31754,9090,4,,1
5400,'F9',713,,31780,9090,4,,1,100,,31773,9090,4,,1,102,,31767,9090,4,,1,103,,31774,9090,4,,1,100,,31768,9090,4,,1,100,,31755,9090,4,,1,31,,31777,9090,4,,1,70,,31778,9090,4,,1,30,,31756,9090,4,,1,70,,31769,9090,4,,1,30,,31760,9090,4,,1,70,,31779,9090,4,,1,30,,31775,9090,4,,1,70,,31766,9090,4,,1,30,,31770,9090,4,,1,70,,31771,9090,4,,1,28,,31761,9090,4,,1,73,,31776,9090,4,,1,34,,31772,9090,4,,1,63,,31757,9090,4,,1,100,,31758,9090,4,,1,100,,31759,9090,4,,1,100,,31762,9090,4,,1,100,,31763,9090,4,,1,98,,31764,9090,4,,1,100,,31765,9090,4,,1
5400,'SA',713,,31794,9090,4,,1,30,,31802,9090,4,,1,70,,31797,9090,4,,1,32,,31796,9090,4,,1,70,,31795,9090,4,,1,32,,31786,9090,4,,1,71,,31784,9090,4,,1,30,,10589,9090,4,,1,70,,31792,9090,4,,1,30,,31785,9090,4,,1,70,,31787,9090,4,,1,31,,31793,9090,4,,1,70,,31803,9090,4,,1,30,,31788,9090,4,,1,70,,31798,9090,4,,1,30,,10591,9090,4,,1,70,,31781,9090,4,,1,30,,31799,9090,4,,1,70,,31789,9090,4,,1,30,,31782,9090,4,,1,70,,31800,9090,4,,1,28,,31790,9090,4,,1,73,,31783,9090,4,,1,30,,31801,9090,4,,1,67,,31791,9090,4,,1,100,,31804,9090,4,,1,100,,31805,9090,4,,1,100,,31806,9090,4,,1,100,,31807,9090,4,,1,98,,31808,9090,4,,1,100,,31809,9090,4,,1
5400,'SE',708,,47583,9090,4,,1,36,,47576,9090,4,,1,71,,47566,9090,4,,1,34,,47578,9090,4,,1,72,,47579,9090,4,,1,30,,47560,9090,4,,1,70,,47585,9090,4,,1,30,,47572,9090,4,,1,70,,47565,9090,4,,1,30,,47554,9090,4,,1,70,,47562,9090,4,,1,30,,47557,9090,4,,1,71,,47577,9090,4,,1,30,,47567,9090,4,,1,70,,47561,9090,4,,1,30,,47556,9090,4,,1,66,,47584,9090,4,,1,27,,47582,9090,4,,1,70,,47570,9090,4,,1,30,,47587,9090,4,,1,74,,47564,9090,4,,1,23,,47558,9090,4,,1,75,,47571,9090,4,,1,28,,47563,9090,4,,1,75,,47581,9090,4,,1,29,,47568,9090,4,,1,68,,47580,9090,4,,1,30,,47575,9090,4,,1,70,,47573,9090,4,,1,30,,47586,9090,4,,1,68,,47555,9090,4,,1,100,,47569,9090,4,,1,98,,47559,9090,4,,1,100,,47574,9090,4,,1
5401,'DI',609,,31846,0,,,1,100,,31863,0,,,1,100,,31858,0,,,1,103,,31864,0,,,1,102,,31859,0,,,1,100,,31844,0,,,1,100,,31868,0,,,1,30,,31845,0,,,1,70,,31867,0,,,1,30,,31869,0,,,1,70,,31856,0,,,1,30,,31865,0,,,1,69,,31857,0,,,1,31,,31860,0,,,1,69,,31861,0,,,1,31,,31851,0,,,1,69,,31866,0,,,1,31,,31862,0,,,1,70,,31847,0,,,1,31,,31852,0,,,1,77,,31848,0,,,1,100,,31849,0,,,1,100,,31850,0,,,1,100,,31853,0,,,1,100,,31854,0,,,1,100,,31855,0,,,1
5401,'F1',609,,47590,0,,,1,100,,47607,0,,,1,100,,47602,0,,,1,103,,47608,0,,,1,102,,47603,0,,,1,100,,47588,0,,,1,100,,47612,0,,,1,30,,47589,0,,,1,70,,47611,0,,,1,30,,47613,0,,,1,70,,47600,0,,,1,30,,47609,0,,,1,69,,47601,0,,,1,31,,47604,0,,,1,69,,47605,0,,,1,31,,47595,0,,,1,69,,47610,0,,,1,31,,47606,0,,,1,70,,47591,0,,,1,31,,47596,0,,,1,77,,47592,0,,,1,100,,47593,0,,,1,100,,47594,0,,,1,100,,47597,0,,,1,100,,47598,0,,,1,100,,47599,0,,,1
5401,'F2',610,,47628,0,,,1,30,,47637,0,,,1,70,,47632,0,,,1,30,,47631,0,,,1,70,,47629,0,,,1,32,,47619,0,,,1,72,,47617,0,,,1,31,,47638,0,,,1,68,,47630,0,,,1,30,,47618,0,,,1,72,,47620,0,,,1,30,,47627,0,,,1,69,,47639,0,,,1,31,,47621,0,,,1,70,,47633,0,,,1,30,,47640,0,,,1,70,,47614,0,,,1,25,,47634,0,,,1,74,,47622,0,,,1,30,,47615,0,,,1,71,,47635,0,,,1,30,,47623,0,,,1,70,,47616,0,,,1,30,,47636,0,,,1,70,,47625,0,,,1,30,,47624,0,,,1,77,,47626,0,,,1,100,,47641,0,,,1,100,,47642,0,,,1,100,,47643,0,,,1,100,,47644,0,,,1,100,,47645,0,,,1,100,,47646,0,,,1
5401,'F8',610,,31986,0,,,1,30,,31995,0,,,1,70,,31990,0,,,1,30,,31989,0,,,1,70,,31987,0,,,1,32,,31977,0,,,1,72,,31975,0,,,1,31,,31996,0,,,1,68,,31988,0,,,1,30,,31976,0,,,1,72,,31978,0,,,1,30,,31985,0,,,1,69,,31997,0,,,1,31,,31979,0,,,1,70,,31991,0,,,1,30,,31998,0,,,1,70,,31972,0,,,1,25,,31992,0,,,1,74,,31980,0,,,1,30,,31973,0,,,1,71,,31993,0,,,1,30,,31981,0,,,1,70,,31974,0,,,1,30,,31994,0,,,1,70,,31983,0,,,1,30,,31982,0,,,1,77,,31984,0,,,1,100,,31999,0,,,1,100,,32000,0,,,1,100,,32001,0,,,1,100,,32002,0,,,1,100,,32003,0,,,1,100,,32004,0,,,1
5401,'F9',609,,32007,0,,,1,100,,32024,0,,,1,100,,32019,0,,,1,103,,32025,0,,,1,102,,32020,0,,,1,100,,32005,0,,,1,100,,32029,0,,,1,30,,32006,0,,,1,70,,32028,0,,,1,30,,32030,0,,,1,70,,32017,0,,,1,30,,32026,0,,,1,69,,32018,0,,,1,31,,32021,0,,,1,69,,32022,0,,,1,31,,32012,0,,,1,69,,32027,0,,,1,31,,32023,0,,,1,70,,32008,0,,,1,31,,32013,0,,,1,77,,32009,0,,,1,100,,32010,0,,,1,100,,32011,0,,,1,100,,32014,0,,,1,100,,32015,0,,,1,100,,32016,0,,,1
5401,'SA',610,,32045,0,,,1,30,,32054,0,,,1,70,,32049,0,,,1,30,,32048,0,,,1,70,,32046,0,,,1,32,,32036,0,,,1,72,,32034,0,,,1,31,,10810,0,,,1,68,,32047,0,,,1,30,,32035,0,,,1,72,,32037,0,,,1,30,,32044,0,,,1,69,,32055,0,,,1,31,,32038,0,,,1,70,,32050,0,,,1,30,,10812,0,,,1,70,,32031,0,,,1,25,,32051,0,,,1,74,,32039,0,,,1,30,,32032,0,,,1,71,,32052,0,,,1,30,,32040,0,,,1,70,,32033,0,,,1,30,,32053,0,,,1,70,,32042,0,,,1,30,,32041,0,,,1,77,,32043,0,,,1,100,,32056,0,,,1,100,,32057,0,,,1,100,,32058,0,,,1,100,,32059,0,,,1,100,,32060,0,,,1,100,,32061,0,,,1
5401,'SE',552,,47667,0,,,1,70,,47656,0,,,1,30,,47657,0,,,1,76,,47675,0,,,1,23,,47677,0,,,1,70,,47661,0,,,1,34,,47673,0,,,1,71,,47674,0,,,1,30,,47653,0,,,1,70,,47680,0,,,1,30,,47668,0,,,1,70,,47660,0,,,1,30,,47647,0,,,1,70,,47655,0,,,1,30,,47651,0,,,1,71,,47672,0,,,1,30,,47662,0,,,1,70,,47654,0,,,1,31,,47649,0,,,1,68,,47679,0,,,1,29,,47650,0,,,1,71,,47665,0,,,1,24,,47682,0,,,1,74,,47659,0,,,1,23,,47652,0,,,1,75,,47666,0,,,1,30,,47658,0,,,1,73,,47678,0,,,1,29,,47663,0,,,1,68,,47676,0,,,1,30,,47671,0,,,1,70,,47669,0,,,1,99,,47648,0,,,1,100,,47664,0,,,1,100,,47681,0,,,1,100,,47670,0,,,1
6000,'SE',622,,47742,0,,,1,83,,47745,0,,,1,37,,47731,0,,,1,87,,47748,0,,,1,101,,47743,0,,,1,100,,47736,0,,,1,100,,47749,0,,,1,100,,47740,0,,,1,100,,47738,0,,,1,100,,47753,0,,,1,96,,47746,0,,,1,30,,47737,0,,,1,64,,47750,0,,,1,24,,47732,0,,,1,68,,47744,0,,,1,28,,47747,0,,,1,66,,47733,0,,,1,30,,47741,0,,,1,69,,47751,0,,,1,99,,47730,0,,,1,100,,47734,0,,,1,100,,47739,0,,,1,50,,47735,0,,,1,100,,47752,0,,,1
6001,'SE',608,,47776,10908,4,,1,22,,47780,10908,4,,1,21,,47773,10908,4,,1,69,,47765,10908,4,,1,29,,47777,10908,4,,1,68,,47768,10908,4,,1,26,,47755,10908,4,,1,13,,47778,10908,4,,1,72,,47771,10908,4,,1,100,,47766,10908,4,,1,100,,47760,10908,4,,1,100,,47772,10908,4,,1,101,,47764,10908,4,,1,100,,47762,10908,4,,1,101,,47779,10908,4,,1,100,,47769,10908,4,,1,70,,47761,10908,4,,1,27,,47774,10908,4,,1,24,,47756,10908,4,,1,67,,47767,10908,4,,1,29,,47770,10908,4,,1,67,,47757,10908,4,,1,88,,47775,10908,4,,1,100,,47754,10908,4,,1,99,,47758,10908,4,,1,100,,47763,10908,4,,1,55,,47759,10908,4,,1
16000,'DI',651,,38365,0,0,19 20,1,100,,38368,0,0,19 20,1,100,,38371,0,0,19 20,1,100,,38366,0,0,19 20,1,100,,38372,0,0,19 20,1,100,,38364,0,0,19 20,1,100,,38373,0,0,19 20,1,100,,38362,0,0,19 20,1,100,,38360,0,0,19 20,1,100,,38369,0,0,19 20,1,100,,38367,0,0,19 20,1,100,,38374,0,0,19 20,1,100,,38370,0,0,19 20,1,102,,38363,0,0,19 20,1,98,,38361,0,0,19 20,1
16000,'F1',651,,50212,0,0,19 20,1,100,,50215,0,0,19 20,1,100,,50218,0,0,19 20,1,100,,50213,0,0,19 20,1,100,,50219,0,0,19 20,1,100,,50211,0,0,19 20,1,100,,50220,0,0,19 20,1,100,,50209,0,0,19 20,1,100,,50207,0,0,19 20,1,100,,50216,0,0,19 20,1,100,,50214,0,0,19 20,1,100,,50221,0,0,19 20,1,100,,50217,0,0,19 20,1,102,,50210,0,0,19 20,1,98,,50208,0,0,19 20,1
16000,'F2',651,,50226,0,0,19 20,1,99,,50229,0,0,19 20,1,101,,50225,0,0,19 20,1,100,,50222,0,0,19 20,1,100,,50228,0,0,19 20,1,99,,50233,0,0,19 20,1,101,,50223,0,0,19 20,1,100,,50227,0,0,19 20,1,100,,50234,0,0,19 20,1,100,,50230,0,0,19 20,1,100,,50224,0,0,19 20,1,100,,50235,0,0,19 20,1,100,,50231,0,0,19 20,1,101,,50236,0,0,19 20,1,99,,50232,0,0,19 20,1
16000,'F8',651,,38429,0,0,19 20,1,99,,38432,0,0,19 20,1,101,,38428,0,0,19 20,1,100,,38425,0,0,19 20,1,100,,38431,0,0,19 20,1,99,,38436,0,0,19 20,1,101,,38426,0,0,19 20,1,100,,38430,0,0,19 20,1,100,,38437,0,0,19 20,1,100,,38433,0,0,19 20,1,100,,38427,0,0,19 20,1,100,,38438,0,0,19 20,1,100,,38434,0,0,19 20,1,101,,38439,0,0,19 20,1,99,,38435,0,0,19 20,1
16000,'F9',651,,38445,0,0,19 20,1,100,,38448,0,0,19 20,1,100,,38451,0,0,19 20,1,100,,38446,0,0,19 20,1,100,,38452,0,0,19 20,1,100,,38444,0,0,19 20,1,100,,38453,0,0,19 20,1,100,,38442,0,0,19 20,1,100,,38440,0,0,19 20,1,100,,38449,0,0,19 20,1,100,,38447,0,0,19 20,1,100,,38454,0,0,19 20,1,100,,38450,0,0,19 20,1,102,,38443,0,0,19 20,1,98,,38441,0,0,19 20,1
16000,'SA',651,,38459,0,0,19 20,1,99,,16667,0,0,19 20,1,101,,38458,0,0,19 20,1,100,,38455,0,0,19 20,1,100,,38461,0,0,19 20,1,99,,38464,0,0,19 20,1,101,,38456,0,0,19 20,1,100,,38460,0,0,19 20,1,100,,38465,0,0,19 20,1,100,,16668,0,0,19 20,1,100,,38457,0,0,19 20,1,100,,38466,0,0,19 20,1,100,,38462,0,0,19 20,1,101,,38467,0,0,19 20,1,99,,38463,0,0,19 20,1
16000,'SE',605,,50239,0,0,19 20,1,95,,50249,0,0,19 20,1,38,,50247,0,0,19 20,1,95,,50250,0,0,19 20,1,89,,50248,0,0,19 20,1,86,,50240,0,0,19 20,1,100,,50241,0,0,19 20,1,100,,50242,0,0,19 20,1,100,,50251,0,0,19 20,1,100,,50246,0,0,19 20,1,98,,50253,0,0,19 20,1,30,,50259,0,0,19 20,1,68,,50237,0,0,19 20,1,24,,50252,0,0,19 20,1,30,,50254,0,0,19 20,1,68,,50255,0,0,19 20,1,30,,50245,0,0,19 20,1,70,,50260,0,0,19 20,1,30,,50243,0,0,19 20,1,87,,50238,0,0,19 20,1,100,,50244,0,0,19 20,1,100,,50257,0,0,19 20,1,92,,50256,0,0,19 20,1,100,,50258,0,0,19 20,1
16001,'DI',624,,38498,17302,4,,1,99,,38493,17302,4,,1,100,,38499,17302,4,,1,100,,38502,17302,4,,1,100,,38505,17302,4,,1,100,,38500,17302,4,,1,100,,38506,17302,4,,1,100,,38497,17302,4,,1,100,,38507,17302,4,,1,100,,38495,17302,4,,1,100,,38492,17302,4,,1,100,,38503,17302,4,,1,100,,38501,17302,4,,1,100,,38508,17302,4,,1,100,,38504,17302,4,,1,103,,38496,17302,4,,1,97,,38494,17302,4,,1
16001,'F1',624,,50267,17302,4,,1,99,,50262,17302,4,,1,100,,50268,17302,4,,1,100,,50271,17302,4,,1,100,,50274,17302,4,,1,100,,50269,17302,4,,1,100,,50275,17302,4,,1,100,,50266,17302,4,,1,100,,50276,17302,4,,1,100,,50264,17302,4,,1,100,,50261,17302,4,,1,100,,50272,17302,4,,1,100,,50270,17302,4,,1,100,,50277,17302,4,,1,100,,50273,17302,4,,1,103,,50265,17302,4,,1,97,,50263,17302,4,,1
16001,'F2',625,,50286,17302,4,,1,99,,50284,17302,4,,1,99,,50282,17302,4,,1,100,,50287,17302,4,,1,99,,50281,17302,4,,1,101,,50278,17302,4,,1,100,,50285,17302,4,,1,100,,50291,17302,4,,1,100,,50279,17302,4,,1,100,,50283,17302,4,,1,100,,50292,17302,4,,1,100,,50288,17302,4,,1,100,,50280,17302,4,,1,101,,50293,17302,4,,1,99,,50289,17302,4,,1,103,,50294,17302,4,,1,97,,50290,17302,4,,1
16001,'F8',625,,38572,17302,4,,1,99,,38570,17302,4,,1,99,,38568,17302,4,,1,100,,38573,17302,4,,1,99,,38567,17302,4,,1,101,,38564,17302,4,,1,100,,38571,17302,4,,1,100,,38577,17302,4,,1,100,,38565,17302,4,,1,100,,38569,17302,4,,1,100,,38578,17302,4,,1,100,,38574,17302,4,,1,100,,38566,17302,4,,1,101,,38579,17302,4,,1,99,,38575,17302,4,,1,103,,38580,17302,4,,1,97,,38576,17302,4,,1
16001,'F9',624,,38587,17302,4,,1,99,,38582,17302,4,,1,100,,38588,17302,4,,1,100,,38591,17302,4,,1,100,,38594,17302,4,,1,100,,38589,17302,4,,1,100,,38595,17302,4,,1,100,,38586,17302,4,,1,100,,38596,17302,4,,1,100,,38584,17302,4,,1,100,,38581,17302,4,,1,100,,38592,17302,4,,1,100,,38590,17302,4,,1,100,,38597,17302,4,,1,100,,38593,17302,4,,1,103,,38585,17302,4,,1,97,,38583,17302,4,,1
16001,'SA',625,,38606,17302,4,,1,99,,38604,17302,4,,1,99,,38602,17302,4,,1,100,,16801,17302,4,,1,99,,38601,17302,4,,1,101,,38598,17302,4,,1,100,,38605,17302,4,,1,100,,38609,17302,4,,1,100,,38599,17302,4,,1,100,,38603,17302,4,,1,100,,38610,17302,4,,1,100,,16802,17302,4,,1,100,,38600,17302,4,,1,101,,38611,17302,4,,1,99,,38607,17302,4,,1,103,,38612,17302,4,,1,97,,38608,17302,4,,1
16001,'SE',638,,50303,17302,4,,1,68,,50315,17302,4,,1,30,,50297,17302,4,,1,70,,50305,17302,4,,1,21,,50309,17302,4,,1,23,,50319,17302,4,,1,65,,50307,17302,4,,1,43,,50310,17302,4,,1,99,,50308,17302,4,,1,93,,50298,17302,4,,1,100,,50299,17302,4,,1,100,,50300,17302,4,,1,100,,50311,17302,4,,1,99,,50306,17302,4,,1,94,,50313,17302,4,,1,97,,50295,17302,4,,1,70,,50312,17302,4,,1,26,,50314,17302,4,,1,65,,50316,17302,4,,1,24,,50304,17302,4,,1,99,,50301,17302,4,,1,100,,50296,17302,4,,1,101,,50302,17302,4,,1,100,,50318,17302,4,,1,90,,50317,17302,4,,1
