8101,'DI',631,,35898,12485,,,1,100,,35895,12485,,,1,100,,35884,12485,,,1,103,,35891,12485,,,1,100,,35885,12485,,,1,100,,35893,12485,,,1,100,,35897,12485,,,1,100,,35899,12485,,,1,100,,35888,12485,,,1,100,,35892,12485,,,1,100,,35883,12485,,,1,96,,35896,12485,,,1,108,,35886,12485,,,1,96,,35894,12485,,,1,100,,35887,12485,,,1,100,,35900,12485,,,1,100,,35889,12485,,,1,100,,35902,12485,,,1,100,,35901,12485,,,1,100,,35890,12485,,,1
8101,'F8',631,,35979,12485,,,1,100,,35986,12485,,,1,100,,35992,12485,,,1,103,,35987,12485,,,1,100,,35988,12485,,,1,100,,35993,12485,,,1,100,,35974,12485,,,1,100,,35976,12485,,,1,100,,35982,12485,,,1,100,,35989,12485,,,1,100,,35994,12485,,,1,100,,35980,12485,,,1,104,,35983,12485,,,1,96,,35990,12485,,,1,100,,35975,12485,,,1,100,,35984,12485,,,1,100,,35978,12485,,,1,100,,35991,12485,,,1,100,,35985,12485,,,1,100,,35981,12485,,,1,100,,35977,12485,,,1
8101,'F9',631,,36010,12485,,,1,100,,36007,12485,,,1,100,,35996,12485,,,1,103,,36003,12485,,,1,100,,35997,12485,,,1,100,,36005,12485,,,1,100,,36009,12485,,,1,100,,36011,12485,,,1,100,,36000,12485,,,1,100,,36004,12485,,,1,100,,35995,12485,,,1,96,,36008,12485,,,1,108,,35998,12485,,,1,96,,36006,12485,,,1,100,,35999,12485,,,1,100,,36012,12485,,,1,100,,36001,12485,,,1,100,,36014,12485,,,1,100,,36013,12485,,,1,100,,36002,12485,,,1
8101,'SA',631,,36020,12485,,,1,100,,36027,12485,,,1,100,,36033,12485,,,1,103,,36028,12485,,,1,100,,36029,12485,,,1,100,,14421,12485,,,1,100,,36015,12485,,,1,100,,36017,12485,,,1,100,,36023,12485,,,1,100,,36030,12485,,,1,100,,36034,12485,,,1,100,,36021,12485,,,1,104,,36024,12485,,,1,96,,36031,12485,,,1,100,,36016,12485,,,1,100,,36025,12485,,,1,100,,36019,12485,,,1,100,,36032,12485,,,1,100,,36026,12485,,,1,100,,36022,12485,,,1,100,,36018,12485,,,1
8101,'SE',601,,36052,12485,,,1,30,,36049,12485,,,1,22,,36038,12485,,,1,78,,36050,12485,,,1,70,,36045,12485,,,1,31,,36055,12485,,,1,69,,36051,12485,,,1,36,,36043,12485,,,1,98,,36035,12485,,,1,100,,36053,12485,,,1,100,,36044,12485,,,1,100,,36062,12485,,,1,100,,36060,12485,,,1,100,,36041,12485,,,1,71,,36058,12485,,,1,32,,36063,12485,,,1,70,,36054,12485,,,1,30,,36046,12485,,,1,70,,36037,12485,,,1,30,,36059,12485,,,1,70,,36047,12485,,,1,26,,36036,12485,,,1,100,,36042,12485,,,1,100,,36039,12485,,,1,100,,36056,12485,,,1,100,,36061,12485,,,1,100,,36040,12485,,,1,100,,36057,12485,,,1,100,,36048,12485,,,1
8300,'DI',710,,36122,9674,,,1,100,,36123,9674,,,1,108,,36124,9674,,,1,100,,36125,9674,,,1,100,,36126,9674,,,1,100,,36127,9674,,,1,100,,36128,9674,,,1,100,,36129,9674,,,1,100,,36130,9674,,,1,100,,36131,9674,,,1,100,,36132,9674,,,1,100,,36133,9674,,,1,100,,36134,9674,,,1,100,,36135,9674,,,1,100,,36136,9674,,,1,100,,36137,9674,,,1,100,,36138,9674,,,1,100,,36139,9674,,,1
8300,'F8',610,,36228,9674,,,1,100,,36229,9674,,,1,100,,36230,9674,,,1,108,,36231,9674,,,1,100,,36212,9674,,,1,100,,36213,9674,,,1,100,,36214,9674,,,1,100,,36215,9674,,,1,100,,36216,9674,,,1,100,,36217,9674,,,1,100,,36218,9674,,,1,100,,36219,9674,,,1,100,,36220,9674,,,1,100,,36221,9674,,,1,100,,36222,9674,,,1,100,,36223,9674,,,1,100,,36224,9674,,,1,100,,36225,9674,,,1,100,,36226,9674,,,1,100,,36227,9674,,,1
8300,'F9',710,,36232,9674,,,1,100,,36233,9674,,,1,108,,36234,9674,,,1,100,,36235,9674,,,1,100,,36236,9674,,,1,100,,36237,9674,,,1,100,,36238,9674,,,1,100,,36239,9674,,,1,100,,36240,9674,,,1,100,,36241,9674,,,1,100,,36242,9674,,,1,100,,36243,9674,,,1,100,,36244,9674,,,1,100,,36245,9674,,,1,100,,36246,9674,,,1,100,,36247,9674,,,1,100,,36248,9674,,,1,100,,36249,9674,,,1
8300,'SA',610,,36266,9674,,,1,100,,36267,9674,,,1,100,,36268,9674,,,1,108,,36269,9674,,,1,100,,36250,9674,,,1,100,,36251,9674,,,1,100,,36252,9674,,,1,100,,36253,9674,,,1,100,,36254,9674,,,1,100,,36255,9674,,,1,100,,36256,9674,,,1,100,,36257,9674,,,1,100,,36258,9674,,,1,100,,36259,9674,,,1,100,,36260,9674,,,1,100,,36261,9674,,,1,100,,36262,9674,,,1,100,,36263,9674,,,1,100,,36264,9674,,,1,100,,36265,9674,,,1
8300,'SE',603,,36291,9674,,,1,19,,36283,9674,,,1,16,,36288,9674,,,1,65,,36293,9674,,,1,20,,36289,9674,,,1,22,,36279,9674,,,1,58,,36292,9674,,,1,20,,36285,9674,,,1,23,,36281,9674,,,1,71,,36300,9674,,,1,20,,36290,9674,,,1,80,,36276,9674,,,1,100,,36277,9674,,,1,100,,36284,9674,,,1,100,,36271,9674,,,1,100,,36272,9674,,,1,101,,36273,9674,,,1,15,,36294,9674,,,1,25,,36274,9674,,,1,60,,36301,9674,,,1,22,,36270,9674,,,1,60,,36280,9674,,,1,18,,36302,9674,,,1,20,,36303,9674,,,1,20,,36282,9674,,,1,60,,36295,9674,,,1,20,,36278,9674,,,1,80,,36296,9674,,,1,100,,36297,9674,,,1,100,,36298,9674,,,1,100,,36299,9674,,,1,100,,36275,9674,,,1,100,,36286,9674,,,1,100,,36287,9674,,,1
8400,'SE',717,,36521,9674,,,2,24,,36530,9674,,,2,16,,36532,9674,,,2,60,,36533,9674,,,2,20,,36529,9674,,,2,66,,36531,9674,,,2,47,,36517,9674,,,2,100,,36518,9674,,,2,100,,36543,9674,,,2,100,,36522,9674,,,2,100,,36526,9674,,,2,100,,36527,9674,,,2,78,,36545,9674,,,2,19,,36519,9674,,,2,60,,36528,9674,,,2,21,,36536,9674,,,2,21,,36544,9674,,,2,59,,36535,9674,,,2,20,,36534,9674,,,2,20,,36524,9674,,,2,61,,36525,9674,,,2,19,,36523,9674,,,2,20,,36520,9674,,,2,100,,36537,9674,,,2,100,,36538,9674,,,2,100,,36539,9674,,,2,100,,36540,9674,,,2,100,,36541,9674,,,2,100,,36542,9674,,,2
