400,'DI',652,,21120,22048,4,,1,69,,21106,22048,4,,1,30,,21112,22048,4,,1,70,,21124,22048,4,,1,30,,21121,22048,4,,1,72,,21107,22048,4,,1,30,,21113,22048,4,,1,72,,21127,22048,4,,1,30,,21129,22048,4,,1,70,,21108,22048,4,,1,33,,21114,22048,4,,1,70,,21128,22048,4,,1,27,,21130,22048,4,,1,71,,21109,22048,4,,1,32,,21135,22048,4,,1,70,,21136,22048,4,,1,28,,21131,22048,4,,1,71,,21110,22048,4,,1,29,,21115,22048,4,,1,70,,21138,22048,4,,1,32,,21118,22048,4,,1,70,,21111,22048,4,,1,30,,21116,22048,4,,1,70,,21139,22048,4,,1,30,,21119,22048,4,,1,68,,21132,22048,4,,1,30,,21137,22048,4,,1,70,,21134,22048,4,,1,30,,21126,22048,4,,1,70,,21133,22048,4,,1,30,,21122,22048,4,,1,70,,21105,22048,4,,1,30,,21117,22048,4,,1,100,,21123,22048,4,,1,100,,21125,22048,4,,1
400,'F8',652,,21254,22048,4,,1,69,,21250,22048,4,,1,30,,21258,22048,4,,1,70,,21259,22048,4,,1,30,,21255,22048,4,,1,72,,21251,22048,4,,1,30,,21277,22048,4,,1,72,,21260,22048,4,,1,31,,21256,22048,4,,1,70,,21252,22048,4,,1,32,,21278,22048,4,,1,70,,21261,22048,4,,1,30,,21271,22048,4,,1,70,,21282,22048,4,,1,30,,21269,22048,4,,1,70,,21281,22048,4,,1,30,,21265,22048,4,,1,70,,21249,22048,4,,1,30,,21262,22048,4,,1,70,,21272,22048,4,,1,30,,21283,22048,4,,1,70,,21280,22048,4,,1,30,,21268,22048,4,,1,70,,21274,22048,4,,1,28,,21267,22048,4,,1,70,,21257,22048,4,,1,30,,21273,22048,4,,1,70,,21264,22048,4,,1,30,,21253,22048,4,,1,70,,21276,22048,4,,1,30,,21263,22048,4,,1,70,,21275,22048,4,,1,30,,21279,22048,4,,1,100,,21270,22048,4,,1,100,,21266,22048,4,,1
400,'F9',652,,21299,22048,4,,1,69,,21285,22048,4,,1,30,,21291,22048,4,,1,70,,21303,22048,4,,1,30,,21300,22048,4,,1,72,,21286,22048,4,,1,30,,21292,22048,4,,1,72,,21306,22048,4,,1,30,,21308,22048,4,,1,70,,21287,22048,4,,1,33,,21293,22048,4,,1,70,,21307,22048,4,,1,27,,21309,22048,4,,1,71,,21288,22048,4,,1,32,,21314,22048,4,,1,70,,21315,22048,4,,1,28,,21310,22048,4,,1,71,,21289,22048,4,,1,29,,21294,22048,4,,1,70,,21317,22048,4,,1,32,,21297,22048,4,,1,70,,21290,22048,4,,1,30,,21295,22048,4,,1,70,,21318,22048,4,,1,30,,21298,22048,4,,1,68,,21311,22048,4,,1,30,,21316,22048,4,,1,70,,21313,22048,4,,1,30,,21305,22048,4,,1,70,,21312,22048,4,,1,30,,21301,22048,4,,1,70,,21284,22048,4,,1,30,,21296,22048,4,,1,100,,21302,22048,4,,1,100,,21304,22048,4,,1
400,'SA',652,,1101,22048,4,,1,69,,21319,22048,4,,1,30,,1103,22048,4,,1,70,,1104,22048,4,,1,30,,1102,22048,4,,1,72,,21320,22048,4,,1,30,,21339,22048,4,,1,72,,1105,22048,4,,1,31,,21323,22048,4,,1,70,,21321,22048,4,,1,32,,21340,22048,4,,1,70,,1106,22048,4,,1,30,,21333,22048,4,,1,70,,21344,22048,4,,1,30,,21331,22048,4,,1,70,,21343,22048,4,,1,30,,21327,22048,4,,1,70,,1099,22048,4,,1,30,,1107,22048,4,,1,70,,21334,22048,4,,1,30,,21345,22048,4,,1,70,,21342,22048,4,,1,30,,21330,22048,4,,1,70,,21336,22048,4,,1,28,,21329,22048,4,,1,70,,21324,22048,4,,1,30,,21335,22048,4,,1,70,,21326,22048,4,,1,30,,21322,22048,4,,1,70,,21338,22048,4,,1,30,,21325,22048,4,,1,70,,21337,22048,4,,1,30,,21341,22048,4,,1,100,,21332,22048,4,,1,100,,21328,22048,4,,1
400,'SE',600,,21377,22048,4,,1,25,,21370,22048,4,,1,28,,21369,22048,4,,1,60,,21378,22048,4,,1,15,,21371,22048,4,,1,20,,21376,22048,4,,1,66,,21379,22048,4,,1,19,,21373,22048,4,,1,24,,1174,22048,4,,1,49,,21380,22048,4,,1,32,,21372,22048,4,,1,13,,21355,22048,4,,1,63,,21353,22048,4,,1,30,,21346,22048,4,,1,70,,21359,22048,4,,1,30,,21357,22048,4,,1,70,,21366,22048,4,,1,30,,21356,22048,4,,1,70,,1148,22048,4,,1,30,,21365,22048,4,,1,70,,21362,22048,4,,1,29,,21354,22048,4,,1,69,,21347,22048,4,,1,34,,1172,22048,4,,1,66,,21375,22048,4,,1,38,,21381,22048,4,,1,67,,21382,22048,4,,1,30,,1173,22048,4,,1,69,,21374,22048,4,,1,23,,21349,22048,4,,1,20,,21361,22048,4,,1,71,,21363,22048,4,,1,74,,1151,22048,4,,1,30,,21348,22048,4,,1,70,,21364,22048,4,,1,28,,21360,22048,4,,1,70,,21350,22048,4,,1,30,,21358,22048,4,,1,26,,21367,22048,4,,1,70,,21368,22048,4,,1,100,,21352,22048,4,,1
401,'DI',658,,21399,0,,,1,70,,21385,0,,,1,30,,21392,0,,,1,72,,21405,0,,,1,70,,21407,0,,,1,30,,21386,0,,,1,70,,21393,0,,,1,30,,21406,0,,,1,70,,21408,0,,,1,30,,21387,0,,,1,70,,21413,0,,,1,30,,21414,0,,,1,70,,21409,0,,,1,31,,21388,0,,,1,69,,21394,0,,,1,30,,21416,0,,,1,70,,21397,0,,,1,32,,21389,0,,,1,69,,21395,0,,,1,30,,21417,0,,,1,74,,21398,0,,,1,25,,21410,0,,,1,70,,21415,0,,,1,30,,21412,0,,,1,70,,21390,0,,,1,31,,21411,0,,,1,69,,21400,0,,,1,30,,21383,0,,,1,70,,21396,0,,,1,100,,21402,0,,,1,100,,21404,0,,,1,100,,21401,0,,,1
401,'F8',658,,21531,0,,,1,70,,21528,0,,,1,30,,21535,0,,,1,72,,21537,0,,,1,70,,21532,0,,,1,30,,21529,0,,,1,70,,21555,0,,,1,30,,21538,0,,,1,70,,21549,0,,,1,30,,21559,0,,,1,70,,21547,0,,,1,30,,21558,0,,,1,70,,21542,0,,,1,30,,21526,0,,,1,70,,21539,0,,,1,30,,21550,0,,,1,70,,21560,0,,,1,30,,21557,0,,,1,70,,21546,0,,,1,30,,21552,0,,,1,70,,21545,0,,,1,30,,21533,0,,,1,70,,21551,0,,,1,30,,21541,0,,,1,70,,21530,0,,,1,30,,21554,0,,,1,70,,21540,0,,,1,30,,21553,0,,,1,70,,21556,0,,,1,100,,21548,0,,,1,100,,21544,0,,,1,100,,21543,0,,,1
401,'F9',658,,21577,0,,,1,70,,21563,0,,,1,30,,21570,0,,,1,72,,21583,0,,,1,70,,21585,0,,,1,30,,21564,0,,,1,70,,21571,0,,,1,30,,21584,0,,,1,70,,21586,0,,,1,30,,21565,0,,,1,70,,21591,0,,,1,30,,21592,0,,,1,70,,21587,0,,,1,31,,21566,0,,,1,69,,21572,0,,,1,30,,21594,0,,,1,70,,21575,0,,,1,32,,21567,0,,,1,69,,21573,0,,,1,30,,21595,0,,,1,74,,21576,0,,,1,25,,21588,0,,,1,70,,21593,0,,,1,30,,21590,0,,,1,70,,21568,0,,,1,31,,21589,0,,,1,69,,21578,0,,,1,30,,21561,0,,,1,70,,21574,0,,,1,100,,21580,0,,,1,100,,21582,0,,,1,100,,21579,0,,,1
401,'SA',658,,1358,0,,,1,70,,21597,0,,,1,30,,1361,0,,,1,72,,1363,0,,,1,70,,1359,0,,,1,30,,21598,0,,,1,70,,21616,0,,,1,30,,1364,0,,,1,70,,21610,0,,,1,30,,21620,0,,,1,70,,21608,0,,,1,30,,21619,0,,,1,70,,21603,0,,,1,30,,1356,0,,,1,70,,1365,0,,,1,30,,21611,0,,,1,70,,21621,0,,,1,30,,21618,0,,,1,70,,21607,0,,,1,30,,21613,0,,,1,70,,21606,0,,,1,30,,21600,0,,,1,70,,21612,0,,,1,30,,21602,0,,,1,70,,21599,0,,,1,30,,21615,0,,,1,70,,21601,0,,,1,30,,21614,0,,,1,70,,21617,0,,,1,100,,21609,0,,,1,100,,21605,0,,,1,100,,21604,0,,,1
401,'SE',613,,21647,0,,,1,21,,21624,0,,,1,69,,21622,0,,,1,32,,21625,0,,,1,73,,21653,0,,,1,30,,21633,0,,,1,73,,21640,0,,,1,30,,1417,0,,,1,70,,21655,0,,,1,30,,21649,0,,,1,70,,21626,0,,,1,30,,21644,0,,,1,70,,1416,0,,,1,32,,21645,0,,,1,70,,21634,0,,,1,30,,21643,0,,,1,66,,21623,0,,,1,34,,21651,0,,,1,15,,1420,0,,,1,63,,21627,0,,,1,21,,21646,0,,,1,59,,21629,0,,,1,20,,21630,0,,,1,20,,21648,0,,,1,60,,21654,0,,,1,20,,21650,0,,,1,24,,21639,0,,,1,58,,1421,0,,,1,27,,21628,0,,,1,70,,21652,0,,,1,27,,21636,0,,,1,30,,21631,0,,,1,70,,21642,0,,,1,30,,21656,0,,,1,70,,21657,0,,,1,100,,21632,0,,,1,100,,21638,0,,,1,100,,21641,0,,,1
600,'DI',626,,22284,0,,,1,30,,22276,0,,,1,70,,22272,0,,,1,31,,22283,0,,,1,70,,22269,0,,,1,30,,22261,0,,,1,71,,22273,0,,,1,30,,22280,0,,,1,70,,22257,0,,,1,29,,1973,0,,,1,71,,22265,0,,,1,28,,22258,0,,,1,70,,22262,0,,,1,74,,22268,0,,,1,29,,22259,0,,,1,30,,22270,0,,,1,67,,22266,0,,,1,33,,22263,0,,,1,70,,22274,0,,,1,29,,22285,0,,,1,71,,22277,0,,,1,27,,22275,0,,,1,70,,22286,0,,,1,30,,22278,0,,,1,70,,22260,0,,,1,31,,22267,0,,,1,144,,22281,0,,,1,100,,22271,0,,,1,100,,22264,0,,,1,100,,22256,0,,,1,100,,22279,0,,,1,100,,22282,0,,,1
600,'F8',626,,22417,0,,,1,31,,22406,0,,,1,69,,22402,0,,,1,30,,22399,0,,,1,74,,22403,0,,,1,26,,22407,0,,,1,75,,22416,0,,,1,23,,22404,0,,,1,72,,22413,0,,,1,29,,22400,0,,,1,70,,22393,0,,,1,76,,22401,0,,,1,30,,22394,0,,,1,27,,22386,0,,,1,71,,22408,0,,,1,27,,22395,0,,,1,70,,22387,0,,,1,30,,22409,0,,,1,70,,22396,0,,,1,30,,22388,0,,,1,70,,22410,0,,,1,30,,22397,0,,,1,70,,22389,0,,,1,30,,22411,0,,,1,70,,22398,0,,,1,30,,22414,0,,,1,145,,22405,0,,,1,100,,22390,0,,,1,100,,22392,0,,,1,100,,22415,0,,,1,100,,22412,0,,,1,100,,22391,0,,,1
600,'F9',626,,22447,0,,,1,30,,22439,0,,,1,70,,22435,0,,,1,31,,22446,0,,,1,70,,22432,0,,,1,30,,22423,0,,,1,71,,22436,0,,,1,30,,22443,0,,,1,70,,22419,0,,,1,29,,22424,0,,,1,71,,22428,0,,,1,28,,22420,0,,,1,70,,22425,0,,,1,74,,22431,0,,,1,29,,22421,0,,,1,30,,22433,0,,,1,67,,22429,0,,,1,33,,22426,0,,,1,70,,22437,0,,,1,29,,22448,0,,,1,71,,22440,0,,,1,27,,22438,0,,,1,70,,22449,0,,,1,30,,22441,0,,,1,70,,22422,0,,,1,31,,22430,0,,,1,144,,22444,0,,,1,100,,22434,0,,,1,100,,22427,0,,,1,100,,22418,0,,,1,100,,22442,0,,,1,100,,22445,0,,,1
600,'SA',626,,22481,0,,,1,31,,22470,0,,,1,69,,22466,0,,,1,30,,22463,0,,,1,74,,22467,0,,,1,26,,22471,0,,,1,75,,22480,0,,,1,23,,22468,0,,,1,72,,22477,0,,,1,29,,22464,0,,,1,70,,22457,0,,,1,76,,22465,0,,,1,30,,22458,0,,,1,27,,22450,0,,,1,71,,22472,0,,,1,27,,22459,0,,,1,70,,22451,0,,,1,30,,22473,0,,,1,70,,22460,0,,,1,30,,22452,0,,,1,70,,22474,0,,,1,30,,22461,0,,,1,70,,22453,0,,,1,30,,22475,0,,,1,70,,22462,0,,,1,30,,22478,0,,,1,145,,22469,0,,,1,100,,22454,0,,,1,100,,22456,0,,,1,100,,22479,0,,,1,100,,22476,0,,,1,100,,22455,0,,,1
600,'SE',538,,22500,0,,,1,70,,22483,0,,,1,30,,22501,0,,,1,70,,22507,0,,,1,30,,22503,0,,,1,67,,22514,0,,,1,33,,22502,0,,,1,70,,22486,0,,,1,30,,22497,0,,,1,70,,22496,0,,,1,30,,22515,0,,,1,70,,22505,0,,,1,30,,22506,0,,,1,70,,22512,0,,,1,30,,22510,0,,,1,70,,22494,0,,,1,30,,22498,0,,,1,70,,22493,0,,,1,28,,22488,0,,,1,72,,22504,0,,,1,30,,22511,0,,,1,69,,22509,0,,,1,36,,22491,0,,,1,65,,22495,0,,,1,30,,22492,0,,,1,70,,22482,0,,,1,30,,22489,0,,,1,70,,22508,0,,,1,30,,22517,0,,,1,70,,22485,0,,,1,30,,22513,0,,,1,70,,22490,0,,,1,100,,22484,0,,,1,100,,22516,0,,,1,100,,22487,0,,,1,100,,22499,0,,,1
601,'DI',625,,22527,9392,4,,1,30,,22533,9392,4,,1,70,,22545,9392,4,,1,30,,22540,9392,4,,1,70,,22536,9392,4,,1,30,,22534,9392,4,,1,70,,22519,9392,4,,1,30,,22523,9392,4,,1,75,,22537,9392,4,,1,70,,22531,9392,4,,1,30,,22520,9392,4,,1,70,,2206,9392,4,,1,30,,2212,9392,4,,1,73,,22521,9392,4,,1,30,,22524,9392,4,,1,70,,22530,9392,4,,1,30,,22522,9392,4,,1,70,,22532,9392,4,,1,30,,22528,9392,4,,1,70,,22525,9392,4,,1,30,,22538,9392,4,,1,70,,22546,9392,4,,1,30,,22541,9392,4,,1,67,,22539,9392,4,,1,30,,22547,9392,4,,1,70,,22542,9392,4,,1,100,,22529,9392,4,,1,100,,22544,9392,4,,1,100,,22535,9392,4,,1,100,,22526,9392,4,,1,100,,22518,9392,4,,1,100,,22543,9392,4,,1
601,'F8',625,,22662,9392,4,,1,30,,22658,9392,4,,1,70,,22678,9392,4,,1,30,,22667,9392,4,,1,70,,22663,9392,4,,1,30,,22659,9392,4,,1,74,,22664,9392,4,,1,26,,22668,9392,4,,1,77,,22677,9392,4,,1,23,,22665,9392,4,,1,75,,22674,9392,4,,1,26,,22660,9392,4,,1,70,,22653,9392,4,,1,78,,22661,9392,4,,1,30,,22654,9392,4,,1,69,,22647,9392,4,,1,30,,22669,9392,4,,1,70,,22655,9392,4,,1,30,,22648,9392,4,,1,70,,22670,9392,4,,1,30,,22656,9392,4,,1,70,,22649,9392,4,,1,30,,22671,9392,4,,1,68,,22657,9392,4,,1,30,,22650,9392,4,,1,70,,22672,9392,4,,1,100,,22675,9392,4,,1,100,,22666,9392,4,,1,100,,22651,9392,4,,1,100,,22652,9392,4,,1,100,,22676,9392,4,,1,100,,22673,9392,4,,1
601,'F9',625,,22689,9392,4,,1,30,,22696,9392,4,,1,70,,22708,9392,4,,1,30,,22703,9392,4,,1,70,,22699,9392,4,,1,30,,22697,9392,4,,1,70,,22680,9392,4,,1,30,,22684,9392,4,,1,75,,22700,9392,4,,1,70,,22694,9392,4,,1,30,,22681,9392,4,,1,70,,22685,9392,4,,1,30,,22690,9392,4,,1,73,,22682,9392,4,,1,30,,22686,9392,4,,1,70,,22693,9392,4,,1,30,,22683,9392,4,,1,70,,22695,9392,4,,1,30,,22691,9392,4,,1,70,,22687,9392,4,,1,30,,22701,9392,4,,1,70,,22709,9392,4,,1,30,,22704,9392,4,,1,67,,22702,9392,4,,1,30,,22710,9392,4,,1,70,,22705,9392,4,,1,100,,22692,9392,4,,1,100,,22707,9392,4,,1,100,,22698,9392,4,,1,100,,22688,9392,4,,1,100,,22679,9392,4,,1,100,,22706,9392,4,,1
601,'SA',625,,22726,9392,4,,1,30,,22722,9392,4,,1,70,,22742,9392,4,,1,30,,22731,9392,4,,1,70,,22727,9392,4,,1,30,,22723,9392,4,,1,74,,22728,9392,4,,1,26,,22732,9392,4,,1,77,,22741,9392,4,,1,23,,22729,9392,4,,1,75,,22738,9392,4,,1,26,,22724,9392,4,,1,70,,22717,9392,4,,1,78,,22725,9392,4,,1,30,,22718,9392,4,,1,69,,22711,9392,4,,1,30,,22733,9392,4,,1,70,,22719,9392,4,,1,30,,22712,9392,4,,1,70,,22734,9392,4,,1,30,,22720,9392,4,,1,70,,22713,9392,4,,1,30,,22735,9392,4,,1,68,,22721,9392,4,,1,30,,22714,9392,4,,1,70,,22736,9392,4,,1,100,,22739,9392,4,,1,100,,22730,9392,4,,1,100,,22715,9392,4,,1,100,,22716,9392,4,,1,100,,22740,9392,4,,1,100,,22737,9392,4,,1
601,'SE',542,,22760,9392,4,,1,70,,22752,9392,4,,1,32,,22761,9392,4,,1,71,,22744,9392,4,,1,25,,22764,9392,4,,1,77,,22771,9392,4,,1,29,,22767,9392,4,,1,72,,22765,9392,4,,1,28,,22766,9392,4,,1,70,,22759,9392,4,,1,30,,22745,9392,4,,1,70,,22754,9392,4,,1,30,,22778,9392,4,,1,70,,22769,9392,4,,1,30,,22770,9392,4,,1,70,,22775,9392,4,,1,31,,22773,9392,4,,1,70,,22755,9392,4,,1,30,,22753,9392,4,,1,72,,22750,9392,4,,1,30,,22748,9392,4,,1,66,,22776,9392,4,,1,38,,22774,9392,4,,1,66,,22751,9392,4,,1,31,,22768,9392,4,,1,65,,22762,9392,4,,1,31,,22746,9392,4,,1,70,,22743,9392,4,,1,26,,22749,9392,4,,1,70,,22772,9392,4,,1,30,,22763,9392,4,,1,70,,22756,9392,4,,1,30,,22777,9392,4,,1,70,,22747,9392,4,,1,98,,22757,9392,4,,1,100,,22779,9392,4,,1,100,,22758,9392,4,,1
1300,'DI',649,,3422,0,,,1,100,,23867,0,,,1,100,,3423,0,,,1,100,,23868,0,,,1,100,,3424,0,,,1,100,,23869,0,,,1,100,,3425,0,,,1,95,,23870,0,,,1,105,,23878,0,,,1,100,,23864,0,,,1,100,,23871,0,,,1,100,,23866,0,,,1,100,,23872,0,,,1,100,,23876,0,,,1,100,,23874,0,,,1,100,,23873,0,,,1,100,,23865,0,,,1,100,,23877,0,,,1,100,,23875,0,,,1
1300,'F8',649,,23961,0,,,1,100,,23968,0,,,1,100,,23962,0,,,1,101,,23963,0,,,1,99,,23969,0,,,1,100,,23971,0,,,1,100,,23964,0,,,1,100,,23972,0,,,1,100,,23965,0,,,1,100,,23960,0,,,1,100,,23975,0,,,1,100,,23978,0,,,1,100,,23966,0,,,1,100,,23973,0,,,1,100,,23970,0,,,1,100,,23979,0,,,1,100,,23976,0,,,1,100,,23967,0,,,1,100,,23977,0,,,1,100,,23974,0,,,1
1300,'F9',649,,23982,0,,,1,100,,23987,0,,,1,100,,23983,0,,,1,100,,23988,0,,,1,100,,23984,0,,,1,100,,23989,0,,,1,100,,23985,0,,,1,95,,23990,0,,,1,105,,23998,0,,,1,100,,23980,0,,,1,100,,23991,0,,,1,100,,23986,0,,,1,100,,23992,0,,,1,100,,23996,0,,,1,100,,23994,0,,,1,100,,23993,0,,,1,100,,23981,0,,,1,100,,23997,0,,,1,100,,23995,0,,,1
1300,'SA',649,,24000,0,,,1,100,,24007,0,,,1,100,,24001,0,,,1,101,,24002,0,,,1,99,,24008,0,,,1,100,,24010,0,,,1,100,,24003,0,,,1,100,,24011,0,,,1,100,,24004,0,,,1,100,,23999,0,,,1,100,,24014,0,,,1,100,,24017,0,,,1,100,,24005,0,,,1,100,,24012,0,,,1,100,,24009,0,,,1,100,,24018,0,,,1,100,,24015,0,,,1,100,,24006,0,,,1,100,,24016,0,,,1,100,,24013,0,,,1
1300,'SE',554,,24033,0,,,1,73,,24055,0,,,1,26,,24049,0,,,1,71,,24023,0,,,1,15,,24041,0,,,1,15,,24024,0,,,1,55,,24036,0,,,1,25,,24027,0,,,1,25,,24019,0,,,1,70,,24021,0,,,1,30,,24031,0,,,1,70,,24030,0,,,1,30,,24025,0,,,1,70,,24043,0,,,1,30,,24022,0,,,1,70,,24032,0,,,1,30,,24051,0,,,1,70,,24038,0,,,1,30,,24044,0,,,1,70,,24056,0,,,1,30,,24053,0,,,1,70,,24020,0,,,1,20,,24046,0,,,1,60,,24039,0,,,1,15,,24040,0,,,1,10,,24042,0,,,1,10,,24059,0,,,1,60,,24047,0,,,1,20,,24037,0,,,1,20,,24035,0,,,1,60,,24034,0,,,1,27,,24058,0,,,1,70,,24026,0,,,1,32,,24052,0,,,1,70,,24054,0,,,1,30,,24045,0,,,1,70,,24057,0,,,1,100,,24048,0,,,1,100,,24050,0,,,1,100,,24028,0,,,1,103,,24029,0,,,1
1301,'DI',645,,24063,10444,4,,1,100,,3602,10444,4,,1,100,,24064,10444,4,,1,100,,3603,10444,4,,1,100,,24065,10444,4,,1,100,,3604,10444,4,,1,100,,24066,10444,4,,1,100,,3605,10444,4,,1,100,,24068,10444,4,,1,100,,24075,10444,4,,1,100,,24060,10444,4,,1,100,,24067,10444,4,,1,100,,24062,10444,4,,1,100,,24069,10444,4,,1,100,,24073,10444,4,,1,100,,24071,10444,4,,1,100,,24070,10444,4,,1,100,,24061,10444,4,,1,100,,24074,10444,4,,1,100,,24072,10444,4,,1
1301,'F8',645,,24168,10444,4,,1,100,,24161,10444,4,,1,100,,24169,10444,4,,1,100,,24162,10444,4,,1,100,,24163,10444,4,,1,100,,24170,10444,4,,1,100,,24172,10444,4,,1,100,,24164,10444,4,,1,100,,24173,10444,4,,1,100,,24165,10444,4,,1,100,,24160,10444,4,,1,100,,24175,10444,4,,1,100,,24178,10444,4,,1,100,,24166,10444,4,,1,100,,24174,10444,4,,1,100,,24171,10444,4,,1,100,,24179,10444,4,,1,100,,24176,10444,4,,1,100,,24167,10444,4,,1,100,,24177,10444,4,,1
1301,'F9',645,,24187,10444,4,,1,100,,24182,10444,4,,1,100,,24188,10444,4,,1,100,,24183,10444,4,,1,100,,24189,10444,4,,1,100,,24184,10444,4,,1,100,,24190,10444,4,,1,100,,24185,10444,4,,1,100,,24192,10444,4,,1,100,,24199,10444,4,,1,100,,24180,10444,4,,1,100,,24191,10444,4,,1,100,,24186,10444,4,,1,100,,24193,10444,4,,1,100,,24197,10444,4,,1,100,,24195,10444,4,,1,100,,24194,10444,4,,1,100,,24181,10444,4,,1,100,,24198,10444,4,,1,100,,24196,10444,4,,1
1301,'SA',645,,24208,10444,4,,1,100,,24201,10444,4,,1,100,,24209,10444,4,,1,100,,24202,10444,4,,1,100,,24203,10444,4,,1,100,,24210,10444,4,,1,100,,24212,10444,4,,1,100,,24204,10444,4,,1,100,,24213,10444,4,,1,100,,24205,10444,4,,1,100,,24200,10444,4,,1,100,,24215,10444,4,,1,100,,24218,10444,4,,1,100,,24206,10444,4,,1,100,,24214,10444,4,,1,100,,24211,10444,4,,1,100,,24219,10444,4,,1,100,,24216,10444,4,,1,100,,24207,10444,4,,1,100,,24217,10444,4,,1
1301,'SE',554,,24234,10444,4,,1,72,,24235,10444,4,,1,32,,24233,10444,4,,1,58,,24222,10444,4,,1,14,,24258,10444,4,,1,13,,24224,10444,4,,1,14,,24251,10444,4,,1,62,,24225,10444,4,,1,13,,24223,10444,4,,1,13,,24262,10444,4,,1,55,,24244,10444,4,,1,15,,24240,10444,4,,1,20,,24243,10444,4,,1,66,,24236,10444,4,,1,30,,24221,10444,4,,1,70,,24239,10444,4,,1,30,,24253,10444,4,,1,70,,24231,10444,4,,1,30,,24245,10444,4,,1,71,,24232,10444,4,,1,30,,24237,10444,4,,1,70,,24254,10444,4,,1,30,,24241,10444,4,,1,70,,24246,10444,4,,1,29,,24259,10444,4,,1,76,,24256,10444,4,,1,29,,24220,10444,4,,1,67,,24227,10444,4,,1,15,,24242,10444,4,,1,20,,24238,10444,4,,1,21,,24263,10444,4,,1,58,,24249,10444,4,,1,19,,24247,10444,4,,1,69,,24228,10444,4,,1,28,,24261,10444,4,,1,70,,24226,10444,4,,1,30,,24255,10444,4,,1,70,,24257,10444,4,,1,30,,24248,10444,4,,1,68,,24260,10444,4,,1,100,,24250,10444,4,,1,100,,24252,10444,4,,1,100,,24229,10444,4,,1,56,,24230,10444,4,,1
2100,'DI',553,,26733,0,0,12 13,1,69,,26735,0,0,12 13,1,30,,26737,0,0,12 13,1,70,,26728,0,0,12 13,1,31,,26729,0,0,12 13,1,70,,26734,0,0,12 13,1,30,,26718,0,0,12 13,1,67,,26731,0,0,12 13,1,33,,26744,0,0,12 13,1,70,,26742,0,0,12 13,1,32,,26732,0,0,12 13,1,67,,26719,0,0,12 13,1,31,,26738,0,0,12 13,1,70,,26730,0,0,12 13,1,30,,26736,0,0,12 13,1,70,,26745,0,0,12 13,1,30,,26743,0,0,12 13,1,70,,26720,0,0,12 13,1,30,,26722,0,0,12 13,1,70,,26711,0,0,12 13,1,30,,26725,0,0,12 13,1,70,,26721,0,0,12 13,1,30,,26705,0,0,12 13,1,70,,26712,0,0,12 13,1,30,,26726,0,0,12 13,1,70,,26709,0,0,12 13,1,30,,26706,0,0,12 13,1,70,,26708,0,0,12 13,1,30,,26740,0,0,12 13,1,70,,26723,0,0,12 13,1,30,,26713,0,0,12 13,1,70,,26727,0,0,12 13,1,30,,26714,0,0,12 13,1,70,,26716,0,0,12 13,1,30,,26739,0,0,12 13,1,70,,26741,0,0,12 13,1,30,,26707,0,0,12 13,1,70,,26724,0,0,12 13,1,30,,26715,0,0,12 13,1
2100,'F8',553,,26895,0,0,12 13,1,70,,26904,0,0,12 13,1,30,,26905,0,0,12 13,1,70,,26893,0,0,12 13,1,30,,26908,0,0,12 13,1,70,,26896,0,0,12 13,1,30,,26883,0,0,12 13,1,65,,26878,0,0,12 13,1,31,,26892,0,0,12 13,1,74,,26897,0,0,12 13,1,33,,26879,0,0,12 13,1,63,,26884,0,0,12 13,1,34,,26888,0,0,12 13,1,70,,26901,0,0,12 13,1,30,,26906,0,0,12 13,1,70,,26898,0,0,12 13,1,30,,26909,0,0,12 13,1,70,,26902,0,0,12 13,1,30,,26907,0,0,12 13,1,70,,26899,0,0,12 13,1,30,,26911,0,0,12 13,1,70,,26885,0,0,12 13,1,30,,26910,0,0,12 13,1,70,,26900,0,0,12 13,1,30,,26912,0,0,12 13,1,70,,26874,0,0,12 13,1,30,,26889,0,0,12 13,1,70,,26903,0,0,12 13,1,30,,26886,0,0,12 13,1,70,,26894,0,0,12 13,1,30,,26880,0,0,12 13,1,70,,26890,0,0,12 13,1,30,,26876,0,0,12 13,1,70,,26887,0,0,12 13,1,30,,26914,0,0,12 13,1,70,,26881,0,0,12 13,1,30,,26913,0,0,12 13,1,70,,26877,0,0,12 13,1,29,,26875,0,0,12 13,1
2100,'F9',553,,26943,0,0,12 13,1,69,,26945,0,0,12 13,1,30,,26947,0,0,12 13,1,70,,26938,0,0,12 13,1,31,,26939,0,0,12 13,1,70,,26944,0,0,12 13,1,30,,26928,0,0,12 13,1,67,,26941,0,0,12 13,1,33,,26954,0,0,12 13,1,70,,26952,0,0,12 13,1,32,,26942,0,0,12 13,1,67,,26929,0,0,12 13,1,31,,26948,0,0,12 13,1,70,,26940,0,0,12 13,1,30,,26946,0,0,12 13,1,70,,26955,0,0,12 13,1,30,,26953,0,0,12 13,1,70,,26930,0,0,12 13,1,30,,26932,0,0,12 13,1,70,,26921,0,0,12 13,1,30,,26935,0,0,12 13,1,70,,26931,0,0,12 13,1,30,,26915,0,0,12 13,1,70,,26922,0,0,12 13,1,30,,26936,0,0,12 13,1,70,,26919,0,0,12 13,1,30,,26916,0,0,12 13,1,70,,26918,0,0,12 13,1,30,,26950,0,0,12 13,1,70,,26933,0,0,12 13,1,30,,26923,0,0,12 13,1,70,,26937,0,0,12 13,1,30,,26924,0,0,12 13,1,70,,26926,0,0,12 13,1,30,,26949,0,0,12 13,1,70,,26951,0,0,12 13,1,30,,26917,0,0,12 13,1,70,,26934,0,0,12 13,1,30,,26925,0,0,12 13,1
2100,'SA',553,,26977,0,0,12 13,1,70,,26986,0,0,12 13,1,30,,26987,0,0,12 13,1,70,,26975,0,0,12 13,1,30,,26988,0,0,12 13,1,70,,26978,0,0,12 13,1,30,,26965,0,0,12 13,1,65,,26960,0,0,12 13,1,31,,26974,0,0,12 13,1,74,,26979,0,0,12 13,1,33,,26961,0,0,12 13,1,63,,26966,0,0,12 13,1,34,,26970,0,0,12 13,1,70,,26983,0,0,12 13,1,30,,6221,0,0,12 13,1,70,,26980,0,0,12 13,1,30,,26989,0,0,12 13,1,70,,26984,0,0,12 13,1,30,,6222,0,0,12 13,1,70,,26981,0,0,12 13,1,30,,26991,0,0,12 13,1,70,,26967,0,0,12 13,1,30,,26990,0,0,12 13,1,70,,26982,0,0,12 13,1,30,,26992,0,0,12 13,1,70,,26956,0,0,12 13,1,30,,26971,0,0,12 13,1,70,,26985,0,0,12 13,1,30,,26968,0,0,12 13,1,70,,26976,0,0,12 13,1,30,,26962,0,0,12 13,1,70,,26972,0,0,12 13,1,30,,26958,0,0,12 13,1,70,,26969,0,0,12 13,1,30,,26993,0,0,12 13,1,70,,26963,0,0,12 13,1,30,,6233,0,0,12 13,1,70,,26959,0,0,12 13,1,29,,26957,0,0,12 13,1
2100,'SE',538,,26997,0,0,12 13,1,12,,26999,0,0,12 13,1,50,,27031,0,0,12 13,1,20,,27035,0,0,12 13,1,14,,26998,0,0,12 13,1,24,,27006,0,0,12 13,1,51,,27000,0,0,12 13,1,17,,27032,0,0,12 13,1,23,,27007,0,0,12 13,1,60,,27044,0,0,12 13,1,20,,27033,0,0,12 13,1,21,,27026,0,0,12 13,1,70,,27028,0,0,12 13,1,32,,27036,0,0,12 13,1,70,,27034,0,0,12 13,1,30,,26994,0,0,12 13,1,70,,27020,0,0,12 13,1,30,,27022,0,0,12 13,1,70,,27001,0,0,12 13,1,30,,27037,0,0,12 13,1,69,,27045,0,0,12 13,1,28,,27029,0,0,12 13,1,76,,27027,0,0,12 13,1,10,,27021,0,0,12 13,1,17,,27017,0,0,12 13,1,55,,27009,0,0,12 13,1,15,,27002,0,0,12 13,1,15,,27038,0,0,12 13,1,15,,27030,0,0,12 13,1,55,,27014,0,0,12 13,1,19,,27041,0,0,12 13,1,16,,27040,0,0,12 13,1,10,,27018,0,0,12 13,1,55,,27010,0,0,12 13,1,15,,27003,0,0,12 13,1,15,,27039,0,0,12 13,1,15,,27019,0,0,12 13,1,55,,27015,0,0,12 13,1,20,,27042,0,0,12 13,1,20,,27024,0,0,12 13,1,60,,27011,0,0,12 13,1,30,,27025,0,0,12 13,1,70,,26995,0,0,12 13,1,30,,27023,0,0,12 13,1,70,,27016,0,0,12 13,1,100,,27012,0,0,12 13,1,100,,27043,0,0,12 13,1,100,,26996,0,0,12 13,1,100,,27013,0,0,12 13,1
2101,'DI',623,,27057,16463,4,,1,30,,27051,16463,4,,1,70,,27073,16463,4,,1,29,,27075,16463,4,,1,70,,27077,16463,4,,1,30,,27068,16463,4,,1,71,,27069,16463,4,,1,30,,27074,16463,4,,1,70,,27058,16463,4,,1,27,,27071,16463,4,,1,73,,27084,16463,4,,1,30,,27082,16463,4,,1,72,,27072,16463,4,,1,30,,27059,16463,4,,1,71,,27078,16463,4,,1,75,,27070,16463,4,,1,30,,27076,16463,4,,1,70,,27085,16463,4,,1,30,,27083,16463,4,,1,70,,27060,16463,4,,1,30,,27062,16463,4,,1,70,,27052,16463,4,,1,30,,27065,16463,4,,1,70,,27061,16463,4,,1,30,,27046,16463,4,,1,70,,27053,16463,4,,1,24,,27066,16463,4,,1,27,,27050,16463,4,,1,70,,27047,16463,4,,1,30,,27049,16463,4,,1,70,,27080,16463,4,,1,30,,27063,16463,4,,1,70,,27054,16463,4,,1,30,,27067,16463,4,,1,70,,27055,16463,4,,1,30,,27056,16463,4,,1,70,,27079,16463,4,,1,30,,27081,16463,4,,1
2101,'F8',623,,27226,16463,4,,1,30,,27217,16463,4,,1,70,,27230,16463,4,,1,30,,27239,16463,4,,1,73,,27240,16463,4,,1,30,,27228,16463,4,,1,70,,27243,16463,4,,1,30,,27231,16463,4,,1,70,,27218,16463,4,,1,25,,27213,16463,4,,1,71,,27227,16463,4,,1,34,,27232,16463,4,,1,73,,27214,16463,4,,1,26,,27219,16463,4,,1,74,,27223,16463,4,,1,72,,27236,16463,4,,1,30,,27241,16463,4,,1,70,,27233,16463,4,,1,30,,27244,16463,4,,1,70,,27237,16463,4,,1,30,,27242,16463,4,,1,70,,27234,16463,4,,1,30,,27246,16463,4,,1,70,,27220,16463,4,,1,30,,27245,16463,4,,1,70,,27235,16463,4,,1,24,,27247,16463,4,,1,27,,27210,16463,4,,1,70,,27224,16463,4,,1,30,,27238,16463,4,,1,70,,27221,16463,4,,1,30,,27229,16463,4,,1,70,,27215,16463,4,,1,30,,27225,16463,4,,1,70,,27211,16463,4,,1,30,,27222,16463,4,,1,70,,27249,16463,4,,1,30,,27216,16463,4,,1,70,,27248,16463,4,,1
2101,'F9',623,,27261,16463,4,,1,30,,27255,16463,4,,1,70,,27277,16463,4,,1,29,,27279,16463,4,,1,70,,27281,16463,4,,1,30,,27272,16463,4,,1,71,,27273,16463,4,,1,30,,27278,16463,4,,1,70,,27262,16463,4,,1,27,,27275,16463,4,,1,73,,27288,16463,4,,1,30,,27286,16463,4,,1,72,,27276,16463,4,,1,30,,27263,16463,4,,1,71,,27282,16463,4,,1,75,,27274,16463,4,,1,30,,27280,16463,4,,1,70,,27289,16463,4,,1,30,,27287,16463,4,,1,70,,27264,16463,4,,1,30,,27266,16463,4,,1,70,,27256,16463,4,,1,30,,27269,16463,4,,1,70,,27265,16463,4,,1,30,,27250,16463,4,,1,70,,27257,16463,4,,1,24,,27270,16463,4,,1,27,,27254,16463,4,,1,70,,27251,16463,4,,1,30,,27253,16463,4,,1,70,,27284,16463,4,,1,30,,27267,16463,4,,1,70,,27258,16463,4,,1,30,,27271,16463,4,,1,70,,27259,16463,4,,1,30,,27260,16463,4,,1,70,,27283,16463,4,,1,30,,27285,16463,4,,1
2101,'SA',623,,27306,16463,4,,1,30,,27297,16463,4,,1,70,,27310,16463,4,,1,30,,27319,16463,4,,1,73,,27320,16463,4,,1,30,,27308,16463,4,,1,70,,27321,16463,4,,1,30,,27311,16463,4,,1,70,,27298,16463,4,,1,25,,27293,16463,4,,1,71,,27307,16463,4,,1,34,,27312,16463,4,,1,73,,27294,16463,4,,1,26,,27299,16463,4,,1,74,,27303,16463,4,,1,72,,27316,16463,4,,1,30,,6523,16463,4,,1,70,,27313,16463,4,,1,30,,27322,16463,4,,1,70,,27317,16463,4,,1,30,,6524,16463,4,,1,70,,27314,16463,4,,1,30,,27324,16463,4,,1,70,,27300,16463,4,,1,30,,27323,16463,4,,1,70,,27315,16463,4,,1,24,,27325,16463,4,,1,27,,27290,16463,4,,1,70,,27304,16463,4,,1,30,,27318,16463,4,,1,70,,27301,16463,4,,1,30,,27309,16463,4,,1,70,,27295,16463,4,,1,30,,27305,16463,4,,1,70,,27291,16463,4,,1,30,,27302,16463,4,,1,70,,27326,16463,4,,1,30,,27296,16463,4,,1,70,,6535,16463,4,,1
2101,'SE',522,,27330,16463,4,,1,86,,27340,16463,4,,1,28,,27359,16463,4,,1,15,,27360,16463,4,,1,55,,27354,16463,4,,1,15,,27356,16463,4,,1,10,,27371,16463,4,,1,10,,27362,16463,4,,1,16,,27373,16463,4,,1,50,,27353,16463,4,,1,10,,27355,16463,4,,1,10,,27364,16463,4,,1,13,,27361,16463,4,,1,18,,27357,16463,4,,1,57,,27372,16463,4,,1,21,,27363,16463,4,,1,12,,27376,16463,4,,1,60,,27344,16463,4,,1,21,,27342,16463,4,,1,27,,27343,16463,4,,1,74,,27346,16463,4,,1,70,,27345,16463,4,,1,30,,27327,16463,4,,1,72,,27337,16463,4,,1,33,,27338,16463,4,,1,70,,27331,16463,4,,1,30,,27347,16463,4,,1,81,,27352,16463,4,,1,24,,27369,16463,4,,1,70,,27368,16463,4,,1,33,,27367,16463,4,,1,15,,27365,16463,4,,1,55,,27358,16463,4,,1,12,,27374,16463,4,,1,15,,27370,16463,4,,1,18,,27366,16463,4,,1,59,,27375,16463,4,,1,16,,27349,16463,4,,1,20,,27332,16463,4,,1,66,,27348,16463,4,,1,26,,27335,16463,4,,1,65,,27350,16463,4,,1,30,,27333,16463,4,,1,70,,27341,16463,4,,1,29,,27328,16463,4,,1,70,,27339,16463,4,,1,30,,27336,16463,4,,1,98,,27334,16463,4,,1,97,,27351,16463,4,,1
7100,'DI',600,,32973,0,,,2,30,,32953,0,,,2,70,,32976,0,,,2,30,,32968,0,,,2,70,,32978,0,,,2,30,,32967,0,,,2,71,,32950,0,,,2,29,,32948,0,,,2,70,,32949,0,,,2,30,,32956,0,,,2,70,,32969,0,,,2,30,,32979,0,,,2,70,,32974,0,,,2,35,,32954,0,,,2,65,,32975,0,,,2,30,,32955,0,,,2,70,,32977,0,,,2,30,,32972,0,,,2,70,,32963,0,,,2,30,,32959,0,,,2,70,,32966,0,,,2,30,,32960,0,,,2,28,,32957,0,,,2,72,,32961,0,,,2,70,,32958,0,,,2,30,,32962,0,,,2,100,,32964,0,,,2,100,,32965,0,,,2,100,,32971,0,,,2,100,,32951,0,,,2,100,,32952,0,,,2,100,,32970,0,,,2
7100,'F8',600,,33115,0,,,2,30,,33092,0,,,2,70,,33087,0,,,2,30,,33095,0,,,2,71,,33116,0,,,2,29,,33093,0,,,2,70,,33084,0,,,2,30,,33098,0,,,2,70,,33111,0,,,2,30,,33099,0,,,2,70,,33112,0,,,2,30,,33100,0,,,2,70,,33113,0,,,2,30,,33101,0,,,2,70,,33114,0,,,2,30,,33102,0,,,2,70,,33105,0,,,2,30,,33103,0,,,2,70,,33106,0,,,2,30,,33104,0,,,2,70,,33107,0,,,2,28,,33090,0,,,2,30,,33108,0,,,2,76,,33094,0,,,2,66,,33109,0,,,2,32,,33091,0,,,2,98,,33096,0,,,2,100,,33089,0,,,2,100,,33088,0,,,2,100,,33086,0,,,2,100,,33085,0,,,2,100,,33110,0,,,2,100,,33097,0,,,2
7100,'F9',600,,33142,0,,,2,30,,33122,0,,,2,70,,33145,0,,,2,30,,33137,0,,,2,70,,33147,0,,,2,30,,33136,0,,,2,71,,33119,0,,,2,29,,33117,0,,,2,70,,33118,0,,,2,30,,33125,0,,,2,70,,33138,0,,,2,30,,33148,0,,,2,70,,33143,0,,,2,35,,33123,0,,,2,65,,33144,0,,,2,30,,33124,0,,,2,70,,33146,0,,,2,30,,33141,0,,,2,70,,33132,0,,,2,30,,33128,0,,,2,70,,33135,0,,,2,30,,33129,0,,,2,28,,33126,0,,,2,72,,33130,0,,,2,70,,33127,0,,,2,30,,33131,0,,,2,100,,33133,0,,,2,100,,33134,0,,,2,100,,33140,0,,,2,100,,33120,0,,,2,100,,33121,0,,,2,100,,33139,0,,,2
7100,'SA',600,,33178,0,,,2,30,,33157,0,,,2,70,,33152,0,,,2,30,,33160,0,,,2,71,,33179,0,,,2,29,,33158,0,,,2,70,,33149,0,,,2,30,,33161,0,,,2,70,,33174,0,,,2,30,,33162,0,,,2,70,,33175,0,,,2,30,,33163,0,,,2,70,,33176,0,,,2,30,,33164,0,,,2,70,,33177,0,,,2,30,,33165,0,,,2,70,,33168,0,,,2,30,,33166,0,,,2,70,,33169,0,,,2,30,,33167,0,,,2,70,,33170,0,,,2,28,,33155,0,,,2,30,,33171,0,,,2,76,,33159,0,,,2,66,,33172,0,,,2,32,,33156,0,,,2,98,,11820,0,,,2,100,,33154,0,,,2,100,,33153,0,,,2,100,,33151,0,,,2,100,,33150,0,,,2,100,,33173,0,,,2,100,,11821,0,,,2
7100,'SE',524,,33191,0,,,2,100,,33182,0,,,2,77,,33183,0,,,2,41,,33212,0,,,2,86,,33197,0,,,2,31,,33188,0,,,2,70,,33209,0,,,2,30,,33184,0,,,2,70,,33210,0,,,2,30,,33185,0,,,2,70,,33190,0,,,2,30,,33186,0,,,2,70,,33198,0,,,2,30,,33196,0,,,2,70,,33199,0,,,2,30,,33187,0,,,2,71,,33192,0,,,2,29,,33213,0,,,2,71,,33211,0,,,2,20,,33194,0,,,2,60,,33200,0,,,2,25,,33208,0,,,2,17,,33195,0,,,2,58,,33201,0,,,2,20,,33202,0,,,2,72,,33193,0,,,2,28,,33203,0,,,2,70,,33215,0,,,2,30,,33189,0,,,2,70,,33216,0,,,2,30,,33181,0,,,2,70,,33217,0,,,2,30,,33204,0,,,2,70,,33218,0,,,2,30,,33205,0,,,2,70,,33180,0,,,2,30,,33206,0,,,2,70,,33214,0,,,2,30,,33207,0,,,2,70,,33219,0,,,2
7101,'DI',542,,33239,7928,4,,2,70,,33251,7928,4,,2,29,,33246,7928,4,,2,70,,33225,7928,4,,2,30,,33249,7928,4,,2,70,,33241,7928,4,,2,30,,33252,7928,4,,2,70,,33240,7928,4,,2,31,,33222,7928,4,,2,69,,33220,7928,4,,2,31,,33221,7928,4,,2,70,,33228,7928,4,,2,30,,33242,7928,4,,2,70,,33253,7928,4,,2,30,,33247,7928,4,,2,75,,33226,7928,4,,2,25,,33248,7928,4,,2,70,,33227,7928,4,,2,30,,33250,7928,4,,2,70,,33245,7928,4,,2,30,,33235,7928,4,,2,70,,33231,7928,4,,2,30,,33238,7928,4,,2,70,,33232,7928,4,,2,28,,33229,7928,4,,2,72,,33233,7928,4,,2,30,,33230,7928,4,,2,70,,33234,7928,4,,2,100,,33236,7928,4,,2,99,,33237,7928,4,,2,100,,33244,7928,4,,2,100,,33223,7928,4,,2,100,,33224,7928,4,,2
7101,'F8',542,,33380,7928,4,,2,70,,33377,7928,4,,2,29,,33401,7928,4,,2,70,,33376,7928,4,,2,30,,33371,7928,4,,2,70,,33381,7928,4,,2,31,,33402,7928,4,,2,69,,33378,7928,4,,2,30,,33368,7928,4,,2,70,,33384,7928,4,,2,31,,33397,7928,4,,2,70,,33385,7928,4,,2,30,,33398,7928,4,,2,70,,33386,7928,4,,2,30,,33399,7928,4,,2,70,,33387,7928,4,,2,30,,33400,7928,4,,2,70,,33388,7928,4,,2,30,,33391,7928,4,,2,70,,33389,7928,4,,2,30,,33392,7928,4,,2,70,,33390,7928,4,,2,30,,33393,7928,4,,2,68,,33374,7928,4,,2,30,,33394,7928,4,,2,76,,33379,7928,4,,2,26,,33395,7928,4,,2,72,,33375,7928,4,,2,98,,33382,7928,4,,2,100,,33373,7928,4,,2,100,,33372,7928,4,,2,100,,33370,7928,4,,2,100,,33369,7928,4,,2,100,,33396,7928,4,,2
7101,'F9',542,,33422,7928,4,,2,70,,33434,7928,4,,2,29,,33429,7928,4,,2,70,,33408,7928,4,,2,30,,33432,7928,4,,2,70,,33424,7928,4,,2,30,,33435,7928,4,,2,70,,33423,7928,4,,2,31,,33405,7928,4,,2,69,,33403,7928,4,,2,31,,33404,7928,4,,2,70,,33411,7928,4,,2,30,,33425,7928,4,,2,70,,33436,7928,4,,2,30,,33430,7928,4,,2,75,,33409,7928,4,,2,25,,33431,7928,4,,2,70,,33410,7928,4,,2,30,,33433,7928,4,,2,70,,33428,7928,4,,2,30,,33418,7928,4,,2,70,,33414,7928,4,,2,30,,33421,7928,4,,2,70,,33415,7928,4,,2,28,,33412,7928,4,,2,72,,33416,7928,4,,2,30,,33413,7928,4,,2,70,,33417,7928,4,,2,100,,33419,7928,4,,2,99,,33420,7928,4,,2,100,,33427,7928,4,,2,100,,33406,7928,4,,2,100,,33407,7928,4,,2
7101,'SA',542,,33449,7928,4,,2,70,,33446,7928,4,,2,29,,33468,7928,4,,2,70,,33445,7928,4,,2,30,,33440,7928,4,,2,70,,33450,7928,4,,2,31,,33469,7928,4,,2,69,,33447,7928,4,,2,30,,33437,7928,4,,2,70,,33451,7928,4,,2,31,,33464,7928,4,,2,70,,33452,7928,4,,2,30,,33465,7928,4,,2,70,,33453,7928,4,,2,30,,33466,7928,4,,2,70,,33454,7928,4,,2,30,,33467,7928,4,,2,70,,33455,7928,4,,2,30,,33458,7928,4,,2,70,,33456,7928,4,,2,30,,33459,7928,4,,2,70,,33457,7928,4,,2,30,,33460,7928,4,,2,68,,33443,7928,4,,2,30,,33461,7928,4,,2,76,,33448,7928,4,,2,26,,33462,7928,4,,2,72,,33444,7928,4,,2,98,,12078,7928,4,,2,100,,33442,7928,4,,2,100,,33441,7928,4,,2,100,,33439,7928,4,,2,100,,33438,7928,4,,2,100,,33463,7928,4,,2
7101,'SE',506,,33481,7928,4,,2,30,,33487,7928,4,,2,70,,33482,7928,4,,2,30,,33505,7928,4,,2,70,,33472,7928,4,,2,17,,33494,7928,4,,2,25,,33473,7928,4,,2,60,,33495,7928,4,,2,22,,33507,7928,4,,2,18,,33508,7928,4,,2,65,,33489,7928,4,,2,31,,33478,7928,4,,2,69,,33503,7928,4,,2,30,,33474,7928,4,,2,70,,33504,7928,4,,2,30,,33475,7928,4,,2,70,,33480,7928,4,,2,30,,33476,7928,4,,2,70,,33490,7928,4,,2,30,,33488,7928,4,,2,70,,33491,7928,4,,2,30,,33477,7928,4,,2,74,,33483,7928,4,,2,31,,33509,7928,4,,2,71,,33506,7928,4,,2,81,,33492,7928,4,,2,42,,33486,7928,4,,2,74,,33496,7928,4,,2,32,,33484,7928,4,,2,66,,33497,7928,4,,2,30,,33511,7928,4,,2,68,,33479,7928,4,,2,29,,33512,7928,4,,2,70,,33471,7928,4,,2,30,,33513,7928,4,,2,70,,33498,7928,4,,2,30,,33514,7928,4,,2,70,,33499,7928,4,,2,30,,33470,7928,4,,2,70,,33500,7928,4,,2,28,,33510,7928,4,,2
42100,'SE',630,,39646,0,0,12 13,1,71,,39653,0,0,12 13,1,16,,39651,0,0,12 13,1,722,,39649,0,0,12 13,1,61,,39654,0,0,12 13,1,30,,39650,0,0,12 13,1,70,,39655,0,0,12 13,1,30,,39648,0,0,12 13,1,70,,39652,0,0,12 13,1
42101,'SE',624,,39672,12660,4,,1,78,,39673,12660,4,,1,27,,39671,12660,4,,1,22,,39674,12660,4,,1,57,,39675,12660,4,,1,32,,39679,12660,4,,1,762,,39677,12660,4,,1,35,,39682,12660,4,,1,19,,39678,12660,4,,1,70,,39683,12660,4,,1,30,,39676,12660,4,,1,68,,39680,12660,4,,1,532,,39670,12660,4,,1
50600,'SE',905,,40635,0,,,2
50601,'SE',1645,,40637,2421,4,,2
