1900,'DI',638,,55065,11325,4,,2,100,,55066,11325,4,,2,100,,55067,11325,4,,2,104,,55068,11325,4,,2,100,,55069,11325,4,,2,100,,55070,11325,4,,2,100,,55071,11325,4,,2,100,,55072,11325,4,,2,100,,55073,11325,4,,2,100,,55074,11325,4,,2,100,,55075,11325,4,,2,100,,55076,11325,4,,2,100,,55077,11325,4,,2,100,,55078,11325,4,,2,100,,55079,11325,4,,2,100,,55080,11325,4,,2,100,,55082,11325,4,,2,100,,55081,11325,4,,2,100,,55083,11325,4,,2,100,,25743,11325,4,,2
1900,'F1',638,,55084,11325,4,,2,100,,55085,11325,4,,2,100,,55086,11325,4,,2,104,,55087,11325,4,,2,100,,55088,11325,4,,2,100,,55089,11325,4,,2,100,,55090,11325,4,,2,100,,55091,11325,4,,2,100,,55092,11325,4,,2,100,,55093,11325,4,,2,100,,55094,11325,4,,2,100,,55095,11325,4,,2,100,,55096,11325,4,,2,100,,55097,11325,4,,2,100,,55098,11325,4,,2,100,,55099,11325,4,,2,100,,55101,11325,4,,2,100,,55100,11325,4,,2,100,,55102,11325,4,,2,100,,45170,11325,4,,2
1900,'F2',638,,55114,11325,4,,2,70,,55134,11325,4,,2,30,,55115,11325,4,,2,70,,55106,11325,4,,2,30,,55116,11325,4,,2,70,,55107,11325,4,,2,34,,55117,11325,4,,2,70,,55108,11325,4,,2,30,,55118,11325,4,,2,70,,55109,11325,4,,2,30,,55119,11325,4,,2,70,,55110,11325,4,,2,30,,55120,11325,4,,2,70,,55111,11325,4,,2,30,,55121,11325,4,,2,70,,55112,11325,4,,2,30,,55122,11325,4,,2,70,,55113,11325,4,,2,30,,55123,11325,4,,2,70,,55103,11325,4,,2,30,,55124,11325,4,,2,70,,55104,11325,4,,2,30,,55125,11325,4,,2,70,,55105,11325,4,,2,30,,55126,11325,4,,2,100,,55127,11325,4,,2,100,,55128,11325,4,,2,100,,55129,11325,4,,2,100,,55130,11325,4,,2,100,,55131,11325,4,,2,100,,55132,11325,4,,2,100,,55133,11325,4,,2
1900,'SA',638,,55146,11325,4,,2,70,,55166,11325,4,,2,30,,55147,11325,4,,2,70,,55138,11325,4,,2,30,,55148,11325,4,,2,70,,55139,11325,4,,2,34,,55149,11325,4,,2,70,,55140,11325,4,,2,30,,55150,11325,4,,2,70,,55141,11325,4,,2,30,,55151,11325,4,,2,70,,55142,11325,4,,2,30,,55152,11325,4,,2,70,,55143,11325,4,,2,30,,55153,11325,4,,2,70,,55144,11325,4,,2,30,,55154,11325,4,,2,70,,55145,11325,4,,2,30,,55155,11325,4,,2,70,,55135,11325,4,,2,30,,55156,11325,4,,2,70,,55136,11325,4,,2,30,,55157,11325,4,,2,70,,55137,11325,4,,2,30,,55158,11325,4,,2,100,,55159,11325,4,,2,100,,55160,11325,4,,2,100,,55161,11325,4,,2,100,,55162,11325,4,,2,100,,55163,11325,4,,2,100,,55164,11325,4,,2,100,,55165,11325,4,,2
1900,'SE',602,,55176,11325,4,,2,36,,55179,11325,4,,2,67,,55181,11325,4,,2,12,,55177,11325,4,,2,12,,55174,11325,4,,2,12,,55206,11325,4,,2,15,,55170,11325,4,,2,61,,55204,11325,4,,2,20,,55178,11325,4,,2,72,,55199,11325,4,,2,34,,55193,11325,4,,2,70,,55201,11325,4,,2,30,,55194,11325,4,,2,70,,55182,11325,4,,2,30,,55195,11325,4,,2,70,,55183,11325,4,,2,30,,55196,11325,4,,2,70,,45245,11325,4,,2,30,,55197,11325,4,,2,72,,45246,11325,4,,2,30,,55198,11325,4,,2,70,,55202,11325,4,,2,29,,55175,11325,4,,2,61,,55171,11325,4,,2,23,,55203,11325,4,,2,20,,55190,11325,4,,2,61,,55205,11325,4,,2,18,,55200,11325,4,,2,17,,55188,11325,4,,2,61,,55180,11325,4,,2,19,,55207,11325,4,,2,24,,55189,11325,4,,2,65,,55191,11325,4,,2,30,,55184,11325,4,,2,70,,55192,11325,4,,2,30,,55185,11325,4,,2,70,,55172,11325,4,,2,30,,55186,11325,4,,2,70,,55173,11325,4,,2,30,,55187,11325,4,,2,100,,55167,11325,4,,2,100,,55168,11325,4,,2,100,,55169,11325,4,,2
1901,'DI',538,,55208,0,,,2,100,,55209,0,,,2,100,,55210,0,,,2,100,,55211,0,,,2,104,,55212,0,,,2,100,,55213,0,,,2,100,,55214,0,,,2,100,,55215,0,,,2,100,,55216,0,,,2,100,,55217,0,,,2,100,,55218,0,,,2,100,,55219,0,,,2,100,,55220,0,,,2,100,,55221,0,,,2,100,,55222,0,,,2,100,,55223,0,,,2,100,,55224,0,,,2,100,,55226,0,,,2,100,,55225,0,,,2,100,,55227,0,,,2,100,,25992,0,,,2
1901,'F1',538,,55228,0,,,2,100,,55229,0,,,2,100,,55230,0,,,2,100,,55231,0,,,2,104,,55232,0,,,2,100,,55233,0,,,2,100,,55234,0,,,2,100,,55235,0,,,2,100,,55236,0,,,2,100,,55237,0,,,2,100,,55238,0,,,2,100,,55239,0,,,2,100,,55240,0,,,2,100,,55241,0,,,2,100,,55242,0,,,2,100,,55243,0,,,2,100,,55244,0,,,2,100,,55246,0,,,2,100,,55245,0,,,2,100,,55247,0,,,2,100,,45265,0,,,2
1901,'F2',538,,55259,0,,,2,70,,55280,0,,,2,30,,55260,0,,,2,70,,55281,0,,,2,30,,55261,0,,,2,70,,55251,0,,,2,30,,55262,0,,,2,70,,55252,0,,,2,34,,55263,0,,,2,70,,55253,0,,,2,30,,55264,0,,,2,70,,55254,0,,,2,30,,55265,0,,,2,70,,55255,0,,,2,30,,55266,0,,,2,70,,55256,0,,,2,30,,55267,0,,,2,70,,55257,0,,,2,30,,55268,0,,,2,70,,55258,0,,,2,30,,55269,0,,,2,70,,55248,0,,,2,30,,55270,0,,,2,70,,55249,0,,,2,30,,55271,0,,,2,70,,55250,0,,,2,30,,55272,0,,,2,100,,55273,0,,,2,100,,55274,0,,,2,100,,55275,0,,,2,100,,55276,0,,,2,100,,55277,0,,,2,100,,55278,0,,,2,100,,55279,0,,,2
1901,'SA',538,,55293,0,,,2,70,,55314,0,,,2,30,,55294,0,,,2,70,,55315,0,,,2,30,,55295,0,,,2,70,,55285,0,,,2,30,,55296,0,,,2,70,,55286,0,,,2,34,,55297,0,,,2,70,,55287,0,,,2,30,,55298,0,,,2,70,,55288,0,,,2,30,,55299,0,,,2,70,,55289,0,,,2,30,,55300,0,,,2,70,,55290,0,,,2,30,,55301,0,,,2,70,,55291,0,,,2,30,,55302,0,,,2,70,,55292,0,,,2,30,,55303,0,,,2,70,,55282,0,,,2,30,,55304,0,,,2,70,,55283,0,,,2,30,,55305,0,,,2,70,,55284,0,,,2,30,,55306,0,,,2,100,,55307,0,,,2,100,,55308,0,,,2,100,,55309,0,,,2,100,,55310,0,,,2,100,,55311,0,,,2,100,,55312,0,,,2,100,,55313,0,,,2
1901,'SE',457,,55320,0,,,2,75,,55319,0,,,2,70,,55352,0,,,2,22,,55342,0,,,2,14,,55346,0,,,2,15,,55340,0,,,2,52,,55347,0,,,2,12,,55344,0,,,2,12,,55343,0,,,2,12,,55349,0,,,2,15,,55341,0,,,2,61,,55348,0,,,2,20,,55345,0,,,2,72,,55337,0,,,2,34,,55332,0,,,2,70,,55338,0,,,2,30,,55333,0,,,2,70,,55323,0,,,2,30,,55334,0,,,2,70,,55324,0,,,2,30,,55335,0,,,2,70,,45338,0,,,2,30,,55336,0,,,2,72,,45339,0,,,2,30,,55356,0,,,2,70,,55358,0,,,2,29,,55351,0,,,2,61,,55350,0,,,2,23,,55359,0,,,2,20,,55355,0,,,2,61,,55360,0,,,2,18,,55357,0,,,2,17,,55354,0,,,2,61,,55353,0,,,2,19,,55339,0,,,2,24,,55329,0,,,2,65,,55330,0,,,2,30,,55325,0,,,2,70,,55331,0,,,2,30,,55326,0,,,2,70,,55321,0,,,2,30,,55327,0,,,2,70,,55322,0,,,2,30,,55328,0,,,2,100,,55316,0,,,2,100,,55317,0,,,2,100,,55318,0,,,2
50500,'SE',1622,,63423,3331,,,2
53901,'SE',910,,63451,6828,,,2
