8800,'DI',746,,36639,17468,,,1,70,,36644,17468,,,1,30,,36650,17468,,,1,70,,36659,17468,,,1,30,,36640,17468,,,1,70,,36645,17468,,,1,32,,36651,17468,,,1,70,,36660,17468,,,1,30,,36641,17468,,,1,70,,36646,17468,,,1,31,,36652,17468,,,1,70,,36661,17468,,,1,30,,36642,17468,,,1,70,,36647,17468,,,1,30,,36653,17468,,,1,70,,15002,17468,,,1,30,,36654,17468,,,1,70,,36648,17468,,,1,30,,36662,17468,,,1,70,,15003,17468,,,1,30,,36655,17468,,,1,67,,36649,17468,,,1,30,,36663,17468,,,1,100,,36656,17468,,,1,100,,36664,17468,,,1,100,,36657,17468,,,1,100,,36665,17468,,,1,96,,36658,17468,,,1,100,,36638,17468,,,1,100,,36643,17468,,,1
8800,'F8',745,,36775,17468,,,1,70,,36800,17468,,,1,31,,36796,17468,,,1,70,,36787,17468,,,1,31,,36780,17468,,,1,70,,36801,17468,,,1,32,,36797,17468,,,1,70,,36788,17468,,,1,30,,36781,17468,,,1,70,,36792,17468,,,1,31,,36777,17468,,,1,70,,36789,17468,,,1,30,,36782,17468,,,1,70,,36793,17468,,,1,30,,36778,17468,,,1,70,,36772,17468,,,1,30,,36783,17468,,,1,70,,36794,17468,,,1,30,,36779,17468,,,1,69,,36773,17468,,,1,31,,36802,17468,,,1,69,,36795,17468,,,1,31,,36790,17468,,,1,69,,36774,17468,,,1,30,,36784,17468,,,1,100,,36791,17468,,,1,98,,36785,17468,,,1,97,,36799,17468,,,1,100,,36786,17468,,,1,100,,36798,17468,,,1,100,,36776,17468,,,1
8800,'F9',746,,36806,17468,,,1,70,,36811,17468,,,1,30,,36817,17468,,,1,70,,36826,17468,,,1,30,,36807,17468,,,1,70,,36812,17468,,,1,32,,36818,17468,,,1,70,,36827,17468,,,1,30,,36808,17468,,,1,70,,36813,17468,,,1,31,,36819,17468,,,1,70,,36828,17468,,,1,30,,36809,17468,,,1,70,,36814,17468,,,1,30,,36820,17468,,,1,70,,36803,17468,,,1,30,,36821,17468,,,1,70,,36815,17468,,,1,30,,36829,17468,,,1,70,,36804,17468,,,1,30,,36822,17468,,,1,67,,36816,17468,,,1,30,,36830,17468,,,1,100,,36823,17468,,,1,100,,36831,17468,,,1,100,,36824,17468,,,1,100,,36832,17468,,,1,96,,36825,17468,,,1,100,,36805,17468,,,1,100,,36810,17468,,,1
8800,'SA',745,,36836,17468,,,1,70,,36860,17468,,,1,31,,36857,17468,,,1,70,,36848,17468,,,1,31,,36841,17468,,,1,70,,36861,17468,,,1,32,,36858,17468,,,1,70,,36849,17468,,,1,30,,36842,17468,,,1,70,,36853,17468,,,1,31,,36838,17468,,,1,70,,36850,17468,,,1,30,,36843,17468,,,1,70,,36854,17468,,,1,30,,36839,17468,,,1,70,,36833,17468,,,1,30,,36844,17468,,,1,70,,36855,17468,,,1,30,,36840,17468,,,1,69,,36834,17468,,,1,31,,36862,17468,,,1,69,,36856,17468,,,1,31,,36851,17468,,,1,69,,36835,17468,,,1,30,,36845,17468,,,1,100,,36852,17468,,,1,98,,36846,17468,,,1,97,,15203,17468,,,1,100,,36847,17468,,,1,100,,36859,17468,,,1,100,,36837,17468,,,1
8800,'SE',710,,36869,17468,,,1,41,,36873,17468,,,1,2,,36877,17468,,,1,59,,36905,17468,,,1,15,,36906,17468,,,1,14,,15219,17468,,,1,15,,36907,17468,,,1,55,,36875,17468,,,1,12,,36876,17468,,,1,29,,36895,17468,,,1,70,,36874,17468,,,1,30,,36872,17468,,,1,70,,36893,17468,,,1,33,,36896,17468,,,1,70,,36865,17468,,,1,30,,36863,17468,,,1,70,,36897,17468,,,1,30,,36866,17468,,,1,70,,36894,17468,,,1,75,,36909,17468,,,1,4,,36886,17468,,,1,30,,36898,17468,,,1,17,,36900,17468,,,1,56,,36902,17468,,,1,15,,36867,17468,,,1,15,,36878,17468,,,1,15,,36908,17468,,,1,55,,36883,17468,,,1,13,,36887,17468,,,1,9,,36864,17468,,,1,12,,36888,17468,,,1,12,,36880,17468,,,1,51,,36885,17468,,,1,11,,36871,17468,,,1,11,,36903,17468,,,1,12,,36868,17468,,,1,12,,36879,17468,,,1,7,,36901,17468,,,1,59,,36884,17468,,,1,15,,15235,17468,,,1,22,,36881,17468,,,1,68,,36904,17468,,,1,30,,36899,17468,,,1,68,,15236,17468,,,1,30,,36882,17468,,,1,70,,36870,17468,,,1,30,,36891,17468,,,1,100,,36889,17468,,,1,99,,36892,17468,,,1,94,,36890,17468,,,1
13200,'DI',858,,38037,12767,,,2,100,,38042,12767,,,2,100,,38038,12767,,,2,100,,38040,12767,,,2,100,,38043,12767,,,2,100,,38046,12767,,,2,100,,38044,12767,,,2,145,,38048,12767,,,2,55,,38047,12767,,,2,100,,38045,12767,,,2,101,,38049,12767,,,2,98,,38050,12767,,,2,100,,38041,12767,,,2,100,,38036,12767,,,2,100,,38051,12767,,,2,100,,38053,12767,,,2,100,,38039,12767,,,2,100,,38052,12767,,,2
13200,'F8',758,,38135,12767,,,2,100,,38122,12767,,,2,100,,38117,12767,,,2,143,,38118,12767,,,2,57,,38123,12767,,,2,144,,38119,12767,,,2,56,,38134,12767,,,2,144,,38124,12767,,,2,56,,38126,12767,,,2,100,,38120,12767,,,2,100,,38125,12767,,,2,101,,38127,12767,,,2,98,,38129,12767,,,2,100,,38128,12767,,,2,100,,38131,12767,,,2,100,,38130,12767,,,2,100,,38133,12767,,,2,100,,38132,12767,,,2,100,,38121,12767,,,2
13200,'F9',858,,38137,12767,,,2,100,,38142,12767,,,2,100,,38138,12767,,,2,100,,38140,12767,,,2,100,,38143,12767,,,2,100,,38146,12767,,,2,100,,38144,12767,,,2,145,,38148,12767,,,2,55,,38147,12767,,,2,100,,38145,12767,,,2,101,,38149,12767,,,2,98,,38150,12767,,,2,100,,38141,12767,,,2,100,,38136,12767,,,2,100,,38151,12767,,,2,100,,38153,12767,,,2,100,,38139,12767,,,2,100,,38152,12767,,,2
13200,'SA',758,,38172,12767,,,2,100,,38159,12767,,,2,100,,38154,12767,,,2,143,,38155,12767,,,2,57,,38160,12767,,,2,144,,38156,12767,,,2,56,,38171,12767,,,2,144,,38161,12767,,,2,56,,38163,12767,,,2,100,,38157,12767,,,2,100,,38162,12767,,,2,101,,38164,12767,,,2,98,,38166,12767,,,2,100,,38165,12767,,,2,100,,38168,12767,,,2,100,,38167,12767,,,2,100,,38170,12767,,,2,100,,38169,12767,,,2,100,,38158,12767,,,2
13200,'SE',708,,38182,12767,,,2,21,,38185,12767,,,2,11,,38174,12767,,,2,9,,38184,12767,,,2,4,,38178,12767,,,2,62,,38179,12767,,,2,18,,38183,12767,,,2,20,,38186,12767,,,2,79,,16412,12767,,,2,97,,38196,12767,,,2,99,,16418,12767,,,2,96,,38195,12767,,,2,100,,38187,12767,,,2,108,,38188,12767,,,2,97,,38180,12767,,,2,24,,38189,12767,,,2,60,,38192,12767,,,2,20,,38176,12767,,,2,23,,38181,12767,,,2,59,,38175,12767,,,2,20,,38190,12767,,,2,19,,38173,12767,,,2,61,,38177,12767,,,2,19,,38194,12767,,,2,18,,38191,12767,,,2,59,,38193,12767,,,2
50500,'SE',1640,,40631,10588,,,2
