1000,'DI',646,,23472,8090,,,1,70,,23499,8090,,,1,30,,23497,8090,,,1,70,,23490,8090,,,1,38,,23473,8090,,,1,70,,23491,8090,,,1,30,,23474,8090,,,1,70,,23492,8090,,,1,30,,23475,8090,,,1,70,,23493,8090,,,1,30,,23476,8090,,,1,70,,23494,8090,,,1,30,,23477,8090,,,1,70,,23495,8090,,,1,30,,23478,8090,,,1,70,,23496,8090,,,1,30,,23479,8090,,,1,70,,23500,8090,,,1,30,,23480,8090,,,1,70,,23501,8090,,,1,30,,23481,8090,,,1,70,,23502,8090,,,1,30,,23482,8090,,,1,70,,23503,8090,,,1,81,,23483,8090,,,1,100,,23484,8090,,,1,100,,23485,8090,,,1,100,,23486,8090,,,1,100,,23487,8090,,,1,100,,23488,8090,,,1,100,,23489,8090,,,1
1000,'F8',615,,23581,8090,,,1,30,,23576,8090,,,1,70,,23570,8090,,,1,30,,23583,8090,,,1,70,,23582,8090,,,1,38,,23592,8090,,,1,70,,23591,8090,,,1,30,,23593,8090,,,1,70,,23599,8090,,,1,30,,23594,8090,,,1,70,,23600,8090,,,1,30,,23584,8090,,,1,72,,23601,8090,,,1,30,,23585,8090,,,1,70,,23602,8090,,,1,30,,23586,8090,,,1,70,,23571,8090,,,1,30,,23587,8090,,,1,70,,23572,8090,,,1,30,,23588,8090,,,1,70,,23573,8090,,,1,29,,23589,8090,,,1,71,,23574,8090,,,1,30,,23590,8090,,,1,70,,23575,8090,,,1,81,,23595,8090,,,1,100,,23596,8090,,,1,100,,23597,8090,,,1,100,,23598,8090,,,1,100,,23577,8090,,,1,100,,23578,8090,,,1,100,,23579,8090,,,1
1000,'F9',646,,23603,8090,,,1,70,,23630,8090,,,1,30,,23628,8090,,,1,70,,23621,8090,,,1,38,,23604,8090,,,1,70,,23622,8090,,,1,30,,23605,8090,,,1,70,,23623,8090,,,1,30,,23606,8090,,,1,70,,23624,8090,,,1,30,,23607,8090,,,1,70,,23625,8090,,,1,30,,23608,8090,,,1,70,,23626,8090,,,1,30,,23609,8090,,,1,70,,23627,8090,,,1,30,,23610,8090,,,1,70,,23631,8090,,,1,30,,23611,8090,,,1,70,,23632,8090,,,1,30,,23612,8090,,,1,70,,23633,8090,,,1,30,,23613,8090,,,1,70,,23634,8090,,,1,81,,23614,8090,,,1,100,,23615,8090,,,1,100,,23616,8090,,,1,100,,23617,8090,,,1,100,,23618,8090,,,1,100,,23619,8090,,,1,100,,23620,8090,,,1
1000,'SA',615,,23646,8090,,,1,30,,23641,8090,,,1,70,,23635,8090,,,1,30,,23648,8090,,,1,70,,23647,8090,,,1,38,,23657,8090,,,1,70,,23656,8090,,,1,30,,23658,8090,,,1,70,,23664,8090,,,1,30,,23659,8090,,,1,70,,23665,8090,,,1,30,,23649,8090,,,1,72,,23666,8090,,,1,30,,23650,8090,,,1,70,,23667,8090,,,1,30,,23651,8090,,,1,70,,23636,8090,,,1,30,,23652,8090,,,1,70,,23637,8090,,,1,30,,23653,8090,,,1,70,,23638,8090,,,1,29,,23654,8090,,,1,71,,23639,8090,,,1,30,,23655,8090,,,1,70,,23640,8090,,,1,81,,23660,8090,,,1,100,,23661,8090,,,1,100,,23662,8090,,,1,100,,23663,8090,,,1,100,,23642,8090,,,1,100,,23643,8090,,,1,100,,23644,8090,,,1
1700,'DI',638,,25381,7979,,,1,100,,25366,7979,,,1,70,,25372,7979,,,1,30,,25379,7979,,,1,70,,25392,7979,,,1,30,,25382,7979,,,1,70,,25387,7979,,,1,30,,25367,7979,,,1,70,,25389,7979,,,1,30,,25377,7979,,,1,70,,25385,7979,,,1,30,,25393,7979,,,1,70,,25373,7979,,,1,30,,25388,7979,,,1,70,,25378,7979,,,1,30,,25376,7979,,,1,70,,25391,7979,,,1,29,,25383,7979,,,1,70,,25368,7979,,,1,31,,25375,7979,,,1,70,,25369,7979,,,1,30,,25364,7979,,,1,71,,25370,7979,,,1,30,,25363,7979,,,1,99,,25390,7979,,,1,100,,25384,7979,,,1,100,,25371,7979,,,1,100,,25386,7979,,,1,100,,25374,7979,,,1,100,,25365,7979,,,1,100,,25380,7979,,,1
1700,'F8',638,,25476,7979,,,1,100,,25485,7979,,,1,70,,25459,7979,,,1,30,,25471,7979,,,1,70,,25482,7979,,,1,30,,25469,7979,,,1,70,,25458,7979,,,1,30,,25477,7979,,,1,70,,25460,7979,,,1,30,,25464,7979,,,1,70,,25456,7979,,,1,30,,25466,7979,,,1,70,,25472,7979,,,1,30,,25478,7979,,,1,70,,25483,7979,,,1,30,,25465,7979,,,1,70,,25484,7979,,,1,30,,25473,7979,,,1,70,,25480,7979,,,1,29,,25479,7979,,,1,70,,25461,7979,,,1,31,,25463,7979,,,1,70,,25462,7979,,,1,31,,25467,7979,,,1,99,,25481,7979,,,1,100,,25474,7979,,,1,100,,25470,7979,,,1,100,,25468,7979,,,1,100,,25457,7979,,,1,100,,25486,7979,,,1,100,,25475,7979,,,1
1700,'F9',638,,25505,7979,,,1,100,,25490,7979,,,1,70,,25496,7979,,,1,30,,25503,7979,,,1,70,,25516,7979,,,1,30,,25506,7979,,,1,70,,25511,7979,,,1,30,,25491,7979,,,1,70,,25513,7979,,,1,30,,25501,7979,,,1,70,,25509,7979,,,1,30,,25517,7979,,,1,70,,25497,7979,,,1,30,,25512,7979,,,1,70,,25502,7979,,,1,30,,25500,7979,,,1,70,,25515,7979,,,1,29,,25507,7979,,,1,70,,25492,7979,,,1,31,,25499,7979,,,1,70,,25493,7979,,,1,30,,25488,7979,,,1,71,,25494,7979,,,1,30,,25487,7979,,,1,99,,25514,7979,,,1,100,,25508,7979,,,1,100,,25495,7979,,,1,100,,25510,7979,,,1,100,,25498,7979,,,1,100,,25489,7979,,,1,100,,25504,7979,,,1
1700,'SA',638,,25536,7979,,,1,100,,25545,7979,,,1,70,,25521,7979,,,1,30,,4923,7979,,,1,70,,25542,7979,,,1,30,,25531,7979,,,1,70,,25520,7979,,,1,30,,25537,7979,,,1,70,,25522,7979,,,1,30,,25526,7979,,,1,70,,25518,7979,,,1,30,,25528,7979,,,1,70,,25533,7979,,,1,30,,25538,7979,,,1,70,,25543,7979,,,1,30,,25527,7979,,,1,70,,25544,7979,,,1,30,,25534,7979,,,1,70,,25540,7979,,,1,29,,25539,7979,,,1,70,,25523,7979,,,1,31,,25525,7979,,,1,70,,25524,7979,,,1,31,,25529,7979,,,1,99,,25541,7979,,,1,100,,4934,7979,,,1,100,,25532,7979,,,1,100,,25530,7979,,,1,100,,25519,7979,,,1,100,,25546,7979,,,1,100,,25535,7979,,,1
7600,'SE',615,,34878,8445,,,1,21,,34874,8445,,,1,20,,34906,8445,,,1,66,,34875,8445,,,1,17,,34907,8445,,,1,61,,34892,8445,,,1,23,,34872,8445,,,1,26,,34908,8445,,,1,70,,34868,8445,,,1,30,,34879,8445,,,1,70,,34871,8445,,,1,30,,34912,8445,,,1,70,,34869,8445,,,1,30,,34873,8445,,,1,70,,34886,8445,,,1,30,,34888,8445,,,1,70,,34876,8445,,,1,30,,34897,8445,,,1,72,,34913,8445,,,1,34,,34898,8445,,,1,66,,34887,8445,,,1,32,,34883,8445,,,1,71,,34899,8445,,,1,24,,34877,8445,,,1,58,,34885,8445,,,1,20,,34915,8445,,,1,21,,34914,8445,,,1,58,,34890,8445,,,1,20,,34909,8445,,,1,26,,34905,8445,,,1,70,,34889,8445,,,1,30,,34881,8445,,,1,70,,34893,8445,,,1,30,,34900,8445,,,1,70,,34894,8445,,,1,30,,34901,8445,,,1,69,,34895,8445,,,1,30,,34902,8445,,,1,70,,34870,8445,,,1,30,,34903,8445,,,1,70,,34910,8445,,,1,30,,34904,8445,,,1,70,,34911,8445,,,1
41000,'SE',557,,39197,7979,,,2,60,,39208,7979,,,2,23,,39201,7979,,,2,12,,39200,7979,,,2,66,,39209,7979,,,2,18,,39195,7979,,,2,13,,39214,7979,,,2,52,,39196,7979,,,2,14,,39216,7979,,,2,17,,39204,7979,,,2,18,,39210,7979,,,2,70,,39205,7979,,,2,29,,39225,8090,,,2,70,,39238,8090,,,2,30,,39219,8090,,,2,70,,39239,8090,,,2,30,,39226,8090,,,2,70,,39240,8090,,,2,30,,39220,8090,,,2,70,,39230,8090,,,2,30,,39227,8090,,,2,71,,39233,8090,,,2,38,,39221,8090,,,2,44,,39224,8090,,,2,1,,39243,8090,,,2,1,,39236,8090,,,2,2,,39247,8090,,,2,17,,39232,8090,,,2,29,,39222,8090,,,2,55,,39244,8090,,,2,15,,39253,8090,,,2,15,,39234,8090,,,2,12,,39251,8090,,,2,10,,39228,8090,,,2,49,,39245,8090,,,2,10,,39248,8090,,,2,10,,39254,8090,,,2,15,,39235,8090,,,2,13,,39252,8090,,,2,57,,39246,8090,,,2,20,,39255,8090,,,2,19,,39237,8090,,,2,70,,39249,8090,,,2,29,,39217,8090,,,2,70,,39223,8090,,,2,30,,39218,8090,,,2,70,,39250,8090,,,2,30,,39231,8090,,,2,70,,39241,8090,,,2,30,,39229,8090,,,2,70,,39242,8090,,,2,100,,39256,8090,,,2,100,,39257,8090,,,2
41700,'SE',609,,39442,7979,,,2,18,,39443,7979,,,2,27,,39449,7979,,,2,56,,39450,7979,,,2,6,,39454,7979,,,2,4,,39448,7979,,,2,6,,39444,7979,,,2,8,,39455,7979,,,2,10,,39451,7979,,,2,15,,39446,7979,,,2,52,,39452,7979,,,2,16,,39453,7979,,,2,16,,39445,7979,,,2,64,,39447,7979,,,2,28,,39474,8090,,,2,70,,39457,8090,,,2,30,,39475,8090,,,2,70,,39458,8090,,,2,30,,39476,8090,,,2,70,,39480,8090,,,2,30,,39477,8090,,,2,70,,39481,8090,,,2,30,,39478,8090,,,2,70,,39482,8090,,,2,30,,39479,8090,,,2,69,,39465,8090,,,2,1,,39459,8090,,,2,1,,39466,8090,,,2,1,,39485,8090,,,2,5,,39483,8090,,,2,27,,39460,8090,,,2,62,,39467,8090,,,2,14,,39491,8090,,,2,15,,39461,8090,,,2,12,,39468,8090,,,2,11,,39464,8090,,,2,50,,39489,8090,,,2,10,,39493,8090,,,2,10,,39498,8090,,,2,12,,39462,8090,,,2,13,,39486,8090,,,2,55,,39490,8090,,,2,20,,39484,8090,,,2,20,,39487,8090,,,2,65,,39456,8090,,,2,29,,39488,8090,,,2,70,,39469,8090,,,2,30,,39494,8090,,,2,70,,39492,8090,,,2,30,,39495,8090,,,2,70,,39471,8090,,,2,30,,39496,8090,,,2,70,,39472,8090,,,2,30,,39497,8090,,,2,69,,39473,8090,,,2,30,,39499,8090,,,2,70,,39470,8090,,,2,32,,39463,8090,,,2
67600,'SE',1459,,40887,2930,,,2
