6101,'DI',721,,32655,11055,,,2,30,,32652,11055,,,2,72,,32658,11055,,,2,17,,32656,11055,,,2,70,,32653,11055,,,2,30,,32659,11055,,,2,70,,32657,11055,,,2,30,,32654,11055,,,2,70,,32660,11055,,,2,30,,32661,11055,,,2,70,,32665,11055,,,2,30,,32669,11055,,,2,70,,32662,11055,,,2,30,,32666,11055,,,2,70,,32670,11055,,,2,30,,32663,11055,,,2,70,,32667,11055,,,2,30,,32671,11055,,,2,70,,32664,11055,,,2,34,,32668,11055,,,2,61,,32672,11055,,,2,35,,32674,11055,,,2,60,,32677,11055,,,2,40,,32673,11055,,,2,65,,32675,11055,,,2,30,,32678,11055,,,2,85,,32676,11055,,,2,100,,32679,11055,,,2,100,,32680,11055,,,2,100,,32681,11055,,,2
6101,'F1',721,,47923,11055,,,2,30,,47920,11055,,,2,72,,47926,11055,,,2,17,,47924,11055,,,2,70,,47921,11055,,,2,30,,47927,11055,,,2,70,,47925,11055,,,2,30,,47922,11055,,,2,70,,47928,11055,,,2,30,,47929,11055,,,2,70,,47933,11055,,,2,30,,47937,11055,,,2,70,,47930,11055,,,2,30,,47934,11055,,,2,70,,47938,11055,,,2,30,,47931,11055,,,2,70,,47935,11055,,,2,30,,47939,11055,,,2,70,,47932,11055,,,2,34,,47936,11055,,,2,61,,47940,11055,,,2,35,,47942,11055,,,2,60,,47945,11055,,,2,40,,47941,11055,,,2,65,,47943,11055,,,2,30,,47946,11055,,,2,85,,47944,11055,,,2,100,,47947,11055,,,2,100,,47948,11055,,,2,100,,47949,11055,,,2
6101,'F2',721,,47955,11055,,,2,30,,47952,11055,,,2,72,,47958,11055,,,2,17,,47956,11055,,,2,70,,47953,11055,,,2,30,,47959,11055,,,2,70,,47957,11055,,,2,30,,47954,11055,,,2,70,,47960,11055,,,2,30,,47961,11055,,,2,70,,47965,11055,,,2,30,,47967,11055,,,2,70,,47962,11055,,,2,30,,47966,11055,,,2,70,,47968,11055,,,2,30,,47963,11055,,,2,70,,47969,11055,,,2,30,,47973,11055,,,2,70,,47964,11055,,,2,34,,47970,11055,,,2,61,,47974,11055,,,2,35,,47976,11055,,,2,60,,47971,11055,,,2,40,,47975,11055,,,2,65,,47977,11055,,,2,30,,47972,11055,,,2,85,,47978,11055,,,2,100,,47980,11055,,,2,100,,47979,11055,,,2,100,,47982,11055,,,2
6101,'F8',721,,32803,11055,,,2,30,,32800,11055,,,2,72,,32806,11055,,,2,17,,32804,11055,,,2,70,,32801,11055,,,2,30,,32807,11055,,,2,70,,32805,11055,,,2,30,,32802,11055,,,2,70,,32808,11055,,,2,30,,32809,11055,,,2,70,,32813,11055,,,2,30,,32815,11055,,,2,70,,32810,11055,,,2,30,,32814,11055,,,2,70,,32816,11055,,,2,30,,32811,11055,,,2,70,,32817,11055,,,2,30,,32821,11055,,,2,70,,32812,11055,,,2,34,,32818,11055,,,2,61,,32822,11055,,,2,35,,32824,11055,,,2,60,,32819,11055,,,2,40,,32823,11055,,,2,65,,32825,11055,,,2,30,,32820,11055,,,2,85,,32826,11055,,,2,100,,32828,11055,,,2,100,,32827,11055,,,2,100,,32830,11055,,,2
6101,'F9',721,,32835,11055,,,2,30,,32832,11055,,,2,72,,32838,11055,,,2,17,,32836,11055,,,2,70,,32833,11055,,,2,30,,32839,11055,,,2,70,,32837,11055,,,2,30,,32834,11055,,,2,70,,32840,11055,,,2,30,,32841,11055,,,2,70,,32845,11055,,,2,30,,32849,11055,,,2,70,,32842,11055,,,2,30,,32846,11055,,,2,70,,32850,11055,,,2,30,,32843,11055,,,2,70,,32847,11055,,,2,30,,32851,11055,,,2,70,,32844,11055,,,2,34,,32848,11055,,,2,61,,32852,11055,,,2,35,,32854,11055,,,2,60,,32857,11055,,,2,40,,32853,11055,,,2,65,,32855,11055,,,2,30,,32858,11055,,,2,85,,32856,11055,,,2,100,,32859,11055,,,2,100,,32860,11055,,,2,100,,32861,11055,,,2
6101,'SA',721,,32867,11055,,,2,30,,32864,11055,,,2,72,,32870,11055,,,2,17,,32868,11055,,,2,70,,32865,11055,,,2,30,,32871,11055,,,2,70,,32869,11055,,,2,30,,32866,11055,,,2,70,,32872,11055,,,2,30,,32873,11055,,,2,70,,32877,11055,,,2,30,,32879,11055,,,2,70,,32874,11055,,,2,30,,32878,11055,,,2,70,,32880,11055,,,2,30,,32875,11055,,,2,70,,32881,11055,,,2,30,,32885,11055,,,2,70,,32876,11055,,,2,34,,32882,11055,,,2,61,,32886,11055,,,2,35,,32888,11055,,,2,60,,32883,11055,,,2,40,,32887,11055,,,2,65,,32889,11055,,,2,30,,32884,11055,,,2,85,,32890,11055,,,2,100,,32892,11055,,,2,100,,32891,11055,,,2,100,,32894,11055,,,2
6101,'SE',600,,48033,11055,,,2,30,,48035,11055,,,2,10,,47988,11055,,,2,17,,47991,11055,,,2,49,,47985,11055,,,2,14,,47994,11055,,,2,14,,47984,11055,,,2,7,,47998,11055,,,2,16,,47992,11055,,,2,49,,47997,11055,,,2,19,,47989,11055,,,2,24,,47986,11055,,,2,62,,47995,11055,,,2,15,,47999,11055,,,2,76,,47990,11055,,,2,30,,47987,11055,,,2,70,,47996,11055,,,2,32,,48034,11055,,,2,70,,47993,11055,,,2,30,,48000,11055,,,2,72,,48004,11055,,,2,30,,48001,11055,,,2,70,,48002,11055,,,2,33,,48006,11055,,,2,61,,48008,11055,,,2,27,,48011,11055,,,2,23,,48003,11055,,,2,60,,48005,11055,,,2,24,,48013,11055,,,2,4,,48015,11055,,,2,65,,48009,11055,,,2,7,,48010,11055,,,2,14,,48016,11055,,,2,13,,48017,11055,,,2,14,,48007,11055,,,2,54,,48020,11055,,,2,6,,48023,11055,,,2,15,,48014,11055,,,2,14,,48012,11055,,,2,64,,48025,11055,,,2,24,,48018,11055,,,2,28,,48028,11055,,,2,68,,48031,11055,,,2,30,,48021,11055,,,2,69,,48024,11055,,,2,29,,48032,11055,,,2,70,,48019,11055,,,2,29,,48029,11055,,,2,70,,48026,11055,,,2
8501,'SE',634,,49513,3672,,,2,69,,49512,3672,,,2,27,,49514,3672,,,2,70,,49515,3672,,,2
16101,'DI',555,,38767,2521,0,35 36,2,1172,,38766,2521,0,35 36,2
16101,'F1',555,,50378,2521,0,35 36,2,1172,,50377,2521,0,35 36,2
16101,'F2',555,,50390,2521,0,35 36,2,1172,,50391,2521,0,35 36,2
16101,'F8',555,,38824,2521,0,35 36,2,1172,,38825,2521,0,35 36,2
16101,'F9',555,,38838,2521,0,35 36,2,1172,,38837,2521,0,35 36,2
16101,'SA',555,,38849,2521,0,35 36,2,1172,,38850,2521,0,35 36,2
16101,'SE',632,,50408,2521,0,35 36,2,73,,50406,2521,0,35 36,2,32,,50409,2521,0,35 36,2,502,,50407,2521,0,35 36,2,372,,50410,2521,0,35 36,2,36,,50405,2521,0,35 36,2,78,,50411,2521,0,35 36,2
