400,'DI',641,,52309,17116,,,1,69,,52302,17116,,,1,30,,52320,17116,,,1,70,,52312,17116,,,1,30,,52310,17116,,,1,72,,52303,17116,,,1,30,,52321,17116,,,1,72,,52313,17116,,,1,30,,52323,17116,,,1,70,,52304,17116,,,1,32,,52322,17116,,,1,70,,52314,17116,,,1,27,,52324,17116,,,1,71,,52305,17116,,,1,32,,52329,17116,,,1,70,,52327,17116,,,1,28,,52317,17116,,,1,71,,52306,17116,,,1,29,,52325,17116,,,1,70,,52330,17116,,,1,32,,52315,17116,,,1,70,,52307,17116,,,1,30,,52326,17116,,,1,70,,52331,17116,,,1,30,,52316,17116,,,1,68,,52318,17116,,,1,30,,52332,17116,,,1,70,,52328,17116,,,1,30,,52333,17116,,,1,70,,52319,17116,,,1,30,,52311,17116,,,1,70,,52334,17116,,,1,30,,52336,17116,,,1,100,,52335,17116,,,1,100,,52308,17116,,,1
400,'F1',641,,52344,17116,,,1,69,,52337,17116,,,1,30,,52355,17116,,,1,70,,52347,17116,,,1,30,,52345,17116,,,1,72,,52338,17116,,,1,30,,52356,17116,,,1,72,,52348,17116,,,1,30,,52358,17116,,,1,70,,52339,17116,,,1,32,,52357,17116,,,1,70,,52349,17116,,,1,27,,52359,17116,,,1,71,,52340,17116,,,1,32,,52364,17116,,,1,70,,52362,17116,,,1,28,,52352,17116,,,1,71,,52341,17116,,,1,29,,52360,17116,,,1,70,,52365,17116,,,1,32,,52350,17116,,,1,70,,52342,17116,,,1,30,,52361,17116,,,1,70,,52366,17116,,,1,30,,52351,17116,,,1,68,,52353,17116,,,1,30,,52367,17116,,,1,70,,52363,17116,,,1,30,,52368,17116,,,1,70,,52354,17116,,,1,30,,52346,17116,,,1,70,,52369,17116,,,1,30,,52371,17116,,,1,100,,52370,17116,,,1,100,,52343,17116,,,1
400,'F2',641,,52373,17116,,,1,69,,52391,17116,,,1,30,,52375,17116,,,1,70,,52380,17116,,,1,30,,52374,17116,,,1,72,,52392,17116,,,1,30,,52376,17116,,,1,72,,52381,17116,,,1,31,,52383,17116,,,1,70,,52393,17116,,,1,31,,52377,17116,,,1,70,,52382,17116,,,1,30,,52399,17116,,,1,70,,52397,17116,,,1,30,,52372,17116,,,1,70,,52384,17116,,,1,30,,52390,17116,,,1,70,,52385,17116,,,1,30,,52395,17116,,,1,70,,52378,17116,,,1,30,,52398,17116,,,1,70,,52394,17116,,,1,30,,52379,17116,,,1,70,,52387,17116,,,1,28,,52389,17116,,,1,70,,52401,17116,,,1,30,,52386,17116,,,1,70,,52404,17116,,,1,30,,52402,17116,,,1,70,,52403,17116,,,1,30,,52396,17116,,,1,70,,52405,17116,,,1,30,,52406,17116,,,1,100,,52400,17116,,,1,100,,52388,17116,,,1
400,'SA',641,,52408,17116,,,1,69,,52426,17116,,,1,30,,52410,17116,,,1,70,,52415,17116,,,1,30,,52409,17116,,,1,72,,52427,17116,,,1,30,,52411,17116,,,1,72,,52416,17116,,,1,31,,52418,17116,,,1,70,,52428,17116,,,1,31,,52412,17116,,,1,70,,52417,17116,,,1,30,,52434,17116,,,1,70,,52432,17116,,,1,30,,52407,17116,,,1,70,,52419,17116,,,1,30,,52425,17116,,,1,70,,52420,17116,,,1,30,,52430,17116,,,1,70,,52413,17116,,,1,30,,52433,17116,,,1,70,,52429,17116,,,1,30,,52414,17116,,,1,70,,52422,17116,,,1,28,,52424,17116,,,1,70,,52436,17116,,,1,30,,52421,17116,,,1,70,,52439,17116,,,1,30,,52437,17116,,,1,70,,52438,17116,,,1,30,,52431,17116,,,1,70,,52440,17116,,,1,30,,52441,17116,,,1,100,,52435,17116,,,1,100,,52423,17116,,,1
400,'SE',544,,52473,17116,,,1,65,,52469,17116,,,1,28,,52468,17116,,,1,20,,52475,17116,,,1,55,,52476,17116,,,1,20,,52467,17116,,,1,26,,52478,17116,,,1,60,,52470,17116,,,1,24,,52479,17116,,,1,9,,52483,17116,,,1,72,,52474,17116,,,1,13,,52453,17116,,,1,23,,52442,17116,,,1,70,,52455,17116,,,1,30,,52447,17116,,,1,70,,52448,17116,,,1,30,,52449,17116,,,1,70,,52451,17116,,,1,30,,52460,17116,,,1,70,,52461,17116,,,1,30,,52450,17116,,,1,69,,52446,17116,,,1,29,,52443,17116,,,1,73,,52477,17116,,,1,26,,52482,17116,,,1,77,,52480,17116,,,1,69,,52471,17116,,,1,30,,52472,17116,,,1,69,,52481,17116,,,1,24,,52459,17116,,,1,20,,52454,17116,,,1,71,,52464,17116,,,1,34,,52457,17116,,,1,70,,52444,17116,,,1,30,,52463,17116,,,1,68,,52465,17116,,,1,30,,52462,17116,,,1,70,,52452,17116,,,1,27,,52458,17116,,,1,70,,52466,17116,,,1,100,,52456,17116,,,1
7701,'DI',826,,60045,11446,,,1,100,,60047,11446,,,1,100,,60046,11446,,,1,100,,60048,11446,,,1,100,,60049,11446,,,1,100,,60051,11446,,,1,100,,60050,11446,,,1,102,,60052,11446,,,1,100,,60043,11446,,,1,100,,60053,11446,,,1,100,,60044,11446,,,1,97,,60054,11446,,,1,98,,60055,11446,,,1,100,,60057,11446,,,1,100,,60056,11446,,,1
7701,'F1',826,,60060,11446,,,1,100,,60062,11446,,,1,100,,60061,11446,,,1,100,,60063,11446,,,1,100,,60064,11446,,,1,100,,60066,11446,,,1,100,,60065,11446,,,1,102,,60067,11446,,,1,100,,60058,11446,,,1,100,,60068,11446,,,1,100,,60059,11446,,,1,97,,60069,11446,,,1,98,,60070,11446,,,1,100,,60072,11446,,,1,100,,60071,11446,,,1
7701,'F2',826,,60073,11446,,,1,100,,60075,11446,,,1,100,,60074,11446,,,1,100,,60076,11446,,,1,100,,60078,11446,,,1,100,,60077,11446,,,1,100,,60079,11446,,,1,102,,60080,11446,,,1,100,,60081,11446,,,1,100,,60083,11446,,,1,100,,60082,11446,,,1,97,,60084,11446,,,1,98,,60085,11446,,,1,100,,60087,11446,,,1,100,,60086,11446,,,1
7701,'SA',826,,60088,11446,,,1,100,,60090,11446,,,1,100,,60089,11446,,,1,100,,60091,11446,,,1,100,,60093,11446,,,1,100,,60092,11446,,,1,100,,60094,11446,,,1,102,,60095,11446,,,1,100,,60096,11446,,,1,100,,60098,11446,,,1,100,,60097,11446,,,1,97,,60099,11446,,,1,98,,60100,11446,,,1,100,,60102,11446,,,1,100,,60101,11446,,,1
7701,'SE',647,,60103,11446,,,1,11,,60106,11446,,,1,47,,60124,11446,,,1,7,,60107,11446,,,1,10,,60108,11446,,,1,5,,60111,11446,,,1,6,,60112,11446,,,1,18,,60113,11446,,,1,72,,60126,11446,,,1,30,,60104,11446,,,1,67,,60125,11446,,,1,4,,60109,11446,,,1,32,,60114,11446,,,1,70,,60127,11446,,,1,30,,60105,11446,,,1,70,,60110,11446,,,1,30,,60115,11446,,,1,72,,60128,11446,,,1,29,,60129,11446,,,1,71,,60130,11446,,,1,73,,60116,11446,,,1,30,,60131,11446,,,1,70,,60118,11446,,,1,29,,60122,11446,,,1,73,,60117,11446,,,1,30,,60134,11446,,,1,71,,60119,11446,,,1,25,,60123,11446,,,1,30,,60137,11446,,,1,74,,60120,11446,,,1,70,,60135,11446,,,1,28,,60132,11446,,,1,69,,60138,11446,,,1,30,,60121,11446,,,1,72,,60136,11446,,,1,27,,60133,11446,,,1,26,,60139,11446,,,1
42101,'SE',608,,62811,7728,,,1,38,,62809,7728,,,1,65,,62808,7728,,,1,22,,62819,7728,,,1,17,,62812,7728,,,1,72,,62817,7728,,,1,722,,62813,7728,,,1,75,,62820,7728,,,1,20,,62818,7728,,,1,70,,62816,7728,,,1,29,,62814,7728,,,1,69,,62815,7728,,,1,534,,62807,7728,,,1
53500,'SE',1630,,63444,5000,,,2
60700,'SE',1609,,63487,3552,,,2,1,,63488,3552,,,2
90101,'DI',623,,63792,19573,,,1,30,,63797,19573,,,1,70,,63791,19573,,,1,30,,63807,19573,,,1,73,,63804,19573,,,1,32,,63798,19573,,,1,72,,63786,19573,,,1,71,,63793,19573,,,1,30,,63789,19573,,,1,70,,63808,19573,,,1,31,,63805,19573,,,1,70,,63803,19573,,,1,31,,63794,19573,,,1,73,,63811,19573,,,1,28,,63800,19573,,,1,70,,63809,19573,,,1,29,,63781,19573,,,1,25,,63795,19573,,,1,75,,63787,19573,,,1,70,,63779,19573,,,1,31,,63810,19573,,,1,70,,63783,19573,,,1,30,,63799,19573,,,1,68,,63790,19573,,,1,30,,63780,19573,,,1,27,,63806,19573,,,1,75,,63788,19573,,,1,104,,63785,19573,,,1,97,,63801,19573,,,1,100,,63782,19573,,,1,100,,63784,19573,,,1,100,,63796,19573,,,1,100,,63802,19573,,,1
90101,'F1',623,,63825,19573,,,1,30,,63830,19573,,,1,70,,63824,19573,,,1,30,,63840,19573,,,1,73,,63837,19573,,,1,32,,63831,19573,,,1,72,,63819,19573,,,1,71,,63826,19573,,,1,30,,63822,19573,,,1,70,,63841,19573,,,1,31,,63838,19573,,,1,70,,63836,19573,,,1,31,,63827,19573,,,1,73,,63844,19573,,,1,28,,63833,19573,,,1,70,,63842,19573,,,1,29,,63814,19573,,,1,25,,63828,19573,,,1,75,,63820,19573,,,1,70,,63812,19573,,,1,31,,63843,19573,,,1,70,,63816,19573,,,1,30,,63832,19573,,,1,68,,63823,19573,,,1,30,,63813,19573,,,1,27,,63839,19573,,,1,75,,63821,19573,,,1,104,,63818,19573,,,1,97,,63834,19573,,,1,100,,63815,19573,,,1,100,,63817,19573,,,1,100,,63829,19573,,,1,100,,63835,19573,,,1
90101,'F2',623,,63860,19573,,,1,30,,63869,19573,,,1,70,,63864,19573,,,1,30,,63866,19573,,,1,73,,63872,19573,,,1,32,,63863,19573,,,1,72,,63861,19573,,,1,71,,63868,19573,,,1,30,,63874,19573,,,1,70,,63849,19573,,,1,31,,63862,19573,,,1,70,,63873,19573,,,1,31,,63865,19573,,,1,73,,63875,19573,,,1,28,,63854,19573,,,1,70,,63851,19573,,,1,29,,63845,19573,,,1,25,,63858,19573,,,1,75,,63876,19573,,,1,70,,63855,19573,,,1,31,,63852,19573,,,1,70,,63846,19573,,,1,30,,63847,19573,,,1,68,,63870,19573,,,1,30,,63856,19573,,,1,27,,63850,19573,,,1,75,,63859,19573,,,1,104,,63877,19573,,,1,97,,63853,19573,,,1,100,,63867,19573,,,1,100,,63857,19573,,,1,100,,63848,19573,,,1,100,,63871,19573,,,1
90101,'SA',623,,63893,19573,,,1,30,,63902,19573,,,1,70,,63897,19573,,,1,30,,63899,19573,,,1,73,,63905,19573,,,1,32,,63896,19573,,,1,72,,63894,19573,,,1,71,,63901,19573,,,1,30,,63907,19573,,,1,70,,63882,19573,,,1,31,,63895,19573,,,1,70,,63906,19573,,,1,31,,63898,19573,,,1,73,,63908,19573,,,1,28,,63887,19573,,,1,70,,63884,19573,,,1,29,,63878,19573,,,1,25,,63891,19573,,,1,75,,63909,19573,,,1,70,,63888,19573,,,1,31,,63885,19573,,,1,70,,63879,19573,,,1,30,,63880,19573,,,1,68,,63903,19573,,,1,30,,63889,19573,,,1,27,,63883,19573,,,1,75,,63892,19573,,,1,104,,63910,19573,,,1,97,,63886,19573,,,1,100,,63900,19573,,,1,100,,63890,19573,,,1,100,,63881,19573,,,1,100,,63904,19573,,,1
90101,'SE',605,,63942,19573,,,1,30,,63945,19573,,,1,16,,63949,19573,,,1,55,,63917,19573,,,1,15,,63939,19573,,,1,15,,63919,19573,,,1,15,,63924,19573,,,1,50,,63948,19573,,,1,16,,63922,19573,,,1,10,,63927,19573,,,1,10,,63943,19573,,,1,12,,63914,19573,,,1,8,,63918,19573,,,1,45,,63944,19573,,,1,10,,63946,19573,,,1,10,,63920,19573,,,1,12,,63954,19573,,,1,15,,63941,19573,,,1,52,,63923,19573,,,1,20,,63925,19573,,,1,20,,63950,19573,,,1,60,,63928,19573,,,1,20,,63915,19573,,,1,20,,63947,19573,,,1,60,,63955,19573,,,1,20,,63911,19573,,,1,20,,63913,19573,,,1,60,,63926,19573,,,1,20,,63921,19573,,,1,20,,63929,19573,,,1,60,,63916,19573,,,1,20,,63958,19573,,,1,20,,63956,19573,,,1,60,,63930,19573,,,1,20,,63940,19573,,,1,23,,63953,19573,,,1,60,,63957,19573,,,1,20,,63931,19573,,,1,20,,63951,19573,,,1,70,,63959,19573,,,1,29,,63961,19573,,,1,73,,63963,19573,,,1,27,,63933,19573,,,1,72,,63952,19573,,,1,30,,63960,19573,,,1,63,,63935,19573,,,1,30,,63912,19573,,,1,70,,63962,19573,,,1,31,,63964,19573,,,1,70,,63932,19573,,,1,30,,63936,19573,,,1,70,,63937,19573,,,1,100,,63965,19573,,,1,100,,63934,19573,,,1,100,,63938,19573,,,1
