50300,'SE',1615,,63421,0,,,2
50301,'SE',925,,63422,8042,4,,2
50500,'SE',1615,,63423,0,,,2
50501,'SE',925,,63424,11778,4,,2
52100,'SE',1615,,63428,0,,,2
52101,'SE',925,,63429,7052,4,,2
52600,'SE',1615,,63430,0,,,2,1,,63431,0,,,2
52601,'SE',924,,63433,9530,4,,2,1,,63432,9530,4,,2
53000,'SE',1615,,63434,0,,,2
53001,'SE',925,,63435,6351,4,,2
53200,'SE',1615,,63436,0,,,2,1,,63437,0,,,2
53201,'SE',924,,63438,11107,4,,2,1,,63439,11107,4,,2
53300,'SE',1615,,63440,0,,,2
53301,'SE',925,,63441,9965,4,,2
53400,'SE',1615,,63442,0,,,2
53401,'SE',925,,63443,10748,4,,2
53500,'SE',1615,,63444,0,,,2
53501,'SE',925,,63445,7408,4,,2
53600,'SE',1615,,63446,0,,,2
53601,'SE',925,,63447,6060,4,,2
54400,'SE',1615,,63456,0,,,2
54401,'SE',925,,63457,8375,4,,2
54601,'SE',925,,63459,12411,4,,2
54701,'SE',925,,63461,10854,4,,2
54900,'SE',1615,,63462,0,,,2
54901,'SE',925,,63463,10889,4,,2
55000,'SE',1615,,63464,0,,,2
55001,'SE',925,,63465,9542,4,,2
55100,'SE',1615,,63466,0,,,2
55101,'SE',925,,63467,10006,4,,2
