300,'DI',654,,52056,1775,,,1,100,,52049,1775,,,1,100,,52057,1775,,,1,100,,52050,1775,,,1,100,,52051,1775,,,1,100,,52059,1775,,,1,100,,52052,1775,,,1,100,,52053,1775,,,1,100,,52054,1775,,,1,100,,52058,1775,,,1,100,,494,1775,,,1,100,,495,1775,,,1,100,,52055,1775,,,1,100,,20629,1775,,,1,100,,20630,1775,,,1,100,,20631,1775,,,1,100,,20632,1775,,,1,100,,20633,1775,,,1,100,,20634,1775,,,1
300,'F1',654,,52067,1775,,,1,100,,52060,1775,,,1,100,,52068,1775,,,1,100,,52061,1775,,,1,100,,52062,1775,,,1,100,,52070,1775,,,1,100,,52063,1775,,,1,100,,52064,1775,,,1,100,,52065,1775,,,1,100,,52069,1775,,,1,100,,43204,1775,,,1,100,,43205,1775,,,1,100,,52066,1775,,,1,100,,43207,1775,,,1,100,,43208,1775,,,1,100,,43209,1775,,,1,100,,43210,1775,,,1,100,,43211,1775,,,1,100,,43212,1775,,,1
300,'F2',624,,52084,1775,,,1,30,,52071,1775,,,1,70,,52081,1775,,,1,30,,52088,1775,,,1,70,,52085,1775,,,1,30,,52072,1775,,,1,70,,52078,1775,,,1,30,,52073,1775,,,1,70,,52086,1775,,,1,30,,52089,1775,,,1,70,,52079,1775,,,1,30,,52092,1775,,,1,70,,52080,1775,,,1,30,,52093,1775,,,1,70,,43236,1775,,,1,30,,52094,1775,,,1,70,,43237,1775,,,1,30,,52087,1775,,,1,70,,52074,1775,,,1,30,,52098,1775,,,1,70,,52075,1775,,,1,30,,52099,1775,,,1,70,,52076,1775,,,1,30,,52100,1775,,,1,70,,52077,1775,,,1,30,,52090,1775,,,1,100,,52091,1775,,,1,100,,52095,1775,,,1,100,,52096,1775,,,1,100,,52097,1775,,,1,100,,52083,1775,,,1,100,,52082,1775,,,1
300,'SA',624,,52114,1775,,,1,30,,52101,1775,,,1,70,,52111,1775,,,1,30,,52118,1775,,,1,70,,52115,1775,,,1,30,,52102,1775,,,1,70,,52108,1775,,,1,30,,52103,1775,,,1,70,,52116,1775,,,1,30,,52119,1775,,,1,70,,52109,1775,,,1,30,,52122,1775,,,1,70,,52110,1775,,,1,30,,52123,1775,,,1,70,,624,1775,,,1,30,,52124,1775,,,1,70,,625,1775,,,1,30,,52117,1775,,,1,70,,52104,1775,,,1,30,,52128,1775,,,1,70,,52105,1775,,,1,30,,52129,1775,,,1,70,,52106,1775,,,1,30,,52130,1775,,,1,70,,52107,1775,,,1,30,,52120,1775,,,1,100,,52121,1775,,,1,100,,52125,1775,,,1,100,,52126,1775,,,1,100,,52127,1775,,,1,100,,52113,1775,,,1,100,,52112,1775,,,1
300,'SE',542,,52132,1775,,,1,82,,52154,1775,,,1,85,,52153,1775,,,1,35,,52133,1775,,,1,81,,52147,1775,,,1,29,,52162,1775,,,1,70,,52165,1775,,,1,30,,52163,1775,,,1,70,,52166,1775,,,1,30,,52148,1775,,,1,70,,52155,1775,,,1,30,,52134,1775,,,1,70,,52156,1775,,,1,30,,52135,1775,,,1,70,,52157,1775,,,1,30,,52136,1775,,,1,70,,52158,1775,,,1,30,,52137,1775,,,1,61,,52167,1775,,,1,18,,52159,1775,,,1,22,,52138,1775,,,1,61,,52168,1775,,,1,22,,52144,1775,,,1,18,,52164,1775,,,1,59,,52150,1775,,,1,20,,52131,1775,,,1,20,,52149,1775,,,1,72,,52151,1775,,,1,27,,52160,1775,,,1,70,,52152,1775,,,1,30,,52161,1775,,,1,70,,52145,1775,,,1,30,,52139,1775,,,1,70,,52146,1775,,,1,30,,52140,1775,,,1,100,,52141,1775,,,1,100,,52142,1775,,,1,100,,52143,1775,,,1
401,'DI',701,,52491,1717,,,1,30,,52485,1717,,,1,70,,52501,1717,,,1,32,,52494,1717,,,1,70,,52504,1717,,,1,30,,52486,1717,,,1,70,,52502,1717,,,1,30,,52495,1717,,,1,70,,52505,1717,,,1,30,,52487,1717,,,1,70,,52511,1717,,,1,30,,52509,1717,,,1,70,,52506,1717,,,1,31,,52488,1717,,,1,69,,52507,1717,,,1,30,,52512,1717,,,1,70,,52496,1717,,,1,32,,52489,1717,,,1,69,,52508,1717,,,1,30,,52513,1717,,,1,74,,52497,1717,,,1,25,,52498,1717,,,1,70,,52514,1717,,,1,30,,52510,1717,,,1,70,,52515,1717,,,1,31,,52499,1717,,,1,69,,52492,1717,,,1,30,,52516,1717,,,1,70,,52518,1717,,,1,100,,52517,1717,,,1,100,,52490,1717,,,1,100,,52503,1717,,,1
401,'F1',701,,52526,1717,,,1,30,,52520,1717,,,1,70,,52536,1717,,,1,32,,52529,1717,,,1,70,,52539,1717,,,1,30,,52521,1717,,,1,70,,52537,1717,,,1,30,,52530,1717,,,1,70,,52540,1717,,,1,30,,52522,1717,,,1,70,,52546,1717,,,1,30,,52544,1717,,,1,70,,52541,1717,,,1,31,,52523,1717,,,1,69,,52542,1717,,,1,30,,52547,1717,,,1,70,,52531,1717,,,1,32,,52524,1717,,,1,69,,52543,1717,,,1,30,,52548,1717,,,1,74,,52532,1717,,,1,25,,52533,1717,,,1,70,,52549,1717,,,1,30,,52545,1717,,,1,70,,52550,1717,,,1,31,,52534,1717,,,1,69,,52527,1717,,,1,30,,52551,1717,,,1,70,,52553,1717,,,1,100,,52552,1717,,,1,100,,52525,1717,,,1,100,,52538,1717,,,1
401,'F2',701,,52555,1717,,,1,30,,52574,1717,,,1,70,,52558,1717,,,1,32,,52562,1717,,,1,70,,52556,1717,,,1,30,,52575,1717,,,1,70,,52559,1717,,,1,30,,52563,1717,,,1,70,,52580,1717,,,1,30,,52578,1717,,,1,70,,52554,1717,,,1,30,,52565,1717,,,1,70,,52571,1717,,,1,30,,52566,1717,,,1,70,,52582,1717,,,1,30,,52560,1717,,,1,70,,52579,1717,,,1,30,,52576,1717,,,1,70,,52572,1717,,,1,30,,52568,1717,,,1,70,,52570,1717,,,1,30,,52583,1717,,,1,70,,52567,1717,,,1,30,,52586,1717,,,1,70,,52584,1717,,,1,30,,52585,1717,,,1,70,,52577,1717,,,1,30,,52587,1717,,,1,70,,52588,1717,,,1,100,,52581,1717,,,1,100,,52569,1717,,,1,100,,52564,1717,,,1
401,'SA',701,,52590,1717,,,1,30,,52609,1717,,,1,70,,52593,1717,,,1,32,,52597,1717,,,1,70,,52591,1717,,,1,30,,52610,1717,,,1,70,,52594,1717,,,1,30,,52598,1717,,,1,70,,52615,1717,,,1,30,,52613,1717,,,1,70,,52589,1717,,,1,30,,52600,1717,,,1,70,,52606,1717,,,1,30,,52601,1717,,,1,70,,52617,1717,,,1,30,,52595,1717,,,1,70,,52614,1717,,,1,30,,52611,1717,,,1,70,,52607,1717,,,1,30,,52603,1717,,,1,70,,52605,1717,,,1,30,,52618,1717,,,1,70,,52602,1717,,,1,30,,52621,1717,,,1,70,,52619,1717,,,1,30,,52620,1717,,,1,70,,52612,1717,,,1,30,,52622,1717,,,1,70,,52623,1717,,,1,100,,52616,1717,,,1,100,,52604,1717,,,1,100,,52599,1717,,,1
401,'SE',616,,52647,1717,,,1,21,,52625,1717,,,1,69,,52656,1717,,,1,32,,52643,1717,,,1,73,,52653,1717,,,1,30,,52652,1717,,,1,73,,52630,1717,,,1,30,,52637,1717,,,1,70,,52657,1717,,,1,30,,52636,1717,,,1,70,,52635,1717,,,1,30,,52626,1717,,,1,70,,52645,1717,,,1,32,,52662,1717,,,1,70,,52648,1717,,,1,30,,52629,1717,,,1,66,,52624,1717,,,1,34,,52632,1717,,,1,55,,52649,1717,,,1,23,,52633,1717,,,1,22,,52639,1717,,,1,59,,52627,1717,,,1,20,,52655,1717,,,1,21,,52644,1717,,,1,58,,52659,1717,,,1,20,,52661,1717,,,1,24,,52640,1717,,,1,58,,52651,1717,,,1,27,,52628,1717,,,1,70,,52660,1717,,,1,27,,52646,1717,,,1,70,,52658,1717,,,1,30,,52641,1717,,,1,70,,52654,1717,,,1,30,,52663,1717,,,1,100,,52650,1717,,,1,100,,52631,1717,,,1,100,,52642,1717,,,1
900,'SE',649,,53723,1775,0,58 7,2,70,,53722,1775,0,58 7,2,30,,53724,1775,0,58 7,2,860,,53729,1775,0,58 7,2,34,,53727,1775,0,58 7,2,67,,53726,1775,0,58 7,2,29,,53725,1775,0,58 7,2,70,,53728,1775,0,58 7,2
1900,'DI',619,,55065,1775,0,9,2,100,,55066,1775,0,9,2,100,,55067,1775,0,9,2,104,,55068,1775,0,9,2,100,,55069,1775,0,9,2,100,,55070,1775,0,9,2,100,,55071,1775,0,9,2,100,,55072,1775,0,9,2,100,,55073,1775,0,9,2,100,,55074,1775,0,9,2,100,,55075,1775,0,9,2,100,,55076,1775,0,9,2,100,,55077,1775,0,9,2,100,,55078,1775,0,9,2,100,,55079,1775,0,9,2,100,,55080,1775,0,9,2,100,,55082,1775,0,9,2,100,,55081,1775,0,9,2,100,,55083,1775,0,9,2,100,,25743,1775,0,9,2
1900,'F1',619,,55084,1775,0,9,2,100,,55085,1775,0,9,2,100,,55086,1775,0,9,2,104,,55087,1775,0,9,2,100,,55088,1775,0,9,2,100,,55089,1775,0,9,2,100,,55090,1775,0,9,2,100,,55091,1775,0,9,2,100,,55092,1775,0,9,2,100,,55093,1775,0,9,2,100,,55094,1775,0,9,2,100,,55095,1775,0,9,2,100,,55096,1775,0,9,2,100,,55097,1775,0,9,2,100,,55098,1775,0,9,2,100,,55099,1775,0,9,2,100,,55101,1775,0,9,2,100,,55100,1775,0,9,2,100,,55102,1775,0,9,2,100,,45170,1775,0,9,2
1900,'F2',619,,55114,1775,0,9,2,30,,55134,1775,0,9,2,70,,55115,1775,0,9,2,30,,55106,1775,0,9,2,70,,55116,1775,0,9,2,30,,55107,1775,0,9,2,74,,55117,1775,0,9,2,30,,55108,1775,0,9,2,70,,55118,1775,0,9,2,30,,55109,1775,0,9,2,70,,55119,1775,0,9,2,30,,55110,1775,0,9,2,70,,55120,1775,0,9,2,30,,55111,1775,0,9,2,70,,55121,1775,0,9,2,30,,55112,1775,0,9,2,70,,55122,1775,0,9,2,30,,55113,1775,0,9,2,70,,55123,1775,0,9,2,30,,55103,1775,0,9,2,70,,55124,1775,0,9,2,30,,55104,1775,0,9,2,70,,55125,1775,0,9,2,30,,55105,1775,0,9,2,70,,55126,1775,0,9,2,100,,55127,1775,0,9,2,100,,55128,1775,0,9,2,100,,55129,1775,0,9,2,100,,55130,1775,0,9,2,100,,55131,1775,0,9,2,100,,55132,1775,0,9,2,100,,55133,1775,0,9,2
1900,'SA',619,,55146,1775,0,9,2,30,,55166,1775,0,9,2,70,,55147,1775,0,9,2,30,,55138,1775,0,9,2,70,,55148,1775,0,9,2,30,,55139,1775,0,9,2,74,,55149,1775,0,9,2,30,,55140,1775,0,9,2,70,,55150,1775,0,9,2,30,,55141,1775,0,9,2,70,,55151,1775,0,9,2,30,,55142,1775,0,9,2,70,,55152,1775,0,9,2,30,,55143,1775,0,9,2,70,,55153,1775,0,9,2,30,,55144,1775,0,9,2,70,,55154,1775,0,9,2,30,,55145,1775,0,9,2,70,,55155,1775,0,9,2,30,,55135,1775,0,9,2,70,,55156,1775,0,9,2,30,,55136,1775,0,9,2,70,,55157,1775,0,9,2,30,,55137,1775,0,9,2,70,,55158,1775,0,9,2,100,,55159,1775,0,9,2,100,,55160,1775,0,9,2,100,,55161,1775,0,9,2,100,,55162,1775,0,9,2,100,,55163,1775,0,9,2,100,,55164,1775,0,9,2,100,,55165,1775,0,9,2
1900,'SE',542,,55176,1775,0,9,2,76,,55179,1775,0,9,2,27,,55181,1775,0,9,2,12,,55177,1775,0,9,2,52,,55174,1775,0,9,2,12,,55206,1775,0,9,2,15,,55170,1775,0,9,2,21,,55204,1775,0,9,2,60,,55178,1775,0,9,2,32,,55199,1775,0,9,2,74,,55193,1775,0,9,2,30,,55201,1775,0,9,2,70,,55194,1775,0,9,2,30,,55182,1775,0,9,2,70,,55195,1775,0,9,2,30,,55183,1775,0,9,2,70,,55196,1775,0,9,2,30,,45245,1775,0,9,2,70,,55197,1775,0,9,2,31,,45246,1775,0,9,2,70,,55198,1775,0,9,2,30,,55202,1775,0,9,2,67,,55175,1775,0,9,2,21,,55171,1775,0,9,2,62,,55203,1775,0,9,2,20,,55190,1775,0,9,2,20,,55205,1775,0,9,2,59,,55200,1775,0,9,2,17,,55188,1775,0,9,2,23,,55180,1775,0,9,2,60,,55207,1775,0,9,2,24,,55189,1775,0,9,2,26,,55191,1775,0,9,2,70,,55184,1775,0,9,2,30,,55192,1775,0,9,2,70,,55185,1775,0,9,2,30,,55172,1775,0,9,2,70,,55186,1775,0,9,2,30,,55173,1775,0,9,2,70,,55187,1775,0,9,2,100,,55167,1775,0,9,2,100,,55168,1775,0,9,2,100,,55169,1775,0,9,2
2100,'DI',556,,55641,1717,0,12 13,1,69,,55638,1717,0,12 13,1,30,,55648,1717,0,12 13,1,70,,55637,1717,0,12 13,1,31,,55645,1717,0,12 13,1,70,,55662,1717,0,12 13,1,30,,55635,1717,0,12 13,1,67,,55639,1717,0,12 13,1,33,,55642,1717,0,12 13,1,70,,55650,1717,0,12 13,1,32,,55640,1717,0,12 13,1,67,,55658,1717,0,12 13,1,31,,55631,1717,0,12 13,1,70,,55656,1717,0,12 13,1,30,,55649,1717,0,12 13,1,70,,55646,1717,0,12 13,1,30,,55654,1717,0,12 13,1,70,,55657,1717,0,12 13,1,30,,55643,1717,0,12 13,1,70,,55655,1717,0,12 13,1,30,,55632,1717,0,12 13,1,70,,55647,1717,0,12 13,1,30,,55661,1717,0,12 13,1,70,,55653,1717,0,12 13,1,30,,55651,1717,0,12 13,1,70,,55625,1717,0,12 13,1,30,,55644,1717,0,12 13,1,70,,55660,1717,0,12 13,1,30,,55633,1717,0,12 13,1,70,,55659,1717,0,12 13,1,30,,55622,1717,0,12 13,1,70,,55624,1717,0,12 13,1,30,,55652,1717,0,12 13,1,70,,55634,1717,0,12 13,1,30,,55627,1717,0,12 13,1,70,,55626,1717,0,12 13,1,30,,55628,1717,0,12 13,1,70,,55623,1717,0,12 13,1,30,,55636,1717,0,12 13,1
2100,'F1',556,,55682,1717,0,12 13,1,69,,55679,1717,0,12 13,1,30,,55689,1717,0,12 13,1,70,,55678,1717,0,12 13,1,31,,55686,1717,0,12 13,1,70,,55703,1717,0,12 13,1,30,,55676,1717,0,12 13,1,67,,55680,1717,0,12 13,1,33,,55683,1717,0,12 13,1,70,,55691,1717,0,12 13,1,32,,55681,1717,0,12 13,1,67,,55699,1717,0,12 13,1,31,,55672,1717,0,12 13,1,70,,55697,1717,0,12 13,1,30,,55690,1717,0,12 13,1,70,,55687,1717,0,12 13,1,30,,55695,1717,0,12 13,1,70,,55698,1717,0,12 13,1,30,,55684,1717,0,12 13,1,70,,55696,1717,0,12 13,1,30,,55673,1717,0,12 13,1,70,,55688,1717,0,12 13,1,30,,55702,1717,0,12 13,1,70,,55694,1717,0,12 13,1,30,,55692,1717,0,12 13,1,70,,55666,1717,0,12 13,1,30,,55685,1717,0,12 13,1,70,,55701,1717,0,12 13,1,30,,55674,1717,0,12 13,1,70,,55700,1717,0,12 13,1,30,,55663,1717,0,12 13,1,70,,55665,1717,0,12 13,1,30,,55693,1717,0,12 13,1,70,,55675,1717,0,12 13,1,30,,55668,1717,0,12 13,1,70,,55667,1717,0,12 13,1,30,,55669,1717,0,12 13,1,70,,55664,1717,0,12 13,1,30,,55677,1717,0,12 13,1
2100,'F2',556,,55738,1717,0,12 13,1,70,,55707,1717,0,12 13,1,30,,55728,1717,0,12 13,1,70,,55719,1717,0,12 13,1,30,,55709,1717,0,12 13,1,70,,55739,1717,0,12 13,1,30,,55734,1717,0,12 13,1,65,,55731,1717,0,12 13,1,31,,55723,1717,0,12 13,1,74,,55726,1717,0,12 13,1,33,,55732,1717,0,12 13,1,63,,55740,1717,0,12 13,1,34,,55716,1717,0,12 13,1,70,,55743,1717,0,12 13,1,30,,55735,1717,0,12 13,1,70,,55727,1717,0,12 13,1,30,,55710,1717,0,12 13,1,70,,55744,1717,0,12 13,1,30,,55736,1717,0,12 13,1,70,,55722,1717,0,12 13,1,30,,55711,1717,0,12 13,1,70,,55729,1717,0,12 13,1,30,,55737,1717,0,12 13,1,70,,55715,1717,0,12 13,1,30,,55712,1717,0,12 13,1,70,,55730,1717,0,12 13,1,30,,55741,1717,0,12 13,1,70,,55733,1717,0,12 13,1,30,,55704,1717,0,12 13,1,70,,55724,1717,0,12 13,1,30,,55713,1717,0,12 13,1,70,,55717,1717,0,12 13,1,30,,55720,1717,0,12 13,1,70,,55705,1717,0,12 13,1,30,,55742,1717,0,12 13,1,70,,55725,1717,0,12 13,1,30,,55721,1717,0,12 13,1,70,,55714,1717,0,12 13,1,29,,55718,1717,0,12 13,1
2100,'SA',556,,55779,1717,0,12 13,1,70,,55748,1717,0,12 13,1,30,,55769,1717,0,12 13,1,70,,55760,1717,0,12 13,1,30,,55750,1717,0,12 13,1,70,,55780,1717,0,12 13,1,30,,55775,1717,0,12 13,1,65,,55772,1717,0,12 13,1,31,,55764,1717,0,12 13,1,74,,55767,1717,0,12 13,1,33,,55773,1717,0,12 13,1,63,,55781,1717,0,12 13,1,34,,55757,1717,0,12 13,1,70,,55784,1717,0,12 13,1,30,,55776,1717,0,12 13,1,70,,55768,1717,0,12 13,1,30,,55751,1717,0,12 13,1,70,,55785,1717,0,12 13,1,30,,55777,1717,0,12 13,1,70,,55763,1717,0,12 13,1,30,,55752,1717,0,12 13,1,70,,55770,1717,0,12 13,1,30,,55778,1717,0,12 13,1,70,,55756,1717,0,12 13,1,30,,55753,1717,0,12 13,1,70,,55771,1717,0,12 13,1,30,,55782,1717,0,12 13,1,70,,55774,1717,0,12 13,1,30,,55745,1717,0,12 13,1,70,,55765,1717,0,12 13,1,30,,55754,1717,0,12 13,1,70,,55758,1717,0,12 13,1,30,,55761,1717,0,12 13,1,70,,55746,1717,0,12 13,1,30,,55783,1717,0,12 13,1,70,,55766,1717,0,12 13,1,30,,55762,1717,0,12 13,1,70,,55755,1717,0,12 13,1,29,,55759,1717,0,12 13,1
2100,'SE',541,,55787,1717,0,12 13,1,12,,45634,1717,0,12 13,1,50,,55812,1717,0,12 13,1,20,,55788,1717,0,12 13,1,14,,55813,1717,0,12 13,1,64,,45638,1717,0,12 13,1,11,,55803,1717,0,12 13,1,17,,55814,1717,0,12 13,1,23,,55816,1717,0,12 13,1,60,,55817,1717,0,12 13,1,20,,55811,1717,0,12 13,1,21,,55792,1717,0,12 13,1,70,,55789,1717,0,12 13,1,32,,55791,1717,0,12 13,1,70,,55786,1717,0,12 13,1,30,,55790,1717,0,12 13,1,70,,55804,1717,0,12 13,1,30,,55818,1717,0,12 13,1,70,,55805,1717,0,12 13,1,30,,55822,1717,0,12 13,1,69,,55794,1717,0,12 13,1,28,,55819,1717,0,12 13,1,76,,55833,1717,0,12 13,1,10,,55806,1717,0,12 13,1,17,,55831,1717,0,12 13,1,55,,55815,1717,0,12 13,1,15,,55795,1717,0,12 13,1,15,,55824,1717,0,12 13,1,15,,55820,1717,0,12 13,1,56,,55807,1717,0,12 13,1,19,,55828,1717,0,12 13,1,17,,55832,1717,0,12 13,1,10,,55799,1717,0,12 13,1,54,,55827,1717,0,12 13,1,15,,55796,1717,0,12 13,1,14,,55825,1717,0,12 13,1,15,,55821,1717,0,12 13,1,55,,55808,1717,0,12 13,1,20,,55829,1717,0,12 13,1,20,,55801,1717,0,12 13,1,60,,55823,1717,0,12 13,1,30,,55826,1717,0,12 13,1,70,,55809,1717,0,12 13,1,30,,55810,1717,0,12 13,1,70,,55797,1717,0,12 13,1,100,,55834,1717,0,12 13,1,100,,55830,1717,0,12 13,1,100,,55798,1717,0,12 13,1,100,,55802,1717,0,12 13,1
42100,'SE',633,,62805,1717,0,12 13,1,71,,62796,1717,0,12 13,1,16,,62803,1717,0,12 13,1,722,,62799,1717,0,12 13,1,61,,62806,1717,0,12 13,1,30,,62804,1717,0,12 13,1,70,,62802,1717,0,12 13,1,31,,62800,1717,0,12 13,1,70,,62801,1717,0,12 13,1
90100,'DI',639,,63623,1775,,,1,72,,63616,1775,,,1,32,,63607,1775,,,1,68,,63612,1775,,,1,30,,63610,1775,,,1,67,,63626,1775,,,1,31,,63624,1775,,,1,68,,63622,1775,,,1,31,,63613,1775,,,1,71,,63629,1775,,,1,28,,63619,1775,,,1,70,,63627,1775,,,1,29,,63601,1775,,,1,65,,63614,1775,,,1,34,,63608,1775,,,1,70,,63599,1775,,,1,31,,63628,1775,,,1,70,,63604,1775,,,1,30,,63618,1775,,,1,68,,63611,1775,,,1,32,,63600,1775,,,1,72,,63625,1775,,,1,35,,63609,1775,,,1,70,,63617,1775,,,1,35,,63606,1775,,,1,100,,63620,1775,,,1,100,,63602,1775,,,1,100,,63605,1775,,,1,100,,63615,1775,,,1,100,,63621,1775,,,1,100,,63603,1775,,,1
90100,'F1',639,,63654,1775,,,1,72,,63647,1775,,,1,32,,63638,1775,,,1,68,,63643,1775,,,1,30,,63641,1775,,,1,67,,63657,1775,,,1,31,,63655,1775,,,1,68,,63653,1775,,,1,31,,63644,1775,,,1,71,,63660,1775,,,1,28,,63650,1775,,,1,70,,63658,1775,,,1,29,,63632,1775,,,1,65,,63645,1775,,,1,34,,63639,1775,,,1,70,,63630,1775,,,1,31,,63659,1775,,,1,70,,63635,1775,,,1,30,,63649,1775,,,1,68,,63642,1775,,,1,32,,63631,1775,,,1,72,,63656,1775,,,1,35,,63640,1775,,,1,70,,63648,1775,,,1,35,,63637,1775,,,1,100,,63651,1775,,,1,100,,63633,1775,,,1,100,,63636,1775,,,1,100,,63646,1775,,,1,100,,63652,1775,,,1,100,,63634,1775,,,1
90100,'F2',639,,63686,1775,,,1,72,,63680,1775,,,1,32,,63678,1775,,,1,68,,63683,1775,,,1,30,,63688,1775,,,1,67,,63666,1775,,,1,31,,63679,1775,,,1,68,,63687,1775,,,1,31,,63681,1775,,,1,71,,63689,1775,,,1,28,,63671,1775,,,1,70,,63668,1775,,,1,29,,63661,1775,,,1,65,,63675,1775,,,1,34,,63690,1775,,,1,70,,63672,1775,,,1,31,,63669,1775,,,1,70,,63662,1775,,,1,30,,63664,1775,,,1,68,,63684,1775,,,1,32,,63673,1775,,,1,72,,63667,1775,,,1,35,,63676,1775,,,1,70,,63663,1775,,,1,35,,63691,1775,,,1,100,,63670,1775,,,1,100,,63682,1775,,,1,100,,63674,1775,,,1,100,,63665,1775,,,1,100,,63685,1775,,,1,100,,63677,1775,,,1
90100,'SA',639,,63717,1775,,,1,72,,63711,1775,,,1,32,,63709,1775,,,1,68,,63714,1775,,,1,30,,63719,1775,,,1,67,,63697,1775,,,1,31,,63710,1775,,,1,68,,63718,1775,,,1,31,,63712,1775,,,1,71,,63720,1775,,,1,28,,63702,1775,,,1,70,,63699,1775,,,1,29,,63692,1775,,,1,65,,63706,1775,,,1,34,,63721,1775,,,1,70,,63703,1775,,,1,31,,63700,1775,,,1,70,,63693,1775,,,1,30,,63695,1775,,,1,68,,63715,1775,,,1,32,,63704,1775,,,1,72,,63698,1775,,,1,35,,63707,1775,,,1,70,,63694,1775,,,1,35,,63722,1775,,,1,100,,63701,1775,,,1,100,,63713,1775,,,1,100,,63705,1775,,,1,100,,63696,1775,,,1,100,,63716,1775,,,1,100,,63708,1775,,,1
90100,'SE',525,,63749,1775,,,1,80,,63758,1775,,,1,30,,63755,1775,,,1,75,,63756,1775,,,1,37,,63752,1775,,,1,75,,63731,1775,,,1,20,,63759,1775,,,1,60,,63733,1775,,,1,20,,63728,1775,,,1,20,,63757,1775,,,1,60,,63764,1775,,,1,20,,63723,1775,,,1,20,,63727,1775,,,1,60,,63732,1775,,,1,20,,63730,1775,,,1,20,,63734,1775,,,1,60,,63729,1775,,,1,20,,63767,1775,,,1,20,,63765,1775,,,1,60,,63735,1775,,,1,20,,63750,1775,,,1,20,,63762,1775,,,1,60,,63766,1775,,,1,20,,63736,1775,,,1,20,,63760,1775,,,1,62,,63768,1775,,,1,15,,63748,1775,,,1,15,,63771,1775,,,1,15,,63751,1775,,,1,56,,63774,1775,,,1,10,,63738,1775,,,1,10,,63776,1775,,,1,10,,63742,1775,,,1,10,,63724,1775,,,1,9,,63737,1775,,,1,51,,63754,1775,,,1,9,,63761,1775,,,1,10,,63763,1775,,,1,10,,63753,1775,,,1,10,,63769,1775,,,1,15,,63744,1775,,,1,55,,63772,1775,,,1,15,,63726,1775,,,1,15,,63739,1775,,,1,15,,63773,1775,,,1,60,,63770,1775,,,1,27,,63777,1775,,,1,70,,63741,1775,,,1,30,,63745,1775,,,1,70,,63746,1775,,,1,30,,63725,1775,,,1,70,,63778,1775,,,1,30,,63740,1775,,,1,70,,63743,1775,,,1,100,,63747,1775,,,1,100,,63775,1775,,,1
