800,'DI',559,,53345,5648,,,1,72,,53319,5648,,,1,70,,53327,5648,,,1,30,,53333,5648,,,1,70,,53346,5648,,,1,30,,53320,5648,,,1,72,,53328,5648,,,1,30,,53334,5648,,,1,70,,53347,5648,,,1,30,,53321,5648,,,1,70,,53329,5648,,,1,30,,53335,5648,,,1,71,,53348,5648,,,1,30,,53322,5648,,,1,70,,53330,5648,,,1,30,,53342,5648,,,1,70,,53349,5648,,,1,30,,53343,5648,,,1,70,,53331,5648,,,1,30,,53336,5648,,,1,70,,53350,5648,,,1,30,,53344,5648,,,1,69,,53332,5648,,,1,30,,53337,5648,,,1,72,,53351,5648,,,1,43,,53323,5648,,,1,100,,53338,5648,,,1,100,,53324,5648,,,1,99,,53339,5648,,,1,100,,53325,5648,,,1,100,,53340,5648,,,1,100,,53326,5648,,,1,100,,53341,5648,,,1
800,'F1',559,,53378,5648,,,1,72,,53352,5648,,,1,70,,53360,5648,,,1,30,,53366,5648,,,1,70,,53379,5648,,,1,30,,53353,5648,,,1,72,,53361,5648,,,1,30,,53367,5648,,,1,70,,53380,5648,,,1,30,,53354,5648,,,1,70,,53362,5648,,,1,30,,53368,5648,,,1,71,,53381,5648,,,1,30,,53355,5648,,,1,70,,53363,5648,,,1,30,,53375,5648,,,1,70,,53382,5648,,,1,30,,53376,5648,,,1,70,,53364,5648,,,1,30,,53369,5648,,,1,70,,53383,5648,,,1,30,,53377,5648,,,1,69,,53365,5648,,,1,30,,53370,5648,,,1,72,,53384,5648,,,1,43,,53356,5648,,,1,100,,53371,5648,,,1,100,,53357,5648,,,1,99,,53372,5648,,,1,100,,53358,5648,,,1,100,,53373,5648,,,1,100,,53359,5648,,,1,100,,53374,5648,,,1
800,'F2',559,,53405,5648,,,1,70,,53389,5648,,,1,72,,53393,5648,,,1,30,,53400,5648,,,1,71,,53406,5648,,,1,30,,53390,5648,,,1,70,,53394,5648,,,1,31,,53401,5648,,,1,70,,53407,5648,,,1,30,,53391,5648,,,1,70,,53395,5648,,,1,30,,53402,5648,,,1,68,,53408,5648,,,1,32,,53392,5648,,,1,70,,53396,5648,,,1,30,,53403,5648,,,1,70,,53409,5648,,,1,30,,44107,5648,,,1,70,,53397,5648,,,1,30,,53415,5648,,,1,70,,53410,5648,,,1,30,,44108,5648,,,1,70,,53398,5648,,,1,30,,53416,5648,,,1,72,,53411,5648,,,1,28,,53385,5648,,,1,70,,53399,5648,,,1,46,,53412,5648,,,1,98,,53386,5648,,,1,100,,53413,5648,,,1,100,,53387,5648,,,1,100,,53414,5648,,,1,100,,53388,5648,,,1,100,,53404,5648,,,1
800,'SA',559,,53437,5648,,,1,70,,53421,5648,,,1,72,,53425,5648,,,1,30,,53432,5648,,,1,71,,53438,5648,,,1,30,,53422,5648,,,1,70,,53426,5648,,,1,31,,53433,5648,,,1,70,,53439,5648,,,1,30,,53423,5648,,,1,70,,53427,5648,,,1,30,,53434,5648,,,1,68,,53440,5648,,,1,32,,53424,5648,,,1,70,,53428,5648,,,1,30,,53435,5648,,,1,70,,53441,5648,,,1,30,,2660,5648,,,1,70,,53429,5648,,,1,30,,53447,5648,,,1,70,,53442,5648,,,1,30,,2661,5648,,,1,70,,53430,5648,,,1,30,,53448,5648,,,1,72,,53443,5648,,,1,28,,53417,5648,,,1,70,,53431,5648,,,1,46,,53444,5648,,,1,98,,53418,5648,,,1,100,,53445,5648,,,1,100,,53419,5648,,,1,100,,53446,5648,,,1,100,,53420,5648,,,1,100,,53436,5648,,,1
800,'SE',502,,44153,5648,,,1,28,,53469,5648,,,1,22,,53461,5648,,,1,81,,53449,5648,,,1,70,,44154,5648,,,1,21,,53470,5648,,,1,19,,53451,5648,,,1,13,,53485,5648,,,1,55,,53452,5648,,,1,15,,53481,5648,,,1,15,,53475,5648,,,1,17,,53488,5648,,,1,55,,44124,5648,,,1,15,,53471,5648,,,1,15,,53462,5648,,,1,15,,53486,5648,,,1,55,,53453,5648,,,1,15,,53482,5648,,,1,15,,53476,5648,,,1,15,,53489,5648,,,1,55,,53450,5648,,,1,17,,53457,5648,,,1,15,,53472,5648,,,1,55,,53466,5648,,,1,15,,53487,5648,,,1,15,,53505,5648,,,1,15,,53483,5648,,,1,55,,53479,5648,,,1,15,,53490,5648,,,1,15,,53492,5648,,,1,15,,53507,5648,,,1,55,,53495,5648,,,1,15,,53467,5648,,,1,16,,53454,5648,,,1,15,,53506,5648,,,1,54,,53477,5648,,,1,14,,53460,5648,,,1,4,,53491,5648,,,1,13,,53498,5648,,,1,15,,53493,5648,,,1,55,,53458,5648,,,1,15,,53478,5648,,,1,15,,53496,5648,,,1,12,,53468,5648,,,1,12,,53511,5648,,,1,53,,53484,5648,,,1,11,,53459,5648,,,1,12,,53503,5648,,,1,12,,53508,5648,,,1,11,,53499,5648,,,1,52,,53494,5648,,,1,12,,53504,5648,,,1,12,,53480,5648,,,1,10,,53473,5648,,,1,10,,53497,5648,,,1,60,,53500,5648,,,1,27,,53509,5648,,,1,68,,53512,5648,,,1,30,,53474,5648,,,1,68,,53501,5648,,,1,30,,53510,5648,,,1,70,,53513,5648,,,1,45,,53463,5648,,,1,100,,53502,5648,,,1,98,,53464,5648,,,1,100,,53465,5648,,,1
2800,'DI',855,,56189,5648,0,32 33,1,101,,56184,5648,0,32 33,1,100,,56188,5648,0,32 33,1,100,,56185,5648,0,32 33,1,100,,56187,5648,0,32 33,1,100,,56183,5648,0,32 33,1,100,,56186,5648,0,32 33,1,101,,56182,5648,0,32 33,1,99,,56190,5648,0,32 33,1,100,,56191,5648,0,32 33,1
2800,'F1',855,,56199,5648,0,32 33,1,101,,56194,5648,0,32 33,1,100,,56198,5648,0,32 33,1,100,,56195,5648,0,32 33,1,100,,56197,5648,0,32 33,1,100,,56193,5648,0,32 33,1,100,,56196,5648,0,32 33,1,101,,56192,5648,0,32 33,1,99,,56200,5648,0,32 33,1,100,,56201,5648,0,32 33,1
2800,'F2',857,,56207,5648,0,32 33,1,99,,56205,5648,0,32 33,1,103,,56202,5648,0,32 33,1,97,,56208,5648,0,32 33,1,101,,45930,5648,0,32 33,1,100,,56210,5648,0,32 33,1,99,,56204,5648,0,32 33,1,103,,56203,5648,0,32 33,1,99,,56206,5648,0,32 33,1,98,,56209,5648,0,32 33,1
2800,'SA',857,,56216,5648,0,32 33,1,99,,56214,5648,0,32 33,1,103,,56211,5648,0,32 33,1,97,,56217,5648,0,32 33,1,101,,6923,5648,0,32 33,1,100,,56219,5648,0,32 33,1,99,,56213,5648,0,32 33,1,103,,56212,5648,0,32 33,1,99,,56215,5648,0,32 33,1,98,,56218,5648,0,32 33,1
2800,'SE',621,,56256,5648,0,32 33,1,86,,56253,5648,0,32 33,1,22,,56259,5648,0,32 33,1,3,,56252,5648,0,32 33,1,16,,56233,5648,0,32 33,1,53,,56240,5648,0,32 33,1,15,,56258,5648,0,32 33,1,15,,56220,5648,0,32 33,1,14,,56222,5648,0,32 33,1,58,,56221,5648,0,32 33,1,30,,56236,5648,0,32 33,1,70,,56241,5648,0,32 33,1,30,,56232,5648,0,32 33,1,70,,56223,5648,0,32 33,1,32,,56242,5648,0,32 33,1,70,,56226,5648,0,32 33,1,30,,56224,5648,0,32 33,1,70,,56243,5648,0,32 33,1,30,,56227,5648,0,32 33,1,70,,56225,5648,0,32 33,1,30,,56238,5648,0,32 33,1,71,,56254,5648,0,32 33,1,16,,56244,5648,0,32 33,1,14,,56229,5648,0,32 33,1,15,,56246,5648,0,32 33,1,55,,56257,5648,0,32 33,1,15,,56228,5648,0,32 33,1,14,,56231,5648,0,32 33,1,12,,56255,5648,0,32 33,1,12,,56245,5648,0,32 33,1,52,,56230,5648,0,32 33,1,12,,56235,5648,0,32 33,1,12,,56247,5648,0,32 33,1,12,,56239,5648,0,32 33,1,11,,45957,5648,0,32 33,1,52,,56249,5648,0,32 33,1,12,,56250,5648,0,32 33,1,13,,56248,5648,0,32 33,1,95,,56234,5648,0,32 33,1,98,,56251,5648,0,32 33,1,98,,56237,5648,0,32 33,1
8800,'DI',716,,60913,5648,,,1,30,,60910,5648,,,1,70,,60920,5648,,,1,30,,60927,5648,,,1,70,,60914,5648,,,1,30,,60911,5648,,,1,72,,60921,5648,,,1,30,,60928,5648,,,1,70,,60917,5648,,,1,30,,60912,5648,,,1,70,,60922,5648,,,1,30,,60926,5648,,,1,70,,60929,5648,,,1,30,,60909,5648,,,1,70,,60923,5648,,,1,30,,60907,5648,,,1,70,,60930,5648,,,1,30,,60918,5648,,,1,70,,60924,5648,,,1,30,,60908,5648,,,1,70,,60931,5648,,,1,30,,60919,5648,,,1,70,,60925,5648,,,1,100,,60933,5648,,,1,100,,60932,5648,,,1,100,,60934,5648,,,1,100,,60915,5648,,,1,97,,60935,5648,,,1,100,,60916,5648,,,1,100,,60906,5648,,,1
8800,'F1',716,,60943,5648,,,1,30,,60940,5648,,,1,70,,60950,5648,,,1,30,,60957,5648,,,1,70,,60944,5648,,,1,30,,60941,5648,,,1,72,,60951,5648,,,1,30,,60958,5648,,,1,70,,60947,5648,,,1,30,,60942,5648,,,1,70,,60952,5648,,,1,30,,60956,5648,,,1,70,,60959,5648,,,1,30,,60939,5648,,,1,70,,60953,5648,,,1,30,,60937,5648,,,1,70,,60960,5648,,,1,30,,60948,5648,,,1,70,,60954,5648,,,1,30,,60938,5648,,,1,70,,60961,5648,,,1,30,,60949,5648,,,1,70,,60955,5648,,,1,100,,60963,5648,,,1,100,,60962,5648,,,1,100,,60964,5648,,,1,100,,60945,5648,,,1,97,,60965,5648,,,1,100,,60946,5648,,,1,100,,60936,5648,,,1
8800,'F2',716,,60972,5648,,,1,30,,60978,5648,,,1,71,,60985,5648,,,1,30,,60987,5648,,,1,71,,60973,5648,,,1,30,,60979,5648,,,1,70,,60986,5648,,,1,30,,60988,5648,,,1,70,,60974,5648,,,1,30,,60980,5648,,,1,70,,60992,5648,,,1,30,,60989,5648,,,1,70,,60975,5648,,,1,30,,60981,5648,,,1,70,,60995,5648,,,1,30,,60967,5648,,,1,70,,60976,5648,,,1,30,,60970,5648,,,1,70,,60996,5648,,,1,30,,60968,5648,,,1,71,,60991,5648,,,1,29,,60971,5648,,,1,71,,60993,5648,,,1,29,,60969,5648,,,1,70,,60982,5648,,,1,100,,60994,5648,,,1,99,,60983,5648,,,1,99,,60990,5648,,,1,100,,60984,5648,,,1,100,,60966,5648,,,1,100,,60977,5648,,,1
8800,'SA',716,,61003,5648,,,1,30,,61009,5648,,,1,71,,61016,5648,,,1,30,,61018,5648,,,1,71,,61004,5648,,,1,30,,61010,5648,,,1,70,,61017,5648,,,1,30,,61019,5648,,,1,70,,61005,5648,,,1,30,,61011,5648,,,1,70,,61023,5648,,,1,30,,61020,5648,,,1,70,,61006,5648,,,1,30,,61012,5648,,,1,70,,61026,5648,,,1,30,,60998,5648,,,1,70,,61007,5648,,,1,30,,61001,5648,,,1,70,,61027,5648,,,1,30,,60999,5648,,,1,71,,61022,5648,,,1,29,,61002,5648,,,1,71,,61024,5648,,,1,29,,61000,5648,,,1,70,,61013,5648,,,1,100,,61025,5648,,,1,99,,61014,5648,,,1,99,,61021,5648,,,1,100,,61015,5648,,,1,100,,60997,5648,,,1,100,,61008,5648,,,1
8800,'SE',716,,61071,5648,,,1,21,,61070,5648,,,1,15,,61042,5648,,,1,54,,61045,5648,,,1,15,,61046,5648,,,1,15,,61047,5648,,,1,15,,61034,5648,,,1,69,,61030,5648,,,1,30,,61059,5648,,,1,70,,61069,5648,,,1,30,,61031,5648,,,1,72,,61066,5648,,,1,30,,61067,5648,,,1,70,,61028,5648,,,1,30,,61062,5648,,,1,70,,61068,5648,,,1,30,,61060,5648,,,1,71,,61064,5648,,,1,30,,61063,5648,,,1,57,,61043,5648,,,1,16,,61074,5648,,,1,15,,61035,5648,,,1,15,,61072,5648,,,1,55,,61049,5648,,,1,15,,61061,5648,,,1,13,,61065,5648,,,1,12,,61029,5648,,,1,52,,61073,5648,,,1,12,,61054,5648,,,1,13,,61044,5648,,,1,11,,61036,5648,,,1,11,,61075,5648,,,1,52,,61037,5648,,,1,12,,61039,5648,,,1,12,,61050,5648,,,1,19,,61038,5648,,,1,55,,61076,5648,,,1,22,,61055,5648,,,1,28,,61040,5648,,,1,70,,61051,5648,,,1,28,,61077,5648,,,1,70,,61056,5648,,,1,30,,61041,5648,,,1,70,,61052,5648,,,1,100,,61057,5648,,,1,99,,61053,5648,,,1,99,,61058,5648,,,1
