100,'DI',651,,51776,1535,0,14,1,100,,51777,1535,0,14,1,100,,51771,1535,0,14,1,100,,51772,1535,0,14,1,100,,51773,1535,0,14,1,100,,51774,1535,0,14,1,100,,51775,1535,0,14,1,100,,51780,1535,0,14,1,100,,51779,1535,0,14,1,98,,51760,1535,0,14,1,100,,51761,1535,0,14,1,100,,51762,1535,0,14,1,100,,51763,1535,0,14,1,100,,51764,1535,0,14,1,100,,51765,1535,0,14,1,100,,51766,1535,0,14,1,100,,51767,1535,0,14,1,100,,51768,1535,0,14,1,100,,51769,1535,0,14,1,100,,51770,1535,0,14,1
100,'F1',651,,51797,1535,0,14,1,100,,51798,1535,0,14,1,100,,51792,1535,0,14,1,100,,51793,1535,0,14,1,100,,51794,1535,0,14,1,100,,51795,1535,0,14,1,100,,51796,1535,0,14,1,100,,51801,1535,0,14,1,100,,51800,1535,0,14,1,98,,51781,1535,0,14,1,100,,51782,1535,0,14,1,100,,51783,1535,0,14,1,100,,51784,1535,0,14,1,100,,51785,1535,0,14,1,100,,51786,1535,0,14,1,100,,51787,1535,0,14,1,100,,51788,1535,0,14,1,100,,51789,1535,0,14,1,100,,51790,1535,0,14,1,100,,51791,1535,0,14,1
100,'F2',621,,51802,1535,0,14,1,30,,43028,1535,0,14,1,70,,51803,1535,0,14,1,30,,43029,1535,0,14,1,70,,51804,1535,0,14,1,30,,43030,1535,0,14,1,70,,51815,1535,0,14,1,30,,43031,1535,0,14,1,70,,51816,1535,0,14,1,30,,43032,1535,0,14,1,70,,51805,1535,0,14,1,30,,51817,1535,0,14,1,70,,51822,1535,0,14,1,30,,51828,1535,0,14,1,70,,51823,1535,0,14,1,30,,51829,1535,0,14,1,70,,51824,1535,0,14,1,30,,51830,1535,0,14,1,68,,51818,1535,0,14,1,30,,51825,1535,0,14,1,70,,51819,1535,0,14,1,30,,51826,1535,0,14,1,70,,51820,1535,0,14,1,30,,51827,1535,0,14,1,70,,51821,1535,0,14,1,30,,51807,1535,0,14,1,100,,51808,1535,0,14,1,100,,51809,1535,0,14,1,100,,51810,1535,0,14,1,100,,51811,1535,0,14,1,100,,51812,1535,0,14,1,100,,51813,1535,0,14,1,100,,51814,1535,0,14,1
100,'SA',621,,51831,1535,0,14,1,30,,20314,1535,0,14,1,70,,51832,1535,0,14,1,30,,20315,1535,0,14,1,70,,51833,1535,0,14,1,30,,20316,1535,0,14,1,70,,51844,1535,0,14,1,30,,20317,1535,0,14,1,70,,51845,1535,0,14,1,30,,20318,1535,0,14,1,70,,51834,1535,0,14,1,30,,51846,1535,0,14,1,70,,51851,1535,0,14,1,30,,51857,1535,0,14,1,70,,51852,1535,0,14,1,30,,51858,1535,0,14,1,70,,51853,1535,0,14,1,30,,51859,1535,0,14,1,68,,51847,1535,0,14,1,30,,51854,1535,0,14,1,70,,51848,1535,0,14,1,30,,51855,1535,0,14,1,70,,51849,1535,0,14,1,30,,51856,1535,0,14,1,70,,51850,1535,0,14,1,30,,51836,1535,0,14,1,100,,51837,1535,0,14,1,100,,51838,1535,0,14,1,100,,51839,1535,0,14,1,100,,51840,1535,0,14,1,100,,51841,1535,0,14,1,100,,51842,1535,0,14,1,100,,51843,1535,0,14,1
100,'SE',544,,51860,1535,0,14,1,76,,51906,1535,0,14,1,29,,51861,1535,0,14,1,75,,51903,1535,0,14,1,26,,51862,1535,0,14,1,75,,51909,1535,0,14,1,80,,51875,1535,0,14,1,31,,51904,1535,0,14,1,70,,51892,1535,0,14,1,30,,51890,1535,0,14,1,70,,51910,1535,0,14,1,30,,51899,1535,0,14,1,70,,51907,1535,0,14,1,30,,51881,1535,0,14,1,70,,51876,1535,0,14,1,30,,51893,1535,0,14,1,70,,51891,1535,0,14,1,30,,51877,1535,0,14,1,70,,51895,1535,0,14,1,18,,51897,1535,0,14,1,21,,51865,1535,0,14,1,55,,51872,1535,0,14,1,19,,51888,1535,0,14,1,12,,51879,1535,0,14,1,20,,51883,1535,0,14,1,52,,51874,1535,0,14,1,13,,51873,1535,0,14,1,15,,51905,1535,0,14,1,14,,51880,1535,0,14,1,55,,51908,1535,0,14,1,15,,51884,1535,0,14,1,20,,51896,1535,0,14,1,70,,51889,1535,0,14,1,30,,51902,1535,0,14,1,70,,51894,1535,0,14,1,30,,51866,1535,0,14,1,70,,51898,1535,0,14,1,30,,51867,1535,0,14,1,100,,51868,1535,0,14,1,100,,51869,1535,0,14,1,100,,51870,1535,0,14,1,99,,51871,1535,0,14,1
7100,'DI',604,,58714,1749,,,2,30,,58711,1749,,,2,70,,58707,1749,,,2,30,,58717,1749,,,2,71,,58715,1749,,,2,29,,58723,1749,,,2,70,,58718,1749,,,2,30,,58719,1749,,,2,70,,58708,1749,,,2,30,,58720,1749,,,2,70,,58709,1749,,,2,30,,58721,1749,,,2,70,,58724,1749,,,2,30,,58722,1749,,,2,70,,58730,1749,,,2,30,,58725,1749,,,2,70,,58731,1749,,,2,30,,58726,1749,,,2,70,,58732,1749,,,2,30,,58727,1749,,,2,70,,58712,1749,,,2,30,,58728,1749,,,2,68,,58713,1749,,,2,36,,58703,1749,,,2,66,,58729,1749,,,2,32,,58704,1749,,,2,98,,58705,1749,,,2,100,,58706,1749,,,2,100,,58710,1749,,,2,100,,58701,1749,,,2,100,,58702,1749,,,2,100,,58716,1749,,,2
7100,'F1',604,,58746,1749,,,2,30,,58743,1749,,,2,70,,58739,1749,,,2,30,,58749,1749,,,2,71,,58747,1749,,,2,29,,58755,1749,,,2,70,,58750,1749,,,2,30,,58751,1749,,,2,70,,58740,1749,,,2,30,,58752,1749,,,2,70,,58741,1749,,,2,30,,58753,1749,,,2,70,,58756,1749,,,2,30,,58754,1749,,,2,70,,58762,1749,,,2,30,,58757,1749,,,2,70,,58763,1749,,,2,30,,58758,1749,,,2,70,,58764,1749,,,2,30,,58759,1749,,,2,70,,58744,1749,,,2,30,,58760,1749,,,2,68,,58745,1749,,,2,36,,58735,1749,,,2,66,,58761,1749,,,2,32,,58736,1749,,,2,98,,58737,1749,,,2,100,,58738,1749,,,2,100,,58742,1749,,,2,100,,58733,1749,,,2,100,,58734,1749,,,2,100,,58748,1749,,,2
7100,'F2',604,,58784,1749,,,2,30,,58780,1749,,,2,70,,58766,1749,,,2,30,,58785,1749,,,2,71,,58776,1749,,,2,29,,58786,1749,,,2,70,,58774,1749,,,2,30,,58787,1749,,,2,70,,58783,1749,,,2,30,,58788,1749,,,2,70,,58775,1749,,,2,30,,58789,1749,,,2,70,,58779,1749,,,2,30,,58769,1749,,,2,70,,58790,1749,,,2,30,,58770,1749,,,2,70,,58791,1749,,,2,30,,58771,1749,,,2,70,,58792,1749,,,2,30,,58772,1749,,,2,70,,58793,1749,,,2,28,,58773,1749,,,2,70,,58794,1749,,,2,36,,58781,1749,,,2,66,,58795,1749,,,2,32,,58782,1749,,,2,98,,58777,1749,,,2,100,,58778,1749,,,2,100,,58765,1749,,,2,100,,58767,1749,,,2,100,,58768,1749,,,2,100,,58796,1749,,,2,100,,58797,1749,,,2
7100,'SA',604,,58817,1749,,,2,30,,58813,1749,,,2,70,,58799,1749,,,2,30,,58818,1749,,,2,71,,58809,1749,,,2,29,,58819,1749,,,2,70,,58807,1749,,,2,30,,58820,1749,,,2,70,,58816,1749,,,2,30,,58821,1749,,,2,70,,58808,1749,,,2,30,,58822,1749,,,2,70,,58812,1749,,,2,30,,58802,1749,,,2,70,,58823,1749,,,2,30,,58803,1749,,,2,70,,58824,1749,,,2,30,,58804,1749,,,2,70,,58825,1749,,,2,30,,58805,1749,,,2,70,,58826,1749,,,2,28,,58806,1749,,,2,70,,58827,1749,,,2,36,,58814,1749,,,2,66,,58828,1749,,,2,32,,58815,1749,,,2,98,,58810,1749,,,2,100,,58811,1749,,,2,100,,58798,1749,,,2,100,,58800,1749,,,2,100,,58801,1749,,,2,100,,58829,1749,,,2,100,,58830,1749,,,2
7100,'SE',525,,58836,1749,,,2,100,,58837,1749,,,2,77,,58846,1749,,,2,36,,58833,1749,,,2,93,,58834,1749,,,2,70,,58853,1749,,,2,30,,58847,1749,,,2,70,,58854,1749,,,2,30,,58848,1749,,,2,70,,58855,1749,,,2,30,,58849,1749,,,2,70,,58856,1749,,,2,28,,58850,1749,,,2,30,,58857,1749,,,2,70,,58851,1749,,,2,30,,58858,1749,,,2,70,,58852,1749,,,2,30,,58870,1749,,,2,70,,58838,1749,,,2,30,,58832,1749,,,2,63,,58859,1749,,,2,22,,58860,1749,,,2,60,,58866,1749,,,2,19,,58835,1749,,,2,19,,58867,1749,,,2,62,,58831,1749,,,2,30,,58839,1749,,,2,70,,58861,1749,,,2,30,,58840,1749,,,2,70,,58862,1749,,,2,30,,58841,1749,,,2,70,,58863,1749,,,2,30,,58842,1749,,,2,70,,58864,1749,,,2,30,,58843,1749,,,2,70,,58865,1749,,,2,30,,58844,1749,,,2,70,,58868,1749,,,2,30,,58845,1749,,,2,70,,58869,1749,,,2
44200,'SE',1610,,63038,1593,0,15,2,100,,63037,1593,0,15,2
50100,'SE',1452,,63418,1535,,,2,184,,63417,1535,,,2
55400,'SE',909,,63468,1535,,,2
61301,'SE',913,,63496,9065,4,,2
61801,'SE',901,,63500,9990,,,2
