1301,'DI',630,,54120,4101,,,1,100,,54114,4101,,,1,100,,54121,4101,,,1,100,,54117,4101,,,1,100,,54131,4101,,,1,100,,54122,4101,,,1,100,,54118,4101,,,1,100,,54125,4101,,,1,100,,54132,4101,,,1,100,,54123,4101,,,1,100,,54115,4101,,,1,100,,54130,4101,,,1,100,,54127,4101,,,1,100,,54116,4101,,,1,100,,54119,4101,,,1,100,,54128,4101,,,1,100,,54126,4101,,,1,100,,54124,4101,,,1,100,,54133,4101,,,1,100,,54129,4101,,,1
1301,'F1',630,,54140,4101,,,1,100,,54134,4101,,,1,100,,54141,4101,,,1,100,,54137,4101,,,1,100,,54151,4101,,,1,100,,54142,4101,,,1,100,,54138,4101,,,1,100,,54145,4101,,,1,100,,54152,4101,,,1,100,,54143,4101,,,1,100,,54135,4101,,,1,100,,54150,4101,,,1,100,,54147,4101,,,1,100,,54136,4101,,,1,100,,54139,4101,,,1,100,,54148,4101,,,1,100,,54146,4101,,,1,100,,54144,4101,,,1,100,,54153,4101,,,1,100,,54149,4101,,,1
1301,'F2',630,,54154,4101,,,1,100,,54164,4101,,,1,100,,54155,4101,,,1,100,,54165,4101,,,1,100,,54166,4101,,,1,100,,54172,4101,,,1,100,,54167,4101,,,1,100,,54158,4101,,,1,100,,54160,4101,,,1,100,,54173,4101,,,1,100,,54157,4101,,,1,100,,54168,4101,,,1,100,,54161,4101,,,1,100,,54156,4101,,,1,100,,54159,4101,,,1,100,,54169,4101,,,1,100,,54162,4101,,,1,100,,54170,4101,,,1,100,,54163,4101,,,1,100,,54171,4101,,,1
1301,'SA',630,,54174,4101,,,1,100,,54184,4101,,,1,100,,54175,4101,,,1,100,,54185,4101,,,1,100,,54186,4101,,,1,100,,54192,4101,,,1,100,,54187,4101,,,1,100,,54178,4101,,,1,100,,54180,4101,,,1,100,,54193,4101,,,1,100,,54177,4101,,,1,100,,54188,4101,,,1,100,,54181,4101,,,1,100,,54176,4101,,,1,100,,54179,4101,,,1,100,,54189,4101,,,1,100,,54182,4101,,,1,100,,54190,4101,,,1,100,,54183,4101,,,1,100,,54191,4101,,,1
1301,'SE',536,,54207,4101,,,1,72,,54199,4101,,,1,30,,54200,4101,,,1,17,,54204,4101,,,1,54,,44597,4101,,,1,13,,54212,4101,,,1,14,,54196,4101,,,1,20,,54210,4101,,,1,54,,54217,4101,,,1,13,,44598,4101,,,1,15,,54226,4101,,,1,15,,54213,4101,,,1,60,,54221,4101,,,1,29,,54233,4101,,,1,70,,54194,4101,,,1,30,,54231,4101,,,1,70,,54215,4101,,,1,30,,54216,4101,,,1,70,,54222,4101,,,1,31,,54208,4101,,,1,70,,54234,4101,,,1,30,,54195,4101,,,1,70,,54232,4101,,,1,30,,54223,4101,,,1,69,,54218,4101,,,1,34,,54203,4101,,,1,69,,54209,4101,,,1,27,,54197,4101,,,1,15,,54229,4101,,,1,60,,54211,4101,,,1,22,,54227,4101,,,1,18,,54201,4101,,,1,60,,54205,4101,,,1,29,,54228,4101,,,1,69,,54219,4101,,,1,30,,54230,4101,,,1,70,,54198,4101,,,1,30,,54224,4101,,,1,70,,54225,4101,,,1,30,,54214,4101,,,1,100,,54220,4101,,,1,100,,54202,4101,,,1,100,,54206,4101,,,1,98,,44602,4101,,,1
3701,'SE',633,,57033,1741,,,2,70,,57034,1741,,,2,30,,57036,1741,,,2,70,,57035,1741,,,2,30,,57037,1741,,,2
52600,'SE',1643,,63430,8710,,,2,1,,63431,8710,,,2
61301,'SE',853,,63496,3089,,,2
61801,'SE',844,,63500,4014,,,2
65000,'SE',1623,,63515,5093,,,2
65001,'SE',844,,63516,7791,,,2
69501,'SE',837,,63589,982,,,2,1,,63590,982,,,2
