2901,'DI',657,,28112,328,,,1,100,,28113,328,,,1,100,,28114,328,,,1,100,,28115,328,,,1,100,,28116,328,,,1,100,,28117,328,,,1,100,,28118,328,,,1,100,,28119,328,,,1,100,,28120,328,,,1,100,,28121,328,,,1,100,,28122,328,,,1,100,,28123,328,,,1,100,,28124,328,,,1,100,,28125,328,,,1,100,,28126,328,,,1,100,,28127,328,,,1,100,,28128,328,,,1,160,,28129,328,,,1,100,,28130,328,,,1
2901,'F1',657,,46101,328,,,1,100,,46102,328,,,1,100,,46103,328,,,1,100,,46104,328,,,1,100,,46105,328,,,1,100,,46106,328,,,1,100,,46107,328,,,1,100,,46108,328,,,1,100,,46109,328,,,1,100,,46110,328,,,1,100,,46111,328,,,1,100,,46112,328,,,1,100,,46113,328,,,1,100,,46114,328,,,1,100,,46115,328,,,1,100,,46116,328,,,1,100,,46117,328,,,1,160,,46118,328,,,1,100,,46119,328,,,1
2901,'F2',657,,46133,328,,,1,100,,46134,328,,,1,100,,46135,328,,,1,100,,46136,328,,,1,100,,46137,328,,,1,100,,46138,328,,,1,100,,46120,328,,,1,100,,46121,328,,,1,99,,46122,328,,,1,99,,46123,328,,,1,99,,46124,328,,,1,148,,46125,328,,,1,99,,46126,328,,,1,57,,46127,328,,,1,99,,46128,328,,,1,100,,46129,328,,,1,100,,46130,328,,,1,160,,46131,328,,,1,100,,46132,328,,,1
2901,'F8',657,,28210,328,,,1,100,,28211,328,,,1,100,,28212,328,,,1,100,,28213,328,,,1,100,,28214,328,,,1,100,,28215,328,,,1,100,,28197,328,,,1,100,,28198,328,,,1,99,,28199,328,,,1,99,,28200,328,,,1,99,,28201,328,,,1,148,,28202,328,,,1,99,,28203,328,,,1,57,,28204,328,,,1,99,,28205,328,,,1,100,,28206,328,,,1,100,,28207,328,,,1,160,,28208,328,,,1,100,,28209,328,,,1
2901,'F9',657,,28216,328,,,1,100,,28217,328,,,1,100,,28218,328,,,1,100,,28219,328,,,1,100,,28220,328,,,1,100,,28221,328,,,1,100,,28222,328,,,1,100,,28223,328,,,1,100,,28224,328,,,1,100,,28225,328,,,1,100,,28226,328,,,1,100,,28227,328,,,1,100,,28228,328,,,1,100,,28229,328,,,1,100,,28230,328,,,1,100,,28231,328,,,1,100,,28232,328,,,1,160,,28233,328,,,1,100,,28234,328,,,1
2901,'SA',657,,28248,328,,,1,100,,28249,328,,,1,100,,28250,328,,,1,100,,28251,328,,,1,100,,28252,328,,,1,100,,28253,328,,,1,100,,28235,328,,,1,100,,28236,328,,,1,99,,28237,328,,,1,99,,28238,328,,,1,99,,28239,328,,,1,148,,28240,328,,,1,99,,28241,328,,,1,57,,28242,328,,,1,99,,28243,328,,,1,100,,28244,328,,,1,100,,28245,328,,,1,160,,28246,328,,,1,100,,28247,328,,,1
2901,'SE',627,,46151,328,,,1,26,,46152,328,,,1,72,,46147,328,,,1,5,,46140,328,,,1,27,,46155,328,,,1,70,,46153,328,,,1,30,,46143,328,,,1,143,,46149,328,,,1,100,,46148,328,,,1,101,,46146,328,,,1,100,,46139,328,,,1,100,,46144,328,,,1,99,,46156,328,,,1,35,,46157,328,,,1,66,,46165,328,,,1,34,,46142,328,,,1,20,,46161,328,,,1,69,,46166,328,,,1,14,,46141,328,,,1,68,,46154,328,,,1,28,,46150,328,,,1,67,,46145,328,,,1,99,,46162,328,,,1,59,,46158,328,,,1,99,,46159,328,,,1,98,,46160,328,,,1,161,,46163,328,,,1,96,,46164,328,,,1
12301,'DI',512,,37798,328,,,1,100,,37808,328,,,1,100,,37799,328,,,1,100,,37809,328,,,1,100,,37800,328,,,1,100,,37810,328,,,1,100,,37801,328,,,1,100,,37811,328,,,1,100,,37802,328,,,1,100,,37812,328,,,1,100,,37803,328,,,1,100,,37813,328,,,1,100,,37804,328,,,1,100,,37814,328,,,1,100,,37805,328,,,1,100,,37815,328,,,1,100,,37806,328,,,1,100,,37816,328,,,1,100,,37807,328,,,1,100,,37817,328,,,1
12301,'F1',512,,49985,328,,,1,100,,49995,328,,,1,100,,49986,328,,,1,100,,49996,328,,,1,100,,49987,328,,,1,100,,49997,328,,,1,100,,49988,328,,,1,100,,49998,328,,,1,100,,49989,328,,,1,100,,49999,328,,,1,100,,49990,328,,,1,100,,50000,328,,,1,100,,49991,328,,,1,100,,50001,328,,,1,100,,49992,328,,,1,100,,50002,328,,,1,100,,49993,328,,,1,100,,50003,328,,,1,100,,49994,328,,,1,100,,50004,328,,,1
12301,'F2',512,,50007,328,,,1,100,,50005,328,,,1,100,,50008,328,,,1,100,,50006,328,,,1,100,,50009,328,,,1,100,,50017,328,,,1,100,,50010,328,,,1,100,,50018,328,,,1,100,,50011,328,,,1,100,,50019,328,,,1,100,,50012,328,,,1,100,,50020,328,,,1,100,,50013,328,,,1,100,,50021,328,,,1,100,,50014,328,,,1,100,,50022,328,,,1,100,,50015,328,,,1,100,,50023,328,,,1,100,,50016,328,,,1,100,,50024,328,,,1
12301,'F8',512,,37897,328,,,1,100,,37895,328,,,1,100,,37898,328,,,1,100,,37896,328,,,1,100,,37899,328,,,1,100,,37907,328,,,1,100,,37900,328,,,1,100,,37908,328,,,1,100,,37901,328,,,1,100,,37909,328,,,1,100,,37902,328,,,1,100,,37910,328,,,1,100,,37903,328,,,1,100,,37911,328,,,1,100,,37904,328,,,1,100,,37912,328,,,1,100,,37905,328,,,1,100,,37913,328,,,1,100,,37906,328,,,1,100,,37914,328,,,1
12301,'F9',512,,37915,328,,,1,100,,37925,328,,,1,100,,37916,328,,,1,100,,37926,328,,,1,100,,37917,328,,,1,100,,37927,328,,,1,100,,37918,328,,,1,100,,37928,328,,,1,100,,37919,328,,,1,100,,37929,328,,,1,100,,37920,328,,,1,100,,37930,328,,,1,100,,37921,328,,,1,100,,37931,328,,,1,100,,37922,328,,,1,100,,37932,328,,,1,100,,37923,328,,,1,100,,37933,328,,,1,100,,37924,328,,,1,100,,37934,328,,,1
12301,'SA',512,,37937,328,,,1,100,,37935,328,,,1,100,,37938,328,,,1,100,,37936,328,,,1,100,,37939,328,,,1,100,,37947,328,,,1,100,,37940,328,,,1,100,,37948,328,,,1,100,,37941,328,,,1,100,,37949,328,,,1,100,,37942,328,,,1,100,,37950,328,,,1,100,,37943,328,,,1,100,,37951,328,,,1,100,,37944,328,,,1,100,,37952,328,,,1,100,,37945,328,,,1,100,,37953,328,,,1,100,,37946,328,,,1,100,,37954,328,,,1
12301,'SE',457,,50041,328,,,1,70,,50044,328,,,1,20,,50029,328,,,1,60,,50028,328,,,1,15,,50030,328,,,1,25,,50031,328,,,1,70,,50026,328,,,1,30,,50027,328,,,1,70,,50025,328,,,1,30,,50048,328,,,1,70,,50042,328,,,1,96,,50034,328,,,1,100,,50046,328,,,1,100,,50036,328,,,1,100,,50043,328,,,1,100,,50061,328,,,1,11,,50035,328,,,1,23,,50049,328,,,1,60,,50053,328,,,1,15,,50045,328,,,1,19,,50055,328,,,1,6,,50037,328,,,1,55,,50040,328,,,1,10,,50059,328,,,1,6,,50051,328,,,1,24,,50060,328,,,1,70,,50050,328,,,1,31,,50033,328,,,1,71,,50038,328,,,1,26,,50052,328,,,1,74,,50047,328,,,1,28,,50039,328,,,1,70,,50056,328,,,1,98,,50032,328,,,1,100,,50057,328,,,1,100,,50054,328,,,1,120,,50058,328,,,1
