600,'DI',630,,22284,2175,,,1,70,,22276,2175,,,1,30,,22272,2175,,,1,71,,22283,2175,,,1,30,,22269,2175,,,1,70,,22261,2175,,,1,31,,22273,2175,,,1,70,,22280,2175,,,1,30,,22257,2175,,,1,69,,1973,2175,,,1,31,,22265,2175,,,1,69,,22258,2175,,,1,30,,22262,2175,,,1,74,,22268,2175,,,1,29,,22259,2175,,,1,70,,22270,2175,,,1,27,,22266,2175,,,1,73,,22263,2175,,,1,30,,22274,2175,,,1,69,,22285,2175,,,1,31,,22277,2175,,,1,67,,22275,2175,,,1,30,,22286,2175,,,1,70,,22278,2175,,,1,29,,22260,2175,,,1,71,,22267,2175,,,1,104,,22281,2175,,,1,100,,22271,2175,,,1,100,,22264,2175,,,1,100,,22256,2175,,,1,100,,22279,2175,,,1,100,,22282,2175,,,1
600,'F8',630,,22417,2175,,,1,71,,22406,2175,,,1,29,,22402,2175,,,1,70,,22399,2175,,,1,34,,22403,2175,,,1,66,,22407,2175,,,1,35,,22416,2175,,,1,23,,22404,2175,,,1,72,,22413,2175,,,1,29,,22400,2175,,,1,70,,22393,2175,,,1,77,,22401,2175,,,1,30,,22394,2175,,,1,67,,22386,2175,,,1,31,,22408,2175,,,1,67,,22395,2175,,,1,30,,22387,2175,,,1,70,,22409,2175,,,1,30,,22396,2175,,,1,70,,22388,2175,,,1,30,,22410,2175,,,1,70,,22397,2175,,,1,30,,22389,2175,,,1,70,,22411,2175,,,1,30,,22398,2175,,,1,70,,22414,2175,,,1,105,,22405,2175,,,1,100,,22390,2175,,,1,100,,22392,2175,,,1,100,,22415,2175,,,1,100,,22412,2175,,,1,100,,22391,2175,,,1
600,'F9',630,,22447,2175,,,1,70,,22439,2175,,,1,30,,22435,2175,,,1,71,,22446,2175,,,1,30,,22432,2175,,,1,70,,22423,2175,,,1,31,,22436,2175,,,1,70,,22443,2175,,,1,30,,22419,2175,,,1,69,,22424,2175,,,1,31,,22428,2175,,,1,69,,22420,2175,,,1,30,,22425,2175,,,1,74,,22431,2175,,,1,29,,22421,2175,,,1,70,,22433,2175,,,1,27,,22429,2175,,,1,73,,22426,2175,,,1,30,,22437,2175,,,1,69,,22448,2175,,,1,31,,22440,2175,,,1,67,,22438,2175,,,1,30,,22449,2175,,,1,70,,22441,2175,,,1,29,,22422,2175,,,1,71,,22430,2175,,,1,104,,22444,2175,,,1,100,,22434,2175,,,1,100,,22427,2175,,,1,100,,22418,2175,,,1,100,,22442,2175,,,1,100,,22445,2175,,,1
600,'SA',630,,22481,2175,,,1,71,,22470,2175,,,1,29,,22466,2175,,,1,70,,22463,2175,,,1,34,,22467,2175,,,1,66,,22471,2175,,,1,35,,22480,2175,,,1,23,,22468,2175,,,1,72,,22477,2175,,,1,29,,22464,2175,,,1,70,,22457,2175,,,1,77,,22465,2175,,,1,30,,22458,2175,,,1,67,,22450,2175,,,1,31,,22472,2175,,,1,67,,22459,2175,,,1,30,,22451,2175,,,1,70,,22473,2175,,,1,30,,22460,2175,,,1,70,,22452,2175,,,1,30,,22474,2175,,,1,70,,22461,2175,,,1,30,,22453,2175,,,1,70,,22475,2175,,,1,30,,22462,2175,,,1,70,,22478,2175,,,1,105,,22469,2175,,,1,100,,22454,2175,,,1,100,,22456,2175,,,1,100,,22479,2175,,,1,100,,22476,2175,,,1,100,,22455,2175,,,1
600,'SE',542,,22500,2175,,,1,70,,22483,2175,,,1,30,,22501,2175,,,1,70,,22507,2175,,,1,31,,22503,2175,,,1,67,,22514,2175,,,1,33,,22502,2175,,,1,69,,22486,2175,,,1,30,,22497,2175,,,1,70,,22496,2175,,,1,30,,22515,2175,,,1,70,,22505,2175,,,1,30,,22506,2175,,,1,70,,22512,2175,,,1,30,,22510,2175,,,1,70,,22494,2175,,,1,30,,22498,2175,,,1,71,,22493,2175,,,1,28,,22488,2175,,,1,72,,22504,2175,,,1,30,,22511,2175,,,1,69,,22509,2175,,,1,37,,22491,2175,,,1,65,,22495,2175,,,1,30,,22492,2175,,,1,69,,22482,2175,,,1,30,,22489,2175,,,1,70,,22508,2175,,,1,29,,22517,2175,,,1,70,,22485,2175,,,1,30,,22513,2175,,,1,70,,22490,2175,,,1,100,,22484,2175,,,1,100,,22516,2175,,,1,100,,22487,2175,,,1,100,,22499,2175,,,1
1300,'DI',654,,3422,2175,,,1,100,,23867,2175,,,1,100,,3423,2175,,,1,100,,23868,2175,,,1,100,,3424,2175,,,1,100,,23869,2175,,,1,100,,3425,2175,,,1,95,,23870,2175,,,1,105,,23878,2175,,,1,100,,23864,2175,,,1,100,,23871,2175,,,1,100,,23866,2175,,,1,100,,23872,2175,,,1,100,,23876,2175,,,1,100,,23874,2175,,,1,100,,23873,2175,,,1,100,,23865,2175,,,1,100,,23877,2175,,,1,100,,23875,2175,,,1
1300,'F8',654,,23961,2175,,,1,100,,23968,2175,,,1,100,,23962,2175,,,1,101,,23963,2175,,,1,99,,23969,2175,,,1,100,,23971,2175,,,1,100,,23964,2175,,,1,100,,23972,2175,,,1,100,,23965,2175,,,1,100,,23960,2175,,,1,100,,23975,2175,,,1,100,,23978,2175,,,1,100,,23966,2175,,,1,100,,23973,2175,,,1,100,,23970,2175,,,1,100,,23979,2175,,,1,100,,23976,2175,,,1,100,,23967,2175,,,1,100,,23977,2175,,,1,100,,23974,2175,,,1
1300,'F9',654,,23982,2175,,,1,100,,23987,2175,,,1,100,,23983,2175,,,1,100,,23988,2175,,,1,100,,23984,2175,,,1,100,,23989,2175,,,1,100,,23985,2175,,,1,95,,23990,2175,,,1,105,,23998,2175,,,1,100,,23980,2175,,,1,100,,23991,2175,,,1,100,,23986,2175,,,1,100,,23992,2175,,,1,100,,23996,2175,,,1,100,,23994,2175,,,1,100,,23993,2175,,,1,100,,23981,2175,,,1,100,,23997,2175,,,1,100,,23995,2175,,,1
1300,'SA',654,,24000,2175,,,1,100,,24007,2175,,,1,100,,24001,2175,,,1,101,,24002,2175,,,1,99,,24008,2175,,,1,100,,24010,2175,,,1,100,,24003,2175,,,1,100,,24011,2175,,,1,100,,24004,2175,,,1,100,,23999,2175,,,1,100,,24014,2175,,,1,100,,24017,2175,,,1,100,,24005,2175,,,1,100,,24012,2175,,,1,100,,24009,2175,,,1,100,,24018,2175,,,1,100,,24015,2175,,,1,100,,24006,2175,,,1,100,,24016,2175,,,1,100,,24013,2175,,,1
1300,'SE',558,,24033,2175,,,1,73,,24055,2175,,,1,26,,24049,2175,,,1,72,,24023,2175,,,1,15,,24041,2175,,,1,15,,24024,2175,,,1,55,,24036,2175,,,1,25,,24027,2175,,,1,65,,24019,2175,,,1,29,,24021,2175,,,1,70,,24031,2175,,,1,30,,24030,2175,,,1,70,,24025,2175,,,1,30,,24043,2175,,,1,70,,24022,2175,,,1,30,,24032,2175,,,1,70,,24051,2175,,,1,30,,24038,2175,,,1,70,,24044,2175,,,1,30,,24056,2175,,,1,71,,24053,2175,,,1,30,,24020,2175,,,1,20,,24046,2175,,,1,60,,24039,2175,,,1,15,,24040,2175,,,1,13,,24042,2175,,,1,10,,24059,2175,,,1,57,,24047,2175,,,1,20,,24037,2175,,,1,20,,24035,2175,,,1,60,,24034,2175,,,1,26,,24058,2175,,,1,70,,24026,2175,,,1,32,,24052,2175,,,1,70,,24054,2175,,,1,30,,24045,2175,,,1,70,,24057,2175,,,1,100,,24048,2175,,,1,100,,24050,2175,,,1,100,,24028,2175,,,1,103,,24029,2175,,,1
1400,'SE',939,,24302,1960,,,1,100,,24305,1960,,,1,100,,24306,1960,,,1,100,,24295,1960,,,1,100,,24298,1960,,,1,100,,24297,1960,,,1,109,,24301,1960,,,1,53,,3826,1960,,,1,18,,24308,1960,,,1,15,,24307,1960,,,1,19,,24303,1960,,,1,59,,24300,1960,,,1,21,,24296,1960,,,1,19,,24304,1960,,,1,69,,24299,1960,,,1
1500,'DI',725,,24371,1960,,,1,100,,24368,1960,,,1,100,,24365,1960,,,1,100,,24378,1960,,,1,100,,24383,1960,,,1,100,,24376,1960,,,1,100,,24372,1960,,,1,100,,24366,1960,,,1,100,,24380,1960,,,1,100,,24367,1960,,,1,100,,24375,1960,,,1,100,,24373,1960,,,1,100,,24377,1960,,,1,100,,24381,1960,,,1,100,,24379,1960,,,1,100,,24374,1960,,,1,100,,24369,1960,,,1,100,,24382,1960,,,1,100,,24370,1960,,,1
1500,'F8',726,,24474,1960,,,1,100,,24467,1960,,,1,100,,24461,1960,,,1,100,,24475,1960,,,1,105,,24469,1960,,,1,95,,24459,1960,,,1,100,,24471,1960,,,1,100,,24465,1960,,,1,100,,24470,1960,,,1,100,,24466,1960,,,1,100,,24462,1960,,,1,100,,24468,1960,,,1,100,,24472,1960,,,1,100,,24473,1960,,,1,100,,24460,1960,,,1,100,,24476,1960,,,1,100,,24463,1960,,,1,100,,24477,1960,,,1,100,,24464,1960,,,1
1500,'F9',725,,24484,1960,,,1,100,,24481,1960,,,1,100,,24478,1960,,,1,100,,24491,1960,,,1,100,,24496,1960,,,1,100,,24489,1960,,,1,100,,24485,1960,,,1,100,,24479,1960,,,1,100,,24493,1960,,,1,100,,24480,1960,,,1,100,,24488,1960,,,1,100,,24486,1960,,,1,100,,24490,1960,,,1,100,,24494,1960,,,1,100,,24492,1960,,,1,100,,24487,1960,,,1,100,,24482,1960,,,1,100,,24495,1960,,,1,100,,24483,1960,,,1
1500,'SA',726,,24512,1960,,,1,100,,24505,1960,,,1,100,,24499,1960,,,1,100,,24513,1960,,,1,105,,24507,1960,,,1,95,,24497,1960,,,1,100,,24509,1960,,,1,100,,24503,1960,,,1,100,,24508,1960,,,1,100,,24504,1960,,,1,100,,24500,1960,,,1,100,,24506,1960,,,1,100,,24510,1960,,,1,100,,24511,1960,,,1,100,,24498,1960,,,1,100,,24514,1960,,,1,100,,24501,1960,,,1,100,,24515,1960,,,1,100,,24502,1960,,,1
1500,'SE',548,,24552,1960,,,1,70,,24546,1960,,,1,30,,24517,1960,,,1,68,,24538,1960,,,1,33,,24544,1960,,,1,66,,24524,1960,,,1,34,,24540,1960,,,1,70,,24523,1960,,,1,29,,24545,1960,,,1,70,,24542,1960,,,1,30,,24518,1960,,,1,70,,24521,1960,,,1,30,,24543,1960,,,1,70,,24526,1960,,,1,30,,24522,1960,,,1,70,,24519,1960,,,1,30,,24548,1960,,,1,70,,24532,1960,,,1,31,,24547,1960,,,1,70,,24525,1960,,,1,24,,24527,1960,,,1,74,,24520,1960,,,1,40,,24536,1960,,,1,62,,24551,1960,,,1,30,,24533,1960,,,1,70,,24534,1960,,,1,30,,24549,1960,,,1,69,,24537,1960,,,1,30,,24530,1960,,,1,70,,24541,1960,,,1,30,,24550,1960,,,1,70,,24535,1960,,,1,30,,24516,1960,,,1,70,,24529,1960,,,1,100,,24531,1960,,,1,100,,24539,1960,,,1,100,,24528,1960,,,1
50600,'SE',919,,40635,2849,,,2
60600,'SE',1647,,40754,1771,,,2
61300,'SE',1649,,40771,1598,,,2
61400,'SE',1648,,40775,1945,,,2
