2501,'DI',1551,,56146,3496,,,2
2501,'F1',1551,,56147,3496,,,2
2501,'F2',1551,,56148,3496,,,2
2501,'SA',1551,,56149,3496,,,2
2501,'SE',628,,56160,1860,,,2,74,,56177,3496,,,2,30,,56175,3496,,,2,26,,56161,1860,,,2,70,,56163,1860,,,2,28,,56165,1860,,,2,545,,56172,1860,,,2,30,,56164,1860,,,2,70,,56170,1860,,,2,31,,56181,3496,,,2,19,,56180,3496,,,2,52,,56178,3496,,,2,9,,56155,1860,,,2,19,,56166,1860,,,2,14,,56152,1860,,,2,59,,56150,1860,,,2,28,,56167,1860,,,2,69,,56154,1860,,,2,29,,56151,1860,,,2,99,,56153,1860,,,2,385,,56174,1860,,,2,86,,56176,3496,,,2,13,,56156,1860,,,2,35,,56169,1860,,,2
12301,'DI',531,,37798,11287,,,1,100,,37808,11287,,,1,100,,37799,11287,,,1,100,,37809,11287,,,1,100,,37800,11287,,,1,100,,37810,11287,,,1,100,,37801,11287,,,1,100,,61842,11287,,,1,100,,37802,11287,,,1,100,,61843,11287,,,1,100,,37803,11287,,,1,100,,61844,11287,,,1,100,,61838,11287,,,1,100,,61845,11287,,,1,100,,61839,11287,,,1,100,,61846,11287,,,1,100,,61840,11287,,,1,100,,61847,11287,,,1,100,,61841,11287,,,1,100,,61848,11287,,,1
12301,'F1',531,,49985,11287,,,1,100,,49995,11287,,,1,100,,49986,11287,,,1,100,,49996,11287,,,1,100,,49987,11287,,,1,100,,49997,11287,,,1,100,,49988,11287,,,1,100,,61853,11287,,,1,100,,49989,11287,,,1,100,,61854,11287,,,1,100,,49990,11287,,,1,100,,61855,11287,,,1,100,,61849,11287,,,1,100,,61856,11287,,,1,100,,61850,11287,,,1,100,,61857,11287,,,1,100,,61851,11287,,,1,100,,61858,11287,,,1,100,,61852,11287,,,1,100,,61859,11287,,,1
12301,'F2',532,,61861,11287,,,1,100,,61860,11287,,,1,100,,61862,11287,,,1,99,,61868,11287,,,1,100,,61872,11287,,,1,100,,61863,11287,,,1,100,,61873,11287,,,1,100,,61864,11287,,,1,100,,61874,11287,,,1,100,,61865,11287,,,1,100,,61875,11287,,,1,100,,61866,11287,,,1,100,,61876,11287,,,1,100,,61867,11287,,,1,100,,61877,11287,,,1,100,,61869,11287,,,1,100,,61878,11287,,,1,100,,61870,11287,,,1,100,,61879,11287,,,1,100,,61871,11287,,,1
12301,'SA',532,,61881,11287,,,1,100,,61880,11287,,,1,100,,61882,11287,,,1,99,,61888,11287,,,1,100,,61892,11287,,,1,100,,61883,11287,,,1,100,,61893,11287,,,1,100,,61884,11287,,,1,100,,61894,11287,,,1,100,,61885,11287,,,1,100,,61895,11287,,,1,100,,61886,11287,,,1,100,,61896,11287,,,1,100,,61887,11287,,,1,100,,61897,11287,,,1,100,,61889,11287,,,1,100,,61898,11287,,,1,100,,61890,11287,,,1,100,,61899,11287,,,1,100,,61891,11287,,,1
12301,'SE',517,,61913,11287,,,1,30,,61916,11287,,,1,60,,50029,11287,,,1,22,,61904,11287,,,1,15,,61902,11287,,,1,65,,61901,11287,,,1,30,,61900,11287,,,1,70,,61903,11287,,,1,30,,61905,11287,,,1,69,,61910,11287,,,1,30,,61912,11287,,,1,96,,61909,11287,,,1,100,,61932,11287,,,1,100,,61908,11287,,,1,100,,61918,11287,,,1,100,,61922,11287,,,1,11,,61921,11287,,,1,65,,50049,11287,,,1,20,,50053,11287,,,1,15,,61927,11287,,,1,59,,61928,11287,,,1,6,,61924,11287,,,1,16,,61929,11287,,,1,10,,61931,11287,,,1,6,,61919,11287,,,1,64,,61926,11287,,,1,29,,50050,11287,,,1,69,,61911,11287,,,1,31,,61917,11287,,,1,66,,61920,11287,,,1,34,,61907,11287,,,1,68,,61906,11287,,,1,30,,61925,11287,,,1,98,,61930,11287,,,1,99,,61914,11287,,,1,100,,61923,11287,,,1,119,,61915,11287,,,1
