501,'DI',559,,21945,1796,0,28 29,1,70,,21951,1796,0,28 29,1,30,,21946,1796,0,28 29,1,70,,21952,1796,0,28 29,1,30,,21947,1796,0,28 29,1,70,,21953,1796,0,28 29,1,30,,21973,1796,0,28 29,1,70,,21954,1796,0,28 29,1,30,,21958,1796,0,28 29,1,70,,21955,1796,0,28 29,1,30,,21970,1796,0,28 29,1,70,,21959,1796,0,28 29,1,30,,21948,1796,0,28 29,1,72,,21960,1796,0,28 29,1,70,,21949,1796,0,28 29,1,28,,21974,1796,0,28 29,1,72,,21971,1796,0,28 29,1,30,,21975,1796,0,28 29,1,70,,21961,1796,0,28 29,1,29,,21950,1796,0,28 29,1,71,,21965,1796,0,28 29,1,30,,21972,1796,0,28 29,1,70,,21956,1796,0,28 29,1,30,,21962,1796,0,28 29,1,70,,21976,1796,0,28 29,1,99,,21957,1796,0,28 29,1,100,,21964,1796,0,28 29,1,100,,21963,1796,0,28 29,1,100,,21966,1796,0,28 29,1,100,,21967,1796,0,28 29,1,100,,21968,1796,0,28 29,1,100,,21969,1796,0,28 29,1
501,'F1',559,,43718,1796,0,28 29,1,70,,43724,1796,0,28 29,1,30,,43719,1796,0,28 29,1,70,,43725,1796,0,28 29,1,30,,43720,1796,0,28 29,1,70,,43726,1796,0,28 29,1,30,,43746,1796,0,28 29,1,70,,43727,1796,0,28 29,1,30,,43731,1796,0,28 29,1,70,,43728,1796,0,28 29,1,30,,43743,1796,0,28 29,1,70,,43732,1796,0,28 29,1,30,,43721,1796,0,28 29,1,72,,43733,1796,0,28 29,1,70,,43722,1796,0,28 29,1,28,,43747,1796,0,28 29,1,72,,43744,1796,0,28 29,1,30,,43748,1796,0,28 29,1,70,,43734,1796,0,28 29,1,29,,43723,1796,0,28 29,1,71,,43738,1796,0,28 29,1,30,,43745,1796,0,28 29,1,70,,43729,1796,0,28 29,1,30,,43735,1796,0,28 29,1,70,,43749,1796,0,28 29,1,99,,43730,1796,0,28 29,1,100,,43737,1796,0,28 29,1,100,,43736,1796,0,28 29,1,100,,43739,1796,0,28 29,1,100,,43740,1796,0,28 29,1,100,,43741,1796,0,28 29,1,100,,43742,1796,0,28 29,1
501,'F2',529,,43750,1796,0,28 29,1,30,,43758,1796,0,28 29,1,70,,43751,1796,0,28 29,1,30,,43759,1796,0,28 29,1,70,,43752,1796,0,28 29,1,30,,43760,1796,0,28 29,1,70,,43753,1796,0,28 29,1,30,,43761,1796,0,28 29,1,70,,43754,1796,0,28 29,1,30,,43763,1796,0,28 29,1,70,,43755,1796,0,28 29,1,30,,43764,1796,0,28 29,1,70,,43756,1796,0,28 29,1,30,,43765,1796,0,28 29,1,72,,43757,1796,0,28 29,1,70,,43766,1796,0,28 29,1,30,,43762,1796,0,28 29,1,70,,43782,1796,0,28 29,1,30,,43777,1796,0,28 29,1,70,,43767,1796,0,28 29,1,30,,43780,1796,0,28 29,1,70,,43776,1796,0,28 29,1,30,,43779,1796,0,28 29,1,70,,43783,1796,0,28 29,1,30,,43778,1796,0,28 29,1,70,,43781,1796,0,28 29,1,99,,43768,1796,0,28 29,1,100,,43769,1796,0,28 29,1,100,,43770,1796,0,28 29,1,100,,43771,1796,0,28 29,1,100,,43772,1796,0,28 29,1,100,,43773,1796,0,28 29,1,100,,43774,1796,0,28 29,1,100,,43775,1796,0,28 29,1
501,'F8',529,,22100,1796,0,28 29,1,30,,22108,1796,0,28 29,1,70,,22101,1796,0,28 29,1,30,,22109,1796,0,28 29,1,70,,22102,1796,0,28 29,1,30,,22110,1796,0,28 29,1,70,,22103,1796,0,28 29,1,30,,22111,1796,0,28 29,1,70,,22104,1796,0,28 29,1,30,,22113,1796,0,28 29,1,70,,22105,1796,0,28 29,1,30,,22114,1796,0,28 29,1,70,,22106,1796,0,28 29,1,30,,22115,1796,0,28 29,1,72,,22107,1796,0,28 29,1,70,,22116,1796,0,28 29,1,30,,22112,1796,0,28 29,1,70,,22132,1796,0,28 29,1,30,,22127,1796,0,28 29,1,70,,22117,1796,0,28 29,1,30,,22130,1796,0,28 29,1,70,,22126,1796,0,28 29,1,30,,22129,1796,0,28 29,1,70,,22133,1796,0,28 29,1,30,,22128,1796,0,28 29,1,70,,22131,1796,0,28 29,1,99,,22118,1796,0,28 29,1,100,,22119,1796,0,28 29,1,100,,22120,1796,0,28 29,1,100,,22121,1796,0,28 29,1,100,,22122,1796,0,28 29,1,100,,22123,1796,0,28 29,1,100,,22124,1796,0,28 29,1,100,,22125,1796,0,28 29,1
501,'F9',559,,22134,1796,0,28 29,1,70,,22140,1796,0,28 29,1,30,,22135,1796,0,28 29,1,70,,22141,1796,0,28 29,1,30,,22136,1796,0,28 29,1,70,,22142,1796,0,28 29,1,30,,22162,1796,0,28 29,1,70,,22143,1796,0,28 29,1,30,,22147,1796,0,28 29,1,70,,22144,1796,0,28 29,1,30,,22159,1796,0,28 29,1,70,,22148,1796,0,28 29,1,30,,22137,1796,0,28 29,1,72,,22149,1796,0,28 29,1,70,,22138,1796,0,28 29,1,28,,22163,1796,0,28 29,1,72,,22160,1796,0,28 29,1,30,,22164,1796,0,28 29,1,70,,22150,1796,0,28 29,1,29,,22139,1796,0,28 29,1,71,,22154,1796,0,28 29,1,30,,22161,1796,0,28 29,1,70,,22145,1796,0,28 29,1,30,,22151,1796,0,28 29,1,70,,22165,1796,0,28 29,1,99,,22146,1796,0,28 29,1,100,,22153,1796,0,28 29,1,100,,22152,1796,0,28 29,1,100,,22155,1796,0,28 29,1,100,,22156,1796,0,28 29,1,100,,22157,1796,0,28 29,1,100,,22158,1796,0,28 29,1
501,'SA',529,,22166,1796,0,28 29,1,30,,22174,1796,0,28 29,1,70,,22167,1796,0,28 29,1,30,,22175,1796,0,28 29,1,70,,22168,1796,0,28 29,1,30,,22176,1796,0,28 29,1,70,,22169,1796,0,28 29,1,30,,22177,1796,0,28 29,1,70,,22170,1796,0,28 29,1,30,,22179,1796,0,28 29,1,70,,22171,1796,0,28 29,1,30,,22180,1796,0,28 29,1,70,,22172,1796,0,28 29,1,30,,22181,1796,0,28 29,1,72,,22173,1796,0,28 29,1,70,,22182,1796,0,28 29,1,30,,22178,1796,0,28 29,1,70,,22198,1796,0,28 29,1,30,,22193,1796,0,28 29,1,70,,22183,1796,0,28 29,1,30,,22196,1796,0,28 29,1,70,,22192,1796,0,28 29,1,30,,22195,1796,0,28 29,1,70,,22199,1796,0,28 29,1,30,,22194,1796,0,28 29,1,70,,22197,1796,0,28 29,1,99,,22184,1796,0,28 29,1,100,,22185,1796,0,28 29,1,100,,22186,1796,0,28 29,1,100,,22187,1796,0,28 29,1,100,,22188,1796,0,28 29,1,100,,22189,1796,0,28 29,1,100,,22190,1796,0,28 29,1,100,,22191,1796,0,28 29,1
501,'SE',440,,43784,1796,,,1,65,,43812,1796,0,28 29,1,20,,43821,1796,0,28 29,1,20,,43813,1796,0,28 29,1,55,,43829,1796,0,28 29,1,15,,43787,1796,0,28 29,1,15,,43822,1796,0,28 29,1,9,,43823,1796,0,28 29,1,9,,43828,1796,0,28 29,1,52,,43830,1796,0,28 29,1,10,,43794,1796,0,28 29,1,10,,43795,1796,0,28 29,1,10,,43818,1796,0,28 29,1,10,,43797,1796,0,28 29,1,10,,43827,1796,0,28 29,1,50,,43785,1796,0,28 29,1,10,,43833,1796,0,28 29,1,11,,43788,1796,0,28 29,1,9,,43796,1796,0,28 29,1,20,,43835,1796,0,28 29,1,60,,43786,1796,0,28 29,1,20,,43789,1796,0,28 29,1,70,,43836,1796,0,28 29,1,30,,43798,1796,0,28 29,1,70,,43792,1796,0,28 29,1,30,,43815,1796,0,28 29,1,70,,43834,1796,0,28 29,1,30,,43816,1796,0,28 29,1,71,,43840,1796,0,28 29,1,30,,43826,1796,0,28 29,1,70,,43793,1796,0,28 29,1,30,,43800,1796,0,28 29,1,70,,43808,1796,0,28 29,1,34,,43837,1796,0,28 29,1,13,,43801,1796,0,28 29,1,55,,43799,1796,0,28 29,1,17,,43809,1796,0,28 29,1,15,,43790,1796,0,28 29,1,17,,43825,1796,0,28 29,1,56,,43814,1796,0,28 29,1,12,,43817,1796,0,28 29,1,15,,43839,1796,0,28 29,1,15,,43791,1796,0,28 29,1,55,,43810,1796,0,28 29,1,22,,43831,1796,0,28 29,1,16,,43819,1796,0,28 29,1,61,,43806,1796,0,28 29,1,25,,43832,1796,0,28 29,1,30,,43820,1796,0,28 29,1,70,,43811,1796,0,28 29,1,30,,43807,1796,0,28 29,1,70,,43824,1796,0,28 29,1,30,,43838,1796,0,28 29,1,100,,43802,1796,0,28 29,1,100,,43803,1796,0,28 29,1,100,,43804,1796,0,28 29,1,100,,43805,1796,0,28 29,1
900,'SE',1631,,44316,11422,0,28 30,2,74,,44315,11422,0,28 30,2,26,,44314,11422,0,28 30,2,27,,44313,11422,0,28 30,2,68,,44312,11422,0,28 30,2
6000,'SE',637,,47742,7909,,,1,85,,47745,7909,,,1,37,,47731,7909,,,1,87,,47748,7909,,,1,101,,47743,7909,,,1,100,,47736,7909,,,1,100,,47749,7909,,,1,100,,47740,7909,,,1,100,,47738,7909,,,1,100,,47753,7909,,,1,98,,47746,7909,,,1,70,,47737,7909,,,1,26,,47750,7909,,,1,64,,47732,7909,,,1,27,,47744,7909,,,1,27,,47747,7909,,,1,65,,47733,7909,,,1,30,,47741,7909,,,1,67,,47751,7909,,,1,99,,47730,7909,,,1,99,,47734,7909,,,1,100,,47739,7909,,,1,90,,47735,7909,,,1,100,,47752,7909,,,1
16000,'DI',708,,38365,7909,0,19 20,1,100,,38368,7909,0,19 20,1,100,,38371,7909,0,19 20,1,100,,38366,7909,0,19 20,1,100,,38372,7909,0,19 20,1,100,,38364,7909,0,19 20,1,100,,38373,7909,0,19 20,1,100,,38362,7909,0,19 20,1,100,,38360,7909,0,19 20,1,100,,38369,7909,0,19 20,1,100,,38367,7909,0,19 20,1,100,,38374,7909,0,19 20,1,100,,38370,7909,0,19 20,1,102,,38363,7909,0,19 20,1,98,,38361,7909,0,19 20,1
16000,'F1',708,,50212,7909,0,19 20,1,100,,50215,7909,0,19 20,1,100,,50218,7909,0,19 20,1,100,,50213,7909,0,19 20,1,100,,50219,7909,0,19 20,1,100,,50211,7909,0,19 20,1,100,,50220,7909,0,19 20,1,100,,50209,7909,0,19 20,1,100,,50207,7909,0,19 20,1,100,,50216,7909,0,19 20,1,100,,50214,7909,0,19 20,1,100,,50221,7909,0,19 20,1,100,,50217,7909,0,19 20,1,102,,50210,7909,0,19 20,1,98,,50208,7909,0,19 20,1
16000,'F2',708,,50226,7909,0,19 20,1,99,,50229,7909,0,19 20,1,101,,50225,7909,0,19 20,1,100,,50222,7909,0,19 20,1,100,,50228,7909,0,19 20,1,99,,50233,7909,0,19 20,1,101,,50223,7909,0,19 20,1,100,,50227,7909,0,19 20,1,100,,50234,7909,0,19 20,1,100,,50230,7909,0,19 20,1,100,,50224,7909,0,19 20,1,100,,50235,7909,0,19 20,1,100,,50231,7909,0,19 20,1,101,,50236,7909,0,19 20,1,99,,50232,7909,0,19 20,1
16000,'F8',708,,38429,7909,0,19 20,1,99,,38432,7909,0,19 20,1,101,,38428,7909,0,19 20,1,100,,38425,7909,0,19 20,1,100,,38431,7909,0,19 20,1,99,,38436,7909,0,19 20,1,101,,38426,7909,0,19 20,1,100,,38430,7909,0,19 20,1,100,,38437,7909,0,19 20,1,100,,38433,7909,0,19 20,1,100,,38427,7909,0,19 20,1,100,,38438,7909,0,19 20,1,100,,38434,7909,0,19 20,1,101,,38439,7909,0,19 20,1,99,,38435,7909,0,19 20,1
16000,'F9',708,,38445,7909,0,19 20,1,100,,38448,7909,0,19 20,1,100,,38451,7909,0,19 20,1,100,,38446,7909,0,19 20,1,100,,38452,7909,0,19 20,1,100,,38444,7909,0,19 20,1,100,,38453,7909,0,19 20,1,100,,38442,7909,0,19 20,1,100,,38440,7909,0,19 20,1,100,,38449,7909,0,19 20,1,100,,38447,7909,0,19 20,1,100,,38454,7909,0,19 20,1,100,,38450,7909,0,19 20,1,102,,38443,7909,0,19 20,1,98,,38441,7909,0,19 20,1
16000,'SA',708,,38459,7909,0,19 20,1,99,,16667,7909,0,19 20,1,101,,38458,7909,0,19 20,1,100,,38455,7909,0,19 20,1,100,,38461,7909,0,19 20,1,99,,38464,7909,0,19 20,1,101,,38456,7909,0,19 20,1,100,,38460,7909,0,19 20,1,100,,38465,7909,0,19 20,1,100,,16668,7909,0,19 20,1,100,,38457,7909,0,19 20,1,100,,38466,7909,0,19 20,1,100,,38462,7909,0,19 20,1,101,,38467,7909,0,19 20,1,99,,38463,7909,0,19 20,1
16000,'SE',622,,50239,7909,0,19 20,1,95,,50249,7909,0,19 20,1,40,,50247,7909,0,19 20,1,93,,50250,7909,0,19 20,1,89,,50248,7909,0,19 20,1,86,,50240,7909,0,19 20,1,101,,50241,7909,0,19 20,1,100,,50242,7909,0,19 20,1,100,,50251,7909,0,19 20,1,100,,50246,7909,0,19 20,1,100,,50253,7909,0,19 20,1,30,,50259,7909,0,19 20,1,68,,50237,7909,0,19 20,1,24,,50252,7909,0,19 20,1,72,,50254,7909,0,19 20,1,26,,50255,7909,0,19 20,1,68,,50245,7909,0,19 20,1,30,,50260,7909,0,19 20,1,70,,50243,7909,0,19 20,1,87,,50238,7909,0,19 20,1,99,,50244,7909,0,19 20,1,59,,50257,7909,0,19 20,1,92,,50256,7909,0,19 20,1,100,,50258,7909,0,19 20,1
