101,'DI',618,,51926,1327,,,1,100,,51927,1327,,,1,100,,51928,1327,,,1,100,,51921,1327,,,1,100,,51922,1327,,,1,100,,51923,1327,,,1,100,,51924,1327,,,1,100,,51925,1327,,,1,101,,51930,1327,,,1,100,,51929,1327,,,1,98,,51911,1327,,,1,100,,51912,1327,,,1,100,,51913,1327,,,1,100,,51914,1327,,,1,100,,51915,1327,,,1,100,,51916,1327,,,1,100,,51917,1327,,,1,100,,51918,1327,,,1,100,,51919,1327,,,1,100,,51920,1327,,,1
101,'F1',618,,51946,1327,,,1,100,,51947,1327,,,1,100,,51948,1327,,,1,100,,51941,1327,,,1,100,,51942,1327,,,1,100,,51943,1327,,,1,100,,51944,1327,,,1,100,,51945,1327,,,1,101,,51950,1327,,,1,100,,51949,1327,,,1,98,,51931,1327,,,1,100,,51932,1327,,,1,100,,51933,1327,,,1,100,,51934,1327,,,1,100,,51935,1327,,,1,100,,51936,1327,,,1,100,,51937,1327,,,1,100,,51938,1327,,,1,100,,51939,1327,,,1,100,,51940,1327,,,1
101,'F2',548,,51951,1327,,,1,70,,43132,1327,,,1,30,,51952,1327,,,1,70,,43133,1327,,,1,30,,51953,1327,,,1,70,,43134,1327,,,1,30,,51954,1327,,,1,70,,43135,1327,,,1,30,,51963,1327,,,1,70,,43136,1327,,,1,30,,51964,1327,,,1,70,,43137,1327,,,1,30,,51955,1327,,,1,70,,51965,1327,,,1,30,,51969,1327,,,1,70,,51975,1327,,,1,31,,51970,1327,,,1,70,,51976,1327,,,1,30,,51971,1327,,,1,70,,51977,1327,,,1,28,,51966,1327,,,1,70,,51972,1327,,,1,30,,51967,1327,,,1,70,,51973,1327,,,1,30,,51968,1327,,,1,70,,51974,1327,,,1,100,,51956,1327,,,1,100,,51957,1327,,,1,100,,51958,1327,,,1,100,,51959,1327,,,1,100,,51960,1327,,,1,100,,51961,1327,,,1,100,,51962,1327,,,1
101,'SA',548,,51978,1327,,,1,70,,20561,1327,,,1,30,,51979,1327,,,1,70,,20562,1327,,,1,30,,51980,1327,,,1,70,,20563,1327,,,1,30,,51981,1327,,,1,70,,20564,1327,,,1,30,,51990,1327,,,1,70,,20565,1327,,,1,30,,51991,1327,,,1,70,,20566,1327,,,1,30,,51982,1327,,,1,70,,51992,1327,,,1,30,,51996,1327,,,1,70,,52002,1327,,,1,31,,51997,1327,,,1,70,,52003,1327,,,1,30,,51998,1327,,,1,70,,52004,1327,,,1,28,,51993,1327,,,1,70,,51999,1327,,,1,30,,51994,1327,,,1,70,,52000,1327,,,1,30,,51995,1327,,,1,70,,52001,1327,,,1,100,,51983,1327,,,1,100,,51984,1327,,,1,100,,51985,1327,,,1,100,,51986,1327,,,1,100,,51987,1327,,,1,100,,51988,1327,,,1,100,,51989,1327,,,1
101,'SE',501,,52025,1327,,,1,30,,52026,1327,,,1,20,,52024,1327,,,1,60,,52005,1327,,,1,20,,52020,1327,,,1,16,,52044,1327,,,1,60,,52007,1327,,,1,10,,52006,1327,,,1,20,,52023,1327,,,1,15,,52041,1327,,,1,55,,52038,1327,,,1,15,,52008,1327,,,1,14,,52039,1327,,,1,20,,52047,1327,,,1,60,,52009,1327,,,1,20,,52017,1327,,,1,70,,52042,1327,,,1,30,,52030,1327,,,1,70,,52028,1327,,,1,30,,52048,1327,,,1,70,,52037,1327,,,1,31,,52045,1327,,,1,70,,52022,1327,,,1,30,,52018,1327,,,1,70,,52031,1327,,,1,30,,52029,1327,,,1,71,,52019,1327,,,1,33,,52033,1327,,,1,17,,52035,1327,,,1,76,,52015,1327,,,1,71,,52021,1327,,,1,34,,52016,1327,,,1,66,,52043,1327,,,1,27,,52046,1327,,,1,75,,52034,1327,,,1,28,,52027,1327,,,1,70,,52040,1327,,,1,30,,52032,1327,,,1,68,,52010,1327,,,1,30,,52036,1327,,,1,70,,52011,1327,,,1,100,,52012,1327,,,1,99,,52013,1327,,,1,100,,52014,1327,,,1
301,'DI',622,,52169,5298,,,1,100,,52177,5298,,,1,100,,52170,5298,,,1,100,,52178,5298,,,1,100,,52171,5298,,,1,100,,52172,5298,,,1,100,,52180,5298,,,1,100,,52173,5298,,,1,100,,52174,5298,,,1,100,,52175,5298,,,1,100,,52179,5298,,,1,100,,705,5298,,,1,100,,706,5298,,,1,100,,52176,5298,,,1,100,,20857,5298,,,1,100,,20858,5298,,,1,100,,20859,5298,,,1,100,,20860,5298,,,1,100,,20861,5298,,,1
301,'F1',622,,52181,5298,,,1,100,,52189,5298,,,1,100,,52182,5298,,,1,100,,52190,5298,,,1,100,,52183,5298,,,1,100,,52184,5298,,,1,100,,52192,5298,,,1,100,,52185,5298,,,1,100,,52186,5298,,,1,100,,52187,5298,,,1,100,,52191,5298,,,1,100,,43294,5298,,,1,100,,43295,5298,,,1,100,,52188,5298,,,1,100,,43297,5298,,,1,100,,43298,5298,,,1,100,,43299,5298,,,1,100,,43300,5298,,,1,100,,43301,5298,,,1
301,'F2',552,,52203,5298,,,1,70,,52205,5298,,,1,30,,52208,5298,,,1,70,,52193,5298,,,1,30,,52204,5298,,,1,70,,52212,5298,,,1,30,,52209,5298,,,1,70,,52194,5298,,,1,30,,52200,5298,,,1,70,,52195,5298,,,1,30,,52210,5298,,,1,70,,52213,5298,,,1,30,,52201,5298,,,1,70,,52216,5298,,,1,30,,52202,5298,,,1,70,,52217,5298,,,1,30,,43328,5298,,,1,70,,52218,5298,,,1,30,,43329,5298,,,1,70,,52211,5298,,,1,30,,52196,5298,,,1,70,,52222,5298,,,1,30,,52197,5298,,,1,70,,52223,5298,,,1,30,,52198,5298,,,1,70,,52224,5298,,,1,100,,52214,5298,,,1,100,,52215,5298,,,1,100,,52219,5298,,,1,100,,52220,5298,,,1,100,,52221,5298,,,1,100,,52207,5298,,,1
301,'SA',552,,52235,5298,,,1,70,,52237,5298,,,1,30,,52240,5298,,,1,70,,52225,5298,,,1,30,,52236,5298,,,1,70,,52244,5298,,,1,30,,52241,5298,,,1,70,,52226,5298,,,1,30,,52232,5298,,,1,70,,52227,5298,,,1,30,,52242,5298,,,1,70,,52245,5298,,,1,30,,52233,5298,,,1,70,,52248,5298,,,1,30,,52234,5298,,,1,70,,52249,5298,,,1,30,,847,5298,,,1,70,,52250,5298,,,1,30,,848,5298,,,1,70,,52243,5298,,,1,30,,52228,5298,,,1,70,,52254,5298,,,1,30,,52229,5298,,,1,70,,52255,5298,,,1,30,,52230,5298,,,1,70,,52256,5298,,,1,100,,52246,5298,,,1,100,,52247,5298,,,1,100,,52251,5298,,,1,100,,52252,5298,,,1,100,,52253,5298,,,1,100,,52239,5298,,,1
301,'SE',510,,52257,5298,,,1,30,,52270,5298,,,1,72,,52283,5298,,,1,24,,52291,5298,,,1,20,,52295,5298,,,1,55,,52290,5298,,,1,15,,52269,5298,,,1,15,,52293,5298,,,1,15,,52300,5298,,,1,60,,52284,5298,,,1,21,,52294,5298,,,1,20,,52288,5298,,,1,68,,52278,5298,,,1,30,,52280,5298,,,1,70,,52279,5298,,,1,30,,52281,5298,,,1,70,,52268,5298,,,1,30,,52273,5298,,,1,70,,52258,5298,,,1,30,,52274,5298,,,1,70,,52259,5298,,,1,30,,52275,5298,,,1,70,,52260,5298,,,1,30,,52296,5298,,,1,72,,52285,5298,,,1,79,,52297,5298,,,1,44,,52301,5298,,,1,81,,52298,5298,,,1,78,,52282,5298,,,1,49,,52271,5298,,,1,67,,52276,5298,,,1,28,,52272,5298,,,1,70,,52277,5298,,,1,30,,52266,5298,,,1,70,,52261,5298,,,1,30,,52267,5298,,,1,70,,52262,5298,,,1,100,,52263,5298,,,1,100,,52264,5298,,,1
50101,'SE',738,,63419,1652,,,2,100,,63420,1652,,,2
50300,'SE',1637,,63421,7391,,,2
