42800,'DI',632,,39684,16339,4,,1,113,,39685,16339,4,,1,111,,39686,16339,4,,1,146,,39687,16339,4,,1,110,,39688,16339,4,,1,35,,39694,16339,4,,1,75,,39689,16339,4,,1,35,,39695,16339,4,,1,75,,39690,16339,4,,1,75,,39696,16339,4,,1,35,,39691,16339,4,,1,77,,39697,16339,4,,1,34,,39692,16339,4,,1,84,,39698,16339,4,,1,74,,39693,16339,4,,1,108,,39699,16339,4,,1,106,,39700,16339,4,,1,108,,39701,16339,4,,1,110,,39702,16339,4,,1,110,,39703,16339,4,,1
42800,'F8',632,,39752,16339,4,,1,113,,39753,16339,4,,1,111,,39754,16339,4,,1,146,,39755,16339,4,,1,110,,39756,16339,4,,1,35,,39762,16339,4,,1,75,,39757,16339,4,,1,35,,39763,16339,4,,1,75,,39758,16339,4,,1,75,,39764,16339,4,,1,35,,39759,16339,4,,1,77,,39765,16339,4,,1,34,,39760,16339,4,,1,84,,39766,16339,4,,1,74,,39761,16339,4,,1,108,,39767,16339,4,,1,106,,39768,16339,4,,1,108,,39769,16339,4,,1,110,,39770,16339,4,,1,110,,39771,16339,4,,1
42800,'F9',632,,39772,16339,4,,1,113,,39773,16339,4,,1,111,,39774,16339,4,,1,146,,39775,16339,4,,1,110,,39776,16339,4,,1,35,,39782,16339,4,,1,75,,39777,16339,4,,1,35,,39783,16339,4,,1,75,,39778,16339,4,,1,75,,39784,16339,4,,1,35,,39779,16339,4,,1,77,,39785,16339,4,,1,34,,39780,16339,4,,1,84,,39786,16339,4,,1,74,,39781,16339,4,,1,108,,39787,16339,4,,1,106,,39788,16339,4,,1,108,,39789,16339,4,,1,110,,39790,16339,4,,1,110,,39791,16339,4,,1
42800,'SA',632,,39792,16339,4,,1,113,,39793,16339,4,,1,111,,39794,16339,4,,1,146,,39795,16339,4,,1,110,,39796,16339,4,,1,35,,39802,16339,4,,1,75,,39797,16339,4,,1,35,,39803,16339,4,,1,75,,39798,16339,4,,1,75,,39804,16339,4,,1,35,,39799,16339,4,,1,77,,39805,16339,4,,1,34,,39800,16339,4,,1,84,,39806,16339,4,,1,74,,39801,16339,4,,1,108,,39807,16339,4,,1,106,,39808,16339,4,,1,108,,39809,16339,4,,1,110,,39810,16339,4,,1,110,,39811,16339,4,,1
42800,'SE',547,,39812,16339,4,,1,75,,39822,16339,4,,1,33,,39813,16339,4,,1,88,,39823,16339,4,,1,78,,39814,16339,4,,1,35,,39824,16339,4,,1,74,,39815,16339,4,,1,72,,39825,16339,4,,1,35,,39816,16339,4,,1,75,,39826,16339,4,,1,35,,39817,16339,4,,1,75,,39827,16339,4,,1,33,,39818,16339,4,,1,73,,39828,16339,4,,1,75,,39819,16339,4,,1,35,,39829,16339,4,,1,76,,39820,16339,4,,1,37,,39830,16339,4,,1,76,,39821,16339,4,,1,84,,39831,16339,4,,1,31,,39838,16339,4,,1,79,,39832,16339,4,,1,32,,39839,16339,4,,1,75,,39833,16339,4,,1,107,,39834,16339,4,,1,108,,39835,16339,4,,1,110,,39836,16339,4,,1,150,,39837,16339,4,,1
42801,'DI',639,,39840,0,,,1,113,,39841,0,,,1,151,,39842,0,,,1,106,,39843,0,,,1,110,,39844,0,,,1,35,,39850,0,,,1,75,,39845,0,,,1,75,,39851,0,,,1,35,,39846,0,,,1,76,,39852,0,,,1,34,,39847,0,,,1,76,,39853,0,,,1,75,,39848,0,,,1,44,,39854,0,,,1,74,,39849,0,,,1,108,,39855,0,,,1,106,,39856,0,,,1,108,,39857,0,,,1,110,,39858,0,,,1,155,,39859,0,,,1
42801,'F8',639,,39908,0,,,1,113,,39909,0,,,1,151,,39910,0,,,1,106,,39911,0,,,1,110,,39912,0,,,1,35,,39918,0,,,1,75,,39913,0,,,1,75,,39919,0,,,1,35,,39914,0,,,1,76,,39920,0,,,1,34,,39915,0,,,1,76,,39921,0,,,1,75,,39916,0,,,1,44,,39922,0,,,1,74,,39917,0,,,1,108,,39923,0,,,1,106,,39924,0,,,1,108,,39925,0,,,1,110,,39926,0,,,1,155,,39927,0,,,1
42801,'F9',639,,39928,0,,,1,113,,39929,0,,,1,151,,39930,0,,,1,106,,39931,0,,,1,110,,39932,0,,,1,35,,39938,0,,,1,75,,39933,0,,,1,75,,39939,0,,,1,35,,39934,0,,,1,76,,39940,0,,,1,34,,39935,0,,,1,76,,39941,0,,,1,75,,39936,0,,,1,44,,39942,0,,,1,74,,39937,0,,,1,108,,39943,0,,,1,106,,39944,0,,,1,108,,39945,0,,,1,110,,39946,0,,,1,155,,39947,0,,,1
42801,'SA',639,,39948,0,,,1,113,,39949,0,,,1,151,,39950,0,,,1,106,,39951,0,,,1,110,,39952,0,,,1,35,,39958,0,,,1,75,,39953,0,,,1,75,,39959,0,,,1,35,,39954,0,,,1,76,,39960,0,,,1,34,,39955,0,,,1,76,,39961,0,,,1,75,,39956,0,,,1,44,,39962,0,,,1,74,,39957,0,,,1,108,,39963,0,,,1,106,,39964,0,,,1,108,,39965,0,,,1,110,,39966,0,,,1,155,,39967,0,,,1
42801,'SE',554,,39968,0,,,1,80,,39978,0,,,1,78,,39969,0,,,1,38,,39979,0,,,1,78,,39970,0,,,1,75,,39980,0,,,1,34,,39971,0,,,1,72,,39981,0,,,1,35,,39972,0,,,1,75,,39982,0,,,1,35,,39973,0,,,1,75,,39983,0,,,1,73,,39974,0,,,1,33,,39984,0,,,1,75,,39975,0,,,1,35,,39985,0,,,1,76,,39976,0,,,1,37,,39986,0,,,1,80,,39977,0,,,1,80,,39987,0,,,1,31,,39994,0,,,1,79,,39988,0,,,1,72,,39995,0,,,1,35,,39989,0,,,1,107,,39990,0,,,1,108,,39991,0,,,1,155,,39992,0,,,1,105,,39993,0,,,1
