4700,'DI',626,,30486,4595,,,1,100,,30472,4595,,,1,100,,30489,4595,,,1,100,,30490,4595,,,1,100,,30473,4595,,,1,100,,30478,4595,,,1,100,,30487,4595,,,1,100,,30474,4595,,,1,104,,30475,4595,,,1,91,,30481,4595,,,1,108,,30482,4595,,,1,102,,30476,4595,,,1,95,,30483,4595,,,1,96,,30479,4595,,,1,100,,30484,4595,,,1,100,,30477,4595,,,1,100,,30480,4595,,,1,100,,30485,4595,,,1,100,,30488,4595,,,1,100,,30491,4595,,,1
4700,'F1',626,,47077,4595,,,1,100,,47063,4595,,,1,100,,47080,4595,,,1,100,,47081,4595,,,1,100,,47064,4595,,,1,100,,47069,4595,,,1,100,,47078,4595,,,1,100,,47065,4595,,,1,104,,47066,4595,,,1,91,,47072,4595,,,1,108,,47073,4595,,,1,102,,47067,4595,,,1,95,,47074,4595,,,1,96,,47070,4595,,,1,100,,47075,4595,,,1,100,,47068,4595,,,1,100,,47071,4595,,,1,100,,47076,4595,,,1,100,,47079,4595,,,1,100,,47082,4595,,,1
4700,'F2',626,,47100,4595,,,1,103,,47086,4595,,,1,101,,47083,4595,,,1,96,,47090,4595,,,1,96,,47084,4595,,,1,104,,47091,4595,,,1,100,,47087,4595,,,1,100,,47092,4595,,,1,95,,47085,4595,,,1,104,,47088,4595,,,1,100,,47093,4595,,,1,101,,47089,4595,,,1,100,,47094,4595,,,1,96,,47097,4595,,,1,100,,47095,4595,,,1,100,,47096,4595,,,1,100,,47098,4595,,,1,100,,47099,4595,,,1,100,,47101,4595,,,1,100,,47102,4595,,,1
4700,'F8',626,,30588,4595,,,1,103,,30574,4595,,,1,101,,30571,4595,,,1,96,,30578,4595,,,1,96,,30572,4595,,,1,104,,30579,4595,,,1,100,,30575,4595,,,1,100,,30580,4595,,,1,95,,30573,4595,,,1,104,,30576,4595,,,1,100,,30581,4595,,,1,101,,30577,4595,,,1,100,,30582,4595,,,1,96,,30585,4595,,,1,100,,30583,4595,,,1,100,,30584,4595,,,1,100,,30586,4595,,,1,100,,30587,4595,,,1,100,,30589,4595,,,1,100,,30590,4595,,,1
4700,'F9',626,,30605,4595,,,1,100,,30591,4595,,,1,100,,30608,4595,,,1,100,,30609,4595,,,1,100,,30592,4595,,,1,100,,30597,4595,,,1,100,,30606,4595,,,1,100,,30593,4595,,,1,104,,30594,4595,,,1,91,,30600,4595,,,1,108,,30601,4595,,,1,102,,30595,4595,,,1,95,,30602,4595,,,1,96,,30598,4595,,,1,100,,30603,4595,,,1,100,,30596,4595,,,1,100,,30599,4595,,,1,100,,30604,4595,,,1,100,,30607,4595,,,1,100,,30610,4595,,,1
4700,'SA',626,,30628,4595,,,1,103,,30614,4595,,,1,101,,30611,4595,,,1,96,,30618,4595,,,1,96,,30612,4595,,,1,104,,30619,4595,,,1,100,,30615,4595,,,1,100,,30620,4595,,,1,95,,30613,4595,,,1,104,,30616,4595,,,1,100,,30621,4595,,,1,101,,30617,4595,,,1,100,,30622,4595,,,1,96,,30625,4595,,,1,100,,30623,4595,,,1,100,,30624,4595,,,1,100,,30626,4595,,,1,100,,30627,4595,,,1,100,,30629,4595,,,1,100,,30630,4595,,,1
4700,'SE',626,,47134,4595,,,1,32,,47107,4595,,,1,69,,47123,4595,,,1,73,,47120,4595,,,1,34,,47136,4595,,,1,70,,47124,4595,,,1,30,,47104,4595,,,1,70,,47117,4595,,,1,30,,47133,4595,,,1,70,,47118,4595,,,1,30,,47121,4595,,,1,70,,47130,4595,,,1,30,,47108,4595,,,1,70,,47114,4595,,,1,30,,47139,4595,,,1,70,,47128,4595,,,1,30,,47109,4595,,,1,70,,47137,4595,,,1,28,,47115,4595,,,1,68,,47140,4595,,,1,36,,47131,4595,,,1,15,,47122,4595,,,1,55,,47125,4595,,,1,15,,47112,4595,,,1,15,,47138,4595,,,1,15,,47132,4595,,,1,55,,47116,4595,,,1,15,,47106,4595,,,1,15,,47113,4595,,,1,18,,47110,4595,,,1,68,,47129,4595,,,1,30,,47119,4595,,,1,70,,47111,4595,,,1,30,,47135,4595,,,1,70,,47126,4595,,,1,30,,47141,4595,,,1,100,,47127,4595,,,1,100,,47103,4595,,,1,100,,47105,4595,,,1
4901,'DI',616,,31060,214,,,2,100,,31072,214,,,2,100,,31061,214,,,2,100,,31067,214,,,2,102,,31068,214,,,2,100,,31069,214,,,2,100,,31070,214,,,2,100,,31071,214,,,2,100,,31062,214,,,2,100,,31063,214,,,2,100,,31073,214,,,2,100,,31074,214,,,2,100,,31059,214,,,2,99,,31064,214,,,2,100,,31065,214,,,2,100,,31075,214,,,2,100,,31076,214,,,2,98,,31066,214,,,2,100,,31058,214,,,2
4901,'F1',616,,47293,214,,,2,100,,47305,214,,,2,100,,47294,214,,,2,100,,47300,214,,,2,102,,47301,214,,,2,100,,47302,214,,,2,100,,47303,214,,,2,100,,47304,214,,,2,100,,47295,214,,,2,100,,47296,214,,,2,100,,47306,214,,,2,100,,47307,214,,,2,100,,47292,214,,,2,99,,47297,214,,,2,100,,47298,214,,,2,100,,47308,214,,,2,100,,47309,214,,,2,98,,47299,214,,,2,100,,47291,214,,,2
4901,'F2',616,,47326,214,,,2,100,,47310,214,,,2,100,,47327,214,,,2,100,,47319,214,,,2,102,,47313,214,,,2,100,,47314,214,,,2,100,,47315,214,,,2,100,,47316,214,,,2,100,,47320,214,,,2,100,,47321,214,,,2,100,,47322,214,,,2,100,,47323,214,,,2,100,,47324,214,,,2,99,,47311,214,,,2,100,,47325,214,,,2,100,,47317,214,,,2,100,,47312,214,,,2,98,,47328,214,,,2,100,,47318,214,,,2,100,,47329,214,,,2
4901,'F8',616,,31169,214,,,2,100,,31153,214,,,2,100,,31170,214,,,2,100,,31162,214,,,2,102,,31156,214,,,2,100,,31157,214,,,2,100,,31158,214,,,2,100,,31159,214,,,2,100,,31163,214,,,2,100,,31164,214,,,2,100,,31165,214,,,2,100,,31166,214,,,2,100,,31167,214,,,2,99,,31154,214,,,2,100,,31168,214,,,2,100,,31160,214,,,2,100,,31155,214,,,2,98,,31171,214,,,2,100,,31161,214,,,2,100,,31172,214,,,2
4901,'F9',616,,31175,214,,,2,100,,31187,214,,,2,100,,31176,214,,,2,100,,31182,214,,,2,102,,31183,214,,,2,100,,31184,214,,,2,100,,31185,214,,,2,100,,31186,214,,,2,100,,31177,214,,,2,100,,31178,214,,,2,100,,31188,214,,,2,100,,31189,214,,,2,100,,31174,214,,,2,99,,31179,214,,,2,100,,31180,214,,,2,100,,31190,214,,,2,100,,31191,214,,,2,98,,31181,214,,,2,100,,31173,214,,,2
4901,'SA',616,,31208,214,,,2,100,,31192,214,,,2,100,,31209,214,,,2,100,,31201,214,,,2,102,,31195,214,,,2,100,,31196,214,,,2,100,,31197,214,,,2,100,,31198,214,,,2,100,,31202,214,,,2,100,,31203,214,,,2,100,,31204,214,,,2,100,,31205,214,,,2,100,,31206,214,,,2,99,,31193,214,,,2,100,,31207,214,,,2,100,,31199,214,,,2,100,,31194,214,,,2,98,,31210,214,,,2,100,,31200,214,,,2,100,,31211,214,,,2
4901,'SE',616,,47344,214,,,2,30,,47342,214,,,2,60,,47345,214,,,2,20,,47343,214,,,2,20,,47340,214,,,2,60,,47333,214,,,2,20,,47353,214,,,2,20,,47335,214,,,2,70,,47341,214,,,2,101,,47356,214,,,2,100,,47355,214,,,2,101,,47336,214,,,2,100,,47337,214,,,2,97,,47358,214,,,2,100,,47331,214,,,2,103,,47338,214,,,2,20,,47346,214,,,2,20,,47332,214,,,2,60,,47354,214,,,2,20,,47347,214,,,2,20,,47348,214,,,2,60,,47339,214,,,2,30,,47349,214,,,2,67,,47330,214,,,2,100,,47357,214,,,2,100,,47359,214,,,2,100,,47350,214,,,2,99,,47352,214,,,2,100,,47334,214,,,2,100,,47351,214,,,2
