3800,'DI',659,,28912,6332,,,1,100,,28918,6332,,,1,100,,28916,6332,,,1,141,,28910,6332,,,1,56,,28919,6332,,,1,100,,28907,6332,,,1,103,,28923,6332,,,1,100,,28911,6332,,,1,100,,28917,6332,,,1,141,,28920,6332,,,1,104,,28908,6332,,,1,101,,28913,6332,,,1,97,,28914,6332,,,1,100,,28909,6332,,,1,99,,28921,6332,,,1,101,,28915,6332,,,1,100,,28922,6332,,,1,100,,28924,6332,,,1
3800,'F8',559,,28998,6332,,,1,100,,28995,6332,,,1,100,,29005,6332,,,1,100,,28999,6332,,,1,100,,29006,6332,,,1,100,,29000,6332,,,1,100,,29007,6332,,,1,144,,29001,6332,,,1,100,,29008,6332,,,1,100,,29002,6332,,,1,102,,28996,6332,,,1,100,,29003,6332,,,1,100,,28997,6332,,,1,97,,29004,6332,,,1,100,,28993,6332,,,1,99,,29009,6332,,,1,100,,28994,6332,,,1,101,,29010,6332,,,1,99,,29011,6332,,,1
3800,'F9',659,,29017,6332,,,1,100,,29023,6332,,,1,100,,29021,6332,,,1,141,,29015,6332,,,1,56,,29024,6332,,,1,100,,29012,6332,,,1,103,,29028,6332,,,1,100,,29016,6332,,,1,100,,29022,6332,,,1,141,,29025,6332,,,1,104,,29013,6332,,,1,101,,29018,6332,,,1,97,,29019,6332,,,1,100,,29014,6332,,,1,99,,29026,6332,,,1,101,,29020,6332,,,1,100,,29027,6332,,,1,100,,29029,6332,,,1
3800,'SA',559,,29035,6332,,,1,100,,29032,6332,,,1,100,,29042,6332,,,1,100,,29036,6332,,,1,100,,29043,6332,,,1,100,,29037,6332,,,1,100,,29044,6332,,,1,144,,29038,6332,,,1,100,,29045,6332,,,1,100,,29039,6332,,,1,102,,29033,6332,,,1,100,,29040,6332,,,1,100,,29034,6332,,,1,97,,29041,6332,,,1,100,,29030,6332,,,1,99,,29046,6332,,,1,100,,29031,6332,,,1,101,,29047,6332,,,1,99,,29048,6332,,,1
3800,'SE',614,,29070,6332,,,1,21,,29056,6332,,,1,18,,29065,6332,,,1,58,,29057,6332,,,1,24,,29067,6332,,,1,12,,29058,6332,,,1,60,,29077,6332,,,1,24,,29068,6332,,,1,69,,29050,6332,,,1,18,,29066,6332,,,1,17,,29072,6332,,,1,70,,29053,6332,,,1,44,,29073,6332,,,1,100,,29076,6332,,,1,100,,29060,6332,,,1,101,,29078,6332,,,1,94,,29061,6332,,,1,67,,29062,6332,,,1,33,,29049,6332,,,1,70,,29071,6332,,,1,30,,29074,6332,,,1,72,,29051,6332,,,1,26,,29059,6332,,,1,65,,29075,6332,,,1,94,,29055,6332,,,1,100,,29064,6332,,,1,100,,29069,6332,,,1,99,,29063,6332,,,1,100,,29052,6332,,,1,100,,29054,6332,,,1
52101,'SE',914,,40641,3275,,,2
53201,'SE',910,,40660,5203,,,2,1,,40661,5203,,,2
53601,'SE',915,,40677,2283,,,2
65600,'SE',1616,,40821,4614,,,2,1,,40820,4614,,,2
65601,'SE',850,,40825,2267,,,2,1,,40824,2267,,,2
