601,'DI',619,,22527,7027,,,1,30,,22533,7027,,,1,70,,22545,7027,,,1,30,,22540,7027,,,1,70,,22536,7027,,,1,30,,22534,7027,,,1,70,,22519,7027,,,1,30,,22523,7027,,,1,74,,22537,7027,,,1,30,,22531,7027,,,1,70,,22520,7027,,,1,30,,2206,7027,,,1,70,,2212,7027,,,1,33,,22521,7027,,,1,70,,22524,7027,,,1,30,,22530,7027,,,1,70,,22522,7027,,,1,30,,22532,7027,,,1,70,,22528,7027,,,1,30,,22525,7027,,,1,70,,22538,7027,,,1,30,,22546,7027,,,1,70,,22541,7027,,,1,28,,22539,7027,,,1,70,,22547,7027,,,1,30,,22542,7027,,,1,100,,22529,7027,,,1,100,,22544,7027,,,1,100,,22535,7027,,,1,100,,22526,7027,,,1,100,,22518,7027,,,1,100,,22543,7027,,,1
601,'F1',619,,43951,7027,,,1,30,,43958,7027,,,1,70,,43970,7027,,,1,30,,43965,7027,,,1,70,,43961,7027,,,1,30,,43959,7027,,,1,70,,43942,7027,,,1,30,,43946,7027,,,1,74,,43962,7027,,,1,30,,43956,7027,,,1,70,,43943,7027,,,1,30,,43947,7027,,,1,70,,43952,7027,,,1,33,,43944,7027,,,1,70,,43948,7027,,,1,30,,43955,7027,,,1,70,,43945,7027,,,1,30,,43957,7027,,,1,70,,43953,7027,,,1,30,,43949,7027,,,1,70,,43963,7027,,,1,30,,43971,7027,,,1,70,,43966,7027,,,1,28,,43964,7027,,,1,70,,43972,7027,,,1,30,,43967,7027,,,1,100,,43954,7027,,,1,100,,43969,7027,,,1,100,,43960,7027,,,1,100,,43950,7027,,,1,100,,43941,7027,,,1,100,,43968,7027,,,1
601,'F2',619,,43988,7027,,,1,30,,43984,7027,,,1,70,,44004,7027,,,1,30,,43993,7027,,,1,70,,43989,7027,,,1,30,,43985,7027,,,1,74,,43990,7027,,,1,26,,43994,7027,,,1,76,,44003,7027,,,1,23,,43991,7027,,,1,75,,44000,7027,,,1,26,,43986,7027,,,1,70,,43979,7027,,,1,38,,43987,7027,,,1,70,,43980,7027,,,1,29,,43973,7027,,,1,70,,43995,7027,,,1,30,,43981,7027,,,1,70,,43974,7027,,,1,30,,43996,7027,,,1,70,,43982,7027,,,1,30,,43975,7027,,,1,70,,43997,7027,,,1,28,,43983,7027,,,1,70,,43976,7027,,,1,30,,43998,7027,,,1,100,,44001,7027,,,1,100,,43992,7027,,,1,100,,43977,7027,,,1,100,,43978,7027,,,1,100,,44002,7027,,,1,100,,43999,7027,,,1
601,'F8',619,,22662,7027,,,1,30,,22658,7027,,,1,70,,22678,7027,,,1,30,,22667,7027,,,1,70,,22663,7027,,,1,30,,22659,7027,,,1,74,,22664,7027,,,1,26,,22668,7027,,,1,76,,22677,7027,,,1,23,,22665,7027,,,1,75,,22674,7027,,,1,26,,22660,7027,,,1,70,,22653,7027,,,1,38,,22661,7027,,,1,70,,22654,7027,,,1,29,,22647,7027,,,1,70,,22669,7027,,,1,30,,22655,7027,,,1,70,,22648,7027,,,1,30,,22670,7027,,,1,70,,22656,7027,,,1,30,,22649,7027,,,1,70,,22671,7027,,,1,28,,22657,7027,,,1,70,,22650,7027,,,1,30,,22672,7027,,,1,100,,22675,7027,,,1,100,,22666,7027,,,1,100,,22651,7027,,,1,100,,22652,7027,,,1,100,,22676,7027,,,1,100,,22673,7027,,,1
601,'F9',619,,22689,7027,,,1,30,,22696,7027,,,1,70,,22708,7027,,,1,30,,22703,7027,,,1,70,,22699,7027,,,1,30,,22697,7027,,,1,70,,22680,7027,,,1,30,,22684,7027,,,1,74,,22700,7027,,,1,30,,22694,7027,,,1,70,,22681,7027,,,1,30,,22685,7027,,,1,70,,22690,7027,,,1,33,,22682,7027,,,1,70,,22686,7027,,,1,30,,22693,7027,,,1,70,,22683,7027,,,1,30,,22695,7027,,,1,70,,22691,7027,,,1,30,,22687,7027,,,1,70,,22701,7027,,,1,30,,22709,7027,,,1,70,,22704,7027,,,1,28,,22702,7027,,,1,70,,22710,7027,,,1,30,,22705,7027,,,1,100,,22692,7027,,,1,100,,22707,7027,,,1,100,,22698,7027,,,1,100,,22688,7027,,,1,100,,22679,7027,,,1,100,,22706,7027,,,1
601,'SA',619,,22726,7027,,,1,30,,22722,7027,,,1,70,,22742,7027,,,1,30,,22731,7027,,,1,70,,22727,7027,,,1,30,,22723,7027,,,1,74,,22728,7027,,,1,26,,22732,7027,,,1,76,,22741,7027,,,1,23,,22729,7027,,,1,75,,22738,7027,,,1,26,,22724,7027,,,1,70,,22717,7027,,,1,38,,22725,7027,,,1,70,,22718,7027,,,1,29,,22711,7027,,,1,70,,22733,7027,,,1,30,,22719,7027,,,1,70,,22712,7027,,,1,30,,22734,7027,,,1,70,,22720,7027,,,1,30,,22713,7027,,,1,70,,22735,7027,,,1,28,,22721,7027,,,1,70,,22714,7027,,,1,30,,22736,7027,,,1,100,,22739,7027,,,1,100,,22730,7027,,,1,100,,22715,7027,,,1,100,,22716,7027,,,1,100,,22740,7027,,,1,100,,22737,7027,,,1
601,'SE',533,,44024,7027,,,1,70,,44018,7027,,,1,32,,44010,7027,,,1,71,,44035,7027,,,1,25,,44015,7027,,,1,77,,44037,7027,,,1,29,,44014,7027,,,1,72,,44029,7027,,,1,28,,44033,7027,,,1,70,,44030,7027,,,1,30,,44022,7027,,,1,70,,44006,7027,,,1,30,,44040,7027,,,1,70,,44016,7027,,,1,30,,44031,7027,,,1,70,,44034,7027,,,1,30,,44017,7027,,,1,70,,44011,7027,,,1,30,,44023,7027,,,1,72,,44032,7027,,,1,30,,44005,7027,,,1,66,,44009,7027,,,1,38,,44012,7027,,,1,66,,44013,7027,,,1,31,,44025,7027,,,1,65,,44036,7027,,,1,31,,44039,7027,,,1,70,,44038,7027,,,1,28,,44041,7027,,,1,70,,44028,7027,,,1,30,,44020,7027,,,1,70,,44026,7027,,,1,30,,44007,7027,,,1,70,,44027,7027,,,1,98,,44021,7027,,,1,100,,44019,7027,,,1,100,,44008,7027,,,1
1301,'DI',638,,24063,8079,,,1,100,,3602,8079,,,1,100,,24064,8079,,,1,100,,3603,8079,,,1,100,,24065,8079,,,1,100,,3604,8079,,,1,100,,24066,8079,,,1,100,,3605,8079,,,1,100,,24068,8079,,,1,100,,24075,8079,,,1,100,,24060,8079,,,1,100,,24067,8079,,,1,100,,24062,8079,,,1,100,,24069,8079,,,1,100,,24073,8079,,,1,100,,24071,8079,,,1,100,,24070,8079,,,1,100,,24061,8079,,,1,100,,24074,8079,,,1,100,,24072,8079,,,1
1301,'F1',638,,44542,8079,,,1,100,,44537,8079,,,1,100,,44543,8079,,,1,100,,44538,8079,,,1,100,,44544,8079,,,1,100,,44539,8079,,,1,100,,44545,8079,,,1,100,,44540,8079,,,1,100,,44547,8079,,,1,100,,44554,8079,,,1,100,,44535,8079,,,1,100,,44546,8079,,,1,100,,44541,8079,,,1,100,,44548,8079,,,1,100,,44552,8079,,,1,100,,44550,8079,,,1,100,,44549,8079,,,1,100,,44536,8079,,,1,100,,44553,8079,,,1,100,,44551,8079,,,1
1301,'F2',638,,44563,8079,,,1,100,,44556,8079,,,1,100,,44564,8079,,,1,100,,44557,8079,,,1,100,,44558,8079,,,1,100,,44565,8079,,,1,100,,44567,8079,,,1,100,,44559,8079,,,1,100,,44568,8079,,,1,100,,44560,8079,,,1,100,,44555,8079,,,1,100,,44570,8079,,,1,100,,44573,8079,,,1,100,,44561,8079,,,1,100,,44569,8079,,,1,100,,44566,8079,,,1,100,,44574,8079,,,1,100,,44571,8079,,,1,100,,44562,8079,,,1,100,,44572,8079,,,1
1301,'F8',638,,24168,8079,,,1,100,,24161,8079,,,1,100,,24169,8079,,,1,100,,24162,8079,,,1,100,,24163,8079,,,1,100,,24170,8079,,,1,100,,24172,8079,,,1,100,,24164,8079,,,1,100,,24173,8079,,,1,100,,24165,8079,,,1,100,,24160,8079,,,1,100,,24175,8079,,,1,100,,24178,8079,,,1,100,,24166,8079,,,1,100,,24174,8079,,,1,100,,24171,8079,,,1,100,,24179,8079,,,1,100,,24176,8079,,,1,100,,24167,8079,,,1,100,,24177,8079,,,1
1301,'F9',638,,24187,8079,,,1,100,,24182,8079,,,1,100,,24188,8079,,,1,100,,24183,8079,,,1,100,,24189,8079,,,1,100,,24184,8079,,,1,100,,24190,8079,,,1,100,,24185,8079,,,1,100,,24192,8079,,,1,100,,24199,8079,,,1,100,,24180,8079,,,1,100,,24191,8079,,,1,100,,24186,8079,,,1,100,,24193,8079,,,1,100,,24197,8079,,,1,100,,24195,8079,,,1,100,,24194,8079,,,1,100,,24181,8079,,,1,100,,24198,8079,,,1,100,,24196,8079,,,1
1301,'SA',638,,24208,8079,,,1,100,,24201,8079,,,1,100,,24209,8079,,,1,100,,24202,8079,,,1,100,,24203,8079,,,1,100,,24210,8079,,,1,100,,24212,8079,,,1,100,,24204,8079,,,1,100,,24213,8079,,,1,100,,24205,8079,,,1,100,,24200,8079,,,1,100,,24215,8079,,,1,100,,24218,8079,,,1,100,,24206,8079,,,1,100,,24214,8079,,,1,100,,24211,8079,,,1,100,,24219,8079,,,1,100,,24216,8079,,,1,100,,24207,8079,,,1,100,,24217,8079,,,1
1301,'SE',545,,44590,8079,,,1,72,,44577,8079,,,1,31,,44609,8079,,,1,57,,44614,8079,,,1,14,,44597,8079,,,1,13,,44595,8079,,,1,14,,44616,8079,,,1,62,,44605,8079,,,1,12,,44607,8079,,,1,13,,44598,8079,,,1,15,,44596,8079,,,1,55,,44599,8079,,,1,20,,44604,8079,,,1,29,,44588,8079,,,1,70,,44615,8079,,,1,30,,44586,8079,,,1,70,,44575,8079,,,1,30,,44592,8079,,,1,70,,44601,8079,,,1,31,,44591,8079,,,1,70,,44582,8079,,,1,30,,44589,8079,,,1,70,,44594,8079,,,1,30,,44581,8079,,,1,69,,44576,8079,,,1,35,,44580,8079,,,1,69,,44600,8079,,,1,27,,44587,8079,,,1,55,,44612,8079,,,1,20,,44617,8079,,,1,22,,44610,8079,,,1,58,,44613,8079,,,1,19,,44585,8079,,,1,29,,44578,8079,,,1,68,,44608,8079,,,1,30,,44593,8079,,,1,70,,44584,8079,,,1,30,,44618,8079,,,1,70,,44606,8079,,,1,29,,44583,8079,,,1,100,,44611,8079,,,1,100,,44579,8079,,,1,100,,44603,8079,,,1,98,,44602,8079,,,1
1401,'SE',619,,44650,16721,,,1,32,,44645,16721,,,1,60,,44648,16721,,,1,16,,44651,16721,,,1,16,,44649,16721,,,1,14,,44642,16721,,,1,54,,44647,16721,,,1,14,,44646,16721,,,1,14,,44652,16721,,,1,16,,44644,16721,,,1,56,,44643,16721,,,1,21,,44653,16721,,,1,22,,44664,14588,,,1,100,,44658,14588,,,1,100,,44663,14588,,,1,100,,44662,14588,,,1,100,,44656,14588,,,1,100,,44655,14588,,,1,100,,44659,14588,,,1,85,,44661,14588,,,1,15,,44657,14588,,,1,59,,44665,14588,,,1,24,,44660,14588,,,1,18,,44669,14588,,,1,60,,44654,14588,,,1,20,,44668,14588,,,1,18,,44666,14588,,,1,68,,44667,14588,,,1
1501,'DI',707,,24559,9121,,,1,100,,24556,9121,,,1,100,,24553,9121,,,1,100,,24566,9121,,,1,101,,24571,9121,,,1,100,,24564,9121,,,1,100,,24560,9121,,,1,100,,24554,9121,,,1,100,,24568,9121,,,1,100,,24555,9121,,,1,100,,24563,9121,,,1,100,,24561,9121,,,1,100,,24565,9121,,,1,97,,24569,9121,,,1,100,,24567,9121,,,1,100,,24562,9121,,,1,100,,24557,9121,,,1,100,,24570,9121,,,1,100,,24558,9121,,,1
1501,'F1',707,,44751,9121,,,1,100,,44748,9121,,,1,100,,44745,9121,,,1,100,,44758,9121,,,1,101,,44763,9121,,,1,100,,44756,9121,,,1,100,,44752,9121,,,1,100,,44746,9121,,,1,100,,44760,9121,,,1,100,,44747,9121,,,1,100,,44755,9121,,,1,100,,44753,9121,,,1,100,,44757,9121,,,1,97,,44761,9121,,,1,100,,44759,9121,,,1,100,,44754,9121,,,1,100,,44749,9121,,,1,100,,44762,9121,,,1,100,,44750,9121,,,1
1501,'F2',706,,44779,9121,,,1,100,,44773,9121,,,1,100,,44767,9121,,,1,100,,44780,9121,,,1,100,,44765,9121,,,1,100,,44764,9121,,,1,100,,44776,9121,,,1,101,,44771,9121,,,1,100,,44775,9121,,,1,102,,44772,9121,,,1,98,,44768,9121,,,1,100,,44774,9121,,,1,100,,44777,9121,,,1,99,,44778,9121,,,1,100,,44766,9121,,,1,100,,44781,9121,,,1,100,,44769,9121,,,1,100,,44782,9121,,,1,100,,44770,9121,,,1
1501,'F8',706,,24664,9121,,,1,100,,24658,9121,,,1,100,,24652,9121,,,1,100,,24665,9121,,,1,100,,24650,9121,,,1,100,,24649,9121,,,1,100,,24661,9121,,,1,101,,24656,9121,,,1,100,,24660,9121,,,1,102,,24657,9121,,,1,98,,24653,9121,,,1,100,,24659,9121,,,1,100,,24662,9121,,,1,99,,24663,9121,,,1,100,,24651,9121,,,1,100,,24666,9121,,,1,100,,24654,9121,,,1,100,,24667,9121,,,1,100,,24655,9121,,,1
1501,'F9',707,,24674,9121,,,1,100,,24671,9121,,,1,100,,24668,9121,,,1,100,,24681,9121,,,1,101,,24686,9121,,,1,100,,24679,9121,,,1,100,,24675,9121,,,1,100,,24669,9121,,,1,100,,24683,9121,,,1,100,,24670,9121,,,1,100,,24678,9121,,,1,100,,24676,9121,,,1,100,,24680,9121,,,1,97,,24684,9121,,,1,100,,24682,9121,,,1,100,,24677,9121,,,1,100,,24672,9121,,,1,100,,24685,9121,,,1,100,,24673,9121,,,1
1501,'SA',706,,24702,9121,,,1,100,,24696,9121,,,1,100,,24690,9121,,,1,100,,24703,9121,,,1,100,,24688,9121,,,1,100,,24687,9121,,,1,100,,24699,9121,,,1,101,,24694,9121,,,1,100,,24698,9121,,,1,102,,24695,9121,,,1,98,,24691,9121,,,1,100,,24697,9121,,,1,100,,24700,9121,,,1,99,,24701,9121,,,1,100,,24689,9121,,,1,100,,24704,9121,,,1,100,,24692,9121,,,1,100,,24705,9121,,,1,100,,24693,9121,,,1
1501,'SE',530,,44799,9121,,,1,86,,44796,9121,,,1,31,,44810,9121,,,1,73,,44786,9121,,,1,21,,44787,9121,,,1,60,,44795,9121,,,1,20,,44811,9121,,,1,30,,44802,9121,,,1,72,,44821,9121,,,1,28,,44806,9121,,,1,68,,44791,9121,,,1,30,,44816,9121,,,1,70,,44783,9121,,,1,30,,44792,9121,,,1,71,,44788,9121,,,1,30,,44784,9121,,,1,70,,44789,9121,,,1,30,,44807,9121,,,1,70,,44785,9121,,,1,30,,44819,9121,,,1,72,,44804,9121,,,1,31,,44803,9121,,,1,63,,44798,9121,,,1,39,,44794,9121,,,1,67,,44793,9121,,,1,30,,44790,9121,,,1,71,,44812,9121,,,1,26,,44817,9121,,,1,70,,44801,9121,,,1,30,,44805,9121,,,1,68,,44815,9121,,,1,30,,44820,9121,,,1,70,,44797,9121,,,1,30,,44808,9121,,,1,70,,44814,9121,,,1,30,,44813,9121,,,1,98,,44818,9121,,,1,100,,44809,9121,,,1,99,,44800,9121,,,1
