2100,'DI',523,,26717,12026,,,1,30,,26710,12026,,,1,70,,26733,12026,,,1,29,,26735,12026,,,1,70,,26737,12026,,,1,30,,26728,12026,,,1,71,,26729,12026,,,1,30,,26734,12026,,,1,70,,26718,12026,,,1,27,,26731,12026,,,1,73,,26744,12026,,,1,30,,26742,12026,,,1,72,,26732,12026,,,1,28,,26719,12026,,,1,71,,26738,12026,,,1,30,,26730,12026,,,1,70,,26736,12026,,,1,30,,26745,12026,,,1,70,,26743,12026,,,1,30,,26720,12026,,,1,70,,26722,12026,,,1,30,,26711,12026,,,1,70,,26725,12026,,,1,30,,26721,12026,,,1,70,,26705,12026,,,1,30,,26712,12026,,,1,70,,26726,12026,,,1,29,,26709,12026,,,1,70,,26706,12026,,,1,30,,26708,12026,,,1,70,,26740,12026,,,1,30,,26723,12026,,,1,70,,26713,12026,,,1,30,,26727,12026,,,1,70,,26714,12026,,,1,30,,26716,12026,,,1,70,,26739,12026,,,1,30,,26741,12026,,,1,70,,26707,12026,,,1,30,,26724,12026,,,1,70,,26715,12026,,,1
2100,'F8',523,,26891,12026,,,1,30,,26882,12026,,,1,70,,26895,12026,,,1,30,,26904,12026,,,1,70,,26905,12026,,,1,30,,26893,12026,,,1,70,,26908,12026,,,1,30,,26896,12026,,,1,70,,26883,12026,,,1,25,,26878,12026,,,1,71,,26892,12026,,,1,34,,26897,12026,,,1,73,,26879,12026,,,1,24,,26884,12026,,,1,74,,26888,12026,,,1,30,,26901,12026,,,1,70,,26906,12026,,,1,30,,26898,12026,,,1,70,,26909,12026,,,1,30,,26902,12026,,,1,70,,26907,12026,,,1,30,,26899,12026,,,1,70,,26911,12026,,,1,30,,26885,12026,,,1,70,,26910,12026,,,1,30,,26900,12026,,,1,70,,26912,12026,,,1,29,,26874,12026,,,1,70,,26889,12026,,,1,30,,26903,12026,,,1,70,,26886,12026,,,1,30,,26894,12026,,,1,70,,26880,12026,,,1,30,,26890,12026,,,1,70,,26876,12026,,,1,30,,26887,12026,,,1,70,,26914,12026,,,1,30,,26881,12026,,,1,70,,26913,12026,,,1,30,,26877,12026,,,1,69,,26875,12026,,,1
2100,'F9',523,,26927,12026,,,1,30,,26920,12026,,,1,70,,26943,12026,,,1,29,,26945,12026,,,1,70,,26947,12026,,,1,30,,26938,12026,,,1,71,,26939,12026,,,1,30,,26944,12026,,,1,70,,26928,12026,,,1,27,,26941,12026,,,1,73,,26954,12026,,,1,30,,26952,12026,,,1,72,,26942,12026,,,1,28,,26929,12026,,,1,71,,26948,12026,,,1,30,,26940,12026,,,1,70,,26946,12026,,,1,30,,26955,12026,,,1,70,,26953,12026,,,1,30,,26930,12026,,,1,70,,26932,12026,,,1,30,,26921,12026,,,1,70,,26935,12026,,,1,30,,26931,12026,,,1,70,,26915,12026,,,1,30,,26922,12026,,,1,70,,26936,12026,,,1,29,,26919,12026,,,1,70,,26916,12026,,,1,30,,26918,12026,,,1,70,,26950,12026,,,1,30,,26933,12026,,,1,70,,26923,12026,,,1,30,,26937,12026,,,1,70,,26924,12026,,,1,30,,26926,12026,,,1,70,,26949,12026,,,1,30,,26951,12026,,,1,70,,26917,12026,,,1,30,,26934,12026,,,1,70,,26925,12026,,,1
2100,'SA',523,,26973,12026,,,1,30,,26964,12026,,,1,70,,26977,12026,,,1,30,,26986,12026,,,1,70,,26987,12026,,,1,30,,26975,12026,,,1,70,,26988,12026,,,1,30,,26978,12026,,,1,70,,26965,12026,,,1,25,,26960,12026,,,1,71,,26974,12026,,,1,34,,26979,12026,,,1,73,,26961,12026,,,1,24,,26966,12026,,,1,74,,26970,12026,,,1,30,,26983,12026,,,1,70,,6221,12026,,,1,30,,26980,12026,,,1,70,,26989,12026,,,1,30,,26984,12026,,,1,70,,6222,12026,,,1,30,,26981,12026,,,1,70,,26991,12026,,,1,30,,26967,12026,,,1,70,,26990,12026,,,1,30,,26982,12026,,,1,70,,26992,12026,,,1,29,,26956,12026,,,1,70,,26971,12026,,,1,30,,26985,12026,,,1,70,,26968,12026,,,1,30,,26976,12026,,,1,70,,26962,12026,,,1,30,,26972,12026,,,1,70,,26958,12026,,,1,30,,26969,12026,,,1,70,,26993,12026,,,1,30,,26963,12026,,,1,70,,6233,12026,,,1,30,,26959,12026,,,1,69,,26957,12026,,,1
2100,'SE',536,,27004,12026,,,1,15,,27005,12026,,,1,55,,26997,12026,,,1,12,,26999,12026,,,1,10,,27031,12026,,,1,20,,27035,12026,,,1,56,,26998,12026,,,1,10,,27008,12026,,,1,14,,27006,12026,,,1,17,,27000,12026,,,1,57,,27032,12026,,,1,23,,27007,12026,,,1,18,,27044,12026,,,1,60,,27033,12026,,,1,21,,27026,12026,,,1,27,,27028,12026,,,1,72,,27036,12026,,,1,30,,27034,12026,,,1,70,,26994,12026,,,1,30,,27020,12026,,,1,73,,27022,12026,,,1,30,,27001,12026,,,1,70,,27037,12026,,,1,30,,27045,12026,,,1,68,,27029,12026,,,1,81,,27027,12026,,,1,7,,27021,12026,,,1,17,,27017,12026,,,1,15,,27009,12026,,,1,15,,27002,12026,,,1,55,,27038,12026,,,1,15,,27030,12026,,,1,16,,27014,12026,,,1,59,,27041,12026,,,1,17,,27040,12026,,,1,10,,27018,12026,,,1,11,,27010,12026,,,1,15,,27003,12026,,,1,53,,27039,12026,,,1,15,,27019,12026,,,1,15,,27015,12026,,,1,60,,27042,12026,,,1,20,,27024,12026,,,1,17,,27011,12026,,,1,70,,27025,12026,,,1,30,,26995,12026,,,1,70,,27023,12026,,,1,30,,27016,12026,,,1,100,,27012,12026,,,1,100,,27043,12026,,,1,97,,26996,12026,,,1,100,,27013,12026,,,1
13201,'DI',722,,38200,9587,,,2,100,,38198,9587,,,2,100,,38199,9587,,,2,100,,38204,9587,,,2,100,,38201,9587,,,2,100,,38202,9587,,,2,100,,38205,9587,,,2,100,,38208,9587,,,2,100,,38206,9587,,,2,105,,38210,9587,,,2,95,,38209,9587,,,2,100,,38207,9587,,,2,101,,38211,9587,,,2,97,,38212,9587,,,2,100,,38203,9587,,,2,100,,38197,9587,,,2,100,,38213,9587,,,2,100,,38214,9587,,,2
13201,'F8',722,,38280,9587,,,2,100,,38296,9587,,,2,100,,38284,9587,,,2,100,,38279,9587,,,2,103,,38281,9587,,,2,97,,38285,9587,,,2,104,,38282,9587,,,2,96,,38295,9587,,,2,104,,38286,9587,,,2,96,,38288,9587,,,2,100,,38283,9587,,,2,100,,38287,9587,,,2,101,,38289,9587,,,2,97,,38291,9587,,,2,100,,38290,9587,,,2,100,,38293,9587,,,2,100,,38292,9587,,,2,100,,38294,9587,,,2
13201,'F9',722,,38300,9587,,,2,100,,38298,9587,,,2,100,,38299,9587,,,2,100,,38304,9587,,,2,100,,38301,9587,,,2,100,,38302,9587,,,2,100,,38305,9587,,,2,100,,38308,9587,,,2,100,,38306,9587,,,2,105,,38310,9587,,,2,95,,38309,9587,,,2,100,,38307,9587,,,2,101,,38311,9587,,,2,97,,38312,9587,,,2,100,,38303,9587,,,2,100,,38297,9587,,,2,100,,38313,9587,,,2,100,,38314,9587,,,2
13201,'SA',722,,38316,9587,,,2,100,,38332,9587,,,2,100,,38320,9587,,,2,100,,38315,9587,,,2,103,,38317,9587,,,2,97,,38321,9587,,,2,104,,38318,9587,,,2,96,,38331,9587,,,2,104,,38322,9587,,,2,96,,38324,9587,,,2,100,,38319,9587,,,2,100,,38323,9587,,,2,101,,38325,9587,,,2,97,,38327,9587,,,2,100,,38326,9587,,,2,100,,38329,9587,,,2,100,,38328,9587,,,2,100,,38330,9587,,,2
13201,'SE',556,,38339,9587,,,2,70,,38336,9587,,,2,33,,38345,9587,,,2,60,,38338,9587,,,2,23,,38343,9587,,,2,10,,38349,9587,,,2,50,,38347,9587,,,2,22,,38346,9587,,,2,18,,38340,9587,,,2,16,,38344,9587,,,2,60,,38348,9587,,,2,20,,38358,9587,,,2,19,,16560,9587,,,2,97,,38359,9587,,,2,99,,16564,9587,,,2,96,,38357,9587,,,2,100,,38350,9587,,,2,110,,38351,9587,,,2,51,,38354,9587,,,2,3,,38333,9587,,,2,43,,38341,9587,,,2,65,,38352,9587,,,2,20,,38355,9587,,,2,18,,38337,9587,,,2,63,,38342,9587,,,2,19,,38335,9587,,,2,18,,38353,9587,,,2,59,,38334,9587,,,2,40,,38356,9587,,,2
53201,'SE',858,,40660,0,,,2,1,,40661,0,,,2
64000,'SE',1622,,40789,5816,,,2,1,,40790,5816,,,2,1,,40791,5816,,,2
64001,'SE',834,,40796,1522,,,2,1,,40797,1522,,,2,1,,40795,1522,,,2
69700,'SE',1636,,40968,8601,,,2,1,,40969,8601,,,2
69701,'SE',833,,40972,2247,,,2,1,,40973,2247,,,2
