301,'DI',634,,52169,10058,,,1,100,,52177,10058,,,1,100,,52170,10058,,,1,100,,52178,10058,,,1,100,,52171,10058,,,1,100,,52172,10058,,,1,100,,52180,10058,,,1,100,,52173,10058,,,1,100,,52174,10058,,,1,100,,52175,10058,,,1,100,,52179,10058,,,1,100,,705,10058,,,1,100,,706,10058,,,1,100,,52176,10058,,,1,100,,20857,10058,,,1,100,,20858,10058,,,1,100,,20859,10058,,,1,100,,20860,10058,,,1,100,,20861,10058,,,1
301,'F1',634,,52181,10058,,,1,100,,52189,10058,,,1,100,,52182,10058,,,1,100,,52190,10058,,,1,100,,52183,10058,,,1,100,,52184,10058,,,1,100,,52192,10058,,,1,100,,52185,10058,,,1,100,,52186,10058,,,1,100,,52187,10058,,,1,100,,52191,10058,,,1,100,,43294,10058,,,1,100,,43295,10058,,,1,100,,52188,10058,,,1,100,,43297,10058,,,1,100,,43298,10058,,,1,100,,43299,10058,,,1,100,,43300,10058,,,1,100,,43301,10058,,,1
301,'F2',604,,52203,10058,,,1,30,,52205,10058,,,1,70,,52208,10058,,,1,30,,52193,10058,,,1,70,,52204,10058,,,1,30,,52212,10058,,,1,70,,52209,10058,,,1,30,,52194,10058,,,1,70,,52200,10058,,,1,30,,52195,10058,,,1,70,,52210,10058,,,1,30,,52213,10058,,,1,70,,52201,10058,,,1,30,,52216,10058,,,1,70,,52202,10058,,,1,30,,52217,10058,,,1,70,,43328,10058,,,1,30,,52218,10058,,,1,70,,43329,10058,,,1,30,,52211,10058,,,1,70,,52196,10058,,,1,30,,52222,10058,,,1,70,,52197,10058,,,1,30,,52223,10058,,,1,70,,52198,10058,,,1,30,,52224,10058,,,1,100,,52214,10058,,,1,100,,52215,10058,,,1,100,,52219,10058,,,1,100,,52220,10058,,,1,100,,52221,10058,,,1,100,,52207,10058,,,1
301,'SA',604,,52235,10058,,,1,30,,52237,10058,,,1,70,,52240,10058,,,1,30,,52225,10058,,,1,70,,52236,10058,,,1,30,,52244,10058,,,1,70,,52241,10058,,,1,30,,52226,10058,,,1,70,,52232,10058,,,1,30,,52227,10058,,,1,70,,52242,10058,,,1,30,,52245,10058,,,1,70,,52233,10058,,,1,30,,52248,10058,,,1,70,,52234,10058,,,1,30,,52249,10058,,,1,70,,847,10058,,,1,30,,52250,10058,,,1,70,,848,10058,,,1,30,,52243,10058,,,1,70,,52228,10058,,,1,30,,52254,10058,,,1,70,,52229,10058,,,1,30,,52255,10058,,,1,70,,52230,10058,,,1,30,,52256,10058,,,1,100,,52246,10058,,,1,100,,52247,10058,,,1,100,,52251,10058,,,1,100,,52252,10058,,,1,100,,52253,10058,,,1,100,,52239,10058,,,1
301,'SE',521,,52257,10058,,,1,30,,52270,10058,,,1,190,,52269,10058,,,1,197,,52278,10058,,,1,70,,52280,10058,,,1,30,,52279,10058,,,1,70,,52281,10058,,,1,30,,52268,10058,,,1,70,,52273,10058,,,1,30,,52258,10058,,,1,70,,52274,10058,,,1,30,,52259,10058,,,1,70,,52275,10058,,,1,30,,52260,10058,,,1,472,,52271,10058,,,1,27,,52276,10058,,,1,67,,52272,10058,,,1,30,,52277,10058,,,1,70,,52266,10058,,,1,30,,52261,10058,,,1,70,,52267,10058,,,1,30,,52262,10058,,,1,100,,52263,10058,,,1,100,,52264,10058,,,1
400,'DI',649,,52309,21021,,,1,69,,52302,21021,,,1,30,,52320,21021,,,1,70,,52312,21021,,,1,30,,52310,21021,,,1,72,,52303,21021,,,1,30,,52321,21021,,,1,72,,52313,21021,,,1,30,,52323,21021,,,1,70,,52304,21021,,,1,33,,52322,21021,,,1,70,,52314,21021,,,1,27,,52324,21021,,,1,71,,52305,21021,,,1,32,,52329,21021,,,1,70,,52327,21021,,,1,28,,52317,21021,,,1,71,,52306,21021,,,1,29,,52325,21021,,,1,70,,52330,21021,,,1,32,,52315,21021,,,1,70,,52307,21021,,,1,30,,52326,21021,,,1,70,,52331,21021,,,1,30,,52316,21021,,,1,68,,52318,21021,,,1,30,,52332,21021,,,1,70,,52328,21021,,,1,30,,52333,21021,,,1,70,,52319,21021,,,1,30,,52311,21021,,,1,70,,52334,21021,,,1,30,,52336,21021,,,1,100,,52335,21021,,,1,100,,52308,21021,,,1
400,'F1',649,,52344,21021,,,1,69,,52337,21021,,,1,30,,52355,21021,,,1,70,,52347,21021,,,1,30,,52345,21021,,,1,72,,52338,21021,,,1,30,,52356,21021,,,1,72,,52348,21021,,,1,30,,52358,21021,,,1,70,,52339,21021,,,1,33,,52357,21021,,,1,70,,52349,21021,,,1,27,,52359,21021,,,1,71,,52340,21021,,,1,32,,52364,21021,,,1,70,,52362,21021,,,1,28,,52352,21021,,,1,71,,52341,21021,,,1,29,,52360,21021,,,1,70,,52365,21021,,,1,32,,52350,21021,,,1,70,,52342,21021,,,1,30,,52361,21021,,,1,70,,52366,21021,,,1,30,,52351,21021,,,1,68,,52353,21021,,,1,30,,52367,21021,,,1,70,,52363,21021,,,1,30,,52368,21021,,,1,70,,52354,21021,,,1,30,,52346,21021,,,1,70,,52369,21021,,,1,30,,52371,21021,,,1,100,,52370,21021,,,1,100,,52343,21021,,,1
400,'F2',649,,52373,21021,,,1,69,,52391,21021,,,1,30,,52375,21021,,,1,70,,52380,21021,,,1,30,,52374,21021,,,1,72,,52392,21021,,,1,30,,52376,21021,,,1,72,,52381,21021,,,1,31,,52383,21021,,,1,70,,52393,21021,,,1,32,,52377,21021,,,1,70,,52382,21021,,,1,30,,52399,21021,,,1,70,,52397,21021,,,1,30,,52372,21021,,,1,70,,52384,21021,,,1,30,,52390,21021,,,1,70,,52385,21021,,,1,30,,52395,21021,,,1,70,,52378,21021,,,1,30,,52398,21021,,,1,70,,52394,21021,,,1,30,,52379,21021,,,1,70,,52387,21021,,,1,28,,52389,21021,,,1,70,,52401,21021,,,1,30,,52386,21021,,,1,70,,52404,21021,,,1,30,,52402,21021,,,1,70,,52403,21021,,,1,30,,52396,21021,,,1,70,,52405,21021,,,1,30,,52406,21021,,,1,100,,52400,21021,,,1,100,,52388,21021,,,1
400,'SA',649,,52408,21021,,,1,69,,52426,21021,,,1,30,,52410,21021,,,1,70,,52415,21021,,,1,30,,52409,21021,,,1,72,,52427,21021,,,1,30,,52411,21021,,,1,72,,52416,21021,,,1,31,,52418,21021,,,1,70,,52428,21021,,,1,32,,52412,21021,,,1,70,,52417,21021,,,1,30,,52434,21021,,,1,70,,52432,21021,,,1,30,,52407,21021,,,1,70,,52419,21021,,,1,30,,52425,21021,,,1,70,,52420,21021,,,1,30,,52430,21021,,,1,70,,52413,21021,,,1,30,,52433,21021,,,1,70,,52429,21021,,,1,30,,52414,21021,,,1,70,,52422,21021,,,1,28,,52424,21021,,,1,70,,52436,21021,,,1,30,,52421,21021,,,1,70,,52439,21021,,,1,30,,52437,21021,,,1,70,,52438,21021,,,1,30,,52431,21021,,,1,70,,52440,21021,,,1,30,,52441,21021,,,1,100,,52435,21021,,,1,100,,52423,21021,,,1
400,'SE',946,,52453,21021,,,1,63,,52442,21021,,,1,31,,52455,21021,,,1,70,,52447,21021,,,1,30,,52448,21021,,,1,70,,52449,21021,,,1,30,,52451,21021,,,1,70,,52460,21021,,,1,30,,52461,21021,,,1,70,,52450,21021,,,1,29,,52446,21021,,,1,69,,52443,21021,,,1,327,,52459,21021,,,1,20,,52454,21021,,,1,71,,52464,21021,,,1,74,,52457,21021,,,1,30,,52444,21021,,,1,70,,52463,21021,,,1,28,,52465,21021,,,1,30,,52462,21021,,,1,70,,52452,21021,,,1,26,,52458,21021,,,1,70,,52466,21021,,,1,100,,52456,21021,,,1
1601,'DI',558,,54657,7253,,,2,100,,54658,7253,,,2,70,,54677,7253,,,2,30,,54659,7253,,,2,70,,54678,7253,,,2,30,,54660,7253,,,2,70,,54679,7253,,,2,30,,54661,7253,,,2,70,,54680,7253,,,2,30,,54662,7253,,,2,70,,54681,7253,,,2,30,,54663,7253,,,2,68,,54682,7253,,,2,32,,54664,7253,,,2,73,,54683,7253,,,2,27,,54665,7253,,,2,70,,54684,7253,,,2,30,,54666,7253,,,2,70,,54685,7253,,,2,30,,54667,7253,,,2,70,,54686,7253,,,2,30,,54668,7253,,,2,70,,54687,7253,,,2,30,,54669,7253,,,2,100,,54670,7253,,,2,100,,54671,7253,,,2,100,,54672,7253,,,2,100,,54673,7253,,,2,100,,54674,7253,,,2,100,,54675,7253,,,2,100,,54676,7253,,,2
1601,'F1',558,,54688,7253,,,2,100,,54689,7253,,,2,70,,54708,7253,,,2,30,,54690,7253,,,2,70,,54709,7253,,,2,30,,54691,7253,,,2,70,,54710,7253,,,2,30,,54692,7253,,,2,70,,54711,7253,,,2,30,,54693,7253,,,2,70,,54712,7253,,,2,30,,54694,7253,,,2,68,,54713,7253,,,2,32,,54695,7253,,,2,73,,54714,7253,,,2,27,,54696,7253,,,2,70,,54715,7253,,,2,30,,54697,7253,,,2,70,,54716,7253,,,2,30,,54698,7253,,,2,70,,54717,7253,,,2,30,,54699,7253,,,2,70,,54718,7253,,,2,30,,54700,7253,,,2,100,,54701,7253,,,2,100,,54702,7253,,,2,100,,54703,7253,,,2,100,,54704,7253,,,2,100,,54705,7253,,,2,100,,54706,7253,,,2,100,,54707,7253,,,2
1601,'F2',558,,54725,7253,,,2,100,,54726,7253,,,2,68,,54719,7253,,,2,32,,54727,7253,,,2,70,,54720,7253,,,2,30,,54728,7253,,,2,70,,54721,7253,,,2,30,,54740,7253,,,2,70,,54722,7253,,,2,30,,54741,7253,,,2,70,,54723,7253,,,2,30,,54742,7253,,,2,70,,54724,7253,,,2,30,,54729,7253,,,2,70,,44986,7253,,,2,30,,54730,7253,,,2,70,,44987,7253,,,2,30,,54731,7253,,,2,70,,44988,7253,,,2,30,,54732,7253,,,2,70,,44989,7253,,,2,30,,54733,7253,,,2,67,,44990,7253,,,2,33,,54734,7253,,,2,100,,54735,7253,,,2,100,,54736,7253,,,2,100,,54737,7253,,,2,100,,54738,7253,,,2,100,,54739,7253,,,2,100,,44991,7253,,,2,100,,44992,7253,,,2
1601,'SA',558,,54749,7253,,,2,100,,54750,7253,,,2,68,,54743,7253,,,2,32,,54751,7253,,,2,70,,54744,7253,,,2,30,,54752,7253,,,2,70,,54745,7253,,,2,30,,54764,7253,,,2,70,,54746,7253,,,2,30,,54765,7253,,,2,70,,54747,7253,,,2,30,,54766,7253,,,2,70,,54748,7253,,,2,30,,54753,7253,,,2,70,,25297,7253,,,2,30,,54754,7253,,,2,70,,25298,7253,,,2,30,,54755,7253,,,2,70,,25299,7253,,,2,30,,54756,7253,,,2,70,,25300,7253,,,2,30,,54757,7253,,,2,67,,25301,7253,,,2,33,,54758,7253,,,2,100,,54759,7253,,,2,100,,54760,7253,,,2,100,,54761,7253,,,2,100,,54762,7253,,,2,100,,54763,7253,,,2,100,,25302,7253,,,2,100,,25303,7253,,,2
1601,'SE',528,,54808,7253,,,2,30,,54803,7253,,,2,55,,54778,7253,,,2,17,,54772,7253,,,2,15,,54805,7253,,,2,14,,54767,7253,,,2,52,,54782,7253,,,2,10,,54771,7253,,,2,8,,54774,7253,,,2,8,,54786,7253,,,2,6,,54802,7253,,,2,5,,54785,7253,,,2,5,,54787,7253,,,2,5,,54801,7253,,,2,46,,54799,7253,,,2,11,,54779,7253,,,2,10,,54783,7253,,,2,10,,54770,7253,,,2,9,,54775,7253,,,2,11,,54784,7253,,,2,53,,54804,7253,,,2,25,,54773,7253,,,2,70,,54800,7253,,,2,30,,54811,7253,,,2,70,,54813,7253,,,2,30,,54780,7253,,,2,70,,54769,7253,,,2,30,,54810,7253,,,2,70,,54788,7253,,,2,30,,54797,7253,,,2,70,,54809,7253,,,2,30,,54776,7253,,,2,71,,54789,7253,,,2,19,,54814,7253,,,2,23,,54777,7253,,,2,55,,54807,7253,,,2,15,,54790,7253,,,2,13,,54806,7253,,,2,15,,54798,7253,,,2,10,,54768,7253,,,2,52,,54781,7253,,,2,12,,54812,7253,,,2,12,,54791,7253,,,2,12,,54794,7253,,,2,64,,54796,7253,,,2,21,,54815,7253,,,2,27,,54795,7253,,,2,80,,54816,7253,,,2,67,,45016,7253,,,2,30,,54792,7253,,,2,28,,45017,7253,,,2,70,,54793,7253,,,2,30,,45018,7253,,,2,98,,45019,7253,,,2,100,,45020,7253,,,2,100,,45021,7253,,,2
1901,'DI',603,,55208,14397,,,2,100,,55209,14397,,,2,100,,55210,14397,,,2,100,,55211,14397,,,2,104,,55212,14397,,,2,100,,55213,14397,,,2,100,,55214,14397,,,2,100,,55215,14397,,,2,100,,55216,14397,,,2,100,,55217,14397,,,2,100,,55218,14397,,,2,100,,55219,14397,,,2,100,,55220,14397,,,2,100,,55221,14397,,,2,100,,55222,14397,,,2,100,,55223,14397,,,2,100,,55224,14397,,,2,100,,55226,14397,,,2,100,,55225,14397,,,2,100,,55227,14397,,,2
1901,'F1',603,,55228,14397,,,2,100,,55229,14397,,,2,100,,55230,14397,,,2,100,,55231,14397,,,2,104,,55232,14397,,,2,100,,55233,14397,,,2,100,,55234,14397,,,2,100,,55235,14397,,,2,100,,55236,14397,,,2,100,,55237,14397,,,2,100,,55238,14397,,,2,100,,55239,14397,,,2,100,,55240,14397,,,2,100,,55241,14397,,,2,100,,55242,14397,,,2,100,,55243,14397,,,2,100,,55244,14397,,,2,100,,55246,14397,,,2,100,,55245,14397,,,2,100,,55247,14397,,,2
1901,'F2',603,,55259,14397,,,2,30,,55280,14397,,,2,70,,55260,14397,,,2,30,,55281,14397,,,2,70,,55261,14397,,,2,30,,55251,14397,,,2,70,,55262,14397,,,2,30,,55252,14397,,,2,74,,55263,14397,,,2,30,,55253,14397,,,2,70,,55264,14397,,,2,30,,55254,14397,,,2,70,,55265,14397,,,2,30,,55255,14397,,,2,70,,55266,14397,,,2,30,,55256,14397,,,2,70,,55267,14397,,,2,30,,55257,14397,,,2,70,,55268,14397,,,2,30,,55258,14397,,,2,70,,55269,14397,,,2,30,,55248,14397,,,2,70,,55270,14397,,,2,30,,55249,14397,,,2,70,,55271,14397,,,2,30,,55250,14397,,,2,70,,55272,14397,,,2,100,,55273,14397,,,2,100,,55274,14397,,,2,100,,55275,14397,,,2,100,,55276,14397,,,2,100,,55277,14397,,,2,100,,55278,14397,,,2
1901,'SA',603,,55293,14397,,,2,30,,55314,14397,,,2,70,,55294,14397,,,2,30,,55315,14397,,,2,70,,55295,14397,,,2,30,,55285,14397,,,2,70,,55296,14397,,,2,30,,55286,14397,,,2,74,,55297,14397,,,2,30,,55287,14397,,,2,70,,55298,14397,,,2,30,,55288,14397,,,2,70,,55299,14397,,,2,30,,55289,14397,,,2,70,,55300,14397,,,2,30,,55290,14397,,,2,70,,55301,14397,,,2,30,,55291,14397,,,2,70,,55302,14397,,,2,30,,55292,14397,,,2,70,,55303,14397,,,2,30,,55282,14397,,,2,70,,55304,14397,,,2,30,,55283,14397,,,2,70,,55305,14397,,,2,30,,55284,14397,,,2,70,,55306,14397,,,2,100,,55307,14397,,,2,100,,55308,14397,,,2,100,,55309,14397,,,2,100,,55310,14397,,,2,100,,55311,14397,,,2,100,,55312,14397,,,2
1901,'SE',522,,55320,14397,,,2,35,,55319,14397,,,2,379,,55337,14397,,,2,74,,55332,14397,,,2,30,,55338,14397,,,2,70,,55333,14397,,,2,30,,55323,14397,,,2,70,,55334,14397,,,2,30,,55324,14397,,,2,70,,55335,14397,,,2,30,,45338,14397,,,2,70,,55336,14397,,,2,32,,45339,14397,,,2,408,,55339,14397,,,2,64,,55329,14397,,,2,25,,55330,14397,,,2,70,,55325,14397,,,2,30,,55331,14397,,,2,70,,55326,14397,,,2,30,,55321,14397,,,2,69,,55327,14397,,,2,100,,55328,14397,,,2,100,,55316,14397,,,2,100,,55317,14397,,,2
2101,'DI',620,,55843,15436,,,1,30,,55842,15436,,,1,70,,55853,15436,,,1,29,,55850,15436,,,1,70,,55860,15436,,,1,30,,55849,15436,,,1,71,,55857,15436,,,1,30,,55874,15436,,,1,70,,55848,15436,,,1,27,,55851,15436,,,1,73,,55854,15436,,,1,30,,55862,15436,,,1,72,,55852,15436,,,1,30,,55870,15436,,,1,71,,55844,15436,,,1,35,,55868,15436,,,1,70,,55861,15436,,,1,30,,55858,15436,,,1,70,,55866,15436,,,1,30,,55869,15436,,,1,70,,55855,15436,,,1,30,,55867,15436,,,1,70,,55845,15436,,,1,30,,55859,15436,,,1,70,,55873,15436,,,1,30,,55865,15436,,,1,64,,55863,15436,,,1,27,,55838,15436,,,1,70,,55856,15436,,,1,30,,55872,15436,,,1,70,,55846,15436,,,1,30,,55871,15436,,,1,70,,55835,15436,,,1,30,,55837,15436,,,1,70,,55864,15436,,,1,30,,55847,15436,,,1,70,,55840,15436,,,1,30,,55839,15436,,,1
2101,'F1',620,,55883,15436,,,1,30,,55882,15436,,,1,70,,55893,15436,,,1,29,,55890,15436,,,1,70,,55900,15436,,,1,30,,55889,15436,,,1,71,,55897,15436,,,1,30,,55914,15436,,,1,70,,55888,15436,,,1,27,,55891,15436,,,1,73,,55894,15436,,,1,30,,55902,15436,,,1,72,,55892,15436,,,1,30,,55910,15436,,,1,71,,55884,15436,,,1,35,,55908,15436,,,1,70,,55901,15436,,,1,30,,55898,15436,,,1,70,,55906,15436,,,1,30,,55909,15436,,,1,70,,55895,15436,,,1,30,,55907,15436,,,1,70,,55885,15436,,,1,30,,55899,15436,,,1,70,,55913,15436,,,1,30,,55905,15436,,,1,64,,55903,15436,,,1,27,,55878,15436,,,1,70,,55896,15436,,,1,30,,55912,15436,,,1,70,,55886,15436,,,1,30,,55911,15436,,,1,70,,55875,15436,,,1,30,,55877,15436,,,1,70,,55904,15436,,,1,30,,55887,15436,,,1,70,,55880,15436,,,1,30,,55879,15436,,,1
2101,'F2',620,,55917,15436,,,1,30,,55919,15436,,,1,70,,55948,15436,,,1,30,,55918,15436,,,1,73,,55938,15436,,,1,30,,55929,15436,,,1,70,,55920,15436,,,1,30,,55949,15436,,,1,70,,55944,15436,,,1,25,,55941,15436,,,1,71,,55933,15436,,,1,34,,55936,15436,,,1,73,,55942,15436,,,1,26,,55950,15436,,,1,74,,55927,15436,,,1,32,,55953,15436,,,1,70,,55945,15436,,,1,30,,55937,15436,,,1,70,,55921,15436,,,1,30,,55954,15436,,,1,70,,55946,15436,,,1,30,,55932,15436,,,1,70,,55922,15436,,,1,30,,55939,15436,,,1,70,,55947,15436,,,1,30,,55926,15436,,,1,64,,55923,15436,,,1,27,,55940,15436,,,1,70,,55951,15436,,,1,30,,55943,15436,,,1,70,,55915,15436,,,1,30,,55934,15436,,,1,70,,55924,15436,,,1,30,,55928,15436,,,1,70,,55930,15436,,,1,30,,55916,15436,,,1,70,,55952,15436,,,1,30,,55935,15436,,,1,70,,55931,15436,,,1
2101,'SA',620,,55957,15436,,,1,30,,55959,15436,,,1,70,,55988,15436,,,1,30,,55958,15436,,,1,73,,55978,15436,,,1,30,,55969,15436,,,1,70,,55960,15436,,,1,30,,55989,15436,,,1,70,,55984,15436,,,1,25,,55981,15436,,,1,71,,55973,15436,,,1,34,,55976,15436,,,1,73,,55982,15436,,,1,26,,55990,15436,,,1,74,,55967,15436,,,1,32,,55993,15436,,,1,70,,55985,15436,,,1,30,,55977,15436,,,1,70,,55961,15436,,,1,30,,55994,15436,,,1,70,,55986,15436,,,1,30,,55972,15436,,,1,70,,55962,15436,,,1,30,,55979,15436,,,1,70,,55987,15436,,,1,30,,55966,15436,,,1,64,,55963,15436,,,1,27,,55980,15436,,,1,70,,55991,15436,,,1,30,,55983,15436,,,1,70,,55955,15436,,,1,30,,55974,15436,,,1,70,,55964,15436,,,1,30,,55968,15436,,,1,70,,55970,15436,,,1,30,,55956,15436,,,1,70,,55992,15436,,,1,30,,55975,15436,,,1,70,,55971,15436,,,1
2101,'SE',518,,55997,15436,,,1,86,,55996,15436,,,1,400,,56010,15436,,,1,21,,56001,15436,,,1,27,,55998,15436,,,1,74,,56000,15436,,,1,30,,55995,15436,,,1,70,,55999,15436,,,1,32,,56005,15436,,,1,73,,56011,15436,,,1,70,,56006,15436,,,1,30,,56012,15436,,,1,81,,56002,15436,,,1,317,,56019,15436,,,1,20,,56016,15436,,,1,66,,56014,15436,,,1,26,,56007,15436,,,1,65,,56017,15436,,,1,30,,56013,15436,,,1,70,,56015,15436,,,1,29,,56008,15436,,,1,70,,56009,15436,,,1,30,,56003,15436,,,1,98,,56020,15436,,,1,97,,56018,15436,,,1
2301,'F2',625,,56098,9252,,,1,103,,56089,9252,,,1,103,,56091,9252,,,1,100,,56096,9252,,,1,103,,56097,9252,,,1,99,,56088,9252,,,1,103,,56094,9252,,,1,97,,56087,9252,,,1,99,,56090,9252,,,1,100,,56092,9252,,,1,100,,56093,9252,,,1,100,,56095,9252,,,1
2301,'SA',625,,56110,9252,,,1,103,,56101,9252,,,1,103,,56103,9252,,,1,100,,56108,9252,,,1,103,,56109,9252,,,1,99,,56100,9252,,,1,103,,56106,9252,,,1,97,,56099,9252,,,1,99,,56102,9252,,,1,100,,56104,9252,,,1,100,,56105,9252,,,1,100,,56107,9252,,,1
2301,'SE',1037,,56114,9252,,,1,100,,56111,9252,,,1,100,,56113,9252,,,1,103,,56115,9252,,,1,99,,56112,9252,,,1
2901,'DI',720,,56439,9566,,,1,100,,56440,9566,,,1,100,,56441,9566,,,1,100,,56442,9566,,,1,100,,56443,9566,,,1,100,,56444,9566,,,1,100,,56445,9566,,,1,100,,56446,9566,,,1,100,,56447,9566,,,1,100,,56448,9566,,,1,100,,56449,9566,,,1,100,,56450,9566,,,1,98,,56451,9566,,,1,100,,56452,9566,,,1,100,,56453,9566,,,1,100,,56454,9566,,,1,100,,56455,9566,,,1,120,,56456,9566,,,1
2901,'F1',720,,56458,9566,,,1,100,,56459,9566,,,1,100,,56460,9566,,,1,100,,56461,9566,,,1,100,,56462,9566,,,1,100,,56463,9566,,,1,100,,56464,9566,,,1,100,,56465,9566,,,1,100,,56466,9566,,,1,100,,56467,9566,,,1,100,,56468,9566,,,1,100,,56469,9566,,,1,98,,56470,9566,,,1,100,,56471,9566,,,1,100,,56472,9566,,,1,100,,56473,9566,,,1,100,,56474,9566,,,1,120,,56475,9566,,,1
2901,'F2',720,,56485,9566,,,1,100,,56486,9566,,,1,100,,56487,9566,,,1,100,,56488,9566,,,1,100,,56489,9566,,,1,100,,56490,9566,,,1,100,,56491,9566,,,1,100,,56492,9566,,,1,99,,56493,9566,,,1,99,,56494,9566,,,1,99,,56495,9566,,,1,108,,56477,9566,,,1,97,,56478,9566,,,1,97,,56479,9566,,,1,99,,56480,9566,,,1,100,,56481,9566,,,1,100,,56482,9566,,,1,120,,56483,9566,,,1
2901,'SA',720,,56504,9566,,,1,100,,56505,9566,,,1,100,,56506,9566,,,1,100,,56507,9566,,,1,100,,56508,9566,,,1,100,,56509,9566,,,1,100,,56510,9566,,,1,100,,56511,9566,,,1,99,,56512,9566,,,1,99,,56513,9566,,,1,99,,56514,9566,,,1,108,,56496,9566,,,1,97,,56497,9566,,,1,97,,56498,9566,,,1,99,,56499,9566,,,1,100,,56500,9566,,,1,100,,56501,9566,,,1,120,,56502,9566,,,1
2901,'SE',652,,56526,9566,,,1,66,,56535,9566,,,1,37,,56538,9566,,,1,2,,56517,9566,,,1,67,,56541,9566,,,1,30,,56530,9566,,,1,68,,56539,9566,,,1,103,,56516,9566,,,1,100,,56537,9566,,,1,101,,56542,9566,,,1,100,,56534,9566,,,1,100,,56524,9566,,,1,102,,56536,9566,,,1,75,,56540,9566,,,1,24,,56515,9566,,,1,74,,56533,9566,,,1,20,,56518,9566,,,1,28,,56519,9566,,,1,52,,56529,9566,,,1,28,,56527,9566,,,1,28,,56520,9566,,,1,67,,56525,9566,,,1,98,,56528,9566,,,1,99,,56521,9566,,,1,98,,56522,9566,,,1,98,,56523,9566,,,1,120,,56531,9566,,,1
7401,'DI',731,,59566,7409,,,1,100,,59553,7409,,,1,100,,59559,7409,,,1,100,,59554,7409,,,1,100,,59560,7409,,,1,99,,59561,7409,,,1,105,,59567,7409,,,1,96,,59562,7409,,,1,100,,59552,7409,,,1,100,,59568,7409,,,1,100,,59569,7409,,,1,104,,59555,7409,,,1,96,,59556,7409,,,1,100,,59557,7409,,,1,100,,59558,7409,,,1,100,,59563,7409,,,1,100,,59564,7409,,,1,100,,59565,7409,,,1
7401,'F1',731,,59584,7409,,,1,100,,59571,7409,,,1,100,,59577,7409,,,1,100,,59572,7409,,,1,100,,59578,7409,,,1,99,,59579,7409,,,1,105,,59585,7409,,,1,96,,59580,7409,,,1,100,,59570,7409,,,1,100,,59586,7409,,,1,100,,59587,7409,,,1,104,,59573,7409,,,1,96,,59574,7409,,,1,100,,59575,7409,,,1,100,,59576,7409,,,1,100,,59581,7409,,,1,100,,59582,7409,,,1,100,,59583,7409,,,1
7401,'F2',729,,59600,7409,,,1,102,,59601,7409,,,1,100,,59591,7409,,,1,99,,59602,7409,,,1,100,,59603,7409,,,1,101,,59599,7409,,,1,100,,59588,7409,,,1,100,,59589,7409,,,1,99,,59592,7409,,,1,101,,59593,7409,,,1,100,,59594,7409,,,1,102,,59604,7409,,,1,98,,59595,7409,,,1,100,,59596,7409,,,1,100,,59597,7409,,,1,100,,59605,7409,,,1,100,,59598,7409,,,1,100,,59606,7409,,,1,100,,59590,7409,,,1
7401,'SA',729,,59619,7409,,,1,102,,59620,7409,,,1,100,,59610,7409,,,1,99,,59621,7409,,,1,100,,59622,7409,,,1,101,,59618,7409,,,1,100,,59607,7409,,,1,100,,59608,7409,,,1,99,,59611,7409,,,1,101,,59612,7409,,,1,100,,59613,7409,,,1,102,,59623,7409,,,1,98,,59614,7409,,,1,100,,59615,7409,,,1,100,,59616,7409,,,1,100,,59624,7409,,,1,100,,59617,7409,,,1,100,,59625,7409,,,1,100,,59609,7409,,,1
7401,'SE',631,,59651,7409,,,1,72,,59649,7409,,,1,26,,59652,7409,,,1,78,,59648,7409,,,1,26,,59647,7409,,,1,70,,59650,7409,,,1,29,,59626,7409,,,1,101,,59631,7409,,,1,100,,59632,7409,,,1,101,,59627,7409,,,1,100,,59628,7409,,,1,101,,59629,7409,,,1,101,,59634,7409,,,1,69,,59633,7409,,,1,27,,59630,7409,,,1,76,,59641,7409,,,1,29,,59638,7409,,,1,70,,59645,7409,,,1,28,,59643,7409,,,1,69,,59644,7409,,,1,28,,59642,7409,,,1,99,,59639,7409,,,1,100,,59640,7409,,,1,99,,59635,7409,,,1,100,,59646,7409,,,1,100,,59636,7409,,,1,100,,59637,7409,,,1
9901,'DI',927,,61383,28514,,,2,100,,61384,28514,,,2,100,,61372,28514,,,2,104,,61381,28514,,,2,100,,61375,28514,,,2,100,,61376,28514,,,2,100,,61373,28514,,,2,100,,61386,28514,,,2,100,,61388,28514,,,2,96,,61385,28514,,,2,104,,61377,28514,,,2,96,,61374,28514,,,2,100,,61379,28514,,,2,100,,61378,28514,,,2,100,,61387,28514,,,2
9901,'F1',927,,61400,28514,,,2,100,,61401,28514,,,2,100,,61389,28514,,,2,104,,61398,28514,,,2,100,,61392,28514,,,2,100,,61393,28514,,,2,100,,61390,28514,,,2,100,,61403,28514,,,2,100,,61405,28514,,,2,96,,61402,28514,,,2,104,,61394,28514,,,2,96,,61391,28514,,,2,100,,61396,28514,,,2,100,,61395,28514,,,2,100,,61404,28514,,,2
9901,'F2',822,,61423,28514,,,2,105,,61413,28514,,,2,98,,61409,28514,,,2,102,,61414,28514,,,2,104,,61407,28514,,,2,100,,61421,28514,,,2,100,,61415,28514,,,2,100,,61416,28514,,,2,98,,61420,28514,,,2,102,,61412,28514,,,2,96,,61408,28514,,,2,100,,61410,28514,,,2,100,,61417,28514,,,2,100,,61411,28514,,,2,100,,61406,28514,,,2,100,,61418,28514,,,2,100,,61419,28514,,,2
9901,'SA',822,,61442,28514,,,2,105,,61432,28514,,,2,98,,61428,28514,,,2,102,,61433,28514,,,2,104,,61426,28514,,,2,100,,61440,28514,,,2,100,,61434,28514,,,2,100,,61435,28514,,,2,98,,61439,28514,,,2,102,,61431,28514,,,2,96,,61427,28514,,,2,100,,61429,28514,,,2,100,,61436,28514,,,2,100,,61430,28514,,,2,100,,61425,28514,,,2,100,,61437,28514,,,2,100,,61438,28514,,,2
9901,'SE',1028,,61453,28514,,,2,100,,61463,28514,,,2,100,,61451,28514,,,2,101,,61459,28514,,,2,100,,61455,28514,,,2,99,,61452,28514,,,2,402,,61460,28514,,,2,98,,61454,28514,,,2,100,,61457,28514,,,2,100,,61464,28514,,,2,100,,61456,28514,,,2,100,,61458,28514,,,2
12301,'DI',559,,37798,23549,,,1,100,,37808,23549,,,1,100,,37799,23549,,,1,100,,37809,23549,,,1,142,,37800,23549,,,1,100,,37810,23549,,,1,100,,37801,23549,,,1,100,,61842,23549,,,1,100,,37802,23549,,,1,100,,61843,23549,,,1,100,,37803,23549,,,1,100,,61844,23549,,,1,100,,61838,23549,,,1,100,,61845,23549,,,1,100,,61839,23549,,,1,58,,61846,23549,,,1,100,,61840,23549,,,1,100,,61847,23549,,,1,100,,61841,23549,,,1,100,,61848,23549,,,1
12301,'F1',559,,49985,23549,,,1,100,,49995,23549,,,1,100,,49986,23549,,,1,100,,49996,23549,,,1,142,,49987,23549,,,1,100,,49997,23549,,,1,100,,49988,23549,,,1,100,,61853,23549,,,1,100,,49989,23549,,,1,100,,61854,23549,,,1,100,,49990,23549,,,1,100,,61855,23549,,,1,100,,61849,23549,,,1,100,,61856,23549,,,1,100,,61850,23549,,,1,58,,61857,23549,,,1,100,,61851,23549,,,1,100,,61858,23549,,,1,100,,61852,23549,,,1,100,,61859,23549,,,1
12301,'F2',557,,61861,23549,,,1,100,,61860,23549,,,1,100,,61862,23549,,,1,102,,61868,23549,,,1,100,,61872,23549,,,1,100,,61863,23549,,,1,100,,61873,23549,,,1,100,,61864,23549,,,1,100,,61874,23549,,,1,100,,61865,23549,,,1,100,,61875,23549,,,1,100,,61866,23549,,,1,100,,61876,23549,,,1,100,,61867,23549,,,1,100,,61877,23549,,,1,100,,61869,23549,,,1,100,,61878,23549,,,1,100,,61870,23549,,,1,100,,61879,23549,,,1,100,,61871,23549,,,1
12301,'SA',557,,61881,23549,,,1,100,,61880,23549,,,1,100,,61882,23549,,,1,102,,61888,23549,,,1,100,,61892,23549,,,1,100,,61883,23549,,,1,100,,61893,23549,,,1,100,,61884,23549,,,1,100,,61894,23549,,,1,100,,61885,23549,,,1,100,,61895,23549,,,1,100,,61886,23549,,,1,100,,61896,23549,,,1,100,,61887,23549,,,1,100,,61897,23549,,,1,100,,61889,23549,,,1,100,,61898,23549,,,1,100,,61890,23549,,,1,100,,61899,23549,,,1,100,,61891,23549,,,1
12301,'SE',546,,61913,23549,,,1,70,,61916,23549,,,1,22,,50029,23876,,,1,66,,61904,23876,,,1,15,,61902,23876,,,1,29,,61901,23876,,,1,70,,61900,23876,,,1,27,,61903,23876,,,1,70,,61905,23876,,,1,24,,61910,23549,,,1,70,,61912,23549,,,1,96,,61909,23549,,,1,102,,61932,23549,,,1,100,,61908,23549,,,1,100,,61918,23549,,,1,100,,61922,23549,,,1,11,,61921,23549,,,1,28,,50049,23549,,,1,60,,50053,23549,,,1,15,,61927,23549,,,1,19,,61928,23549,,,1,6,,61924,23549,,,1,56,,61929,23549,,,1,10,,61931,23549,,,1,6,,61919,23549,,,1,24,,61926,23549,,,1,66,,50050,23549,,,1,26,,61911,23549,,,1,71,,61917,23549,,,1,26,,61920,23549,,,1,74,,61907,23549,,,1,28,,61906,23549,,,1,70,,61925,23549,,,1,98,,61930,23549,,,1,57,,61914,23549,,,1,100,,61923,23549,,,1,157,,61915,23549,,,1
42101,'SE',2352,,62807,11633,,,1
62000,'SE',1538,,63501,3151,,,2
62400,'SE',1454,,63502,1672,,,2
90101,'DI',631,,63792,23478,,,1,70,,63797,23478,,,1,30,,63791,23478,,,1,70,,63807,23478,,,1,33,,63804,23478,,,1,72,,63798,23478,,,1,32,,63786,23478,,,1,71,,63793,23478,,,1,30,,63789,23478,,,1,71,,63808,23478,,,1,31,,63805,23478,,,1,70,,63803,23478,,,1,31,,63794,23478,,,1,73,,63811,23478,,,1,28,,63800,23478,,,1,70,,63809,23478,,,1,29,,63781,23478,,,1,65,,63795,23478,,,1,35,,63787,23478,,,1,70,,63779,23478,,,1,31,,63810,23478,,,1,70,,63783,23478,,,1,30,,63799,23478,,,1,68,,63790,23478,,,1,30,,63780,23478,,,1,67,,63806,23478,,,1,35,,63788,23478,,,1,104,,63785,23478,,,1,97,,63801,23478,,,1,100,,63782,23478,,,1,100,,63784,23478,,,1,100,,63796,23478,,,1,100,,63802,23478,,,1
90101,'F1',631,,63825,23478,,,1,70,,63830,23478,,,1,30,,63824,23478,,,1,70,,63840,23478,,,1,33,,63837,23478,,,1,72,,63831,23478,,,1,32,,63819,23478,,,1,71,,63826,23478,,,1,30,,63822,23478,,,1,71,,63841,23478,,,1,31,,63838,23478,,,1,70,,63836,23478,,,1,31,,63827,23478,,,1,73,,63844,23478,,,1,28,,63833,23478,,,1,70,,63842,23478,,,1,29,,63814,23478,,,1,65,,63828,23478,,,1,35,,63820,23478,,,1,70,,63812,23478,,,1,31,,63843,23478,,,1,70,,63816,23478,,,1,30,,63832,23478,,,1,68,,63823,23478,,,1,30,,63813,23478,,,1,67,,63839,23478,,,1,35,,63821,23478,,,1,104,,63818,23478,,,1,97,,63834,23478,,,1,100,,63815,23478,,,1,100,,63817,23478,,,1,100,,63829,23478,,,1,100,,63835,23478,,,1
90101,'F2',631,,63860,23478,,,1,70,,63869,23478,,,1,30,,63864,23478,,,1,70,,63866,23478,,,1,33,,63872,23478,,,1,72,,63863,23478,,,1,32,,63861,23478,,,1,71,,63868,23478,,,1,30,,63874,23478,,,1,71,,63849,23478,,,1,31,,63862,23478,,,1,70,,63873,23478,,,1,31,,63865,23478,,,1,73,,63875,23478,,,1,28,,63854,23478,,,1,70,,63851,23478,,,1,29,,63845,23478,,,1,65,,63858,23478,,,1,35,,63876,23478,,,1,70,,63855,23478,,,1,31,,63852,23478,,,1,70,,63846,23478,,,1,30,,63847,23478,,,1,68,,63870,23478,,,1,30,,63856,23478,,,1,67,,63850,23478,,,1,35,,63859,23478,,,1,104,,63877,23478,,,1,97,,63853,23478,,,1,100,,63867,23478,,,1,100,,63857,23478,,,1,100,,63848,23478,,,1,100,,63871,23478,,,1
90101,'SA',631,,63893,23478,,,1,70,,63902,23478,,,1,30,,63897,23478,,,1,70,,63899,23478,,,1,33,,63905,23478,,,1,72,,63896,23478,,,1,32,,63894,23478,,,1,71,,63901,23478,,,1,30,,63907,23478,,,1,71,,63882,23478,,,1,31,,63895,23478,,,1,70,,63906,23478,,,1,31,,63898,23478,,,1,73,,63908,23478,,,1,28,,63887,23478,,,1,70,,63884,23478,,,1,29,,63878,23478,,,1,65,,63891,23478,,,1,35,,63909,23478,,,1,70,,63888,23478,,,1,31,,63885,23478,,,1,70,,63879,23478,,,1,30,,63880,23478,,,1,68,,63903,23478,,,1,30,,63889,23478,,,1,67,,63883,23478,,,1,35,,63892,23478,,,1,104,,63910,23478,,,1,97,,63886,23478,,,1,100,,63900,23478,,,1,100,,63890,23478,,,1,100,,63881,23478,,,1,100,,63904,23478,,,1
90101,'SE',615,,63942,23478,,,1,30,,63945,23478,,,1,56,,63949,23478,,,1,15,,63917,23478,,,1,15,,63939,23478,,,1,15,,63919,23478,,,1,55,,63924,23478,,,1,10,,63948,23478,,,1,17,,63922,23478,,,1,10,,63927,23478,,,1,10,,63943,23478,,,1,52,,63914,23478,,,1,8,,63918,23478,,,1,5,,63944,23478,,,1,10,,63946,23478,,,1,10,,63920,23478,,,1,12,,63954,23478,,,1,55,,63941,23478,,,1,11,,63923,23478,,,1,20,,63925,23478,,,1,20,,63950,23478,,,1,60,,63928,23478,,,1,20,,63915,23478,,,1,20,,63947,23478,,,1,60,,63955,23478,,,1,20,,63911,23478,,,1,20,,63913,23478,,,1,60,,63926,23478,,,1,20,,63921,23478,,,1,20,,63929,23478,,,1,60,,63916,23478,,,1,20,,63958,23478,,,1,20,,63956,23478,,,1,60,,63930,23478,,,1,20,,63940,23478,,,1,25,,63953,23478,,,1,60,,63957,23478,,,1,20,,63931,23478,,,1,20,,63951,23478,,,1,70,,63959,23478,,,1,28,,63961,23478,,,1,73,,63963,23478,,,1,26,,63933,23478,,,1,72,,63952,23478,,,1,30,,63960,23478,,,1,63,,63935,23478,,,1,30,,63912,23478,,,1,70,,63962,23478,,,1,31,,63964,23478,,,1,70,,63932,23478,,,1,30,,63936,23478,,,1,70,,63937,23478,,,1,100,,63965,23478,,,1,100,,63934,23478,,,1,100,,63938,23478,,,1
