800,'DI',559,,22786,6369,,,1,73,,22781,6369,,,1,70,,2441,6369,,,1,30,,2447,6369,,,1,70,,22787,6369,,,1,30,,22782,6369,,,1,72,,2442,6369,,,1,30,,2448,6369,,,1,70,,22788,6369,,,1,30,,22783,6369,,,1,70,,2443,6369,,,1,30,,2449,6369,,,1,71,,22789,6369,,,1,30,,2436,6369,,,1,70,,2444,6369,,,1,30,,2450,6369,,,1,70,,22790,6369,,,1,30,,22784,6369,,,1,70,,2445,6369,,,1,30,,22793,6369,,,1,70,,22791,6369,,,1,30,,22785,6369,,,1,69,,2446,6369,,,1,30,,22794,6369,,,1,72,,22792,6369,,,1,43,,2437,6369,,,1,100,,22795,6369,,,1,100,,2438,6369,,,1,99,,22796,6369,,,1,100,,2439,6369,,,1,100,,22797,6369,,,1,100,,2440,6369,,,1,100,,22780,6369,,,1
800,'F1',559,,44063,6369,,,1,73,,44043,6369,,,1,70,,44051,6369,,,1,30,,44057,6369,,,1,70,,44064,6369,,,1,30,,44044,6369,,,1,72,,44052,6369,,,1,30,,44058,6369,,,1,70,,44065,6369,,,1,30,,44045,6369,,,1,70,,44053,6369,,,1,30,,44059,6369,,,1,71,,44066,6369,,,1,30,,44046,6369,,,1,70,,44054,6369,,,1,30,,44060,6369,,,1,70,,44067,6369,,,1,30,,44061,6369,,,1,70,,44055,6369,,,1,30,,44070,6369,,,1,70,,44068,6369,,,1,30,,44062,6369,,,1,69,,44056,6369,,,1,30,,44071,6369,,,1,72,,44069,6369,,,1,43,,44047,6369,,,1,100,,44072,6369,,,1,100,,44048,6369,,,1,99,,44073,6369,,,1,100,,44049,6369,,,1,100,,44074,6369,,,1,100,,44050,6369,,,1,100,,44042,6369,,,1
800,'F2',600,,44096,6369,,,1,30,,44079,6369,,,1,72,,44092,6369,,,1,30,,44094,6369,,,1,71,,44097,6369,,,1,30,,44080,6369,,,1,70,,44093,6369,,,1,31,,44095,6369,,,1,70,,44098,6369,,,1,30,,44081,6369,,,1,70,,44087,6369,,,1,30,,44103,6369,,,1,68,,44099,6369,,,1,32,,44082,6369,,,1,70,,44088,6369,,,1,30,,44104,6369,,,1,70,,44100,6369,,,1,30,,44107,6369,,,1,70,,44089,6369,,,1,30,,44105,6369,,,1,70,,44101,6369,,,1,30,,44108,6369,,,1,70,,44090,6369,,,1,30,,44106,6369,,,1,72,,44102,6369,,,1,28,,44075,6369,,,1,70,,44091,6369,,,1,46,,44083,6369,,,1,98,,44076,6369,,,1,100,,44084,6369,,,1,100,,44077,6369,,,1,100,,44085,6369,,,1,100,,44078,6369,,,1,100,,44086,6369,,,1
800,'F8',600,,22955,6369,,,1,30,,22938,6369,,,1,72,,22951,6369,,,1,30,,22953,6369,,,1,71,,22956,6369,,,1,30,,22939,6369,,,1,70,,22952,6369,,,1,31,,22954,6369,,,1,70,,22957,6369,,,1,30,,22940,6369,,,1,70,,22946,6369,,,1,30,,22962,6369,,,1,68,,22958,6369,,,1,32,,22941,6369,,,1,70,,22947,6369,,,1,30,,22963,6369,,,1,70,,22959,6369,,,1,30,,22966,6369,,,1,70,,22948,6369,,,1,30,,22964,6369,,,1,70,,22960,6369,,,1,30,,22967,6369,,,1,70,,22949,6369,,,1,30,,22965,6369,,,1,72,,22961,6369,,,1,28,,22934,6369,,,1,70,,22950,6369,,,1,46,,22942,6369,,,1,98,,22935,6369,,,1,100,,22943,6369,,,1,100,,22936,6369,,,1,100,,22944,6369,,,1,100,,22937,6369,,,1,100,,22945,6369,,,1
800,'F9',559,,22989,6369,,,1,73,,22969,6369,,,1,70,,22977,6369,,,1,30,,22983,6369,,,1,70,,22990,6369,,,1,30,,22970,6369,,,1,72,,22978,6369,,,1,30,,22984,6369,,,1,70,,22991,6369,,,1,30,,22971,6369,,,1,70,,22979,6369,,,1,30,,22985,6369,,,1,71,,22992,6369,,,1,30,,22972,6369,,,1,70,,22980,6369,,,1,30,,22986,6369,,,1,70,,22993,6369,,,1,30,,22987,6369,,,1,70,,22981,6369,,,1,30,,22996,6369,,,1,70,,22994,6369,,,1,30,,22988,6369,,,1,69,,22982,6369,,,1,30,,22997,6369,,,1,72,,22995,6369,,,1,43,,22973,6369,,,1,100,,22998,6369,,,1,100,,22974,6369,,,1,99,,22999,6369,,,1,100,,22975,6369,,,1,100,,23000,6369,,,1,100,,22976,6369,,,1,100,,22968,6369,,,1
800,'SA',600,,23022,6369,,,1,30,,23005,6369,,,1,72,,23018,6369,,,1,30,,23020,6369,,,1,71,,23023,6369,,,1,30,,23006,6369,,,1,70,,23019,6369,,,1,31,,23021,6369,,,1,70,,23024,6369,,,1,30,,23007,6369,,,1,70,,23013,6369,,,1,30,,23029,6369,,,1,68,,23025,6369,,,1,32,,23008,6369,,,1,70,,23014,6369,,,1,30,,23030,6369,,,1,70,,23026,6369,,,1,30,,2660,6369,,,1,70,,23015,6369,,,1,30,,23031,6369,,,1,70,,23027,6369,,,1,30,,2661,6369,,,1,70,,23016,6369,,,1,30,,23032,6369,,,1,72,,23028,6369,,,1,28,,23001,6369,,,1,70,,23017,6369,,,1,46,,23009,6369,,,1,98,,23002,6369,,,1,100,,23010,6369,,,1,100,,23003,6369,,,1,100,,23011,6369,,,1,100,,23004,6369,,,1,100,,23012,6369,,,1
800,'SE',503,,44153,6369,,,1,28,,44155,6369,,,1,22,,44156,6369,,,1,81,,44112,6369,,,1,70,,44154,6369,,,1,21,,44126,6369,,,1,19,,44157,6369,,,1,13,,44150,6369,,,1,55,,44115,6369,,,1,15,,44134,6369,,,1,15,,44113,6369,,,1,17,,44137,6369,,,1,55,,44124,6369,,,1,15,,44127,6369,,,1,15,,44130,6369,,,1,15,,44171,6369,,,1,55,,44116,6369,,,1,15,,44135,6369,,,1,15,,44114,6369,,,1,15,,44138,6369,,,1,55,,44140,6369,,,1,17,,44118,6369,,,1,15,,44128,6369,,,1,55,,44158,6369,,,1,15,,44172,6369,,,1,15,,44169,6369,,,1,15,,44136,6369,,,1,55,,44109,6369,,,1,15,,44139,6369,,,1,15,,44125,6369,,,1,15,,44119,6369,,,1,55,,44131,6369,,,1,15,,44159,6369,,,1,17,,44117,6369,,,1,15,,44162,6369,,,1,55,,44161,6369,,,1,15,,44110,6369,,,1,15,,44141,6369,,,1,15,,44146,6369,,,1,55,,44129,6369,,,1,15,,44165,6369,,,1,15,,44132,6369,,,1,12,,44160,6369,,,1,12,,44145,6369,,,1,52,,44163,6369,,,1,12,,44151,6369,,,1,12,,44164,6369,,,1,12,,44111,6369,,,1,11,,44142,6369,,,1,52,,44147,6369,,,1,12,,44166,6369,,,1,11,,44148,6369,,,1,10,,44167,6369,,,1,10,,44133,6369,,,1,60,,44152,6369,,,1,27,,44120,6369,,,1,68,,44173,6369,,,1,30,,44168,6369,,,1,68,,44149,6369,,,1,30,,44121,6369,,,1,70,,44170,6369,,,1,45,,44143,6369,,,1,100,,44122,6369,,,1,97,,44144,6369,,,1,100,,44123,6369,,,1
2800,'DI',856,,27669,5997,0,32 33,1,101,,27674,5997,0,32 33,1,100,,27672,5997,0,32 33,1,100,,27670,5997,0,32 33,1,100,,27671,5997,0,32 33,1,100,,27675,5997,0,32 33,1,100,,27678,5997,0,32 33,1,101,,27677,5997,0,32 33,1,99,,27676,5997,0,32 33,1,100,,27673,5997,0,32 33,1
2800,'F1',856,,45917,5997,0,32 33,1,101,,45922,5997,0,32 33,1,100,,45920,5997,0,32 33,1,100,,45918,5997,0,32 33,1,100,,45919,5997,0,32 33,1,100,,45923,5997,0,32 33,1,100,,45926,5997,0,32 33,1,101,,45925,5997,0,32 33,1,99,,45924,5997,0,32 33,1,100,,45921,5997,0,32 33,1
2800,'F2',858,,45934,5997,0,32 33,1,99,,45929,5997,0,32 33,1,143,,45927,5997,0,32 33,1,57,,45931,5997,0,32 33,1,101,,45930,5997,0,32 33,1,100,,45932,5997,0,32 33,1,99,,45928,5997,0,32 33,1,143,,45936,5997,0,32 33,1,59,,45935,5997,0,32 33,1,98,,45933,5997,0,32 33,1
2800,'F8',858,,27747,5997,0,32 33,1,99,,27742,5997,0,32 33,1,143,,27740,5997,0,32 33,1,57,,27744,5997,0,32 33,1,101,,27743,5997,0,32 33,1,100,,27745,5997,0,32 33,1,99,,27741,5997,0,32 33,1,143,,27749,5997,0,32 33,1,59,,27748,5997,0,32 33,1,98,,27746,5997,0,32 33,1
2800,'F9',856,,27750,5997,0,32 33,1,101,,27755,5997,0,32 33,1,100,,27753,5997,0,32 33,1,100,,27751,5997,0,32 33,1,100,,27752,5997,0,32 33,1,100,,27756,5997,0,32 33,1,100,,27759,5997,0,32 33,1,101,,27758,5997,0,32 33,1,99,,27757,5997,0,32 33,1,100,,27754,5997,0,32 33,1
2800,'SA',858,,27766,5997,0,32 33,1,99,,27762,5997,0,32 33,1,143,,27760,5997,0,32 33,1,57,,27763,5997,0,32 33,1,101,,6923,5997,0,32 33,1,100,,27764,5997,0,32 33,1,99,,27761,5997,0,32 33,1,143,,27768,5997,0,32 33,1,59,,27767,5997,0,32 33,1,98,,27765,5997,0,32 33,1
2800,'SE',622,,45971,5997,0,32 33,1,85,,45972,5997,0,32 33,1,23,,45976,5997,0,32 33,1,3,,45977,5997,0,32 33,1,16,,45950,5997,0,32 33,1,53,,45962,5997,0,32 33,1,12,,45970,5997,0,32 33,1,18,,45961,5997,0,32 33,1,14,,45966,5997,0,32 33,1,58,,45951,5997,0,32 33,1,30,,45942,5997,0,32 33,1,70,,45946,5997,0,32 33,1,30,,45952,5997,0,32 33,1,70,,45943,5997,0,32 33,1,32,,45947,5997,0,32 33,1,70,,45953,5997,0,32 33,1,30,,45944,5997,0,32 33,1,70,,45948,5997,0,32 33,1,30,,45954,5997,0,32 33,1,70,,45945,5997,0,32 33,1,32,,45949,5997,0,32 33,1,70,,45973,5997,0,32 33,1,15,,45939,5997,0,32 33,1,15,,45959,5997,0,32 33,1,15,,45964,5997,0,32 33,1,55,,45975,5997,0,32 33,1,15,,45956,5997,0,32 33,1,14,,45958,5997,0,32 33,1,12,,45974,5997,0,32 33,1,52,,45940,5997,0,32 33,1,12,,45960,5997,0,32 33,1,12,,45963,5997,0,32 33,1,12,,45967,5997,0,32 33,1,12,,45955,5997,0,32 33,1,51,,45957,5997,0,32 33,1,12,,45937,5997,0,32 33,1,11,,45938,5997,0,32 33,1,13,,45965,5997,0,32 33,1,95,,45941,5997,0,32 33,1,98,,45968,5997,0,32 33,1,98,,45969,5997,0,32 33,1
8800,'DI',717,,36639,6369,,,1,30,,36644,6369,,,1,70,,36650,6369,,,1,30,,36659,6369,,,1,70,,36640,6369,,,1,30,,36645,6369,,,1,72,,36651,6369,,,1,30,,36660,6369,,,1,70,,36641,6369,,,1,30,,36646,6369,,,1,70,,36652,6369,,,1,30,,36661,6369,,,1,70,,36642,6369,,,1,30,,36647,6369,,,1,70,,36653,6369,,,1,30,,15002,6369,,,1,70,,36654,6369,,,1,30,,36648,6369,,,1,70,,36662,6369,,,1,30,,15003,6369,,,1,70,,36655,6369,,,1,30,,36649,6369,,,1,70,,36663,6369,,,1,100,,36656,6369,,,1,100,,36664,6369,,,1,100,,36657,6369,,,1,100,,36665,6369,,,1,97,,36658,6369,,,1,100,,36638,6369,,,1,100,,36643,6369,,,1
8800,'F1',717,,49524,6369,,,1,30,,49529,6369,,,1,70,,49535,6369,,,1,30,,49544,6369,,,1,70,,49525,6369,,,1,30,,49530,6369,,,1,72,,49536,6369,,,1,30,,49545,6369,,,1,70,,49526,6369,,,1,30,,49531,6369,,,1,70,,49537,6369,,,1,30,,49546,6369,,,1,70,,49527,6369,,,1,30,,49532,6369,,,1,70,,49538,6369,,,1,30,,49521,6369,,,1,70,,49539,6369,,,1,30,,49533,6369,,,1,70,,49547,6369,,,1,30,,49522,6369,,,1,70,,49540,6369,,,1,30,,49534,6369,,,1,70,,49548,6369,,,1,100,,49541,6369,,,1,100,,49549,6369,,,1,100,,49542,6369,,,1,100,,49550,6369,,,1,97,,49543,6369,,,1,100,,49523,6369,,,1,100,,49528,6369,,,1
8800,'F2',717,,49554,6369,,,1,30,,49579,6369,,,1,71,,49575,6369,,,1,30,,49566,6369,,,1,71,,49559,6369,,,1,30,,49580,6369,,,1,70,,49576,6369,,,1,30,,49567,6369,,,1,70,,49560,6369,,,1,30,,49571,6369,,,1,70,,49556,6369,,,1,30,,49568,6369,,,1,70,,49561,6369,,,1,30,,49572,6369,,,1,70,,49557,6369,,,1,30,,49551,6369,,,1,70,,49562,6369,,,1,30,,49573,6369,,,1,70,,49558,6369,,,1,30,,49552,6369,,,1,71,,49581,6369,,,1,29,,49574,6369,,,1,71,,49569,6369,,,1,29,,49553,6369,,,1,70,,49563,6369,,,1,100,,49570,6369,,,1,99,,49564,6369,,,1,99,,49578,6369,,,1,100,,49565,6369,,,1,100,,49577,6369,,,1,100,,49555,6369,,,1
8800,'F8',717,,36775,6369,,,1,30,,36800,6369,,,1,71,,36796,6369,,,1,30,,36787,6369,,,1,71,,36780,6369,,,1,30,,36801,6369,,,1,70,,36797,6369,,,1,30,,36788,6369,,,1,70,,36781,6369,,,1,30,,36792,6369,,,1,70,,36777,6369,,,1,30,,36789,6369,,,1,70,,36782,6369,,,1,30,,36793,6369,,,1,70,,36778,6369,,,1,30,,36772,6369,,,1,70,,36783,6369,,,1,30,,36794,6369,,,1,70,,36779,6369,,,1,30,,36773,6369,,,1,71,,36802,6369,,,1,29,,36795,6369,,,1,71,,36790,6369,,,1,29,,36774,6369,,,1,70,,36784,6369,,,1,100,,36791,6369,,,1,99,,36785,6369,,,1,99,,36799,6369,,,1,100,,36786,6369,,,1,100,,36798,6369,,,1,100,,36776,6369,,,1
8800,'F9',717,,36806,6369,,,1,30,,36811,6369,,,1,70,,36817,6369,,,1,30,,36826,6369,,,1,70,,36807,6369,,,1,30,,36812,6369,,,1,72,,36818,6369,,,1,30,,36827,6369,,,1,70,,36808,6369,,,1,30,,36813,6369,,,1,70,,36819,6369,,,1,30,,36828,6369,,,1,70,,36809,6369,,,1,30,,36814,6369,,,1,70,,36820,6369,,,1,30,,36803,6369,,,1,70,,36821,6369,,,1,30,,36815,6369,,,1,70,,36829,6369,,,1,30,,36804,6369,,,1,70,,36822,6369,,,1,30,,36816,6369,,,1,70,,36830,6369,,,1,100,,36823,6369,,,1,100,,36831,6369,,,1,100,,36824,6369,,,1,100,,36832,6369,,,1,97,,36825,6369,,,1,100,,36805,6369,,,1,100,,36810,6369,,,1
8800,'SA',717,,36836,6369,,,1,30,,36860,6369,,,1,71,,36857,6369,,,1,30,,36848,6369,,,1,71,,36841,6369,,,1,30,,36861,6369,,,1,70,,36858,6369,,,1,30,,36849,6369,,,1,70,,36842,6369,,,1,30,,36853,6369,,,1,70,,36838,6369,,,1,30,,36850,6369,,,1,70,,36843,6369,,,1,30,,36854,6369,,,1,70,,36839,6369,,,1,30,,36833,6369,,,1,70,,36844,6369,,,1,30,,36855,6369,,,1,70,,36840,6369,,,1,30,,36834,6369,,,1,71,,36862,6369,,,1,29,,36856,6369,,,1,71,,36851,6369,,,1,29,,36835,6369,,,1,70,,36845,6369,,,1,100,,36852,6369,,,1,99,,36846,6369,,,1,99,,15203,6369,,,1,100,,36847,6369,,,1,100,,36859,6369,,,1,100,,36837,6369,,,1
8800,'SE',717,,49597,6369,,,1,21,,49625,6369,,,1,15,,49606,6369,,,1,54,,49611,6369,,,1,15,,49627,6369,,,1,15,,49600,6369,,,1,15,,49626,6369,,,1,69,,49586,6369,,,1,30,,49620,6369,,,1,70,,49621,6369,,,1,30,,49582,6369,,,1,72,,49588,6369,,,1,30,,49590,6369,,,1,70,,49584,6369,,,1,30,,49583,6369,,,1,70,,49593,6369,,,1,30,,49589,6369,,,1,72,,49623,6369,,,1,30,,49591,6369,,,1,58,,49601,6369,,,1,15,,49607,6369,,,1,15,,49598,6369,,,1,15,,49587,6369,,,1,55,,49629,6369,,,1,15,,49628,6369,,,1,13,,49624,6369,,,1,12,,49585,6369,,,1,52,,49614,6369,,,1,12,,49592,6369,,,1,12,,49602,6369,,,1,12,,49613,6369,,,1,11,,49608,6369,,,1,52,,49599,6369,,,1,12,,49604,6369,,,1,11,,49603,6369,,,1,19,,49605,6369,,,1,55,,49594,6369,,,1,22,,49622,6369,,,1,28,,49609,6369,,,1,70,,49596,6369,,,1,28,,49595,6369,,,1,70,,49615,6369,,,1,30,,49610,6369,,,1,70,,49618,6369,,,1,100,,49616,6369,,,1,99,,49619,6369,,,1,98,,49617,6369,,,1
