801,'DI',558,,53514,15665,,,1,70,,53522,15665,,,1,30,,53529,15665,,,1,70,,53541,15665,,,1,30,,53515,15665,,,1,72,,53523,15665,,,1,70,,53530,15665,,,1,30,,53542,15665,,,1,28,,53516,15665,,,1,70,,53524,15665,,,1,30,,53531,15665,,,1,69,,53543,15665,,,1,30,,53517,15665,,,1,70,,53525,15665,,,1,30,,53532,15665,,,1,70,,53544,15665,,,1,31,,53518,15665,,,1,70,,53526,15665,,,1,31,,53538,15665,,,1,70,,53545,15665,,,1,29,,53539,15665,,,1,70,,53527,15665,,,1,30,,53533,15665,,,1,70,,53546,15665,,,1,19,,53548,15665,,,1,54,,53540,15665,,,1,30,,53528,15665,,,1,28,,53534,15665,,,1,70,,53547,15665,,,1,85,,53519,15665,,,1,100,,53535,15665,,,1,100,,53520,15665,,,1,99,,53536,15665,,,1,100,,53521,15665,,,1,99,,53537,15665,,,1
801,'F1',558,,53549,15665,,,1,70,,53557,15665,,,1,30,,53564,15665,,,1,70,,53576,15665,,,1,30,,53550,15665,,,1,72,,53558,15665,,,1,70,,53565,15665,,,1,30,,53577,15665,,,1,28,,53551,15665,,,1,70,,53559,15665,,,1,30,,53566,15665,,,1,69,,53578,15665,,,1,30,,53552,15665,,,1,70,,53560,15665,,,1,30,,53567,15665,,,1,70,,53579,15665,,,1,31,,53553,15665,,,1,70,,53561,15665,,,1,31,,53573,15665,,,1,70,,53580,15665,,,1,29,,53574,15665,,,1,70,,53562,15665,,,1,30,,53568,15665,,,1,70,,53581,15665,,,1,19,,53583,15665,,,1,54,,53575,15665,,,1,30,,53563,15665,,,1,28,,53569,15665,,,1,70,,53582,15665,,,1,85,,53554,15665,,,1,100,,53570,15665,,,1,100,,53555,15665,,,1,99,,53571,15665,,,1,100,,53556,15665,,,1,99,,53572,15665,,,1
801,'F2',558,,53588,15665,,,1,70,,53593,15665,,,1,30,,53600,15665,,,1,70,,53605,15665,,,1,30,,53589,15665,,,1,72,,53594,15665,,,1,70,,53601,15665,,,1,30,,53606,15665,,,1,27,,53590,15665,,,1,69,,53595,15665,,,1,30,,53602,15665,,,1,70,,53607,15665,,,1,31,,53591,15665,,,1,70,,53596,15665,,,1,31,,53603,15665,,,1,70,,53608,15665,,,1,31,,53592,15665,,,1,70,,53597,15665,,,1,30,,53604,15665,,,1,70,,53609,15665,,,1,30,,44242,15665,,,1,70,,53598,15665,,,1,30,,53615,15665,,,1,70,,53610,15665,,,1,25,,53584,15665,,,1,50,,44243,15665,,,1,20,,53599,15665,,,1,30,,53616,15665,,,1,70,,53611,15665,,,1,90,,53585,15665,,,1,100,,53612,15665,,,1,100,,53586,15665,,,1,96,,53613,15665,,,1,100,,53587,15665,,,1,100,,53614,15665,,,1
801,'SA',558,,53621,15665,,,1,70,,53626,15665,,,1,30,,53633,15665,,,1,70,,53638,15665,,,1,30,,53622,15665,,,1,72,,53627,15665,,,1,70,,53634,15665,,,1,30,,53639,15665,,,1,27,,53623,15665,,,1,69,,53628,15665,,,1,30,,53635,15665,,,1,70,,53640,15665,,,1,31,,53624,15665,,,1,70,,53629,15665,,,1,31,,53636,15665,,,1,70,,53641,15665,,,1,31,,53625,15665,,,1,70,,53630,15665,,,1,30,,53637,15665,,,1,70,,53642,15665,,,1,30,,2977,15665,,,1,70,,53631,15665,,,1,30,,53648,15665,,,1,70,,53643,15665,,,1,25,,53617,15665,,,1,50,,2978,15665,,,1,20,,53632,15665,,,1,30,,53649,15665,,,1,70,,53644,15665,,,1,90,,53618,15665,,,1,100,,53645,15665,,,1,100,,53619,15665,,,1,96,,53646,15665,,,1,100,,53620,15665,,,1,100,,53647,15665,,,1
801,'SE',524,,53650,15665,,,1,33,,53651,15665,,,1,67,,44285,15665,,,1,21,,53672,15665,,,1,5,,53717,15665,,,1,55,,53706,15665,,,1,5,,53665,15665,,,1,11,,53710,15665,,,1,3,,53713,15665,,,1,6,,53655,15665,,,1,2,,53714,15665,,,1,6,,53685,15665,,,1,3,,53708,15665,,,1,4,,53712,15665,,,1,3,,53696,15665,,,1,3,,53659,15665,,,1,49,,53652,15665,,,1,7,,53683,15665,,,1,4,,53663,15665,,,1,8,,53668,15665,,,1,12,,53660,15665,,,1,18,,53673,15665,,,1,58,,53654,15665,,,1,13,,53690,15665,,,1,15,,53656,15665,,,1,15,,53686,15665,,,1,55,,53678,15665,,,1,17,,53693,15665,,,1,15,,44259,15665,,,1,14,,53674,15665,,,1,55,,53666,15665,,,1,16,,53691,15665,,,1,15,,53657,15665,,,1,15,,53687,15665,,,1,55,,53679,15665,,,1,15,,53694,15665,,,1,15,,53653,15665,,,1,16,,53661,15665,,,1,55,,53675,15665,,,1,15,,53669,15665,,,1,15,,53692,15665,,,1,15,,53709,15665,,,1,55,,53688,15665,,,1,15,,53684,15665,,,1,15,,53695,15665,,,1,18,,53697,15665,,,1,55,,53715,15665,,,1,13,,53681,15665,,,1,21,,53700,15665,,,1,11,,53670,15665,,,1,50,,53658,15665,,,1,14,,53711,15665,,,1,16,,53680,15665,,,1,18,,53664,15665,,,1,55,,53702,15665,,,1,12,,53698,15665,,,1,16,,53662,15665,,,1,15,,53682,15665,,,1,55,,53701,15665,,,1,13,,53671,15665,,,1,21,,53689,15665,,,1,62,,53707,15665,,,1,27,,53699,15665,,,1,28,,53676,15665,,,1,71,,53703,15665,,,1,27,,53718,15665,,,1,73,,53720,15665,,,1,27,,53677,15665,,,1,52,,53716,15665,,,1,20,,53704,15665,,,1,29,,53719,15665,,,1,60,,53721,15665,,,1,92,,53667,15665,,,1,100,,53705,15665,,,1
2801,'DI',946,,56267,9342,,,1,100,,56262,9342,,,1,100,,56266,9342,,,1,101,,56263,9342,,,1,100,,56265,9342,,,1,100,,56261,9342,,,1,98,,56264,9342,,,1,99,,56260,9342,,,1,96,,56268,9342,,,1,105,,56269,9342,,,1
2801,'F1',946,,56277,9342,,,1,100,,56272,9342,,,1,100,,56276,9342,,,1,101,,56273,9342,,,1,100,,56275,9342,,,1,100,,56271,9342,,,1,98,,56274,9342,,,1,99,,56270,9342,,,1,96,,56278,9342,,,1,105,,56279,9342,,,1
2801,'F2',946,,56285,9342,,,1,100,,56283,9342,,,1,100,,56280,9342,,,1,101,,56286,9342,,,1,100,,45991,9342,,,1,100,,56288,9342,,,1,98,,56282,9342,,,1,96,,56281,9342,,,1,99,,56284,9342,,,1,105,,56287,9342,,,1
2801,'SA',946,,56294,9342,,,1,100,,56292,9342,,,1,100,,56289,9342,,,1,101,,56295,9342,,,1,100,,7052,9342,,,1,100,,56297,9342,,,1,98,,56291,9342,,,1,96,,56290,9342,,,1,99,,56293,9342,,,1,105,,56296,9342,,,1
2801,'SE',655,,56298,9342,,,1,63,,56333,11051,,,1,18,,56320,9342,,,1,21,,56330,11051,,,1,67,,56329,11051,,,1,21,,56319,9342,,,1,60,,56335,11051,,,1,24,,56300,9342,,,1,29,,56299,9342,,,1,70,,56315,9342,,,1,30,,56321,9342,,,1,70,,56312,9342,,,1,30,,56301,9342,,,1,70,,56322,9342,,,1,30,,56304,9342,,,1,70,,56302,9342,,,1,30,,56323,9342,,,1,71,,56305,9342,,,1,30,,56303,9342,,,1,61,,56317,9342,,,1,12,,56306,9342,,,1,17,,56310,9342,,,1,10,,56331,11051,,,1,57,,56324,9342,,,1,13,,56308,9342,,,1,15,,56325,9342,,,1,58,,56334,11051,,,1,13,,56307,9342,,,1,16,,56311,9342,,,1,13,,56332,11051,,,1,58,,56309,9342,,,1,14,,56314,9342,,,1,22,,56318,9342,,,1,21,,56327,9342,,,1,63,,56326,9342,,,1,100,,56313,9342,,,1,100,,56328,9342,,,1,100,,56316,9342,,,1
8801,'DI',645,,61085,14937,,,1,70,,61081,14937,,,1,30,,61091,14937,,,1,70,,61099,14937,,,1,30,,61086,14937,,,1,70,,61082,14937,,,1,30,,61092,14937,,,1,68,,61100,14937,,,1,29,,61087,14937,,,1,70,,61083,14937,,,1,30,,61093,14937,,,1,70,,61101,14937,,,1,30,,61089,14937,,,1,70,,61084,14937,,,1,30,,61094,14937,,,1,71,,61098,14937,,,1,30,,61102,14937,,,1,71,,61080,14937,,,1,30,,61095,14937,,,1,69,,61078,14937,,,1,30,,61103,14937,,,1,70,,61090,14937,,,1,30,,61096,14937,,,1,73,,61079,14937,,,1,22,,61104,14937,,,1,106,,61097,14937,,,1,100,,61106,14937,,,1,100,,61105,14937,,,1,98,,61107,14937,,,1,100,,61088,14937,,,1,99,,61108,14937,,,1
8801,'F1',645,,61116,14937,,,1,70,,61112,14937,,,1,30,,61122,14937,,,1,70,,61130,14937,,,1,30,,61117,14937,,,1,70,,61113,14937,,,1,30,,61123,14937,,,1,68,,61131,14937,,,1,29,,61118,14937,,,1,70,,61114,14937,,,1,30,,61124,14937,,,1,70,,61132,14937,,,1,30,,61120,14937,,,1,70,,61115,14937,,,1,30,,61125,14937,,,1,71,,61129,14937,,,1,30,,61133,14937,,,1,71,,61111,14937,,,1,30,,61126,14937,,,1,69,,61109,14937,,,1,30,,61134,14937,,,1,70,,61121,14937,,,1,30,,61127,14937,,,1,73,,61110,14937,,,1,22,,61135,14937,,,1,106,,61128,14937,,,1,100,,61137,14937,,,1,100,,61136,14937,,,1,98,,61138,14937,,,1,100,,61119,14937,,,1,99,,61139,14937,,,1
8801,'F2',643,,61143,14937,,,1,70,,61149,14937,,,1,30,,61157,14937,,,1,69,,61160,14937,,,1,30,,61144,14937,,,1,70,,61150,14937,,,1,32,,61158,14937,,,1,67,,61161,14937,,,1,30,,61145,14937,,,1,69,,61151,14937,,,1,30,,61159,14937,,,1,71,,61162,14937,,,1,30,,61146,14937,,,1,71,,61152,14937,,,1,28,,61166,14937,,,1,71,,61163,14937,,,1,30,,61147,14937,,,1,70,,61153,14937,,,1,30,,61169,14937,,,1,70,,61140,14937,,,1,30,,61148,14937,,,1,71,,61142,14937,,,1,28,,61170,14937,,,1,72,,61141,14937,,,1,21,,61165,14937,,,1,109,,61167,14937,,,1,100,,61154,14937,,,1,100,,61168,14937,,,1,100,,61155,14937,,,1,95,,61164,14937,,,1,100,,61156,14937,,,1
8801,'SA',643,,61174,14937,,,1,70,,61180,14937,,,1,30,,61188,14937,,,1,69,,61191,14937,,,1,30,,61175,14937,,,1,70,,61181,14937,,,1,32,,61189,14937,,,1,67,,61192,14937,,,1,30,,61176,14937,,,1,69,,61182,14937,,,1,30,,61190,14937,,,1,71,,61193,14937,,,1,30,,61177,14937,,,1,71,,61183,14937,,,1,28,,61197,14937,,,1,71,,61194,14937,,,1,30,,61178,14937,,,1,70,,61184,14937,,,1,30,,61200,14937,,,1,70,,61171,14937,,,1,30,,61179,14937,,,1,71,,61173,14937,,,1,28,,61201,14937,,,1,72,,61172,14937,,,1,21,,61196,14937,,,1,109,,61198,14937,,,1,100,,61185,14937,,,1,100,,61199,14937,,,1,100,,61186,14937,,,1,95,,61195,14937,,,1,100,,61187,14937,,,1
8801,'SE',640,,61216,14937,,,1,60,,61203,14937,,,1,15,,61231,14937,,,1,12,,61217,14937,,,1,7,,61218,14937,,,1,20,,61220,14937,,,1,49,,61208,14937,,,1,12,,61221,14937,,,1,12,,61202,14937,,,1,10,,61244,14937,,,1,19,,61243,14937,,,1,58,,61214,14937,,,1,30,,61219,14937,,,1,70,,61209,14937,,,1,30,,61205,14937,,,1,70,,61232,14937,,,1,30,,61242,14937,,,1,70,,61207,14937,,,1,30,,61239,14937,,,1,70,,61240,14937,,,1,30,,61204,14937,,,1,70,,61235,14937,,,1,33,,61241,14937,,,1,69,,61206,14937,,,1,9,,61222,14937,,,1,2,,61212,14937,,,1,2,,61233,14937,,,1,7,,61213,14937,,,1,19,,61237,14937,,,1,58,,61246,14937,,,1,12,,61236,14937,,,1,15,,61215,14937,,,1,60,,61248,14937,,,1,12,,61210,14937,,,1,15,,61245,14937,,,1,14,,61223,14937,,,1,16,,61234,14937,,,1,53,,61238,14937,,,1,17,,61247,14937,,,1,18,,61227,14937,,,1,67,,61249,14937,,,1,32,,61224,14937,,,1,70,,61250,14937,,,1,27,,61228,14937,,,1,70,,61211,14937,,,1,30,,61225,14937,,,1,101,,61229,14937,,,1,98,,61226,14937,,,1,100,,61230,14937,,,1
60801,'SE',1522,,63490,10532,,,2,2,,63491,10532,,,2
