801,'DI',541,,23101,9701,,,1,70,,2745,9701,,,1,30,,2752,9701,,,1,70,,23108,9701,,,1,30,,23102,9701,,,1,71,,2746,9701,,,1,30,,2753,9701,,,1,70,,23109,9701,,,1,28,,23103,9701,,,1,70,,2747,9701,,,1,30,,2754,9701,,,1,68,,23110,9701,,,1,30,,23104,9701,,,1,70,,2748,9701,,,1,30,,2755,9701,,,1,70,,23111,9701,,,1,31,,2741,9701,,,1,70,,2749,9701,,,1,31,,2756,9701,,,1,70,,23112,9701,,,1,30,,23106,9701,,,1,70,,2750,9701,,,1,30,,23115,9701,,,1,70,,23113,9701,,,1,19,,23105,9701,,,1,15,,23107,9701,,,1,70,,2751,9701,,,1,28,,23116,9701,,,1,70,,23114,9701,,,1,45,,2742,9701,,,1,101,,23117,9701,,,1,100,,2743,9701,,,1,99,,23118,9701,,,1,100,,2744,9701,,,1,99,,23119,9701,,,1
801,'F1',541,,44174,9701,,,1,70,,44182,9701,,,1,30,,44189,9701,,,1,70,,44197,9701,,,1,30,,44175,9701,,,1,71,,44183,9701,,,1,30,,44190,9701,,,1,70,,44198,9701,,,1,28,,44176,9701,,,1,70,,44184,9701,,,1,30,,44191,9701,,,1,68,,44199,9701,,,1,30,,44177,9701,,,1,70,,44185,9701,,,1,30,,44192,9701,,,1,70,,44200,9701,,,1,31,,44178,9701,,,1,70,,44186,9701,,,1,31,,44193,9701,,,1,70,,44201,9701,,,1,30,,44195,9701,,,1,70,,44187,9701,,,1,30,,44204,9701,,,1,70,,44202,9701,,,1,19,,44194,9701,,,1,15,,44196,9701,,,1,70,,44188,9701,,,1,28,,44205,9701,,,1,70,,44203,9701,,,1,45,,44179,9701,,,1,101,,44206,9701,,,1,100,,44180,9701,,,1,99,,44207,9701,,,1,100,,44181,9701,,,1,99,,44208,9701,,,1
801,'F2',541,,44213,9701,,,1,70,,44225,9701,,,1,30,,44228,9701,,,1,70,,44231,9701,,,1,30,,44214,9701,,,1,71,,44226,9701,,,1,30,,44229,9701,,,1,70,,44232,9701,,,1,27,,44215,9701,,,1,68,,44227,9701,,,1,30,,44230,9701,,,1,70,,44233,9701,,,1,31,,44216,9701,,,1,70,,44221,9701,,,1,31,,44238,9701,,,1,70,,44234,9701,,,1,31,,44217,9701,,,1,70,,44222,9701,,,1,30,,44239,9701,,,1,70,,44235,9701,,,1,30,,44242,9701,,,1,70,,44223,9701,,,1,30,,44240,9701,,,1,70,,44236,9701,,,1,25,,44209,9701,,,1,10,,44243,9701,,,1,61,,44224,9701,,,1,30,,44241,9701,,,1,70,,44237,9701,,,1,50,,44210,9701,,,1,100,,44218,9701,,,1,100,,44211,9701,,,1,99,,44219,9701,,,1,100,,44212,9701,,,1,101,,44220,9701,,,1
801,'F8',541,,23268,9701,,,1,70,,23280,9701,,,1,30,,23283,9701,,,1,70,,23286,9701,,,1,30,,23269,9701,,,1,71,,23281,9701,,,1,30,,23284,9701,,,1,70,,23287,9701,,,1,27,,23270,9701,,,1,68,,23282,9701,,,1,30,,23285,9701,,,1,70,,23288,9701,,,1,31,,23271,9701,,,1,70,,23276,9701,,,1,31,,23293,9701,,,1,70,,23289,9701,,,1,31,,23272,9701,,,1,70,,23277,9701,,,1,30,,23294,9701,,,1,70,,23290,9701,,,1,30,,23297,9701,,,1,70,,23278,9701,,,1,30,,23295,9701,,,1,70,,23291,9701,,,1,25,,23264,9701,,,1,10,,23298,9701,,,1,61,,23279,9701,,,1,30,,23296,9701,,,1,70,,23292,9701,,,1,50,,23265,9701,,,1,100,,23273,9701,,,1,100,,23266,9701,,,1,99,,23274,9701,,,1,100,,23267,9701,,,1,101,,23275,9701,,,1
801,'F9',541,,23299,9701,,,1,70,,23307,9701,,,1,30,,23314,9701,,,1,70,,23322,9701,,,1,30,,23300,9701,,,1,71,,23308,9701,,,1,30,,23315,9701,,,1,70,,23323,9701,,,1,28,,23301,9701,,,1,70,,23309,9701,,,1,30,,23316,9701,,,1,68,,23324,9701,,,1,30,,23302,9701,,,1,70,,23310,9701,,,1,30,,23317,9701,,,1,70,,23325,9701,,,1,31,,23303,9701,,,1,70,,23311,9701,,,1,31,,23318,9701,,,1,70,,23326,9701,,,1,30,,23320,9701,,,1,70,,23312,9701,,,1,30,,23329,9701,,,1,70,,23327,9701,,,1,19,,23319,9701,,,1,15,,23321,9701,,,1,70,,23313,9701,,,1,28,,23330,9701,,,1,70,,23328,9701,,,1,45,,23304,9701,,,1,101,,23331,9701,,,1,100,,23305,9701,,,1,99,,23332,9701,,,1,100,,23306,9701,,,1,99,,23333,9701,,,1
801,'SA',541,,23338,9701,,,1,70,,23350,9701,,,1,30,,23353,9701,,,1,70,,23356,9701,,,1,30,,23339,9701,,,1,71,,23351,9701,,,1,30,,23354,9701,,,1,70,,23357,9701,,,1,27,,23340,9701,,,1,68,,23352,9701,,,1,30,,23355,9701,,,1,70,,23358,9701,,,1,31,,23341,9701,,,1,70,,23346,9701,,,1,31,,23363,9701,,,1,70,,23359,9701,,,1,31,,23342,9701,,,1,70,,23347,9701,,,1,30,,23364,9701,,,1,70,,23360,9701,,,1,30,,2977,9701,,,1,70,,23348,9701,,,1,30,,23365,9701,,,1,70,,23361,9701,,,1,25,,23334,9701,,,1,10,,2978,9701,,,1,61,,23349,9701,,,1,30,,23366,9701,,,1,70,,23362,9701,,,1,50,,23335,9701,,,1,100,,23343,9701,,,1,100,,23336,9701,,,1,99,,23344,9701,,,1,100,,23337,9701,,,1,101,,23345,9701,,,1
801,'SE',507,,44283,9701,,,1,33,,44246,9701,,,1,67,,44285,9701,,,1,21,,44287,9701,,,1,20,,44290,9701,,,1,55,,44288,9701,,,1,8,,44250,9701,,,1,14,,44268,9701,,,1,7,,44295,9701,,,1,8,,44247,9701,,,1,9,,44289,9701,,,1,63,,44286,9701,,,1,19,,44261,9701,,,1,18,,44291,9701,,,1,54,,44282,9701,,,1,15,,44251,9701,,,1,14,,44269,9701,,,1,15,,44248,9701,,,1,57,,44272,9701,,,1,15,,44259,9701,,,1,14,,44262,9701,,,1,15,,44265,9701,,,1,56,,44305,9701,,,1,15,,44252,9701,,,1,15,,44270,9701,,,1,15,,44249,9701,,,1,55,,44273,9701,,,1,15,,44275,9701,,,1,16,,44254,9701,,,1,15,,44263,9701,,,1,55,,44292,9701,,,1,15,,44306,9701,,,1,15,,44303,9701,,,1,15,,44271,9701,,,1,55,,44244,9701,,,1,15,,44274,9701,,,1,18,,44260,9701,,,1,15,,44255,9701,,,1,53,,44307,9701,,,1,20,,44266,9701,,,1,11,,44293,9701,,,1,10,,44253,9701,,,1,54,,44297,9701,,,1,16,,44296,9701,,,1,16,,44245,9701,,,1,15,,44276,9701,,,1,53,,44279,9701,,,1,16,,44264,9701,,,1,15,,44300,9701,,,1,15,,44267,9701,,,1,55,,44294,9701,,,1,21,,44298,9701,,,1,23,,44299,9701,,,1,67,,44280,9701,,,1,28,,44301,9701,,,1,71,,44284,9701,,,1,29,,44256,9701,,,1,73,,44308,9701,,,1,27,,44302,9701,,,1,12,,44277,9701,,,1,60,,44281,9701,,,1,29,,44257,9701,,,1,60,,44304,9701,,,1,52,,44278,9701,,,1,100,,44258,9701,,,1
2200,'SE',608,,45806,618,,,2,92,,45808,618,,,2,25,,45807,618,,,2,893,,45809,618,,,2,40,,45811,618,,,2,60,,45805,618,,,2,30,,45810,618,,,2,80,,45812,618,,,2
2801,'DI',928,,27810,3377,,,1,100,,27815,3377,,,1,100,,27813,3377,,,1,101,,27811,3377,,,1,100,,27812,3377,,,1,100,,27816,3377,,,1,99,,27819,3377,,,1,99,,27818,3377,,,1,96,,27817,3377,,,1,105,,27814,3377,,,1
2801,'F1',928,,45978,3377,,,1,100,,45983,3377,,,1,100,,45981,3377,,,1,101,,45979,3377,,,1,100,,45980,3377,,,1,100,,45984,3377,,,1,99,,45987,3377,,,1,99,,45986,3377,,,1,96,,45985,3377,,,1,105,,45982,3377,,,1
2801,'F2',928,,45995,3377,,,1,100,,45990,3377,,,1,100,,45988,3377,,,1,101,,45992,3377,,,1,100,,45991,3377,,,1,100,,45993,3377,,,1,99,,45989,3377,,,1,96,,45997,3377,,,1,99,,45996,3377,,,1,105,,45994,3377,,,1
2801,'F8',928,,27885,3377,,,1,100,,27880,3377,,,1,100,,27878,3377,,,1,101,,27882,3377,,,1,100,,27881,3377,,,1,100,,27883,3377,,,1,99,,27879,3377,,,1,96,,27887,3377,,,1,99,,27886,3377,,,1,105,,27884,3377,,,1
2801,'F9',928,,27888,3377,,,1,100,,27893,3377,,,1,100,,27891,3377,,,1,101,,27889,3377,,,1,100,,27890,3377,,,1,100,,27894,3377,,,1,99,,27897,3377,,,1,99,,27896,3377,,,1,96,,27895,3377,,,1,105,,27892,3377,,,1
2801,'SA',928,,27904,3377,,,1,100,,27900,3377,,,1,100,,27898,3377,,,1,101,,27901,3377,,,1,100,,7052,3377,,,1,100,,27902,3377,,,1,99,,27899,3377,,,1,96,,27906,3377,,,1,99,,27905,3377,,,1,105,,27903,3377,,,1
2801,'SE',638,,46024,3377,,,1,19,,46030,5087,,,1,61,,46025,3377,,,1,19,,46031,5087,,,1,69,,46035,5087,,,1,22,,46019,3377,,,1,16,,46029,5087,,,1,68,,46023,3377,,,1,29,,46009,3377,,,1,70,,46001,3377,,,1,30,,46005,3377,,,1,70,,46010,3377,,,1,30,,46002,3377,,,1,70,,46006,3377,,,1,30,,46011,3377,,,1,70,,46003,3377,,,1,30,,46007,3377,,,1,70,,46012,3377,,,1,30,,46004,3377,,,1,61,,46013,3377,,,1,12,,46008,3377,,,1,17,,46015,3377,,,1,10,,46032,5087,,,1,17,,45999,3377,,,1,53,,46017,3377,,,1,15,,46021,3377,,,1,18,,46034,5087,,,1,13,,46014,3377,,,1,56,,46016,3377,,,1,13,,46033,5087,,,1,18,,46018,3377,,,1,14,,46020,3377,,,1,63,,46026,3377,,,1,21,,45998,3377,,,1,63,,46022,3377,,,1,100,,46000,3377,,,1,100,,46027,3377,,,1,100,,46028,3377,,,1
8801,'DI',628,,36910,8973,,,1,30,,36915,8973,,,1,70,,36921,8973,,,1,30,,36931,8973,,,1,69,,36911,8973,,,1,30,,36916,8973,,,1,70,,36922,8973,,,1,28,,36932,8973,,,1,69,,36912,8973,,,1,30,,36917,8973,,,1,69,,36923,8973,,,1,30,,36933,8973,,,1,70,,36913,8973,,,1,30,,36918,8973,,,1,70,,36924,8973,,,1,31,,36934,8973,,,1,70,,36914,8973,,,1,31,,36919,8973,,,1,71,,36925,8973,,,1,29,,15257,8973,,,1,70,,36926,8973,,,1,30,,36920,8973,,,1,70,,36935,8973,,,1,34,,15258,8973,,,1,62,,36927,8973,,,1,106,,36936,8973,,,1,101,,36928,8973,,,1,100,,36937,8973,,,1,100,,36929,8973,,,1,100,,36938,8973,,,1,99,,36930,8973,,,1
8801,'F1',628,,49632,8973,,,1,30,,49637,8973,,,1,70,,49643,8973,,,1,30,,49653,8973,,,1,69,,49633,8973,,,1,30,,49638,8973,,,1,70,,49644,8973,,,1,28,,49654,8973,,,1,69,,49634,8973,,,1,30,,49639,8973,,,1,69,,49645,8973,,,1,30,,49655,8973,,,1,70,,49635,8973,,,1,30,,49640,8973,,,1,70,,49646,8973,,,1,31,,49656,8973,,,1,70,,49636,8973,,,1,31,,49641,8973,,,1,71,,49647,8973,,,1,29,,49630,8973,,,1,70,,49648,8973,,,1,30,,49642,8973,,,1,70,,49657,8973,,,1,34,,49631,8973,,,1,62,,49649,8973,,,1,106,,49658,8973,,,1,101,,49650,8973,,,1,100,,49659,8973,,,1,100,,49651,8973,,,1,100,,49660,8973,,,1,99,,49652,8973,,,1
8801,'F2',626,,49664,8973,,,1,30,,49663,8973,,,1,70,,49685,8973,,,1,28,,49676,8973,,,1,70,,49665,8973,,,1,30,,49689,8973,,,1,71,,49686,8973,,,1,27,,49677,8973,,,1,70,,49669,8973,,,1,29,,49690,8973,,,1,70,,49687,8973,,,1,31,,49678,8973,,,1,70,,49670,8973,,,1,31,,49682,8973,,,1,68,,49666,8973,,,1,31,,49679,8973,,,1,70,,49671,8973,,,1,30,,49683,8973,,,1,70,,49667,8973,,,1,30,,49661,8973,,,1,70,,49672,8973,,,1,31,,49684,8973,,,1,68,,49668,8973,,,1,32,,49662,8973,,,1,62,,49691,8973,,,1,109,,49680,8973,,,1,100,,49673,8973,,,1,100,,49681,8973,,,1,100,,49674,8973,,,1,98,,49688,8973,,,1,100,,49675,8973,,,1
8801,'F8',626,,37048,8973,,,1,30,,37047,8973,,,1,70,,37069,8973,,,1,28,,37060,8973,,,1,70,,37049,8973,,,1,30,,37073,8973,,,1,71,,37070,8973,,,1,27,,37061,8973,,,1,70,,37053,8973,,,1,29,,37074,8973,,,1,70,,37071,8973,,,1,31,,37062,8973,,,1,70,,37054,8973,,,1,31,,37066,8973,,,1,68,,37050,8973,,,1,31,,37063,8973,,,1,70,,37055,8973,,,1,30,,37067,8973,,,1,70,,37051,8973,,,1,30,,37045,8973,,,1,70,,37056,8973,,,1,31,,37068,8973,,,1,68,,37052,8973,,,1,32,,37046,8973,,,1,62,,37075,8973,,,1,109,,37064,8973,,,1,100,,37057,8973,,,1,100,,37065,8973,,,1,100,,37058,8973,,,1,98,,37072,8973,,,1,100,,37059,8973,,,1
8801,'F9',628,,37078,8973,,,1,30,,37083,8973,,,1,70,,37089,8973,,,1,30,,37099,8973,,,1,69,,37079,8973,,,1,30,,37084,8973,,,1,70,,37090,8973,,,1,28,,37100,8973,,,1,69,,37080,8973,,,1,30,,37085,8973,,,1,69,,37091,8973,,,1,30,,37101,8973,,,1,70,,37081,8973,,,1,30,,37086,8973,,,1,70,,37092,8973,,,1,31,,37102,8973,,,1,70,,37082,8973,,,1,31,,37087,8973,,,1,71,,37093,8973,,,1,29,,37076,8973,,,1,70,,37094,8973,,,1,30,,37088,8973,,,1,70,,37103,8973,,,1,34,,37077,8973,,,1,62,,37095,8973,,,1,106,,37104,8973,,,1,101,,37096,8973,,,1,100,,37105,8973,,,1,100,,37097,8973,,,1,100,,37106,8973,,,1,99,,37098,8973,,,1
8801,'SA',626,,37110,8973,,,1,30,,37109,8973,,,1,70,,37131,8973,,,1,28,,37122,8973,,,1,70,,37111,8973,,,1,30,,37134,8973,,,1,71,,37132,8973,,,1,27,,37123,8973,,,1,70,,37115,8973,,,1,29,,37135,8973,,,1,70,,37133,8973,,,1,31,,37124,8973,,,1,70,,37116,8973,,,1,31,,37128,8973,,,1,68,,37112,8973,,,1,31,,37125,8973,,,1,70,,37117,8973,,,1,30,,37129,8973,,,1,70,,37113,8973,,,1,30,,37107,8973,,,1,70,,37118,8973,,,1,31,,37130,8973,,,1,68,,37114,8973,,,1,32,,37108,8973,,,1,62,,37136,8973,,,1,109,,37126,8973,,,1,100,,37119,8973,,,1,100,,37127,8973,,,1,100,,37120,8973,,,1,98,,15458,8973,,,1,100,,37121,8973,,,1
8801,'SE',624,,49700,8973,,,1,20,,49692,8973,,,1,10,,49714,8973,,,1,54,,49719,8973,,,1,8,,49702,8973,,,1,13,,49721,8973,,,1,15,,49720,8973,,,1,10,,49693,8973,,,1,46,,49710,8973,,,1,18,,49718,8973,,,1,18,,49708,8973,,,1,20,,49732,8973,,,1,70,,49734,8973,,,1,30,,49733,8973,,,1,70,,49697,8973,,,1,30,,49727,8973,,,1,70,,49728,8973,,,1,30,,49694,8973,,,1,70,,49699,8973,,,1,30,,49703,8973,,,1,70,,49696,8973,,,1,30,,49695,8973,,,1,73,,49705,8973,,,1,29,,49701,8973,,,1,60,,49713,8973,,,1,18,,49730,8973,,,1,18,,49722,8973,,,1,52,,49704,8973,,,1,15,,49711,8973,,,1,19,,49715,8973,,,1,12,,49709,8973,,,1,55,,49698,8973,,,1,14,,49736,8973,,,1,16,,49735,8973,,,1,16,,49731,8973,,,1,56,,49723,8973,,,1,19,,49712,8973,,,1,27,,49716,8973,,,1,72,,49737,8973,,,1,30,,49706,8973,,,1,69,,49729,8973,,,1,30,,49717,8973,,,1,70,,49707,8973,,,1,102,,49724,8973,,,1,98,,49726,8973,,,1,100,,49725,8973,,,1
