1400,'SE',609,,54241,13488,,,1,30,,54248,13488,,,1,70,,54246,13488,,,1,30,,54242,13488,,,1,70,,54245,13488,,,1,29,,54244,13488,,,1,72,,54239,13488,,,1,694,,54250,13488,,,1,19,,54247,13488,,,1,27,,54249,13488,,,1,62,,54240,13488,,,1,18,,54235,13488,,,1,20,,54236,13488,,,1,57,,54238,13488,,,1,21,,54237,13488,,,1,19,,54243,13488,,,1
3300,'DI',612,,56772,3299,,,2,100,,56773,3299,,,2,100,,56774,3299,,,2,100,,56775,3299,,,2,100,,56776,3299,,,2,100,,56777,3299,,,2,100,,56778,3299,,,2,100,,56779,3299,,,2,100,,56780,3299,,,2,100,,56781,3299,,,2,99,,56782,3299,,,2,100,,56783,3299,,,2,100,,56784,3299,,,2,100,,56785,3299,,,2,101,,56786,3299,,,2,100,,56787,3299,,,2,100,,56788,3299,,,2,100,,56789,3299,,,2,100,,56790,3299,,,2
3300,'F1',612,,56791,3299,,,2,100,,56792,3299,,,2,100,,56793,3299,,,2,100,,56794,3299,,,2,100,,56795,3299,,,2,100,,56796,3299,,,2,100,,56797,3299,,,2,100,,56798,3299,,,2,100,,56799,3299,,,2,100,,56800,3299,,,2,99,,56801,3299,,,2,100,,56802,3299,,,2,100,,56803,3299,,,2,100,,56804,3299,,,2,101,,56805,3299,,,2,100,,56806,3299,,,2,100,,56807,3299,,,2,100,,56808,3299,,,2,100,,56809,3299,,,2
3300,'F2',612,,56810,3299,,,2,100,,56811,3299,,,2,100,,56812,3299,,,2,100,,56813,3299,,,2,100,,56814,3299,,,2,100,,56815,3299,,,2,100,,56816,3299,,,2,100,,56817,3299,,,2,100,,56818,3299,,,2,100,,56819,3299,,,2,99,,56820,3299,,,2,100,,56821,3299,,,2,100,,56822,3299,,,2,100,,56823,3299,,,2,101,,56824,3299,,,2,100,,56825,3299,,,2,100,,56826,3299,,,2,100,,56827,3299,,,2,100,,56828,3299,,,2
3300,'SA',612,,56829,3299,,,2,100,,56830,3299,,,2,100,,56831,3299,,,2,100,,56832,3299,,,2,100,,56833,3299,,,2,100,,56834,3299,,,2,100,,56835,3299,,,2,100,,56836,3299,,,2,100,,56837,3299,,,2,100,,56838,3299,,,2,99,,56839,3299,,,2,100,,56840,3299,,,2,100,,56841,3299,,,2,100,,56842,3299,,,2,101,,56843,3299,,,2,100,,56844,3299,,,2,100,,56845,3299,,,2,100,,56846,3299,,,2,100,,56847,3299,,,2
3300,'SE',614,,56883,3299,,,2,28,,56851,3299,,,2,70,,56856,3299,,,2,27,,56852,3299,,,2,70,,56857,3299,,,2,33,,56858,3299,,,2,70,,56853,3299,,,2,30,,56885,3299,,,2,70,,56854,3299,,,2,30,,56859,3299,,,2,70,,56855,3299,,,2,30,,56860,3299,,,2,70,,56870,3299,,,2,30,,56877,3299,,,2,70,,56876,3299,,,2,30,,56886,3299,,,2,70,,56882,3299,,,2,30,,56878,3299,,,2,70,,56848,3299,,,2,29,,56869,3299,,,2,67,,56849,3299,,,2,16,,56887,3299,,,2,15,,56861,3299,,,2,14,,56862,3299,,,2,55,,56863,3299,,,2,14,,56868,3299,,,2,15,,56884,3299,,,2,16,,56874,3299,,,2,55,,56875,3299,,,2,14,,56850,3299,,,2,30,,56864,3299,,,2,70,,56880,3299,,,2,30,,56865,3299,,,2,68,,56881,3299,,,2,30,,56866,3299,,,2,70,,56879,3299,,,2,30,,56867,3299,,,2,100,,56871,3299,,,2,100,,56872,3299,,,2,100,,56873,3299,,,2
11401,'DI',647,,61600,5845,,,1,101,,61601,5845,,,1,100,,61602,5845,,,1,100,,61603,5845,,,1,100,,61598,5845,,,1,100,,61599,5845,,,1,100,,61596,5845,,,1,100,,61597,5845,,,1,100,,61612,5845,,,1,100,,61613,5845,,,1,102,,61614,5845,,,1,99,,61604,5845,,,1,100,,61605,5845,,,1,100,,61606,5845,,,1,98,,61607,5845,,,1,100,,61608,5845,,,1,100,,61609,5845,,,1,100,,61610,5845,,,1,100,,61611,5845,,,1
11401,'F1',647,,61619,5845,,,1,101,,61620,5845,,,1,100,,61621,5845,,,1,100,,61622,5845,,,1,100,,61617,5845,,,1,100,,61618,5845,,,1,100,,61615,5845,,,1,100,,61616,5845,,,1,100,,61631,5845,,,1,100,,61632,5845,,,1,102,,61633,5845,,,1,99,,61623,5845,,,1,100,,61624,5845,,,1,100,,61625,5845,,,1,98,,61626,5845,,,1,100,,61627,5845,,,1,100,,61628,5845,,,1,100,,61629,5845,,,1,100,,61630,5845,,,1
11401,'F2',647,,61637,5845,,,1,101,,61638,5845,,,1,100,,61639,5845,,,1,100,,61640,5845,,,1,100,,61641,5845,,,1,100,,61642,5845,,,1,100,,61648,5845,,,1,100,,61649,5845,,,1,100,,61650,5845,,,1,100,,61651,5845,,,1,102,,61652,5845,,,1,99,,61634,5845,,,1,100,,61635,5845,,,1,100,,61636,5845,,,1,98,,61643,5845,,,1,100,,61644,5845,,,1,100,,61645,5845,,,1,100,,61646,5845,,,1,100,,61647,5845,,,1
11401,'SA',647,,61656,5845,,,1,101,,61657,5845,,,1,100,,61658,5845,,,1,100,,61659,5845,,,1,100,,61660,5845,,,1,100,,61661,5845,,,1,100,,61667,5845,,,1,100,,61668,5845,,,1,100,,61669,5845,,,1,100,,61670,5845,,,1,102,,61671,5845,,,1,99,,61653,5845,,,1,100,,61654,5845,,,1,100,,61655,5845,,,1,98,,61662,5845,,,1,100,,61663,5845,,,1,100,,61664,5845,,,1,100,,61665,5845,,,1,100,,61666,5845,,,1
11401,'SE',557,,61698,5845,,,1,70,,61678,5845,,,1,30,,61699,5845,,,1,62,,61674,5845,,,1,20,,61682,5845,,,1,20,,61700,5845,,,1,57,,61705,5845,,,1,20,,61679,5845,,,1,23,,61710,5845,,,1,59,,61706,5845,,,1,20,,61680,5845,,,1,20,,61711,5845,,,1,60,,61707,5845,,,1,23,,61681,5845,,,1,17,,61712,5845,,,1,60,,61708,5845,,,1,20,,61683,5845,,,1,20,,61713,5845,,,1,60,,61709,5845,,,1,20,,61684,5845,,,1,20,,61702,5845,,,1,60,,61686,5845,,,1,20,,61685,5845,,,1,20,,61703,5845,,,1,60,,61687,5845,,,1,20,,61690,5845,,,1,20,,61704,5845,,,1,60,,61688,5845,,,1,20,,61691,5845,,,1,20,,61675,5845,,,1,59,,61672,5845,,,1,23,,61692,5845,,,1,60,,61701,5845,,,1,21,,61673,5845,,,1,20,,61720,5845,,,1,18,,61689,5845,,,1,60,,61693,5845,,,1,17,,61697,5845,,,1,23,,61676,5845,,,1,60,,61677,5845,,,1,30,,61714,5845,,,1,68,,61717,5845,,,1,30,,61715,5845,,,1,70,,61718,5845,,,1,30,,61716,5845,,,1,70,,61719,5845,,,1,100,,61694,5845,,,1,100,,61695,5845,,,1,100,,61696,5845,,,1
53300,'SE',1630,,63440,6909,,,2
53400,'SE',1634,,63442,6909,,,2
55100,'SE',1638,,63466,7305,,,2
69300,'SE',1629,,63579,6610,,,2,1,,63580,6610,,,2
69301,'SE',846,,63581,5748,,,2,1,,63582,5748,,,2
