2500,'DI',708,,56116,8137,,,2
2500,'F1',708,,56117,8137,,,2
2500,'F2',708,,56118,8137,,,2
2500,'SA',708,,56119,8137,,,2
2500,'SE',530,,56125,8137,,,2,70,,56127,8137,,,2,29,,56142,8137,,,2,19,,56140,8137,,,2,61,,56136,8137,,,2,19,,56128,8137,,,2,29,,56129,8137,,,2,68,,56131,8137,,,2,77,,56138,8137,,,2,30,,56126,8137,,,2,470,,56130,8137,,,2,30,,56137,8137,,,2,69,,56145,8137,,,2,13,,56144,8137,,,2,18,,56143,8137,,,2,71,,56132,8137,,,2,32,,56120,8137,,,2,69,,56133,8137,,,2,29,,56123,8137,,,2,71,,56121,8137,,,2,28,,56134,8137,,,2,70,,56122,8137,,,2,335,,56139,8137,,,2,83,,56141,8137,,,2,15,,56124,8137,,,2,85,,56135,8137,,,2
12301,'DI',516,,37798,2159,,,1,100,,37808,2159,,,1,100,,37799,2159,,,1,100,,37809,2159,,,1,100,,37800,2159,,,1,100,,37810,2159,,,1,100,,37801,2159,,,1,100,,61842,2159,,,1,100,,37802,2159,,,1,100,,61843,2159,,,1,100,,37803,2159,,,1,100,,61844,2159,,,1,100,,61838,2159,,,1,100,,61845,2159,,,1,100,,61839,2159,,,1,100,,61846,2159,,,1,100,,61840,2159,,,1,100,,61847,2159,,,1,100,,61841,2159,,,1,100,,61848,2159,,,1
12301,'F1',516,,49985,2159,,,1,100,,49995,2159,,,1,100,,49986,2159,,,1,100,,49996,2159,,,1,100,,49987,2159,,,1,100,,49997,2159,,,1,100,,49988,2159,,,1,100,,61853,2159,,,1,100,,49989,2159,,,1,100,,61854,2159,,,1,100,,49990,2159,,,1,100,,61855,2159,,,1,100,,61849,2159,,,1,100,,61856,2159,,,1,100,,61850,2159,,,1,100,,61857,2159,,,1,100,,61851,2159,,,1,100,,61858,2159,,,1,100,,61852,2159,,,1,100,,61859,2159,,,1
12301,'F2',516,,61861,2159,,,1,100,,61860,2159,,,1,100,,61862,2159,,,1,100,,61868,2159,,,1,100,,61872,2159,,,1,100,,61863,2159,,,1,100,,61873,2159,,,1,100,,61864,2159,,,1,100,,61874,2159,,,1,100,,61865,2159,,,1,100,,61875,2159,,,1,100,,61866,2159,,,1,100,,61876,2159,,,1,100,,61867,2159,,,1,100,,61877,2159,,,1,100,,61869,2159,,,1,100,,61878,2159,,,1,100,,61870,2159,,,1,100,,61879,2159,,,1,100,,61871,2159,,,1
12301,'SA',516,,61881,2159,,,1,100,,61880,2159,,,1,100,,61882,2159,,,1,100,,61888,2159,,,1,100,,61892,2159,,,1,100,,61883,2159,,,1,100,,61893,2159,,,1,100,,61884,2159,,,1,100,,61894,2159,,,1,100,,61885,2159,,,1,100,,61895,2159,,,1,100,,61886,2159,,,1,100,,61896,2159,,,1,100,,61887,2159,,,1,100,,61897,2159,,,1,100,,61889,2159,,,1,100,,61898,2159,,,1,100,,61890,2159,,,1,100,,61899,2159,,,1,100,,61891,2159,,,1
12301,'SE',501,,61913,2159,,,1,30,,61916,2159,,,1,20,,50029,2159,,,1,60,,61904,2159,,,1,15,,61902,2159,,,1,25,,61901,2159,,,1,70,,61900,2159,,,1,30,,61903,2159,,,1,70,,61905,2159,,,1,30,,61910,2159,,,1,70,,61912,2159,,,1,96,,61909,2159,,,1,100,,61932,2159,,,1,100,,61908,2159,,,1,100,,61918,2159,,,1,100,,61922,2159,,,1,11,,61921,2159,,,1,23,,50049,2159,,,1,60,,50053,2159,,,1,15,,61927,2159,,,1,19,,61928,2159,,,1,6,,61924,2159,,,1,55,,61929,2159,,,1,10,,61931,2159,,,1,6,,61919,2159,,,1,24,,61926,2159,,,1,70,,50050,2159,,,1,31,,61911,2159,,,1,71,,61917,2159,,,1,26,,61920,2159,,,1,74,,61907,2159,,,1,28,,61906,2159,,,1,70,,61925,2159,,,1,98,,61930,2159,,,1,100,,61914,2159,,,1,100,,61923,2159,,,1,120,,61915,2159,,,1
