801,'DI',553,,23101,14151,,,1,70,,2745,14151,,,1,30,,2752,14151,,,1,70,,23108,14151,,,1,30,,23102,14151,,,1,72,,2746,14151,,,1,30,,2753,14151,,,1,70,,23109,14151,,,1,29,,23103,14151,,,1,70,,2747,14151,,,1,30,,2754,14151,,,1,69,,23110,14151,,,1,30,,23104,14151,,,1,70,,2748,14151,,,1,30,,2755,14151,,,1,70,,23111,14151,,,1,31,,2741,14151,,,1,70,,2749,14151,,,1,31,,2756,14151,,,1,70,,23112,14151,,,1,29,,23106,14151,,,1,70,,2750,14151,,,1,30,,23115,14151,,,1,70,,23113,14151,,,1,19,,23105,14151,,,1,13,,23107,14151,,,1,70,,2751,14151,,,1,28,,23116,14151,,,1,70,,23114,14151,,,1,85,,2742,14151,,,1,100,,23117,14151,,,1,100,,2743,14151,,,1,99,,23118,14151,,,1,100,,2744,14151,,,1,99,,23119,14151,,,1
801,'F8',553,,23268,14151,,,1,70,,23280,14151,,,1,30,,23283,14151,,,1,70,,23286,14151,,,1,30,,23269,14151,,,1,72,,23281,14151,,,1,30,,23284,14151,,,1,70,,23287,14151,,,1,27,,23270,14151,,,1,69,,23282,14151,,,1,30,,23285,14151,,,1,70,,23288,14151,,,1,31,,23271,14151,,,1,70,,23276,14151,,,1,31,,23293,14151,,,1,70,,23289,14151,,,1,31,,23272,14151,,,1,70,,23277,14151,,,1,30,,23294,14151,,,1,70,,23290,14151,,,1,30,,23297,14151,,,1,70,,23278,14151,,,1,30,,23295,14151,,,1,70,,23291,14151,,,1,25,,23264,14151,,,1,10,,23298,14151,,,1,60,,23279,14151,,,1,30,,23296,14151,,,1,70,,23292,14151,,,1,90,,23265,14151,,,1,100,,23273,14151,,,1,100,,23266,14151,,,1,97,,23274,14151,,,1,100,,23267,14151,,,1,100,,23275,14151,,,1
801,'F9',553,,23299,14151,,,1,70,,23307,14151,,,1,30,,23314,14151,,,1,70,,23322,14151,,,1,30,,23300,14151,,,1,72,,23308,14151,,,1,30,,23315,14151,,,1,70,,23323,14151,,,1,29,,23301,14151,,,1,70,,23309,14151,,,1,30,,23316,14151,,,1,69,,23324,14151,,,1,30,,23302,14151,,,1,70,,23310,14151,,,1,30,,23317,14151,,,1,70,,23325,14151,,,1,31,,23303,14151,,,1,70,,23311,14151,,,1,31,,23318,14151,,,1,70,,23326,14151,,,1,29,,23320,14151,,,1,70,,23312,14151,,,1,30,,23329,14151,,,1,70,,23327,14151,,,1,19,,23319,14151,,,1,13,,23321,14151,,,1,70,,23313,14151,,,1,28,,23330,14151,,,1,70,,23328,14151,,,1,85,,23304,14151,,,1,100,,23331,14151,,,1,100,,23305,14151,,,1,99,,23332,14151,,,1,100,,23306,14151,,,1,99,,23333,14151,,,1
801,'SA',553,,23338,14151,,,1,70,,23350,14151,,,1,30,,23353,14151,,,1,70,,23356,14151,,,1,30,,23339,14151,,,1,72,,23351,14151,,,1,30,,23354,14151,,,1,70,,23357,14151,,,1,27,,23340,14151,,,1,69,,23352,14151,,,1,30,,23355,14151,,,1,70,,23358,14151,,,1,31,,23341,14151,,,1,70,,23346,14151,,,1,31,,23363,14151,,,1,70,,23359,14151,,,1,31,,23342,14151,,,1,70,,23347,14151,,,1,30,,23364,14151,,,1,70,,23360,14151,,,1,30,,2977,14151,,,1,70,,23348,14151,,,1,30,,23365,14151,,,1,70,,23361,14151,,,1,25,,23334,14151,,,1,10,,2978,14151,,,1,60,,23349,14151,,,1,30,,23366,14151,,,1,70,,23362,14151,,,1,90,,23335,14151,,,1,100,,23343,14151,,,1,100,,23336,14151,,,1,97,,23344,14151,,,1,100,,23337,14151,,,1,100,,23345,14151,,,1
801,'SE',519,,23393,14151,,,1,33,,23367,14151,,,1,67,,23401,14151,,,1,21,,23403,14151,,,1,5,,23400,14151,,,1,55,,23435,14151,,,1,5,,23410,14151,,,1,11,,23413,14151,,,1,4,,23415,14151,,,1,5,,23372,14151,,,1,3,,23428,14151,,,1,5,,23376,14151,,,1,4,,23436,14151,,,1,3,,23434,14151,,,1,3,,23437,14151,,,1,4,,23383,14151,,,1,9,,23368,14151,,,1,46,,23440,14151,,,1,5,,23395,14151,,,1,7,,23385,14151,,,1,12,,23402,14151,,,1,18,,23404,14151,,,1,58,,23394,14151,,,1,13,,23371,14151,,,1,15,,23373,14151,,,1,15,,23377,14151,,,1,55,,23369,14151,,,1,17,,23386,14151,,,1,15,,23382,14151,,,1,14,,23405,14151,,,1,55,,23379,14151,,,1,16,,23430,14151,,,1,15,,23374,14151,,,1,15,,23378,14151,,,1,55,,23370,14151,,,1,15,,23384,14151,,,1,15,,23387,14151,,,1,16,,23414,14151,,,1,55,,23406,14151,,,1,15,,23416,14151,,,1,15,,23389,14151,,,1,15,,23433,14151,,,1,55,,23439,14151,,,1,15,,23431,14151,,,1,15,,23421,14151,,,1,18,,23419,14151,,,1,55,,23396,14151,,,1,13,,23438,14151,,,1,22,,23380,14151,,,1,11,,23417,14151,,,1,50,,23375,14151,,,1,14,,23432,14151,,,1,16,,23420,14151,,,1,17,,23429,14151,,,1,55,,23388,14151,,,1,13,,23424,14151,,,1,16,,23423,14151,,,1,15,,23407,14151,,,1,55,,23381,14151,,,1,13,,23418,14151,,,1,21,,23422,14151,,,1,21,,23399,14151,,,1,67,,23425,14151,,,1,28,,23411,14151,,,1,71,,23397,14151,,,1,28,,23426,14151,,,1,73,,23408,14151,,,1,27,,23412,14151,,,1,52,,23390,14151,,,1,20,,23398,14151,,,1,29,,23427,14151,,,1,60,,23409,14151,,,1,92,,23391,14151,,,1,100,,23392,14151,,,1
2801,'DI',941,,27810,7828,,,1,100,,27815,7828,,,1,100,,27813,7828,,,1,101,,27811,7828,,,1,100,,27812,7828,,,1,100,,27816,7828,,,1,98,,27819,7828,,,1,99,,27818,7828,,,1,96,,27817,7828,,,1,105,,27814,7828,,,1
2801,'F8',941,,27885,7828,,,1,100,,27880,7828,,,1,100,,27878,7828,,,1,101,,27882,7828,,,1,100,,27881,7828,,,1,100,,27883,7828,,,1,98,,27879,7828,,,1,96,,27887,7828,,,1,99,,27886,7828,,,1,105,,27884,7828,,,1
2801,'F9',941,,27888,7828,,,1,100,,27893,7828,,,1,100,,27891,7828,,,1,101,,27889,7828,,,1,100,,27890,7828,,,1,100,,27894,7828,,,1,98,,27897,7828,,,1,99,,27896,7828,,,1,96,,27895,7828,,,1,105,,27892,7828,,,1
2801,'SA',941,,27904,7828,,,1,100,,27900,7828,,,1,100,,27898,7828,,,1,101,,27901,7828,,,1,100,,7052,7828,,,1,100,,27902,7828,,,1,98,,27899,7828,,,1,96,,27906,7828,,,1,99,,27905,7828,,,1,105,,27903,7828,,,1
2801,'SE',651,,27922,7828,,,1,63,,27940,9537,,,1,18,,27929,7828,,,1,21,,27938,9537,,,1,67,,27941,9537,,,1,21,,27920,7828,,,1,60,,27939,9537,,,1,24,,27911,7828,,,1,29,,27923,7828,,,1,70,,27907,7828,,,1,30,,27921,7828,,,1,70,,27924,7828,,,1,30,,27908,7828,,,1,70,,27930,7828,,,1,30,,27925,7828,,,1,70,,27909,7828,,,1,30,,27931,7828,,,1,71,,27926,7828,,,1,30,,27910,7828,,,1,61,,27932,7828,,,1,12,,27912,7828,,,1,17,,27914,7828,,,1,10,,27942,9537,,,1,57,,27936,7828,,,1,13,,27934,7828,,,1,15,,27917,7828,,,1,18,,27944,9537,,,1,53,,27913,7828,,,1,16,,27915,7828,,,1,13,,27943,9537,,,1,18,,27935,7828,,,1,54,,27927,7828,,,1,21,,27933,7828,,,1,21,,27937,7828,,,1,63,,27919,7828,,,1,100,,27916,7828,,,1,100,,27928,7828,,,1,100,,27918,7828,,,1
7701,'DI',821,,35180,14587,0,25 26,1,100,,35183,14587,0,25 26,1,100,,35181,14587,0,25 26,1,100,,35184,14587,0,25 26,1,100,,35182,14587,0,25 26,1,100,,35179,14587,0,25 26,1,100,,35185,14587,0,25 26,1,100,,35188,14587,0,25 26,1,100,,35178,14587,0,25 26,1,100,,35189,14587,0,25 26,1,100,,35190,14587,0,25 26,1,98,,35191,14587,0,25 26,1,99,,35186,14587,0,25 26,1,100,,35192,14587,0,25 26,1,100,,35187,14587,0,25 26,1
7701,'F8',821,,35276,14587,0,25 26,1,100,,35267,14587,0,25 26,1,100,,35263,14587,0,25 26,1,100,,35268,14587,0,25 26,1,100,,35264,14587,0,25 26,1,100,,35266,14587,0,25 26,1,100,,35269,14587,0,25 26,1,97,,35262,14587,0,25 26,1,103,,35270,14587,0,25 26,1,99,,35272,14587,0,25 26,1,101,,35271,14587,0,25 26,1,98,,35273,14587,0,25 26,1,99,,35274,14587,0,25 26,1,100,,35265,14587,0,25 26,1,100,,35275,14587,0,25 26,1
7701,'F9',821,,35279,14587,0,25 26,1,100,,35282,14587,0,25 26,1,100,,35280,14587,0,25 26,1,100,,35283,14587,0,25 26,1,100,,35281,14587,0,25 26,1,100,,35278,14587,0,25 26,1,100,,35284,14587,0,25 26,1,100,,35287,14587,0,25 26,1,100,,35277,14587,0,25 26,1,100,,35288,14587,0,25 26,1,100,,35289,14587,0,25 26,1,98,,35290,14587,0,25 26,1,99,,35285,14587,0,25 26,1,100,,35291,14587,0,25 26,1,100,,35286,14587,0,25 26,1
7701,'SA',821,,35305,14587,0,25 26,1,100,,35296,14587,0,25 26,1,100,,35293,14587,0,25 26,1,100,,35297,14587,0,25 26,1,100,,13757,14587,0,25 26,1,100,,35295,14587,0,25 26,1,100,,35298,14587,0,25 26,1,97,,35292,14587,0,25 26,1,103,,35299,14587,0,25 26,1,99,,35301,14587,0,25 26,1,101,,35300,14587,0,25 26,1,98,,35302,14587,0,25 26,1,99,,35303,14587,0,25 26,1,100,,35294,14587,0,25 26,1,100,,35304,14587,0,25 26,1
7701,'SE',701,,35312,14587,0,25 26,1,11,,35308,14587,0,25 26,1,7,,35315,14587,0,25 26,1,7,,35318,14587,0,25 26,1,13,,35309,14587,0,25 26,1,2,,35321,14587,0,25 26,1,8,,35314,14587,0,25 26,1,58,,35319,14587,0,25 26,1,35,,35323,14587,0,25 26,1,68,,35316,14587,0,25 26,1,27,,35322,14587,0,25 26,1,5,,35310,14587,0,25 26,1,70,,35320,14587,0,25 26,1,30,,35324,14587,0,25 26,1,70,,35317,14587,0,25 26,1,30,,35311,14587,0,25 26,1,70,,35326,14587,0,25 26,1,31,,35325,14587,0,25 26,1,70,,35328,14587,0,25 26,1,31,,35329,14587,0,25 26,1,73,,35327,14587,0,25 26,1,30,,35330,14587,0,25 26,1,70,,35334,14587,0,25 26,1,32,,35336,14587,0,25 26,1,60,,35338,14587,0,25 26,1,20,,35341,14587,0,25 26,1,20,,35331,14587,0,25 26,1,60,,35335,14587,0,25 26,1,16,,35313,14587,0,25 26,1,18,,35337,14587,0,25 26,1,62,,35339,14587,0,25 26,1,29,,13794,14587,0,25 26,1,24,,35332,14587,0,25 26,1,73,,35340,14587,0,25 26,1,71,,35333,14587,0,25 26,1,30,,35342,14587,0,25 26,1,71,,35343,14587,0,25 26,1,31,,35307,14587,0,25 26,1,22,,35306,14587,0,25 26,1
8801,'DI',640,,36910,13423,,,1,70,,36915,13423,,,1,30,,36921,13423,,,1,70,,36931,13423,,,1,30,,36911,13423,,,1,70,,36916,13423,,,1,30,,36922,13423,,,1,69,,36932,13423,,,1,29,,36912,13423,,,1,70,,36917,13423,,,1,30,,36923,13423,,,1,70,,36933,13423,,,1,30,,36913,13423,,,1,70,,36918,13423,,,1,30,,36924,13423,,,1,71,,36934,13423,,,1,30,,36914,13423,,,1,71,,36919,13423,,,1,30,,36925,13423,,,1,69,,15257,13423,,,1,30,,36926,13423,,,1,70,,36920,13423,,,1,30,,36935,13423,,,1,72,,15258,13423,,,1,22,,36927,13423,,,1,106,,36936,13423,,,1,100,,36928,13423,,,1,100,,36937,13423,,,1,99,,36929,13423,,,1,100,,36938,13423,,,1,99,,36930,13423,,,1
8801,'F8',638,,37048,13423,,,1,70,,37047,13423,,,1,30,,37069,13423,,,1,69,,37060,13423,,,1,30,,37049,13423,,,1,70,,37073,13423,,,1,32,,37070,13423,,,1,67,,37061,13423,,,1,30,,37053,13423,,,1,69,,37074,13423,,,1,30,,37071,13423,,,1,71,,37062,13423,,,1,30,,37054,13423,,,1,71,,37066,13423,,,1,28,,37050,13423,,,1,71,,37063,13423,,,1,30,,37055,13423,,,1,70,,37067,13423,,,1,30,,37051,13423,,,1,70,,37045,13423,,,1,30,,37056,13423,,,1,71,,37068,13423,,,1,28,,37052,13423,,,1,72,,37046,13423,,,1,21,,37075,13423,,,1,109,,37064,13423,,,1,100,,37057,13423,,,1,100,,37065,13423,,,1,100,,37058,13423,,,1,96,,37072,13423,,,1,100,,37059,13423,,,1
8801,'F9',640,,37078,13423,,,1,70,,37083,13423,,,1,30,,37089,13423,,,1,70,,37099,13423,,,1,30,,37079,13423,,,1,70,,37084,13423,,,1,30,,37090,13423,,,1,69,,37100,13423,,,1,29,,37080,13423,,,1,70,,37085,13423,,,1,30,,37091,13423,,,1,70,,37101,13423,,,1,30,,37081,13423,,,1,70,,37086,13423,,,1,30,,37092,13423,,,1,71,,37102,13423,,,1,30,,37082,13423,,,1,71,,37087,13423,,,1,30,,37093,13423,,,1,69,,37076,13423,,,1,30,,37094,13423,,,1,70,,37088,13423,,,1,30,,37103,13423,,,1,72,,37077,13423,,,1,22,,37095,13423,,,1,106,,37104,13423,,,1,100,,37096,13423,,,1,100,,37105,13423,,,1,99,,37097,13423,,,1,100,,37106,13423,,,1,99,,37098,13423,,,1
8801,'SA',638,,37110,13423,,,1,70,,37109,13423,,,1,30,,37131,13423,,,1,69,,37122,13423,,,1,30,,37111,13423,,,1,70,,37134,13423,,,1,32,,37132,13423,,,1,67,,37123,13423,,,1,30,,37115,13423,,,1,69,,37135,13423,,,1,30,,37133,13423,,,1,71,,37124,13423,,,1,30,,37116,13423,,,1,71,,37128,13423,,,1,28,,37112,13423,,,1,71,,37125,13423,,,1,30,,37117,13423,,,1,70,,37129,13423,,,1,30,,37113,13423,,,1,70,,37107,13423,,,1,30,,37118,13423,,,1,71,,37130,13423,,,1,28,,37114,13423,,,1,72,,37108,13423,,,1,21,,37136,13423,,,1,109,,37126,13423,,,1,100,,37119,13423,,,1,100,,37127,13423,,,1,100,,37120,13423,,,1,96,,15458,13423,,,1,100,,37121,13423,,,1
8801,'SE',635,,37137,13423,,,1,20,,37149,13423,,,1,55,,37139,13423,,,1,12,,15479,13423,,,1,7,,37141,13423,,,1,21,,37151,13423,,,1,9,,37146,13423,,,1,52,,37153,13423,,,1,11,,37143,13423,,,1,10,,37148,13423,,,1,19,,37178,13423,,,1,58,,37179,13423,,,1,30,,37180,13423,,,1,70,,37152,13423,,,1,30,,37167,13423,,,1,70,,37150,13423,,,1,30,,37147,13423,,,1,70,,37165,13423,,,1,30,,37168,13423,,,1,70,,37142,13423,,,1,30,,37140,13423,,,1,70,,37169,13423,,,1,33,,37144,13423,,,1,69,,37166,13423,,,1,9,,15486,13423,,,1,2,,15491,13423,,,1,2,,37159,13423,,,1,7,,37138,13423,,,1,20,,37160,13423,,,1,58,,37172,13423,,,1,12,,37170,13423,,,1,15,,37173,13423,,,1,19,,37175,13423,,,1,53,,37145,13423,,,1,15,,37154,13423,,,1,14,,37181,13423,,,1,16,,37158,13423,,,1,53,,37161,13423,,,1,17,,37162,13423,,,1,17,,37155,13423,,,1,67,,37176,13423,,,1,32,,37174,13423,,,1,70,,15492,13423,,,1,28,,37156,13423,,,1,70,,37177,13423,,,1,30,,37171,13423,,,1,101,,37157,13423,,,1,98,,37164,13423,,,1,100,,37163,13423,,,1
56501,'SE',841,,40724,5354,,,2
60801,'SE',1517,,40763,9019,,,2,2,,40764,9019,,,2
