1000,'DI',637,,23472,4600,,,1,70,,23499,4600,,,1,30,,23497,4600,,,1,70,,23490,4600,,,1,38,,23473,4600,,,1,70,,23491,4600,,,1,30,,23474,4600,,,1,70,,23492,4600,,,1,30,,23475,4600,,,1,70,,23493,4600,,,1,30,,23476,4600,,,1,70,,23494,4600,,,1,30,,23477,4600,,,1,70,,23495,4600,,,1,30,,23478,4600,,,1,70,,23496,4600,,,1,30,,23479,4600,,,1,70,,23500,4600,,,1,30,,23480,4600,,,1,70,,23501,4600,,,1,30,,23481,4600,,,1,70,,23502,4600,,,1,30,,23482,4600,,,1,70,,23503,4600,,,1,41,,23483,4600,,,1,100,,23484,4600,,,1,100,,23485,4600,,,1,100,,23486,4600,,,1,100,,23487,4600,,,1,100,,23488,4600,,,1,100,,23489,4600,,,1
1000,'F1',637,,44325,4600,,,1,70,,44352,4600,,,1,30,,44350,4600,,,1,70,,44343,4600,,,1,38,,44326,4600,,,1,70,,44344,4600,,,1,30,,44327,4600,,,1,70,,44345,4600,,,1,30,,44328,4600,,,1,70,,44346,4600,,,1,30,,44329,4600,,,1,70,,44347,4600,,,1,30,,44330,4600,,,1,70,,44348,4600,,,1,30,,44331,4600,,,1,70,,44349,4600,,,1,30,,44332,4600,,,1,70,,44353,4600,,,1,30,,44333,4600,,,1,70,,44354,4600,,,1,30,,44334,4600,,,1,70,,44355,4600,,,1,30,,44335,4600,,,1,70,,44356,4600,,,1,41,,44336,4600,,,1,100,,44337,4600,,,1,100,,44338,4600,,,1,100,,44339,4600,,,1,100,,44340,4600,,,1,100,,44341,4600,,,1,100,,44342,4600,,,1
1000,'F2',606,,44368,4600,,,1,30,,44363,4600,,,1,70,,44357,4600,,,1,30,,44370,4600,,,1,70,,44369,4600,,,1,38,,44379,4600,,,1,70,,44378,4600,,,1,30,,44380,4600,,,1,70,,44386,4600,,,1,30,,44381,4600,,,1,70,,44387,4600,,,1,30,,44371,4600,,,1,71,,44388,4600,,,1,30,,44372,4600,,,1,70,,44389,4600,,,1,30,,44373,4600,,,1,70,,44358,4600,,,1,30,,44374,4600,,,1,70,,44359,4600,,,1,30,,44375,4600,,,1,70,,44360,4600,,,1,29,,44376,4600,,,1,71,,44361,4600,,,1,30,,44377,4600,,,1,70,,44362,4600,,,1,41,,44382,4600,,,1,100,,44383,4600,,,1,100,,44384,4600,,,1,100,,44385,4600,,,1,100,,44364,4600,,,1,100,,44365,4600,,,1,100,,44366,4600,,,1
1000,'F8',606,,23581,4600,,,1,30,,23576,4600,,,1,70,,23570,4600,,,1,30,,23583,4600,,,1,70,,23582,4600,,,1,38,,23592,4600,,,1,70,,23591,4600,,,1,30,,23593,4600,,,1,70,,23599,4600,,,1,30,,23594,4600,,,1,70,,23600,4600,,,1,30,,23584,4600,,,1,71,,23601,4600,,,1,30,,23585,4600,,,1,70,,23602,4600,,,1,30,,23586,4600,,,1,70,,23571,4600,,,1,30,,23587,4600,,,1,70,,23572,4600,,,1,30,,23588,4600,,,1,70,,23573,4600,,,1,29,,23589,4600,,,1,71,,23574,4600,,,1,30,,23590,4600,,,1,70,,23575,4600,,,1,41,,23595,4600,,,1,100,,23596,4600,,,1,100,,23597,4600,,,1,100,,23598,4600,,,1,100,,23577,4600,,,1,100,,23578,4600,,,1,100,,23579,4600,,,1
1000,'F9',637,,23603,4600,,,1,70,,23630,4600,,,1,30,,23628,4600,,,1,70,,23621,4600,,,1,38,,23604,4600,,,1,70,,23622,4600,,,1,30,,23605,4600,,,1,70,,23623,4600,,,1,30,,23606,4600,,,1,70,,23624,4600,,,1,30,,23607,4600,,,1,70,,23625,4600,,,1,30,,23608,4600,,,1,70,,23626,4600,,,1,30,,23609,4600,,,1,70,,23627,4600,,,1,30,,23610,4600,,,1,70,,23631,4600,,,1,30,,23611,4600,,,1,70,,23632,4600,,,1,30,,23612,4600,,,1,70,,23633,4600,,,1,30,,23613,4600,,,1,70,,23634,4600,,,1,41,,23614,4600,,,1,100,,23615,4600,,,1,100,,23616,4600,,,1,100,,23617,4600,,,1,100,,23618,4600,,,1,100,,23619,4600,,,1,100,,23620,4600,,,1
1000,'SA',606,,23646,4600,,,1,30,,23641,4600,,,1,70,,23635,4600,,,1,30,,23648,4600,,,1,70,,23647,4600,,,1,38,,23657,4600,,,1,70,,23656,4600,,,1,30,,23658,4600,,,1,70,,23664,4600,,,1,30,,23659,4600,,,1,70,,23665,4600,,,1,30,,23649,4600,,,1,71,,23666,4600,,,1,30,,23650,4600,,,1,70,,23667,4600,,,1,30,,23651,4600,,,1,70,,23636,4600,,,1,30,,23652,4600,,,1,70,,23637,4600,,,1,30,,23653,4600,,,1,70,,23638,4600,,,1,29,,23654,4600,,,1,71,,23639,4600,,,1,30,,23655,4600,,,1,70,,23640,4600,,,1,41,,23660,4600,,,1,100,,23661,4600,,,1,100,,23662,4600,,,1,100,,23663,4600,,,1,100,,23642,4600,,,1,100,,23643,4600,,,1,100,,23644,4600,,,1
1700,'DI',628,,25381,4489,,,1,100,,25366,4489,,,1,30,,25372,4489,,,1,70,,25379,4489,,,1,30,,25392,4489,,,1,70,,25382,4489,,,1,30,,25387,4489,,,1,70,,25367,4489,,,1,30,,25389,4489,,,1,70,,25377,4489,,,1,30,,25385,4489,,,1,70,,25393,4489,,,1,30,,25373,4489,,,1,70,,25388,4489,,,1,30,,25378,4489,,,1,70,,25376,4489,,,1,30,,25391,4489,,,1,69,,25383,4489,,,1,30,,25368,4489,,,1,71,,25375,4489,,,1,30,,25369,4489,,,1,70,,25364,4489,,,1,31,,25370,4489,,,1,70,,25363,4489,,,1,99,,25390,4489,,,1,100,,25384,4489,,,1,100,,25371,4489,,,1,100,,25386,4489,,,1,100,,25374,4489,,,1,100,,25365,4489,,,1,100,,25380,4489,,,1
1700,'F1',628,,45060,4489,,,1,100,,45045,4489,,,1,30,,45051,4489,,,1,70,,45058,4489,,,1,30,,45071,4489,,,1,70,,45061,4489,,,1,30,,45066,4489,,,1,70,,45046,4489,,,1,30,,45068,4489,,,1,70,,45056,4489,,,1,30,,45064,4489,,,1,70,,45072,4489,,,1,30,,45052,4489,,,1,70,,45067,4489,,,1,30,,45057,4489,,,1,70,,45055,4489,,,1,30,,45070,4489,,,1,69,,45062,4489,,,1,30,,45047,4489,,,1,71,,45054,4489,,,1,30,,45048,4489,,,1,70,,45043,4489,,,1,31,,45049,4489,,,1,70,,45042,4489,,,1,99,,45069,4489,,,1,100,,45063,4489,,,1,100,,45050,4489,,,1,100,,45065,4489,,,1,100,,45053,4489,,,1,100,,45044,4489,,,1,100,,45059,4489,,,1
1700,'F2',628,,45093,4489,,,1,100,,45102,4489,,,1,30,,45076,4489,,,1,70,,45088,4489,,,1,30,,45099,4489,,,1,70,,45086,4489,,,1,30,,45075,4489,,,1,70,,45094,4489,,,1,30,,45077,4489,,,1,70,,45081,4489,,,1,30,,45073,4489,,,1,70,,45083,4489,,,1,30,,45089,4489,,,1,70,,45095,4489,,,1,30,,45100,4489,,,1,70,,45082,4489,,,1,30,,45101,4489,,,1,70,,45090,4489,,,1,30,,45097,4489,,,1,69,,45096,4489,,,1,30,,45078,4489,,,1,71,,45080,4489,,,1,30,,45079,4489,,,1,71,,45084,4489,,,1,99,,45098,4489,,,1,100,,45091,4489,,,1,100,,45087,4489,,,1,100,,45085,4489,,,1,100,,45074,4489,,,1,100,,45103,4489,,,1,100,,45092,4489,,,1
1700,'F8',628,,25476,4489,,,1,100,,25485,4489,,,1,30,,25459,4489,,,1,70,,25471,4489,,,1,30,,25482,4489,,,1,70,,25469,4489,,,1,30,,25458,4489,,,1,70,,25477,4489,,,1,30,,25460,4489,,,1,70,,25464,4489,,,1,30,,25456,4489,,,1,70,,25466,4489,,,1,30,,25472,4489,,,1,70,,25478,4489,,,1,30,,25483,4489,,,1,70,,25465,4489,,,1,30,,25484,4489,,,1,70,,25473,4489,,,1,30,,25480,4489,,,1,69,,25479,4489,,,1,30,,25461,4489,,,1,71,,25463,4489,,,1,30,,25462,4489,,,1,71,,25467,4489,,,1,99,,25481,4489,,,1,100,,25474,4489,,,1,100,,25470,4489,,,1,100,,25468,4489,,,1,100,,25457,4489,,,1,100,,25486,4489,,,1,100,,25475,4489,,,1
1700,'F9',628,,25505,4489,,,1,100,,25490,4489,,,1,30,,25496,4489,,,1,70,,25503,4489,,,1,30,,25516,4489,,,1,70,,25506,4489,,,1,30,,25511,4489,,,1,70,,25491,4489,,,1,30,,25513,4489,,,1,70,,25501,4489,,,1,30,,25509,4489,,,1,70,,25517,4489,,,1,30,,25497,4489,,,1,70,,25512,4489,,,1,30,,25502,4489,,,1,70,,25500,4489,,,1,30,,25515,4489,,,1,69,,25507,4489,,,1,30,,25492,4489,,,1,71,,25499,4489,,,1,30,,25493,4489,,,1,70,,25488,4489,,,1,31,,25494,4489,,,1,70,,25487,4489,,,1,99,,25514,4489,,,1,100,,25508,4489,,,1,100,,25495,4489,,,1,100,,25510,4489,,,1,100,,25498,4489,,,1,100,,25489,4489,,,1,100,,25504,4489,,,1
1700,'SA',628,,25536,4489,,,1,100,,25545,4489,,,1,30,,25521,4489,,,1,70,,4923,4489,,,1,30,,25542,4489,,,1,70,,25531,4489,,,1,30,,25520,4489,,,1,70,,25537,4489,,,1,30,,25522,4489,,,1,70,,25526,4489,,,1,30,,25518,4489,,,1,70,,25528,4489,,,1,30,,25533,4489,,,1,70,,25538,4489,,,1,30,,25543,4489,,,1,70,,25527,4489,,,1,30,,25544,4489,,,1,70,,25534,4489,,,1,30,,25540,4489,,,1,69,,25539,4489,,,1,30,,25523,4489,,,1,71,,25525,4489,,,1,30,,25524,4489,,,1,71,,25529,4489,,,1,99,,25541,4489,,,1,100,,4934,4489,,,1,100,,25532,4489,,,1,100,,25530,4489,,,1,100,,25519,4489,,,1,100,,25546,4489,,,1,100,,25535,4489,,,1
7600,'SE',607,,48783,4955,,,1,21,,48784,4955,,,1,20,,48780,4955,,,1,67,,48764,4955,,,1,13,,48767,4955,,,1,20,,48770,4955,,,1,63,,48800,4955,,,1,27,,48768,4955,,,1,71,,48771,4955,,,1,30,,48762,4955,,,1,70,,48781,4955,,,1,30,,48773,4955,,,1,70,,48769,4955,,,1,30,,48765,4955,,,1,70,,48763,4955,,,1,30,,48802,4955,,,1,70,,48760,4955,,,1,30,,48782,4955,,,1,71,,48766,4955,,,1,34,,48772,4955,,,1,66,,48785,4955,,,1,32,,48787,4955,,,1,71,,48777,4955,,,1,24,,48797,4955,,,1,18,,48801,4955,,,1,60,,48803,4955,,,1,21,,48774,4955,,,1,18,,48798,4955,,,1,60,,48806,4955,,,1,27,,48786,4955,,,1,70,,48776,4955,,,1,30,,48761,4955,,,1,70,,48788,4955,,,1,30,,48804,4955,,,1,70,,48789,4955,,,1,30,,48805,4955,,,1,70,,48790,4955,,,1,30,,48794,4955,,,1,70,,48791,4955,,,1,30,,48795,4955,,,1,70,,48792,4955,,,1,30,,48796,4955,,,1,70,,48793,4955,,,1
16100,'DI',602,,38650,4600,,,2,30,,38638,4600,0,35 36,2,70,,38648,4600,0,35 36,2,30,,38641,4600,0,35 36,2,70,,38642,4600,0,35 36,2,30,,38644,4600,0,35 36,2,702,,38639,4600,0,35 36,2,68,,38643,4600,0,35 36,2,32,,38640,4600,0,35 36,2,70,,38646,4600,0,35 36,2,30,,38649,4600,,,2,72,,38645,4600,0,35 36,2,30,,38647,4600,0,35 36,2
16100,'F1',602,,50332,4600,,,2,30,,50320,4600,0,35 36,2,70,,50330,4600,0,35 36,2,30,,50323,4600,0,35 36,2,70,,50324,4600,0,35 36,2,30,,50326,4600,0,35 36,2,702,,50321,4600,0,35 36,2,68,,50325,4600,0,35 36,2,32,,50322,4600,0,35 36,2,70,,50328,4600,0,35 36,2,30,,50331,4600,,,2,72,,50327,4600,0,35 36,2,30,,50329,4600,0,35 36,2
16100,'F2',602,,50344,4600,,,2,30,,50337,4600,0,35 36,2,70,,50338,4600,0,35 36,2,30,,50335,4600,0,35 36,2,70,,50341,4600,0,35 36,2,30,,50339,4600,0,35 36,2,700,,50336,4600,0,35 36,2,71,,50333,4600,0,35 36,2,31,,50342,4600,0,35 36,2,70,,50345,4600,,,2,31,,50334,4600,0,35 36,2,71,,50343,4600,0,35 36,2,29,,50340,4600,0,35 36,2
16100,'F8',602,,38707,4600,,,2,30,,38700,4600,0,35 36,2,70,,38701,4600,0,35 36,2,30,,38698,4600,0,35 36,2,70,,38704,4600,0,35 36,2,30,,38702,4600,0,35 36,2,700,,38699,4600,0,35 36,2,71,,38696,4600,0,35 36,2,31,,38705,4600,0,35 36,2,70,,38708,4600,,,2,31,,38697,4600,0,35 36,2,71,,38706,4600,0,35 36,2,29,,38703,4600,0,35 36,2
16100,'F9',602,,38721,4600,,,2,30,,38709,4600,0,35 36,2,70,,38719,4600,0,35 36,2,30,,38712,4600,0,35 36,2,70,,38713,4600,0,35 36,2,30,,38715,4600,0,35 36,2,702,,38710,4600,0,35 36,2,68,,38714,4600,0,35 36,2,32,,38711,4600,0,35 36,2,70,,38717,4600,0,35 36,2,30,,38720,4600,,,2,72,,38716,4600,0,35 36,2,30,,38718,4600,0,35 36,2
16100,'SA',602,,38733,4600,,,2,30,,38726,4600,0,35 36,2,70,,38727,4600,0,35 36,2,30,,38724,4600,0,35 36,2,70,,38730,4600,0,35 36,2,30,,38728,4600,0,35 36,2,700,,38725,4600,0,35 36,2,71,,38722,4600,0,35 36,2,31,,38731,4600,0,35 36,2,70,,38734,4600,,,2,31,,38723,4600,0,35 36,2,71,,38732,4600,0,35 36,2,29,,38729,4600,0,35 36,2
16100,'SE',642,,50359,4489,,,2,64,,50360,4489,,,2,25,,50358,4489,,,2,20,,50348,4489,0,35 36,2,61,,50347,4489,0,35 36,2,19,,50346,4489,0,35 36,2,321,,50363,4600,,,2,297,,50350,4600,0,35 36,2,70,,50349,4600,0,35 36,2,21,,50361,4600,,,2,60,,50351,4600,0,35 36,2,20,,50365,4600,,,2,20,,50354,4600,0,35 36,2,60,,50362,4600,,,2,20,,50352,4600,0,35 36,2,20,,50355,4600,0,35 36,2,60,,50364,4600,,,2,20,,50357,4600,0,35 36,2,20,,50353,4600,0,35 36,2,60,,50356,4600,0,35 36,2
41000,'SE',550,,50536,4489,,,2,60,,50529,4489,,,2,23,,50543,4489,,,2,6,,50532,4489,,,2,67,,50535,4489,,,2,12,,50534,4489,,,2,23,,50539,4489,,,2,11,,50544,4489,,,2,54,,50540,4489,,,2,18,,50546,4489,,,2,18,,50538,4489,,,2,70,,50541,4489,,,2,29,,50571,4600,,,2,70,,50570,4600,,,2,30,,50572,4600,,,2,70,,50549,4600,,,2,30,,50547,4600,,,2,70,,50553,4600,,,2,30,,50573,4600,,,2,70,,50550,4600,,,2,30,,50548,4600,,,2,71,,50554,4600,,,2,30,,50560,4600,,,2,66,,50555,4600,,,2,30,,50561,4600,,,2,20,,50551,4600,,,2,52,,50562,4600,,,2,15,,50579,4600,,,2,18,,50574,4600,,,2,12,,50578,4600,,,2,62,,50563,4600,,,2,32,,50575,4600,,,2,65,,50568,4600,,,2,30,,50576,4600,,,2,69,,50569,4600,,,2,30,,50577,4600,,,2,70,,50552,4600,,,2,30,,50564,4600,,,2,70,,50556,4600,,,2,30,,50567,4600,,,2,70,,50557,4600,,,2,30,,50565,4600,,,2,70,,50558,4600,,,2,101,,50559,4600,,,2,100,,50566,4600,,,2
41700,'SE',602,,50639,4489,,,2,18,,50637,4489,,,2,24,,50632,4489,,,2,12,,50634,4489,,,2,52,,50636,4489,,,2,8,,50638,4489,,,2,10,,50641,4489,,,2,12,,50635,4489,,,2,11,,50633,4489,,,2,55,,50642,4489,,,2,24,,50631,4489,,,2,31,,50640,4489,,,2,68,,50644,4600,,,2,30,,50664,4600,,,2,70,,50657,4600,,,2,30,,50665,4600,,,2,70,,50658,4600,,,2,30,,50666,4600,,,2,70,,50659,4600,,,2,30,,50667,4600,,,2,70,,50660,4600,,,2,30,,50668,4600,,,2,70,,50643,4600,,,2,26,,50649,4600,,,2,70,,50672,4600,,,2,25,,50654,4600,,,2,68,,50645,4600,,,2,18,,50674,4600,,,2,15,,50655,4600,,,2,52,,50646,4600,,,2,10,,50661,4600,,,2,15,,50673,4600,,,2,14,,50647,4600,,,2,15,,50656,4600,,,2,75,,50675,4600,,,2,70,,50662,4600,,,2,29,,50676,4600,,,2,30,,50663,4600,,,2,70,,50677,4600,,,2,30,,50648,4600,,,2,70,,50678,4600,,,2,30,,50669,4600,,,2,70,,50650,4600,,,2,30,,50670,4600,,,2,70,,50651,4600,,,2,30,,50671,4600,,,2,70,,50679,4600,,,2,30,,50653,4600,,,2,72,,50652,4600,,,2
