7101,'DI',533,,58887,5177,,,2,70,,58900,5177,,,2,32,,58884,5177,,,2,70,,58881,5177,,,2,30,,58877,5177,,,2,70,,58888,5177,,,2,31,,58885,5177,,,2,69,,58894,5177,,,2,30,,58889,5177,,,2,70,,58890,5177,,,2,31,,58878,5177,,,2,70,,58891,5177,,,2,30,,58879,5177,,,2,70,,58892,5177,,,2,30,,58895,5177,,,2,70,,58893,5177,,,2,30,,58902,5177,,,2,70,,58896,5177,,,2,30,,58903,5177,,,2,70,,58897,5177,,,2,30,,58904,5177,,,2,70,,58898,5177,,,2,30,,58882,5177,,,2,70,,58899,5177,,,2,28,,58883,5177,,,2,76,,58873,5177,,,2,26,,58901,5177,,,2,72,,58874,5177,,,2,98,,58875,5177,,,2,100,,58876,5177,,,2,100,,58880,5177,,,2,100,,58871,5177,,,2,100,,58872,5177,,,2
7101,'F1',533,,58921,5177,,,2,70,,58934,5177,,,2,32,,58918,5177,,,2,70,,58915,5177,,,2,30,,58911,5177,,,2,70,,58922,5177,,,2,31,,58919,5177,,,2,69,,58928,5177,,,2,30,,58923,5177,,,2,70,,58924,5177,,,2,31,,58912,5177,,,2,70,,58925,5177,,,2,30,,58913,5177,,,2,70,,58926,5177,,,2,30,,58929,5177,,,2,70,,58927,5177,,,2,30,,58936,5177,,,2,70,,58930,5177,,,2,30,,58937,5177,,,2,70,,58931,5177,,,2,30,,58938,5177,,,2,70,,58932,5177,,,2,30,,58916,5177,,,2,70,,58933,5177,,,2,28,,58917,5177,,,2,76,,58907,5177,,,2,26,,58935,5177,,,2,72,,58908,5177,,,2,98,,58909,5177,,,2,100,,58910,5177,,,2,100,,58914,5177,,,2,100,,58905,5177,,,2,100,,58906,5177,,,2
7101,'F2',533,,58960,5177,,,2,70,,58959,5177,,,2,32,,58958,5177,,,2,70,,58954,5177,,,2,30,,58940,5177,,,2,70,,58961,5177,,,2,31,,58950,5177,,,2,69,,58962,5177,,,2,30,,58948,5177,,,2,70,,58963,5177,,,2,31,,58957,5177,,,2,70,,58964,5177,,,2,30,,58949,5177,,,2,70,,58965,5177,,,2,30,,58953,5177,,,2,70,,58943,5177,,,2,30,,58966,5177,,,2,70,,58944,5177,,,2,30,,58967,5177,,,2,70,,58945,5177,,,2,30,,58968,5177,,,2,70,,58946,5177,,,2,30,,58969,5177,,,2,68,,58947,5177,,,2,30,,58970,5177,,,2,76,,58955,5177,,,2,26,,58971,5177,,,2,72,,58956,5177,,,2,98,,58951,5177,,,2,100,,58952,5177,,,2,100,,58939,5177,,,2,100,,58941,5177,,,2,100,,58942,5177,,,2,100,,58972,5177,,,2
7101,'SA',533,,58995,5177,,,2,70,,58994,5177,,,2,32,,58993,5177,,,2,70,,58989,5177,,,2,30,,58975,5177,,,2,70,,58996,5177,,,2,31,,58985,5177,,,2,69,,58997,5177,,,2,30,,58983,5177,,,2,70,,58998,5177,,,2,31,,58992,5177,,,2,70,,58999,5177,,,2,30,,58984,5177,,,2,70,,59000,5177,,,2,30,,58988,5177,,,2,70,,58978,5177,,,2,30,,59001,5177,,,2,70,,58979,5177,,,2,30,,59002,5177,,,2,70,,58980,5177,,,2,30,,59003,5177,,,2,70,,58981,5177,,,2,30,,59004,5177,,,2,68,,58982,5177,,,2,30,,59005,5177,,,2,76,,58990,5177,,,2,26,,59006,5177,,,2,72,,58991,5177,,,2,98,,58986,5177,,,2,100,,58987,5177,,,2,100,,58974,5177,,,2,100,,58976,5177,,,2,100,,58977,5177,,,2,100,,59007,5177,,,2
7101,'SE',457,,59016,5177,,,2,70,,59010,5177,,,2,30,,59017,5177,,,2,72,,59049,5177,,,2,30,,59018,5177,,,2,55,,59014,5177,,,2,25,,59027,5177,,,2,20,,59050,5177,,,2,60,,59012,5177,,,2,20,,59028,5177,,,2,70,,59013,5177,,,2,28,,59035,5177,,,2,70,,59029,5177,,,2,30,,59036,5177,,,2,70,,59030,5177,,,2,30,,59037,5177,,,2,70,,59031,5177,,,2,30,,59038,5177,,,2,69,,59032,5177,,,2,30,,59039,5177,,,2,70,,59033,5177,,,2,32,,59040,5177,,,2,70,,59034,5177,,,2,32,,59054,5177,,,2,71,,59019,5177,,,2,30,,59011,5177,,,2,63,,59041,5177,,,2,25,,59042,5177,,,2,76,,59015,5177,,,2,37,,59009,5177,,,2,67,,59020,5177,,,2,29,,59043,5177,,,2,70,,59021,5177,,,2,30,,59044,5177,,,2,70,,59022,5177,,,2,30,,59045,5177,,,2,70,,59023,5177,,,2,30,,59046,5177,,,2,70,,59024,5177,,,2,28,,59047,5177,,,2,70,,59025,5177,,,2,27,,59052,5177,,,2
7700,'DI',711,,59947,4591,,,1,100,,59949,4591,,,1,100,,59948,4591,,,1,100,,59950,4591,,,1,100,,59951,4591,,,1,100,,59953,4591,,,1,100,,59952,4591,,,1,100,,59954,4591,,,1,100,,59945,4591,,,1,100,,59955,4591,,,1,100,,59946,4591,,,1,100,,59956,4591,,,1,100,,59957,4591,,,1,100,,59959,4591,,,1,100,,59958,4591,,,1
7700,'F1',711,,59962,4591,,,1,100,,59964,4591,,,1,100,,59963,4591,,,1,100,,59965,4591,,,1,100,,59966,4591,,,1,100,,59968,4591,,,1,100,,59967,4591,,,1,100,,59969,4591,,,1,100,,59960,4591,,,1,100,,59970,4591,,,1,100,,59961,4591,,,1,100,,59971,4591,,,1,100,,59972,4591,,,1,100,,59974,4591,,,1,100,,59973,4591,,,1
7700,'F2',711,,59975,4591,,,1,100,,59977,4591,,,1,100,,59976,4591,,,1,100,,59978,4591,,,1,100,,59980,4591,,,1,100,,59979,4591,,,1,100,,59981,4591,,,1,97,,59982,4591,,,1,103,,59983,4591,,,1,99,,59985,4591,,,1,101,,59984,4591,,,1,100,,59986,4591,,,1,100,,59987,4591,,,1,100,,59989,4591,,,1,100,,59988,4591,,,1
7700,'SA',711,,59990,4591,,,1,100,,59992,4591,,,1,100,,59991,4591,,,1,100,,59993,4591,,,1,100,,59995,4591,,,1,100,,59994,4591,,,1,100,,59996,4591,,,1,97,,59997,4591,,,1,103,,59998,4591,,,1,99,,60000,4591,,,1,101,,59999,4591,,,1,100,,60001,4591,,,1,100,,60002,4591,,,1,100,,60004,4591,,,1,100,,60003,4591,,,1
7700,'SE',600,,60026,4591,,,1,37,,60025,4591,,,1,75,,60027,4591,,,1,26,,60005,4591,,,1,71,,60007,4591,,,1,31,,60009,4591,,,1,70,,60028,4591,,,1,30,,60006,4591,,,1,70,,60008,4591,,,1,30,,60010,4591,,,1,72,,60029,4591,,,1,29,,60030,4591,,,1,71,,60031,4591,,,1,33,,60011,4591,,,1,70,,60032,4591,,,1,30,,60014,4591,,,1,68,,60020,4591,,,1,30,,60012,4591,,,1,60,,60036,4591,,,1,20,,60033,4591,,,1,5,,60042,4591,,,1,15,,60015,4591,,,1,59,,60023,4591,,,1,18,,60021,4591,,,1,18,,60039,4591,,,1,18,,60013,4591,,,1,56,,60017,4591,,,1,21,,60037,4591,,,1,20,,60016,4591,,,1,58,,60024,4591,,,1,2,,60034,4591,,,1,19,,60022,4591,,,1,17,,60040,4591,,,1,70,,60018,4591,,,1,32,,60038,4591,,,1,71,,60035,4591,,,1,28,,60041,4591,,,1,70,,60019,4591,,,1
60501,'SE',844,,63484,7776,,,2,1,,63485,7776,,,2
