2301,'F2',622,,45845,8261,,,1,103,,45846,8261,,,1,102,,45847,8261,,,1,100,,45838,8261,,,1,103,,45839,8261,,,1,99,,45841,8261,,,1,103,,45842,8261,,,1,97,,45848,8261,,,1,99,,45849,8261,,,1,100,,45844,8261,,,1,100,,45843,8261,,,1,100,,45840,8261,,,1
2301,'F8',622,,27519,8261,,,1,103,,27520,8261,,,1,102,,27521,8261,,,1,100,,27512,8261,,,1,103,,27513,8261,,,1,99,,27515,8261,,,1,103,,27516,8261,,,1,97,,27522,8261,,,1,99,,27523,8261,,,1,100,,27518,8261,,,1,100,,27517,8261,,,1,100,,27514,8261,,,1
2301,'SA',622,,27531,8261,,,1,103,,27532,8261,,,1,102,,27533,8261,,,1,100,,27524,8261,,,1,103,,27525,8261,,,1,99,,27527,8261,,,1,103,,27528,8261,,,1,97,,27534,8261,,,1,99,,27535,8261,,,1,100,,27530,8261,,,1,100,,27529,8261,,,1,100,,27526,8261,,,1
2301,'SE',1030,,45854,8261,,,1,101,,45850,8261,,,1,100,,45853,8261,,,1,101,,45851,8261,,,1,100,,45852,8261,,,1
12301,'DI',556,,37798,22558,,,1,100,,37808,22558,,,1,100,,37799,22558,,,1,100,,37809,22558,,,1,102,,37800,22558,,,1,100,,37810,22558,,,1,100,,37801,22558,,,1,100,,37811,22558,,,1,100,,37802,22558,,,1,100,,37812,22558,,,1,100,,37803,22558,,,1,100,,37813,22558,,,1,100,,37804,22558,,,1,100,,37814,22558,,,1,100,,37805,22558,,,1,98,,37815,22558,,,1,100,,37806,22558,,,1,100,,37816,22558,,,1,100,,37807,22558,,,1,100,,37817,22558,,,1
12301,'F1',556,,49985,22558,,,1,100,,49995,22558,,,1,100,,49986,22558,,,1,100,,49996,22558,,,1,102,,49987,22558,,,1,100,,49997,22558,,,1,100,,49988,22558,,,1,100,,49998,22558,,,1,100,,49989,22558,,,1,100,,49999,22558,,,1,100,,49990,22558,,,1,100,,50000,22558,,,1,100,,49991,22558,,,1,100,,50001,22558,,,1,100,,49992,22558,,,1,98,,50002,22558,,,1,100,,49993,22558,,,1,100,,50003,22558,,,1,100,,49994,22558,,,1,100,,50004,22558,,,1
12301,'F2',554,,50007,22558,,,1,100,,50005,22558,,,1,100,,50008,22558,,,1,102,,50006,22558,,,1,100,,50009,22558,,,1,100,,50017,22558,,,1,100,,50010,22558,,,1,100,,50018,22558,,,1,100,,50011,22558,,,1,100,,50019,22558,,,1,100,,50012,22558,,,1,100,,50020,22558,,,1,100,,50013,22558,,,1,100,,50021,22558,,,1,100,,50014,22558,,,1,100,,50022,22558,,,1,100,,50015,22558,,,1,100,,50023,22558,,,1,100,,50016,22558,,,1,100,,50024,22558,,,1
12301,'F8',554,,37897,22558,,,1,100,,37895,22558,,,1,100,,37898,22558,,,1,102,,37896,22558,,,1,100,,37899,22558,,,1,100,,37907,22558,,,1,100,,37900,22558,,,1,100,,37908,22558,,,1,100,,37901,22558,,,1,100,,37909,22558,,,1,100,,37902,22558,,,1,100,,37910,22558,,,1,100,,37903,22558,,,1,100,,37911,22558,,,1,100,,37904,22558,,,1,100,,37912,22558,,,1,100,,37905,22558,,,1,100,,37913,22558,,,1,100,,37906,22558,,,1,100,,37914,22558,,,1
12301,'F9',556,,37915,22558,,,1,100,,37925,22558,,,1,100,,37916,22558,,,1,100,,37926,22558,,,1,102,,37917,22558,,,1,100,,37927,22558,,,1,100,,37918,22558,,,1,100,,37928,22558,,,1,100,,37919,22558,,,1,100,,37929,22558,,,1,100,,37920,22558,,,1,100,,37930,22558,,,1,100,,37921,22558,,,1,100,,37931,22558,,,1,100,,37922,22558,,,1,98,,37932,22558,,,1,100,,37923,22558,,,1,100,,37933,22558,,,1,100,,37924,22558,,,1,100,,37934,22558,,,1
12301,'SA',554,,37937,22558,,,1,100,,37935,22558,,,1,100,,37938,22558,,,1,102,,37936,22558,,,1,100,,37939,22558,,,1,100,,37947,22558,,,1,100,,37940,22558,,,1,100,,37948,22558,,,1,100,,37941,22558,,,1,100,,37949,22558,,,1,100,,37942,22558,,,1,100,,37950,22558,,,1,100,,37943,22558,,,1,100,,37951,22558,,,1,100,,37944,22558,,,1,100,,37952,22558,,,1,100,,37945,22558,,,1,100,,37953,22558,,,1,100,,37946,22558,,,1,100,,37954,22558,,,1
12301,'SE',542,,50041,22558,,,1,70,,50044,22558,,,1,22,,50029,22558,,,1,66,,50028,22558,,,1,15,,50030,22558,,,1,27,,50031,22558,,,1,70,,50026,22558,,,1,28,,50027,22558,,,1,70,,50025,22558,,,1,25,,50048,22558,,,1,70,,50042,22558,,,1,96,,50034,22558,,,1,102,,50046,22558,,,1,100,,50036,22558,,,1,100,,50043,22558,,,1,100,,50061,22558,,,1,11,,50035,22558,,,1,28,,50049,22558,,,1,60,,50053,22558,,,1,15,,50045,22558,,,1,19,,50055,22558,,,1,6,,50037,22558,,,1,16,,50040,22558,,,1,50,,50059,22558,,,1,6,,50051,22558,,,1,24,,50060,22558,,,1,66,,50050,22558,,,1,26,,50033,22558,,,1,71,,50038,22558,,,1,26,,50052,22558,,,1,74,,50047,22558,,,1,28,,50039,22558,,,1,30,,50056,22558,,,1,98,,50032,22558,,,1,97,,50057,22558,,,1,100,,50054,22558,,,1,157,,50058,22558,,,1
17001,'SE',523,,50442,5257,0,48 49,2,30,,50443,5257,0,48 49,2,62,,50426,5257,0,48 49,2,30,,50430,5257,0,48 49,2,70,,50427,5257,0,48 49,2,31,,50431,5257,0,48 49,2,69,,50428,5257,0,48 49,2,35,,50432,5257,0,48 49,2,70,,50429,5257,0,48 49,2,615,,50438,5257,0,48 49,2,70,,50433,5257,0,48 49,2,30,,50439,5257,0,48 49,2,70,,50434,5257,0,48 49,2,30,,50440,5257,0,48 49,2,70,,50435,5257,0,48 49,2,30,,50441,5257,0,48 49,2,70,,50436,5257,0,48 49,2
