1400,'SE',606,,54241,12723,,,1,30,,54248,12723,,,1,70,,54246,12723,,,1,30,,54242,12723,,,1,70,,54245,12723,,,1,29,,54244,12723,,,1,72,,54239,12723,,,1,694,,54250,12723,,,1,19,,54247,12723,,,1,27,,54249,12723,,,1,62,,54240,12723,,,1,18,,54235,12723,,,1,20,,54236,12723,,,1,57,,54238,12723,,,1,21,,54237,12723,,,1,19,,54243,12723,,,1
4400,'DI',606,,57518,3115,,,2,100,,57519,3115,,,2,100,,57515,3115,,,2,100,,57503,3115,,,2,100,,57512,3115,,,2,100,,57504,3115,,,2,100,,57513,3115,,,2,100,,57501,3115,,,2,100,,57516,3115,,,2,100,,57514,3115,,,2,100,,57505,3115,,,2,100,,57517,3115,,,2,100,,57502,3115,,,2,100,,57506,3115,,,2,100,,57507,3115,,,2,100,,57508,3115,,,2,100,,57509,3115,,,2,100,,57510,3115,,,2,100,,57511,3115,,,2
4400,'F1',606,,57537,3115,,,2,100,,57538,3115,,,2,100,,57534,3115,,,2,100,,57522,3115,,,2,100,,57531,3115,,,2,100,,57523,3115,,,2,100,,57532,3115,,,2,100,,57520,3115,,,2,100,,57535,3115,,,2,100,,57533,3115,,,2,100,,57524,3115,,,2,100,,57536,3115,,,2,100,,57521,3115,,,2,100,,57525,3115,,,2,100,,57526,3115,,,2,100,,57527,3115,,,2,100,,57528,3115,,,2,100,,57529,3115,,,2,100,,57530,3115,,,2
4400,'F2',606,,57554,3115,,,2,100,,57555,3115,,,2,100,,57557,3115,,,2,100,,57553,3115,,,2,100,,57546,3115,,,2,100,,57544,3115,,,2,100,,57540,3115,,,2,100,,57556,3115,,,2,100,,57542,3115,,,2,100,,57541,3115,,,2,100,,57539,3115,,,2,100,,57545,3115,,,2,100,,57543,3115,,,2,100,,57547,3115,,,2,100,,57548,3115,,,2,100,,57549,3115,,,2,100,,57550,3115,,,2,100,,57551,3115,,,2,100,,57552,3115,,,2
4400,'SA',606,,57573,3115,,,2,100,,57574,3115,,,2,100,,57576,3115,,,2,100,,57572,3115,,,2,100,,57565,3115,,,2,100,,57563,3115,,,2,100,,57559,3115,,,2,100,,57575,3115,,,2,100,,57561,3115,,,2,100,,57560,3115,,,2,100,,57558,3115,,,2,100,,57564,3115,,,2,100,,57562,3115,,,2,100,,57566,3115,,,2,100,,57567,3115,,,2,100,,57568,3115,,,2,100,,57569,3115,,,2,100,,57570,3115,,,2,100,,57571,3115,,,2
4400,'SE',606,,57578,3115,,,2,30,,57583,3115,,,2,15,,57581,3115,,,2,55,,57579,3115,,,2,13,,57617,3115,,,2,15,,57584,3115,,,2,15,,57582,3115,,,2,55,,57577,3115,,,2,16,,57580,3115,,,2,15,,57611,3115,,,2,16,,57610,3115,,,2,54,,57618,3115,,,2,30,,57585,3115,,,2,70,,57587,3115,,,2,30,,57586,3115,,,2,70,,57588,3115,,,2,30,,57590,3115,,,2,70,,57589,3115,,,2,30,,57591,3115,,,2,70,,57595,3115,,,2,30,,57592,3115,,,2,70,,57596,3115,,,2,30,,57593,3115,,,2,69,,57620,3115,,,2,30,,57612,3115,,,2,15,,57622,3115,,,2,55,,57619,3115,,,2,14,,57597,3115,,,2,17,,57621,3115,,,2,13,,57602,3115,,,2,55,,57604,3115,,,2,15,,57603,3115,,,2,15,,57594,3115,,,2,15,,57616,3115,,,2,55,,57609,3115,,,2,15,,57608,3115,,,2,15,,57598,3115,,,2,70,,57605,3115,,,2,32,,57599,3115,,,2,70,,57606,3115,,,2,30,,57600,3115,,,2,72,,57607,3115,,,2,30,,57601,3115,,,2,100,,57613,3115,,,2,100,,57614,3115,,,2,100,,57615,3115,,,2
11401,'DI',644,,61600,5079,,,1,101,,61601,5079,,,1,100,,61602,5079,,,1,100,,61603,5079,,,1,100,,61598,5079,,,1,100,,61599,5079,,,1,100,,61596,5079,,,1,100,,61597,5079,,,1,100,,61612,5079,,,1,100,,61613,5079,,,1,102,,61614,5079,,,1,99,,61604,5079,,,1,100,,61605,5079,,,1,100,,61606,5079,,,1,99,,61607,5079,,,1,100,,61608,5079,,,1,100,,61609,5079,,,1,100,,61610,5079,,,1,100,,61611,5079,,,1
11401,'F1',644,,61619,5079,,,1,101,,61620,5079,,,1,100,,61621,5079,,,1,100,,61622,5079,,,1,100,,61617,5079,,,1,100,,61618,5079,,,1,100,,61615,5079,,,1,100,,61616,5079,,,1,100,,61631,5079,,,1,100,,61632,5079,,,1,102,,61633,5079,,,1,99,,61623,5079,,,1,100,,61624,5079,,,1,100,,61625,5079,,,1,99,,61626,5079,,,1,100,,61627,5079,,,1,100,,61628,5079,,,1,100,,61629,5079,,,1,100,,61630,5079,,,1
11401,'F2',644,,61637,5079,,,1,101,,61638,5079,,,1,100,,61639,5079,,,1,100,,61640,5079,,,1,100,,61641,5079,,,1,100,,61642,5079,,,1,100,,61648,5079,,,1,100,,61649,5079,,,1,100,,61650,5079,,,1,100,,61651,5079,,,1,102,,61652,5079,,,1,99,,61634,5079,,,1,100,,61635,5079,,,1,100,,61636,5079,,,1,99,,61643,5079,,,1,100,,61644,5079,,,1,100,,61645,5079,,,1,100,,61646,5079,,,1,100,,61647,5079,,,1
11401,'SA',644,,61656,5079,,,1,101,,61657,5079,,,1,100,,61658,5079,,,1,100,,61659,5079,,,1,100,,61660,5079,,,1,100,,61661,5079,,,1,100,,61667,5079,,,1,100,,61668,5079,,,1,100,,61669,5079,,,1,100,,61670,5079,,,1,102,,61671,5079,,,1,99,,61653,5079,,,1,100,,61654,5079,,,1,100,,61655,5079,,,1,99,,61662,5079,,,1,100,,61663,5079,,,1,100,,61664,5079,,,1,100,,61665,5079,,,1,100,,61666,5079,,,1
11401,'SE',554,,61698,5079,,,1,70,,61678,5079,,,1,30,,61699,5079,,,1,62,,61674,5079,,,1,20,,61682,5079,,,1,20,,61700,5079,,,1,57,,61705,5079,,,1,20,,61679,5079,,,1,23,,61710,5079,,,1,59,,61706,5079,,,1,20,,61680,5079,,,1,20,,61711,5079,,,1,60,,61707,5079,,,1,23,,61681,5079,,,1,17,,61712,5079,,,1,60,,61708,5079,,,1,20,,61683,5079,,,1,20,,61713,5079,,,1,60,,61709,5079,,,1,20,,61684,5079,,,1,20,,61702,5079,,,1,60,,61686,5079,,,1,20,,61685,5079,,,1,20,,61703,5079,,,1,60,,61687,5079,,,1,20,,61690,5079,,,1,20,,61704,5079,,,1,60,,61688,5079,,,1,20,,61691,5079,,,1,20,,61675,5079,,,1,59,,61672,5079,,,1,23,,61692,5079,,,1,20,,61701,5079,,,1,61,,61673,5079,,,1,20,,61720,5079,,,1,18,,61689,5079,,,1,60,,61693,5079,,,1,17,,61697,5079,,,1,23,,61676,5079,,,1,60,,61677,5079,,,1,30,,61714,5079,,,1,69,,61717,5079,,,1,30,,61715,5079,,,1,70,,61718,5079,,,1,30,,61716,5079,,,1,70,,61719,5079,,,1,100,,61694,5079,,,1,100,,61695,5079,,,1,100,,61696,5079,,,1
54400,'SE',1631,,63456,6360,,,2
61400,'SE',1729,,63497,12760,,,2
69300,'SE',1627,,63579,5844,,,2,1,,63580,5844,,,2
