2200,'SE',632,,45806,8341,,,2,92,,45808,8341,,,2,25,,45807,8341,,,2,893,,45809,8341,,,2,80,,45811,8341,,,2,20,,45805,8341,,,2,70,,45810,8341,,,2,40,,45812,8341,,,2
2500,'DI',713,,27541,10838,,,2
2500,'F1',713,,45855,10838,,,2
2500,'F2',713,,45856,10838,,,2
2500,'F8',713,,27570,10838,,,2
2500,'F9',713,,27571,10838,,,2
2500,'SA',713,,27572,10838,,,2
2500,'SE',537,,45864,10838,,,2,70,,45875,10838,,,2,29,,45879,10838,,,2,19,,45878,10838,,,2,61,,45874,10838,,,2,19,,45866,10838,,,2,71,,45857,10838,,,2,28,,45868,10838,,,2,74,,45867,10838,,,2,30,,45861,10838,,,2,470,,45869,10838,,,2,30,,45859,10838,,,2,69,,45881,10838,,,2,13,,45877,10838,,,2,18,,45880,10838,,,2,72,,45860,10838,,,2,31,,45862,10838,,,2,69,,45870,10838,,,2,30,,45858,10838,,,2,69,,45863,10838,,,2,28,,45871,10838,,,2,70,,45865,10838,,,2,335,,45876,10838,,,2,83,,45882,10838,,,2,15,,45872,10838,,,2,85,,45873,10838,,,2
16100,'DI',619,,38650,12042,,,2,31,,38638,12042,0,35 36,2,70,,38648,12042,0,35 36,2,30,,38641,12042,0,35 36,2,70,,38642,12042,0,35 36,2,30,,38644,12042,0,35 36,2,702,,38639,12042,0,35 36,2,68,,38643,12042,0,35 36,2,32,,38640,12042,0,35 36,2,70,,38646,12042,0,35 36,2,29,,38649,12042,,,2,73,,38645,12042,0,35 36,2,30,,38647,12042,0,35 36,2
16100,'F1',619,,50332,12042,,,2,31,,50320,12042,0,35 36,2,70,,50330,12042,0,35 36,2,30,,50323,12042,0,35 36,2,70,,50324,12042,0,35 36,2,30,,50326,12042,0,35 36,2,702,,50321,12042,0,35 36,2,68,,50325,12042,0,35 36,2,32,,50322,12042,0,35 36,2,70,,50328,12042,0,35 36,2,29,,50331,12042,,,2,73,,50327,12042,0,35 36,2,30,,50329,12042,0,35 36,2
16100,'F2',619,,50344,12042,,,2,31,,50337,12042,0,35 36,2,70,,50338,12042,0,35 36,2,30,,50335,12042,0,35 36,2,70,,50341,12042,0,35 36,2,30,,50339,12042,0,35 36,2,700,,50336,12042,0,35 36,2,71,,50333,12042,0,35 36,2,31,,50342,12042,0,35 36,2,69,,50345,12042,,,2,32,,50334,12042,0,35 36,2,71,,50343,12042,0,35 36,2,29,,50340,12042,0,35 36,2
16100,'F8',619,,38707,12042,,,2,31,,38700,12042,0,35 36,2,70,,38701,12042,0,35 36,2,30,,38698,12042,0,35 36,2,70,,38704,12042,0,35 36,2,30,,38702,12042,0,35 36,2,700,,38699,12042,0,35 36,2,71,,38696,12042,0,35 36,2,31,,38705,12042,0,35 36,2,69,,38708,12042,,,2,32,,38697,12042,0,35 36,2,71,,38706,12042,0,35 36,2,29,,38703,12042,0,35 36,2
16100,'F9',619,,38721,12042,,,2,31,,38709,12042,0,35 36,2,70,,38719,12042,0,35 36,2,30,,38712,12042,0,35 36,2,70,,38713,12042,0,35 36,2,30,,38715,12042,0,35 36,2,702,,38710,12042,0,35 36,2,68,,38714,12042,0,35 36,2,32,,38711,12042,0,35 36,2,70,,38717,12042,0,35 36,2,29,,38720,12042,,,2,73,,38716,12042,0,35 36,2,30,,38718,12042,0,35 36,2
16100,'SA',619,,38733,12042,,,2,31,,38726,12042,0,35 36,2,70,,38727,12042,0,35 36,2,30,,38724,12042,0,35 36,2,70,,38730,12042,0,35 36,2,30,,38728,12042,0,35 36,2,700,,38725,12042,0,35 36,2,71,,38722,12042,0,35 36,2,31,,38731,12042,0,35 36,2,69,,38734,12042,,,2,32,,38723,12042,0,35 36,2,71,,38732,12042,0,35 36,2,29,,38729,12042,0,35 36,2
16100,'SE',658,,50359,11931,,,2,65,,50360,11931,,,2,25,,50358,11931,,,2,61,,50348,11931,0,35 36,2,21,,50347,11931,0,35 36,2,17,,50346,11931,0,35 36,2,363,,50363,12042,,,2,298,,50350,12042,0,35 36,2,30,,50349,12042,0,35 36,2,21,,50361,12042,,,2,60,,50351,12042,0,35 36,2,21,,50365,12042,,,2,60,,50354,12042,0,35 36,2,19,,50362,12042,,,2,20,,50352,12042,0,35 36,2,19,,50355,12042,0,35 36,2,60,,50364,12042,,,2,20,,50357,12042,0,35 36,2,20,,50353,12042,0,35 36,2,60,,50356,12042,0,35 36,2
