2500,'DI',703,,27541,5823,,,2
2500,'F8',703,,27570,5823,,,2
2500,'F9',703,,27571,5823,,,2
2500,'SA',703,,27572,5823,,,2
2500,'SE',525,,27574,5823,,,2,30,,27575,5823,,,2,69,,27594,5823,,,2,19,,27593,5823,,,2,61,,27589,5823,,,2,19,,27576,5823,,,2,29,,27578,5823,,,2,68,,27579,5823,,,2,37,,27577,5823,,,2,70,,27573,5823,,,2,430,,27580,5823,,,2,70,,27581,5823,,,2,29,,27597,5823,,,2,53,,27596,5823,,,2,18,,27595,5823,,,2,31,,27582,5823,,,2,72,,27585,5823,,,2,29,,27587,5823,,,2,69,,27590,5823,,,2,31,,27586,5823,,,2,68,,27588,5823,,,2,30,,27584,5823,,,2,375,,27592,5823,,,2,83,,27598,5823,,,2,15,,27591,5823,,,2,85,,27583,5823,,,2
8100,'DI',700,,35724,5623,,,1,100,,35713,5623,,,1,103,,35720,5623,,,1,100,,35714,5623,,,1,100,,35722,5623,,,1,100,,35726,5623,,,1,100,,35727,5623,,,1,100,,35717,5623,,,1,100,,35721,5623,,,1,100,,35712,5623,,,1,56,,35725,5623,,,1,148,,35715,5623,,,1,96,,35723,5623,,,1,100,,35716,5623,,,1,100,,35728,5623,,,1,100,,35718,5623,,,1,100,,35730,5623,,,1,100,,35729,5623,,,1,100,,35719,5623,,,1
8100,'F8',700,,35809,5623,,,1,100,,35815,5623,,,1,103,,35810,5623,,,1,100,,35811,5623,,,1,100,,35816,5623,,,1,100,,35798,5623,,,1,100,,35800,5623,,,1,100,,35805,5623,,,1,100,,35812,5623,,,1,100,,35817,5623,,,1,100,,35803,5623,,,1,104,,35806,5623,,,1,96,,35813,5623,,,1,100,,35799,5623,,,1,100,,35807,5623,,,1,100,,35802,5623,,,1,100,,35814,5623,,,1,100,,35808,5623,,,1,100,,35804,5623,,,1,100,,35801,5623,,,1
8100,'F9',700,,35830,5623,,,1,100,,35819,5623,,,1,103,,35826,5623,,,1,100,,35820,5623,,,1,100,,35828,5623,,,1,100,,35832,5623,,,1,100,,35833,5623,,,1,100,,35823,5623,,,1,100,,35827,5623,,,1,100,,35818,5623,,,1,56,,35831,5623,,,1,148,,35821,5623,,,1,96,,35829,5623,,,1,100,,35822,5623,,,1,100,,35834,5623,,,1,100,,35824,5623,,,1,100,,35836,5623,,,1,100,,35835,5623,,,1,100,,35825,5623,,,1
8100,'SA',700,,35848,5623,,,1,100,,35854,5623,,,1,103,,35849,5623,,,1,100,,35850,5623,,,1,100,,14262,5623,,,1,100,,35837,5623,,,1,100,,35839,5623,,,1,100,,35844,5623,,,1,100,,35851,5623,,,1,100,,35855,5623,,,1,100,,35842,5623,,,1,104,,35845,5623,,,1,96,,35852,5623,,,1,100,,35838,5623,,,1,100,,35846,5623,,,1,100,,35841,5623,,,1,100,,35853,5623,,,1,100,,35847,5623,,,1,100,,35843,5623,,,1,100,,35840,5623,,,1
8100,'SE',622,,35859,5623,,,1,78,,35870,5623,,,1,30,,35866,5623,,,1,71,,35874,5623,,,1,29,,35871,5623,,,1,76,,35864,5623,,,1,98,,35856,5623,,,1,100,,35872,5623,,,1,100,,35865,5623,,,1,100,,35881,5623,,,1,100,,35879,5623,,,1,100,,35862,5623,,,1,30,,35877,5623,,,1,72,,35882,5623,,,1,30,,35873,5623,,,1,70,,35867,5623,,,1,30,,35858,5623,,,1,70,,35878,5623,,,1,30,,35868,5623,,,1,67,,35857,5623,,,1,100,,35863,5623,,,1,100,,35860,5623,,,1,100,,35875,5623,,,1,100,,35880,5623,,,1,100,,35861,5623,,,1,100,,35876,5623,,,1,100,,35869,5623,,,1
57001,'SE',814,,40728,363,,,2
