6100,'DI',719,,58301,12603,,,2,89,,58305,12603,,,2,30,,58302,12603,,,2,70,,58308,12603,,,2,30,,58306,12603,,,2,70,,58303,12603,,,2,30,,58309,12603,,,2,70,,58311,12603,,,2,30,,58316,12603,,,2,70,,58321,12603,,,2,30,,58312,12603,,,2,70,,58317,12603,,,2,30,,58322,12603,,,2,70,,58313,12603,,,2,30,,58318,12603,,,2,70,,58324,12603,,,2,30,,58314,12603,,,2,74,,58319,12603,,,2,21,,58325,12603,,,2,75,,58328,12603,,,2,20,,58332,12603,,,2,80,,58326,12603,,,2,25,,58329,12603,,,2,70,,58333,12603,,,2,45,,58330,12603,,,2,100,,58334,12603,,,2,100,,58336,12603,,,2,100,,58338,12603,,,2,100,,58340,12603,,,2,100,,58341,12603,,,2
6100,'F1',719,,58342,12603,,,2,89,,58346,12603,,,2,30,,58343,12603,,,2,70,,58349,12603,,,2,30,,58347,12603,,,2,70,,58344,12603,,,2,30,,58350,12603,,,2,70,,58352,12603,,,2,30,,58357,12603,,,2,70,,58362,12603,,,2,30,,58353,12603,,,2,70,,58358,12603,,,2,30,,58363,12603,,,2,70,,58354,12603,,,2,30,,58359,12603,,,2,70,,58365,12603,,,2,30,,58355,12603,,,2,74,,58360,12603,,,2,21,,58366,12603,,,2,75,,58369,12603,,,2,20,,58373,12603,,,2,80,,58367,12603,,,2,25,,58370,12603,,,2,70,,58374,12603,,,2,45,,58371,12603,,,2,100,,58375,12603,,,2,100,,58377,12603,,,2,100,,58379,12603,,,2,100,,58381,12603,,,2,100,,58382,12603,,,2
6100,'F2',719,,58383,12603,,,2,89,,58387,12603,,,2,30,,58384,12603,,,2,70,,58390,12603,,,2,30,,58388,12603,,,2,70,,58385,12603,,,2,30,,58391,12603,,,2,70,,58393,12603,,,2,30,,58398,12603,,,2,70,,58401,12603,,,2,30,,58394,12603,,,2,70,,58399,12603,,,2,30,,58402,12603,,,2,70,,58395,12603,,,2,30,,58404,12603,,,2,70,,58409,12603,,,2,30,,58396,12603,,,2,74,,58405,12603,,,2,21,,58410,12603,,,2,75,,58413,12603,,,2,20,,58406,12603,,,2,80,,58411,12603,,,2,25,,58414,12603,,,2,70,,58407,12603,,,2,45,,58416,12603,,,2,100,,58419,12603,,,2,100,,58417,12603,,,2,100,,58421,12603,,,2,100,,58420,12603,,,2,100,,58422,12603,,,2
6100,'SA',719,,58423,12603,,,2,89,,58427,12603,,,2,30,,58424,12603,,,2,70,,58430,12603,,,2,30,,58428,12603,,,2,70,,58425,12603,,,2,30,,58431,12603,,,2,70,,58433,12603,,,2,30,,58438,12603,,,2,70,,58441,12603,,,2,30,,58434,12603,,,2,70,,58439,12603,,,2,30,,58442,12603,,,2,70,,58435,12603,,,2,30,,58444,12603,,,2,70,,58449,12603,,,2,30,,58436,12603,,,2,74,,58445,12603,,,2,21,,58450,12603,,,2,75,,58453,12603,,,2,20,,58446,12603,,,2,80,,58451,12603,,,2,25,,58454,12603,,,2,70,,58447,12603,,,2,45,,58456,12603,,,2,100,,58459,12603,,,2,100,,58457,12603,,,2,100,,58461,12603,,,2,100,,58460,12603,,,2,100,,58462,12603,,,2
6100,'SE',628,,58465,12603,,,2,28,,58463,12603,,,2,66,,58472,12603,,,2,9,,58477,12603,,,2,19,,58469,12603,,,2,66,,58466,12603,,,2,22,,58474,12603,,,2,15,,58479,12603,,,2,76,,58470,12603,,,2,30,,58467,12603,,,2,70,,58475,12603,,,2,71,,58519,12603,,,2,30,,58473,12603,,,2,70,,58480,12603,,,2,30,,58484,12603,,,2,70,,58481,12603,,,2,30,,58482,12603,,,2,73,,58486,12603,,,2,21,,58489,12603,,,2,27,,58494,12603,,,2,63,,58483,12603,,,2,20,,58485,12603,,,2,24,,58497,12603,,,2,44,,58500,12603,,,2,25,,58490,12603,,,2,7,,58492,12603,,,2,14,,58501,12603,,,2,53,,58502,12603,,,2,14,,58487,12603,,,2,15,,58506,12603,,,2,6,,58509,12603,,,2,18,,58498,12603,,,2,54,,58495,12603,,,2,24,,58511,12603,,,2,24,,58503,12603,,,2,68,,58514,12603,,,2,29,,58517,12603,,,2,70,,58507,12603,,,2,29,,58510,12603,,,2,70,,58518,12603,,,2,30,,58504,12603,,,2,68,,58515,12603,,,2,30,,58512,12603,,,2,69,,58508,12603,,,2,30,,58516,12603,,,2,70,,58513,12603,,,2
8500,'SE',1634,,60895,15893,,,2,24,,60893,15893,,,2,64,,60896,15893,,,2,28,,60894,15893,,,2
16100,'DI',628,,38650,15749,,,2,1172,,62339,15749,,,2
16100,'F1',628,,50332,15749,,,2,1172,,62350,15749,,,2
16100,'F2',628,,62363,15749,,,2,1102,,62362,15749,,,2
16100,'SA',628,,62376,15749,,,2,1102,,62375,15749,,,2
16100,'SE',707,,62391,15638,,,2,25,,62390,15638,,,2,25,,62389,15638,,,2,462,,62392,15749,,,2,389,,62393,15749,,,2,41,,62394,15749,,,2,80,,62396,15749,,,2,100,,62395,15749,,,2
