401,'DI',707,,21399,4758,,,1,30,,21385,4758,,,1,70,,21392,4758,,,1,32,,21405,4758,,,1,70,,21407,4758,,,1,30,,21386,4758,,,1,70,,21393,4758,,,1,30,,21406,4758,,,1,70,,21408,4758,,,1,30,,21387,4758,,,1,70,,21413,4758,,,1,30,,21414,4758,,,1,70,,21409,4758,,,1,31,,21388,4758,,,1,69,,21394,4758,,,1,30,,21416,4758,,,1,70,,21397,4758,,,1,32,,21389,4758,,,1,69,,21395,4758,,,1,30,,21417,4758,,,1,74,,21398,4758,,,1,25,,21410,4758,,,1,70,,21415,4758,,,1,30,,21412,4758,,,1,70,,21390,4758,,,1,31,,21411,4758,,,1,69,,21400,4758,,,1,30,,21383,4758,,,1,70,,21396,4758,,,1,100,,21402,4758,,,1,100,,21404,4758,,,1,100,,21401,4758,,,1
401,'F8',707,,21531,4758,,,1,30,,21528,4758,,,1,70,,21535,4758,,,1,32,,21537,4758,,,1,70,,21532,4758,,,1,30,,21529,4758,,,1,70,,21555,4758,,,1,30,,21538,4758,,,1,70,,21549,4758,,,1,30,,21559,4758,,,1,70,,21547,4758,,,1,30,,21558,4758,,,1,70,,21542,4758,,,1,30,,21526,4758,,,1,70,,21539,4758,,,1,30,,21550,4758,,,1,70,,21560,4758,,,1,30,,21557,4758,,,1,70,,21546,4758,,,1,30,,21552,4758,,,1,70,,21545,4758,,,1,30,,21533,4758,,,1,70,,21551,4758,,,1,30,,21541,4758,,,1,70,,21530,4758,,,1,30,,21554,4758,,,1,70,,21540,4758,,,1,30,,21553,4758,,,1,70,,21556,4758,,,1,100,,21548,4758,,,1,100,,21544,4758,,,1,100,,21543,4758,,,1
401,'F9',707,,21577,4758,,,1,30,,21563,4758,,,1,70,,21570,4758,,,1,32,,21583,4758,,,1,70,,21585,4758,,,1,30,,21564,4758,,,1,70,,21571,4758,,,1,30,,21584,4758,,,1,70,,21586,4758,,,1,30,,21565,4758,,,1,70,,21591,4758,,,1,30,,21592,4758,,,1,70,,21587,4758,,,1,31,,21566,4758,,,1,69,,21572,4758,,,1,30,,21594,4758,,,1,70,,21575,4758,,,1,32,,21567,4758,,,1,69,,21573,4758,,,1,30,,21595,4758,,,1,74,,21576,4758,,,1,25,,21588,4758,,,1,70,,21593,4758,,,1,30,,21590,4758,,,1,70,,21568,4758,,,1,31,,21589,4758,,,1,69,,21578,4758,,,1,30,,21561,4758,,,1,70,,21574,4758,,,1,100,,21580,4758,,,1,100,,21582,4758,,,1,100,,21579,4758,,,1
401,'SA',707,,1358,4758,,,1,30,,21597,4758,,,1,70,,1361,4758,,,1,32,,1363,4758,,,1,70,,1359,4758,,,1,30,,21598,4758,,,1,70,,21616,4758,,,1,30,,1364,4758,,,1,70,,21610,4758,,,1,30,,21620,4758,,,1,70,,21608,4758,,,1,30,,21619,4758,,,1,70,,21603,4758,,,1,30,,1356,4758,,,1,70,,1365,4758,,,1,30,,21611,4758,,,1,70,,21621,4758,,,1,30,,21618,4758,,,1,70,,21607,4758,,,1,30,,21613,4758,,,1,70,,21606,4758,,,1,30,,21600,4758,,,1,70,,21612,4758,,,1,30,,21602,4758,,,1,70,,21599,4758,,,1,30,,21615,4758,,,1,70,,21601,4758,,,1,30,,21614,4758,,,1,70,,21617,4758,,,1,100,,21609,4758,,,1,100,,21605,4758,,,1,100,,21604,4758,,,1
401,'SE',622,,21647,4758,,,1,21,,21624,4758,,,1,71,,21622,4758,,,1,33,,21625,4758,,,1,73,,21653,4758,,,1,30,,21633,4758,,,1,72,,21640,4758,,,1,30,,1417,4758,,,1,70,,21655,4758,,,1,30,,21649,4758,,,1,70,,21626,4758,,,1,30,,21644,4758,,,1,71,,1416,4758,,,1,32,,21645,4758,,,1,70,,21634,4758,,,1,30,,21643,4758,,,1,66,,21623,4758,,,1,34,,21651,4758,,,1,55,,1420,4758,,,1,23,,21627,4758,,,1,22,,21646,4758,,,1,59,,21629,4758,,,1,20,,21630,4758,,,1,23,,21648,4758,,,1,57,,21654,4758,,,1,20,,21650,4758,,,1,24,,21639,4758,,,1,56,,1421,4758,,,1,27,,21628,4758,,,1,70,,21652,4758,,,1,27,,21636,4758,,,1,69,,21631,4758,,,1,30,,21642,4758,,,1,70,,21656,4758,,,1,30,,21657,4758,,,1,100,,21632,4758,,,1,99,,21638,4758,,,1,100,,21641,4758,,,1
5400,'DI',701,,31627,4865,,,1,100,,31620,4865,,,1,101,,31614,4865,,,1,101,,31621,4865,,,1,100,,31615,4865,,,1,100,,31602,4865,,,1,30,,31624,4865,,,1,70,,31625,4865,,,1,30,,31603,4865,,,1,70,,31616,4865,,,1,30,,31607,4865,,,1,70,,31626,4865,,,1,30,,31622,4865,,,1,70,,31613,4865,,,1,30,,31617,4865,,,1,70,,31618,4865,,,1,30,,31608,4865,,,1,73,,31623,4865,,,1,34,,31619,4865,,,1,64,,31604,4865,,,1,100,,31605,4865,,,1,100,,31606,4865,,,1,100,,31609,4865,,,1,100,,31610,4865,,,1,99,,31611,4865,,,1,100,,31612,4865,,,1
5400,'F8',701,,31737,4865,,,1,30,,31745,4865,,,1,70,,31740,4865,,,1,31,,31739,4865,,,1,70,,31738,4865,,,1,32,,31729,4865,,,1,69,,31727,4865,,,1,30,,31746,4865,,,1,70,,31735,4865,,,1,30,,31728,4865,,,1,70,,31730,4865,,,1,30,,31736,4865,,,1,70,,31747,4865,,,1,30,,31731,4865,,,1,70,,31741,4865,,,1,30,,31748,4865,,,1,70,,31724,4865,,,1,30,,31742,4865,,,1,70,,31732,4865,,,1,30,,31725,4865,,,1,70,,31743,4865,,,1,30,,31733,4865,,,1,73,,31726,4865,,,1,30,,31744,4865,,,1,68,,31734,4865,,,1,100,,31749,4865,,,1,100,,31750,4865,,,1,100,,31751,4865,,,1,100,,31752,4865,,,1,99,,31753,4865,,,1,100,,31754,4865,,,1
5400,'F9',701,,31780,4865,,,1,100,,31773,4865,,,1,101,,31767,4865,,,1,101,,31774,4865,,,1,100,,31768,4865,,,1,100,,31755,4865,,,1,30,,31777,4865,,,1,70,,31778,4865,,,1,30,,31756,4865,,,1,70,,31769,4865,,,1,30,,31760,4865,,,1,70,,31779,4865,,,1,30,,31775,4865,,,1,70,,31766,4865,,,1,30,,31770,4865,,,1,70,,31771,4865,,,1,30,,31761,4865,,,1,73,,31776,4865,,,1,34,,31772,4865,,,1,64,,31757,4865,,,1,100,,31758,4865,,,1,100,,31759,4865,,,1,100,,31762,4865,,,1,100,,31763,4865,,,1,99,,31764,4865,,,1,100,,31765,4865,,,1
5400,'SA',701,,31794,4865,,,1,30,,31802,4865,,,1,70,,31797,4865,,,1,31,,31796,4865,,,1,70,,31795,4865,,,1,32,,31786,4865,,,1,69,,31784,4865,,,1,30,,10589,4865,,,1,70,,31792,4865,,,1,30,,31785,4865,,,1,70,,31787,4865,,,1,30,,31793,4865,,,1,70,,31803,4865,,,1,30,,31788,4865,,,1,70,,31798,4865,,,1,30,,10591,4865,,,1,70,,31781,4865,,,1,30,,31799,4865,,,1,70,,31789,4865,,,1,30,,31782,4865,,,1,70,,31800,4865,,,1,30,,31790,4865,,,1,73,,31783,4865,,,1,30,,31801,4865,,,1,68,,31791,4865,,,1,100,,31804,4865,,,1,100,,31805,4865,,,1,100,,31806,4865,,,1,100,,31807,4865,,,1,99,,31808,4865,,,1,100,,31809,4865,,,1
5400,'SE',655,,31823,4865,,,1,76,,31812,4865,,,1,69,,31822,4865,,,1,34,,31815,4865,,,1,72,,31838,4865,,,1,30,,31835,4865,,,1,70,,31839,4865,,,1,30,,31830,4865,,,1,70,,31827,4865,,,1,30,,31819,4865,,,1,70,,31837,4865,,,1,30,,31811,4865,,,1,71,,31840,4865,,,1,30,,31821,4865,,,1,70,,31814,4865,,,1,30,,31828,4865,,,1,66,,31816,4865,,,1,27,,31826,4865,,,1,70,,31817,4865,,,1,30,,31825,4865,,,1,74,,31829,4865,,,1,24,,31833,4865,,,1,75,,31818,4865,,,1,28,,31841,4865,,,1,75,,31836,4865,,,1,30,,31831,4865,,,1,68,,31810,4865,,,1,30,,31842,4865,,,1,70,,31834,4865,,,1,30,,31813,4865,,,1,68,,31843,4865,,,1,100,,31832,4865,,,1,99,,31820,4865,,,1,100,,31824,4865,,,1
7700,'DI',716,,35010,6417,0,21 22 23,1,100,,35013,6417,0,21 22 23,1,100,,35011,6417,0,21 22 23,1,100,,35014,6417,0,21 22 23,1,100,,35012,6417,0,21 22 23,1,100,,35009,6417,0,21 22 23,1,100,,35015,6417,0,21 22 23,1,100,,35018,6417,0,21 22 23,1,100,,35008,6417,0,21 22 23,1,100,,35019,6417,0,21 22 23,1,100,,35020,6417,0,21 22 23,1,100,,35021,6417,0,21 22 23,1,99,,35016,6417,0,21 22 23,1,100,,35022,6417,0,21 22 23,1,100,,35017,6417,0,21 22 23,1
7700,'F8',716,,35108,6417,0,21 22 23,1,100,,35099,6417,0,21 22 23,1,100,,35095,6417,0,21 22 23,1,100,,35100,6417,0,21 22 23,1,100,,35096,6417,0,21 22 23,1,100,,35098,6417,0,21 22 23,1,100,,35101,6417,0,21 22 23,1,97,,35094,6417,0,21 22 23,1,103,,35102,6417,0,21 22 23,1,99,,35104,6417,0,21 22 23,1,101,,35103,6417,0,21 22 23,1,100,,35105,6417,0,21 22 23,1,99,,35106,6417,0,21 22 23,1,100,,35097,6417,0,21 22 23,1,100,,35107,6417,0,21 22 23,1
7700,'F9',716,,35111,6417,0,21 22 23,1,100,,35114,6417,0,21 22 23,1,100,,35112,6417,0,21 22 23,1,100,,35115,6417,0,21 22 23,1,100,,35113,6417,0,21 22 23,1,100,,35110,6417,0,21 22 23,1,100,,35116,6417,0,21 22 23,1,100,,35119,6417,0,21 22 23,1,100,,35109,6417,0,21 22 23,1,100,,35120,6417,0,21 22 23,1,100,,35121,6417,0,21 22 23,1,100,,35122,6417,0,21 22 23,1,99,,35117,6417,0,21 22 23,1,100,,35123,6417,0,21 22 23,1,100,,35118,6417,0,21 22 23,1
7700,'SA',716,,35137,6417,0,21 22 23,1,100,,35128,6417,0,21 22 23,1,100,,35125,6417,0,21 22 23,1,100,,35129,6417,0,21 22 23,1,100,,13602,6417,0,21 22 23,1,100,,35127,6417,0,21 22 23,1,100,,35130,6417,0,21 22 23,1,97,,35124,6417,0,21 22 23,1,103,,35131,6417,0,21 22 23,1,99,,35133,6417,0,21 22 23,1,101,,35132,6417,0,21 22 23,1,100,,35134,6417,0,21 22 23,1,99,,35135,6417,0,21 22 23,1,100,,35126,6417,0,21 22 23,1,100,,35136,6417,0,21 22 23,1
7700,'SE',606,,35141,6417,0,21 22 23,1,15,,35142,6417,0,21 22 23,1,20,,35147,6417,0,21 22 23,1,18,,35150,6417,0,21 22 23,1,69,,35153,6417,0,21 22 23,1,23,,35148,6417,0,21 22 23,1,62,,35152,6417,0,21 22 23,1,15,,35143,6417,0,21 22 23,1,30,,35151,6417,0,21 22 23,1,70,,35154,6417,0,21 22 23,1,30,,35149,6417,0,21 22 23,1,70,,35144,6417,0,21 22 23,1,30,,35156,6417,0,21 22 23,1,70,,35155,6417,0,21 22 23,1,30,,35158,6417,0,21 22 23,1,71,,35159,6417,0,21 22 23,1,73,,35157,6417,0,21 22 23,1,30,,35160,6417,0,21 22 23,1,70,,35164,6417,0,21 22 23,1,27,,35166,6417,0,21 22 23,1,20,,35169,6417,0,21 22 23,1,60,,35173,6417,0,21 22 23,1,20,,35161,6417,0,21 22 23,1,5,,35139,6417,0,21 22 23,1,15,,35165,6417,0,21 22 23,1,58,,35145,6417,0,21 22 23,1,18,,35167,6417,0,21 22 23,1,18,,35170,6417,0,21 22 23,1,58,,35174,6417,0,21 22 23,1,18,,13636,6417,0,21 22 23,1,18,,35162,6417,0,21 22 23,1,20,,35146,6417,0,21 22 23,1,58,,35168,6417,0,21 22 23,1,2,,35172,6417,0,21 22 23,1,19,,35171,6417,0,21 22 23,1,17,,35163,6417,0,21 22 23,1,70,,35175,6417,0,21 22 23,1,32,,35177,6417,0,21 22 23,1,71,,35140,6417,0,21 22 23,1,27,,35138,6417,0,21 22 23,1,70,,35176,6417,0,21 22 23,1
42100,'SE',642,,39646,4758,0,12 13,1,71,,39653,4758,0,12 13,1,17,,39651,4758,0,12 13,1,722,,39649,4758,0,12 13,1,62,,39654,4758,0,12 13,1,30,,39650,4758,0,12 13,1,70,,39655,4758,0,12 13,1,32,,39648,4758,0,12 13,1,69,,39652,4758,0,12 13,1
53501,'SE',910,,40673,2153,,,2
