8101,'DI',609,,60482,240,0,51,1,100,,60474,240,0,51,1,100,,60484,240,0,51,1,103,,60469,240,0,51,1,100,,60487,240,0,51,1,100,,60485,240,0,51,1,100,,60471,240,0,51,1,100,,60470,240,0,51,1,100,,60478,240,0,51,1,100,,60480,240,0,51,1,100,,60488,240,0,51,1,96,,60472,240,0,51,1,108,,60483,240,0,51,1,96,,60476,240,0,51,1,100,,60475,240,0,51,1,100,,60481,240,0,51,1,100,,60477,240,0,51,1,100,,60479,240,0,51,1,100,,60473,240,0,51,1,100,,60486,240,0,51,1
8101,'F1',609,,60502,240,0,51,1,100,,60494,240,0,51,1,100,,60504,240,0,51,1,103,,60489,240,0,51,1,100,,60507,240,0,51,1,100,,60505,240,0,51,1,100,,60491,240,0,51,1,100,,60490,240,0,51,1,100,,60498,240,0,51,1,100,,60500,240,0,51,1,100,,60508,240,0,51,1,96,,60492,240,0,51,1,108,,60503,240,0,51,1,96,,60496,240,0,51,1,100,,60495,240,0,51,1,100,,60501,240,0,51,1,100,,60497,240,0,51,1,100,,60499,240,0,51,1,100,,60493,240,0,51,1,100,,60506,240,0,51,1
8101,'F2',609,,60529,240,0,51,1,100,,60512,240,0,51,1,100,,60510,240,0,51,1,103,,60527,240,0,51,1,100,,60513,240,0,51,1,100,,60516,240,0,51,1,100,,60517,240,0,51,1,100,,60520,240,0,51,1,100,,60518,240,0,51,1,100,,60511,240,0,51,1,100,,60509,240,0,51,1,100,,60519,240,0,51,1,104,,60521,240,0,51,1,96,,60514,240,0,51,1,100,,60515,240,0,51,1,100,,60522,240,0,51,1,100,,60524,240,0,51,1,100,,60528,240,0,51,1,100,,60523,240,0,51,1,100,,60525,240,0,51,1,100,,60526,240,0,51,1
8101,'SA',609,,60550,240,0,51,1,100,,60533,240,0,51,1,100,,60531,240,0,51,1,103,,60548,240,0,51,1,100,,60534,240,0,51,1,100,,60537,240,0,51,1,100,,60538,240,0,51,1,100,,60541,240,0,51,1,100,,60539,240,0,51,1,100,,60532,240,0,51,1,100,,60530,240,0,51,1,100,,60540,240,0,51,1,104,,60542,240,0,51,1,96,,60535,240,0,51,1,100,,60536,240,0,51,1,100,,60543,240,0,51,1,100,,60545,240,0,51,1,100,,60549,240,0,51,1,100,,60544,240,0,51,1,100,,60546,240,0,51,1,100,,60547,240,0,51,1
8101,'SE',539,,60564,240,0,51,1,70,,60574,240,0,51,1,22,,60553,240,0,51,1,78,,60562,240,0,51,1,30,,60552,240,0,51,1,71,,60569,240,0,51,1,29,,60559,240,0,51,1,76,,60575,240,0,51,1,98,,60554,240,0,51,1,100,,60558,240,0,51,1,100,,60560,240,0,51,1,100,,60576,240,0,51,1,100,,60577,240,0,51,1,100,,60555,240,0,51,1,31,,60557,240,0,51,1,72,,60570,240,0,51,1,30,,60578,240,0,51,1,70,,60573,240,0,51,1,30,,60551,240,0,51,1,70,,60565,240,0,51,1,30,,60567,240,0,51,1,66,,60563,240,0,51,1,100,,60556,240,0,51,1,100,,60561,240,0,51,1,100,,60571,240,0,51,1,100,,60566,240,0,51,1,100,,60579,240,0,51,1,100,,60572,240,0,51,1,100,,60568,240,0,51,1
8301,'DI',711,,60720,240,0,50,1,100,,60721,240,0,50,1,108,,60722,240,0,50,1,100,,60723,240,0,50,1,100,,60724,240,0,50,1,100,,60725,240,0,50,1,100,,60726,240,0,50,1,100,,60727,240,0,50,1,100,,60728,240,0,50,1,100,,60729,240,0,50,1,100,,60730,240,0,50,1,100,,60731,240,0,50,1,100,,60732,240,0,50,1,100,,60733,240,0,50,1,100,,60734,240,0,50,1,100,,60735,240,0,50,1,100,,60736,240,0,50,1,100,,60737,240,0,50,1
8301,'F1',711,,60738,240,0,50,1,100,,60739,240,0,50,1,108,,60740,240,0,50,1,100,,60741,240,0,50,1,100,,60742,240,0,50,1,100,,60743,240,0,50,1,100,,60744,240,0,50,1,100,,60745,240,0,50,1,100,,60746,240,0,50,1,100,,60747,240,0,50,1,100,,60748,240,0,50,1,100,,60749,240,0,50,1,100,,60750,240,0,50,1,100,,60751,240,0,50,1,100,,60752,240,0,50,1,100,,60753,240,0,50,1,100,,60754,240,0,50,1,100,,60755,240,0,50,1
8301,'F2',611,,60756,240,0,50,1,100,,60757,240,0,50,1,100,,60758,240,0,50,1,108,,60759,240,0,50,1,100,,60760,240,0,50,1,100,,60761,240,0,50,1,100,,60762,240,0,50,1,100,,60763,240,0,50,1,100,,60764,240,0,50,1,100,,60765,240,0,50,1,100,,60766,240,0,50,1,100,,60767,240,0,50,1,100,,60768,240,0,50,1,100,,60769,240,0,50,1,100,,60770,240,0,50,1,100,,60771,240,0,50,1,100,,60772,240,0,50,1,100,,60773,240,0,50,1,100,,60774,240,0,50,1,100,,60775,240,0,50,1
8301,'SA',611,,60776,240,0,50,1,100,,60777,240,0,50,1,100,,60778,240,0,50,1,108,,60779,240,0,50,1,100,,60780,240,0,50,1,100,,60781,240,0,50,1,100,,60782,240,0,50,1,100,,60783,240,0,50,1,100,,60784,240,0,50,1,100,,60785,240,0,50,1,100,,60786,240,0,50,1,100,,60787,240,0,50,1,100,,60788,240,0,50,1,100,,60789,240,0,50,1,100,,60790,240,0,50,1,100,,60791,240,0,50,1,100,,60792,240,0,50,1,100,,60793,240,0,50,1,100,,60794,240,0,50,1,100,,60795,240,0,50,1
8301,'SE',534,,60828,240,0,50,1,70,,60803,240,0,50,1,19,,60830,240,0,50,1,16,,60829,240,0,50,1,65,,60813,240,0,50,1,20,,60799,240,0,50,1,22,,60808,240,0,50,1,58,,60814,240,0,50,1,20,,60804,240,0,50,1,23,,60825,240,0,50,1,71,,60815,240,0,50,1,20,,60826,240,0,50,1,80,,60824,240,0,50,1,100,,60806,240,0,50,1,100,,60807,240,0,50,1,100,,60800,240,0,50,1,100,,60801,240,0,50,1,101,,60802,240,0,50,1,15,,60796,240,0,50,1,25,,60811,240,0,50,1,60,,60805,240,0,50,1,22,,60798,240,0,50,1,60,,60809,240,0,50,1,18,,60810,240,0,50,1,20,,60827,240,0,50,1,20,,60812,240,0,50,1,60,,60816,240,0,50,1,20,,60797,240,0,50,1,80,,60817,240,0,50,1,100,,60818,240,0,50,1,100,,60819,240,0,50,1,100,,60820,240,0,50,1,100,,60821,240,0,50,1,100,,60822,240,0,50,1,100,,60823,240,0,50,1
8401,'SE',618,,60884,240,0,50,2,15,,60885,240,0,50,2,25,,60887,240,0,50,2,60,,60861,240,0,50,2,24,,60886,240,0,50,2,16,,60862,240,0,50,2,60,,60890,240,0,50,2,20,,60871,240,0,50,2,66,,60888,240,0,50,2,47,,60865,240,0,50,2,100,,60860,240,0,50,2,100,,60866,240,0,50,2,100,,60874,240,0,50,2,100,,60868,240,0,50,2,95,,60876,240,0,50,2,5,,60872,240,0,50,2,78,,60892,240,0,50,2,19,,60891,240,0,50,2,60,,60863,240,0,50,2,21,,60870,240,0,50,2,21,,60864,240,0,50,2,59,,60889,240,0,50,2,20,,60873,240,0,50,2,20,,60875,240,0,50,2,61,,60869,240,0,50,2,19,,60867,240,0,50,2,20,,60877,240,0,50,2,100,,60878,240,0,50,2,100,,60879,240,0,50,2,100,,60880,240,0,50,2,100,,60881,240,0,50,2,100,,60882,240,0,50,2,100,,60883,240,0,50,2
68300,'SE',1633,,63559,8438,,,2
