3200,'DI',612,,56554,6963,0,44,1,101,,56555,6963,0,44,1,99,,56556,6963,0,44,1,102,,56562,6963,0,44,1,100,,56561,6963,0,44,1,100,,56557,6963,0,44,1,101,,56558,6963,0,44,1,101,,56565,6963,0,44,1,98,,56563,6963,0,44,1,104,,56559,6963,0,44,1,96,,56566,6963,0,44,1,101,,56564,6963,0,44,1,100,,56567,6963,0,44,1,100,,56570,6963,0,44,1,100,,56568,6963,0,44,1,100,,56572,6963,0,44,1,100,,56571,6963,0,44,1,100,,56569,6963,0,44,1,100,,56573,6963,0,44,1,99,,56560,6963,0,44,1
3200,'F1',612,,56574,6963,0,44,1,101,,56575,6963,0,44,1,99,,56576,6963,0,44,1,102,,56582,6963,0,44,1,100,,56581,6963,0,44,1,100,,56577,6963,0,44,1,101,,56578,6963,0,44,1,101,,56585,6963,0,44,1,98,,56583,6963,0,44,1,104,,56579,6963,0,44,1,96,,56586,6963,0,44,1,101,,56584,6963,0,44,1,100,,56587,6963,0,44,1,100,,56590,6963,0,44,1,100,,56588,6963,0,44,1,100,,56592,6963,0,44,1,100,,56591,6963,0,44,1,100,,56589,6963,0,44,1,100,,56593,6963,0,44,1,99,,56580,6963,0,44,1
3200,'F2',612,,56595,6963,0,44,1,101,,56596,6963,0,44,1,96,,56601,6963,0,44,1,103,,56603,6963,0,44,1,101,,56594,6963,0,44,1,101,,56602,6963,0,44,1,99,,56604,6963,0,44,1,104,,56605,6963,0,44,1,102,,56607,6963,0,44,1,97,,56597,6963,0,44,1,98,,56606,6963,0,44,1,101,,56608,6963,0,44,1,100,,56598,6963,0,44,1,100,,56609,6963,0,44,1,100,,56613,6963,0,44,1,100,,56611,6963,0,44,1,100,,56610,6963,0,44,1,100,,56599,6963,0,44,1,100,,56612,6963,0,44,1,99,,56600,6963,0,44,1
3200,'SA',612,,56615,6963,0,44,1,101,,56616,6963,0,44,1,96,,56621,6963,0,44,1,103,,56623,6963,0,44,1,101,,56614,6963,0,44,1,101,,56622,6963,0,44,1,99,,56624,6963,0,44,1,104,,56625,6963,0,44,1,102,,56627,6963,0,44,1,97,,56617,6963,0,44,1,98,,56626,6963,0,44,1,101,,56628,6963,0,44,1,100,,56618,6963,0,44,1,100,,56629,6963,0,44,1,100,,56633,6963,0,44,1,100,,56631,6963,0,44,1,100,,56630,6963,0,44,1,100,,56619,6963,0,44,1,100,,56632,6963,0,44,1,99,,56620,6963,0,44,1
3200,'SE',625,,56649,6963,,,1,32,,56650,6963,,,1,63,,56655,6963,,,1,32,,56648,6963,,,1,76,,56658,6963,,,1,19,,56634,6963,0,44,1,96,,56641,6963,0,44,1,100,,56636,6963,0,44,1,100,,56647,6963,0,44,1,100,,56640,6963,0,44,1,100,,56642,6963,0,44,1,104,,56644,6963,0,44,1,107,,56656,6963,,,1,68,,56654,6963,,,1,30,,56652,6963,,,1,70,,56657,6963,,,1,25,,56651,6963,,,1,74,,56659,6963,,,1,25,,56653,6963,,,1,73,,56645,6963,0,44,1,30,,56639,6963,0,44,1,100,,56643,6963,0,44,1,99,,56646,6963,0,44,1,100,,56635,6963,0,44,1,98,,56637,6963,0,44,1,101,,56638,6963,0,44,1
13200,'DI',842,,61957,5640,0,21 45,1,100,,61955,5640,0,21 45,1,100,,61959,5640,0,21 45,1,100,,61958,5640,0,21 45,1,100,,61960,5640,0,21 45,1,100,,61956,5640,0,21 45,1,100,,61962,5640,0,21 45,1,105,,61961,5640,0,21 45,1,95,,61964,5640,0,21 45,1,100,,61963,5640,0,21 45,1,102,,61965,5640,0,21 45,1,98,,61970,5640,0,21 45,1,100,,61968,5640,0,21 45,1,100,,61966,5640,0,21 45,1,100,,61971,5640,0,21 45,1,100,,61969,5640,0,21 45,1,100,,61967,5640,0,21 45,1,100,,61972,5640,0,21 45,1
13200,'F1',842,,61975,5640,0,21 45,1,100,,61973,5640,0,21 45,1,100,,61977,5640,0,21 45,1,100,,61976,5640,0,21 45,1,100,,61978,5640,0,21 45,1,100,,61974,5640,0,21 45,1,100,,61980,5640,0,21 45,1,105,,61979,5640,0,21 45,1,95,,61982,5640,0,21 45,1,100,,61981,5640,0,21 45,1,102,,61983,5640,0,21 45,1,98,,61988,5640,0,21 45,1,100,,61986,5640,0,21 45,1,100,,61984,5640,0,21 45,1,100,,61989,5640,0,21 45,1,100,,61987,5640,0,21 45,1,100,,61985,5640,0,21 45,1,100,,61990,5640,0,21 45,1
13200,'F2',742,,61997,5640,0,21 45,1,100,,61992,5640,0,21 45,1,100,,61995,5640,0,21 45,1,103,,61998,5640,0,21 45,1,97,,61991,5640,0,21 45,1,104,,61996,5640,0,21 45,1,96,,61999,5640,0,21 45,1,104,,62000,5640,0,21 45,1,96,,62002,5640,0,21 45,1,100,,61993,5640,0,21 45,1,100,,62001,5640,0,21 45,1,102,,62003,5640,0,21 45,1,98,,62006,5640,0,21 45,1,100,,62004,5640,0,21 45,1,100,,62009,5640,0,21 45,1,100,,62007,5640,0,21 45,1,100,,62005,5640,0,21 45,1,100,,61994,5640,0,21 45,1,100,,62008,5640,0,21 45,1
13200,'SA',742,,62016,5640,0,21 45,1,100,,62011,5640,0,21 45,1,100,,62014,5640,0,21 45,1,103,,62017,5640,0,21 45,1,97,,62010,5640,0,21 45,1,104,,62015,5640,0,21 45,1,96,,62018,5640,0,21 45,1,104,,62019,5640,0,21 45,1,96,,62021,5640,0,21 45,1,100,,62012,5640,0,21 45,1,100,,62020,5640,0,21 45,1,102,,62022,5640,0,21 45,1,98,,62025,5640,0,21 45,1,100,,62023,5640,0,21 45,1,100,,62028,5640,0,21 45,1,100,,62026,5640,0,21 45,1,100,,62024,5640,0,21 45,1,100,,62013,5640,0,21 45,1,100,,62027,5640,0,21 45,1
13200,'SE',650,,62038,5640,0,21 45,1,61,,62041,5640,0,21 45,1,11,,62031,5640,0,21 45,1,9,,62040,5640,0,21 45,1,4,,62033,5640,0,21 45,1,22,,62036,5640,0,21 45,1,58,,62039,5640,0,21 45,1,20,,62042,5640,0,21 45,1,79,,62037,5640,0,21 45,1,97,,62043,5640,0,21 45,1,99,,62035,5640,0,21 45,1,96,,62046,5640,0,21 45,1,100,,62029,5640,0,21 45,1,108,,62052,5640,0,21 45,1,95,,62047,5640,0,21 45,1,24,,62053,5640,0,21 45,1,20,,62049,5640,0,21 45,1,60,,62032,5640,0,21 45,1,22,,62048,5640,0,21 45,1,20,,62051,5640,0,21 45,1,60,,62044,5640,0,21 45,1,20,,62030,5640,0,21 45,1,21,,62034,5640,0,21 45,1,59,,62054,5640,0,21 45,1,19,,62045,5640,0,21 45,1,19,,62050,5640,0,21 45,1
52100,'SE',1636,,63428,6706,,,2
54001,'SE',906,,63453,1117,,,2
