3100,'SE',629,,46184,3931,,,1,30,,46210,3931,,,1,70,,46188,3931,,,1,30,,46185,3931,,,1,70,,46180,3931,,,1,29,,46178,3931,,,1,70,,46179,3931,,,1,30,,46200,3931,,,1,70,,46181,3931,,,1,30,,46197,3931,,,1,71,,46189,3931,,,1,30,,46203,3931,,,1,70,,46186,3931,,,1,30,,46202,3931,,,1,70,,46182,3931,,,1,30,,46207,3931,,,1,71,,46190,3931,,,1,70,,46195,3931,,,1,30,,46187,3931,,,1,70,,46192,3931,,,1,30,,46194,3931,,,1,70,,46191,3931,,,1,30,,46193,3931,,,1,70,,46183,3931,,,1,30,,46204,3931,,,1,71,,46196,3931,,,1,30,,46206,3931,,,1,70,,46198,3931,,,1,29,,46205,3931,,,1,70,,46209,3931,,,1,29,,46201,3931,,,1,100,,46199,3931,,,1,99,,46208,3931,,,1
21400,'DI',919,,39011,7163,,,1,100,,39012,7163,,,1,100,,39013,7163,,,1,100,,39014,7163,,,1,100,,39015,7163,,,1,100,,39016,7163,,,1,100,,39017,7163,,,1,100,,39018,7163,,,1,100,,39019,7163,,,1,100,,39020,7163,,,1
21400,'F1',919,,50482,7163,,,1,100,,50483,7163,,,1,100,,50484,7163,,,1,100,,50485,7163,,,1,100,,50486,7163,,,1,100,,50487,7163,,,1,100,,50488,7163,,,1,100,,50489,7163,,,1,100,,50490,7163,,,1,100,,50491,7163,,,1
21400,'F2',919,,50492,7163,,,1,100,,50493,7163,,,1,100,,50494,7163,,,1,100,,50495,7163,,,1,100,,50496,7163,,,1,100,,50497,7163,,,1,100,,50498,7163,,,1,100,,50499,7163,,,1,100,,50500,7163,,,1,100,,50501,7163,,,1
21400,'F8',919,,39034,7163,,,1,100,,39035,7163,,,1,100,,39036,7163,,,1,100,,39037,7163,,,1,100,,39038,7163,,,1,100,,39039,7163,,,1,100,,39040,7163,,,1,100,,39041,7163,,,1,100,,39042,7163,,,1,100,,39043,7163,,,1
21400,'F9',919,,39044,7163,,,1,100,,39045,7163,,,1,100,,39046,7163,,,1,100,,39047,7163,,,1,100,,39048,7163,,,1,100,,39049,7163,,,1,100,,39050,7163,,,1,100,,39051,7163,,,1,100,,39052,7163,,,1,100,,39053,7163,,,1
21400,'SA',919,,39054,7163,,,1,100,,39055,7163,,,1,100,,39056,7163,,,1,100,,39057,7163,,,1,100,,39058,7163,,,1,100,,39059,7163,,,1,100,,39060,7163,,,1,100,,39061,7163,,,1,100,,39062,7163,,,1,100,,39063,7163,,,1
84801,'DI',641,,19943,315,,,2,70,,19944,315,,,2,30,,19945,315,,,2,70,,19946,315,,,2,30,,19947,315,,,2,70,,19948,315,,,2,30,,19949,315,,,2,70,,19950,315,,,2,30,,19951,315,,,2,70,,19952,315,,,2,30,,19953,315,,,2,70,,19954,315,,,2,30,,19955,315,,,2,70,,19956,315,,,2,30,,19957,315,,,2,70,,19958,315,,,2,30,,19959,315,,,2,70,,19960,315,,,2,30,,19961,315,,,2,70,,19962,315,,,2,30,,19963,315,,,2,70,,19964,315,,,2,30,,19965,315,,,2,70,,19966,315,,,2,30,,19967,315,,,2,70,,19968,315,,,2,30,,19969,315,,,2,70,,19970,315,,,2,30,,19971,315,,,2,70,,19972,315,,,2,30,,19973,315,,,2,70,,19974,315,,,2,30,,19975,315,,,2,70,,19976,315,,,2,30,,19977,315,,,2,70,,19978,315,,,2,30,,19979,315,,,2
84801,'F1',641,,51686,315,,,2,70,,51687,315,,,2,30,,51688,315,,,2,70,,51689,315,,,2,30,,51690,315,,,2,70,,51691,315,,,2,30,,51692,315,,,2,70,,51693,315,,,2,30,,51694,315,,,2,70,,51695,315,,,2,30,,51696,315,,,2,70,,51697,315,,,2,30,,51698,315,,,2,70,,51699,315,,,2,30,,51700,315,,,2,70,,51701,315,,,2,30,,51702,315,,,2,70,,51703,315,,,2,30,,51704,315,,,2,70,,51705,315,,,2,30,,51706,315,,,2,70,,51707,315,,,2,30,,51708,315,,,2,70,,51709,315,,,2,30,,51710,315,,,2,70,,51711,315,,,2,30,,51712,315,,,2,70,,51713,315,,,2,30,,51714,315,,,2,70,,51715,315,,,2,30,,51716,315,,,2,70,,51717,315,,,2,30,,51718,315,,,2,70,,51719,315,,,2,30,,51720,315,,,2,70,,51721,315,,,2,30,,51722,315,,,2
84801,'F2',641,,51723,315,,,2,70,,51724,315,,,2,30,,51725,315,,,2,70,,51726,315,,,2,30,,51727,315,,,2,70,,51728,315,,,2,30,,51729,315,,,2,70,,51730,315,,,2,30,,51731,315,,,2,70,,51732,315,,,2,30,,51733,315,,,2,70,,51734,315,,,2,30,,51735,315,,,2,70,,51736,315,,,2,30,,51737,315,,,2,70,,51738,315,,,2,30,,51739,315,,,2,70,,51740,315,,,2,30,,51741,315,,,2,70,,51742,315,,,2,30,,51743,315,,,2,70,,51744,315,,,2,30,,51745,315,,,2,70,,51746,315,,,2,30,,51747,315,,,2,70,,51748,315,,,2,30,,51749,315,,,2,70,,51750,315,,,2,30,,51751,315,,,2,70,,51752,315,,,2,30,,51753,315,,,2,70,,51754,315,,,2,30,,51755,315,,,2,70,,51756,315,,,2,30,,51757,315,,,2,70,,51758,315,,,2,30,,51759,315,,,2
84801,'F8',641,,42162,315,,,2,70,,42163,315,,,2,30,,42164,315,,,2,70,,42165,315,,,2,30,,42166,315,,,2,70,,42167,315,,,2,30,,42168,315,,,2,70,,42169,315,,,2,30,,42170,315,,,2,70,,42171,315,,,2,30,,42172,315,,,2,70,,42173,315,,,2,30,,42174,315,,,2,70,,42175,315,,,2,30,,42176,315,,,2,70,,42177,315,,,2,30,,42178,315,,,2,70,,42179,315,,,2,30,,42180,315,,,2,70,,42181,315,,,2,30,,42182,315,,,2,70,,42183,315,,,2,30,,42184,315,,,2,70,,42185,315,,,2,30,,42186,315,,,2,70,,42187,315,,,2,30,,42188,315,,,2,70,,42189,315,,,2,30,,42190,315,,,2,70,,42191,315,,,2,30,,42192,315,,,2,70,,42193,315,,,2,30,,42194,315,,,2,70,,42195,315,,,2,30,,42196,315,,,2,70,,42197,315,,,2,30,,42198,315,,,2
84801,'F9',641,,42199,315,,,2,70,,42200,315,,,2,30,,42201,315,,,2,70,,42202,315,,,2,30,,42203,315,,,2,70,,42204,315,,,2,30,,42205,315,,,2,70,,42206,315,,,2,30,,42207,315,,,2,70,,42208,315,,,2,30,,42209,315,,,2,70,,42210,315,,,2,30,,42211,315,,,2,70,,42212,315,,,2,30,,42213,315,,,2,70,,42214,315,,,2,30,,42215,315,,,2,70,,42216,315,,,2,30,,42217,315,,,2,70,,42218,315,,,2,30,,42219,315,,,2,70,,42220,315,,,2,30,,42221,315,,,2,70,,42222,315,,,2,30,,42223,315,,,2,70,,42224,315,,,2,30,,42225,315,,,2,70,,42226,315,,,2,30,,42227,315,,,2,70,,42228,315,,,2,30,,42229,315,,,2,70,,42230,315,,,2,30,,42231,315,,,2,70,,42232,315,,,2,30,,42233,315,,,2,70,,42234,315,,,2,30,,42235,315,,,2
84801,'SA',641,,20091,315,,,2,70,,20092,315,,,2,30,,20093,315,,,2,70,,20094,315,,,2,30,,20095,315,,,2,70,,20096,315,,,2,30,,20097,315,,,2,70,,20098,315,,,2,30,,20099,315,,,2,70,,20100,315,,,2,30,,20101,315,,,2,70,,20102,315,,,2,30,,20103,315,,,2,70,,20104,315,,,2,30,,20105,315,,,2,70,,20106,315,,,2,30,,20107,315,,,2,70,,20108,315,,,2,30,,20109,315,,,2,70,,20110,315,,,2,30,,20111,315,,,2,70,,20112,315,,,2,30,,20113,315,,,2,70,,20114,315,,,2,30,,20115,315,,,2,70,,20116,315,,,2,30,,20117,315,,,2,70,,20118,315,,,2,30,,20119,315,,,2,70,,20120,315,,,2,30,,20121,315,,,2,70,,20122,315,,,2,30,,20123,315,,,2,70,,20124,315,,,2,30,,20125,315,,,2,70,,20126,315,,,2,30,,20127,315,,,2
