801,'DI',549,,23101,12702,,,1,70,,2745,12702,,,1,30,,2752,12702,,,1,70,,23108,12702,,,1,30,,23102,12702,,,1,72,,2746,12702,,,1,30,,2753,12702,,,1,70,,23109,12702,,,1,28,,23103,12702,,,1,70,,2747,12702,,,1,30,,2754,12702,,,1,69,,23110,12702,,,1,30,,23104,12702,,,1,70,,2748,12702,,,1,30,,2755,12702,,,1,70,,23111,12702,,,1,31,,2741,12702,,,1,70,,2749,12702,,,1,31,,2756,12702,,,1,70,,23112,12702,,,1,29,,23106,12702,,,1,70,,2750,12702,,,1,30,,23115,12702,,,1,70,,23113,12702,,,1,19,,23105,12702,,,1,14,,23107,12702,,,1,70,,2751,12702,,,1,28,,23116,12702,,,1,70,,23114,12702,,,1,85,,2742,12702,,,1,100,,23117,12702,,,1,100,,2743,12702,,,1,99,,23118,12702,,,1,100,,2744,12702,,,1,99,,23119,12702,,,1
801,'F1',549,,44174,12702,,,1,70,,44182,12702,,,1,30,,44189,12702,,,1,70,,44197,12702,,,1,30,,44175,12702,,,1,72,,44183,12702,,,1,30,,44190,12702,,,1,70,,44198,12702,,,1,28,,44176,12702,,,1,70,,44184,12702,,,1,30,,44191,12702,,,1,69,,44199,12702,,,1,30,,44177,12702,,,1,70,,44185,12702,,,1,30,,44192,12702,,,1,70,,44200,12702,,,1,31,,44178,12702,,,1,70,,44186,12702,,,1,31,,44193,12702,,,1,70,,44201,12702,,,1,29,,44195,12702,,,1,70,,44187,12702,,,1,30,,44204,12702,,,1,70,,44202,12702,,,1,19,,44194,12702,,,1,14,,44196,12702,,,1,70,,44188,12702,,,1,28,,44205,12702,,,1,70,,44203,12702,,,1,85,,44179,12702,,,1,100,,44206,12702,,,1,100,,44180,12702,,,1,99,,44207,12702,,,1,100,,44181,12702,,,1,99,,44208,12702,,,1
801,'F2',549,,44213,12702,,,1,70,,44225,12702,,,1,30,,44228,12702,,,1,70,,44231,12702,,,1,30,,44214,12702,,,1,72,,44226,12702,,,1,30,,44229,12702,,,1,70,,44232,12702,,,1,27,,44215,12702,,,1,69,,44227,12702,,,1,30,,44230,12702,,,1,70,,44233,12702,,,1,31,,44216,12702,,,1,70,,44221,12702,,,1,31,,44238,12702,,,1,70,,44234,12702,,,1,31,,44217,12702,,,1,70,,44222,12702,,,1,30,,44239,12702,,,1,70,,44235,12702,,,1,30,,44242,12702,,,1,70,,44223,12702,,,1,30,,44240,12702,,,1,70,,44236,12702,,,1,25,,44209,12702,,,1,10,,44243,12702,,,1,60,,44224,12702,,,1,30,,44241,12702,,,1,70,,44237,12702,,,1,90,,44210,12702,,,1,100,,44218,12702,,,1,100,,44211,12702,,,1,98,,44219,12702,,,1,100,,44212,12702,,,1,100,,44220,12702,,,1
801,'F8',549,,23268,12702,,,1,70,,23280,12702,,,1,30,,23283,12702,,,1,70,,23286,12702,,,1,30,,23269,12702,,,1,72,,23281,12702,,,1,30,,23284,12702,,,1,70,,23287,12702,,,1,27,,23270,12702,,,1,69,,23282,12702,,,1,30,,23285,12702,,,1,70,,23288,12702,,,1,31,,23271,12702,,,1,70,,23276,12702,,,1,31,,23293,12702,,,1,70,,23289,12702,,,1,31,,23272,12702,,,1,70,,23277,12702,,,1,30,,23294,12702,,,1,70,,23290,12702,,,1,30,,23297,12702,,,1,70,,23278,12702,,,1,30,,23295,12702,,,1,70,,23291,12702,,,1,25,,23264,12702,,,1,10,,23298,12702,,,1,60,,23279,12702,,,1,30,,23296,12702,,,1,70,,23292,12702,,,1,90,,23265,12702,,,1,100,,23273,12702,,,1,100,,23266,12702,,,1,98,,23274,12702,,,1,100,,23267,12702,,,1,100,,23275,12702,,,1
801,'F9',549,,23299,12702,,,1,70,,23307,12702,,,1,30,,23314,12702,,,1,70,,23322,12702,,,1,30,,23300,12702,,,1,72,,23308,12702,,,1,30,,23315,12702,,,1,70,,23323,12702,,,1,28,,23301,12702,,,1,70,,23309,12702,,,1,30,,23316,12702,,,1,69,,23324,12702,,,1,30,,23302,12702,,,1,70,,23310,12702,,,1,30,,23317,12702,,,1,70,,23325,12702,,,1,31,,23303,12702,,,1,70,,23311,12702,,,1,31,,23318,12702,,,1,70,,23326,12702,,,1,29,,23320,12702,,,1,70,,23312,12702,,,1,30,,23329,12702,,,1,70,,23327,12702,,,1,19,,23319,12702,,,1,14,,23321,12702,,,1,70,,23313,12702,,,1,28,,23330,12702,,,1,70,,23328,12702,,,1,85,,23304,12702,,,1,100,,23331,12702,,,1,100,,23305,12702,,,1,99,,23332,12702,,,1,100,,23306,12702,,,1,99,,23333,12702,,,1
801,'SA',549,,23338,12702,,,1,70,,23350,12702,,,1,30,,23353,12702,,,1,70,,23356,12702,,,1,30,,23339,12702,,,1,72,,23351,12702,,,1,30,,23354,12702,,,1,70,,23357,12702,,,1,27,,23340,12702,,,1,69,,23352,12702,,,1,30,,23355,12702,,,1,70,,23358,12702,,,1,31,,23341,12702,,,1,70,,23346,12702,,,1,31,,23363,12702,,,1,70,,23359,12702,,,1,31,,23342,12702,,,1,70,,23347,12702,,,1,30,,23364,12702,,,1,70,,23360,12702,,,1,30,,2977,12702,,,1,70,,23348,12702,,,1,30,,23365,12702,,,1,70,,23361,12702,,,1,25,,23334,12702,,,1,10,,2978,12702,,,1,60,,23349,12702,,,1,30,,23366,12702,,,1,70,,23362,12702,,,1,90,,23335,12702,,,1,100,,23343,12702,,,1,100,,23336,12702,,,1,98,,23344,12702,,,1,100,,23337,12702,,,1,100,,23345,12702,,,1
801,'SE',515,,44283,12702,,,1,33,,44246,12702,,,1,67,,44285,12702,,,1,21,,44287,12702,,,1,20,,44290,12702,,,1,55,,44288,12702,,,1,8,,44250,12702,,,1,15,,44268,12702,,,1,7,,44295,12702,,,1,8,,44247,12702,,,1,9,,44289,12702,,,1,63,,44286,12702,,,1,19,,44261,12702,,,1,18,,44291,12702,,,1,54,,44282,12702,,,1,15,,44251,12702,,,1,14,,44269,12702,,,1,15,,44248,12702,,,1,57,,44272,12702,,,1,15,,44259,12702,,,1,14,,44262,12702,,,1,15,,44265,12702,,,1,56,,44305,12702,,,1,15,,44252,12702,,,1,15,,44270,12702,,,1,15,,44249,12702,,,1,55,,44273,12702,,,1,15,,44275,12702,,,1,16,,44254,12702,,,1,15,,44263,12702,,,1,55,,44292,12702,,,1,15,,44306,12702,,,1,15,,44303,12702,,,1,15,,44271,12702,,,1,55,,44244,12702,,,1,15,,44274,12702,,,1,18,,44260,12702,,,1,55,,44255,12702,,,1,13,,44307,12702,,,1,21,,44266,12702,,,1,11,,44293,12702,,,1,10,,44253,12702,,,1,54,,44297,12702,,,1,16,,44296,12702,,,1,17,,44245,12702,,,1,15,,44276,12702,,,1,52,,44279,12702,,,1,16,,44264,12702,,,1,15,,44300,12702,,,1,15,,44267,12702,,,1,54,,44294,12702,,,1,21,,44298,12702,,,1,22,,44299,12702,,,1,67,,44280,12702,,,1,28,,44301,12702,,,1,71,,44284,12702,,,1,29,,44256,12702,,,1,73,,44308,12702,,,1,27,,44302,12702,,,1,52,,44277,12702,,,1,20,,44281,12702,,,1,29,,44257,12702,,,1,60,,44304,12702,,,1,92,,44278,12702,,,1,100,,44258,12702,,,1
2801,'DI',937,,27810,6378,,,1,100,,27815,6378,,,1,100,,27813,6378,,,1,101,,27811,6378,,,1,100,,27812,6378,,,1,100,,27816,6378,,,1,98,,27819,6378,,,1,99,,27818,6378,,,1,96,,27817,6378,,,1,105,,27814,6378,,,1
2801,'F1',937,,45978,6378,,,1,100,,45983,6378,,,1,100,,45981,6378,,,1,101,,45979,6378,,,1,100,,45980,6378,,,1,100,,45984,6378,,,1,98,,45987,6378,,,1,99,,45986,6378,,,1,96,,45985,6378,,,1,105,,45982,6378,,,1
2801,'F2',937,,45995,6378,,,1,100,,45990,6378,,,1,100,,45988,6378,,,1,101,,45992,6378,,,1,100,,45991,6378,,,1,100,,45993,6378,,,1,98,,45989,6378,,,1,96,,45997,6378,,,1,99,,45996,6378,,,1,105,,45994,6378,,,1
2801,'F8',937,,27885,6378,,,1,100,,27880,6378,,,1,100,,27878,6378,,,1,101,,27882,6378,,,1,100,,27881,6378,,,1,100,,27883,6378,,,1,98,,27879,6378,,,1,96,,27887,6378,,,1,99,,27886,6378,,,1,105,,27884,6378,,,1
2801,'F9',937,,27888,6378,,,1,100,,27893,6378,,,1,100,,27891,6378,,,1,101,,27889,6378,,,1,100,,27890,6378,,,1,100,,27894,6378,,,1,98,,27897,6378,,,1,99,,27896,6378,,,1,96,,27895,6378,,,1,105,,27892,6378,,,1
2801,'SA',937,,27904,6378,,,1,100,,27900,6378,,,1,100,,27898,6378,,,1,101,,27901,6378,,,1,100,,7052,6378,,,1,100,,27902,6378,,,1,98,,27899,6378,,,1,96,,27906,6378,,,1,99,,27905,6378,,,1,105,,27903,6378,,,1
2801,'SE',646,,46024,6378,,,1,60,,46030,8088,,,1,21,,46025,6378,,,1,19,,46031,8088,,,1,69,,46035,8088,,,1,21,,46019,6378,,,1,16,,46029,8088,,,1,68,,46023,6378,,,1,29,,46009,6378,,,1,70,,46001,6378,,,1,30,,46005,6378,,,1,70,,46010,6378,,,1,30,,46002,6378,,,1,70,,46006,6378,,,1,30,,46011,6378,,,1,70,,46003,6378,,,1,30,,46007,6378,,,1,71,,46012,6378,,,1,30,,46004,6378,,,1,61,,46013,6378,,,1,12,,46008,6378,,,1,17,,46015,6378,,,1,10,,46032,8088,,,1,57,,45999,6378,,,1,13,,46017,6378,,,1,15,,46021,6378,,,1,18,,46034,8088,,,1,53,,46014,6378,,,1,16,,46016,6378,,,1,13,,46033,8088,,,1,18,,46018,6378,,,1,54,,46020,6378,,,1,22,,46026,6378,,,1,21,,45998,6378,,,1,63,,46022,6378,,,1,100,,46000,6378,,,1,100,,46027,6378,,,1,100,,46028,6378,,,1
8801,'DI',636,,36910,11974,,,1,70,,36915,11974,,,1,30,,36921,11974,,,1,70,,36931,11974,,,1,30,,36911,11974,,,1,70,,36916,11974,,,1,30,,36922,11974,,,1,68,,36932,11974,,,1,29,,36912,11974,,,1,70,,36917,11974,,,1,30,,36923,11974,,,1,70,,36933,11974,,,1,30,,36913,11974,,,1,70,,36918,11974,,,1,30,,36924,11974,,,1,71,,36934,11974,,,1,30,,36914,11974,,,1,71,,36919,11974,,,1,30,,36925,11974,,,1,69,,15257,11974,,,1,30,,36926,11974,,,1,70,,36920,11974,,,1,30,,36935,11974,,,1,73,,15258,11974,,,1,22,,36927,11974,,,1,106,,36936,11974,,,1,100,,36928,11974,,,1,100,,36937,11974,,,1,100,,36929,11974,,,1,100,,36938,11974,,,1,99,,36930,11974,,,1
8801,'F1',636,,49632,11974,,,1,70,,49637,11974,,,1,30,,49643,11974,,,1,70,,49653,11974,,,1,30,,49633,11974,,,1,70,,49638,11974,,,1,30,,49644,11974,,,1,68,,49654,11974,,,1,29,,49634,11974,,,1,70,,49639,11974,,,1,30,,49645,11974,,,1,70,,49655,11974,,,1,30,,49635,11974,,,1,70,,49640,11974,,,1,30,,49646,11974,,,1,71,,49656,11974,,,1,30,,49636,11974,,,1,71,,49641,11974,,,1,30,,49647,11974,,,1,69,,49630,11974,,,1,30,,49648,11974,,,1,70,,49642,11974,,,1,30,,49657,11974,,,1,73,,49631,11974,,,1,22,,49649,11974,,,1,106,,49658,11974,,,1,100,,49650,11974,,,1,100,,49659,11974,,,1,100,,49651,11974,,,1,100,,49660,11974,,,1,99,,49652,11974,,,1
8801,'F2',634,,49664,11974,,,1,70,,49663,11974,,,1,30,,49685,11974,,,1,69,,49676,11974,,,1,30,,49665,11974,,,1,70,,49689,11974,,,1,32,,49686,11974,,,1,67,,49677,11974,,,1,30,,49669,11974,,,1,69,,49690,11974,,,1,30,,49687,11974,,,1,71,,49678,11974,,,1,30,,49670,11974,,,1,71,,49682,11974,,,1,28,,49666,11974,,,1,71,,49679,11974,,,1,30,,49671,11974,,,1,70,,49683,11974,,,1,30,,49667,11974,,,1,70,,49661,11974,,,1,30,,49672,11974,,,1,71,,49684,11974,,,1,28,,49668,11974,,,1,72,,49662,11974,,,1,21,,49691,11974,,,1,109,,49680,11974,,,1,100,,49673,11974,,,1,100,,49681,11974,,,1,100,,49674,11974,,,1,97,,49688,11974,,,1,100,,49675,11974,,,1
8801,'F8',634,,37048,11974,,,1,70,,37047,11974,,,1,30,,37069,11974,,,1,69,,37060,11974,,,1,30,,37049,11974,,,1,70,,37073,11974,,,1,32,,37070,11974,,,1,67,,37061,11974,,,1,30,,37053,11974,,,1,69,,37074,11974,,,1,30,,37071,11974,,,1,71,,37062,11974,,,1,30,,37054,11974,,,1,71,,37066,11974,,,1,28,,37050,11974,,,1,71,,37063,11974,,,1,30,,37055,11974,,,1,70,,37067,11974,,,1,30,,37051,11974,,,1,70,,37045,11974,,,1,30,,37056,11974,,,1,71,,37068,11974,,,1,28,,37052,11974,,,1,72,,37046,11974,,,1,21,,37075,11974,,,1,109,,37064,11974,,,1,100,,37057,11974,,,1,100,,37065,11974,,,1,100,,37058,11974,,,1,97,,37072,11974,,,1,100,,37059,11974,,,1
8801,'F9',636,,37078,11974,,,1,70,,37083,11974,,,1,30,,37089,11974,,,1,70,,37099,11974,,,1,30,,37079,11974,,,1,70,,37084,11974,,,1,30,,37090,11974,,,1,68,,37100,11974,,,1,29,,37080,11974,,,1,70,,37085,11974,,,1,30,,37091,11974,,,1,70,,37101,11974,,,1,30,,37081,11974,,,1,70,,37086,11974,,,1,30,,37092,11974,,,1,71,,37102,11974,,,1,30,,37082,11974,,,1,71,,37087,11974,,,1,30,,37093,11974,,,1,69,,37076,11974,,,1,30,,37094,11974,,,1,70,,37088,11974,,,1,30,,37103,11974,,,1,73,,37077,11974,,,1,22,,37095,11974,,,1,106,,37104,11974,,,1,100,,37096,11974,,,1,100,,37105,11974,,,1,100,,37097,11974,,,1,100,,37106,11974,,,1,99,,37098,11974,,,1
8801,'SA',634,,37110,11974,,,1,70,,37109,11974,,,1,30,,37131,11974,,,1,69,,37122,11974,,,1,30,,37111,11974,,,1,70,,37134,11974,,,1,32,,37132,11974,,,1,67,,37123,11974,,,1,30,,37115,11974,,,1,69,,37135,11974,,,1,30,,37133,11974,,,1,71,,37124,11974,,,1,30,,37116,11974,,,1,71,,37128,11974,,,1,28,,37112,11974,,,1,71,,37125,11974,,,1,30,,37117,11974,,,1,70,,37129,11974,,,1,30,,37113,11974,,,1,70,,37107,11974,,,1,30,,37118,11974,,,1,71,,37130,11974,,,1,28,,37114,11974,,,1,72,,37108,11974,,,1,21,,37136,11974,,,1,109,,37126,11974,,,1,100,,37119,11974,,,1,100,,37127,11974,,,1,100,,37120,11974,,,1,97,,15458,11974,,,1,100,,37121,11974,,,1
8801,'SE',631,,49700,11974,,,1,20,,49692,11974,,,1,50,,49714,11974,,,1,14,,49719,11974,,,1,8,,49702,11974,,,1,14,,49721,11974,,,1,15,,49720,11974,,,1,50,,49693,11974,,,1,7,,49710,11974,,,1,18,,49718,11974,,,1,18,,49708,11974,,,1,60,,49732,11974,,,1,30,,49734,11974,,,1,70,,49733,11974,,,1,30,,49697,11974,,,1,70,,49727,11974,,,1,30,,49728,11974,,,1,70,,49694,11974,,,1,30,,49699,11974,,,1,70,,49703,11974,,,1,30,,49696,11974,,,1,70,,49695,11974,,,1,33,,49705,11974,,,1,69,,49701,11974,,,1,20,,49713,11974,,,1,19,,49730,11974,,,1,58,,49722,11974,,,1,12,,49704,11974,,,1,15,,49711,11974,,,1,19,,49715,11974,,,1,52,,49709,11974,,,1,15,,49698,11974,,,1,14,,49736,11974,,,1,16,,49735,11974,,,1,55,,49731,11974,,,1,16,,49723,11974,,,1,18,,49712,11974,,,1,67,,49716,11974,,,1,32,,49737,11974,,,1,70,,49706,11974,,,1,29,,49729,11974,,,1,70,,49717,11974,,,1,30,,49707,11974,,,1,101,,49724,11974,,,1,98,,49726,11974,,,1,100,,49725,11974,,,1
