300,'DI',701,,52056,5007,,,1,100,,52049,5007,,,1,100,,52057,5007,,,1,100,,52050,5007,,,1,100,,52051,5007,,,1,100,,52059,5007,,,1,100,,52052,5007,,,1,100,,52053,5007,,,1,100,,52054,5007,,,1,100,,52058,5007,,,1,100,,494,5007,,,1,100,,495,5007,,,1,100,,52055,5007,,,1,100,,20629,5007,,,1,100,,20630,5007,,,1,100,,20631,5007,,,1,100,,20632,5007,,,1,100,,20633,5007,,,1,100,,20634,5007,,,1
300,'F1',701,,52067,5007,,,1,100,,52060,5007,,,1,100,,52068,5007,,,1,100,,52061,5007,,,1,100,,52062,5007,,,1,100,,52070,5007,,,1,100,,52063,5007,,,1,100,,52064,5007,,,1,100,,52065,5007,,,1,100,,52069,5007,,,1,100,,43204,5007,,,1,100,,43205,5007,,,1,100,,52066,5007,,,1,100,,43207,5007,,,1,100,,43208,5007,,,1,100,,43209,5007,,,1,100,,43210,5007,,,1,100,,43211,5007,,,1,100,,43212,5007,,,1
300,'F2',631,,52084,5007,,,1,70,,52071,5007,,,1,30,,52081,5007,,,1,70,,52088,5007,,,1,30,,52085,5007,,,1,70,,52072,5007,,,1,30,,52078,5007,,,1,70,,52073,5007,,,1,30,,52086,5007,,,1,70,,52089,5007,,,1,30,,52079,5007,,,1,70,,52092,5007,,,1,30,,52080,5007,,,1,70,,52093,5007,,,1,30,,43236,5007,,,1,70,,52094,5007,,,1,30,,43237,5007,,,1,70,,52087,5007,,,1,30,,52074,5007,,,1,70,,52098,5007,,,1,30,,52075,5007,,,1,70,,52099,5007,,,1,30,,52076,5007,,,1,70,,52100,5007,,,1,30,,52077,5007,,,1,70,,52090,5007,,,1,100,,52091,5007,,,1,100,,52095,5007,,,1,100,,52096,5007,,,1,100,,52097,5007,,,1,100,,52083,5007,,,1,100,,52082,5007,,,1
300,'SA',631,,52114,5007,,,1,70,,52101,5007,,,1,30,,52111,5007,,,1,70,,52118,5007,,,1,30,,52115,5007,,,1,70,,52102,5007,,,1,30,,52108,5007,,,1,70,,52103,5007,,,1,30,,52116,5007,,,1,70,,52119,5007,,,1,30,,52109,5007,,,1,70,,52122,5007,,,1,30,,52110,5007,,,1,70,,52123,5007,,,1,30,,624,5007,,,1,70,,52124,5007,,,1,30,,625,5007,,,1,70,,52117,5007,,,1,30,,52104,5007,,,1,70,,52128,5007,,,1,30,,52105,5007,,,1,70,,52129,5007,,,1,30,,52106,5007,,,1,70,,52130,5007,,,1,30,,52107,5007,,,1,70,,52120,5007,,,1,100,,52121,5007,,,1,100,,52125,5007,,,1,100,,52126,5007,,,1,100,,52127,5007,,,1,100,,52113,5007,,,1,100,,52112,5007,,,1
300,'SE',549,,52132,5007,,,1,83,,52154,5007,,,1,85,,52153,5007,,,1,35,,52133,5007,,,1,81,,52147,5007,,,1,69,,52162,5007,,,1,30,,52165,5007,,,1,70,,52163,5007,,,1,30,,52166,5007,,,1,70,,52148,5007,,,1,30,,52155,5007,,,1,70,,52134,5007,,,1,30,,52156,5007,,,1,70,,52135,5007,,,1,30,,52157,5007,,,1,70,,52136,5007,,,1,30,,52158,5007,,,1,71,,52137,5007,,,1,21,,52167,5007,,,1,18,,52159,5007,,,1,63,,52138,5007,,,1,21,,52168,5007,,,1,22,,52144,5007,,,1,58,,52164,5007,,,1,18,,52150,5007,,,1,20,,52131,5007,,,1,59,,52149,5007,,,1,32,,52151,5007,,,1,67,,52160,5007,,,1,29,,52152,5007,,,1,70,,52161,5007,,,1,30,,52145,5007,,,1,70,,52139,5007,,,1,30,,52146,5007,,,1,70,,52140,5007,,,1,100,,52141,5007,,,1,100,,52142,5007,,,1,100,,52143,5007,,,1
2100,'DI',603,,55641,4949,0,12 13,1,29,,55638,4949,0,12 13,1,70,,55648,4949,0,12 13,1,30,,55637,4949,0,12 13,1,71,,55645,4949,0,12 13,1,30,,55662,4949,0,12 13,1,70,,55635,4949,0,12 13,1,27,,55639,4949,0,12 13,1,73,,55642,4949,0,12 13,1,30,,55650,4949,0,12 13,1,72,,55640,4949,0,12 13,1,28,,55658,4949,0,12 13,1,71,,55631,4949,0,12 13,1,30,,55656,4949,0,12 13,1,70,,55649,4949,0,12 13,1,30,,55646,4949,0,12 13,1,70,,55654,4949,0,12 13,1,30,,55657,4949,0,12 13,1,70,,55643,4949,0,12 13,1,30,,55655,4949,0,12 13,1,70,,55632,4949,0,12 13,1,30,,55647,4949,0,12 13,1,70,,55661,4949,0,12 13,1,30,,55653,4949,0,12 13,1,70,,55651,4949,0,12 13,1,29,,55625,4949,0,12 13,1,70,,55644,4949,0,12 13,1,30,,55660,4949,0,12 13,1,70,,55633,4949,0,12 13,1,30,,55659,4949,0,12 13,1,70,,55622,4949,0,12 13,1,30,,55624,4949,0,12 13,1,70,,55652,4949,0,12 13,1,30,,55634,4949,0,12 13,1,70,,55627,4949,0,12 13,1,30,,55626,4949,0,12 13,1,70,,55628,4949,0,12 13,1,30,,55623,4949,0,12 13,1,70,,55636,4949,0,12 13,1
2100,'F1',603,,55682,4949,0,12 13,1,29,,55679,4949,0,12 13,1,70,,55689,4949,0,12 13,1,30,,55678,4949,0,12 13,1,71,,55686,4949,0,12 13,1,30,,55703,4949,0,12 13,1,70,,55676,4949,0,12 13,1,27,,55680,4949,0,12 13,1,73,,55683,4949,0,12 13,1,30,,55691,4949,0,12 13,1,72,,55681,4949,0,12 13,1,28,,55699,4949,0,12 13,1,71,,55672,4949,0,12 13,1,30,,55697,4949,0,12 13,1,70,,55690,4949,0,12 13,1,30,,55687,4949,0,12 13,1,70,,55695,4949,0,12 13,1,30,,55698,4949,0,12 13,1,70,,55684,4949,0,12 13,1,30,,55696,4949,0,12 13,1,70,,55673,4949,0,12 13,1,30,,55688,4949,0,12 13,1,70,,55702,4949,0,12 13,1,30,,55694,4949,0,12 13,1,70,,55692,4949,0,12 13,1,29,,55666,4949,0,12 13,1,70,,55685,4949,0,12 13,1,30,,55701,4949,0,12 13,1,70,,55674,4949,0,12 13,1,30,,55700,4949,0,12 13,1,70,,55663,4949,0,12 13,1,30,,55665,4949,0,12 13,1,70,,55693,4949,0,12 13,1,30,,55675,4949,0,12 13,1,70,,55668,4949,0,12 13,1,30,,55667,4949,0,12 13,1,70,,55669,4949,0,12 13,1,30,,55664,4949,0,12 13,1,70,,55677,4949,0,12 13,1
2100,'F2',603,,55738,4949,0,12 13,1,30,,55707,4949,0,12 13,1,70,,55728,4949,0,12 13,1,30,,55719,4949,0,12 13,1,70,,55709,4949,0,12 13,1,30,,55739,4949,0,12 13,1,70,,55734,4949,0,12 13,1,25,,55731,4949,0,12 13,1,31,,55723,4949,0,12 13,1,74,,55726,4949,0,12 13,1,73,,55732,4949,0,12 13,1,24,,55740,4949,0,12 13,1,74,,55716,4949,0,12 13,1,30,,55743,4949,0,12 13,1,70,,55735,4949,0,12 13,1,30,,55727,4949,0,12 13,1,70,,55710,4949,0,12 13,1,30,,55744,4949,0,12 13,1,70,,55736,4949,0,12 13,1,30,,55722,4949,0,12 13,1,70,,55711,4949,0,12 13,1,30,,55729,4949,0,12 13,1,70,,55737,4949,0,12 13,1,30,,55715,4949,0,12 13,1,70,,55712,4949,0,12 13,1,29,,55730,4949,0,12 13,1,70,,55741,4949,0,12 13,1,30,,55733,4949,0,12 13,1,70,,55704,4949,0,12 13,1,30,,55724,4949,0,12 13,1,70,,55713,4949,0,12 13,1,30,,55717,4949,0,12 13,1,70,,55720,4949,0,12 13,1,30,,55705,4949,0,12 13,1,70,,55742,4949,0,12 13,1,30,,55725,4949,0,12 13,1,70,,55721,4949,0,12 13,1,30,,55714,4949,0,12 13,1,69,,55718,4949,0,12 13,1
2100,'SA',603,,55779,4949,0,12 13,1,30,,55748,4949,0,12 13,1,70,,55769,4949,0,12 13,1,30,,55760,4949,0,12 13,1,70,,55750,4949,0,12 13,1,30,,55780,4949,0,12 13,1,70,,55775,4949,0,12 13,1,25,,55772,4949,0,12 13,1,31,,55764,4949,0,12 13,1,74,,55767,4949,0,12 13,1,73,,55773,4949,0,12 13,1,24,,55781,4949,0,12 13,1,74,,55757,4949,0,12 13,1,30,,55784,4949,0,12 13,1,70,,55776,4949,0,12 13,1,30,,55768,4949,0,12 13,1,70,,55751,4949,0,12 13,1,30,,55785,4949,0,12 13,1,70,,55777,4949,0,12 13,1,30,,55763,4949,0,12 13,1,70,,55752,4949,0,12 13,1,30,,55770,4949,0,12 13,1,70,,55778,4949,0,12 13,1,30,,55756,4949,0,12 13,1,70,,55753,4949,0,12 13,1,29,,55771,4949,0,12 13,1,70,,55782,4949,0,12 13,1,30,,55774,4949,0,12 13,1,70,,55745,4949,0,12 13,1,30,,55765,4949,0,12 13,1,70,,55754,4949,0,12 13,1,30,,55758,4949,0,12 13,1,70,,55761,4949,0,12 13,1,30,,55746,4949,0,12 13,1,70,,55783,4949,0,12 13,1,30,,55766,4949,0,12 13,1,70,,55762,4949,0,12 13,1,30,,55755,4949,0,12 13,1,69,,55759,4949,0,12 13,1
2100,'SE',548,,55787,4949,0,12 13,1,52,,45634,4949,0,12 13,1,10,,55812,4949,0,12 13,1,20,,55788,4949,0,12 13,1,15,,55813,4949,0,12 13,1,64,,45638,4949,0,12 13,1,13,,55803,4949,0,12 13,1,17,,55814,4949,0,12 13,1,63,,55816,4949,0,12 13,1,20,,55817,4949,0,12 13,1,20,,55811,4949,0,12 13,1,61,,55792,4949,0,12 13,1,28,,55789,4949,0,12 13,1,72,,55791,4949,0,12 13,1,30,,55786,4949,0,12 13,1,70,,55790,4949,0,12 13,1,30,,55804,4949,0,12 13,1,70,,55818,4949,0,12 13,1,30,,55805,4949,0,12 13,1,70,,55822,4949,0,12 13,1,30,,55794,4949,0,12 13,1,68,,55819,4949,0,12 13,1,36,,55833,4949,0,12 13,1,11,,55806,4949,0,12 13,1,57,,55831,4949,0,12 13,1,15,,55815,4949,0,12 13,1,15,,55795,4949,0,12 13,1,15,,55824,4949,0,12 13,1,55,,55820,4949,0,12 13,1,16,,55807,4949,0,12 13,1,19,,55828,4949,0,12 13,1,18,,55832,4949,0,12 13,1,50,,55799,4949,0,12 13,1,12,,55827,4949,0,12 13,1,15,,55796,4949,0,12 13,1,14,,55825,4949,0,12 13,1,55,,55821,4949,0,12 13,1,15,,55808,4949,0,12 13,1,20,,55829,4949,0,12 13,1,20,,55801,4949,0,12 13,1,59,,55823,4949,0,12 13,1,30,,55826,4949,0,12 13,1,70,,55809,4949,0,12 13,1,30,,55810,4949,0,12 13,1,70,,55797,4949,0,12 13,1,100,,55834,4949,0,12 13,1,100,,55830,4949,0,12 13,1,98,,55798,4949,0,12 13,1,100,,55802,4949,0,12 13,1
53500,'SE',1631,,63444,5361,,,2
