100,'DI',709,,51776,7611,0,14,1,100,,51777,7611,0,14,1,100,,51771,7611,0,14,1,100,,51772,7611,0,14,1,100,,51773,7611,0,14,1,100,,51774,7611,0,14,1,100,,51775,7611,0,14,1,101,,51780,7611,0,14,1,100,,51779,7611,0,14,1,98,,51760,7611,0,14,1,100,,51761,7611,0,14,1,100,,51762,7611,0,14,1,100,,51763,7611,0,14,1,100,,51764,7611,0,14,1,100,,51765,7611,0,14,1,100,,51766,7611,0,14,1,100,,51767,7611,0,14,1,100,,51768,7611,0,14,1,100,,51769,7611,0,14,1,100,,51770,7611,0,14,1
100,'F1',709,,51797,7611,0,14,1,100,,51798,7611,0,14,1,100,,51792,7611,0,14,1,100,,51793,7611,0,14,1,100,,51794,7611,0,14,1,100,,51795,7611,0,14,1,100,,51796,7611,0,14,1,101,,51801,7611,0,14,1,100,,51800,7611,0,14,1,98,,51781,7611,0,14,1,100,,51782,7611,0,14,1,100,,51783,7611,0,14,1,100,,51784,7611,0,14,1,100,,51785,7611,0,14,1,100,,51786,7611,0,14,1,100,,51787,7611,0,14,1,100,,51788,7611,0,14,1,100,,51789,7611,0,14,1,100,,51790,7611,0,14,1,100,,51791,7611,0,14,1
100,'F2',639,,51802,7611,0,14,1,70,,43028,7611,0,14,1,30,,51803,7611,0,14,1,70,,43029,7611,0,14,1,30,,51804,7611,0,14,1,70,,43030,7611,0,14,1,30,,51815,7611,0,14,1,70,,43031,7611,0,14,1,30,,51816,7611,0,14,1,70,,43032,7611,0,14,1,30,,51805,7611,0,14,1,70,,51817,7611,0,14,1,30,,51822,7611,0,14,1,70,,51828,7611,0,14,1,31,,51823,7611,0,14,1,70,,51829,7611,0,14,1,30,,51824,7611,0,14,1,70,,51830,7611,0,14,1,28,,51818,7611,0,14,1,70,,51825,7611,0,14,1,30,,51819,7611,0,14,1,70,,51826,7611,0,14,1,30,,51820,7611,0,14,1,70,,51827,7611,0,14,1,30,,51821,7611,0,14,1,70,,51807,7611,0,14,1,100,,51808,7611,0,14,1,100,,51809,7611,0,14,1,100,,51810,7611,0,14,1,100,,51811,7611,0,14,1,100,,51812,7611,0,14,1,100,,51813,7611,0,14,1,100,,51814,7611,0,14,1
100,'SA',639,,51831,7611,0,14,1,70,,20314,7611,0,14,1,30,,51832,7611,0,14,1,70,,20315,7611,0,14,1,30,,51833,7611,0,14,1,70,,20316,7611,0,14,1,30,,51844,7611,0,14,1,70,,20317,7611,0,14,1,30,,51845,7611,0,14,1,70,,20318,7611,0,14,1,30,,51834,7611,0,14,1,70,,51846,7611,0,14,1,30,,51851,7611,0,14,1,70,,51857,7611,0,14,1,31,,51852,7611,0,14,1,70,,51858,7611,0,14,1,30,,51853,7611,0,14,1,70,,51859,7611,0,14,1,28,,51847,7611,0,14,1,70,,51854,7611,0,14,1,30,,51848,7611,0,14,1,70,,51855,7611,0,14,1,30,,51849,7611,0,14,1,70,,51856,7611,0,14,1,30,,51850,7611,0,14,1,70,,51836,7611,0,14,1,100,,51837,7611,0,14,1,100,,51838,7611,0,14,1,100,,51839,7611,0,14,1,100,,51840,7611,0,14,1,100,,51841,7611,0,14,1,100,,51842,7611,0,14,1,100,,51843,7611,0,14,1
100,'SE',602,,51860,7611,0,14,1,36,,51906,7611,0,14,1,69,,51861,7611,0,14,1,35,,51903,7611,0,14,1,69,,51862,7611,0,14,1,35,,51909,7611,0,14,1,80,,51875,7611,0,14,1,30,,51904,7611,0,14,1,70,,51892,7611,0,14,1,30,,51890,7611,0,14,1,70,,51910,7611,0,14,1,30,,51899,7611,0,14,1,71,,51907,7611,0,14,1,30,,51881,7611,0,14,1,70,,51876,7611,0,14,1,30,,51893,7611,0,14,1,70,,51891,7611,0,14,1,30,,51877,7611,0,14,1,73,,51895,7611,0,14,1,18,,51897,7611,0,14,1,61,,51865,7611,0,14,1,15,,51872,7611,0,14,1,19,,51888,7611,0,14,1,12,,51879,7611,0,14,1,62,,51883,7611,0,14,1,12,,51874,7611,0,14,1,11,,51873,7611,0,14,1,15,,51905,7611,0,14,1,52,,51880,7611,0,14,1,15,,51908,7611,0,14,1,15,,51884,7611,0,14,1,20,,51896,7611,0,14,1,68,,51889,7611,0,14,1,30,,51902,7611,0,14,1,70,,51894,7611,0,14,1,29,,51866,7611,0,14,1,70,,51898,7611,0,14,1,30,,51867,7611,0,14,1,100,,51868,7611,0,14,1,99,,51869,7611,0,14,1,100,,51870,7611,0,14,1,98,,51871,7611,0,14,1
300,'DI',704,,52056,5986,,,1,100,,52049,5986,,,1,100,,52057,5986,,,1,100,,52050,5986,,,1,100,,52051,5986,,,1,100,,52059,5986,,,1,100,,52052,5986,,,1,100,,52053,5986,,,1,100,,52054,5986,,,1,100,,52058,5986,,,1,100,,494,5986,,,1,100,,495,5986,,,1,100,,52055,5986,,,1,100,,20629,5986,,,1,100,,20630,5986,,,1,100,,20631,5986,,,1,100,,20632,5986,,,1,100,,20633,5986,,,1,100,,20634,5986,,,1
300,'F1',704,,52067,5986,,,1,100,,52060,5986,,,1,100,,52068,5986,,,1,100,,52061,5986,,,1,100,,52062,5986,,,1,100,,52070,5986,,,1,100,,52063,5986,,,1,100,,52064,5986,,,1,100,,52065,5986,,,1,100,,52069,5986,,,1,100,,43204,5986,,,1,100,,43205,5986,,,1,100,,52066,5986,,,1,100,,43207,5986,,,1,100,,43208,5986,,,1,100,,43209,5986,,,1,100,,43210,5986,,,1,100,,43211,5986,,,1,100,,43212,5986,,,1
300,'F2',634,,52084,5986,,,1,70,,52071,5986,,,1,30,,52081,5986,,,1,70,,52088,5986,,,1,30,,52085,5986,,,1,70,,52072,5986,,,1,30,,52078,5986,,,1,70,,52073,5986,,,1,30,,52086,5986,,,1,70,,52089,5986,,,1,30,,52079,5986,,,1,70,,52092,5986,,,1,30,,52080,5986,,,1,70,,52093,5986,,,1,30,,43236,5986,,,1,70,,52094,5986,,,1,30,,43237,5986,,,1,70,,52087,5986,,,1,30,,52074,5986,,,1,70,,52098,5986,,,1,30,,52075,5986,,,1,70,,52099,5986,,,1,30,,52076,5986,,,1,70,,52100,5986,,,1,30,,52077,5986,,,1,70,,52090,5986,,,1,100,,52091,5986,,,1,100,,52095,5986,,,1,100,,52096,5986,,,1,100,,52097,5986,,,1,100,,52083,5986,,,1,100,,52082,5986,,,1
300,'SA',634,,52114,5986,,,1,70,,52101,5986,,,1,30,,52111,5986,,,1,70,,52118,5986,,,1,30,,52115,5986,,,1,70,,52102,5986,,,1,30,,52108,5986,,,1,70,,52103,5986,,,1,30,,52116,5986,,,1,70,,52119,5986,,,1,30,,52109,5986,,,1,70,,52122,5986,,,1,30,,52110,5986,,,1,70,,52123,5986,,,1,30,,624,5986,,,1,70,,52124,5986,,,1,30,,625,5986,,,1,70,,52117,5986,,,1,30,,52104,5986,,,1,70,,52128,5986,,,1,30,,52105,5986,,,1,70,,52129,5986,,,1,30,,52106,5986,,,1,70,,52130,5986,,,1,30,,52107,5986,,,1,70,,52120,5986,,,1,100,,52121,5986,,,1,100,,52125,5986,,,1,100,,52126,5986,,,1,100,,52127,5986,,,1,100,,52113,5986,,,1,100,,52112,5986,,,1
300,'SE',552,,52132,5986,,,1,83,,52154,5986,,,1,85,,52153,5986,,,1,35,,52133,5986,,,1,81,,52147,5986,,,1,69,,52162,5986,,,1,30,,52165,5986,,,1,70,,52163,5986,,,1,30,,52166,5986,,,1,70,,52148,5986,,,1,30,,52155,5986,,,1,70,,52134,5986,,,1,30,,52156,5986,,,1,70,,52135,5986,,,1,30,,52157,5986,,,1,70,,52136,5986,,,1,30,,52158,5986,,,1,71,,52137,5986,,,1,21,,52167,5986,,,1,18,,52159,5986,,,1,63,,52138,5986,,,1,21,,52168,5986,,,1,23,,52144,5986,,,1,58,,52164,5986,,,1,18,,52150,5986,,,1,20,,52131,5986,,,1,58,,52149,5986,,,1,32,,52151,5986,,,1,67,,52160,5986,,,1,29,,52152,5986,,,1,70,,52161,5986,,,1,30,,52145,5986,,,1,70,,52139,5986,,,1,30,,52146,5986,,,1,70,,52140,5986,,,1,100,,52141,5986,,,1,100,,52142,5986,,,1,100,,52143,5986,,,1
50100,'SE',1515,,63418,7575,,,2,144,,63417,7575,,,2
50301,'SE',905,,63422,742,,,2
