301,'DI',624,,52169,6333,,,1,100,,52177,6333,,,1,100,,52170,6333,,,1,100,,52178,6333,,,1,100,,52171,6333,,,1,100,,52172,6333,,,1,100,,52180,6333,,,1,100,,52173,6333,,,1,100,,52174,6333,,,1,100,,52175,6333,,,1,100,,52179,6333,,,1,100,,705,6333,,,1,100,,706,6333,,,1,100,,52176,6333,,,1,100,,20857,6333,,,1,100,,20858,6333,,,1,100,,20859,6333,,,1,100,,20860,6333,,,1,100,,20861,6333,,,1
301,'F1',624,,52181,6333,,,1,100,,52189,6333,,,1,100,,52182,6333,,,1,100,,52190,6333,,,1,100,,52183,6333,,,1,100,,52184,6333,,,1,100,,52192,6333,,,1,100,,52185,6333,,,1,100,,52186,6333,,,1,100,,52187,6333,,,1,100,,52191,6333,,,1,100,,43294,6333,,,1,100,,43295,6333,,,1,100,,52188,6333,,,1,100,,43297,6333,,,1,100,,43298,6333,,,1,100,,43299,6333,,,1,100,,43300,6333,,,1,100,,43301,6333,,,1
301,'F2',554,,52203,6333,,,1,70,,52205,6333,,,1,30,,52208,6333,,,1,70,,52193,6333,,,1,30,,52204,6333,,,1,70,,52212,6333,,,1,30,,52209,6333,,,1,70,,52194,6333,,,1,30,,52200,6333,,,1,70,,52195,6333,,,1,30,,52210,6333,,,1,70,,52213,6333,,,1,30,,52201,6333,,,1,70,,52216,6333,,,1,30,,52202,6333,,,1,70,,52217,6333,,,1,30,,43328,6333,,,1,70,,52218,6333,,,1,30,,43329,6333,,,1,70,,52211,6333,,,1,30,,52196,6333,,,1,70,,52222,6333,,,1,30,,52197,6333,,,1,70,,52223,6333,,,1,30,,52198,6333,,,1,70,,52224,6333,,,1,100,,52214,6333,,,1,100,,52215,6333,,,1,100,,52219,6333,,,1,100,,52220,6333,,,1,100,,52221,6333,,,1,100,,52207,6333,,,1
301,'SA',554,,52235,6333,,,1,70,,52237,6333,,,1,30,,52240,6333,,,1,70,,52225,6333,,,1,30,,52236,6333,,,1,70,,52244,6333,,,1,30,,52241,6333,,,1,70,,52226,6333,,,1,30,,52232,6333,,,1,70,,52227,6333,,,1,30,,52242,6333,,,1,70,,52245,6333,,,1,30,,52233,6333,,,1,70,,52248,6333,,,1,30,,52234,6333,,,1,70,,52249,6333,,,1,30,,847,6333,,,1,70,,52250,6333,,,1,30,,848,6333,,,1,70,,52243,6333,,,1,30,,52228,6333,,,1,70,,52254,6333,,,1,30,,52229,6333,,,1,70,,52255,6333,,,1,30,,52230,6333,,,1,70,,52256,6333,,,1,100,,52246,6333,,,1,100,,52247,6333,,,1,100,,52251,6333,,,1,100,,52252,6333,,,1,100,,52253,6333,,,1,100,,52239,6333,,,1
301,'SE',512,,52257,6333,,,1,30,,52270,6333,,,1,72,,52283,6333,,,1,24,,52291,6333,,,1,21,,52295,6333,,,1,55,,52290,6333,,,1,16,,52269,6333,,,1,15,,52293,6333,,,1,55,,52300,6333,,,1,19,,52284,6333,,,1,21,,52294,6333,,,1,19,,52288,6333,,,1,68,,52278,6333,,,1,30,,52280,6333,,,1,70,,52279,6333,,,1,30,,52281,6333,,,1,70,,52268,6333,,,1,30,,52273,6333,,,1,70,,52258,6333,,,1,30,,52274,6333,,,1,70,,52259,6333,,,1,30,,52275,6333,,,1,70,,52260,6333,,,1,30,,52296,6333,,,1,72,,52285,6333,,,1,79,,52297,6333,,,1,44,,52301,6333,,,1,81,,52298,6333,,,1,78,,52282,6333,,,1,89,,52271,6333,,,1,27,,52276,6333,,,1,28,,52272,6333,,,1,70,,52277,6333,,,1,30,,52266,6333,,,1,70,,52261,6333,,,1,30,,52267,6333,,,1,70,,52262,6333,,,1,100,,52263,6333,,,1,100,,52264,6333,,,1
2101,'DI',611,,55843,11711,,,1,30,,55842,11711,,,1,70,,55853,11711,,,1,29,,55850,11711,,,1,70,,55860,11711,,,1,30,,55849,11711,,,1,71,,55857,11711,,,1,30,,55874,11711,,,1,70,,55848,11711,,,1,27,,55851,11711,,,1,73,,55854,11711,,,1,30,,55862,11711,,,1,72,,55852,11711,,,1,30,,55870,11711,,,1,71,,55844,11711,,,1,34,,55868,11711,,,1,70,,55861,11711,,,1,30,,55858,11711,,,1,70,,55866,11711,,,1,30,,55869,11711,,,1,70,,55855,11711,,,1,30,,55867,11711,,,1,70,,55845,11711,,,1,30,,55859,11711,,,1,70,,55873,11711,,,1,30,,55865,11711,,,1,66,,55863,11711,,,1,27,,55838,11711,,,1,70,,55856,11711,,,1,30,,55872,11711,,,1,70,,55846,11711,,,1,30,,55871,11711,,,1,70,,55835,11711,,,1,30,,55837,11711,,,1,70,,55864,11711,,,1,30,,55847,11711,,,1,70,,55840,11711,,,1,30,,55839,11711,,,1
2101,'F1',611,,55883,11711,,,1,30,,55882,11711,,,1,70,,55893,11711,,,1,29,,55890,11711,,,1,70,,55900,11711,,,1,30,,55889,11711,,,1,71,,55897,11711,,,1,30,,55914,11711,,,1,70,,55888,11711,,,1,27,,55891,11711,,,1,73,,55894,11711,,,1,30,,55902,11711,,,1,72,,55892,11711,,,1,30,,55910,11711,,,1,71,,55884,11711,,,1,34,,55908,11711,,,1,70,,55901,11711,,,1,30,,55898,11711,,,1,70,,55906,11711,,,1,30,,55909,11711,,,1,70,,55895,11711,,,1,30,,55907,11711,,,1,70,,55885,11711,,,1,30,,55899,11711,,,1,70,,55913,11711,,,1,30,,55905,11711,,,1,66,,55903,11711,,,1,27,,55878,11711,,,1,70,,55896,11711,,,1,30,,55912,11711,,,1,70,,55886,11711,,,1,30,,55911,11711,,,1,70,,55875,11711,,,1,30,,55877,11711,,,1,70,,55904,11711,,,1,30,,55887,11711,,,1,70,,55880,11711,,,1,30,,55879,11711,,,1
2101,'F2',611,,55917,11711,,,1,30,,55919,11711,,,1,70,,55948,11711,,,1,30,,55918,11711,,,1,72,,55938,11711,,,1,30,,55929,11711,,,1,70,,55920,11711,,,1,30,,55949,11711,,,1,70,,55944,11711,,,1,25,,55941,11711,,,1,71,,55933,11711,,,1,34,,55936,11711,,,1,73,,55942,11711,,,1,26,,55950,11711,,,1,74,,55927,11711,,,1,32,,55953,11711,,,1,70,,55945,11711,,,1,30,,55937,11711,,,1,70,,55921,11711,,,1,30,,55954,11711,,,1,70,,55946,11711,,,1,30,,55932,11711,,,1,70,,55922,11711,,,1,30,,55939,11711,,,1,70,,55947,11711,,,1,30,,55926,11711,,,1,66,,55923,11711,,,1,27,,55940,11711,,,1,70,,55951,11711,,,1,30,,55943,11711,,,1,70,,55915,11711,,,1,30,,55934,11711,,,1,70,,55924,11711,,,1,30,,55928,11711,,,1,70,,55930,11711,,,1,30,,55916,11711,,,1,70,,55952,11711,,,1,30,,55935,11711,,,1,70,,55931,11711,,,1
2101,'SA',611,,55957,11711,,,1,30,,55959,11711,,,1,70,,55988,11711,,,1,30,,55958,11711,,,1,72,,55978,11711,,,1,30,,55969,11711,,,1,70,,55960,11711,,,1,30,,55989,11711,,,1,70,,55984,11711,,,1,25,,55981,11711,,,1,71,,55973,11711,,,1,34,,55976,11711,,,1,73,,55982,11711,,,1,26,,55990,11711,,,1,74,,55967,11711,,,1,32,,55993,11711,,,1,70,,55985,11711,,,1,30,,55977,11711,,,1,70,,55961,11711,,,1,30,,55994,11711,,,1,70,,55986,11711,,,1,30,,55972,11711,,,1,70,,55962,11711,,,1,30,,55979,11711,,,1,70,,55987,11711,,,1,30,,55966,11711,,,1,66,,55963,11711,,,1,27,,55980,11711,,,1,70,,55991,11711,,,1,30,,55983,11711,,,1,70,,55955,11711,,,1,30,,55974,11711,,,1,70,,55964,11711,,,1,30,,55968,11711,,,1,70,,55970,11711,,,1,30,,55956,11711,,,1,70,,55992,11711,,,1,30,,55975,11711,,,1,70,,55971,11711,,,1
2101,'SE',508,,55997,11711,,,1,46,,55996,11711,,,1,67,,56025,11711,,,1,15,,45788,11711,,,1,15,,56021,11711,,,1,55,,45786,11711,,,1,10,,56030,11711,,,1,10,,56027,11711,,,1,13,,56022,11711,,,1,10,,56032,11711,,,1,10,,56031,11711,,,1,50,,56023,11711,,,1,13,,45789,11711,,,1,18,,56028,11711,,,1,17,,56033,11711,,,1,63,,56035,11711,,,1,13,,56036,11711,,,1,20,,56010,11711,,,1,61,,56001,11711,,,1,27,,55998,11711,,,1,74,,56000,11711,,,1,30,,55995,11711,,,1,70,,55999,11711,,,1,32,,56005,11711,,,1,73,,56011,11711,,,1,30,,56006,11711,,,1,70,,56012,11711,,,1,80,,56002,11711,,,1,23,,56037,11711,,,1,30,,56026,11711,,,1,73,,56041,11711,,,1,15,,56034,11711,,,1,15,,56024,11711,,,1,54,,56039,11711,,,1,15,,56038,11711,,,1,18,,56029,11711,,,1,59,,56040,11711,,,1,16,,56019,11711,,,1,20,,56016,11711,,,1,66,,56014,11711,,,1,27,,56007,11711,,,1,25,,56017,11711,,,1,70,,56013,11711,,,1,30,,56015,11711,,,1,69,,56008,11711,,,1,30,,56009,11711,,,1,70,,56003,11711,,,1,98,,56020,11711,,,1,97,,56018,11711,,,1
