6101,'DI',717,,58524,9260,,,2,30,,58521,9260,,,2,72,,58527,9260,,,2,17,,58525,9260,,,2,70,,58522,9260,,,2,30,,58528,9260,,,2,70,,58526,9260,,,2,30,,58523,9260,,,2,70,,58529,9260,,,2,30,,58530,9260,,,2,70,,58534,9260,,,2,30,,58538,9260,,,2,70,,58531,9260,,,2,30,,58535,9260,,,2,70,,58539,9260,,,2,30,,58532,9260,,,2,70,,58536,9260,,,2,30,,58540,9260,,,2,70,,58533,9260,,,2,34,,58537,9260,,,2,61,,58541,9260,,,2,35,,58543,9260,,,2,20,,58546,9260,,,2,80,,58542,9260,,,2,65,,58544,9260,,,2,30,,58547,9260,,,2,85,,58545,9260,,,2,100,,58548,9260,,,2,100,,58549,9260,,,2,100,,58550,9260,,,2
6101,'F1',717,,58556,9260,,,2,30,,58553,9260,,,2,72,,58559,9260,,,2,17,,58557,9260,,,2,70,,58554,9260,,,2,30,,58560,9260,,,2,70,,58558,9260,,,2,30,,58555,9260,,,2,70,,58561,9260,,,2,30,,58562,9260,,,2,70,,58566,9260,,,2,30,,58570,9260,,,2,70,,58563,9260,,,2,30,,58567,9260,,,2,70,,58571,9260,,,2,30,,58564,9260,,,2,70,,58568,9260,,,2,30,,58572,9260,,,2,70,,58565,9260,,,2,34,,58569,9260,,,2,61,,58573,9260,,,2,35,,58575,9260,,,2,20,,58578,9260,,,2,80,,58574,9260,,,2,65,,58576,9260,,,2,30,,58579,9260,,,2,85,,58577,9260,,,2,100,,58580,9260,,,2,100,,58581,9260,,,2,100,,58582,9260,,,2
6101,'F2',717,,58588,9260,,,2,30,,58585,9260,,,2,72,,58591,9260,,,2,17,,58589,9260,,,2,70,,58586,9260,,,2,30,,58592,9260,,,2,70,,58590,9260,,,2,30,,58587,9260,,,2,70,,58593,9260,,,2,30,,58594,9260,,,2,70,,58598,9260,,,2,30,,58600,9260,,,2,70,,58595,9260,,,2,30,,58599,9260,,,2,70,,58601,9260,,,2,30,,58596,9260,,,2,70,,58602,9260,,,2,30,,58606,9260,,,2,70,,58597,9260,,,2,34,,58603,9260,,,2,61,,58607,9260,,,2,35,,58609,9260,,,2,20,,58604,9260,,,2,80,,58608,9260,,,2,65,,58610,9260,,,2,30,,58605,9260,,,2,85,,58611,9260,,,2,100,,58613,9260,,,2,100,,58612,9260,,,2,100,,58615,9260,,,2
6101,'SA',717,,58620,9260,,,2,30,,58617,9260,,,2,72,,58623,9260,,,2,17,,58621,9260,,,2,70,,58618,9260,,,2,30,,58624,9260,,,2,70,,58622,9260,,,2,30,,58619,9260,,,2,70,,58625,9260,,,2,30,,58626,9260,,,2,70,,58630,9260,,,2,30,,58632,9260,,,2,70,,58627,9260,,,2,30,,58631,9260,,,2,70,,58633,9260,,,2,30,,58628,9260,,,2,70,,58634,9260,,,2,30,,58638,9260,,,2,70,,58629,9260,,,2,34,,58635,9260,,,2,61,,58639,9260,,,2,35,,58641,9260,,,2,20,,58636,9260,,,2,80,,58640,9260,,,2,65,,58642,9260,,,2,30,,58637,9260,,,2,85,,58643,9260,,,2,100,,58645,9260,,,2,100,,58644,9260,,,2,100,,58647,9260,,,2
6101,'SE',556,,58698,9260,,,2,70,,58700,9260,,,2,10,,58653,9260,,,2,15,,58656,9260,,,2,49,,58650,9260,,,2,14,,58659,9260,,,2,14,,58649,9260,,,2,7,,58663,9260,,,2,18,,58657,9260,,,2,49,,58662,9260,,,2,19,,58654,9260,,,2,24,,58651,9260,,,2,62,,58660,9260,,,2,15,,58664,9260,,,2,36,,58655,9260,,,2,70,,58652,9260,,,2,30,,58661,9260,,,2,72,,58699,9260,,,2,70,,58658,9260,,,2,30,,58665,9260,,,2,71,,58669,9260,,,2,30,,58666,9260,,,2,70,,58667,9260,,,2,33,,58671,9260,,,2,21,,58673,9260,,,2,67,,58676,9260,,,2,23,,58668,9260,,,2,60,,58670,9260,,,2,24,,58678,9260,,,2,4,,58680,9260,,,2,25,,58674,9260,,,2,47,,58675,9260,,,2,14,,58681,9260,,,2,13,,58682,9260,,,2,14,,58672,9260,,,2,55,,58685,9260,,,2,6,,58688,9260,,,2,15,,58679,9260,,,2,14,,58677,9260,,,2,64,,58690,9260,,,2,24,,58683,9260,,,2,28,,58693,9260,,,2,68,,58696,9260,,,2,30,,58686,9260,,,2,69,,58689,9260,,,2,29,,58697,9260,,,2,70,,58684,9260,,,2,29,,58694,9260,,,2,70,,58691,9260,,,2
8000,'DI',630,,60163,11947,0,50,1,100,,60164,11947,0,50,1,100,,60165,11947,0,50,1,100,,60166,11947,0,50,1,100,,60167,11947,0,50,1,100,,60168,11947,0,50,1,100,,60169,11947,0,50,1,100,,60170,11947,0,50,1,100,,60171,11947,0,50,1,100,,60172,11947,0,50,1,100,,60173,11947,0,50,1,101,,60174,11947,0,50,1,100,,60175,11947,0,50,1,100,,60176,11947,0,50,1,100,,60177,11947,0,50,1,100,,60178,11947,0,50,1,100,,60179,11947,0,50,1,100,,60180,11947,0,50,1,100,,60181,11947,0,50,1
8000,'F1',630,,60182,11947,0,50,1,100,,60183,11947,0,50,1,100,,60184,11947,0,50,1,100,,60185,11947,0,50,1,100,,60186,11947,0,50,1,100,,60187,11947,0,50,1,100,,60188,11947,0,50,1,100,,60189,11947,0,50,1,100,,60190,11947,0,50,1,100,,60191,11947,0,50,1,100,,60192,11947,0,50,1,101,,60193,11947,0,50,1,100,,60194,11947,0,50,1,100,,60195,11947,0,50,1,100,,60196,11947,0,50,1,100,,60197,11947,0,50,1,100,,60198,11947,0,50,1,100,,60199,11947,0,50,1,100,,60200,11947,0,50,1
8000,'F2',631,,60201,11947,0,50,1,100,,60202,11947,0,50,1,100,,60203,11947,0,50,1,100,,60204,11947,0,50,1,100,,60205,11947,0,50,1,100,,60206,11947,0,50,1,100,,60207,11947,0,50,1,100,,60208,11947,0,50,1,100,,60209,11947,0,50,1,100,,60210,11947,0,50,1,100,,60211,11947,0,50,1,100,,60212,11947,0,50,1,100,,60213,11947,0,50,1,100,,60214,11947,0,50,1,100,,60215,11947,0,50,1,100,,60216,11947,0,50,1,100,,60217,11947,0,50,1,100,,60218,11947,0,50,1,100,,60219,11947,0,50,1
8000,'SA',631,,60220,11947,0,50,1,100,,60221,11947,0,50,1,100,,60222,11947,0,50,1,100,,60223,11947,0,50,1,100,,60224,11947,0,50,1,100,,60225,11947,0,50,1,100,,60226,11947,0,50,1,100,,60227,11947,0,50,1,100,,60228,11947,0,50,1,100,,60229,11947,0,50,1,100,,60230,11947,0,50,1,100,,60231,11947,0,50,1,100,,60232,11947,0,50,1,100,,60233,11947,0,50,1,100,,60234,11947,0,50,1,100,,60235,11947,0,50,1,100,,60236,11947,0,50,1,100,,60237,11947,0,50,1,100,,60238,11947,0,50,1
8000,'SE',552,,60239,11947,0,50,1,80,,60259,11947,0,50,1,69,,60242,11947,0,50,1,29,,60251,11947,0,50,1,70,,60244,11947,0,50,1,33,,60241,11947,0,50,1,97,,60252,11947,0,50,1,101,,60253,11947,0,50,1,100,,60254,11947,0,50,1,100,,60255,11947,0,50,1,100,,60256,11947,0,50,1,100,,60257,11947,0,50,1,101,,60258,11947,0,50,1,25,,60260,11947,0,50,1,75,,60240,11947,0,50,1,70,,60261,11947,0,50,1,24,,60247,11947,0,50,1,86,,60262,11947,0,50,1,99,,60245,11947,0,50,1,100,,60246,11947,0,50,1,99,,60248,11947,0,50,1,100,,60250,11947,0,50,1,100,,60249,11947,0,50,1,100,,60243,11947,0,50,1
16101,'DI',551,,62407,726,0,35 36,2,1172,,62408,726,0,35 36,2
16101,'F1',551,,62419,726,0,35 36,2,1172,,62420,726,0,35 36,2
16101,'F2',551,,62433,726,0,35 36,2,1172,,62432,726,0,35 36,2
16101,'SA',551,,62446,726,0,35 36,2,1172,,62445,726,0,35 36,2
16101,'SE',627,,62463,726,0,35 36,2,73,,62462,726,0,35 36,2,32,,62464,726,0,35 36,2,502,,62460,726,0,35 36,2,372,,62461,726,0,35 36,2,36,,62465,726,0,35 36,2,78,,62466,726,0,35 36,2
18000,'SE',1607,,62499,11947,0,50,2,31,,62505,11947,0,50,2,18,,62504,11947,0,50,2,64,,62502,11947,0,50,2,32,,62500,11947,0,50,2,70,,62501,11947,0,50,2,20,,62503,11947,0,50,2
