1301,'DI',623,,54120,1197,,,1,100,,54114,1197,,,1,100,,54121,1197,,,1,100,,54117,1197,,,1,100,,54131,1197,,,1,100,,54122,1197,,,1,100,,54118,1197,,,1,100,,54125,1197,,,1,100,,54132,1197,,,1,100,,54123,1197,,,1,100,,54115,1197,,,1,100,,54130,1197,,,1,100,,54127,1197,,,1,100,,54116,1197,,,1,100,,54119,1197,,,1,100,,54128,1197,,,1,100,,54126,1197,,,1,100,,54124,1197,,,1,100,,54133,1197,,,1,100,,54129,1197,,,1
1301,'F1',623,,54140,1197,,,1,100,,54134,1197,,,1,100,,54141,1197,,,1,100,,54137,1197,,,1,100,,54151,1197,,,1,100,,54142,1197,,,1,100,,54138,1197,,,1,100,,54145,1197,,,1,100,,54152,1197,,,1,100,,54143,1197,,,1,100,,54135,1197,,,1,100,,54150,1197,,,1,100,,54147,1197,,,1,100,,54136,1197,,,1,100,,54139,1197,,,1,100,,54148,1197,,,1,100,,54146,1197,,,1,100,,54144,1197,,,1,100,,54153,1197,,,1,100,,54149,1197,,,1
1301,'F2',623,,54154,1197,,,1,100,,54164,1197,,,1,100,,54155,1197,,,1,100,,54165,1197,,,1,100,,54166,1197,,,1,100,,54172,1197,,,1,100,,54167,1197,,,1,100,,54158,1197,,,1,100,,54160,1197,,,1,100,,54173,1197,,,1,100,,54157,1197,,,1,100,,54168,1197,,,1,100,,54161,1197,,,1,100,,54156,1197,,,1,100,,54159,1197,,,1,100,,54169,1197,,,1,100,,54162,1197,,,1,100,,54170,1197,,,1,100,,54163,1197,,,1,100,,54171,1197,,,1
1301,'SA',623,,54174,1197,,,1,100,,54184,1197,,,1,100,,54175,1197,,,1,100,,54185,1197,,,1,100,,54186,1197,,,1,100,,54192,1197,,,1,100,,54187,1197,,,1,100,,54178,1197,,,1,100,,54180,1197,,,1,100,,54193,1197,,,1,100,,54177,1197,,,1,100,,54188,1197,,,1,100,,54181,1197,,,1,100,,54176,1197,,,1,100,,54179,1197,,,1,100,,54189,1197,,,1,100,,54182,1197,,,1,100,,54190,1197,,,1,100,,54183,1197,,,1,100,,54191,1197,,,1
1301,'SE',529,,54207,1197,,,1,72,,54199,1197,,,1,30,,54200,1197,,,1,16,,54204,1197,,,1,54,,44597,1197,,,1,13,,54212,1197,,,1,14,,54196,1197,,,1,19,,54210,1197,,,1,55,,54217,1197,,,1,13,,44598,1197,,,1,15,,54226,1197,,,1,15,,54213,1197,,,1,60,,54221,1197,,,1,30,,54233,1197,,,1,70,,54194,1197,,,1,30,,54231,1197,,,1,70,,54215,1197,,,1,30,,54216,1197,,,1,70,,54222,1197,,,1,30,,54208,1197,,,1,70,,54234,1197,,,1,30,,54195,1197,,,1,70,,54232,1197,,,1,30,,54223,1197,,,1,69,,54218,1197,,,1,34,,54203,1197,,,1,69,,54209,1197,,,1,27,,54197,1197,,,1,15,,54229,1197,,,1,60,,54211,1197,,,1,22,,54227,1197,,,1,18,,54201,1197,,,1,61,,54205,1197,,,1,29,,54228,1197,,,1,69,,54219,1197,,,1,30,,54230,1197,,,1,70,,54198,1197,,,1,30,,54224,1197,,,1,70,,54225,1197,,,1,30,,54214,1197,,,1,100,,54220,1197,,,1,100,,54202,1197,,,1,100,,54206,1197,,,1,100,,44602,1197,,,1
52600,'SE',1632,,63430,5262,,,2,1,,63431,5262,,,2
61301,'SE',846,,63496,186,,,2
61801,'SE',836,,63500,1110,,,2
65300,'SE',1615,,63517,3894,,,2
65301,'SE',844,,63518,186,,,2
66000,'SE',1616,,63523,3894,,,2,1,,63524,3894,,,2,1,,63525,3894,,,2
69201,'SE',833,,63578,186,,,2
