300,'DI',656,,20635,2610,,,1,100,,488,2610,,,1,100,,20636,2610,,,1,100,,489,2610,,,1,100,,20637,2610,,,1,100,,490,2610,,,1,100,,20638,2610,,,1,100,,491,2610,,,1,100,,492,2610,,,1,100,,493,2610,,,1,100,,494,2610,,,1,100,,495,2610,,,1,100,,20628,2610,,,1,100,,20629,2610,,,1,100,,20630,2610,,,1,100,,20631,2610,,,1,100,,20632,2610,,,1,100,,20633,2610,,,1,100,,20634,2610,,,1
300,'F8',626,,20741,2610,,,1,30,,20757,2610,,,1,70,,20742,2610,,,1,30,,20748,2610,,,1,70,,20743,2610,,,1,30,,20758,2610,,,1,70,,20744,2610,,,1,30,,20759,2610,,,1,70,,20745,2610,,,1,30,,20749,2610,,,1,70,,20746,2610,,,1,30,,20750,2610,,,1,70,,20747,2610,,,1,30,,20766,2610,,,1,70,,20760,2610,,,1,30,,20751,2610,,,1,70,,20761,2610,,,1,30,,20767,2610,,,1,70,,20762,2610,,,1,30,,20768,2610,,,1,70,,20763,2610,,,1,30,,20769,2610,,,1,70,,20764,2610,,,1,30,,20770,2610,,,1,70,,20765,2610,,,1,30,,20771,2610,,,1,100,,20752,2610,,,1,100,,20753,2610,,,1,100,,20754,2610,,,1,100,,20755,2610,,,1,100,,20772,2610,,,1,100,,20756,2610,,,1
300,'F9',656,,20788,2610,,,1,100,,20773,2610,,,1,100,,20789,2610,,,1,100,,20774,2610,,,1,100,,20790,2610,,,1,100,,20775,2610,,,1,100,,20791,2610,,,1,100,,20776,2610,,,1,100,,20777,2610,,,1,100,,20778,2610,,,1,100,,20779,2610,,,1,100,,20780,2610,,,1,100,,20781,2610,,,1,100,,20782,2610,,,1,100,,20783,2610,,,1,100,,20784,2610,,,1,100,,20785,2610,,,1,100,,20786,2610,,,1,100,,20787,2610,,,1
300,'SA',626,,20792,2610,,,1,30,,20808,2610,,,1,70,,20793,2610,,,1,30,,20799,2610,,,1,70,,20794,2610,,,1,30,,20809,2610,,,1,70,,20795,2610,,,1,30,,20810,2610,,,1,70,,20796,2610,,,1,30,,20800,2610,,,1,70,,20797,2610,,,1,30,,20801,2610,,,1,70,,20798,2610,,,1,30,,20811,2610,,,1,70,,624,2610,,,1,30,,20802,2610,,,1,70,,625,2610,,,1,30,,20812,2610,,,1,70,,626,2610,,,1,30,,20813,2610,,,1,70,,627,2610,,,1,30,,20814,2610,,,1,70,,628,2610,,,1,30,,20815,2610,,,1,70,,629,2610,,,1,30,,20816,2610,,,1,100,,20803,2610,,,1,100,,20804,2610,,,1,100,,20805,2610,,,1,100,,20806,2610,,,1,100,,20817,2610,,,1,100,,20807,2610,,,1
300,'SE',544,,20832,2610,,,1,82,,20834,2610,,,1,80,,20818,2610,,,1,40,,20819,2610,,,1,80,,20846,2610,,,1,30,,20841,2610,,,1,70,,20835,2610,,,1,30,,20842,2610,,,1,70,,20836,2610,,,1,30,,20820,2610,,,1,70,,20837,2610,,,1,30,,20821,2610,,,1,70,,20838,2610,,,1,30,,20822,2610,,,1,70,,20839,2610,,,1,30,,20823,2610,,,1,70,,20840,2610,,,1,29,,20824,2610,,,1,61,,20847,2610,,,1,18,,20854,2610,,,1,23,,20825,2610,,,1,61,,20845,2610,,,1,22,,20855,2610,,,1,18,,20829,2610,,,1,59,,20833,2610,,,1,20,,20853,2610,,,1,19,,20852,2610,,,1,73,,20848,2610,,,1,27,,20850,2610,,,1,70,,20849,2610,,,1,30,,20851,2610,,,1,70,,20830,2610,,,1,30,,20828,2610,,,1,70,,20831,2610,,,1,30,,20843,2610,,,1,100,,20844,2610,,,1,100,,20826,2610,,,1,100,,20827,2610,,,1
401,'DI',703,,21399,2553,,,1,30,,21385,2553,,,1,70,,21392,2553,,,1,32,,21405,2553,,,1,70,,21407,2553,,,1,30,,21386,2553,,,1,70,,21393,2553,,,1,30,,21406,2553,,,1,70,,21408,2553,,,1,30,,21387,2553,,,1,70,,21413,2553,,,1,30,,21414,2553,,,1,70,,21409,2553,,,1,31,,21388,2553,,,1,69,,21394,2553,,,1,30,,21416,2553,,,1,70,,21397,2553,,,1,32,,21389,2553,,,1,69,,21395,2553,,,1,30,,21417,2553,,,1,74,,21398,2553,,,1,25,,21410,2553,,,1,70,,21415,2553,,,1,30,,21412,2553,,,1,70,,21390,2553,,,1,31,,21411,2553,,,1,69,,21400,2553,,,1,30,,21383,2553,,,1,70,,21396,2553,,,1,100,,21402,2553,,,1,100,,21404,2553,,,1,100,,21401,2553,,,1
401,'F8',703,,21531,2553,,,1,30,,21528,2553,,,1,70,,21535,2553,,,1,32,,21537,2553,,,1,70,,21532,2553,,,1,30,,21529,2553,,,1,70,,21555,2553,,,1,30,,21538,2553,,,1,70,,21549,2553,,,1,30,,21559,2553,,,1,70,,21547,2553,,,1,30,,21558,2553,,,1,70,,21542,2553,,,1,30,,21526,2553,,,1,70,,21539,2553,,,1,30,,21550,2553,,,1,70,,21560,2553,,,1,30,,21557,2553,,,1,70,,21546,2553,,,1,30,,21552,2553,,,1,70,,21545,2553,,,1,30,,21533,2553,,,1,70,,21551,2553,,,1,30,,21541,2553,,,1,70,,21530,2553,,,1,30,,21554,2553,,,1,70,,21540,2553,,,1,30,,21553,2553,,,1,70,,21556,2553,,,1,100,,21548,2553,,,1,100,,21544,2553,,,1,100,,21543,2553,,,1
401,'F9',703,,21577,2553,,,1,30,,21563,2553,,,1,70,,21570,2553,,,1,32,,21583,2553,,,1,70,,21585,2553,,,1,30,,21564,2553,,,1,70,,21571,2553,,,1,30,,21584,2553,,,1,70,,21586,2553,,,1,30,,21565,2553,,,1,70,,21591,2553,,,1,30,,21592,2553,,,1,70,,21587,2553,,,1,31,,21566,2553,,,1,69,,21572,2553,,,1,30,,21594,2553,,,1,70,,21575,2553,,,1,32,,21567,2553,,,1,69,,21573,2553,,,1,30,,21595,2553,,,1,74,,21576,2553,,,1,25,,21588,2553,,,1,70,,21593,2553,,,1,30,,21590,2553,,,1,70,,21568,2553,,,1,31,,21589,2553,,,1,69,,21578,2553,,,1,30,,21561,2553,,,1,70,,21574,2553,,,1,100,,21580,2553,,,1,100,,21582,2553,,,1,100,,21579,2553,,,1
401,'SA',703,,1358,2553,,,1,30,,21597,2553,,,1,70,,1361,2553,,,1,32,,1363,2553,,,1,70,,1359,2553,,,1,30,,21598,2553,,,1,70,,21616,2553,,,1,30,,1364,2553,,,1,70,,21610,2553,,,1,30,,21620,2553,,,1,70,,21608,2553,,,1,30,,21619,2553,,,1,70,,21603,2553,,,1,30,,1356,2553,,,1,70,,1365,2553,,,1,30,,21611,2553,,,1,70,,21621,2553,,,1,30,,21618,2553,,,1,70,,21607,2553,,,1,30,,21613,2553,,,1,70,,21606,2553,,,1,30,,21600,2553,,,1,70,,21612,2553,,,1,30,,21602,2553,,,1,70,,21599,2553,,,1,30,,21615,2553,,,1,70,,21601,2553,,,1,30,,21614,2553,,,1,70,,21617,2553,,,1,100,,21609,2553,,,1,100,,21605,2553,,,1,100,,21604,2553,,,1
401,'SE',618,,21647,2553,,,1,21,,21624,2553,,,1,69,,21622,2553,,,1,32,,21625,2553,,,1,73,,21653,2553,,,1,30,,21633,2553,,,1,73,,21640,2553,,,1,30,,1417,2553,,,1,70,,21655,2553,,,1,30,,21649,2553,,,1,70,,21626,2553,,,1,30,,21644,2553,,,1,70,,1416,2553,,,1,32,,21645,2553,,,1,70,,21634,2553,,,1,30,,21643,2553,,,1,66,,21623,2553,,,1,34,,21651,2553,,,1,55,,1420,2553,,,1,23,,21627,2553,,,1,22,,21646,2553,,,1,59,,21629,2553,,,1,20,,21630,2553,,,1,22,,21648,2553,,,1,57,,21654,2553,,,1,20,,21650,2553,,,1,24,,21639,2553,,,1,58,,1421,2553,,,1,27,,21628,2553,,,1,70,,21652,2553,,,1,27,,21636,2553,,,1,70,,21631,2553,,,1,30,,21642,2553,,,1,70,,21656,2553,,,1,30,,21657,2553,,,1,100,,21632,2553,,,1,100,,21638,2553,,,1,100,,21641,2553,,,1
900,'SE',651,,23449,2610,0,58 7,2,69,,23450,2610,0,58 7,2,30,,23451,2610,0,58 7,2,861,,23454,2610,0,58 7,2,33,,23453,2610,0,58 7,2,67,,23455,2610,0,58 7,2,29,,3071,2610,0,58 7,2,70,,23452,2610,0,58 7,2
1900,'DI',621,,25744,2610,0,9,2,100,,25745,2610,0,9,2,100,,25746,2610,0,9,2,104,,25747,2610,0,9,2,100,,25748,2610,0,9,2,100,,25749,2610,0,9,2,100,,25750,2610,0,9,2,100,,25751,2610,0,9,2,100,,25752,2610,0,9,2,100,,25753,2610,0,9,2,100,,25754,2610,0,9,2,100,,25755,2610,0,9,2,100,,25756,2610,0,9,2,100,,25757,2610,0,9,2,100,,25758,2610,0,9,2,100,,25759,2610,0,9,2,100,,25760,2610,0,9,2,100,,25761,2610,0,9,2,100,,25762,2610,0,9,2,100,,25743,2610,0,9,2
1900,'F8',621,,25865,2610,0,9,2,30,,25874,2610,0,9,2,70,,25866,2610,0,9,2,30,,25875,2610,0,9,2,70,,25867,2610,0,9,2,30,,25876,2610,0,9,2,74,,25868,2610,0,9,2,30,,25877,2610,0,9,2,70,,25869,2610,0,9,2,30,,25878,2610,0,9,2,70,,25870,2610,0,9,2,30,,25890,2610,0,9,2,70,,25871,2610,0,9,2,30,,25891,2610,0,9,2,70,,25872,2610,0,9,2,30,,25892,2610,0,9,2,70,,25873,2610,0,9,2,30,,25893,2610,0,9,2,70,,25879,2610,0,9,2,30,,25894,2610,0,9,2,70,,25880,2610,0,9,2,30,,25895,2610,0,9,2,70,,25881,2610,0,9,2,30,,25896,2610,0,9,2,70,,25882,2610,0,9,2,100,,25883,2610,0,9,2,100,,25884,2610,0,9,2,100,,25885,2610,0,9,2,100,,25886,2610,0,9,2,100,,25887,2610,0,9,2,100,,25888,2610,0,9,2,100,,25889,2610,0,9,2
1900,'F9',621,,25898,2610,0,9,2,100,,25899,2610,0,9,2,100,,25900,2610,0,9,2,104,,25901,2610,0,9,2,100,,25902,2610,0,9,2,100,,25903,2610,0,9,2,100,,25904,2610,0,9,2,100,,25905,2610,0,9,2,100,,25906,2610,0,9,2,100,,25907,2610,0,9,2,100,,25908,2610,0,9,2,100,,25909,2610,0,9,2,100,,25910,2610,0,9,2,100,,25911,2610,0,9,2,100,,25912,2610,0,9,2,100,,25913,2610,0,9,2,100,,25914,2610,0,9,2,100,,25915,2610,0,9,2,100,,25916,2610,0,9,2,100,,25897,2610,0,9,2
1900,'SA',621,,25917,2610,0,9,2,30,,25926,2610,0,9,2,70,,25918,2610,0,9,2,30,,25927,2610,0,9,2,70,,25919,2610,0,9,2,30,,25928,2610,0,9,2,74,,25920,2610,0,9,2,30,,25929,2610,0,9,2,70,,25921,2610,0,9,2,30,,25930,2610,0,9,2,70,,25922,2610,0,9,2,30,,25942,2610,0,9,2,70,,25923,2610,0,9,2,30,,25943,2610,0,9,2,70,,25924,2610,0,9,2,30,,25944,2610,0,9,2,70,,25925,2610,0,9,2,30,,25945,2610,0,9,2,70,,25931,2610,0,9,2,30,,25946,2610,0,9,2,70,,25932,2610,0,9,2,30,,25947,2610,0,9,2,70,,25933,2610,0,9,2,30,,25948,2610,0,9,2,70,,25934,2610,0,9,2,100,,25935,2610,0,9,2,100,,25936,2610,0,9,2,100,,25937,2610,0,9,2,100,,25938,2610,0,9,2,100,,25939,2610,0,9,2,100,,25940,2610,0,9,2,100,,25941,2610,0,9,2
1900,'SE',544,,25968,2610,0,9,2,76,,25987,2610,0,9,2,27,,25969,2610,0,9,2,12,,25970,2610,0,9,2,51,,25952,2610,0,9,2,12,,25967,2610,0,9,2,15,,25949,2610,0,9,2,21,,25966,2610,0,9,2,60,,25953,2610,0,9,2,32,,25950,2610,0,9,2,75,,25981,2610,0,9,2,30,,25951,2610,0,9,2,70,,25954,2610,0,9,2,30,,25971,2610,0,9,2,70,,25955,2610,0,9,2,30,,25972,2610,0,9,2,70,,25975,2610,0,9,2,30,,25973,2610,0,9,2,70,,25976,2610,0,9,2,30,,25974,2610,0,9,2,70,,25977,2610,0,9,2,30,,25965,2610,0,9,2,67,,25990,2610,0,9,2,21,,25988,2610,0,9,2,62,,25985,2610,0,9,2,20,,25982,2610,0,9,2,21,,25986,2610,0,9,2,59,,25978,2610,0,9,2,17,,25979,2610,0,9,2,22,,25991,2610,0,9,2,60,,25960,2610,0,9,2,24,,25980,2610,0,9,2,27,,25956,2610,0,9,2,70,,25983,2610,0,9,2,30,,25957,2610,0,9,2,70,,25984,2610,0,9,2,30,,25958,2610,0,9,2,70,,25989,2610,0,9,2,30,,25959,2610,0,9,2,70,,25961,2610,0,9,2,100,,25962,2610,0,9,2,100,,25963,2610,0,9,2,100,,25964,2610,0,9,2
2100,'DI',558,,26733,2553,0,12 13,1,69,,26735,2553,0,12 13,1,30,,26737,2553,0,12 13,1,70,,26728,2553,0,12 13,1,31,,26729,2553,0,12 13,1,70,,26734,2553,0,12 13,1,30,,26718,2553,0,12 13,1,67,,26731,2553,0,12 13,1,33,,26744,2553,0,12 13,1,70,,26742,2553,0,12 13,1,72,,26732,2553,0,12 13,1,27,,26719,2553,0,12 13,1,31,,26738,2553,0,12 13,1,70,,26730,2553,0,12 13,1,30,,26736,2553,0,12 13,1,70,,26745,2553,0,12 13,1,30,,26743,2553,0,12 13,1,70,,26720,2553,0,12 13,1,30,,26722,2553,0,12 13,1,70,,26711,2553,0,12 13,1,30,,26725,2553,0,12 13,1,70,,26721,2553,0,12 13,1,30,,26705,2553,0,12 13,1,70,,26712,2553,0,12 13,1,30,,26726,2553,0,12 13,1,70,,26709,2553,0,12 13,1,30,,26706,2553,0,12 13,1,70,,26708,2553,0,12 13,1,30,,26740,2553,0,12 13,1,70,,26723,2553,0,12 13,1,30,,26713,2553,0,12 13,1,70,,26727,2553,0,12 13,1,30,,26714,2553,0,12 13,1,70,,26716,2553,0,12 13,1,30,,26739,2553,0,12 13,1,70,,26741,2553,0,12 13,1,30,,26707,2553,0,12 13,1,70,,26724,2553,0,12 13,1,30,,26715,2553,0,12 13,1
2100,'F8',558,,26895,2553,0,12 13,1,70,,26904,2553,0,12 13,1,30,,26905,2553,0,12 13,1,70,,26893,2553,0,12 13,1,30,,26908,2553,0,12 13,1,70,,26896,2553,0,12 13,1,30,,26883,2553,0,12 13,1,65,,26878,2553,0,12 13,1,31,,26892,2553,0,12 13,1,74,,26897,2553,0,12 13,1,73,,26879,2553,0,12 13,1,23,,26884,2553,0,12 13,1,34,,26888,2553,0,12 13,1,70,,26901,2553,0,12 13,1,30,,26906,2553,0,12 13,1,70,,26898,2553,0,12 13,1,30,,26909,2553,0,12 13,1,70,,26902,2553,0,12 13,1,30,,26907,2553,0,12 13,1,70,,26899,2553,0,12 13,1,30,,26911,2553,0,12 13,1,70,,26885,2553,0,12 13,1,30,,26910,2553,0,12 13,1,70,,26900,2553,0,12 13,1,30,,26912,2553,0,12 13,1,70,,26874,2553,0,12 13,1,30,,26889,2553,0,12 13,1,70,,26903,2553,0,12 13,1,30,,26886,2553,0,12 13,1,70,,26894,2553,0,12 13,1,30,,26880,2553,0,12 13,1,70,,26890,2553,0,12 13,1,30,,26876,2553,0,12 13,1,70,,26887,2553,0,12 13,1,30,,26914,2553,0,12 13,1,70,,26881,2553,0,12 13,1,30,,26913,2553,0,12 13,1,70,,26877,2553,0,12 13,1,29,,26875,2553,0,12 13,1
2100,'F9',558,,26943,2553,0,12 13,1,69,,26945,2553,0,12 13,1,30,,26947,2553,0,12 13,1,70,,26938,2553,0,12 13,1,31,,26939,2553,0,12 13,1,70,,26944,2553,0,12 13,1,30,,26928,2553,0,12 13,1,67,,26941,2553,0,12 13,1,33,,26954,2553,0,12 13,1,70,,26952,2553,0,12 13,1,72,,26942,2553,0,12 13,1,27,,26929,2553,0,12 13,1,31,,26948,2553,0,12 13,1,70,,26940,2553,0,12 13,1,30,,26946,2553,0,12 13,1,70,,26955,2553,0,12 13,1,30,,26953,2553,0,12 13,1,70,,26930,2553,0,12 13,1,30,,26932,2553,0,12 13,1,70,,26921,2553,0,12 13,1,30,,26935,2553,0,12 13,1,70,,26931,2553,0,12 13,1,30,,26915,2553,0,12 13,1,70,,26922,2553,0,12 13,1,30,,26936,2553,0,12 13,1,70,,26919,2553,0,12 13,1,30,,26916,2553,0,12 13,1,70,,26918,2553,0,12 13,1,30,,26950,2553,0,12 13,1,70,,26933,2553,0,12 13,1,30,,26923,2553,0,12 13,1,70,,26937,2553,0,12 13,1,30,,26924,2553,0,12 13,1,70,,26926,2553,0,12 13,1,30,,26949,2553,0,12 13,1,70,,26951,2553,0,12 13,1,30,,26917,2553,0,12 13,1,70,,26934,2553,0,12 13,1,30,,26925,2553,0,12 13,1
2100,'SA',558,,26977,2553,0,12 13,1,70,,26986,2553,0,12 13,1,30,,26987,2553,0,12 13,1,70,,26975,2553,0,12 13,1,30,,26988,2553,0,12 13,1,70,,26978,2553,0,12 13,1,30,,26965,2553,0,12 13,1,65,,26960,2553,0,12 13,1,31,,26974,2553,0,12 13,1,74,,26979,2553,0,12 13,1,73,,26961,2553,0,12 13,1,23,,26966,2553,0,12 13,1,34,,26970,2553,0,12 13,1,70,,26983,2553,0,12 13,1,30,,6221,2553,0,12 13,1,70,,26980,2553,0,12 13,1,30,,26989,2553,0,12 13,1,70,,26984,2553,0,12 13,1,30,,6222,2553,0,12 13,1,70,,26981,2553,0,12 13,1,30,,26991,2553,0,12 13,1,70,,26967,2553,0,12 13,1,30,,26990,2553,0,12 13,1,70,,26982,2553,0,12 13,1,30,,26992,2553,0,12 13,1,70,,26956,2553,0,12 13,1,30,,26971,2553,0,12 13,1,70,,26985,2553,0,12 13,1,30,,26968,2553,0,12 13,1,70,,26976,2553,0,12 13,1,30,,26962,2553,0,12 13,1,70,,26972,2553,0,12 13,1,30,,26958,2553,0,12 13,1,70,,26969,2553,0,12 13,1,30,,26993,2553,0,12 13,1,70,,26963,2553,0,12 13,1,30,,6233,2553,0,12 13,1,70,,26959,2553,0,12 13,1,29,,26957,2553,0,12 13,1
2100,'SE',543,,26997,2553,0,12 13,1,12,,26999,2553,0,12 13,1,50,,27031,2553,0,12 13,1,20,,27035,2553,0,12 13,1,14,,26998,2553,0,12 13,1,64,,27006,2553,0,12 13,1,11,,27000,2553,0,12 13,1,17,,27032,2553,0,12 13,1,23,,27007,2553,0,12 13,1,60,,27044,2553,0,12 13,1,20,,27033,2553,0,12 13,1,21,,27026,2553,0,12 13,1,70,,27028,2553,0,12 13,1,32,,27036,2553,0,12 13,1,70,,27034,2553,0,12 13,1,30,,26994,2553,0,12 13,1,70,,27020,2553,0,12 13,1,30,,27022,2553,0,12 13,1,70,,27001,2553,0,12 13,1,30,,27037,2553,0,12 13,1,69,,27045,2553,0,12 13,1,28,,27029,2553,0,12 13,1,76,,27027,2553,0,12 13,1,10,,27021,2553,0,12 13,1,17,,27017,2553,0,12 13,1,55,,27009,2553,0,12 13,1,15,,27002,2553,0,12 13,1,15,,27038,2553,0,12 13,1,15,,27030,2553,0,12 13,1,56,,27014,2553,0,12 13,1,19,,27041,2553,0,12 13,1,18,,27040,2553,0,12 13,1,50,,27018,2553,0,12 13,1,13,,27010,2553,0,12 13,1,15,,27003,2553,0,12 13,1,14,,27039,2553,0,12 13,1,15,,27019,2553,0,12 13,1,55,,27015,2553,0,12 13,1,20,,27042,2553,0,12 13,1,20,,27024,2553,0,12 13,1,60,,27011,2553,0,12 13,1,30,,27025,2553,0,12 13,1,70,,26995,2553,0,12 13,1,30,,27023,2553,0,12 13,1,70,,27016,2553,0,12 13,1,100,,27012,2553,0,12 13,1,100,,27043,2553,0,12 13,1,100,,26996,2553,0,12 13,1,100,,27013,2553,0,12 13,1
42100,'SE',635,,39646,2553,0,12 13,1,71,,39653,2553,0,12 13,1,16,,39651,2553,0,12 13,1,722,,39649,2553,0,12 13,1,61,,39654,2553,0,12 13,1,30,,39650,2553,0,12 13,1,70,,39655,2553,0,12 13,1,31,,39648,2553,0,12 13,1,70,,39652,2553,0,12 13,1
