2801,'DI',949,,27810,10078,,,1,100,,27815,10078,,,1,100,,27813,10078,,,1,101,,27811,10078,,,1,100,,27812,10078,,,1,100,,27816,10078,,,1,98,,27819,10078,,,1,99,,27818,10078,,,1,96,,27817,10078,,,1,105,,27814,10078,,,1
2801,'F1',949,,45978,10078,,,1,100,,45983,10078,,,1,100,,45981,10078,,,1,101,,45979,10078,,,1,100,,45980,10078,,,1,100,,45984,10078,,,1,98,,45987,10078,,,1,99,,45986,10078,,,1,96,,45985,10078,,,1,105,,45982,10078,,,1
2801,'F2',949,,45995,10078,,,1,100,,45990,10078,,,1,100,,45988,10078,,,1,101,,45992,10078,,,1,100,,45991,10078,,,1,100,,45993,10078,,,1,98,,45989,10078,,,1,96,,45997,10078,,,1,99,,45996,10078,,,1,105,,45994,10078,,,1
2801,'F8',949,,27885,10078,,,1,100,,27880,10078,,,1,100,,27878,10078,,,1,101,,27882,10078,,,1,100,,27881,10078,,,1,100,,27883,10078,,,1,98,,27879,10078,,,1,96,,27887,10078,,,1,99,,27886,10078,,,1,105,,27884,10078,,,1
2801,'F9',949,,27888,10078,,,1,100,,27893,10078,,,1,100,,27891,10078,,,1,101,,27889,10078,,,1,100,,27890,10078,,,1,100,,27894,10078,,,1,98,,27897,10078,,,1,99,,27896,10078,,,1,96,,27895,10078,,,1,105,,27892,10078,,,1
2801,'SA',949,,27904,10078,,,1,100,,27900,10078,,,1,100,,27898,10078,,,1,101,,27901,10078,,,1,100,,7052,10078,,,1,100,,27902,10078,,,1,98,,27899,10078,,,1,96,,27906,10078,,,1,99,,27905,10078,,,1,105,,27903,10078,,,1
2801,'SE',659,,46024,10078,,,1,60,,46030,11787,,,1,21,,46025,10078,,,1,19,,46031,11787,,,1,69,,46035,11787,,,1,21,,46019,10078,,,1,56,,46029,11787,,,1,28,,46023,10078,,,1,69,,46009,10078,,,1,30,,46001,10078,,,1,70,,46005,10078,,,1,30,,46010,10078,,,1,70,,46002,10078,,,1,30,,46006,10078,,,1,70,,46011,10078,,,1,30,,46003,10078,,,1,70,,46007,10078,,,1,32,,46012,10078,,,1,70,,46004,10078,,,1,21,,46013,10078,,,1,12,,46008,10078,,,1,17,,46015,10078,,,1,50,,46032,11787,,,1,17,,45999,10078,,,1,13,,46017,10078,,,1,15,,46021,10078,,,1,58,,46034,11787,,,1,13,,46014,10078,,,1,16,,46016,10078,,,1,13,,46033,11787,,,1,58,,46018,10078,,,1,14,,46020,10078,,,1,20,,46026,10078,,,1,61,,45998,10078,,,1,23,,46022,10078,,,1,100,,46000,10078,,,1,100,,46027,10078,,,1,100,,46028,10078,,,1
7401,'DI',726,,34340,5586,,,1,100,,34344,5586,,,1,100,,34345,5586,,,1,100,,34346,5586,,,1,100,,34347,5586,,,1,99,,34348,5586,,,1,105,,34349,5586,,,1,96,,34337,5586,,,1,100,,34338,5586,,,1,100,,34350,5586,,,1,100,,34351,5586,,,1,104,,34352,5586,,,1,96,,34353,5586,,,1,100,,34354,5586,,,1,100,,34341,5586,,,1,100,,34342,5586,,,1,100,,34343,5586,,,1,100,,34339,5586,,,1
7401,'F1',726,,48579,5586,,,1,100,,48583,5586,,,1,100,,48584,5586,,,1,100,,48585,5586,,,1,100,,48586,5586,,,1,99,,48587,5586,,,1,105,,48588,5586,,,1,96,,48576,5586,,,1,100,,48577,5586,,,1,100,,48589,5586,,,1,100,,48590,5586,,,1,104,,48591,5586,,,1,96,,48592,5586,,,1,100,,48593,5586,,,1,100,,48580,5586,,,1,100,,48581,5586,,,1,100,,48582,5586,,,1,100,,48578,5586,,,1
7401,'F2',724,,48612,5586,,,1,102,,48597,5586,,,1,100,,48598,5586,,,1,99,,48599,5586,,,1,100,,48596,5586,,,1,101,,48600,5586,,,1,100,,48601,5586,,,1,100,,48602,5586,,,1,99,,48603,5586,,,1,101,,48604,5586,,,1,100,,48605,5586,,,1,102,,48594,5586,,,1,98,,48606,5586,,,1,100,,48607,5586,,,1,100,,48608,5586,,,1,100,,48609,5586,,,1,100,,48610,5586,,,1,100,,48611,5586,,,1,100,,48595,5586,,,1
7401,'F8',724,,34438,5586,,,1,102,,34423,5586,,,1,100,,34424,5586,,,1,99,,34425,5586,,,1,100,,34422,5586,,,1,101,,34426,5586,,,1,100,,34427,5586,,,1,100,,34428,5586,,,1,99,,34429,5586,,,1,101,,34430,5586,,,1,100,,34431,5586,,,1,102,,34420,5586,,,1,98,,34432,5586,,,1,100,,34433,5586,,,1,100,,34434,5586,,,1,100,,34435,5586,,,1,100,,34436,5586,,,1,100,,34437,5586,,,1,100,,34421,5586,,,1
7401,'F9',726,,34442,5586,,,1,100,,34446,5586,,,1,100,,34447,5586,,,1,100,,34448,5586,,,1,100,,34449,5586,,,1,99,,34450,5586,,,1,105,,34451,5586,,,1,96,,34439,5586,,,1,100,,34440,5586,,,1,100,,34452,5586,,,1,100,,34453,5586,,,1,104,,34454,5586,,,1,96,,34455,5586,,,1,100,,34456,5586,,,1,100,,34443,5586,,,1,100,,34444,5586,,,1,100,,34445,5586,,,1,100,,34441,5586,,,1
7401,'SA',724,,34475,5586,,,1,102,,34460,5586,,,1,100,,34461,5586,,,1,99,,34462,5586,,,1,100,,34459,5586,,,1,101,,34463,5586,,,1,100,,34464,5586,,,1,100,,34465,5586,,,1,99,,34466,5586,,,1,101,,34467,5586,,,1,100,,34468,5586,,,1,102,,34457,5586,,,1,98,,34469,5586,,,1,100,,34470,5586,,,1,100,,34471,5586,,,1,100,,34472,5586,,,1,100,,34473,5586,,,1,100,,34474,5586,,,1,100,,34458,5586,,,1
7401,'SE',625,,48639,5586,,,1,32,,48634,5586,,,1,66,,48638,5586,,,1,78,,48636,5586,,,1,26,,48635,5586,,,1,30,,48637,5586,,,1,68,,48631,5586,,,1,101,,48619,5586,,,1,100,,48622,5586,,,1,101,,48623,5586,,,1,100,,48624,5586,,,1,101,,48625,5586,,,1,101,,48613,5586,,,1,29,,48618,5586,,,1,67,,48626,5586,,,1,76,,48617,5586,,,1,29,,48632,5586,,,1,70,,48620,5586,,,1,28,,48627,5586,,,1,30,,48621,5586,,,1,68,,48628,5586,,,1,99,,48629,5586,,,1,100,,48630,5586,,,1,99,,48614,5586,,,1,100,,48615,5586,,,1,100,,48616,5586,,,1,100,,48633,5586,,,1
