5000,'DI',639,,58006,11385,4,,2,102,,58000,11385,4,,2,100,,58001,11385,4,,2,100,,58007,11385,4,,2,103,,58008,11385,4,,2,94,,58002,11385,4,,2,103,,58003,11385,4,,2,103,,58004,11385,4,,2,97,,57992,11385,4,,2,96,,57994,11385,4,,2,103,,57995,11385,4,,2,106,,57996,11385,4,,2,95,,58009,11385,4,,2,100,,58005,11385,4,,2,100,,57999,11385,4,,2,100,,57997,11385,4,,2,100,,58011,11385,4,,2,100,,57998,11385,4,,2,100,,57993,11385,4,,2,100,,58010,11385,4,,2
5000,'F1',639,,58026,11385,4,,2,102,,58020,11385,4,,2,100,,58021,11385,4,,2,100,,58027,11385,4,,2,103,,58028,11385,4,,2,94,,58022,11385,4,,2,103,,58023,11385,4,,2,103,,58024,11385,4,,2,97,,58012,11385,4,,2,96,,58014,11385,4,,2,103,,58015,11385,4,,2,106,,58016,11385,4,,2,95,,58029,11385,4,,2,100,,58025,11385,4,,2,100,,58019,11385,4,,2,100,,58017,11385,4,,2,100,,58031,11385,4,,2,100,,58018,11385,4,,2,100,,58013,11385,4,,2,100,,58030,11385,4,,2
5000,'F2',641,,58032,11385,4,,2,98,,58036,11385,4,,2,102,,58038,11385,4,,2,97,,58046,11385,4,,2,103,,58043,11385,4,,2,96,,58047,11385,4,,2,102,,58033,11385,4,,2,98,,58037,11385,4,,2,99,,47381,11385,4,,2,103,,58048,11385,4,,2,103,,58049,11385,4,,2,103,,58050,11385,4,,2,96,,58034,11385,4,,2,100,,58040,11385,4,,2,100,,58039,11385,4,,2,100,,58041,11385,4,,2,97,,58044,11385,4,,2,103,,58045,11385,4,,2,101,,58035,11385,4,,2,99,,58042,11385,4,,2
5000,'SA',641,,58051,11385,4,,2,98,,58055,11385,4,,2,102,,58057,11385,4,,2,97,,58065,11385,4,,2,103,,58062,11385,4,,2,96,,58066,11385,4,,2,102,,58052,11385,4,,2,98,,58056,11385,4,,2,99,,31377,11385,4,,2,103,,58067,11385,4,,2,103,,58068,11385,4,,2,103,,58069,11385,4,,2,96,,58053,11385,4,,2,100,,58059,11385,4,,2,100,,58058,11385,4,,2,100,,58060,11385,4,,2,97,,58063,11385,4,,2,103,,58064,11385,4,,2,101,,58054,11385,4,,2,99,,58061,11385,4,,2
5000,'SE',601,,58077,11385,4,,2,30,,58072,11385,4,,2,70,,58089,11385,4,,2,30,,58082,11385,4,,2,70,,58075,11385,4,,2,30,,58081,11385,4,,2,73,,58076,11385,4,,2,27,,58073,11385,4,,2,100,,58095,11385,4,,2,100,,58088,11385,4,,2,100,,58071,11385,4,,2,100,,58078,11385,4,,2,99,,58085,11385,4,,2,102,,58079,11385,4,,2,68,,58083,11385,4,,2,33,,47419,11385,4,,2,74,,58084,11385,4,,2,26,,58086,11385,4,,2,70,,58074,11385,4,,2,30,,58091,11385,4,,2,68,,58093,11385,4,,2,30,,58087,11385,4,,2,100,,58090,11385,4,,2,100,,58092,11385,4,,2,100,,58080,11385,4,,2,100,,58070,11385,4,,2,100,,58096,11385,4,,2,100,,58094,11385,4,,2
5001,'DI',639,,58111,0,,,2,102,,58105,0,,,2,100,,58106,0,,,2,100,,58112,0,,,2,103,,58113,0,,,2,94,,58107,0,,,2,103,,58108,0,,,2,103,,58109,0,,,2,97,,58097,0,,,2,96,,58099,0,,,2,103,,58100,0,,,2,106,,58101,0,,,2,95,,58114,0,,,2,100,,58110,0,,,2,100,,58104,0,,,2,100,,58102,0,,,2,100,,58116,0,,,2,100,,58103,0,,,2,100,,58098,0,,,2,100,,58115,0,,,2
5001,'F1',639,,58131,0,,,2,102,,58125,0,,,2,100,,58126,0,,,2,100,,58132,0,,,2,103,,58133,0,,,2,94,,58127,0,,,2,103,,58128,0,,,2,103,,58129,0,,,2,97,,58117,0,,,2,96,,58119,0,,,2,103,,58120,0,,,2,106,,58121,0,,,2,95,,58134,0,,,2,100,,58130,0,,,2,100,,58124,0,,,2,100,,58122,0,,,2,100,,58136,0,,,2,100,,58123,0,,,2,100,,58118,0,,,2,100,,58135,0,,,2
5001,'F2',641,,58137,0,,,2,98,,58141,0,,,2,102,,58143,0,,,2,97,,58151,0,,,2,103,,58148,0,,,2,96,,58152,0,,,2,102,,58138,0,,,2,98,,58142,0,,,2,99,,47449,0,,,2,103,,58153,0,,,2,103,,58154,0,,,2,103,,58155,0,,,2,96,,58139,0,,,2,100,,58145,0,,,2,100,,58144,0,,,2,100,,58146,0,,,2,97,,58149,0,,,2,103,,58150,0,,,2,101,,58140,0,,,2,99,,58147,0,,,2
5001,'SA',641,,58156,0,,,2,98,,58160,0,,,2,102,,58162,0,,,2,97,,58170,0,,,2,103,,58167,0,,,2,96,,58171,0,,,2,102,,58157,0,,,2,98,,58161,0,,,2,99,,31554,0,,,2,103,,58172,0,,,2,103,,58173,0,,,2,103,,58174,0,,,2,96,,58158,0,,,2,100,,58164,0,,,2,100,,58163,0,,,2,100,,58165,0,,,2,97,,58168,0,,,2,103,,58169,0,,,2,101,,58159,0,,,2,99,,58166,0,,,2
5001,'SE',531,,58198,0,,,2,70,,58182,0,,,2,30,,58177,0,,,2,70,,58194,0,,,2,30,,58187,0,,,2,70,,58180,0,,,2,30,,58186,0,,,2,73,,58181,0,,,2,27,,58178,0,,,2,100,,58201,0,,,2,100,,58193,0,,,2,100,,58176,0,,,2,100,,58183,0,,,2,99,,58190,0,,,2,102,,58184,0,,,2,68,,58188,0,,,2,33,,47488,0,,,2,74,,58189,0,,,2,26,,58191,0,,,2,70,,58179,0,,,2,30,,58196,0,,,2,68,,58199,0,,,2,30,,58192,0,,,2,100,,58195,0,,,2,100,,58197,0,,,2,100,,58185,0,,,2,100,,58175,0,,,2,100,,58202,0,,,2,100,,58200,0,,,2
50500,'SE',1625,,63423,4420,,,2
53801,'SE',905,,63449,0,,,2
