2501,'DI',1605,,27599,10817,,,2
2501,'F1',1605,,45883,10817,,,2
2501,'F2',1605,,45884,10817,,,2
2501,'F8',1605,,27634,10817,,,2
2501,'F9',1605,,27635,10817,,,2
2501,'SA',1605,,27636,10817,,,2
2501,'SE',517,,45907,9180,,,2,30,,45897,9180,,,2,63,,45894,9180,,,2,34,,45908,9180,,,2,75,,45912,10817,,,2,30,,45911,10817,,,2,66,,45898,9180,,,2,30,,45885,9180,,,2,67,,45900,9180,,,2,505,,45890,9180,,,2,31,,45901,9180,,,2,72,,45887,9180,,,2,31,,45914,10817,,,2,59,,45910,10817,,,2,12,,45913,10817,,,2,9,,45906,9180,,,2,19,,45889,9180,,,2,54,,45888,9180,,,2,17,,45892,9180,,,2,28,,45902,9180,,,2,67,,45886,9180,,,2,29,,45893,9180,,,2,99,,45896,9180,,,2,385,,45909,9180,,,2,86,,45915,10817,,,2,12,,45904,9180,,,2,75,,45905,9180,,,2
8101,'DI',635,,35898,15246,,,1,100,,35895,15246,,,1,100,,35884,15246,,,1,103,,35891,15246,,,1,100,,35885,15246,,,1,100,,35893,15246,,,1,100,,35897,15246,,,1,100,,35899,15246,,,1,100,,35888,15246,,,1,100,,35892,15246,,,1,100,,35883,15246,,,1,96,,35896,15246,,,1,108,,35886,15246,,,1,96,,35894,15246,,,1,100,,35887,15246,,,1,100,,35900,15246,,,1,100,,35889,15246,,,1,100,,35902,15246,,,1,100,,35901,15246,,,1
8101,'F1',635,,49216,15246,,,1,100,,49213,15246,,,1,100,,49202,15246,,,1,103,,49209,15246,,,1,100,,49203,15246,,,1,100,,49211,15246,,,1,100,,49215,15246,,,1,100,,49217,15246,,,1,100,,49206,15246,,,1,100,,49210,15246,,,1,100,,49201,15246,,,1,96,,49214,15246,,,1,108,,49204,15246,,,1,96,,49212,15246,,,1,100,,49205,15246,,,1,100,,49218,15246,,,1,100,,49207,15246,,,1,100,,49220,15246,,,1,100,,49219,15246,,,1
8101,'F2',635,,49226,15246,,,1,100,,49233,15246,,,1,100,,49239,15246,,,1,103,,49234,15246,,,1,100,,49235,15246,,,1,100,,49240,15246,,,1,100,,49221,15246,,,1,100,,49223,15246,,,1,100,,49229,15246,,,1,100,,49236,15246,,,1,100,,49241,15246,,,1,100,,49227,15246,,,1,104,,49230,15246,,,1,96,,49237,15246,,,1,100,,49222,15246,,,1,100,,49231,15246,,,1,100,,49225,15246,,,1,100,,49238,15246,,,1,100,,49232,15246,,,1,100,,49228,15246,,,1
8101,'F8',635,,35979,15246,,,1,100,,35986,15246,,,1,100,,35992,15246,,,1,103,,35987,15246,,,1,100,,35988,15246,,,1,100,,35993,15246,,,1,100,,35974,15246,,,1,100,,35976,15246,,,1,100,,35982,15246,,,1,100,,35989,15246,,,1,100,,35994,15246,,,1,100,,35980,15246,,,1,104,,35983,15246,,,1,96,,35990,15246,,,1,100,,35975,15246,,,1,100,,35984,15246,,,1,100,,35978,15246,,,1,100,,35991,15246,,,1,100,,35985,15246,,,1,100,,35981,15246,,,1
8101,'F9',635,,36010,15246,,,1,100,,36007,15246,,,1,100,,35996,15246,,,1,103,,36003,15246,,,1,100,,35997,15246,,,1,100,,36005,15246,,,1,100,,36009,15246,,,1,100,,36011,15246,,,1,100,,36000,15246,,,1,100,,36004,15246,,,1,100,,35995,15246,,,1,96,,36008,15246,,,1,108,,35998,15246,,,1,96,,36006,15246,,,1,100,,35999,15246,,,1,100,,36012,15246,,,1,100,,36001,15246,,,1,100,,36014,15246,,,1,100,,36013,15246,,,1
8101,'SA',635,,36020,15246,,,1,100,,36027,15246,,,1,100,,36033,15246,,,1,103,,36028,15246,,,1,100,,36029,15246,,,1,100,,14421,15246,,,1,100,,36015,15246,,,1,100,,36017,15246,,,1,100,,36023,15246,,,1,100,,36030,15246,,,1,100,,36034,15246,,,1,100,,36021,15246,,,1,104,,36024,15246,,,1,96,,36031,15246,,,1,100,,36016,15246,,,1,100,,36025,15246,,,1,100,,36019,15246,,,1,100,,36032,15246,,,1,100,,36026,15246,,,1,100,,36022,15246,,,1
8101,'SE',606,,49264,15246,,,1,30,,49257,15246,,,1,22,,49253,15246,,,1,78,,49267,15246,,,1,70,,49254,15246,,,1,31,,49265,15246,,,1,69,,49244,15246,,,1,36,,49266,15246,,,1,98,,49247,15246,,,1,100,,49258,15246,,,1,100,,49245,15246,,,1,100,,49268,15246,,,1,100,,49255,15246,,,1,100,,49248,15246,,,1,71,,49256,15246,,,1,31,,49252,15246,,,1,70,,49242,15246,,,1,30,,49243,15246,,,1,70,,49259,15246,,,1,30,,49269,15246,,,1,70,,49246,15246,,,1,26,,49262,15246,,,1,100,,49249,15246,,,1,100,,49251,15246,,,1,100,,49263,15246,,,1,100,,49260,15246,,,1,100,,49250,15246,,,1,100,,49261,15246,,,1
