800,'DI',551,,53345,2257,,,1,71,,53319,2257,,,1,30,,53327,2257,,,1,70,,53333,2257,,,1,30,,53346,2257,,,1,70,,53320,2257,,,1,31,,53328,2257,,,1,70,,53334,2257,,,1,30,,53347,2257,,,1,70,,53321,2257,,,1,30,,53329,2257,,,1,70,,53335,2257,,,1,31,,53348,2257,,,1,70,,53322,2257,,,1,30,,53330,2257,,,1,70,,53342,2257,,,1,30,,53349,2257,,,1,70,,53343,2257,,,1,30,,53331,2257,,,1,70,,53336,2257,,,1,30,,53350,2257,,,1,70,,53344,2257,,,1,29,,53332,2257,,,1,70,,53337,2257,,,1,32,,53351,2257,,,1,83,,53323,2257,,,1,100,,53338,2257,,,1,100,,53324,2257,,,1,99,,53339,2257,,,1,100,,53325,2257,,,1,100,,53340,2257,,,1,100,,53326,2257,,,1,100,,53341,2257,,,1
800,'F1',551,,53378,2257,,,1,71,,53352,2257,,,1,30,,53360,2257,,,1,70,,53366,2257,,,1,30,,53379,2257,,,1,70,,53353,2257,,,1,31,,53361,2257,,,1,70,,53367,2257,,,1,30,,53380,2257,,,1,70,,53354,2257,,,1,30,,53362,2257,,,1,70,,53368,2257,,,1,31,,53381,2257,,,1,70,,53355,2257,,,1,30,,53363,2257,,,1,70,,53375,2257,,,1,30,,53382,2257,,,1,70,,53376,2257,,,1,30,,53364,2257,,,1,70,,53369,2257,,,1,30,,53383,2257,,,1,70,,53377,2257,,,1,29,,53365,2257,,,1,70,,53370,2257,,,1,32,,53384,2257,,,1,83,,53356,2257,,,1,100,,53371,2257,,,1,100,,53357,2257,,,1,99,,53372,2257,,,1,100,,53358,2257,,,1,100,,53373,2257,,,1,100,,53359,2257,,,1,100,,53374,2257,,,1
800,'F2',550,,53405,2257,,,1,70,,53389,2257,,,1,32,,53393,2257,,,1,70,,53400,2257,,,1,31,,53406,2257,,,1,70,,53390,2257,,,1,30,,53394,2257,,,1,70,,53401,2257,,,1,30,,53407,2257,,,1,70,,53391,2257,,,1,30,,53395,2257,,,1,70,,53402,2257,,,1,28,,53408,2257,,,1,72,,53392,2257,,,1,30,,53396,2257,,,1,70,,53403,2257,,,1,30,,53409,2257,,,1,70,,44107,2257,,,1,30,,53397,2257,,,1,70,,53415,2257,,,1,30,,53410,2257,,,1,70,,44108,2257,,,1,30,,53398,2257,,,1,70,,53416,2257,,,1,32,,53411,2257,,,1,68,,53385,2257,,,1,30,,53399,2257,,,1,86,,53412,2257,,,1,99,,53386,2257,,,1,100,,53413,2257,,,1,100,,53387,2257,,,1,100,,53414,2257,,,1,100,,53388,2257,,,1,100,,53404,2257,,,1
800,'SA',550,,53437,2257,,,1,70,,53421,2257,,,1,32,,53425,2257,,,1,70,,53432,2257,,,1,31,,53438,2257,,,1,70,,53422,2257,,,1,30,,53426,2257,,,1,70,,53433,2257,,,1,30,,53439,2257,,,1,70,,53423,2257,,,1,30,,53427,2257,,,1,70,,53434,2257,,,1,28,,53440,2257,,,1,72,,53424,2257,,,1,30,,53428,2257,,,1,70,,53435,2257,,,1,30,,53441,2257,,,1,70,,2660,2257,,,1,30,,53429,2257,,,1,70,,53447,2257,,,1,30,,53442,2257,,,1,70,,2661,2257,,,1,30,,53430,2257,,,1,70,,53448,2257,,,1,32,,53443,2257,,,1,68,,53417,2257,,,1,30,,53431,2257,,,1,86,,53444,2257,,,1,99,,53418,2257,,,1,100,,53445,2257,,,1,100,,53419,2257,,,1,100,,53446,2257,,,1,100,,53420,2257,,,1,100,,53436,2257,,,1
800,'SE',452,,44153,2257,,,1,68,,53469,2257,,,1,22,,53461,2257,,,1,81,,53449,2257,,,1,30,,44154,2257,,,1,61,,53470,2257,,,1,19,,53451,2257,,,1,13,,53485,2257,,,1,55,,53452,2257,,,1,15,,53481,2257,,,1,15,,53475,2257,,,1,17,,53488,2257,,,1,55,,44124,2257,,,1,15,,53471,2257,,,1,15,,53462,2257,,,1,15,,53486,2257,,,1,55,,53453,2257,,,1,15,,53482,2257,,,1,15,,53476,2257,,,1,15,,53489,2257,,,1,55,,53450,2257,,,1,15,,53457,2257,,,1,15,,53472,2257,,,1,15,,53466,2257,,,1,55,,53487,2257,,,1,15,,53505,2257,,,1,15,,53483,2257,,,1,15,,53479,2257,,,1,55,,53490,2257,,,1,15,,53492,2257,,,1,15,,53507,2257,,,1,15,,53495,2257,,,1,55,,53467,2257,,,1,15,,53454,2257,,,1,15,,53506,2257,,,1,14,,53477,2257,,,1,54,,53460,2257,,,1,4,,53491,2257,,,1,13,,53498,2257,,,1,15,,53493,2257,,,1,15,,53458,2257,,,1,55,,53478,2257,,,1,15,,53496,2257,,,1,12,,53468,2257,,,1,12,,53511,2257,,,1,13,,53484,2257,,,1,51,,53459,2257,,,1,12,,53503,2257,,,1,12,,53508,2257,,,1,12,,53499,2257,,,1,12,,53494,2257,,,1,52,,53504,2257,,,1,12,,53480,2257,,,1,10,,53473,2257,,,1,10,,53497,2257,,,1,20,,53500,2257,,,1,67,,53509,2257,,,1,30,,53512,2257,,,1,70,,53474,2257,,,1,28,,53501,2257,,,1,70,,53510,2257,,,1,30,,53513,2257,,,1,85,,53463,2257,,,1,100,,53502,2257,,,1,99,,53464,2257,,,1,100,,53465,2257,,,1
2800,'DI',846,,56189,2257,0,32 33,1,100,,56184,2257,0,32 33,1,100,,56188,2257,0,32 33,1,100,,56185,2257,0,32 33,1,100,,56187,2257,0,32 33,1,100,,56183,2257,0,32 33,1,100,,56186,2257,0,32 33,1,101,,56182,2257,0,32 33,1,99,,56190,2257,0,32 33,1,100,,56191,2257,0,32 33,1
2800,'F1',846,,56199,2257,0,32 33,1,100,,56194,2257,0,32 33,1,100,,56198,2257,0,32 33,1,100,,56195,2257,0,32 33,1,100,,56197,2257,0,32 33,1,100,,56193,2257,0,32 33,1,100,,56196,2257,0,32 33,1,101,,56192,2257,0,32 33,1,99,,56200,2257,0,32 33,1,100,,56201,2257,0,32 33,1
2800,'F2',848,,56207,2257,0,32 33,1,98,,56205,2257,0,32 33,1,103,,56202,2257,0,32 33,1,97,,56208,2257,0,32 33,1,101,,45930,2257,0,32 33,1,100,,56210,2257,0,32 33,1,99,,56204,2257,0,32 33,1,103,,56203,2257,0,32 33,1,99,,56206,2257,0,32 33,1,98,,56209,2257,0,32 33,1
2800,'SA',848,,56216,2257,0,32 33,1,98,,56214,2257,0,32 33,1,103,,56211,2257,0,32 33,1,97,,56217,2257,0,32 33,1,101,,6923,2257,0,32 33,1,100,,56219,2257,0,32 33,1,99,,56213,2257,0,32 33,1,103,,56212,2257,0,32 33,1,99,,56215,2257,0,32 33,1,98,,56218,2257,0,32 33,1
2800,'SE',611,,56256,2257,0,32 33,1,46,,56253,2257,0,32 33,1,62,,56259,2257,0,32 33,1,3,,56252,2257,0,32 33,1,16,,56233,2257,0,32 33,1,13,,56240,2257,0,32 33,1,55,,56258,2257,0,32 33,1,15,,56220,2257,0,32 33,1,14,,56222,2257,0,32 33,1,18,,56221,2257,0,32 33,1,70,,56236,2257,0,32 33,1,30,,56241,2257,0,32 33,1,70,,56232,2257,0,32 33,1,30,,56223,2257,0,32 33,1,70,,56242,2257,0,32 33,1,30,,56226,2257,0,32 33,1,70,,56224,2257,0,32 33,1,30,,56243,2257,0,32 33,1,70,,56227,2257,0,32 33,1,30,,56225,2257,0,32 33,1,69,,56238,2257,0,32 33,1,31,,56254,2257,0,32 33,1,56,,56244,2257,0,32 33,1,14,,56229,2257,0,32 33,1,15,,56246,2257,0,32 33,1,15,,56257,2257,0,32 33,1,55,,56228,2257,0,32 33,1,14,,56231,2257,0,32 33,1,12,,56255,2257,0,32 33,1,12,,56245,2257,0,32 33,1,12,,56230,2257,0,32 33,1,52,,56235,2257,0,32 33,1,12,,56247,2257,0,32 33,1,12,,56239,2257,0,32 33,1,12,,45957,2257,0,32 33,1,12,,56249,2257,0,32 33,1,52,,56250,2257,0,32 33,1,13,,56248,2257,0,32 33,1,95,,56234,2257,0,32 33,1,100,,56251,2257,0,32 33,1,98,,56237,2257,0,32 33,1
8100,'DI',652,,60369,2190,,,1,100,,60378,2190,,,1,103,,60364,2190,,,1,100,,60381,2190,,,1,100,,60379,2190,,,1,100,,60366,2190,,,1,100,,60365,2190,,,1,100,,60373,2190,,,1,100,,60375,2190,,,1,100,,60382,2190,,,1,96,,60367,2190,,,1,108,,60377,2190,,,1,96,,60371,2190,,,1,100,,60370,2190,,,1,100,,60376,2190,,,1,100,,60372,2190,,,1,100,,60374,2190,,,1,100,,60368,2190,,,1,100,,60380,2190,,,1
8100,'F1',652,,60388,2190,,,1,100,,60397,2190,,,1,103,,60383,2190,,,1,100,,60400,2190,,,1,100,,60398,2190,,,1,100,,60385,2190,,,1,100,,60384,2190,,,1,100,,60392,2190,,,1,100,,60394,2190,,,1,100,,60401,2190,,,1,96,,60386,2190,,,1,108,,60396,2190,,,1,96,,60390,2190,,,1,100,,60389,2190,,,1,100,,60395,2190,,,1,100,,60391,2190,,,1,100,,60393,2190,,,1,100,,60387,2190,,,1,100,,60399,2190,,,1
8100,'F2',652,,60405,2190,,,1,100,,60403,2190,,,1,103,,60420,2190,,,1,100,,60406,2190,,,1,100,,60409,2190,,,1,100,,60410,2190,,,1,100,,60413,2190,,,1,100,,60411,2190,,,1,100,,60404,2190,,,1,100,,60402,2190,,,1,100,,60412,2190,,,1,104,,60414,2190,,,1,96,,60407,2190,,,1,100,,60408,2190,,,1,100,,60415,2190,,,1,100,,60417,2190,,,1,100,,60421,2190,,,1,100,,60416,2190,,,1,100,,60418,2190,,,1,100,,60419,2190,,,1
8100,'SA',652,,60425,2190,,,1,100,,60423,2190,,,1,103,,60440,2190,,,1,100,,60426,2190,,,1,100,,60429,2190,,,1,100,,60430,2190,,,1,100,,60433,2190,,,1,100,,60431,2190,,,1,100,,60424,2190,,,1,100,,60422,2190,,,1,100,,60432,2190,,,1,104,,60434,2190,,,1,96,,60427,2190,,,1,100,,60428,2190,,,1,100,,60435,2190,,,1,100,,60437,2190,,,1,100,,60441,2190,,,1,100,,60436,2190,,,1,100,,60438,2190,,,1,100,,60439,2190,,,1
8100,'SE',613,,60444,2190,,,1,38,,60453,2190,,,1,70,,60443,2190,,,1,31,,60459,2190,,,1,69,,60450,2190,,,1,36,,60464,2190,,,1,98,,60445,2190,,,1,100,,60449,2190,,,1,100,,60451,2190,,,1,100,,60465,2190,,,1,100,,60466,2190,,,1,100,,60446,2190,,,1,70,,60448,2190,,,1,32,,60460,2190,,,1,70,,60467,2190,,,1,30,,60463,2190,,,1,70,,60442,2190,,,1,30,,60455,2190,,,1,70,,60457,2190,,,1,28,,60454,2190,,,1,100,,60447,2190,,,1,100,,60452,2190,,,1,100,,60461,2190,,,1,100,,60456,2190,,,1,100,,60468,2190,,,1,100,,60462,2190,,,1,100,,60458,2190,,,1
8800,'DI',707,,60913,2257,,,1,30,,60910,2257,,,1,70,,60920,2257,,,1,30,,60927,2257,,,1,70,,60914,2257,,,1,30,,60911,2257,,,1,71,,60921,2257,,,1,30,,60928,2257,,,1,70,,60917,2257,,,1,30,,60912,2257,,,1,70,,60922,2257,,,1,30,,60926,2257,,,1,70,,60929,2257,,,1,30,,60909,2257,,,1,70,,60923,2257,,,1,30,,60907,2257,,,1,70,,60930,2257,,,1,30,,60918,2257,,,1,70,,60924,2257,,,1,30,,60908,2257,,,1,70,,60931,2257,,,1,30,,60919,2257,,,1,70,,60925,2257,,,1,100,,60933,2257,,,1,100,,60932,2257,,,1,100,,60934,2257,,,1,100,,60915,2257,,,1,98,,60935,2257,,,1,100,,60916,2257,,,1,100,,60906,2257,,,1
8800,'F1',707,,60943,2257,,,1,30,,60940,2257,,,1,70,,60950,2257,,,1,30,,60957,2257,,,1,70,,60944,2257,,,1,30,,60941,2257,,,1,71,,60951,2257,,,1,30,,60958,2257,,,1,70,,60947,2257,,,1,30,,60942,2257,,,1,70,,60952,2257,,,1,30,,60956,2257,,,1,70,,60959,2257,,,1,30,,60939,2257,,,1,70,,60953,2257,,,1,30,,60937,2257,,,1,70,,60960,2257,,,1,30,,60948,2257,,,1,70,,60954,2257,,,1,30,,60938,2257,,,1,70,,60961,2257,,,1,30,,60949,2257,,,1,70,,60955,2257,,,1,100,,60963,2257,,,1,100,,60962,2257,,,1,100,,60964,2257,,,1,100,,60945,2257,,,1,98,,60965,2257,,,1,100,,60946,2257,,,1,100,,60936,2257,,,1
8800,'F2',707,,60972,2257,,,1,30,,60978,2257,,,1,71,,60985,2257,,,1,30,,60987,2257,,,1,70,,60973,2257,,,1,30,,60979,2257,,,1,70,,60986,2257,,,1,30,,60988,2257,,,1,70,,60974,2257,,,1,30,,60980,2257,,,1,70,,60992,2257,,,1,30,,60989,2257,,,1,70,,60975,2257,,,1,30,,60981,2257,,,1,70,,60995,2257,,,1,30,,60967,2257,,,1,70,,60976,2257,,,1,30,,60970,2257,,,1,70,,60996,2257,,,1,30,,60968,2257,,,1,71,,60991,2257,,,1,29,,60971,2257,,,1,71,,60993,2257,,,1,29,,60969,2257,,,1,70,,60982,2257,,,1,100,,60994,2257,,,1,100,,60983,2257,,,1,99,,60990,2257,,,1,100,,60984,2257,,,1,100,,60966,2257,,,1,100,,60977,2257,,,1
8800,'SA',707,,61003,2257,,,1,30,,61009,2257,,,1,71,,61016,2257,,,1,30,,61018,2257,,,1,70,,61004,2257,,,1,30,,61010,2257,,,1,70,,61017,2257,,,1,30,,61019,2257,,,1,70,,61005,2257,,,1,30,,61011,2257,,,1,70,,61023,2257,,,1,30,,61020,2257,,,1,70,,61006,2257,,,1,30,,61012,2257,,,1,70,,61026,2257,,,1,30,,60998,2257,,,1,70,,61007,2257,,,1,30,,61001,2257,,,1,70,,61027,2257,,,1,30,,60999,2257,,,1,71,,61022,2257,,,1,29,,61002,2257,,,1,71,,61024,2257,,,1,29,,61000,2257,,,1,70,,61013,2257,,,1,100,,61025,2257,,,1,100,,61014,2257,,,1,99,,61021,2257,,,1,100,,61015,2257,,,1,100,,60997,2257,,,1,100,,61008,2257,,,1
8800,'SE',706,,61071,2257,,,1,21,,61070,2257,,,1,15,,61042,2257,,,1,14,,61045,2257,,,1,55,,61046,2257,,,1,15,,61047,2257,,,1,15,,61034,2257,,,1,69,,61030,2257,,,1,30,,61059,2257,,,1,70,,61069,2257,,,1,30,,61031,2257,,,1,70,,61066,2257,,,1,30,,61067,2257,,,1,70,,61028,2257,,,1,30,,61062,2257,,,1,70,,61068,2257,,,1,30,,61060,2257,,,1,70,,61064,2257,,,1,30,,61063,2257,,,1,17,,61043,2257,,,1,56,,61074,2257,,,1,15,,61035,2257,,,1,15,,61072,2257,,,1,15,,61049,2257,,,1,55,,61061,2257,,,1,13,,61065,2257,,,1,12,,61029,2257,,,1,12,,61073,2257,,,1,52,,61054,2257,,,1,13,,61044,2257,,,1,11,,61036,2257,,,1,12,,61075,2257,,,1,12,,61037,2257,,,1,52,,61039,2257,,,1,12,,61050,2257,,,1,19,,61038,2257,,,1,15,,61076,2257,,,1,62,,61055,2257,,,1,30,,61040,2257,,,1,70,,61051,2257,,,1,28,,61077,2257,,,1,70,,61056,2257,,,1,30,,61041,2257,,,1,70,,61052,2257,,,1,100,,61057,2257,,,1,99,,61053,2257,,,1,100,,61058,2257,,,1
