6100,'DI',721,,32294,13271,,,2,89,,32298,13271,,,2,30,,32295,13271,,,2,70,,32301,13271,,,2,30,,32299,13271,,,2,70,,32296,13271,,,2,30,,32302,13271,,,2,70,,32304,13271,,,2,30,,32309,13271,,,2,70,,32314,13271,,,2,30,,32305,13271,,,2,70,,32310,13271,,,2,30,,32315,13271,,,2,70,,32306,13271,,,2,30,,32311,13271,,,2,70,,32317,13271,,,2,30,,32307,13271,,,2,74,,32312,13271,,,2,21,,32318,13271,,,2,75,,32321,13271,,,2,20,,32325,13271,,,2,80,,32319,13271,,,2,25,,32322,13271,,,2,70,,32326,13271,,,2,45,,32323,13271,,,2,100,,32327,13271,,,2,100,,32329,13271,,,2,100,,32331,13271,,,2,100,,32333,13271,,,2,100,,32334,13271,,,2
6100,'F8',721,,32473,13271,,,2,89,,32477,13271,,,2,30,,32474,13271,,,2,70,,32480,13271,,,2,30,,32478,13271,,,2,70,,32475,13271,,,2,30,,32481,13271,,,2,70,,32483,13271,,,2,30,,32488,13271,,,2,70,,32491,13271,,,2,30,,32484,13271,,,2,70,,32489,13271,,,2,30,,32492,13271,,,2,70,,32485,13271,,,2,30,,32494,13271,,,2,70,,32499,13271,,,2,30,,32486,13271,,,2,74,,32495,13271,,,2,21,,32500,13271,,,2,75,,32503,13271,,,2,20,,32496,13271,,,2,80,,32501,13271,,,2,25,,32504,13271,,,2,70,,32497,13271,,,2,45,,32506,13271,,,2,100,,32509,13271,,,2,100,,32507,13271,,,2,100,,32511,13271,,,2,100,,32510,13271,,,2,100,,32512,13271,,,2
6100,'F9',721,,32513,13271,,,2,89,,32517,13271,,,2,30,,32514,13271,,,2,70,,32520,13271,,,2,30,,32518,13271,,,2,70,,32515,13271,,,2,30,,32521,13271,,,2,70,,32523,13271,,,2,30,,32528,13271,,,2,70,,32533,13271,,,2,30,,32524,13271,,,2,70,,32529,13271,,,2,30,,32534,13271,,,2,70,,32525,13271,,,2,30,,32530,13271,,,2,70,,32536,13271,,,2,30,,32526,13271,,,2,74,,32531,13271,,,2,21,,32537,13271,,,2,75,,32540,13271,,,2,20,,32544,13271,,,2,80,,32538,13271,,,2,25,,32541,13271,,,2,70,,32545,13271,,,2,45,,32542,13271,,,2,100,,32546,13271,,,2,100,,32548,13271,,,2,100,,32550,13271,,,2,100,,32552,13271,,,2,100,,32553,13271,,,2
6100,'SA',721,,32554,13271,,,2,89,,32558,13271,,,2,30,,32555,13271,,,2,70,,32561,13271,,,2,30,,32559,13271,,,2,70,,32556,13271,,,2,30,,32562,13271,,,2,70,,32564,13271,,,2,30,,32569,13271,,,2,70,,32572,13271,,,2,30,,32565,13271,,,2,70,,32570,13271,,,2,30,,32573,13271,,,2,70,,32566,13271,,,2,30,,32575,13271,,,2,70,,32580,13271,,,2,30,,32567,13271,,,2,74,,32576,13271,,,2,21,,32581,13271,,,2,75,,32584,13271,,,2,20,,32577,13271,,,2,80,,32582,13271,,,2,25,,32585,13271,,,2,70,,32578,13271,,,2,45,,32587,13271,,,2,100,,32590,13271,,,2,100,,32588,13271,,,2,100,,32592,13271,,,2,100,,32591,13271,,,2,100,,32593,13271,,,2
6100,'SE',630,,32596,13271,,,2,28,,32594,13271,,,2,66,,32603,13271,,,2,9,,32608,13271,,,2,19,,32600,13271,,,2,66,,32597,13271,,,2,22,,32605,13271,,,2,15,,32610,13271,,,2,76,,32601,13271,,,2,70,,32598,13271,,,2,30,,32606,13271,,,2,71,,32650,13271,,,2,30,,32604,13271,,,2,70,,32611,13271,,,2,30,,32615,13271,,,2,70,,32612,13271,,,2,30,,32613,13271,,,2,73,,32617,13271,,,2,21,,32620,13271,,,2,27,,32625,13271,,,2,63,,32614,13271,,,2,20,,32616,13271,,,2,64,,32628,13271,,,2,4,,32631,13271,,,2,25,,32621,13271,,,2,7,,32623,13271,,,2,14,,32632,13271,,,2,53,,32633,13271,,,2,14,,32618,13271,,,2,15,,32637,13271,,,2,6,,32640,13271,,,2,18,,32629,13271,,,2,54,,32626,13271,,,2,24,,32642,13271,,,2,24,,32634,13271,,,2,68,,32645,13271,,,2,29,,32648,13271,,,2,70,,32638,13271,,,2,29,,32641,13271,,,2,70,,32649,13271,,,2,30,,32635,13271,,,2,68,,32646,13271,,,2,30,,32643,13271,,,2,69,,32639,13271,,,2,30,,32647,13271,,,2,70,,32644,13271,,,2
16100,'DI',631,,38650,16417,,,2,1172,,38649,16417,,,2
16100,'F8',631,,38707,16417,,,2,1102,,38708,16417,,,2
16100,'F9',631,,38721,16417,,,2,1172,,38720,16417,,,2
16100,'SA',631,,38733,16417,,,2,1102,,38734,16417,,,2
16100,'SE',709,,38748,16306,,,2,25,,38749,16306,,,2,25,,38747,16306,,,2,462,,38751,16417,,,2,389,,38753,16417,,,2,41,,38754,16417,,,2,80,,38750,16417,,,2,100,,38752,16417,,,2
