4201,'DI',548,,29629,4926,,,1,100,,29630,4926,,,1,100,,29631,4926,,,1,100,,29632,4926,,,1,100,,29633,4926,,,1,100,,29634,4926,,,1,100,,29635,4926,,,1,100,,29636,4926,,,1,100,,29637,4926,,,1,100,,29638,4926,,,1,100,,29639,4926,,,1,100,,29640,4926,,,1,100,,29641,4926,,,1,100,,29642,4926,,,1,100,,29643,4926,,,1,100,,29644,4926,,,1,100,,29645,4926,,,1,100,,29646,4926,,,1,100,,29647,4926,,,1,100,,29648,4926,,,1
4201,'F1',548,,46724,4926,,,1,100,,46725,4926,,,1,100,,46726,4926,,,1,100,,46727,4926,,,1,100,,46728,4926,,,1,100,,46729,4926,,,1,100,,46730,4926,,,1,100,,46731,4926,,,1,100,,46732,4926,,,1,100,,46733,4926,,,1,100,,46734,4926,,,1,100,,46735,4926,,,1,100,,46736,4926,,,1,100,,46737,4926,,,1,100,,46738,4926,,,1,100,,46739,4926,,,1,100,,46740,4926,,,1,100,,46741,4926,,,1,100,,46742,4926,,,1,100,,46743,4926,,,1
4201,'F2',548,,46760,4926,,,1,100,,46761,4926,,,1,100,,46762,4926,,,1,100,,46763,4926,,,1,100,,46744,4926,,,1,100,,46745,4926,,,1,100,,46746,4926,,,1,100,,46747,4926,,,1,100,,46748,4926,,,1,100,,46749,4926,,,1,100,,46750,4926,,,1,100,,46751,4926,,,1,100,,46752,4926,,,1,100,,46753,4926,,,1,100,,46754,4926,,,1,100,,46755,4926,,,1,100,,46756,4926,,,1,100,,46757,4926,,,1,100,,46758,4926,,,1,100,,46759,4926,,,1
4201,'F8',548,,29751,4926,,,1,100,,29752,4926,,,1,100,,29753,4926,,,1,100,,29754,4926,,,1,100,,29735,4926,,,1,100,,29736,4926,,,1,100,,29737,4926,,,1,100,,29738,4926,,,1,100,,29739,4926,,,1,100,,29740,4926,,,1,100,,29741,4926,,,1,100,,29742,4926,,,1,100,,29743,4926,,,1,100,,29744,4926,,,1,100,,29745,4926,,,1,100,,29746,4926,,,1,100,,29747,4926,,,1,100,,29748,4926,,,1,100,,29749,4926,,,1,100,,29750,4926,,,1
4201,'F9',548,,29755,4926,,,1,100,,29756,4926,,,1,100,,29757,4926,,,1,100,,29758,4926,,,1,100,,29759,4926,,,1,100,,29760,4926,,,1,100,,29761,4926,,,1,100,,29762,4926,,,1,100,,29763,4926,,,1,100,,29764,4926,,,1,100,,29765,4926,,,1,100,,29766,4926,,,1,100,,29767,4926,,,1,100,,29768,4926,,,1,100,,29769,4926,,,1,100,,29770,4926,,,1,100,,29771,4926,,,1,100,,29772,4926,,,1,100,,29773,4926,,,1,100,,29774,4926,,,1
4201,'SA',548,,29791,4926,,,1,100,,29792,4926,,,1,100,,29793,4926,,,1,100,,29794,4926,,,1,100,,29775,4926,,,1,100,,29776,4926,,,1,100,,29777,4926,,,1,100,,29778,4926,,,1,100,,29779,4926,,,1,100,,29780,4926,,,1,100,,29781,4926,,,1,100,,29782,4926,,,1,100,,29783,4926,,,1,100,,29784,4926,,,1,100,,29785,4926,,,1,100,,29786,4926,,,1,100,,29787,4926,,,1,100,,29788,4926,,,1,100,,29789,4926,,,1,100,,29790,4926,,,1
4201,'SE',518,,46775,4926,,,1,20,,46769,4926,,,1,70,,46766,4926,,,1,21,,46809,4926,,,1,14,,46797,4926,,,1,14,,46781,4926,,,1,54,,46767,4926,,,1,14,,46784,4926,,,1,14,,46803,4926,,,1,14,,46777,4926,,,1,63,,46778,4926,,,1,34,,46782,4926,,,1,77,,46776,4926,,,1,30,,46783,4926,,,1,70,,46779,4926,,,1,30,,46785,4926,,,1,70,,46801,4926,,,1,30,,46765,4926,,,1,70,,46800,4926,,,1,30,,46768,4926,,,1,70,,46802,4926,,,1,30,,46786,4926,,,1,70,,46780,4926,,,1,30,,46774,4926,,,1,44,,46772,4926,,,1,2,,46771,4926,,,1,2,,46798,4926,,,1,22,,46788,4926,,,1,30,,46791,4926,,,1,70,,46787,4926,,,1,28,,46804,4926,,,1,64,,46799,4926,,,1,17,,46770,4926,,,1,67,,46805,4926,,,1,29,,46764,4926,,,1,26,,46792,4926,,,1,75,,46806,4926,,,1,70,,46793,4926,,,1,30,,46807,4926,,,1,70,,46794,4926,,,1,29,,46808,4926,,,1,70,,46795,4926,,,1,30,,46773,4926,,,1,70,,46796,4926,,,1,50,,46789,4926,,,1,100,,46790,4926,,,1
6001,'SE',553,,47776,6298,,,1,62,,47780,6298,,,1,21,,47773,6298,,,1,68,,47765,6298,,,1,28,,47777,6298,,,1,68,,47768,6298,,,1,26,,47755,6298,,,1,14,,47778,6298,,,1,72,,47771,6298,,,1,100,,47766,6298,,,1,100,,47760,6298,,,1,100,,47772,6298,,,1,101,,47764,6298,,,1,100,,47762,6298,,,1,101,,47779,6298,,,1,99,,47769,6298,,,1,30,,47761,6298,,,1,67,,47774,6298,,,1,24,,47756,6298,,,1,67,,47767,6298,,,1,29,,47770,6298,,,1,70,,47757,6298,,,1,48,,47775,6298,,,1,100,,47754,6298,,,1,100,,47758,6298,,,1,100,,47763,6298,,,1,95,,47759,6298,,,1
16001,'DI',610,,38498,12692,,,1,99,,38493,12692,,,1,100,,38499,12692,,,1,100,,38502,12692,,,1,100,,38505,12692,,,1,100,,38500,12692,,,1,100,,38506,12692,,,1,100,,38497,12692,,,1,100,,38507,12692,,,1,100,,38495,12692,,,1,100,,38492,12692,,,1,100,,38503,12692,,,1,100,,38501,12692,,,1,100,,38508,12692,,,1,100,,38504,12692,,,1,103,,38496,12692,,,1,97,,38494,12692,,,1
16001,'F1',610,,50267,12692,,,1,99,,50262,12692,,,1,100,,50268,12692,,,1,100,,50271,12692,,,1,100,,50274,12692,,,1,100,,50269,12692,,,1,100,,50275,12692,,,1,100,,50266,12692,,,1,100,,50276,12692,,,1,100,,50264,12692,,,1,100,,50261,12692,,,1,100,,50272,12692,,,1,100,,50270,12692,,,1,100,,50277,12692,,,1,100,,50273,12692,,,1,103,,50265,12692,,,1,97,,50263,12692,,,1
16001,'F2',611,,50286,12692,,,1,99,,50284,12692,,,1,99,,50282,12692,,,1,100,,50287,12692,,,1,99,,50281,12692,,,1,101,,50278,12692,,,1,100,,50285,12692,,,1,100,,50291,12692,,,1,100,,50279,12692,,,1,100,,50283,12692,,,1,100,,50292,12692,,,1,100,,50288,12692,,,1,100,,50280,12692,,,1,101,,50293,12692,,,1,99,,50289,12692,,,1,103,,50294,12692,,,1,97,,50290,12692,,,1
16001,'F8',611,,38572,12692,,,1,99,,38570,12692,,,1,99,,38568,12692,,,1,100,,38573,12692,,,1,99,,38567,12692,,,1,101,,38564,12692,,,1,100,,38571,12692,,,1,100,,38577,12692,,,1,100,,38565,12692,,,1,100,,38569,12692,,,1,100,,38578,12692,,,1,100,,38574,12692,,,1,100,,38566,12692,,,1,101,,38579,12692,,,1,99,,38575,12692,,,1,103,,38580,12692,,,1,97,,38576,12692,,,1
16001,'F9',610,,38587,12692,,,1,99,,38582,12692,,,1,100,,38588,12692,,,1,100,,38591,12692,,,1,100,,38594,12692,,,1,100,,38589,12692,,,1,100,,38595,12692,,,1,100,,38586,12692,,,1,100,,38596,12692,,,1,100,,38584,12692,,,1,100,,38581,12692,,,1,100,,38592,12692,,,1,100,,38590,12692,,,1,100,,38597,12692,,,1,100,,38593,12692,,,1,103,,38585,12692,,,1,97,,38583,12692,,,1
16001,'SA',611,,38606,12692,,,1,99,,38604,12692,,,1,99,,38602,12692,,,1,100,,16801,12692,,,1,99,,38601,12692,,,1,101,,38598,12692,,,1,100,,38605,12692,,,1,100,,38609,12692,,,1,100,,38599,12692,,,1,100,,38603,12692,,,1,100,,38610,12692,,,1,100,,16802,12692,,,1,100,,38600,12692,,,1,101,,38611,12692,,,1,99,,38607,12692,,,1,103,,38612,12692,,,1,97,,38608,12692,,,1
16001,'SE',622,,50303,12692,,,1,28,,50315,12692,,,1,68,,50297,12692,,,1,28,,50305,12692,,,1,63,,50309,12692,,,1,23,,50319,12692,,,1,68,,50307,12692,,,1,43,,50310,12692,,,1,98,,50308,12692,,,1,93,,50298,12692,,,1,100,,50299,12692,,,1,100,,50300,12692,,,1,100,,50311,12692,,,1,99,,50306,12692,,,1,93,,50313,12692,,,1,97,,50295,12692,,,1,30,,50312,12692,,,1,67,,50314,12692,,,1,25,,50316,12692,,,1,66,,50304,12692,,,1,99,,50301,12692,,,1,100,,50296,12692,,,1,101,,50302,12692,,,1,100,,50318,12692,,,1,90,,50317,12692,,,1
