601,'DI',621,,53163,8159,,,1,30,,53166,8159,,,1,70,,53167,8159,,,1,30,,53172,8159,,,1,70,,53164,8159,,,1,30,,53179,8159,,,1,70,,53185,8159,,,1,30,,53159,8159,,,1,75,,53173,8159,,,1,30,,53189,8159,,,1,70,,53168,8159,,,1,30,,53165,8159,,,1,70,,53160,8159,,,1,33,,53186,8159,,,1,70,,53181,8159,,,1,30,,53180,8159,,,1,70,,53158,8159,,,1,30,,53176,8159,,,1,70,,53187,8159,,,1,30,,53161,8159,,,1,70,,53170,8159,,,1,30,,53174,8159,,,1,70,,53177,8159,,,1,27,,53171,8159,,,1,70,,53175,8159,,,1,30,,53183,8159,,,1,100,,53178,8159,,,1,100,,53169,8159,,,1,100,,53182,8159,,,1,100,,53162,8159,,,1,100,,53188,8159,,,1,100,,53184,8159,,,1
601,'F1',621,,53195,8159,,,1,30,,53198,8159,,,1,70,,53199,8159,,,1,30,,53204,8159,,,1,70,,53196,8159,,,1,30,,53211,8159,,,1,70,,53217,8159,,,1,30,,53191,8159,,,1,75,,53205,8159,,,1,30,,53221,8159,,,1,70,,53200,8159,,,1,30,,53197,8159,,,1,70,,53192,8159,,,1,33,,53218,8159,,,1,70,,53213,8159,,,1,30,,53212,8159,,,1,70,,53190,8159,,,1,30,,53208,8159,,,1,70,,53219,8159,,,1,30,,53193,8159,,,1,70,,53202,8159,,,1,30,,53206,8159,,,1,70,,53209,8159,,,1,27,,53203,8159,,,1,70,,53207,8159,,,1,30,,53215,8159,,,1,100,,53210,8159,,,1,100,,53201,8159,,,1,100,,53214,8159,,,1,100,,53194,8159,,,1,100,,53220,8159,,,1,100,,53216,8159,,,1
601,'F2',621,,53228,8159,,,1,30,,53225,8159,,,1,70,,53247,8159,,,1,30,,53230,8159,,,1,70,,53241,8159,,,1,30,,53226,8159,,,1,74,,53242,8159,,,1,26,,53231,8159,,,1,77,,53223,8159,,,1,23,,53224,8159,,,1,75,,53249,8159,,,1,26,,53232,8159,,,1,70,,53237,8159,,,1,78,,53233,8159,,,1,30,,53238,8159,,,1,29,,53245,8159,,,1,70,,53234,8159,,,1,30,,53250,8159,,,1,70,,53246,8159,,,1,30,,53235,8159,,,1,70,,53243,8159,,,1,30,,53239,8159,,,1,70,,53236,8159,,,1,28,,53229,8159,,,1,70,,53240,8159,,,1,30,,53244,8159,,,1,100,,44001,8159,,,1,100,,53222,8159,,,1,100,,53227,8159,,,1,100,,53248,8159,,,1,100,,53251,8159,,,1,100,,43999,8159,,,1
601,'SA',621,,53258,8159,,,1,30,,53255,8159,,,1,70,,53277,8159,,,1,30,,53260,8159,,,1,70,,53271,8159,,,1,30,,53256,8159,,,1,74,,53272,8159,,,1,26,,53261,8159,,,1,77,,53253,8159,,,1,23,,53254,8159,,,1,75,,53279,8159,,,1,26,,53262,8159,,,1,70,,53267,8159,,,1,78,,53263,8159,,,1,30,,53268,8159,,,1,29,,53275,8159,,,1,70,,53264,8159,,,1,30,,53280,8159,,,1,70,,53276,8159,,,1,30,,53265,8159,,,1,70,,53273,8159,,,1,30,,53269,8159,,,1,70,,53266,8159,,,1,28,,53259,8159,,,1,70,,53270,8159,,,1,30,,53274,8159,,,1,100,,22739,8159,,,1,100,,53252,8159,,,1,100,,53257,8159,,,1,100,,53278,8159,,,1,100,,53281,8159,,,1,100,,22737,8159,,,1
601,'SE',537,,53290,8159,,,1,70,,53289,8159,,,1,32,,53305,8159,,,1,71,,53311,8159,,,1,25,,53294,8159,,,1,77,,53282,8159,,,1,29,,53292,8159,,,1,72,,53295,8159,,,1,28,,53298,8159,,,1,70,,53306,8159,,,1,30,,53291,8159,,,1,70,,53304,8159,,,1,30,,53288,8159,,,1,70,,53296,8159,,,1,30,,53284,8159,,,1,70,,53315,8159,,,1,30,,53316,8159,,,1,70,,53310,8159,,,1,30,,53308,8159,,,1,72,,53285,8159,,,1,30,,53301,8159,,,1,66,,53302,8159,,,1,38,,53299,8159,,,1,66,,53309,8159,,,1,31,,53312,8159,,,1,65,,53314,8159,,,1,31,,53317,8159,,,1,70,,53297,8159,,,1,27,,53318,8159,,,1,70,,53293,8159,,,1,30,,53300,8159,,,1,70,,53313,8159,,,1,30,,53307,8159,,,1,70,,53286,8159,,,1,98,,53283,8159,,,1,100,,53287,8159,,,1,100,,53303,8159,,,1
1301,'DI',641,,54120,9211,,,1,100,,54114,9211,,,1,100,,54121,9211,,,1,100,,54117,9211,,,1,100,,54131,9211,,,1,100,,54122,9211,,,1,100,,54118,9211,,,1,100,,54125,9211,,,1,100,,54132,9211,,,1,100,,54123,9211,,,1,100,,54115,9211,,,1,100,,54130,9211,,,1,100,,54127,9211,,,1,100,,54116,9211,,,1,100,,54119,9211,,,1,100,,54128,9211,,,1,100,,54126,9211,,,1,100,,54124,9211,,,1,100,,54133,9211,,,1,100,,54129,9211,,,1
1301,'F1',641,,54140,9211,,,1,100,,54134,9211,,,1,100,,54141,9211,,,1,100,,54137,9211,,,1,100,,54151,9211,,,1,100,,54142,9211,,,1,100,,54138,9211,,,1,100,,54145,9211,,,1,100,,54152,9211,,,1,100,,54143,9211,,,1,100,,54135,9211,,,1,100,,54150,9211,,,1,100,,54147,9211,,,1,100,,54136,9211,,,1,100,,54139,9211,,,1,100,,54148,9211,,,1,100,,54146,9211,,,1,100,,54144,9211,,,1,100,,54153,9211,,,1,100,,54149,9211,,,1
1301,'F2',641,,54154,9211,,,1,100,,54164,9211,,,1,100,,54155,9211,,,1,100,,54165,9211,,,1,100,,54166,9211,,,1,100,,54172,9211,,,1,100,,54167,9211,,,1,100,,54158,9211,,,1,100,,54160,9211,,,1,100,,54173,9211,,,1,100,,54157,9211,,,1,100,,54168,9211,,,1,100,,54161,9211,,,1,100,,54156,9211,,,1,100,,54159,9211,,,1,100,,54169,9211,,,1,100,,54162,9211,,,1,100,,54170,9211,,,1,100,,54163,9211,,,1,100,,54171,9211,,,1
1301,'SA',641,,54174,9211,,,1,100,,54184,9211,,,1,100,,54175,9211,,,1,100,,54185,9211,,,1,100,,54186,9211,,,1,100,,54192,9211,,,1,100,,54187,9211,,,1,100,,54178,9211,,,1,100,,54180,9211,,,1,100,,54193,9211,,,1,100,,54177,9211,,,1,100,,54188,9211,,,1,100,,54181,9211,,,1,100,,54176,9211,,,1,100,,54179,9211,,,1,100,,54189,9211,,,1,100,,54182,9211,,,1,100,,54190,9211,,,1,100,,54183,9211,,,1,100,,54191,9211,,,1
1301,'SE',549,,54207,9211,,,1,72,,54199,9211,,,1,31,,54200,9211,,,1,58,,54204,9211,,,1,14,,44597,9211,,,1,13,,54212,9211,,,1,14,,54196,9211,,,1,62,,54210,9211,,,1,12,,54217,9211,,,1,13,,44598,9211,,,1,15,,54226,9211,,,1,55,,54213,9211,,,1,20,,54221,9211,,,1,28,,54233,9211,,,1,70,,54194,9211,,,1,30,,54231,9211,,,1,70,,54215,9211,,,1,30,,54216,9211,,,1,70,,54222,9211,,,1,31,,54208,9211,,,1,70,,54234,9211,,,1,30,,54195,9211,,,1,70,,54232,9211,,,1,30,,54223,9211,,,1,69,,54218,9211,,,1,75,,54203,9211,,,1,29,,54209,9211,,,1,27,,54197,9211,,,1,55,,54229,9211,,,1,20,,54211,9211,,,1,22,,54227,9211,,,1,58,,54201,9211,,,1,19,,54205,9211,,,1,69,,54228,9211,,,1,28,,54219,9211,,,1,30,,54230,9211,,,1,70,,54198,9211,,,1,30,,54224,9211,,,1,70,,54225,9211,,,1,28,,54214,9211,,,1,100,,54220,9211,,,1,100,,54202,9211,,,1,100,,54206,9211,,,1,97,,44602,9211,,,1
1401,'SE',613,,54266,14958,,,1,36,,54252,14958,,,1,60,,54259,14958,,,1,20,,54263,14958,,,1,21,,54255,14958,,,1,60,,54254,14958,,,1,21,,54253,14958,,,1,20,,54256,14958,,,1,56,,54262,14958,,,1,24,,54261,14958,,,1,688,,54258,14958,,,1,35,,54265,14958,,,1,69,,54257,14958,,,1,27,,54264,14958,,,1,70,,54251,14958,,,1,30,,54260,14958,,,1
1501,'DI',710,,54376,10252,,,1,100,,54388,10252,,,1,100,,54385,10252,,,1,100,,54391,10252,,,1,101,,54384,10252,,,1,100,,54377,10252,,,1,100,,54387,10252,,,1,100,,54389,10252,,,1,100,,54379,10252,,,1,100,,54392,10252,,,1,100,,54382,10252,,,1,100,,54386,10252,,,1,100,,54380,10252,,,1,97,,54394,10252,,,1,100,,54393,10252,,,1,100,,54383,10252,,,1,100,,54378,10252,,,1,100,,54390,10252,,,1,100,,54381,10252,,,1
1501,'F1',710,,54395,10252,,,1,100,,54407,10252,,,1,100,,54404,10252,,,1,100,,54410,10252,,,1,101,,54403,10252,,,1,100,,54396,10252,,,1,100,,54406,10252,,,1,100,,54408,10252,,,1,100,,54398,10252,,,1,100,,54411,10252,,,1,100,,54401,10252,,,1,100,,54405,10252,,,1,100,,54399,10252,,,1,97,,54413,10252,,,1,100,,54412,10252,,,1,100,,54402,10252,,,1,100,,54397,10252,,,1,100,,54409,10252,,,1,100,,54400,10252,,,1
1501,'F2',709,,54426,10252,,,1,100,,54414,10252,,,1,100,,54419,10252,,,1,100,,54417,10252,,,1,100,,54429,10252,,,1,100,,44764,10252,,,1,100,,54422,10252,,,1,101,,54427,10252,,,1,100,,54424,10252,,,1,102,,54418,10252,,,1,98,,54430,10252,,,1,100,,54420,10252,,,1,100,,54423,10252,,,1,99,,54416,10252,,,1,100,,54425,10252,,,1,100,,54421,10252,,,1,100,,54415,10252,,,1,100,,44782,10252,,,1,100,,54428,10252,,,1
1501,'SA',709,,54443,10252,,,1,100,,54431,10252,,,1,100,,54436,10252,,,1,100,,54434,10252,,,1,100,,54446,10252,,,1,100,,24687,10252,,,1,100,,54439,10252,,,1,101,,54444,10252,,,1,100,,54441,10252,,,1,102,,54435,10252,,,1,98,,54447,10252,,,1,100,,54437,10252,,,1,100,,54440,10252,,,1,99,,54433,10252,,,1,100,,54442,10252,,,1,100,,54438,10252,,,1,100,,54432,10252,,,1,100,,24705,10252,,,1,100,,54445,10252,,,1
1501,'SE',534,,54449,10252,,,1,86,,54456,10252,,,1,31,,54450,10252,,,1,73,,54453,10252,,,1,22,,54484,10252,,,1,60,,54458,10252,,,1,20,,54459,10252,,,1,30,,54461,10252,,,1,72,,54462,10252,,,1,27,,54475,10252,,,1,68,,54467,10252,,,1,30,,54460,10252,,,1,70,,54468,10252,,,1,30,,54481,10252,,,1,71,,54480,10252,,,1,30,,54469,10252,,,1,70,,54454,10252,,,1,30,,54448,10252,,,1,70,,54470,10252,,,1,30,,54455,10252,,,1,73,,54463,10252,,,1,31,,54464,10252,,,1,63,,54451,10252,,,1,79,,54479,10252,,,1,27,,54471,10252,,,1,30,,54452,10252,,,1,70,,54465,10252,,,1,26,,54482,10252,,,1,70,,54485,10252,,,1,30,,54483,10252,,,1,68,,54478,10252,,,1,30,,54477,10252,,,1,70,,54474,10252,,,1,30,,54476,10252,,,1,70,,54473,10252,,,1,30,,54466,10252,,,1,98,,54472,10252,,,1,100,,44809,10252,,,1,99,,54457,10252,,,1
50601,'SE',1639,,63426,1131,,,2,1,,63427,1131,,,2
60001,'SE',909,,63479,5889,,,2
61301,'SE',909,,63496,8199,,,2
61801,'SE',859,,63500,9123,,,2
