800,'DI',603,,53345,7626,,,1,33,,53319,7626,,,1,70,,53327,7626,,,1,30,,53333,7626,,,1,70,,53346,7626,,,1,30,,53320,7626,,,1,72,,53328,7626,,,1,30,,53334,7626,,,1,70,,53347,7626,,,1,30,,53321,7626,,,1,70,,53329,7626,,,1,30,,53335,7626,,,1,72,,53348,7626,,,1,30,,53322,7626,,,1,70,,53330,7626,,,1,30,,53342,7626,,,1,70,,53349,7626,,,1,30,,53343,7626,,,1,70,,53331,7626,,,1,29,,53336,7626,,,1,70,,53350,7626,,,1,30,,53344,7626,,,1,69,,53332,7626,,,1,30,,53337,7626,,,1,72,,53351,7626,,,1,43,,53323,7626,,,1,100,,53338,7626,,,1,100,,53324,7626,,,1,99,,53339,7626,,,1,100,,53325,7626,,,1,100,,53340,7626,,,1,100,,53326,7626,,,1,100,,53341,7626,,,1
800,'F1',603,,53378,7626,,,1,33,,53352,7626,,,1,70,,53360,7626,,,1,30,,53366,7626,,,1,70,,53379,7626,,,1,30,,53353,7626,,,1,72,,53361,7626,,,1,30,,53367,7626,,,1,70,,53380,7626,,,1,30,,53354,7626,,,1,70,,53362,7626,,,1,30,,53368,7626,,,1,72,,53381,7626,,,1,30,,53355,7626,,,1,70,,53363,7626,,,1,30,,53375,7626,,,1,70,,53382,7626,,,1,30,,53376,7626,,,1,70,,53364,7626,,,1,29,,53369,7626,,,1,70,,53383,7626,,,1,30,,53377,7626,,,1,69,,53365,7626,,,1,30,,53370,7626,,,1,72,,53384,7626,,,1,43,,53356,7626,,,1,100,,53371,7626,,,1,100,,53357,7626,,,1,99,,53372,7626,,,1,100,,53358,7626,,,1,100,,53373,7626,,,1,100,,53359,7626,,,1,100,,53374,7626,,,1
800,'F2',604,,53405,7626,,,1,30,,53389,7626,,,1,72,,53393,7626,,,1,30,,53400,7626,,,1,71,,53406,7626,,,1,30,,53390,7626,,,1,70,,53394,7626,,,1,31,,53401,7626,,,1,70,,53407,7626,,,1,30,,53391,7626,,,1,70,,53395,7626,,,1,30,,53402,7626,,,1,68,,53408,7626,,,1,32,,53392,7626,,,1,70,,53396,7626,,,1,30,,53403,7626,,,1,70,,53409,7626,,,1,30,,44107,7626,,,1,70,,53397,7626,,,1,30,,53415,7626,,,1,70,,53410,7626,,,1,30,,44108,7626,,,1,70,,53398,7626,,,1,30,,53416,7626,,,1,72,,53411,7626,,,1,28,,53385,7626,,,1,70,,53399,7626,,,1,46,,53412,7626,,,1,98,,53386,7626,,,1,100,,53413,7626,,,1,100,,53387,7626,,,1,100,,53414,7626,,,1,100,,53388,7626,,,1,100,,53404,7626,,,1
800,'SA',604,,53437,7626,,,1,30,,53421,7626,,,1,72,,53425,7626,,,1,30,,53432,7626,,,1,71,,53438,7626,,,1,30,,53422,7626,,,1,70,,53426,7626,,,1,31,,53433,7626,,,1,70,,53439,7626,,,1,30,,53423,7626,,,1,70,,53427,7626,,,1,30,,53434,7626,,,1,68,,53440,7626,,,1,32,,53424,7626,,,1,70,,53428,7626,,,1,30,,53435,7626,,,1,70,,53441,7626,,,1,30,,2660,7626,,,1,70,,53429,7626,,,1,30,,53447,7626,,,1,70,,53442,7626,,,1,30,,2661,7626,,,1,70,,53430,7626,,,1,30,,53448,7626,,,1,72,,53443,7626,,,1,28,,53417,7626,,,1,70,,53431,7626,,,1,46,,53444,7626,,,1,98,,53418,7626,,,1,100,,53445,7626,,,1,100,,53419,7626,,,1,100,,53446,7626,,,1,100,,53420,7626,,,1,100,,53436,7626,,,1
800,'SE',509,,44153,7626,,,1,28,,53469,7626,,,1,22,,53461,7626,,,1,81,,53449,7626,,,1,70,,44154,7626,,,1,21,,53470,7626,,,1,19,,53451,7626,,,1,53,,53485,7626,,,1,15,,53452,7626,,,1,15,,53481,7626,,,1,15,,53475,7626,,,1,57,,53488,7626,,,1,15,,44124,7626,,,1,15,,53471,7626,,,1,15,,53462,7626,,,1,55,,53486,7626,,,1,15,,53453,7626,,,1,15,,53482,7626,,,1,15,,53476,7626,,,1,55,,53489,7626,,,1,15,,53450,7626,,,1,17,,53457,7626,,,1,15,,53472,7626,,,1,55,,53466,7626,,,1,15,,53487,7626,,,1,15,,53505,7626,,,1,15,,53483,7626,,,1,55,,53479,7626,,,1,15,,53490,7626,,,1,15,,53492,7626,,,1,15,,53507,7626,,,1,55,,53495,7626,,,1,15,,53467,7626,,,1,17,,53454,7626,,,1,15,,53506,7626,,,1,54,,53477,7626,,,1,14,,53460,7626,,,1,4,,53491,7626,,,1,13,,53498,7626,,,1,15,,53493,7626,,,1,55,,53458,7626,,,1,15,,53478,7626,,,1,15,,53496,7626,,,1,12,,53468,7626,,,1,52,,53511,7626,,,1,13,,53484,7626,,,1,11,,53459,7626,,,1,12,,53503,7626,,,1,12,,53508,7626,,,1,51,,53499,7626,,,1,12,,53494,7626,,,1,12,,53504,7626,,,1,9,,53480,7626,,,1,10,,53473,7626,,,1,10,,53497,7626,,,1,60,,53500,7626,,,1,27,,53509,7626,,,1,68,,53512,7626,,,1,30,,53474,7626,,,1,68,,53501,7626,,,1,30,,53510,7626,,,1,70,,53513,7626,,,1,45,,53463,7626,,,1,100,,53502,7626,,,1,97,,53464,7626,,,1,100,,53465,7626,,,1
2800,'DI',900,,56189,7626,0,32 33,1,101,,56184,7626,0,32 33,1,100,,56188,7626,0,32 33,1,100,,56185,7626,0,32 33,1,100,,56187,7626,0,32 33,1,100,,56183,7626,0,32 33,1,100,,56186,7626,0,32 33,1,101,,56182,7626,0,32 33,1,99,,56190,7626,0,32 33,1,100,,56191,7626,0,32 33,1
2800,'F1',900,,56199,7626,0,32 33,1,101,,56194,7626,0,32 33,1,100,,56198,7626,0,32 33,1,100,,56195,7626,0,32 33,1,100,,56197,7626,0,32 33,1,100,,56193,7626,0,32 33,1,100,,56196,7626,0,32 33,1,101,,56192,7626,0,32 33,1,99,,56200,7626,0,32 33,1,100,,56201,7626,0,32 33,1
2800,'F2',902,,56207,7626,0,32 33,1,99,,56205,7626,0,32 33,1,103,,56202,7626,0,32 33,1,97,,56208,7626,0,32 33,1,101,,45930,7626,0,32 33,1,100,,56210,7626,0,32 33,1,99,,56204,7626,0,32 33,1,103,,56203,7626,0,32 33,1,99,,56206,7626,0,32 33,1,98,,56209,7626,0,32 33,1
2800,'SA',902,,56216,7626,0,32 33,1,99,,56214,7626,0,32 33,1,103,,56211,7626,0,32 33,1,97,,56217,7626,0,32 33,1,101,,6923,7626,0,32 33,1,100,,56219,7626,0,32 33,1,99,,56213,7626,0,32 33,1,103,,56212,7626,0,32 33,1,99,,56215,7626,0,32 33,1,98,,56218,7626,0,32 33,1
2800,'SE',628,,56256,7626,0,32 33,1,86,,56253,7626,0,32 33,1,22,,56259,7626,0,32 33,1,3,,56252,7626,0,32 33,1,16,,56233,7626,0,32 33,1,53,,56240,7626,0,32 33,1,15,,56258,7626,0,32 33,1,15,,56220,7626,0,32 33,1,14,,56222,7626,0,32 33,1,58,,56221,7626,0,32 33,1,30,,56236,7626,0,32 33,1,70,,56241,7626,0,32 33,1,30,,56232,7626,0,32 33,1,70,,56223,7626,0,32 33,1,32,,56242,7626,0,32 33,1,70,,56226,7626,0,32 33,1,30,,56224,7626,0,32 33,1,70,,56243,7626,0,32 33,1,30,,56227,7626,0,32 33,1,70,,56225,7626,0,32 33,1,31,,56238,7626,0,32 33,1,71,,56254,7626,0,32 33,1,16,,56244,7626,0,32 33,1,14,,56229,7626,0,32 33,1,15,,56246,7626,0,32 33,1,55,,56257,7626,0,32 33,1,15,,56228,7626,0,32 33,1,14,,56231,7626,0,32 33,1,12,,56255,7626,0,32 33,1,52,,56245,7626,0,32 33,1,12,,56230,7626,0,32 33,1,12,,56235,7626,0,32 33,1,12,,56247,7626,0,32 33,1,12,,56239,7626,0,32 33,1,51,,45957,7626,0,32 33,1,12,,56249,7626,0,32 33,1,11,,56250,7626,0,32 33,1,13,,56248,7626,0,32 33,1,95,,56234,7626,0,32 33,1,98,,56251,7626,0,32 33,1,98,,56237,7626,0,32 33,1
8800,'DI',721,,60913,7626,,,1,30,,60910,7626,,,1,70,,60920,7626,,,1,30,,60927,7626,,,1,70,,60914,7626,,,1,30,,60911,7626,,,1,72,,60921,7626,,,1,30,,60928,7626,,,1,70,,60917,7626,,,1,30,,60912,7626,,,1,70,,60922,7626,,,1,30,,60926,7626,,,1,70,,60929,7626,,,1,30,,60909,7626,,,1,70,,60923,7626,,,1,30,,60907,7626,,,1,70,,60930,7626,,,1,30,,60918,7626,,,1,70,,60924,7626,,,1,30,,60908,7626,,,1,70,,60931,7626,,,1,30,,60919,7626,,,1,70,,60925,7626,,,1,100,,60933,7626,,,1,100,,60932,7626,,,1,100,,60934,7626,,,1,100,,60915,7626,,,1,97,,60935,7626,,,1,100,,60916,7626,,,1,100,,60906,7626,,,1
8800,'F1',721,,60943,7626,,,1,30,,60940,7626,,,1,70,,60950,7626,,,1,30,,60957,7626,,,1,70,,60944,7626,,,1,30,,60941,7626,,,1,72,,60951,7626,,,1,30,,60958,7626,,,1,70,,60947,7626,,,1,30,,60942,7626,,,1,70,,60952,7626,,,1,30,,60956,7626,,,1,70,,60959,7626,,,1,30,,60939,7626,,,1,70,,60953,7626,,,1,30,,60937,7626,,,1,70,,60960,7626,,,1,30,,60948,7626,,,1,70,,60954,7626,,,1,30,,60938,7626,,,1,70,,60961,7626,,,1,30,,60949,7626,,,1,70,,60955,7626,,,1,100,,60963,7626,,,1,100,,60962,7626,,,1,100,,60964,7626,,,1,100,,60945,7626,,,1,97,,60965,7626,,,1,100,,60946,7626,,,1,100,,60936,7626,,,1
8800,'F2',721,,60972,7626,,,1,30,,60978,7626,,,1,71,,60985,7626,,,1,30,,60987,7626,,,1,71,,60973,7626,,,1,30,,60979,7626,,,1,70,,60986,7626,,,1,30,,60988,7626,,,1,70,,60974,7626,,,1,30,,60980,7626,,,1,70,,60992,7626,,,1,30,,60989,7626,,,1,70,,60975,7626,,,1,30,,60981,7626,,,1,70,,60995,7626,,,1,30,,60967,7626,,,1,70,,60976,7626,,,1,30,,60970,7626,,,1,70,,60996,7626,,,1,30,,60968,7626,,,1,71,,60991,7626,,,1,29,,60971,7626,,,1,71,,60993,7626,,,1,29,,60969,7626,,,1,70,,60982,7626,,,1,100,,60994,7626,,,1,99,,60983,7626,,,1,99,,60990,7626,,,1,100,,60984,7626,,,1,100,,60966,7626,,,1,100,,60977,7626,,,1
8800,'SA',721,,61003,7626,,,1,30,,61009,7626,,,1,71,,61016,7626,,,1,30,,61018,7626,,,1,71,,61004,7626,,,1,30,,61010,7626,,,1,70,,61017,7626,,,1,30,,61019,7626,,,1,70,,61005,7626,,,1,30,,61011,7626,,,1,70,,61023,7626,,,1,30,,61020,7626,,,1,70,,61006,7626,,,1,30,,61012,7626,,,1,70,,61026,7626,,,1,30,,60998,7626,,,1,70,,61007,7626,,,1,30,,61001,7626,,,1,70,,61027,7626,,,1,30,,60999,7626,,,1,71,,61022,7626,,,1,29,,61002,7626,,,1,71,,61024,7626,,,1,29,,61000,7626,,,1,70,,61013,7626,,,1,100,,61025,7626,,,1,99,,61014,7626,,,1,99,,61021,7626,,,1,100,,61015,7626,,,1,100,,60997,7626,,,1,100,,61008,7626,,,1
8800,'SE',723,,61071,7626,,,1,21,,61070,7626,,,1,15,,61042,7626,,,1,54,,61045,7626,,,1,15,,61046,7626,,,1,15,,61047,7626,,,1,15,,61034,7626,,,1,69,,61030,7626,,,1,30,,61059,7626,,,1,70,,61069,7626,,,1,30,,61031,7626,,,1,72,,61066,7626,,,1,30,,61067,7626,,,1,70,,61028,7626,,,1,30,,61062,7626,,,1,70,,61068,7626,,,1,30,,61060,7626,,,1,72,,61064,7626,,,1,70,,61063,7626,,,1,17,,61043,7626,,,1,16,,61074,7626,,,1,15,,61035,7626,,,1,55,,61072,7626,,,1,15,,61049,7626,,,1,15,,61061,7626,,,1,13,,61065,7626,,,1,12,,61029,7626,,,1,52,,61073,7626,,,1,12,,61054,7626,,,1,13,,61044,7626,,,1,11,,61036,7626,,,1,11,,61075,7626,,,1,52,,61037,7626,,,1,12,,61039,7626,,,1,9,,61050,7626,,,1,19,,61038,7626,,,1,55,,61076,7626,,,1,22,,61055,7626,,,1,28,,61040,7626,,,1,70,,61051,7626,,,1,28,,61077,7626,,,1,70,,61056,7626,,,1,30,,61041,7626,,,1,70,,61052,7626,,,1,100,,61057,7626,,,1,99,,61053,7626,,,1,98,,61058,7626,,,1
