3801,'DI',610,,57151,1014,,,1,100,,57154,1014,,,1,100,,57145,1014,,,1,100,,57158,1014,,,1,100,,57156,1014,,,1,100,,57160,1014,,,1,100,,57148,1014,,,1,100,,57155,1014,,,1,98,,57152,1014,,,1,99,,57159,1014,,,1,102,,57146,1014,,,1,101,,57153,1014,,,1,100,,57161,1014,,,1,100,,57149,1014,,,1,100,,57157,1014,,,1,100,,57162,1014,,,1,100,,57147,1014,,,1,100,,57150,1014,,,1,100,,57144,1014,,,1
3801,'F1',610,,57170,1014,,,1,100,,57173,1014,,,1,100,,57164,1014,,,1,100,,57177,1014,,,1,100,,57175,1014,,,1,100,,57179,1014,,,1,100,,57167,1014,,,1,100,,57174,1014,,,1,98,,57171,1014,,,1,99,,57178,1014,,,1,102,,57165,1014,,,1,101,,57172,1014,,,1,100,,57180,1014,,,1,100,,57168,1014,,,1,100,,57176,1014,,,1,100,,57181,1014,,,1,100,,57166,1014,,,1,100,,57169,1014,,,1,100,,57163,1014,,,1
3801,'F2',609,,57188,1014,,,1,100,,57192,1014,,,1,99,,57183,1014,,,1,101,,57197,1014,,,1,100,,57184,1014,,,1,100,,57189,1014,,,1,100,,57199,1014,,,1,100,,57185,1014,,,1,100,,57193,1014,,,1,100,,57198,1014,,,1,100,,57194,1014,,,1,100,,57182,1014,,,1,100,,57200,1014,,,1,100,,57190,1014,,,1,100,,57186,1014,,,1,100,,57187,1014,,,1,100,,57195,1014,,,1,100,,57191,1014,,,1,100,,57196,1014,,,1
3801,'SA',609,,57207,1014,,,1,100,,57211,1014,,,1,99,,57202,1014,,,1,101,,57216,1014,,,1,100,,57203,1014,,,1,100,,57208,1014,,,1,100,,57218,1014,,,1,100,,57204,1014,,,1,100,,57212,1014,,,1,100,,57217,1014,,,1,100,,57213,1014,,,1,100,,57201,1014,,,1,100,,57219,1014,,,1,100,,57209,1014,,,1,100,,57205,1014,,,1,100,,57206,1014,,,1,100,,57214,1014,,,1,100,,57210,1014,,,1,100,,57215,1014,,,1
3801,'SE',519,,57249,1014,,,1,30,,57224,1014,,,1,70,,57220,1014,,,1,34,,57233,1014,,,1,73,,57225,1014,,,1,24,,57221,1014,,,1,69,,57240,1014,,,1,35,,57226,1014,,,1,70,,57238,1014,,,1,35,,57243,1014,,,1,100,,57223,1014,,,1,100,,57234,1014,,,1,100,,57244,1014,,,1,98,,57222,1014,,,1,97,,57228,1014,,,1,55,,57237,1014,,,1,17,,57235,1014,,,1,21,,57246,1014,,,1,61,,57229,1014,,,1,20,,57236,1014,,,1,21,,57245,1014,,,1,60,,57247,1014,,,1,19,,57231,1014,,,1,22,,57232,1014,,,1,59,,57251,1014,,,1,20,,57248,1014,,,1,80,,57242,1014,,,1,95,,57250,1014,,,1,100,,57241,1014,,,1,100,,57227,1014,,,1,100,,57230,1014,,,1,100,,57239,1014,,,1
4200,'DI',613,,57252,994,,,1,100,,57253,994,,,1,100,,57254,994,,,1,100,,57255,994,,,1,100,,57256,994,,,1,100,,57257,994,,,1,100,,57258,994,,,1,100,,57259,994,,,1,100,,57260,994,,,1,100,,57261,994,,,1,100,,57262,994,,,1,100,,57263,994,,,1,100,,57264,994,,,1,100,,57265,994,,,1,100,,57266,994,,,1,100,,57267,994,,,1,100,,57268,994,,,1,100,,57269,994,,,1,100,,57270,994,,,1,100,,57271,994,,,1
4200,'F1',613,,57272,994,,,1,100,,57273,994,,,1,100,,57274,994,,,1,100,,57275,994,,,1,100,,57276,994,,,1,100,,57277,994,,,1,100,,57278,994,,,1,100,,57279,994,,,1,100,,57280,994,,,1,100,,57281,994,,,1,100,,57282,994,,,1,100,,57283,994,,,1,100,,57284,994,,,1,100,,57285,994,,,1,100,,57286,994,,,1,100,,57287,994,,,1,100,,57288,994,,,1,100,,57289,994,,,1,100,,57290,994,,,1,100,,57291,994,,,1
4200,'F2',613,,57292,994,,,1,100,,57293,994,,,1,100,,57294,994,,,1,100,,57295,994,,,1,100,,57296,994,,,1,100,,57297,994,,,1,100,,57298,994,,,1,100,,57299,994,,,1,100,,57300,994,,,1,100,,57301,994,,,1,100,,57302,994,,,1,100,,57303,994,,,1,100,,57304,994,,,1,100,,57305,994,,,1,100,,57306,994,,,1,100,,57307,994,,,1,100,,57308,994,,,1,100,,57309,994,,,1,100,,57310,994,,,1,100,,57311,994,,,1
4200,'SA',613,,57312,994,,,1,100,,57313,994,,,1,100,,57314,994,,,1,100,,57315,994,,,1,100,,57316,994,,,1,100,,57317,994,,,1,100,,57318,994,,,1,100,,57319,994,,,1,100,,57320,994,,,1,100,,57321,994,,,1,100,,57322,994,,,1,100,,57323,994,,,1,100,,57324,994,,,1,100,,57325,994,,,1,100,,57326,994,,,1,100,,57327,994,,,1,100,,57328,994,,,1,100,,57329,994,,,1,100,,57330,994,,,1,100,,57331,994,,,1
4200,'SE',555,,57363,994,,,1,76,,57346,994,,,1,28,,57360,994,,,1,52,,57345,994,,,1,6,,57340,994,,,1,6,,57349,994,,,1,6,,57347,994,,,1,22,,57350,994,,,1,62,,57373,994,,,1,34,,57369,994,,,1,70,,57374,994,,,1,30,,57348,994,,,1,70,,57342,994,,,1,30,,57343,994,,,1,70,,57339,994,,,1,30,,57362,994,,,1,70,,57335,994,,,1,30,,57332,994,,,1,70,,57370,994,,,1,30,,57341,994,,,1,70,,57338,994,,,1,30,,57336,994,,,1,71,,57351,994,,,1,30,,57372,994,,,1,66,,57333,994,,,1,24,,57361,994,,,1,15,,57337,994,,,1,54,,57344,994,,,1,14,,57371,994,,,1,14,,57352,994,,,1,15,,57334,994,,,1,68,,57366,994,,,1,30,,57353,994,,,1,73,,57367,994,,,1,34,,57354,994,,,1,70,,57368,994,,,1,30,,57355,994,,,1,70,,57364,994,,,1,30,,57356,994,,,1,70,,57365,994,,,1,91,,57357,994,,,1,100,,57358,994,,,1,100,,57359,994,,,1
5000,'DI',716,,58000,1014,,,2,100,,58001,1014,,,2,100,,58007,1014,,,2,103,,58008,1014,,,2,94,,58002,1014,,,2,103,,58003,1014,,,2,103,,58004,1014,,,2,97,,57992,1014,,,2,96,,57994,1014,,,2,103,,57995,1014,,,2,106,,57996,1014,,,2,95,,58009,1014,,,2,100,,58005,1014,,,2,100,,57999,1014,,,2,100,,57997,1014,,,2,100,,58011,1014,,,2,100,,57998,1014,,,2,100,,57993,1014,,,2,100,,58010,1014,,,2
5000,'F1',716,,58020,1014,,,2,100,,58021,1014,,,2,100,,58027,1014,,,2,103,,58028,1014,,,2,94,,58022,1014,,,2,103,,58023,1014,,,2,103,,58024,1014,,,2,97,,58012,1014,,,2,96,,58014,1014,,,2,103,,58015,1014,,,2,106,,58016,1014,,,2,95,,58029,1014,,,2,100,,58025,1014,,,2,100,,58019,1014,,,2,100,,58017,1014,,,2,100,,58031,1014,,,2,100,,58018,1014,,,2,100,,58013,1014,,,2,100,,58030,1014,,,2
5000,'F2',616,,58032,1014,,,2,98,,58036,1014,,,2,102,,58038,1014,,,2,97,,58046,1014,,,2,103,,58043,1014,,,2,96,,58047,1014,,,2,102,,58033,1014,,,2,98,,58037,1014,,,2,99,,47381,1014,,,2,103,,58048,1014,,,2,103,,58049,1014,,,2,103,,58050,1014,,,2,96,,58034,1014,,,2,100,,58040,1014,,,2,100,,58039,1014,,,2,100,,58041,1014,,,2,97,,58044,1014,,,2,103,,58045,1014,,,2,101,,58035,1014,,,2,99,,58042,1014,,,2
5000,'SA',616,,58051,1014,,,2,98,,58055,1014,,,2,102,,58057,1014,,,2,97,,58065,1014,,,2,103,,58062,1014,,,2,96,,58066,1014,,,2,102,,58052,1014,,,2,98,,58056,1014,,,2,99,,31377,1014,,,2,103,,58067,1014,,,2,103,,58068,1014,,,2,103,,58069,1014,,,2,96,,58053,1014,,,2,100,,58059,1014,,,2,100,,58058,1014,,,2,100,,58060,1014,,,2,97,,58063,1014,,,2,103,,58064,1014,,,2,101,,58054,1014,,,2,99,,58061,1014,,,2
5000,'SE',706,,58082,1014,,,2,30,,58075,1014,,,2,70,,58081,1014,,,2,33,,58076,1014,,,2,67,,58073,1014,,,2,100,,58095,1014,,,2,100,,58088,1014,,,2,100,,58071,1014,,,2,100,,58078,1014,,,2,99,,58085,1014,,,2,102,,58079,1014,,,2,28,,58083,1014,,,2,70,,47419,1014,,,2,34,,58084,1014,,,2,66,,58086,1014,,,2,30,,58074,1014,,,2,70,,58091,1014,,,2,31,,58093,1014,,,2,70,,58087,1014,,,2,100,,58090,1014,,,2,100,,58092,1014,,,2,100,,58080,1014,,,2,100,,58070,1014,,,2,100,,58096,1014,,,2,100,,58094,1014,,,2
6000,'SE',624,,58258,994,,,1,83,,58256,994,,,1,37,,58259,994,,,1,87,,58257,994,,,1,101,,58251,994,,,1,100,,58269,994,,,1,100,,58254,994,,,1,100,,58252,994,,,1,100,,58255,994,,,1,100,,58271,994,,,1,96,,58260,994,,,1,30,,58267,994,,,1,64,,58253,994,,,1,24,,58264,994,,,1,68,,58262,994,,,1,28,,58261,994,,,1,66,,58265,994,,,1,30,,58263,994,,,1,69,,58250,994,,,1,99,,58272,994,,,1,100,,58273,994,,,1,100,,58266,994,,,1,50,,58268,994,,,1,100,,58270,994,,,1
16000,'DI',653,,62163,994,0,19 20,1,100,,62168,994,0,19 20,1,100,,62162,994,0,19 20,1,100,,62156,994,0,19 20,1,100,,62159,994,0,19 20,1,100,,62165,994,0,19 20,1,100,,62160,994,0,19 20,1,100,,62169,994,0,19 20,1,100,,62161,994,0,19 20,1,100,,62164,994,0,19 20,1,100,,62157,994,0,19 20,1,100,,62166,994,0,19 20,1,100,,62170,994,0,19 20,1,102,,62158,994,0,19 20,1,98,,62167,994,0,19 20,1
16000,'F1',653,,62178,994,0,19 20,1,100,,62183,994,0,19 20,1,100,,62177,994,0,19 20,1,100,,62171,994,0,19 20,1,100,,62174,994,0,19 20,1,100,,62180,994,0,19 20,1,100,,62175,994,0,19 20,1,100,,62184,994,0,19 20,1,100,,62176,994,0,19 20,1,100,,62179,994,0,19 20,1,100,,62172,994,0,19 20,1,100,,62181,994,0,19 20,1,100,,62185,994,0,19 20,1,102,,62173,994,0,19 20,1,98,,62182,994,0,19 20,1
16000,'F2',653,,62197,994,0,19 20,1,99,,62186,994,0,19 20,1,101,,62198,994,0,19 20,1,100,,50222,994,0,19 20,1,100,,62191,994,0,19 20,1,99,,62194,994,0,19 20,1,101,,62192,994,0,19 20,1,100,,62189,994,0,19 20,1,100,,62199,994,0,19 20,1,100,,62190,994,0,19 20,1,100,,62187,994,0,19 20,1,100,,62195,994,0,19 20,1,100,,62193,994,0,19 20,1,101,,62188,994,0,19 20,1,99,,62196,994,0,19 20,1
16000,'SA',653,,62211,994,0,19 20,1,99,,62200,994,0,19 20,1,101,,62212,994,0,19 20,1,100,,38455,994,0,19 20,1,100,,62205,994,0,19 20,1,99,,62208,994,0,19 20,1,101,,62206,994,0,19 20,1,100,,62203,994,0,19 20,1,100,,62213,994,0,19 20,1,100,,62204,994,0,19 20,1,100,,62201,994,0,19 20,1,100,,62209,994,0,19 20,1,100,,62207,994,0,19 20,1,101,,62202,994,0,19 20,1,99,,62210,994,0,19 20,1
16000,'SE',607,,62221,994,0,19 20,1,95,,62214,994,0,19 20,1,38,,62219,994,0,19 20,1,95,,62215,994,0,19 20,1,89,,62218,994,0,19 20,1,86,,62230,994,0,19 20,1,100,,62228,994,0,19 20,1,100,,62222,994,0,19 20,1,100,,62216,994,0,19 20,1,100,,62231,994,0,19 20,1,98,,62220,994,0,19 20,1,30,,62229,994,0,19 20,1,68,,62232,994,0,19 20,1,24,,62237,994,0,19 20,1,70,,62234,994,0,19 20,1,28,,62233,994,0,19 20,1,30,,62223,994,0,19 20,1,70,,62236,994,0,19 20,1,30,,62235,994,0,19 20,1,87,,62217,994,0,19 20,1,100,,62224,994,0,19 20,1,100,,62226,994,0,19 20,1,92,,62225,994,0,19 20,1,100,,62227,994,0,19 20,1
54201,'SE',858,,63455,1080,,,2
