2900,'DI',656,,56336,9931,,,1,100,,56337,9931,,,1,100,,56338,9931,,,1,100,,56339,9931,,,1,100,,56340,9931,,,1,100,,56341,9931,,,1,100,,56342,9931,,,1,100,,56343,9931,,,1,100,,56344,9931,,,1,100,,56345,9931,,,1,100,,56346,9931,,,1,100,,56347,9931,,,1,100,,56348,9931,,,1,100,,56349,9931,,,1,100,,56350,9931,,,1,100,,56351,9931,,,1,100,,56352,9931,,,1,100,,56353,9931,,,1,160,,56354,9931,,,1
2900,'F1',656,,56355,9931,,,1,100,,56356,9931,,,1,100,,56357,9931,,,1,100,,56358,9931,,,1,100,,56359,9931,,,1,100,,56360,9931,,,1,100,,56361,9931,,,1,100,,56362,9931,,,1,100,,56363,9931,,,1,100,,56364,9931,,,1,100,,56365,9931,,,1,100,,56366,9931,,,1,100,,56367,9931,,,1,100,,56368,9931,,,1,100,,56369,9931,,,1,100,,56370,9931,,,1,100,,56371,9931,,,1,100,,56372,9931,,,1,160,,56373,9931,,,1
2900,'F2',656,,56382,9931,,,1,100,,56383,9931,,,1,100,,56384,9931,,,1,100,,56385,9931,,,1,100,,56386,9931,,,1,100,,56387,9931,,,1,100,,56388,9931,,,1,100,,56389,9931,,,1,99,,56390,9931,,,1,99,,56391,9931,,,1,99,,56392,9931,,,1,148,,56374,9931,,,1,99,,56375,9931,,,1,57,,56376,9931,,,1,99,,56377,9931,,,1,100,,56378,9931,,,1,100,,56379,9931,,,1,100,,56380,9931,,,1,160,,56381,9931,,,1
2900,'SA',656,,56401,9931,,,1,100,,56402,9931,,,1,100,,56403,9931,,,1,100,,56404,9931,,,1,100,,56405,9931,,,1,100,,56406,9931,,,1,100,,56407,9931,,,1,100,,56408,9931,,,1,99,,56409,9931,,,1,99,,56410,9931,,,1,99,,56411,9931,,,1,148,,56393,9931,,,1,99,,56394,9931,,,1,57,,56395,9931,,,1,99,,56396,9931,,,1,100,,56397,9931,,,1,100,,56398,9931,,,1,100,,56399,9931,,,1,160,,56400,9931,,,1
2900,'SE',625,,56423,9931,,,1,26,,56432,9931,,,1,77,,56414,9931,,,1,27,,56437,9931,,,1,70,,56427,9931,,,1,31,,56435,9931,,,1,103,,56413,9931,,,1,100,,56434,9931,,,1,100,,56438,9931,,,1,100,,56431,9931,,,1,100,,56421,9931,,,1,99,,56433,9931,,,1,75,,56436,9931,,,1,26,,56412,9931,,,1,74,,56430,9931,,,1,20,,56415,9931,,,1,69,,56416,9931,,,1,14,,56426,9931,,,1,68,,56424,9931,,,1,28,,56417,9931,,,1,27,,56422,9931,,,1,99,,56425,9931,,,1,99,,56418,9931,,,1,99,,56419,9931,,,1,99,,56420,9931,,,1,100,,56428,9931,,,1,157,,56429,9931,,,1
8100,'DI',702,,60369,6590,,,1,100,,60378,6590,,,1,103,,60364,6590,,,1,100,,60381,6590,,,1,100,,60379,6590,,,1,100,,60366,6590,,,1,100,,60365,6590,,,1,100,,60373,6590,,,1,100,,60375,6590,,,1,100,,60382,6590,,,1,96,,60367,6590,,,1,108,,60377,6590,,,1,96,,60371,6590,,,1,100,,60370,6590,,,1,100,,60376,6590,,,1,100,,60372,6590,,,1,100,,60374,6590,,,1,100,,60368,6590,,,1,100,,60380,6590,,,1
8100,'F1',702,,60388,6590,,,1,100,,60397,6590,,,1,103,,60383,6590,,,1,100,,60400,6590,,,1,100,,60398,6590,,,1,100,,60385,6590,,,1,100,,60384,6590,,,1,100,,60392,6590,,,1,100,,60394,6590,,,1,100,,60401,6590,,,1,96,,60386,6590,,,1,108,,60396,6590,,,1,96,,60390,6590,,,1,100,,60389,6590,,,1,100,,60395,6590,,,1,100,,60391,6590,,,1,100,,60393,6590,,,1,100,,60387,6590,,,1,100,,60399,6590,,,1
8100,'F2',702,,60405,6590,,,1,100,,60403,6590,,,1,103,,60420,6590,,,1,100,,60406,6590,,,1,100,,60409,6590,,,1,100,,60410,6590,,,1,100,,60413,6590,,,1,100,,60411,6590,,,1,100,,60404,6590,,,1,100,,60402,6590,,,1,100,,60412,6590,,,1,104,,60414,6590,,,1,96,,60407,6590,,,1,100,,60408,6590,,,1,100,,60415,6590,,,1,100,,60417,6590,,,1,100,,60421,6590,,,1,100,,60416,6590,,,1,100,,60418,6590,,,1,100,,60419,6590,,,1
8100,'SA',702,,60425,6590,,,1,100,,60423,6590,,,1,103,,60440,6590,,,1,100,,60426,6590,,,1,100,,60429,6590,,,1,100,,60430,6590,,,1,100,,60433,6590,,,1,100,,60431,6590,,,1,100,,60424,6590,,,1,100,,60422,6590,,,1,100,,60432,6590,,,1,104,,60434,6590,,,1,96,,60427,6590,,,1,100,,60428,6590,,,1,100,,60435,6590,,,1,100,,60437,6590,,,1,100,,60441,6590,,,1,100,,60436,6590,,,1,100,,60438,6590,,,1,100,,60439,6590,,,1
8100,'SE',624,,60444,6590,,,1,78,,60453,6590,,,1,30,,60443,6590,,,1,71,,60459,6590,,,1,29,,60450,6590,,,1,76,,60464,6590,,,1,98,,60445,6590,,,1,100,,60449,6590,,,1,100,,60451,6590,,,1,100,,60465,6590,,,1,100,,60466,6590,,,1,100,,60446,6590,,,1,30,,60448,6590,,,1,72,,60460,6590,,,1,30,,60467,6590,,,1,70,,60463,6590,,,1,30,,60442,6590,,,1,70,,60455,6590,,,1,30,,60457,6590,,,1,67,,60454,6590,,,1,100,,60447,6590,,,1,100,,60452,6590,,,1,100,,60461,6590,,,1,100,,60456,6590,,,1,100,,60468,6590,,,1,100,,60462,6590,,,1,100,,60458,6590,,,1
12300,'DI',702,,37610,24147,0,28 30,1,100,,37620,24147,0,28 30,1,100,,37611,24147,0,28 30,1,100,,37621,24147,0,28 30,1,100,,37612,24147,0,28 30,1,100,,61748,24147,0,28 30,1,105,,37613,24147,0,28 30,1,95,,61749,24147,0,28 30,1,100,,37614,24147,0,28 30,1,100,,61750,24147,0,28 30,1,100,,61743,24147,0,28 30,1,100,,61751,24147,0,28 30,1,100,,61744,24147,0,28 30,1,100,,61752,24147,0,28 30,1,100,,61745,24147,0,28 30,1,100,,61753,24147,0,28 30,1,100,,61746,24147,0,28 30,1,100,,61754,24147,0,28 30,1,100,,61747,24147,0,28 30,1
12300,'F1',702,,49910,24147,0,28 30,1,100,,49920,24147,0,28 30,1,100,,49911,24147,0,28 30,1,100,,49921,24147,0,28 30,1,100,,49912,24147,0,28 30,1,100,,61760,24147,0,28 30,1,105,,49913,24147,0,28 30,1,95,,61761,24147,0,28 30,1,100,,49914,24147,0,28 30,1,100,,61762,24147,0,28 30,1,100,,61755,24147,0,28 30,1,100,,61763,24147,0,28 30,1,100,,61756,24147,0,28 30,1,100,,61764,24147,0,28 30,1,100,,61757,24147,0,28 30,1,100,,61765,24147,0,28 30,1,100,,61758,24147,0,28 30,1,100,,61766,24147,0,28 30,1,100,,61759,24147,0,28 30,1
12300,'F2',702,,61767,24147,0,28 30,1,100,,61773,24147,0,28 30,1,100,,61777,24147,0,28 30,1,105,,61768,24147,0,28 30,1,99,,61778,24147,0,28 30,1,100,,61769,24147,0,28 30,1,100,,61779,24147,0,28 30,1,96,,61770,24147,0,28 30,1,100,,61780,24147,0,28 30,1,100,,61771,24147,0,28 30,1,104,,61781,24147,0,28 30,1,101,,61772,24147,0,28 30,1,99,,61782,24147,0,28 30,1,96,,61774,24147,0,28 30,1,100,,61783,24147,0,28 30,1,100,,61775,24147,0,28 30,1,100,,61784,24147,0,28 30,1,100,,61776,24147,0,28 30,1,100,,61785,24147,0,28 30,1
12300,'SA',702,,61786,24147,0,28 30,1,100,,61792,24147,0,28 30,1,100,,61796,24147,0,28 30,1,105,,61787,24147,0,28 30,1,99,,61797,24147,0,28 30,1,100,,61788,24147,0,28 30,1,100,,61798,24147,0,28 30,1,96,,61789,24147,0,28 30,1,100,,61799,24147,0,28 30,1,100,,61790,24147,0,28 30,1,104,,61800,24147,0,28 30,1,101,,61791,24147,0,28 30,1,99,,61801,24147,0,28 30,1,96,,61793,24147,0,28 30,1,100,,61802,24147,0,28 30,1,100,,61794,24147,0,28 30,1,100,,61803,24147,0,28 30,1,100,,61795,24147,0,28 30,1,100,,61804,24147,0,28 30,1
12300,'SE',601,,61821,24147,0,28 30,1,33,,61815,24147,0,28 30,1,15,,61808,24147,0,28 30,1,10,,61809,24147,0,28 30,1,50,,61810,24147,0,28 30,1,10,,61829,24147,0,28 30,1,14,,61812,24147,0,28 30,1,8,,61820,24147,0,28 30,1,12,,49968,24147,0,28 30,1,50,,61827,24147,0,28 30,1,21,,61828,24147,0,28 30,1,17,,61813,24147,0,28 30,1,70,,61817,24147,0,28 30,1,25,,49971,24147,0,28 30,1,69,,61811,24147,0,28 30,1,102,,61837,24147,0,28 30,1,100,,61807,24147,0,28 30,1,99,,61824,24147,0,28 30,1,105,,61816,24147,0,28 30,1,5,,61830,24147,0,28 30,1,93,,61822,24147,0,28 30,1,30,,61833,24147,0,28 30,1,71,,61825,24147,0,28 30,1,26,,49980,24147,0,28 30,1,70,,49975,24147,0,28 30,1,31,,61814,24147,0,28 30,1,71,,61823,24147,0,28 30,1,25,,61826,24147,0,28 30,1,75,,61806,24147,0,28 30,1,28,,61805,24147,0,28 30,1,70,,61834,24147,0,28 30,1,28,,61835,24147,0,28 30,1,70,,61836,24147,0,28 30,1,100,,61818,24147,0,28 30,1,100,,61831,24147,0,28 30,1,55,,61819,24147,0,28 30,1,100,,61832,24147,0,28 30,1
