2101,'DI',556,,27057,5058,,,1,70,,27051,5058,,,1,30,,27073,5058,,,1,69,,27075,5058,,,1,30,,27077,5058,,,1,70,,27068,5058,,,1,31,,27069,5058,,,1,70,,27074,5058,,,1,30,,27058,5058,,,1,67,,27071,5058,,,1,33,,27084,5058,,,1,70,,27082,5058,,,1,32,,27072,5058,,,1,70,,27059,5058,,,1,31,,27078,5058,,,1,73,,27070,5058,,,1,70,,27076,5058,,,1,30,,27085,5058,,,1,70,,27083,5058,,,1,30,,27060,5058,,,1,70,,27062,5058,,,1,30,,27052,5058,,,1,70,,27065,5058,,,1,30,,27061,5058,,,1,70,,27046,5058,,,1,30,,27053,5058,,,1,27,,27066,5058,,,1,67,,27050,5058,,,1,30,,27047,5058,,,1,70,,27049,5058,,,1,30,,27080,5058,,,1,70,,27063,5058,,,1,30,,27054,5058,,,1,70,,27067,5058,,,1,30,,27055,5058,,,1,70,,27056,5058,,,1,30,,27079,5058,,,1,70,,27081,5058,,,1,30,,27048,5058,,,1,70,,27064,5058,,,1
2101,'F8',556,,27226,5058,,,1,70,,27217,5058,,,1,30,,27230,5058,,,1,70,,27239,5058,,,1,31,,27240,5058,,,1,70,,27228,5058,,,1,30,,27243,5058,,,1,70,,27231,5058,,,1,30,,27218,5058,,,1,65,,27213,5058,,,1,31,,27227,5058,,,1,74,,27232,5058,,,1,73,,27214,5058,,,1,26,,27219,5058,,,1,74,,27223,5058,,,1,32,,27236,5058,,,1,70,,27241,5058,,,1,30,,27233,5058,,,1,70,,27244,5058,,,1,30,,27237,5058,,,1,70,,27242,5058,,,1,30,,27234,5058,,,1,70,,27246,5058,,,1,30,,27220,5058,,,1,70,,27245,5058,,,1,30,,27235,5058,,,1,27,,27247,5058,,,1,67,,27210,5058,,,1,30,,27224,5058,,,1,70,,27238,5058,,,1,30,,27221,5058,,,1,70,,27229,5058,,,1,30,,27215,5058,,,1,70,,27225,5058,,,1,30,,27211,5058,,,1,70,,27222,5058,,,1,30,,27249,5058,,,1,70,,27216,5058,,,1,30,,27248,5058,,,1,70,,27212,5058,,,1
2101,'F9',556,,27261,5058,,,1,70,,27255,5058,,,1,30,,27277,5058,,,1,69,,27279,5058,,,1,30,,27281,5058,,,1,70,,27272,5058,,,1,31,,27273,5058,,,1,70,,27278,5058,,,1,30,,27262,5058,,,1,67,,27275,5058,,,1,33,,27288,5058,,,1,70,,27286,5058,,,1,32,,27276,5058,,,1,70,,27263,5058,,,1,31,,27282,5058,,,1,73,,27274,5058,,,1,70,,27280,5058,,,1,30,,27289,5058,,,1,70,,27287,5058,,,1,30,,27264,5058,,,1,70,,27266,5058,,,1,30,,27256,5058,,,1,70,,27269,5058,,,1,30,,27265,5058,,,1,70,,27250,5058,,,1,30,,27257,5058,,,1,27,,27270,5058,,,1,67,,27254,5058,,,1,30,,27251,5058,,,1,70,,27253,5058,,,1,30,,27284,5058,,,1,70,,27267,5058,,,1,30,,27258,5058,,,1,70,,27271,5058,,,1,30,,27259,5058,,,1,70,,27260,5058,,,1,30,,27283,5058,,,1,70,,27285,5058,,,1,30,,27252,5058,,,1,70,,27268,5058,,,1
2101,'SA',556,,27306,5058,,,1,70,,27297,5058,,,1,30,,27310,5058,,,1,70,,27319,5058,,,1,31,,27320,5058,,,1,70,,27308,5058,,,1,30,,27321,5058,,,1,70,,27311,5058,,,1,30,,27298,5058,,,1,65,,27293,5058,,,1,31,,27307,5058,,,1,74,,27312,5058,,,1,73,,27294,5058,,,1,26,,27299,5058,,,1,74,,27303,5058,,,1,32,,27316,5058,,,1,70,,6523,5058,,,1,30,,27313,5058,,,1,70,,27322,5058,,,1,30,,27317,5058,,,1,70,,6524,5058,,,1,30,,27314,5058,,,1,70,,27324,5058,,,1,30,,27300,5058,,,1,70,,27323,5058,,,1,30,,27315,5058,,,1,27,,27325,5058,,,1,67,,27290,5058,,,1,30,,27304,5058,,,1,70,,27318,5058,,,1,30,,27301,5058,,,1,70,,27309,5058,,,1,30,,27295,5058,,,1,70,,27305,5058,,,1,30,,27291,5058,,,1,70,,27302,5058,,,1,30,,27326,5058,,,1,70,,27296,5058,,,1,30,,6535,5058,,,1,70,,27292,5058,,,1
2101,'SE',450,,27330,5058,,,1,86,,27340,5058,,,1,67,,27359,5058,,,1,15,,27360,5058,,,1,15,,27354,5058,,,1,13,,27356,5058,,,1,10,,27371,5058,,,1,50,,27362,5058,,,1,12,,27373,5058,,,1,10,,27353,5058,,,1,10,,27355,5058,,,1,10,,27364,5058,,,1,53,,27361,5058,,,1,18,,27357,5058,,,1,17,,27372,5058,,,1,23,,27363,5058,,,1,55,,27376,5058,,,1,20,,27344,5058,,,1,21,,27342,5058,,,1,67,,27343,5058,,,1,34,,27346,5058,,,1,70,,27345,5058,,,1,30,,27327,5058,,,1,71,,27337,5058,,,1,73,,27338,5058,,,1,30,,27331,5058,,,1,70,,27347,5058,,,1,34,,27352,5058,,,1,68,,27369,5058,,,1,30,,27368,5058,,,1,73,,27367,5058,,,1,15,,27365,5058,,,1,15,,27358,5058,,,1,15,,27374,5058,,,1,55,,27370,5058,,,1,18,,27366,5058,,,1,19,,27375,5058,,,1,17,,27349,5058,,,1,60,,27332,5058,,,1,26,,27348,5058,,,1,67,,27335,5058,,,1,25,,27350,5058,,,1,70,,27333,5058,,,1,30,,27341,5058,,,1,69,,27328,5058,,,1,30,,27339,5058,,,1,70,,27336,5058,,,1,99,,27334,5058,,,1,98,,27351,5058,,,1,55,,27329,5058,,,1
13200,'DI',839,,38037,4214,0,21 45,2,100,,38042,4214,0,21 45,2,100,,38038,4214,0,21 45,2,100,,38040,4214,0,21 45,2,100,,38043,4214,0,21 45,2,100,,38046,4214,0,21 45,2,100,,38044,4214,0,21 45,2,105,,38048,4214,0,21 45,2,95,,38047,4214,0,21 45,2,100,,38045,4214,0,21 45,2,102,,38049,4214,0,21 45,2,98,,38050,4214,0,21 45,2,100,,38041,4214,0,21 45,2,100,,38036,4214,0,21 45,2,100,,38051,4214,0,21 45,2,100,,38053,4214,0,21 45,2,100,,38039,4214,0,21 45,2,100,,38052,4214,0,21 45,2
13200,'F8',739,,38135,4214,0,21 45,2,100,,38122,4214,0,21 45,2,100,,38117,4214,0,21 45,2,103,,38118,4214,0,21 45,2,97,,38123,4214,0,21 45,2,104,,38119,4214,0,21 45,2,96,,38134,4214,0,21 45,2,104,,38124,4214,0,21 45,2,96,,38126,4214,0,21 45,2,100,,38120,4214,0,21 45,2,100,,38125,4214,0,21 45,2,102,,38127,4214,0,21 45,2,98,,38129,4214,0,21 45,2,100,,38128,4214,0,21 45,2,100,,38131,4214,0,21 45,2,100,,38130,4214,0,21 45,2,100,,38133,4214,0,21 45,2,100,,38132,4214,0,21 45,2,100,,38121,4214,0,21 45,2
13200,'F9',839,,38137,4214,0,21 45,2,100,,38142,4214,0,21 45,2,100,,38138,4214,0,21 45,2,100,,38140,4214,0,21 45,2,100,,38143,4214,0,21 45,2,100,,38146,4214,0,21 45,2,100,,38144,4214,0,21 45,2,105,,38148,4214,0,21 45,2,95,,38147,4214,0,21 45,2,100,,38145,4214,0,21 45,2,102,,38149,4214,0,21 45,2,98,,38150,4214,0,21 45,2,100,,38141,4214,0,21 45,2,100,,38136,4214,0,21 45,2,100,,38151,4214,0,21 45,2,100,,38153,4214,0,21 45,2,100,,38139,4214,0,21 45,2,100,,38152,4214,0,21 45,2
13200,'SA',739,,38172,4214,0,21 45,2,100,,38159,4214,0,21 45,2,100,,38154,4214,0,21 45,2,103,,38155,4214,0,21 45,2,97,,38160,4214,0,21 45,2,104,,38156,4214,0,21 45,2,96,,38171,4214,0,21 45,2,104,,38161,4214,0,21 45,2,96,,38163,4214,0,21 45,2,100,,38157,4214,0,21 45,2,100,,38162,4214,0,21 45,2,102,,38164,4214,0,21 45,2,98,,38166,4214,0,21 45,2,100,,38165,4214,0,21 45,2,100,,38168,4214,0,21 45,2,100,,38167,4214,0,21 45,2,100,,38170,4214,0,21 45,2,100,,38169,4214,0,21 45,2,100,,38158,4214,0,21 45,2
13200,'SE',647,,38182,4214,0,21 45,2,61,,38185,4214,0,21 45,2,11,,38174,4214,0,21 45,2,9,,38184,4214,0,21 45,2,4,,38178,4214,0,21 45,2,22,,38179,4214,0,21 45,2,58,,38183,4214,0,21 45,2,20,,38186,4214,0,21 45,2,79,,16412,4214,0,21 45,2,97,,38196,4214,0,21 45,2,99,,16418,4214,0,21 45,2,96,,38195,4214,0,21 45,2,100,,38187,4214,0,21 45,2,108,,38188,4214,0,21 45,2,94,,38180,4214,0,21 45,2,24,,38189,4214,0,21 45,2,20,,38192,4214,0,21 45,2,60,,38176,4214,0,21 45,2,22,,38181,4214,0,21 45,2,20,,38175,4214,0,21 45,2,60,,38190,4214,0,21 45,2,20,,38173,4214,0,21 45,2,21,,38177,4214,0,21 45,2,59,,38194,4214,0,21 45,2,19,,38191,4214,0,21 45,2,19,,38193,4214,0,21 45,2
42101,'SE',551,,39672,1547,,,1,77,,39673,1547,,,1,23,,39671,1547,,,1,62,,39674,1547,,,1,17,,39675,1547,,,1,72,,39679,1547,,,1,724,,39677,1547,,,1,75,,39682,1547,,,1,19,,39678,1547,,,1,30,,39683,1547,,,1,71,,39676,1547,,,1,30,,39680,1547,,,1,576,,39670,1547,,,1
