1001,'DI',634,,23694,3993,,,1,67,,23668,3993,,,1,30,,23695,3993,,,1,70,,23693,3993,,,1,30,,23686,3993,,,1,78,,23669,3993,,,1,30,,23687,3993,,,1,70,,23670,3993,,,1,30,,23688,3993,,,1,70,,23671,3993,,,1,30,,23689,3993,,,1,70,,23672,3993,,,1,30,,23690,3993,,,1,70,,23673,3993,,,1,30,,23691,3993,,,1,70,,23674,3993,,,1,30,,23692,3993,,,1,70,,23675,3993,,,1,30,,23696,3993,,,1,70,,23676,3993,,,1,30,,23697,3993,,,1,70,,23677,3993,,,1,30,,23698,3993,,,1,70,,23678,3993,,,1,30,,23699,3993,,,1,81,,23679,3993,,,1,100,,23680,3993,,,1,100,,23681,3993,,,1,100,,23682,3993,,,1,100,,23683,3993,,,1,100,,23684,3993,,,1
1001,'F1',634,,44416,3993,,,1,67,,44390,3993,,,1,30,,44417,3993,,,1,70,,44415,3993,,,1,30,,44408,3993,,,1,78,,44391,3993,,,1,30,,44409,3993,,,1,70,,44392,3993,,,1,30,,44410,3993,,,1,70,,44393,3993,,,1,30,,44411,3993,,,1,70,,44394,3993,,,1,30,,44412,3993,,,1,70,,44395,3993,,,1,30,,44413,3993,,,1,70,,44396,3993,,,1,30,,44414,3993,,,1,70,,44397,3993,,,1,30,,44418,3993,,,1,70,,44398,3993,,,1,30,,44419,3993,,,1,70,,44399,3993,,,1,30,,44420,3993,,,1,70,,44400,3993,,,1,30,,44421,3993,,,1,81,,44401,3993,,,1,100,,44402,3993,,,1,100,,44403,3993,,,1,100,,44404,3993,,,1,100,,44405,3993,,,1,100,,44406,3993,,,1
1001,'F2',533,,44432,3993,,,1,96,,44433,3993,,,1,30,,44428,3993,,,1,70,,44422,3993,,,1,30,,44435,3993,,,1,70,,44434,3993,,,1,78,,44444,3993,,,1,31,,44443,3993,,,1,70,,44445,3993,,,1,30,,44451,3993,,,1,70,,44446,3993,,,1,30,,44452,3993,,,1,70,,44436,3993,,,1,32,,44453,3993,,,1,70,,44437,3993,,,1,30,,44454,3993,,,1,70,,44438,3993,,,1,30,,44423,3993,,,1,70,,44439,3993,,,1,30,,44424,3993,,,1,70,,44440,3993,,,1,30,,44425,3993,,,1,69,,44441,3993,,,1,31,,44426,3993,,,1,70,,44442,3993,,,1,30,,44427,3993,,,1,81,,44447,3993,,,1,100,,44448,3993,,,1,100,,44449,3993,,,1,100,,44450,3993,,,1,100,,44429,3993,,,1,100,,44430,3993,,,1
1001,'F8',533,,23776,3993,,,1,96,,23777,3993,,,1,30,,23772,3993,,,1,70,,23766,3993,,,1,30,,23779,3993,,,1,70,,23778,3993,,,1,78,,23788,3993,,,1,31,,23787,3993,,,1,70,,23789,3993,,,1,30,,23795,3993,,,1,70,,23790,3993,,,1,30,,23796,3993,,,1,70,,23780,3993,,,1,32,,23797,3993,,,1,70,,23781,3993,,,1,30,,23798,3993,,,1,70,,23782,3993,,,1,30,,23767,3993,,,1,70,,23783,3993,,,1,30,,23768,3993,,,1,70,,23784,3993,,,1,30,,23769,3993,,,1,69,,23785,3993,,,1,31,,23770,3993,,,1,70,,23786,3993,,,1,30,,23771,3993,,,1,81,,23791,3993,,,1,100,,23792,3993,,,1,100,,23793,3993,,,1,100,,23794,3993,,,1,100,,23773,3993,,,1,100,,23774,3993,,,1
1001,'F9',634,,23825,3993,,,1,67,,23799,3993,,,1,30,,23826,3993,,,1,70,,23824,3993,,,1,30,,23817,3993,,,1,78,,23800,3993,,,1,30,,23818,3993,,,1,70,,23801,3993,,,1,30,,23819,3993,,,1,70,,23802,3993,,,1,30,,23820,3993,,,1,70,,23803,3993,,,1,30,,23821,3993,,,1,70,,23804,3993,,,1,30,,23822,3993,,,1,70,,23805,3993,,,1,30,,23823,3993,,,1,70,,23806,3993,,,1,30,,23827,3993,,,1,70,,23807,3993,,,1,30,,23828,3993,,,1,70,,23808,3993,,,1,30,,23829,3993,,,1,70,,23809,3993,,,1,30,,23830,3993,,,1,81,,23810,3993,,,1,100,,23811,3993,,,1,100,,23812,3993,,,1,100,,23813,3993,,,1,100,,23814,3993,,,1,100,,23815,3993,,,1
1001,'SA',533,,23841,3993,,,1,96,,23842,3993,,,1,30,,23837,3993,,,1,70,,23831,3993,,,1,30,,23844,3993,,,1,70,,23843,3993,,,1,78,,23853,3993,,,1,31,,23852,3993,,,1,70,,23854,3993,,,1,30,,23860,3993,,,1,70,,23855,3993,,,1,30,,23861,3993,,,1,70,,23845,3993,,,1,32,,23862,3993,,,1,70,,23846,3993,,,1,30,,23863,3993,,,1,70,,23847,3993,,,1,30,,23832,3993,,,1,70,,23848,3993,,,1,30,,23833,3993,,,1,70,,23849,3993,,,1,30,,23834,3993,,,1,69,,23850,3993,,,1,31,,23835,3993,,,1,70,,23851,3993,,,1,30,,23836,3993,,,1,81,,23856,3993,,,1,100,,23857,3993,,,1,100,,23858,3993,,,1,100,,23859,3993,,,1,100,,23838,3993,,,1,100,,23839,3993,,,1
1701,'DI',551,,25564,4128,,,1,100,,25567,4128,,,1,70,,25560,4128,,,1,30,,25550,4128,,,1,70,,25556,4128,,,1,30,,25565,4128,,,1,70,,25578,4128,,,1,30,,25568,4128,,,1,70,,25573,4128,,,1,30,,25551,4128,,,1,70,,25575,4128,,,1,30,,25562,4128,,,1,70,,25571,4128,,,1,30,,25579,4128,,,1,70,,25557,4128,,,1,30,,25574,4128,,,1,70,,25563,4128,,,1,30,,25561,4128,,,1,70,,25577,4128,,,1,29,,25569,4128,,,1,70,,25552,4128,,,1,31,,25559,4128,,,1,70,,25553,4128,,,1,30,,25548,4128,,,1,71,,25554,4128,,,1,30,,25547,4128,,,1,99,,25576,4128,,,1,100,,25570,4128,,,1,100,,25555,4128,,,1,100,,25572,4128,,,1,100,,25558,4128,,,1,100,,25549,4128,,,1
1701,'F1',551,,45121,4128,,,1,100,,45124,4128,,,1,70,,45117,4128,,,1,30,,45107,4128,,,1,70,,45113,4128,,,1,30,,45122,4128,,,1,70,,45135,4128,,,1,30,,45125,4128,,,1,70,,45130,4128,,,1,30,,45108,4128,,,1,70,,45132,4128,,,1,30,,45119,4128,,,1,70,,45128,4128,,,1,30,,45136,4128,,,1,70,,45114,4128,,,1,30,,45131,4128,,,1,70,,45120,4128,,,1,30,,45118,4128,,,1,70,,45134,4128,,,1,29,,45126,4128,,,1,70,,45109,4128,,,1,31,,45116,4128,,,1,70,,45110,4128,,,1,30,,45105,4128,,,1,71,,45111,4128,,,1,30,,45104,4128,,,1,99,,45133,4128,,,1,100,,45127,4128,,,1,100,,45112,4128,,,1,100,,45129,4128,,,1,100,,45115,4128,,,1,100,,45106,4128,,,1
1701,'F2',552,,45164,4128,,,1,100,,45158,4128,,,1,70,,45153,4128,,,1,30,,45168,4128,,,1,70,,45140,4128,,,1,30,,45152,4128,,,1,70,,45165,4128,,,1,30,,45150,4128,,,1,70,,45139,4128,,,1,30,,45159,4128,,,1,70,,45141,4128,,,1,30,,45145,4128,,,1,70,,45137,4128,,,1,30,,45147,4128,,,1,70,,45154,4128,,,1,30,,45160,4128,,,1,70,,45166,4128,,,1,30,,45146,4128,,,1,70,,45167,4128,,,1,30,,45155,4128,,,1,70,,45162,4128,,,1,29,,45161,4128,,,1,70,,45142,4128,,,1,31,,45144,4128,,,1,70,,45143,4128,,,1,31,,45148,4128,,,1,99,,45163,4128,,,1,100,,45156,4128,,,1,100,,45151,4128,,,1,100,,45149,4128,,,1,100,,45138,4128,,,1,100,,45169,4128,,,1
1701,'F8',552,,25673,4128,,,1,100,,25667,4128,,,1,70,,25662,4128,,,1,30,,25677,4128,,,1,70,,25649,4128,,,1,30,,25661,4128,,,1,70,,25674,4128,,,1,30,,25659,4128,,,1,70,,25648,4128,,,1,30,,25668,4128,,,1,70,,25650,4128,,,1,30,,25654,4128,,,1,70,,25646,4128,,,1,30,,25656,4128,,,1,70,,25663,4128,,,1,30,,25669,4128,,,1,70,,25675,4128,,,1,30,,25655,4128,,,1,70,,25676,4128,,,1,30,,25664,4128,,,1,70,,25671,4128,,,1,29,,25670,4128,,,1,70,,25651,4128,,,1,31,,25653,4128,,,1,70,,25652,4128,,,1,31,,25657,4128,,,1,99,,25672,4128,,,1,100,,25665,4128,,,1,100,,25660,4128,,,1,100,,25658,4128,,,1,100,,25647,4128,,,1,100,,25678,4128,,,1
1701,'F9',551,,25696,4128,,,1,100,,25699,4128,,,1,70,,25692,4128,,,1,30,,25682,4128,,,1,70,,25688,4128,,,1,30,,25697,4128,,,1,70,,25710,4128,,,1,30,,25700,4128,,,1,70,,25705,4128,,,1,30,,25683,4128,,,1,70,,25707,4128,,,1,30,,25694,4128,,,1,70,,25703,4128,,,1,30,,25711,4128,,,1,70,,25689,4128,,,1,30,,25706,4128,,,1,70,,25695,4128,,,1,30,,25693,4128,,,1,70,,25709,4128,,,1,29,,25701,4128,,,1,70,,25684,4128,,,1,31,,25691,4128,,,1,70,,25685,4128,,,1,30,,25680,4128,,,1,71,,25686,4128,,,1,30,,25679,4128,,,1,99,,25708,4128,,,1,100,,25702,4128,,,1,100,,25687,4128,,,1,100,,25704,4128,,,1,100,,25690,4128,,,1,100,,25681,4128,,,1
1701,'SA',552,,25737,4128,,,1,100,,25731,4128,,,1,70,,25727,4128,,,1,30,,25741,4128,,,1,70,,25715,4128,,,1,30,,5087,4128,,,1,70,,25738,4128,,,1,30,,25725,4128,,,1,70,,25714,4128,,,1,30,,25732,4128,,,1,70,,25716,4128,,,1,30,,25720,4128,,,1,70,,25712,4128,,,1,30,,25722,4128,,,1,70,,25728,4128,,,1,30,,25733,4128,,,1,70,,25739,4128,,,1,30,,25721,4128,,,1,70,,25740,4128,,,1,30,,25729,4128,,,1,70,,25735,4128,,,1,29,,25734,4128,,,1,70,,25717,4128,,,1,31,,25719,4128,,,1,70,,25718,4128,,,1,31,,25723,4128,,,1,99,,25736,4128,,,1,100,,5098,4128,,,1,100,,25726,4128,,,1,100,,25724,4128,,,1,100,,25713,4128,,,1,100,,25742,4128,,,1
7601,'SE',504,,48822,1246,,,1,30,,48825,1246,,,1,70,,48826,1246,,,1,24,,48830,1246,,,1,21,,48831,1246,,,1,60,,48827,1246,,,1,18,,48844,1246,,,1,13,,48811,1246,,,1,12,,48814,1246,,,1,61,,48817,1246,,,1,23,,48845,1246,,,1,66,,48815,1246,,,1,30,,48818,1246,,,1,70,,48809,1246,,,1,30,,48828,1246,,,1,70,,48820,1246,,,1,30,,48816,1246,,,1,70,,48812,1246,,,1,30,,48810,1246,,,1,70,,48847,1246,,,1,30,,48807,1246,,,1,70,,48829,1246,,,1,32,,48813,1246,,,1,74,,48819,1246,,,1,26,,48832,1246,,,1,72,,48834,1246,,,1,33,,48824,1246,,,1,64,,48842,1246,,,1,17,,48846,1246,,,1,20,,48848,1246,,,1,61,,48821,1246,,,1,17,,48843,1246,,,1,20,,48851,1246,,,1,66,,48833,1246,,,1,30,,48823,1246,,,1,70,,48808,1246,,,1,30,,48835,1246,,,1,70,,48849,1246,,,1,30,,48836,1246,,,1,70,,48850,1246,,,1,29,,48837,1246,,,1,70,,48840,1246,,,1,30,,48838,1246,,,1,70,,48841,1246,,,1,30,,48839,1246,,,1
41001,'SE',502,,50596,3993,,,2,30,,50605,3993,,,2,20,,50598,3993,,,2,60,,50608,3993,,,2,20,,50586,3993,,,2,13,,50611,3993,,,2,10,,50617,3993,,,2,48,,50599,3993,,,2,17,,50625,3993,,,2,12,,50607,3993,,,2,12,,50606,3993,,,2,10,,50618,3993,,,2,54,,50613,3993,,,2,10,,50619,3993,,,2,14,,50614,3993,,,2,16,,50629,3993,,,2,58,,50612,3993,,,2,30,,50615,3993,,,2,70,,50620,3993,,,2,30,,50616,3993,,,2,70,,50621,3993,,,2,30,,50582,3993,,,2,70,,50580,3993,,,2,30,,50587,3993,,,2,69,,50622,3993,,,2,30,,50583,3993,,,2,70,,50581,3993,,,2,31,,50588,3993,,,2,74,,50594,3993,,,2,23,,50589,3993,,,2,71,,50595,3993,,,2,20,,50584,3993,,,2,12,,50597,3993,,,2,15,,50630,3993,,,2,59,,50623,3993,,,2,12,,50628,3993,,,2,22,,50600,3993,,,2,70,,50624,3993,,,2,25,,50609,3993,,,2,69,,50626,3993,,,2,28,,50610,3993,,,2,70,,50627,3993,,,2,30,,50585,3993,,,2,70,,50601,3993,,,2,30,,50590,3993,,,2,70,,50604,3993,,,2,30,,50591,3993,,,2,70,,50602,3993,,,2,30,,50592,3993,,,2,100,,50593,3993,,,2
41701,'SE',522,,50700,4128,,,2,20,,50709,4128,,,2,60,,50686,4128,,,2,21,,50712,4128,,,2,18,,50710,4128,,,2,66,,50688,4128,,,2,12,,50695,4128,,,2,12,,50701,4128,,,2,8,,50711,4128,,,2,10,,50722,4128,,,2,52,,50698,4128,,,2,11,,50689,4128,,,2,15,,50723,4128,,,2,23,,50684,4128,,,2,71,,50713,4128,,,2,29,,50681,4128,,,2,70,,50714,4128,,,2,30,,50702,4128,,,2,70,,50715,4128,,,2,30,,50703,4128,,,2,70,,50716,4128,,,2,30,,50704,4128,,,2,70,,50717,4128,,,2,30,,50705,4128,,,2,70,,50718,4128,,,2,30,,50680,4128,,,2,70,,50690,4128,,,2,29,,50724,4128,,,2,65,,50696,4128,,,2,28,,50682,4128,,,2,58,,50726,4128,,,2,14,,50697,4128,,,2,12,,50683,4128,,,2,10,,50706,4128,,,2,15,,50725,4128,,,2,53,,50685,4128,,,2,15,,50699,4128,,,2,35,,50727,4128,,,2,69,,50707,4128,,,2,28,,50728,4128,,,2,70,,50708,4128,,,2,30,,50729,4128,,,2,70,,50687,4128,,,2,30,,50730,4128,,,2,69,,50719,4128,,,2,30,,50691,4128,,,2,69,,50720,4128,,,2,30,,50692,4128,,,2,69,,50721,4128,,,2,30,,50731,4128,,,2
