401,'DI',608,,52484,17575,,,1,30,,52500,17575,,,1,70,,52493,17575,,,1,30,,52491,17575,,,1,70,,52485,17575,,,1,30,,52501,17575,,,1,72,,52494,17575,,,1,30,,52504,17575,,,1,70,,52486,17575,,,1,30,,52502,17575,,,1,70,,52495,17575,,,1,30,,52505,17575,,,1,70,,52487,17575,,,1,30,,52511,17575,,,1,70,,52509,17575,,,1,30,,52506,17575,,,1,71,,52488,17575,,,1,29,,52507,17575,,,1,70,,52512,17575,,,1,30,,52496,17575,,,1,72,,52489,17575,,,1,29,,52508,17575,,,1,70,,52513,17575,,,1,34,,52497,17575,,,1,65,,52498,17575,,,1,30,,52514,17575,,,1,70,,52510,17575,,,1,30,,52515,17575,,,1,71,,52499,17575,,,1,29,,52492,17575,,,1,70,,52516,17575,,,1,30,,52518,17575,,,1,100,,52517,17575,,,1,100,,52490,17575,,,1,100,,52503,17575,,,1
401,'F1',608,,52519,17575,,,1,30,,52535,17575,,,1,70,,52528,17575,,,1,30,,52526,17575,,,1,70,,52520,17575,,,1,30,,52536,17575,,,1,72,,52529,17575,,,1,30,,52539,17575,,,1,70,,52521,17575,,,1,30,,52537,17575,,,1,70,,52530,17575,,,1,30,,52540,17575,,,1,70,,52522,17575,,,1,30,,52546,17575,,,1,70,,52544,17575,,,1,30,,52541,17575,,,1,71,,52523,17575,,,1,29,,52542,17575,,,1,70,,52547,17575,,,1,30,,52531,17575,,,1,72,,52524,17575,,,1,29,,52543,17575,,,1,70,,52548,17575,,,1,34,,52532,17575,,,1,65,,52533,17575,,,1,30,,52549,17575,,,1,70,,52545,17575,,,1,30,,52550,17575,,,1,71,,52534,17575,,,1,29,,52527,17575,,,1,70,,52551,17575,,,1,30,,52553,17575,,,1,100,,52552,17575,,,1,100,,52525,17575,,,1,100,,52538,17575,,,1
401,'F2',608,,52573,17575,,,1,30,,52557,17575,,,1,70,,52561,17575,,,1,30,,52555,17575,,,1,70,,52574,17575,,,1,30,,52558,17575,,,1,72,,52562,17575,,,1,30,,52556,17575,,,1,70,,52575,17575,,,1,30,,52559,17575,,,1,70,,52563,17575,,,1,30,,52580,17575,,,1,70,,52578,17575,,,1,32,,52554,17575,,,1,70,,52565,17575,,,1,30,,52571,17575,,,1,70,,52566,17575,,,1,30,,52582,17575,,,1,70,,52560,17575,,,1,30,,52579,17575,,,1,70,,52576,17575,,,1,30,,52572,17575,,,1,70,,52568,17575,,,1,30,,52570,17575,,,1,70,,52583,17575,,,1,28,,52567,17575,,,1,70,,52586,17575,,,1,30,,52584,17575,,,1,70,,52585,17575,,,1,30,,52577,17575,,,1,70,,52587,17575,,,1,30,,52588,17575,,,1,100,,52581,17575,,,1,100,,52569,17575,,,1,100,,52564,17575,,,1
401,'SA',608,,52608,17575,,,1,30,,52592,17575,,,1,70,,52596,17575,,,1,30,,52590,17575,,,1,70,,52609,17575,,,1,30,,52593,17575,,,1,72,,52597,17575,,,1,30,,52591,17575,,,1,70,,52610,17575,,,1,30,,52594,17575,,,1,70,,52598,17575,,,1,30,,52615,17575,,,1,70,,52613,17575,,,1,32,,52589,17575,,,1,70,,52600,17575,,,1,30,,52606,17575,,,1,70,,52601,17575,,,1,30,,52617,17575,,,1,70,,52595,17575,,,1,30,,52614,17575,,,1,70,,52611,17575,,,1,30,,52607,17575,,,1,70,,52603,17575,,,1,30,,52605,17575,,,1,70,,52618,17575,,,1,28,,52602,17575,,,1,70,,52621,17575,,,1,30,,52619,17575,,,1,70,,52620,17575,,,1,30,,52612,17575,,,1,70,,52622,17575,,,1,30,,52623,17575,,,1,100,,52616,17575,,,1,100,,52604,17575,,,1,100,,52599,17575,,,1
401,'SE',614,,52638,17575,,,1,22,,52634,17575,,,1,18,,52647,17575,,,1,61,,52625,17575,,,1,34,,52656,17575,,,1,74,,52643,17575,,,1,33,,52653,17575,,,1,70,,52652,17575,,,1,31,,52630,17575,,,1,70,,52637,17575,,,1,30,,52657,17575,,,1,70,,52636,17575,,,1,30,,52635,17575,,,1,70,,52626,17575,,,1,73,,52645,17575,,,1,32,,52662,17575,,,1,70,,52648,17575,,,1,30,,52629,17575,,,1,26,,52624,17575,,,1,74,,52632,17575,,,1,15,,52649,17575,,,1,63,,52633,17575,,,1,22,,52639,17575,,,1,19,,52627,17575,,,1,60,,52655,17575,,,1,25,,52644,17575,,,1,13,,52659,17575,,,1,60,,52661,17575,,,1,24,,52640,17575,,,1,15,,52651,17575,,,1,67,,52628,17575,,,1,30,,52660,17575,,,1,67,,52646,17575,,,1,28,,52658,17575,,,1,70,,52641,17575,,,1,30,,52654,17575,,,1,70,,52663,17575,,,1,100,,52650,17575,,,1,96,,52631,17575,,,1,100,,52642,17575,,,1
3201,'DI',541,,56660,7365,,,1,99,,56661,7365,,,1,101,,56662,7365,,,1,99,,56663,7365,,,1,102,,56669,7365,,,1,100,,56668,7365,,,1,102,,56664,7365,,,1,102,,56665,7365,,,1,103,,56672,7365,,,1,98,,56670,7365,,,1,104,,56666,7365,,,1,96,,56673,7365,,,1,99,,56671,7365,,,1,99,,56674,7365,,,1,99,,56677,7365,,,1,100,,56675,7365,,,1,100,,56679,7365,,,1,100,,56678,7365,,,1,100,,56676,7365,,,1,100,,56680,7365,,,1,99,,56667,7365,,,1
3201,'F1',541,,56681,7365,,,1,99,,56682,7365,,,1,101,,56683,7365,,,1,99,,56684,7365,,,1,102,,56690,7365,,,1,100,,56689,7365,,,1,102,,56685,7365,,,1,102,,56686,7365,,,1,103,,56693,7365,,,1,98,,56691,7365,,,1,104,,56687,7365,,,1,96,,56694,7365,,,1,99,,56692,7365,,,1,99,,56695,7365,,,1,99,,56698,7365,,,1,100,,56696,7365,,,1,100,,56700,7365,,,1,100,,56699,7365,,,1,100,,56697,7365,,,1,100,,56701,7365,,,1,99,,56688,7365,,,1
3201,'F2',541,,56703,7365,,,1,99,,56704,7365,,,1,101,,56705,7365,,,1,96,,56710,7365,,,1,103,,56712,7365,,,1,101,,56702,7365,,,1,103,,56711,7365,,,1,100,,56713,7365,,,1,106,,56714,7365,,,1,102,,56716,7365,,,1,97,,56706,7365,,,1,98,,56715,7365,,,1,99,,56717,7365,,,1,99,,56707,7365,,,1,99,,56718,7365,,,1,100,,56722,7365,,,1,100,,56720,7365,,,1,100,,56719,7365,,,1,100,,56708,7365,,,1,100,,56721,7365,,,1,99,,56709,7365,,,1
3201,'SA',541,,56724,7365,,,1,99,,56725,7365,,,1,101,,56726,7365,,,1,96,,56731,7365,,,1,103,,56733,7365,,,1,101,,56723,7365,,,1,103,,56732,7365,,,1,100,,56734,7365,,,1,106,,56735,7365,,,1,102,,56737,7365,,,1,97,,56727,7365,,,1,98,,56736,7365,,,1,99,,56738,7365,,,1,99,,56728,7365,,,1,99,,56739,7365,,,1,100,,56743,7365,,,1,100,,56741,7365,,,1,100,,56740,7365,,,1,100,,56729,7365,,,1,100,,56742,7365,,,1,99,,56730,7365,,,1
3201,'SE',518,,56767,11652,,,1,30,,56758,11652,,,1,70,,56764,11652,,,1,30,,56757,11652,,,1,76,,56759,11652,,,1,27,,56760,11652,,,1,64,,56766,11652,,,1,30,,56756,11652,,,1,75,,56770,11652,,,1,94,,56750,7365,,,1,101,,56745,7365,,,1,100,,56755,7365,,,1,100,,56749,7365,,,1,100,,56751,7365,,,1,103,,56753,7365,,,1,105,,56746,7365,,,1,21,,56768,11652,,,1,71,,56765,11652,,,1,30,,56762,11652,,,1,70,,56769,11652,,,1,23,,56761,11652,,,1,71,,56771,11652,,,1,25,,56763,11652,,,1,86,,56748,7365,,,1,100,,56752,7365,,,1,98,,56754,7365,,,1,100,,56744,7365,,,1,98,,56747,7365,,,1
3801,'DI',620,,57151,4901,,,1,100,,57154,4901,,,1,100,,57145,4901,,,1,100,,57158,4901,,,1,100,,57156,4901,,,1,100,,57160,4901,,,1,100,,57148,4901,,,1,100,,57155,4901,,,1,98,,57152,4901,,,1,99,,57159,4901,,,1,103,,57146,4901,,,1,101,,57153,4901,,,1,100,,57161,4901,,,1,99,,57149,4901,,,1,100,,57157,4901,,,1,100,,57162,4901,,,1,100,,57147,4901,,,1,100,,57150,4901,,,1,100,,57144,4901,,,1
3801,'F1',620,,57170,4901,,,1,100,,57173,4901,,,1,100,,57164,4901,,,1,100,,57177,4901,,,1,100,,57175,4901,,,1,100,,57179,4901,,,1,100,,57167,4901,,,1,100,,57174,4901,,,1,98,,57171,4901,,,1,99,,57178,4901,,,1,103,,57165,4901,,,1,101,,57172,4901,,,1,100,,57180,4901,,,1,99,,57168,4901,,,1,100,,57176,4901,,,1,100,,57181,4901,,,1,100,,57166,4901,,,1,100,,57169,4901,,,1,100,,57163,4901,,,1
3801,'F2',619,,57188,4901,,,1,100,,57192,4901,,,1,99,,57183,4901,,,1,101,,57197,4901,,,1,100,,57184,4901,,,1,100,,57189,4901,,,1,100,,57199,4901,,,1,100,,57185,4901,,,1,100,,57193,4901,,,1,100,,57198,4901,,,1,101,,57194,4901,,,1,100,,57182,4901,,,1,100,,57200,4901,,,1,99,,57190,4901,,,1,100,,57186,4901,,,1,100,,57187,4901,,,1,100,,57195,4901,,,1,100,,57191,4901,,,1,100,,57196,4901,,,1
3801,'SA',619,,57207,4901,,,1,100,,57211,4901,,,1,99,,57202,4901,,,1,101,,57216,4901,,,1,100,,57203,4901,,,1,100,,57208,4901,,,1,100,,57218,4901,,,1,100,,57204,4901,,,1,100,,57212,4901,,,1,100,,57217,4901,,,1,101,,57213,4901,,,1,100,,57201,4901,,,1,100,,57219,4901,,,1,99,,57209,4901,,,1,100,,57205,4901,,,1,100,,57206,4901,,,1,100,,57214,4901,,,1,100,,57210,4901,,,1,100,,57215,4901,,,1
3801,'SE',528,,57249,4901,,,1,30,,57224,4901,,,1,71,,57220,4901,,,1,74,,57233,4901,,,1,34,,57225,4901,,,1,64,,57221,4901,,,1,28,,57240,4901,,,1,75,,57226,4901,,,1,29,,57238,4901,,,1,75,,57243,4901,,,1,100,,57223,4901,,,1,100,,57234,4901,,,1,100,,57244,4901,,,1,98,,57222,4901,,,1,98,,57228,4901,,,1,15,,57237,4901,,,1,17,,57235,4901,,,1,22,,57246,4901,,,1,61,,57229,4901,,,1,20,,57236,4901,,,1,61,,57245,4901,,,1,20,,57247,4901,,,1,19,,57231,4901,,,1,62,,57232,4901,,,1,18,,57251,4901,,,1,20,,57248,4901,,,1,80,,57242,4901,,,1,95,,57250,4901,,,1,99,,57241,4901,,,1,99,,57227,4901,,,1,100,,57230,4901,,,1,100,,57239,4901,,,1
53200,'SE',1635,,63436,7586,,,2,1,,63437,7586,,,2
