2300,'F2',649,,45829,4214,,,1,100,,45830,4214,,,1,100,,45821,4214,,,1,101,,45822,4214,,,1,99,,45825,4214,,,1,103,,45826,4214,,,1,97,,45831,4214,,,1,100,,45832,4214,,,1,100,,45828,4214,,,1,100,,45827,4214,,,1,100,,45823,4214,,,1,102,,45824,4214,,,1
2300,'F8',649,,27462,4214,,,1,100,,27463,4214,,,1,100,,27454,4214,,,1,101,,27455,4214,,,1,99,,27458,4214,,,1,103,,27459,4214,,,1,97,,27464,4214,,,1,100,,27465,4214,,,1,100,,27461,4214,,,1,100,,27460,4214,,,1,100,,27456,4214,,,1,102,,27457,4214,,,1
2300,'SA',649,,27474,4214,,,1,100,,27475,4214,,,1,100,,27466,4214,,,1,101,,27467,4214,,,1,99,,27470,4214,,,1,103,,27471,4214,,,1,97,,27476,4214,,,1,100,,27477,4214,,,1,100,,27473,4214,,,1,100,,27472,4214,,,1,100,,27468,4214,,,1,102,,27469,4214,,,1
2300,'SE',950,,45837,4214,,,1,100,,45833,4214,,,1,100,,45836,4214,,,1,100,,45834,4214,,,1,100,,45835,4214,,,1
12300,'DI',620,,37610,4214,0,42 43,1,100,,37620,4214,0,42 43,1,100,,37611,4214,0,42 43,1,100,,37621,4214,0,42 43,1,100,,37612,4214,0,42 43,1,100,,37622,4214,0,42 43,1,105,,37613,4214,0,42 43,1,95,,37623,4214,0,42 43,1,100,,37614,4214,0,42 43,1,100,,37624,4214,0,42 43,1,100,,37615,4214,0,42 43,1,100,,37625,4214,0,42 43,1,100,,37616,4214,0,42 43,1,100,,37626,4214,0,42 43,1,100,,37617,4214,0,42 43,1,100,,37627,4214,0,42 43,1,100,,37618,4214,0,42 43,1,100,,37628,4214,0,42 43,1,100,,37619,4214,0,42 43,1
12300,'F1',620,,49910,4214,0,42 43,1,100,,49920,4214,0,42 43,1,100,,49911,4214,0,42 43,1,100,,49921,4214,0,42 43,1,100,,49912,4214,0,42 43,1,100,,49922,4214,0,42 43,1,105,,49913,4214,0,42 43,1,95,,49923,4214,0,42 43,1,100,,49914,4214,0,42 43,1,100,,49924,4214,0,42 43,1,100,,49915,4214,0,42 43,1,100,,49925,4214,0,42 43,1,100,,49916,4214,0,42 43,1,100,,49926,4214,0,42 43,1,100,,49917,4214,0,42 43,1,100,,49927,4214,0,42 43,1,100,,49918,4214,0,42 43,1,100,,49928,4214,0,42 43,1,100,,49919,4214,0,42 43,1
12300,'F2',619,,49930,4214,0,42 43,1,100,,49929,4214,0,42 43,1,100,,49931,4214,0,42 43,1,105,,49940,4214,0,42 43,1,99,,49932,4214,0,42 43,1,100,,49941,4214,0,42 43,1,100,,49933,4214,0,42 43,1,96,,49942,4214,0,42 43,1,100,,49934,4214,0,42 43,1,100,,49943,4214,0,42 43,1,104,,49935,4214,0,42 43,1,101,,49944,4214,0,42 43,1,99,,49936,4214,0,42 43,1,96,,49945,4214,0,42 43,1,100,,49937,4214,0,42 43,1,100,,49946,4214,0,42 43,1,100,,49938,4214,0,42 43,1,100,,49947,4214,0,42 43,1,100,,49939,4214,0,42 43,1
12300,'F8',619,,37705,4214,0,42 43,1,100,,37704,4214,0,42 43,1,100,,37706,4214,0,42 43,1,105,,37715,4214,0,42 43,1,99,,37707,4214,0,42 43,1,100,,37716,4214,0,42 43,1,100,,37708,4214,0,42 43,1,96,,37717,4214,0,42 43,1,100,,37709,4214,0,42 43,1,100,,37718,4214,0,42 43,1,104,,37710,4214,0,42 43,1,101,,37719,4214,0,42 43,1,99,,37711,4214,0,42 43,1,96,,37720,4214,0,42 43,1,100,,37712,4214,0,42 43,1,100,,37721,4214,0,42 43,1,100,,37713,4214,0,42 43,1,100,,37722,4214,0,42 43,1,100,,37714,4214,0,42 43,1
12300,'F9',620,,37723,4214,0,42 43,1,100,,37733,4214,0,42 43,1,100,,37724,4214,0,42 43,1,100,,37734,4214,0,42 43,1,100,,37725,4214,0,42 43,1,100,,37735,4214,0,42 43,1,105,,37726,4214,0,42 43,1,95,,37736,4214,0,42 43,1,100,,37727,4214,0,42 43,1,100,,37737,4214,0,42 43,1,100,,37728,4214,0,42 43,1,100,,37738,4214,0,42 43,1,100,,37729,4214,0,42 43,1,100,,37739,4214,0,42 43,1,100,,37730,4214,0,42 43,1,100,,37740,4214,0,42 43,1,100,,37731,4214,0,42 43,1,100,,37741,4214,0,42 43,1,100,,37732,4214,0,42 43,1
12300,'SA',619,,37743,4214,0,42 43,1,100,,37742,4214,0,42 43,1,100,,37744,4214,0,42 43,1,105,,37753,4214,0,42 43,1,99,,37745,4214,0,42 43,1,100,,37754,4214,0,42 43,1,100,,37746,4214,0,42 43,1,96,,37755,4214,0,42 43,1,100,,37747,4214,0,42 43,1,100,,37756,4214,0,42 43,1,104,,37748,4214,0,42 43,1,101,,37757,4214,0,42 43,1,99,,37749,4214,0,42 43,1,96,,37758,4214,0,42 43,1,100,,37750,4214,0,42 43,1,100,,37759,4214,0,42 43,1,100,,37751,4214,0,42 43,1,100,,37760,4214,0,42 43,1,100,,37752,4214,0,42 43,1
12300,'SE',512,,49961,4214,0,42 43,1,33,,49949,4214,0,42 43,1,55,,49984,4214,0,42 43,1,10,,49964,4214,0,42 43,1,10,,49954,4214,0,42 43,1,10,,49952,4214,0,42 43,1,11,,49967,4214,0,42 43,1,8,,49956,4214,0,42 43,1,52,,49968,4214,0,42 43,1,10,,49953,4214,0,42 43,1,21,,49970,4214,0,42 43,1,17,,49974,4214,0,42 43,1,69,,49965,4214,0,42 43,1,29,,49971,4214,0,42 43,1,69,,49951,4214,0,42 43,1,102,,49972,4214,0,42 43,1,100,,49957,4214,0,42 43,1,99,,49966,4214,0,42 43,1,101,,49958,4214,0,42 43,1,5,,49955,4214,0,42 43,1,93,,49969,4214,0,42 43,1,30,,49959,4214,0,42 43,1,71,,49976,4214,0,42 43,1,26,,49980,4214,0,42 43,1,71,,49975,4214,0,42 43,1,31,,49950,4214,0,42 43,1,71,,49960,4214,0,42 43,1,30,,49977,4214,0,42 43,1,76,,49973,4214,0,42 43,1,28,,49962,4214,0,42 43,1,70,,49981,4214,0,42 43,1,30,,49963,4214,0,42 43,1,70,,49948,4214,0,42 43,1,100,,49982,4214,0,42 43,1,100,,49978,4214,0,42 43,1,99,,49983,4214,0,42 43,1,100,,49979,4214,0,42 43,1
17000,'SE',551,,50412,6842,0,46,2,70,,50416,6842,0,46,2,31,,50413,6842,0,46,2,70,,50417,6842,0,46,2,30,,50414,6842,0,46,2,73,,50418,6842,0,46,2,28,,50415,6842,0,46,2,692,,50419,6842,0,46,2,70,,50423,6842,0,46,2,30,,50420,6842,0,46,2,70,,50424,6842,0,46,2,30,,50421,6842,0,46,2,70,,50425,6842,0,46,2,30,,50422,6842,0,46,2
