600,'DI',637,,53007,4643,,,1,70,,53012,4643,,,1,30,,53004,4643,,,1,71,,53019,4643,,,1,30,,53025,4643,,,1,70,,52999,4643,,,1,31,,53013,4643,,,1,70,,53029,4643,,,1,30,,53008,4643,,,1,69,,53005,4643,,,1,31,,53000,4643,,,1,70,,53026,4643,,,1,30,,53021,4643,,,1,74,,53020,4643,,,1,29,,52998,4643,,,1,70,,53016,4643,,,1,27,,53027,4643,,,1,73,,53001,4643,,,1,30,,53010,4643,,,1,69,,53014,4643,,,1,31,,53017,4643,,,1,67,,53011,4643,,,1,30,,53015,4643,,,1,70,,53023,4643,,,1,28,,53006,4643,,,1,71,,53018,4643,,,1,104,,53009,4643,,,1,100,,53022,4643,,,1,99,,53002,4643,,,1,100,,53028,4643,,,1,100,,53024,4643,,,1,100,,53003,4643,,,1
600,'F1',637,,53039,4643,,,1,70,,53044,4643,,,1,30,,53036,4643,,,1,71,,53051,4643,,,1,30,,53057,4643,,,1,70,,53031,4643,,,1,31,,53045,4643,,,1,70,,53061,4643,,,1,30,,53040,4643,,,1,69,,53037,4643,,,1,31,,53032,4643,,,1,70,,53058,4643,,,1,30,,53053,4643,,,1,74,,53052,4643,,,1,29,,53030,4643,,,1,70,,53048,4643,,,1,27,,53059,4643,,,1,73,,53033,4643,,,1,30,,53042,4643,,,1,69,,53046,4643,,,1,31,,53049,4643,,,1,67,,53043,4643,,,1,30,,53047,4643,,,1,70,,53055,4643,,,1,28,,53038,4643,,,1,71,,53050,4643,,,1,104,,53041,4643,,,1,100,,53054,4643,,,1,99,,53034,4643,,,1,100,,53060,4643,,,1,100,,53056,4643,,,1,100,,53035,4643,,,1
600,'F2',637,,53087,4643,,,1,71,,53070,4643,,,1,29,,53081,4643,,,1,70,,53066,4643,,,1,34,,53082,4643,,,1,66,,53071,4643,,,1,35,,53063,4643,,,1,63,,53064,4643,,,1,32,,53089,4643,,,1,69,,53072,4643,,,1,30,,53077,4643,,,1,78,,53073,4643,,,1,30,,53078,4643,,,1,67,,53085,4643,,,1,31,,53074,4643,,,1,67,,53090,4643,,,1,30,,53086,4643,,,1,70,,53075,4643,,,1,30,,53083,4643,,,1,70,,53079,4643,,,1,30,,53076,4643,,,1,70,,53069,4643,,,1,30,,53080,4643,,,1,70,,53084,4643,,,1,30,,53065,4643,,,1,70,,43901,4643,,,1,105,,53062,4643,,,1,100,,53067,4643,,,1,99,,53088,4643,,,1,100,,53091,4643,,,1,100,,43899,4643,,,1,100,,53068,4643,,,1
600,'SA',637,,53117,4643,,,1,71,,53100,4643,,,1,29,,53111,4643,,,1,70,,53096,4643,,,1,34,,53112,4643,,,1,66,,53101,4643,,,1,35,,53093,4643,,,1,63,,53094,4643,,,1,32,,53119,4643,,,1,69,,53102,4643,,,1,30,,53107,4643,,,1,78,,53103,4643,,,1,30,,53108,4643,,,1,67,,53115,4643,,,1,31,,53104,4643,,,1,67,,53120,4643,,,1,30,,53116,4643,,,1,70,,53105,4643,,,1,30,,53113,4643,,,1,70,,53109,4643,,,1,30,,53106,4643,,,1,70,,53099,4643,,,1,30,,53110,4643,,,1,70,,53114,4643,,,1,30,,53095,4643,,,1,70,,22478,4643,,,1,105,,53092,4643,,,1,100,,53097,4643,,,1,99,,53118,4643,,,1,100,,53121,4643,,,1,100,,22476,4643,,,1,100,,53098,4643,,,1
600,'SE',548,,53147,4643,,,1,70,,53153,4643,,,1,30,,53134,4643,,,1,72,,53122,4643,,,1,31,,53130,4643,,,1,67,,53146,4643,,,1,33,,53139,4643,,,1,69,,53148,4643,,,1,30,,53129,4643,,,1,70,,53144,4643,,,1,30,,53127,4643,,,1,70,,53136,4643,,,1,30,,53150,4643,,,1,70,,53155,4643,,,1,30,,53156,4643,,,1,70,,53152,4643,,,1,30,,53151,4643,,,1,71,,53123,4643,,,1,29,,53142,4643,,,1,72,,53128,4643,,,1,30,,53140,4643,,,1,69,,53145,4643,,,1,38,,53133,4643,,,1,65,,53149,4643,,,1,29,,53132,4643,,,1,68,,53137,4643,,,1,30,,53157,4643,,,1,70,,53131,4643,,,1,29,,53141,4643,,,1,70,,53154,4643,,,1,29,,53126,4643,,,1,70,,53138,4643,,,1,100,,53135,4643,,,1,100,,53124,4643,,,1,100,,53143,4643,,,1,100,,53125,4643,,,1
5500,'SE',1620,,58209,10096,0,16,2,18,,58211,10096,0,16,2,15,,58213,10096,0,16,2,56,,58215,10096,0,16,2,14,,58207,10096,0,16,2,15,,58210,10096,0,16,2,15,,58212,10096,0,16,2,55,,58214,10096,0,16,2,20,,58216,10096,0,16,2,20,,58208,10096,0,16,2
5501,'SE',623,,58217,2191,,,2,20,,58221,2191,,,2,15,,58223,2191,,,2,55,,58219,2191,,,2,15,,58218,2191,,,2,15,,58225,2191,,,2,15,,58222,2191,,,2,55,,58224,2191,,,2,20,,58220,2191,,,2
50100,'SE',1505,,63418,4973,,,2,144,,63417,4973,,,2
53001,'SE',908,,63435,300,,,2
60600,'SE',1706,,63486,4240,,,2
65001,'SE',829,,63516,2734,,,2
