2200,'SE',638,,56042,10191,4,,2,92,,56044,10191,4,,2,25,,56043,10191,4,,2,893,,56045,10191,4,,2,80,,56047,10191,4,,2,20,,56049,10191,4,,2,70,,56046,10191,4,,2,40,,56048,10191,4,,2
2201,'SE',528,,56051,0,,,2,92,,56052,0,,,2,25,,56050,0,,,2,70,,56054,0,,,2,30,,56053,0,,,2,908,,56055,0,,,2,80,,56056,0,,,2,20,,56057,0,,,2
6100,'DI',714,,58301,10746,,,2,89,,58305,10746,,,2,30,,58302,10746,,,2,70,,58308,10746,,,2,30,,58306,10746,,,2,70,,58303,10746,,,2,30,,58309,10746,,,2,70,,58311,10746,,,2,30,,58316,10746,,,2,70,,58321,10746,,,2,30,,58312,10746,,,2,70,,58317,10746,,,2,30,,58322,10746,,,2,70,,58313,10746,,,2,30,,58318,10746,,,2,70,,58324,10746,,,2,30,,58314,10746,,,2,74,,58319,10746,,,2,21,,58325,10746,,,2,75,,58328,10746,,,2,20,,58332,10746,,,2,80,,58326,10746,,,2,25,,58329,10746,,,2,30,,58333,10746,,,2,85,,58330,10746,,,2,100,,58334,10746,,,2,100,,58336,10746,,,2,100,,58338,10746,,,2,100,,58340,10746,,,2,100,,58341,10746,,,2
6100,'F1',714,,58342,10746,,,2,89,,58346,10746,,,2,30,,58343,10746,,,2,70,,58349,10746,,,2,30,,58347,10746,,,2,70,,58344,10746,,,2,30,,58350,10746,,,2,70,,58352,10746,,,2,30,,58357,10746,,,2,70,,58362,10746,,,2,30,,58353,10746,,,2,70,,58358,10746,,,2,30,,58363,10746,,,2,70,,58354,10746,,,2,30,,58359,10746,,,2,70,,58365,10746,,,2,30,,58355,10746,,,2,74,,58360,10746,,,2,21,,58366,10746,,,2,75,,58369,10746,,,2,20,,58373,10746,,,2,80,,58367,10746,,,2,25,,58370,10746,,,2,30,,58374,10746,,,2,85,,58371,10746,,,2,100,,58375,10746,,,2,100,,58377,10746,,,2,100,,58379,10746,,,2,100,,58381,10746,,,2,100,,58382,10746,,,2
6100,'F2',714,,58383,10746,,,2,89,,58387,10746,,,2,30,,58384,10746,,,2,70,,58390,10746,,,2,30,,58388,10746,,,2,70,,58385,10746,,,2,30,,58391,10746,,,2,70,,58393,10746,,,2,30,,58398,10746,,,2,70,,58401,10746,,,2,30,,58394,10746,,,2,70,,58399,10746,,,2,30,,58402,10746,,,2,70,,58395,10746,,,2,30,,58404,10746,,,2,70,,58409,10746,,,2,30,,58396,10746,,,2,74,,58405,10746,,,2,21,,58410,10746,,,2,75,,58413,10746,,,2,20,,58406,10746,,,2,80,,58411,10746,,,2,25,,58414,10746,,,2,30,,58407,10746,,,2,85,,58416,10746,,,2,100,,58419,10746,,,2,100,,58417,10746,,,2,100,,58421,10746,,,2,100,,58420,10746,,,2,100,,58422,10746,,,2
6100,'SA',714,,58423,10746,,,2,89,,58427,10746,,,2,30,,58424,10746,,,2,70,,58430,10746,,,2,30,,58428,10746,,,2,70,,58425,10746,,,2,30,,58431,10746,,,2,70,,58433,10746,,,2,30,,58438,10746,,,2,70,,58441,10746,,,2,30,,58434,10746,,,2,70,,58439,10746,,,2,30,,58442,10746,,,2,70,,58435,10746,,,2,30,,58444,10746,,,2,70,,58449,10746,,,2,30,,58436,10746,,,2,74,,58445,10746,,,2,21,,58450,10746,,,2,75,,58453,10746,,,2,20,,58446,10746,,,2,80,,58451,10746,,,2,25,,58454,10746,,,2,30,,58447,10746,,,2,85,,58456,10746,,,2,100,,58459,10746,,,2,100,,58457,10746,,,2,100,,58461,10746,,,2,100,,58460,10746,,,2,100,,58462,10746,,,2
6100,'SE',623,,58465,10746,,,2,28,,58463,10746,,,2,66,,58472,10746,,,2,9,,58477,10746,,,2,19,,58469,10746,,,2,66,,58466,10746,,,2,23,,58474,10746,,,2,15,,58479,10746,,,2,76,,58470,10746,,,2,30,,58467,10746,,,2,70,,58475,10746,,,2,31,,58519,10746,,,2,70,,58473,10746,,,2,30,,58480,10746,,,2,70,,58484,10746,,,2,30,,58481,10746,,,2,70,,58482,10746,,,2,33,,58486,10746,,,2,61,,58489,10746,,,2,27,,58494,10746,,,2,63,,58483,10746,,,2,20,,58485,10746,,,2,23,,58497,10746,,,2,4,,58500,10746,,,2,65,,58490,10746,,,2,7,,58492,10746,,,2,14,,58501,10746,,,2,13,,58502,10746,,,2,54,,58487,10746,,,2,15,,58506,10746,,,2,6,,58509,10746,,,2,18,,58498,10746,,,2,54,,58495,10746,,,2,24,,58511,10746,,,2,24,,58503,10746,,,2,68,,58514,10746,,,2,30,,58517,10746,,,2,70,,58507,10746,,,2,30,,58510,10746,,,2,70,,58518,10746,,,2,30,,58504,10746,,,2,68,,58515,10746,,,2,30,,58512,10746,,,2,69,,58508,10746,,,2,30,,58516,10746,,,2,70,,58513,10746,,,2
6101,'DI',727,,58524,13255,,,2,30,,58521,13255,,,2,72,,58527,13255,,,2,17,,58525,13255,,,2,70,,58522,13255,,,2,30,,58528,13255,,,2,70,,58526,13255,,,2,30,,58523,13255,,,2,70,,58529,13255,,,2,30,,58530,13255,,,2,70,,58534,13255,,,2,30,,58538,13255,,,2,70,,58531,13255,,,2,30,,58535,13255,,,2,70,,58539,13255,,,2,30,,58532,13255,,,2,70,,58536,13255,,,2,30,,58540,13255,,,2,70,,58533,13255,,,2,34,,58537,13255,,,2,61,,58541,13255,,,2,35,,58543,13255,,,2,60,,58546,13255,,,2,40,,58542,13255,,,2,65,,58544,13255,,,2,30,,58547,13255,,,2,85,,58545,13255,,,2,100,,58548,13255,,,2,100,,58549,13255,,,2,100,,58550,13255,,,2
6101,'F1',727,,58556,13255,,,2,30,,58553,13255,,,2,72,,58559,13255,,,2,17,,58557,13255,,,2,70,,58554,13255,,,2,30,,58560,13255,,,2,70,,58558,13255,,,2,30,,58555,13255,,,2,70,,58561,13255,,,2,30,,58562,13255,,,2,70,,58566,13255,,,2,30,,58570,13255,,,2,70,,58563,13255,,,2,30,,58567,13255,,,2,70,,58571,13255,,,2,30,,58564,13255,,,2,70,,58568,13255,,,2,30,,58572,13255,,,2,70,,58565,13255,,,2,34,,58569,13255,,,2,61,,58573,13255,,,2,35,,58575,13255,,,2,60,,58578,13255,,,2,40,,58574,13255,,,2,65,,58576,13255,,,2,30,,58579,13255,,,2,85,,58577,13255,,,2,100,,58580,13255,,,2,100,,58581,13255,,,2,100,,58582,13255,,,2
6101,'F2',727,,58588,13255,,,2,30,,58585,13255,,,2,72,,58591,13255,,,2,17,,58589,13255,,,2,70,,58586,13255,,,2,30,,58592,13255,,,2,70,,58590,13255,,,2,30,,58587,13255,,,2,70,,58593,13255,,,2,30,,58594,13255,,,2,70,,58598,13255,,,2,30,,58600,13255,,,2,70,,58595,13255,,,2,30,,58599,13255,,,2,70,,58601,13255,,,2,30,,58596,13255,,,2,70,,58602,13255,,,2,30,,58606,13255,,,2,70,,58597,13255,,,2,34,,58603,13255,,,2,61,,58607,13255,,,2,35,,58609,13255,,,2,60,,58604,13255,,,2,40,,58608,13255,,,2,65,,58610,13255,,,2,30,,58605,13255,,,2,85,,58611,13255,,,2,100,,58613,13255,,,2,100,,58612,13255,,,2,100,,58615,13255,,,2
6101,'SA',727,,58620,13255,,,2,30,,58617,13255,,,2,72,,58623,13255,,,2,17,,58621,13255,,,2,70,,58618,13255,,,2,30,,58624,13255,,,2,70,,58622,13255,,,2,30,,58619,13255,,,2,70,,58625,13255,,,2,30,,58626,13255,,,2,70,,58630,13255,,,2,30,,58632,13255,,,2,70,,58627,13255,,,2,30,,58631,13255,,,2,70,,58633,13255,,,2,30,,58628,13255,,,2,70,,58634,13255,,,2,30,,58638,13255,,,2,70,,58629,13255,,,2,34,,58635,13255,,,2,61,,58639,13255,,,2,35,,58641,13255,,,2,60,,58636,13255,,,2,40,,58640,13255,,,2,65,,58642,13255,,,2,30,,58637,13255,,,2,85,,58643,13255,,,2,100,,58645,13255,,,2,100,,58644,13255,,,2,100,,58647,13255,,,2
6101,'SE',607,,58698,13255,,,2,30,,58700,13255,,,2,10,,58653,13255,,,2,57,,58656,13255,,,2,9,,58650,13255,,,2,14,,58659,13255,,,2,14,,58649,13255,,,2,7,,58663,13255,,,2,56,,58657,13255,,,2,9,,58662,13255,,,2,19,,58654,13255,,,2,24,,58651,13255,,,2,62,,58660,13255,,,2,15,,58664,13255,,,2,76,,58655,13255,,,2,30,,58652,13255,,,2,70,,58661,13255,,,2,32,,58699,13255,,,2,70,,58658,13255,,,2,30,,58665,13255,,,2,72,,58669,13255,,,2,30,,58666,13255,,,2,70,,58667,13255,,,2,33,,58671,13255,,,2,61,,58673,13255,,,2,27,,58676,13255,,,2,23,,58668,13255,,,2,60,,58670,13255,,,2,24,,58678,13255,,,2,4,,58680,13255,,,2,65,,58674,13255,,,2,7,,58675,13255,,,2,14,,58681,13255,,,2,13,,58682,13255,,,2,14,,58672,13255,,,2,54,,58685,13255,,,2,6,,58688,13255,,,2,14,,58679,13255,,,2,14,,58677,13255,,,2,64,,58690,13255,,,2,24,,58683,13255,,,2,68,,58693,13255,,,2,28,,58696,13255,,,2,70,,58686,13255,,,2,29,,58689,13255,,,2,29,,58697,13255,,,2,70,,58684,13255,,,2,29,,58694,13255,,,2,70,,58691,13255,,,2
12000,'SE',625,,61723,10912,4,,2,26,,61722,10912,4,,2,77,,61724,10912,4,,2,29,,61721,10912,4,,2,72,,61725,10912,4,,2,795,,61731,10670,4,,2,32,,61729,10670,4,,2,76,,61728,10670,4,,2,22,,61726,10670,4,,2,69,,61730,10670,4,,2,28,,61727,10670,4,,2
12001,'SE',559,,61742,0,,,2,71,,61737,0,,,2,26,,61734,0,,,2,77,,61738,0,,,2,69,,61733,0,,,2,32,,61739,0,,,2,795,,61741,0,,,2,72,,61736,0,,,2,36,,61735,0,,,2,22,,61732,0,,,2,69,,61740,0,,,2
16100,'DI',623,,38650,13892,,,2,33,,62330,13892,4,,2,70,,38648,13892,4,,2,30,,62335,13892,4,,2,70,,62334,13892,4,,2,30,,62331,13892,4,,2,702,,62336,13892,4,,2,68,,62338,13892,4,,2,32,,62337,13892,4,,2,70,,62329,13892,4,,2,27,,62339,13892,,,2,75,,62332,13892,4,,2,70,,62333,13892,4,,2
16100,'F1',623,,50332,13892,,,2,33,,62341,13892,4,,2,70,,50330,13892,4,,2,30,,62346,13892,4,,2,70,,62345,13892,4,,2,30,,62342,13892,4,,2,702,,62347,13892,4,,2,68,,62349,13892,4,,2,32,,62348,13892,4,,2,70,,62340,13892,4,,2,27,,62350,13892,,,2,75,,62343,13892,4,,2,70,,62344,13892,4,,2
16100,'F2',623,,62363,13892,,,2,33,,62352,13892,4,,2,70,,62355,13892,4,,2,30,,62361,13892,4,,2,70,,62357,13892,4,,2,30,,62358,13892,4,,2,700,,62359,13892,4,,2,71,,62354,13892,4,,2,31,,62360,13892,4,,2,67,,62362,13892,,,2,34,,62351,13892,4,,2,71,,62353,13892,4,,2,29,,62356,13892,4,,2
16100,'SA',623,,62376,13892,,,2,33,,62365,13892,4,,2,70,,62368,13892,4,,2,30,,62374,13892,4,,2,70,,62370,13892,4,,2,30,,62371,13892,4,,2,700,,62372,13892,4,,2,71,,62367,13892,4,,2,31,,62373,13892,4,,2,67,,62375,13892,,,2,34,,62364,13892,4,,2,71,,62366,13892,4,,2,29,,62369,13892,4,,2
16100,'SE',703,,62391,13781,,,2,25,,62390,13781,,,2,25,,62389,13781,,,2,65,,62378,13781,4,,2,21,,62377,13781,4,,2,17,,62379,13781,4,,2,359,,62392,13892,,,2,301,,62381,13892,4,,2,30,,62386,13892,4,,2,58,,62393,13892,,,2,23,,62382,13892,4,,2,18,,62394,13892,,,2,63,,62388,13892,4,,2,17,,62396,13892,,,2,23,,62387,13892,4,,2,60,,62383,13892,4,,2,17,,62395,13892,,,2,23,,62385,13892,4,,2,57,,62380,13892,4,,2,20,,62384,13892,4,,2
16101,'DI',601,,62407,4722,,,2,30,,62404,0,,,2,70,,62398,0,,,2,30,,38765,0,,,2,70,,62402,0,,,2,30,,62401,0,,,2,70,,62399,0,,,2,702,,62403,0,,,2,28,,62406,0,,,2,72,,62405,0,,,2,30,,62408,4722,,,2,70,,62397,0,,,2,32,,62400,0,,,2
16101,'F1',601,,62419,4722,,,2,30,,62416,0,,,2,70,,62410,0,,,2,30,,50376,0,,,2,70,,62414,0,,,2,30,,62413,0,,,2,70,,62411,0,,,2,702,,62415,0,,,2,28,,62418,0,,,2,72,,62417,0,,,2,30,,62420,4722,,,2,70,,62409,0,,,2,32,,62412,0,,,2
16101,'F2',601,,62433,4722,,,2,30,,62430,0,,,2,70,,62422,0,,,2,30,,62425,0,,,2,70,,62431,0,,,2,30,,62426,0,,,2,70,,62427,0,,,2,700,,62428,0,,,2,31,,62424,0,,,2,71,,62429,0,,,2,30,,62432,4722,,,2,71,,62421,0,,,2,31,,62423,0,,,2
16101,'SA',601,,62446,4722,,,2,30,,62443,0,,,2,70,,62435,0,,,2,30,,62438,0,,,2,70,,62444,0,,,2,30,,62439,0,,,2,70,,62440,0,,,2,700,,62441,0,,,2,31,,62437,0,,,2,71,,62442,0,,,2,30,,62445,4722,,,2,71,,62434,0,,,2,31,,62436,0,,,2
16101,'SE',556,,62453,0,,,2,60,,62452,0,,,2,22,,62463,4722,,,2,20,,62450,0,,,2,53,,62462,4722,,,2,17,,62455,0,,,2,15,,62464,4722,,,2,57,,62449,0,,,2,23,,62454,0,,,2,21,,62447,0,,,2,57,,62459,0,,,2,20,,62448,0,,,2,324,,62460,4722,,,2,372,,62461,4722,,,2,15,,62451,0,,,2,21,,62465,4722,,,2,60,,62458,0,,,2,18,,62466,4722,,,2,22,,62457,0,,,2,60,,62456,0,,,2
46100,'DI',636,,63041,10746,,,2,75,,63044,10746,,,2,108,,63045,10746,,,2,97,,63046,10746,,,2,30,,63042,10746,,,2,69,,63047,10746,,,2,30,,63049,10746,,,2,70,,63054,10746,,,2,30,,63050,10746,,,2,70,,63055,10746,,,2,30,,63051,10746,,,2,70,,63056,10746,,,2,30,,63052,10746,,,2,70,,63071,10746,,,2,30,,63058,10746,,,2,100,,63059,10746,,,2,96,,63060,10746,,,2,100,,63061,10746,,,2,74,,63063,10746,,,2,30,,63062,10746,,,2,70,,63064,10746,,,2,100,,63066,10746,,,2,100,,63067,10746,,,2,100,,63068,10746,,,2,100,,63069,10746,,,2,100,,63070,10746,,,2
46100,'F1',636,,63072,10746,,,2,75,,63075,10746,,,2,108,,63076,10746,,,2,97,,63077,10746,,,2,30,,63073,10746,,,2,69,,63078,10746,,,2,30,,63080,10746,,,2,70,,63085,10746,,,2,30,,63081,10746,,,2,70,,63086,10746,,,2,30,,63082,10746,,,2,70,,63087,10746,,,2,30,,63083,10746,,,2,70,,63102,10746,,,2,30,,63089,10746,,,2,100,,63090,10746,,,2,96,,63091,10746,,,2,100,,63092,10746,,,2,74,,63094,10746,,,2,30,,63093,10746,,,2,70,,63095,10746,,,2,100,,63097,10746,,,2,100,,63098,10746,,,2,100,,63099,10746,,,2,100,,63100,10746,,,2,100,,63101,10746,,,2
46100,'F2',636,,63109,10746,,,2,75,,63112,10746,,,2,108,,63113,10746,,,2,97,,63114,10746,,,2,30,,63110,10746,,,2,69,,63115,10746,,,2,30,,63117,10746,,,2,70,,63122,10746,,,2,30,,63118,10746,,,2,70,,63123,10746,,,2,30,,63119,10746,,,2,70,,63124,10746,,,2,30,,63120,10746,,,2,70,,63134,10746,,,2,30,,63126,10746,,,2,100,,63127,10746,,,2,96,,63128,10746,,,2,100,,63129,10746,,,2,74,,63131,10746,,,2,30,,63130,10746,,,2,70,,63132,10746,,,2,100,,63105,10746,,,2,100,,63103,10746,,,2,100,,63106,10746,,,2,100,,63108,10746,,,2,100,,63107,10746,,,2
46100,'SA',636,,63141,10746,,,2,75,,63144,10746,,,2,108,,63145,10746,,,2,97,,63146,10746,,,2,30,,63142,10746,,,2,69,,63147,10746,,,2,30,,63149,10746,,,2,70,,63154,10746,,,2,30,,63150,10746,,,2,70,,63155,10746,,,2,30,,63151,10746,,,2,70,,63156,10746,,,2,30,,63152,10746,,,2,70,,63166,10746,,,2,30,,63158,10746,,,2,100,,63159,10746,,,2,96,,63160,10746,,,2,100,,63161,10746,,,2,74,,63163,10746,,,2,30,,63162,10746,,,2,70,,63164,10746,,,2,100,,63137,10746,,,2,100,,63135,10746,,,2,100,,63138,10746,,,2,100,,63140,10746,,,2,100,,63139,10746,,,2
46100,'SE',520,,63168,10746,,,2,19,,63167,10746,,,2,16,,63209,10746,,,2,58,,63208,10746,,,2,23,,63204,10746,,,2,71,,63201,10746,,,2,33,,63210,10746,,,2,84,,63202,10746,,,2,28,,63171,10746,,,2,157,,63172,10746,,,2,30,,63174,10746,,,2,70,,63169,10746,,,2,30,,63176,10746,,,2,70,,63178,10746,,,2,30,,63183,10746,,,2,70,,63173,10746,,,2,30,,63175,10746,,,2,69,,63180,10746,,,2,22,,63177,10746,,,2,75,,63185,10746,,,2,36,,63184,10746,,,2,70,,63206,10746,,,2,26,,63186,10746,,,2,14,,63179,10746,,,2,67,,63181,10746,,,2,21,,63207,10746,,,2,16,,63187,10746,,,2,61,,63188,10746,,,2,86,,63191,10746,,,2,30,,63193,10746,,,2,70,,63196,10746,,,2,30,,63190,10746,,,2,70,,63198,10746,,,2,30,,63197,10746,,,2,70,,63192,10746,,,2,31,,63194,10746,,,2,69,,63199,10746,,,2,30,,63195,10746,,,2,69,,63200,10746,,,2
46101,'DI',559,,63211,3397,,,2,80,,63214,3397,,,2,103,,63215,3397,,,2,97,,63216,3397,,,2,70,,63212,3397,,,2,30,,63217,3397,,,2,70,,63213,3397,,,2,30,,63218,3397,,,2,70,,63219,3397,,,2,30,,63223,3397,,,2,70,,63220,3397,,,2,30,,63224,3397,,,2,70,,63221,3397,,,2,30,,63225,3397,,,2,70,,63222,3397,,,2,100,,63226,3397,,,2,100,,63227,3397,,,2,91,,63228,3397,,,2,39,,63230,3397,,,2,74,,63229,3397,,,2,26,,63231,3397,,,2,95,,63232,3397,,,2,105,,63233,3397,,,2,100,,63234,3397,,,2,100,,63235,3397,,,2,100,,63236,3397,,,2
46101,'F1',559,,63237,3397,,,2,80,,63240,3397,,,2,103,,63241,3397,,,2,97,,63242,3397,,,2,70,,63238,3397,,,2,30,,63243,3397,,,2,70,,63239,3397,,,2,30,,63244,3397,,,2,70,,63245,3397,,,2,30,,63249,3397,,,2,70,,63246,3397,,,2,30,,63250,3397,,,2,70,,63247,3397,,,2,30,,63251,3397,,,2,70,,63248,3397,,,2,100,,63252,3397,,,2,100,,63253,3397,,,2,91,,63254,3397,,,2,39,,63256,3397,,,2,74,,63255,3397,,,2,26,,63257,3397,,,2,95,,63258,3397,,,2,105,,63259,3397,,,2,100,,63260,3397,,,2,100,,63261,3397,,,2,100,,63262,3397,,,2
46101,'F2',559,,63267,3397,,,2,80,,63270,3397,,,2,103,,63271,3397,,,2,97,,63272,3397,,,2,70,,63268,3397,,,2,30,,63273,3397,,,2,70,,63269,3397,,,2,30,,63274,3397,,,2,70,,63275,3397,,,2,30,,63279,3397,,,2,70,,63276,3397,,,2,30,,63280,3397,,,2,70,,63277,3397,,,2,30,,63281,3397,,,2,70,,63278,3397,,,2,100,,63282,3397,,,2,100,,63283,3397,,,2,91,,63284,3397,,,2,39,,63286,3397,,,2,74,,63285,3397,,,2,26,,63287,3397,,,2,95,,63288,3397,,,2,105,,63264,3397,,,2,100,,63263,3397,,,2,100,,63265,3397,,,2,100,,63266,3397,,,2
46101,'SA',559,,63293,3397,,,2,80,,63296,3397,,,2,103,,63297,3397,,,2,97,,63298,3397,,,2,70,,63294,3397,,,2,30,,63299,3397,,,2,70,,63295,3397,,,2,30,,63300,3397,,,2,70,,63301,3397,,,2,30,,63305,3397,,,2,70,,63302,3397,,,2,30,,63306,3397,,,2,70,,63303,3397,,,2,30,,63307,3397,,,2,70,,63304,3397,,,2,100,,63308,3397,,,2,100,,63309,3397,,,2,91,,63310,3397,,,2,39,,63312,3397,,,2,74,,63311,3397,,,2,26,,63313,3397,,,2,95,,63314,3397,,,2,105,,63290,3397,,,2,100,,63289,3397,,,2,100,,63291,3397,,,2,100,,63292,3397,,,2
46101,'SE',445,,63315,3397,,,2,68,,63347,3397,,,2,24,,63317,3397,,,2,20,,63316,3397,,,2,100,,63345,3397,,,2,77,,63343,3397,,,2,108,,63344,3397,,,2,67,,63319,3397,,,2,39,,63348,3397,,,2,77,,63320,3397,,,2,30,,63321,3397,,,2,70,,63318,3397,,,2,30,,63322,3397,,,2,70,,63323,3397,,,2,30,,63326,3397,,,2,70,,63328,3397,,,2,30,,63329,3397,,,2,71,,63324,3397,,,2,97,,63330,3397,,,2,84,,63327,3397,,,2,24,,63346,3397,,,2,27,,63331,3397,,,2,77,,63325,3397,,,2,69,,63340,3397,,,2,36,,63332,3397,,,2,80,,63334,3397,,,2,30,,63336,3397,,,2,70,,63338,3397,,,2,29,,63333,3397,,,2,70,,63341,3397,,,2,30,,63339,3397,,,2,70,,63335,3397,,,2,30,,63337,3397,,,2,69,,63342,3397,,,2
46200,'DI',729,,63351,16079,,,2,104,,63349,16079,,,2,100,,63352,16079,,,2,626,,63353,16079,,,2,100,,63350,16079,,,2,100,,63354,16079,,,2
46200,'F1',729,,63357,16079,,,2,104,,63355,16079,,,2,100,,63358,16079,,,2,626,,63359,16079,,,2,100,,63356,16079,,,2,100,,63360,16079,,,2
46200,'F2',729,,63363,16079,,,2,104,,63361,16079,,,2,100,,63364,16079,,,2,626,,63365,16079,,,2,100,,63362,16079,,,2,100,,63366,16079,,,2
46200,'SA',729,,63369,16079,,,2,104,,63367,16079,,,2,100,,63370,16079,,,2,626,,63371,16079,,,2,100,,63368,16079,,,2,100,,63372,16079,,,2
46200,'SE',732,,63374,16079,,,2,81,,63373,16079,,,2,34,,63377,16079,,,2,74,,63375,16079,,,2,23,,63376,16079,,,2,663,,63378,16079,,,2,101,,63380,16079,,,2,37,,63381,16079,,,2,56,,63379,16079,,,2
46201,'DI',629,,63384,3397,0,28 57,2,93,,63382,3397,0,28 57,2,102,,63385,3397,0,28 57,2,626,,63386,3397,0,28 57,2,99,,63383,3397,0,28 57,2,100,,63387,3397,0,28 57,2
46201,'F1',629,,63390,3397,0,28 57,2,93,,63388,3397,0,28 57,2,102,,63391,3397,0,28 57,2,626,,63392,3397,0,28 57,2,99,,63389,3397,0,28 57,2,100,,63393,3397,0,28 57,2
46201,'F2',629,,63396,3397,0,28 57,2,93,,63394,3397,0,28 57,2,102,,63397,3397,0,28 57,2,626,,63398,3397,0,28 57,2,99,,63395,3397,0,28 57,2,100,,63399,3397,0,28 57,2
46201,'SA',629,,63402,3397,0,28 57,2,93,,63400,3397,0,28 57,2,102,,63403,3397,0,28 57,2,626,,63404,3397,0,28 57,2,99,,63401,3397,0,28 57,2,100,,63405,3397,0,28 57,2
46201,'SE',617,,63407,3397,0,28 57,2,33,,63406,3397,0,28 57,2,70,,63410,3397,0,28 57,2,36,,63408,3397,0,28 57,2,66,,63409,3397,0,28 57,2,619,,63411,3397,0,28 57,2,96,,63413,3397,0,28 57,2,84,,63414,3397,0,28 57,2,16,,63412,3397,0,28 57,2
