6101,'DI',722,,58524,11195,,,2,30,,58521,11195,,,2,72,,58527,11195,,,2,17,,58525,11195,,,2,70,,58522,11195,,,2,30,,58528,11195,,,2,70,,58526,11195,,,2,30,,58523,11195,,,2,70,,58529,11195,,,2,30,,58530,11195,,,2,70,,58534,11195,,,2,30,,58538,11195,,,2,70,,58531,11195,,,2,30,,58535,11195,,,2,70,,58539,11195,,,2,30,,58532,11195,,,2,70,,58536,11195,,,2,30,,58540,11195,,,2,70,,58533,11195,,,2,34,,58537,11195,,,2,61,,58541,11195,,,2,35,,58543,11195,,,2,60,,58546,11195,,,2,40,,58542,11195,,,2,65,,58544,11195,,,2,30,,58547,11195,,,2,85,,58545,11195,,,2,100,,58548,11195,,,2,100,,58549,11195,,,2,100,,58550,11195,,,2
6101,'F1',722,,58556,11195,,,2,30,,58553,11195,,,2,72,,58559,11195,,,2,17,,58557,11195,,,2,70,,58554,11195,,,2,30,,58560,11195,,,2,70,,58558,11195,,,2,30,,58555,11195,,,2,70,,58561,11195,,,2,30,,58562,11195,,,2,70,,58566,11195,,,2,30,,58570,11195,,,2,70,,58563,11195,,,2,30,,58567,11195,,,2,70,,58571,11195,,,2,30,,58564,11195,,,2,70,,58568,11195,,,2,30,,58572,11195,,,2,70,,58565,11195,,,2,34,,58569,11195,,,2,61,,58573,11195,,,2,35,,58575,11195,,,2,60,,58578,11195,,,2,40,,58574,11195,,,2,65,,58576,11195,,,2,30,,58579,11195,,,2,85,,58577,11195,,,2,100,,58580,11195,,,2,100,,58581,11195,,,2,100,,58582,11195,,,2
6101,'F2',722,,58588,11195,,,2,30,,58585,11195,,,2,72,,58591,11195,,,2,17,,58589,11195,,,2,70,,58586,11195,,,2,30,,58592,11195,,,2,70,,58590,11195,,,2,30,,58587,11195,,,2,70,,58593,11195,,,2,30,,58594,11195,,,2,70,,58598,11195,,,2,30,,58600,11195,,,2,70,,58595,11195,,,2,30,,58599,11195,,,2,70,,58601,11195,,,2,30,,58596,11195,,,2,70,,58602,11195,,,2,30,,58606,11195,,,2,70,,58597,11195,,,2,34,,58603,11195,,,2,61,,58607,11195,,,2,35,,58609,11195,,,2,60,,58604,11195,,,2,40,,58608,11195,,,2,65,,58610,11195,,,2,30,,58605,11195,,,2,85,,58611,11195,,,2,100,,58613,11195,,,2,100,,58612,11195,,,2,100,,58615,11195,,,2
6101,'SA',722,,58620,11195,,,2,30,,58617,11195,,,2,72,,58623,11195,,,2,17,,58621,11195,,,2,70,,58618,11195,,,2,30,,58624,11195,,,2,70,,58622,11195,,,2,30,,58619,11195,,,2,70,,58625,11195,,,2,30,,58626,11195,,,2,70,,58630,11195,,,2,30,,58632,11195,,,2,70,,58627,11195,,,2,30,,58631,11195,,,2,70,,58633,11195,,,2,30,,58628,11195,,,2,70,,58634,11195,,,2,30,,58638,11195,,,2,70,,58629,11195,,,2,34,,58635,11195,,,2,61,,58639,11195,,,2,35,,58641,11195,,,2,60,,58636,11195,,,2,40,,58640,11195,,,2,65,,58642,11195,,,2,30,,58637,11195,,,2,85,,58643,11195,,,2,100,,58645,11195,,,2,100,,58644,11195,,,2,100,,58647,11195,,,2
6101,'SE',601,,58698,11195,,,2,30,,58700,11195,,,2,10,,58653,11195,,,2,16,,58656,11195,,,2,49,,58650,11195,,,2,14,,58659,11195,,,2,15,,58649,11195,,,2,7,,58663,11195,,,2,16,,58657,11195,,,2,49,,58662,11195,,,2,19,,58654,11195,,,2,24,,58651,11195,,,2,62,,58660,11195,,,2,15,,58664,11195,,,2,76,,58655,11195,,,2,30,,58652,11195,,,2,70,,58661,11195,,,2,32,,58699,11195,,,2,70,,58658,11195,,,2,30,,58665,11195,,,2,72,,58669,11195,,,2,30,,58666,11195,,,2,70,,58667,11195,,,2,33,,58671,11195,,,2,61,,58673,11195,,,2,27,,58676,11195,,,2,23,,58668,11195,,,2,60,,58670,11195,,,2,24,,58678,11195,,,2,4,,58680,11195,,,2,65,,58674,11195,,,2,7,,58675,11195,,,2,14,,58681,11195,,,2,13,,58682,11195,,,2,14,,58672,11195,,,2,54,,58685,11195,,,2,6,,58688,11195,,,2,15,,58679,11195,,,2,14,,58677,11195,,,2,64,,58690,11195,,,2,24,,58683,11195,,,2,28,,58693,11195,,,2,68,,58696,11195,,,2,30,,58686,11195,,,2,69,,58689,11195,,,2,29,,58697,11195,,,2,70,,58684,11195,,,2,29,,58694,11195,,,2,70,,58691,11195,,,2
8501,'SE',634,,60899,3813,,,2,69,,60897,3813,,,2,27,,60900,3813,,,2,70,,60898,3813,,,2
16101,'DI',556,,62407,2662,0,35 36,2,1172,,62408,2662,0,35 36,2
16101,'F1',556,,62419,2662,0,35 36,2,1172,,62420,2662,0,35 36,2
16101,'F2',556,,62433,2662,0,35 36,2,1172,,62432,2662,0,35 36,2
16101,'SA',556,,62446,2662,0,35 36,2,1172,,62445,2662,0,35 36,2
16101,'SE',632,,62463,2662,0,35 36,2,73,,62462,2662,0,35 36,2,32,,62464,2662,0,35 36,2,502,,62460,2662,0,35 36,2,372,,62461,2662,0,35 36,2,36,,62465,2662,0,35 36,2,78,,62466,2662,0,35 36,2
