3200,'DI',624,,28441,11974,4,,1,101,,28442,11974,4,,1,99,,28443,11974,4,,1,102,,28444,11974,4,,1,100,,28447,11974,4,,1,101,,28449,11974,4,,1,101,,28445,11974,4,,1,103,,28451,11974,4,,1,98,,28450,11974,4,,1,104,,28453,11974,4,,1,96,,28452,11974,4,,1,100,,28455,11974,4,,1,100,,28454,11974,4,,1,99,,28448,11974,4,,1,100,,28439,11974,4,,1,100,,28456,11974,4,,1,100,,28458,11974,4,,1,100,,28446,11974,4,,1,100,,28457,11974,4,,1,99,,28440,11974,4,,1
3200,'F1',624,,46248,11974,4,,1,101,,46249,11974,4,,1,99,,46250,11974,4,,1,102,,46251,11974,4,,1,100,,46254,11974,4,,1,101,,46256,11974,4,,1,101,,46252,11974,4,,1,103,,46258,11974,4,,1,98,,46257,11974,4,,1,104,,46260,11974,4,,1,96,,46259,11974,4,,1,100,,46262,11974,4,,1,100,,46261,11974,4,,1,99,,46255,11974,4,,1,100,,46246,11974,4,,1,100,,46263,11974,4,,1,100,,46265,11974,4,,1,100,,46253,11974,4,,1,100,,46264,11974,4,,1,99,,46247,11974,4,,1
3200,'F2',624,,46267,11974,4,,1,101,,46268,11974,4,,1,96,,46269,11974,4,,1,103,,46270,11974,4,,1,101,,46276,11974,4,,1,102,,46271,11974,4,,1,99,,46285,11974,4,,1,106,,46277,11974,4,,1,102,,46272,11974,4,,1,97,,46273,11974,4,,1,98,,46278,11974,4,,1,100,,46279,11974,4,,1,100,,46274,11974,4,,1,99,,46281,11974,4,,1,100,,46280,11974,4,,1,100,,46282,11974,4,,1,100,,46284,11974,4,,1,100,,46283,11974,4,,1,100,,46275,11974,4,,1,99,,46266,11974,4,,1
3200,'F8',624,,28526,11974,4,,1,101,,28527,11974,4,,1,96,,28528,11974,4,,1,103,,28529,11974,4,,1,101,,28535,11974,4,,1,102,,28530,11974,4,,1,99,,28544,11974,4,,1,106,,28536,11974,4,,1,102,,28531,11974,4,,1,97,,28532,11974,4,,1,98,,28537,11974,4,,1,100,,28538,11974,4,,1,100,,28533,11974,4,,1,99,,28540,11974,4,,1,100,,28539,11974,4,,1,100,,28541,11974,4,,1,100,,28543,11974,4,,1,100,,28542,11974,4,,1,100,,28534,11974,4,,1,99,,28525,11974,4,,1
3200,'F9',624,,28547,11974,4,,1,101,,28548,11974,4,,1,99,,28549,11974,4,,1,102,,28550,11974,4,,1,100,,28553,11974,4,,1,101,,28555,11974,4,,1,101,,28551,11974,4,,1,103,,28557,11974,4,,1,98,,28556,11974,4,,1,104,,28559,11974,4,,1,96,,28558,11974,4,,1,100,,28561,11974,4,,1,100,,28560,11974,4,,1,99,,28554,11974,4,,1,100,,28545,11974,4,,1,100,,28562,11974,4,,1,100,,28564,11974,4,,1,100,,28552,11974,4,,1,100,,28563,11974,4,,1,99,,28546,11974,4,,1
3200,'SA',624,,28566,11974,4,,1,101,,28567,11974,4,,1,96,,28568,11974,4,,1,103,,28569,11974,4,,1,101,,28575,11974,4,,1,102,,28570,11974,4,,1,99,,28584,11974,4,,1,106,,28576,11974,4,,1,102,,28571,11974,4,,1,97,,28572,11974,4,,1,98,,28577,11974,4,,1,100,,28578,11974,4,,1,100,,28573,11974,4,,1,99,,28580,11974,4,,1,100,,28579,11974,4,,1,100,,28581,11974,4,,1,100,,28583,11974,4,,1,100,,28582,11974,4,,1,100,,28574,11974,4,,1,99,,28565,11974,4,,1
3200,'SE',900,,46288,11974,4,,1,56,,46290,11974,4,,1,101,,46292,11974,4,,1,100,,46286,11974,4,,1,100,,46299,11974,4,,1,100,,46287,11974,4,,1,143,,46291,11974,4,,1,433,,46293,11974,4,,1,70,,46297,11974,4,,1,100,,46296,11974,4,,1,98,,46298,11974,4,,1,100,,46289,11974,4,,1,58,,46294,11974,4,,1,141,,46295,11974,4,,1
8801,'DI',612,,36910,1777,,,1,30,,36915,1777,,,1,70,,36921,1777,,,1,30,,36931,1777,,,1,69,,36911,1777,,,1,30,,36916,1777,,,1,70,,36922,1777,,,1,28,,36932,1777,,,1,69,,36912,1777,,,1,30,,36917,1777,,,1,69,,36923,1777,,,1,30,,36933,1777,,,1,70,,36913,1777,,,1,30,,36918,1777,,,1,70,,36924,1777,,,1,31,,36934,1777,,,1,70,,36914,1777,,,1,31,,36919,1777,,,1,71,,36925,1777,,,1,29,,15257,1777,,,1,70,,36926,1777,,,1,30,,36920,1777,,,1,70,,36935,1777,,,1,34,,15258,1777,,,1,62,,36927,1777,,,1,106,,36936,1777,,,1,101,,36928,1777,,,1,100,,36937,1777,,,1,100,,36929,1777,,,1,100,,36938,1777,,,1,99,,36930,1777,,,1
8801,'F1',612,,49632,1777,,,1,30,,49637,1777,,,1,70,,49643,1777,,,1,30,,49653,1777,,,1,69,,49633,1777,,,1,30,,49638,1777,,,1,70,,49644,1777,,,1,28,,49654,1777,,,1,69,,49634,1777,,,1,30,,49639,1777,,,1,69,,49645,1777,,,1,30,,49655,1777,,,1,70,,49635,1777,,,1,30,,49640,1777,,,1,70,,49646,1777,,,1,31,,49656,1777,,,1,70,,49636,1777,,,1,31,,49641,1777,,,1,71,,49647,1777,,,1,29,,49630,1777,,,1,70,,49648,1777,,,1,30,,49642,1777,,,1,70,,49657,1777,,,1,34,,49631,1777,,,1,62,,49649,1777,,,1,106,,49658,1777,,,1,101,,49650,1777,,,1,100,,49659,1777,,,1,100,,49651,1777,,,1,100,,49660,1777,,,1,99,,49652,1777,,,1
8801,'F2',610,,49664,1777,,,1,30,,49663,1777,,,1,70,,49685,1777,,,1,28,,49676,1777,,,1,70,,49665,1777,,,1,30,,49689,1777,,,1,70,,49686,1777,,,1,27,,49677,1777,,,1,70,,49669,1777,,,1,29,,49690,1777,,,1,70,,49687,1777,,,1,31,,49678,1777,,,1,70,,49670,1777,,,1,31,,49682,1777,,,1,68,,49666,1777,,,1,31,,49679,1777,,,1,70,,49671,1777,,,1,30,,49683,1777,,,1,70,,49667,1777,,,1,30,,49661,1777,,,1,71,,49672,1777,,,1,31,,49684,1777,,,1,68,,49668,1777,,,1,32,,49662,1777,,,1,22,,49691,1777,,,1,149,,49680,1777,,,1,100,,49673,1777,,,1,100,,49681,1777,,,1,100,,49674,1777,,,1,98,,49688,1777,,,1,100,,49675,1777,,,1
8801,'F8',610,,37048,1777,,,1,30,,37047,1777,,,1,70,,37069,1777,,,1,28,,37060,1777,,,1,70,,37049,1777,,,1,30,,37073,1777,,,1,70,,37070,1777,,,1,27,,37061,1777,,,1,70,,37053,1777,,,1,29,,37074,1777,,,1,70,,37071,1777,,,1,31,,37062,1777,,,1,70,,37054,1777,,,1,31,,37066,1777,,,1,68,,37050,1777,,,1,31,,37063,1777,,,1,70,,37055,1777,,,1,30,,37067,1777,,,1,70,,37051,1777,,,1,30,,37045,1777,,,1,71,,37056,1777,,,1,31,,37068,1777,,,1,68,,37052,1777,,,1,32,,37046,1777,,,1,22,,37075,1777,,,1,149,,37064,1777,,,1,100,,37057,1777,,,1,100,,37065,1777,,,1,100,,37058,1777,,,1,98,,37072,1777,,,1,100,,37059,1777,,,1
8801,'F9',612,,37078,1777,,,1,30,,37083,1777,,,1,70,,37089,1777,,,1,30,,37099,1777,,,1,69,,37079,1777,,,1,30,,37084,1777,,,1,70,,37090,1777,,,1,28,,37100,1777,,,1,69,,37080,1777,,,1,30,,37085,1777,,,1,69,,37091,1777,,,1,30,,37101,1777,,,1,70,,37081,1777,,,1,30,,37086,1777,,,1,70,,37092,1777,,,1,31,,37102,1777,,,1,70,,37082,1777,,,1,31,,37087,1777,,,1,71,,37093,1777,,,1,29,,37076,1777,,,1,70,,37094,1777,,,1,30,,37088,1777,,,1,70,,37103,1777,,,1,34,,37077,1777,,,1,62,,37095,1777,,,1,106,,37104,1777,,,1,101,,37096,1777,,,1,100,,37105,1777,,,1,100,,37097,1777,,,1,100,,37106,1777,,,1,99,,37098,1777,,,1
8801,'SA',610,,37110,1777,,,1,30,,37109,1777,,,1,70,,37131,1777,,,1,28,,37122,1777,,,1,70,,37111,1777,,,1,30,,37134,1777,,,1,70,,37132,1777,,,1,27,,37123,1777,,,1,70,,37115,1777,,,1,29,,37135,1777,,,1,70,,37133,1777,,,1,31,,37124,1777,,,1,70,,37116,1777,,,1,31,,37128,1777,,,1,68,,37112,1777,,,1,31,,37125,1777,,,1,70,,37117,1777,,,1,30,,37129,1777,,,1,70,,37113,1777,,,1,30,,37107,1777,,,1,71,,37118,1777,,,1,31,,37130,1777,,,1,68,,37114,1777,,,1,32,,37108,1777,,,1,22,,37136,1777,,,1,149,,37126,1777,,,1,100,,37119,1777,,,1,100,,37127,1777,,,1,100,,37120,1777,,,1,98,,15458,1777,,,1,100,,37121,1777,,,1
8801,'SE',606,,49700,1777,,,1,20,,49692,1777,,,1,10,,49714,1777,,,1,14,,49719,1777,,,1,8,,49702,1777,,,1,50,,49721,1777,,,1,15,,49720,1777,,,1,10,,49693,1777,,,1,7,,49710,1777,,,1,18,,49718,1777,,,1,60,,49708,1777,,,1,20,,49732,1777,,,1,70,,49734,1777,,,1,30,,49733,1777,,,1,70,,49697,1777,,,1,30,,49727,1777,,,1,70,,49728,1777,,,1,30,,49694,1777,,,1,70,,49699,1777,,,1,30,,49703,1777,,,1,70,,49696,1777,,,1,30,,49695,1777,,,1,72,,49705,1777,,,1,29,,49701,1777,,,1,20,,49713,1777,,,1,57,,49730,1777,,,1,18,,49722,1777,,,1,12,,49704,1777,,,1,55,,49711,1777,,,1,15,,49715,1777,,,1,16,,49709,1777,,,1,15,,49698,1777,,,1,54,,49736,1777,,,1,16,,49735,1777,,,1,18,,49731,1777,,,1,16,,49723,1777,,,1,61,,49712,1777,,,1,27,,49716,1777,,,1,72,,49737,1777,,,1,30,,49706,1777,,,1,70,,49729,1777,,,1,30,,49717,1777,,,1,70,,49707,1777,,,1,102,,49724,1777,,,1,98,,49726,1777,,,1,100,,49725,1777,,,1
