2201,'SE',531,,45814,1264,,,2,92,,45816,1264,,,2,25,,45815,1264,,,2,70,,45818,1264,,,2,30,,45817,1264,,,2,908,,45819,1264,,,2,80,,45820,1264,,,2,20,,45813,1264,,,2
2501,'DI',1558,,27599,7031,,,2
2501,'F1',1558,,45883,7031,,,2
2501,'F2',1558,,45884,7031,,,2
2501,'F8',1558,,27634,7031,,,2
2501,'F9',1558,,27635,7031,,,2
2501,'SA',1558,,27636,7031,,,2
2501,'SE',636,,45908,5395,,,2,75,,45912,7031,,,2,30,,45911,7031,,,2,66,,45898,5395,,,2,30,,45885,5395,,,2,68,,45900,5395,,,2,505,,45890,5395,,,2,30,,45901,5395,,,2,71,,45887,5395,,,2,31,,45914,7031,,,2,59,,45910,7031,,,2,12,,45913,7031,,,2,9,,45906,5395,,,2,19,,45889,5395,,,2,14,,45888,5395,,,2,58,,45892,5395,,,2,28,,45902,5395,,,2,68,,45886,5395,,,2,29,,45893,5395,,,2,99,,45896,5395,,,2,385,,45909,5395,,,2,86,,45915,7031,,,2,13,,45904,5395,,,2,35,,45905,5395,,,2
12001,'SE',601,,49901,1264,,,2,31,,49902,1264,,,2,26,,49906,1264,,,2,77,,49899,1264,,,2,69,,49903,1264,,,2,32,,49905,1264,,,2,796,,49907,1264,,,2,71,,49900,1264,,,2,36,,49904,1264,,,2,62,,49908,1264,,,2,29,,49909,1264,,,2
12300,'DI',644,,37610,16552,0,42 43,1,100,,37620,16552,0,42 43,1,100,,37611,16552,0,42 43,1,100,,37621,16552,0,42 43,1,100,,37612,16552,0,42 43,1,100,,37622,16552,0,42 43,1,105,,37613,16552,0,42 43,1,95,,37623,16552,0,42 43,1,100,,37614,16552,0,42 43,1,100,,37624,16552,0,42 43,1,100,,37615,16552,0,42 43,1,100,,37625,16552,0,42 43,1,100,,37616,16552,0,42 43,1,100,,37626,16552,0,42 43,1,100,,37617,16552,0,42 43,1,100,,37627,16552,0,42 43,1,100,,37618,16552,0,42 43,1,100,,37628,16552,0,42 43,1,100,,37619,16552,0,42 43,1
12300,'F1',644,,49910,16552,0,42 43,1,100,,49920,16552,0,42 43,1,100,,49911,16552,0,42 43,1,100,,49921,16552,0,42 43,1,100,,49912,16552,0,42 43,1,100,,49922,16552,0,42 43,1,105,,49913,16552,0,42 43,1,95,,49923,16552,0,42 43,1,100,,49914,16552,0,42 43,1,100,,49924,16552,0,42 43,1,100,,49915,16552,0,42 43,1,100,,49925,16552,0,42 43,1,100,,49916,16552,0,42 43,1,100,,49926,16552,0,42 43,1,100,,49917,16552,0,42 43,1,100,,49927,16552,0,42 43,1,100,,49918,16552,0,42 43,1,100,,49928,16552,0,42 43,1,100,,49919,16552,0,42 43,1
12300,'F2',644,,49930,16552,0,42 43,1,100,,49929,16552,0,42 43,1,100,,49931,16552,0,42 43,1,105,,49940,16552,0,42 43,1,99,,49932,16552,0,42 43,1,100,,49941,16552,0,42 43,1,100,,49933,16552,0,42 43,1,96,,49942,16552,0,42 43,1,100,,49934,16552,0,42 43,1,100,,49943,16552,0,42 43,1,104,,49935,16552,0,42 43,1,101,,49944,16552,0,42 43,1,99,,49936,16552,0,42 43,1,96,,49945,16552,0,42 43,1,100,,49937,16552,0,42 43,1,100,,49946,16552,0,42 43,1,100,,49938,16552,0,42 43,1,100,,49947,16552,0,42 43,1,100,,49939,16552,0,42 43,1
12300,'F8',644,,37705,16552,0,42 43,1,100,,37704,16552,0,42 43,1,100,,37706,16552,0,42 43,1,105,,37715,16552,0,42 43,1,99,,37707,16552,0,42 43,1,100,,37716,16552,0,42 43,1,100,,37708,16552,0,42 43,1,96,,37717,16552,0,42 43,1,100,,37709,16552,0,42 43,1,100,,37718,16552,0,42 43,1,104,,37710,16552,0,42 43,1,101,,37719,16552,0,42 43,1,99,,37711,16552,0,42 43,1,96,,37720,16552,0,42 43,1,100,,37712,16552,0,42 43,1,100,,37721,16552,0,42 43,1,100,,37713,16552,0,42 43,1,100,,37722,16552,0,42 43,1,100,,37714,16552,0,42 43,1
12300,'F9',644,,37723,16552,0,42 43,1,100,,37733,16552,0,42 43,1,100,,37724,16552,0,42 43,1,100,,37734,16552,0,42 43,1,100,,37725,16552,0,42 43,1,100,,37735,16552,0,42 43,1,105,,37726,16552,0,42 43,1,95,,37736,16552,0,42 43,1,100,,37727,16552,0,42 43,1,100,,37737,16552,0,42 43,1,100,,37728,16552,0,42 43,1,100,,37738,16552,0,42 43,1,100,,37729,16552,0,42 43,1,100,,37739,16552,0,42 43,1,100,,37730,16552,0,42 43,1,100,,37740,16552,0,42 43,1,100,,37731,16552,0,42 43,1,100,,37741,16552,0,42 43,1,100,,37732,16552,0,42 43,1
12300,'SA',644,,37743,16552,0,42 43,1,100,,37742,16552,0,42 43,1,100,,37744,16552,0,42 43,1,105,,37753,16552,0,42 43,1,99,,37745,16552,0,42 43,1,100,,37754,16552,0,42 43,1,100,,37746,16552,0,42 43,1,96,,37755,16552,0,42 43,1,100,,37747,16552,0,42 43,1,100,,37756,16552,0,42 43,1,104,,37748,16552,0,42 43,1,101,,37757,16552,0,42 43,1,99,,37749,16552,0,42 43,1,96,,37758,16552,0,42 43,1,100,,37750,16552,0,42 43,1,100,,37759,16552,0,42 43,1,100,,37751,16552,0,42 43,1,100,,37760,16552,0,42 43,1,100,,37752,16552,0,42 43,1
12300,'SE',540,,49961,16552,0,42 43,1,73,,49949,16552,0,42 43,1,15,,49984,16552,0,42 43,1,10,,49964,16552,0,42 43,1,10,,49954,16552,0,42 43,1,10,,49952,16552,0,42 43,1,54,,49967,16552,0,42 43,1,8,,49956,16552,0,42 43,1,12,,49968,16552,0,42 43,1,10,,49953,16552,0,42 43,1,61,,49970,16552,0,42 43,1,17,,49974,16552,0,42 43,1,30,,49965,16552,0,42 43,1,65,,49971,16552,0,42 43,1,29,,49951,16552,0,42 43,1,102,,49972,16552,0,42 43,1,100,,49957,16552,0,42 43,1,99,,49966,16552,0,42 43,1,105,,49958,16552,0,42 43,1,5,,49955,16552,0,42 43,1,93,,49969,16552,0,42 43,1,70,,49959,16552,0,42 43,1,32,,49976,16552,0,42 43,1,66,,49980,16552,0,42 43,1,29,,49975,16552,0,42 43,1,71,,49950,16552,0,42 43,1,31,,49960,16552,0,42 43,1,67,,49977,16552,0,42 43,1,35,,49973,16552,0,42 43,1,68,,49962,16552,0,42 43,1,30,,49981,16552,0,42 43,1,68,,49963,16552,0,42 43,1,30,,49948,16552,0,42 43,1,100,,49982,16552,0,42 43,1,100,,49978,16552,0,42 43,1,96,,49983,16552,0,42 43,1,100,,49979,16552,0,42 43,1
16101,'DI',603,,38767,5986,,,2,30,,38758,1264,,,2,70,,38755,1264,,,2,30,,38765,1264,,,2,70,,38759,1264,,,2,30,,38760,1264,,,2,70,,38762,1264,,,2,702,,38756,1264,,,2,28,,38761,1264,,,2,72,,38757,1264,,,2,30,,38766,5986,,,2,70,,38764,1264,,,2,32,,38763,1264,,,2
16101,'F1',603,,50378,5986,,,2,30,,50369,1264,,,2,70,,50366,1264,,,2,30,,50376,1264,,,2,70,,50370,1264,,,2,30,,50371,1264,,,2,70,,50373,1264,,,2,702,,50367,1264,,,2,28,,50372,1264,,,2,72,,50368,1264,,,2,30,,50377,5986,,,2,70,,50375,1264,,,2,32,,50374,1264,,,2
16101,'F2',603,,50390,5986,,,2,30,,50386,1264,,,2,70,,50383,1264,,,2,30,,50384,1264,,,2,70,,50381,1264,,,2,30,,50387,1264,,,2,70,,50385,1264,,,2,700,,50382,1264,,,2,31,,50379,1264,,,2,71,,50388,1264,,,2,30,,50391,5986,,,2,71,,50380,1264,,,2,31,,50389,1264,,,2
16101,'F8',603,,38824,5986,,,2,30,,38820,1264,,,2,70,,38817,1264,,,2,30,,38818,1264,,,2,70,,38815,1264,,,2,30,,38821,1264,,,2,70,,38819,1264,,,2,700,,38816,1264,,,2,31,,38813,1264,,,2,71,,38822,1264,,,2,30,,38825,5986,,,2,71,,38814,1264,,,2,31,,38823,1264,,,2
16101,'F9',603,,38838,5986,,,2,30,,38829,1264,,,2,70,,38826,1264,,,2,30,,38836,1264,,,2,70,,38830,1264,,,2,30,,38831,1264,,,2,70,,38833,1264,,,2,702,,38827,1264,,,2,28,,38832,1264,,,2,72,,38828,1264,,,2,30,,38837,5986,,,2,70,,38835,1264,,,2,32,,38834,1264,,,2
16101,'SA',603,,38849,5986,,,2,30,,17011,1264,,,2,70,,38843,1264,,,2,30,,38844,1264,,,2,70,,38841,1264,,,2,30,,38846,1264,,,2,70,,38845,1264,,,2,700,,38842,1264,,,2,31,,38839,1264,,,2,71,,38847,1264,,,2,30,,38850,5986,,,2,71,,38840,1264,,,2,31,,38848,1264,,,2
16101,'SE',558,,50396,1264,,,2,60,,50398,1264,,,2,22,,50408,5986,,,2,60,,50397,1264,,,2,13,,50406,5986,,,2,17,,50392,1264,,,2,16,,50409,5986,,,2,56,,50393,1264,,,2,23,,50401,1264,,,2,21,,50400,1264,,,2,57,,50399,1264,,,2,20,,50402,1264,,,2,325,,50407,5986,,,2,372,,50410,5986,,,2,15,,50394,1264,,,2,21,,50405,5986,,,2,60,,50403,1264,,,2,18,,50411,5986,,,2,21,,50395,1264,,,2,60,,50404,1264,,,2
