401,'DI',617,,21384,20587,,,1,30,,21391,20587,,,1,70,,21403,20587,,,1,30,,21399,20587,,,1,70,,21385,20587,,,1,30,,21392,20587,,,1,72,,21405,20587,,,1,30,,21407,20587,,,1,70,,21386,20587,,,1,30,,21393,20587,,,1,70,,21406,20587,,,1,30,,21408,20587,,,1,70,,21387,20587,,,1,30,,21413,20587,,,1,70,,21414,20587,,,1,30,,21409,20587,,,1,71,,21388,20587,,,1,29,,21394,20587,,,1,70,,21416,20587,,,1,30,,21397,20587,,,1,72,,21389,20587,,,1,29,,21395,20587,,,1,70,,21417,20587,,,1,34,,21398,20587,,,1,65,,21410,20587,,,1,30,,21415,20587,,,1,70,,21412,20587,,,1,30,,21390,20587,,,1,71,,21411,20587,,,1,29,,21400,20587,,,1,70,,21383,20587,,,1,30,,21396,20587,,,1,100,,21402,20587,,,1,100,,21404,20587,,,1,100,,21401,20587,,,1
401,'F8',617,,21527,20587,,,1,30,,21534,20587,,,1,70,,21536,20587,,,1,30,,21531,20587,,,1,70,,21528,20587,,,1,30,,21535,20587,,,1,72,,21537,20587,,,1,30,,21532,20587,,,1,70,,21529,20587,,,1,30,,21555,20587,,,1,70,,21538,20587,,,1,30,,21549,20587,,,1,70,,21559,20587,,,1,32,,21547,20587,,,1,70,,21558,20587,,,1,30,,21542,20587,,,1,70,,21526,20587,,,1,30,,21539,20587,,,1,70,,21550,20587,,,1,30,,21560,20587,,,1,70,,21557,20587,,,1,30,,21546,20587,,,1,70,,21552,20587,,,1,30,,21545,20587,,,1,70,,21533,20587,,,1,28,,21551,20587,,,1,70,,21541,20587,,,1,30,,21530,20587,,,1,70,,21554,20587,,,1,30,,21540,20587,,,1,70,,21553,20587,,,1,30,,21556,20587,,,1,100,,21548,20587,,,1,100,,21544,20587,,,1,100,,21543,20587,,,1
401,'F9',617,,21562,20587,,,1,30,,21569,20587,,,1,70,,21581,20587,,,1,30,,21577,20587,,,1,70,,21563,20587,,,1,30,,21570,20587,,,1,72,,21583,20587,,,1,30,,21585,20587,,,1,70,,21564,20587,,,1,30,,21571,20587,,,1,70,,21584,20587,,,1,30,,21586,20587,,,1,70,,21565,20587,,,1,30,,21591,20587,,,1,70,,21592,20587,,,1,30,,21587,20587,,,1,71,,21566,20587,,,1,29,,21572,20587,,,1,70,,21594,20587,,,1,30,,21575,20587,,,1,72,,21567,20587,,,1,29,,21573,20587,,,1,70,,21595,20587,,,1,34,,21576,20587,,,1,65,,21588,20587,,,1,30,,21593,20587,,,1,70,,21590,20587,,,1,30,,21568,20587,,,1,71,,21589,20587,,,1,29,,21578,20587,,,1,70,,21561,20587,,,1,30,,21574,20587,,,1,100,,21580,20587,,,1,100,,21582,20587,,,1,100,,21579,20587,,,1
401,'SA',617,,21596,20587,,,1,30,,1360,20587,,,1,70,,1362,20587,,,1,30,,1358,20587,,,1,70,,21597,20587,,,1,30,,1361,20587,,,1,72,,1363,20587,,,1,30,,1359,20587,,,1,70,,21598,20587,,,1,30,,21616,20587,,,1,70,,1364,20587,,,1,30,,21610,20587,,,1,70,,21620,20587,,,1,32,,21608,20587,,,1,70,,21619,20587,,,1,30,,21603,20587,,,1,70,,1356,20587,,,1,30,,1365,20587,,,1,70,,21611,20587,,,1,30,,21621,20587,,,1,70,,21618,20587,,,1,30,,21607,20587,,,1,70,,21613,20587,,,1,30,,21606,20587,,,1,70,,21600,20587,,,1,28,,21612,20587,,,1,70,,21602,20587,,,1,30,,21599,20587,,,1,70,,21615,20587,,,1,30,,21601,20587,,,1,70,,21614,20587,,,1,30,,21617,20587,,,1,100,,21609,20587,,,1,100,,21605,20587,,,1,100,,21604,20587,,,1
401,'SE',622,,21637,20587,,,1,22,,21635,20587,,,1,58,,21647,20587,,,1,21,,21624,20587,,,1,36,,21622,20587,,,1,73,,21625,20587,,,1,73,,21653,20587,,,1,30,,21633,20587,,,1,70,,21640,20587,,,1,30,,1417,20587,,,1,70,,21655,20587,,,1,30,,21649,20587,,,1,70,,21626,20587,,,1,30,,21644,20587,,,1,74,,1416,20587,,,1,32,,21645,20587,,,1,70,,21634,20587,,,1,30,,21643,20587,,,1,66,,21623,20587,,,1,34,,21651,20587,,,1,15,,1420,20587,,,1,63,,21627,20587,,,1,25,,21646,20587,,,1,59,,21629,20587,,,1,20,,21630,20587,,,1,23,,21648,20587,,,1,13,,21654,20587,,,1,60,,21650,20587,,,1,24,,21639,20587,,,1,14,,1421,20587,,,1,67,,21628,20587,,,1,30,,21652,20587,,,1,67,,21636,20587,,,1,27,,21631,20587,,,1,70,,21642,20587,,,1,30,,21656,20587,,,1,70,,21657,20587,,,1,100,,21632,20587,,,1,96,,21638,20587,,,1,100,,21641,20587,,,1
1401,'SE',553,,24339,1925,,,1,70,,24341,1925,,,1,20,,24344,1925,,,1,14,,24343,1925,,,1,56,,24346,1925,,,1,12,,24340,1925,,,1,16,,24337,1925,,,1,14,,24342,1925,,,1,54,,24345,1925,,,1,16,,24348,1925,,,1,16,,24338,1925,,,1,61,,24347,1925,,,1,23,,24356,1925,,,1,100,,24357,1925,,,1,100,,24361,1925,,,1,100,,24362,1925,,,1,100,,24349,1925,,,1,100,,24353,1925,,,1,100,,24351,1925,,,1,85,,24360,1925,,,1,17,,24355,1925,,,1,19,,24350,1925,,,1,64,,24364,1925,,,1,19,,24363,1925,,,1,21,,24358,1925,,,1,60,,24352,1925,,,1,18,,24354,1925,,,1,29,,24359,1925,,,1
2100,'DI',530,,26717,14239,,,1,70,,26710,14239,,,1,30,,26733,14239,,,1,29,,26735,14239,,,1,70,,26737,14239,,,1,30,,26728,14239,,,1,71,,26729,14239,,,1,70,,26734,14239,,,1,30,,26718,14239,,,1,27,,26731,14239,,,1,73,,26744,14239,,,1,70,,26742,14239,,,1,32,,26732,14239,,,1,69,,26719,14239,,,1,31,,26738,14239,,,1,70,,26730,14239,,,1,30,,26736,14239,,,1,70,,26745,14239,,,1,30,,26743,14239,,,1,70,,26720,14239,,,1,30,,26722,14239,,,1,70,,26711,14239,,,1,30,,26725,14239,,,1,70,,26721,14239,,,1,30,,26705,14239,,,1,70,,26712,14239,,,1,30,,26726,14239,,,1,68,,26709,14239,,,1,30,,26706,14239,,,1,70,,26708,14239,,,1,30,,26740,14239,,,1,70,,26723,14239,,,1,30,,26713,14239,,,1,70,,26727,14239,,,1,30,,26714,14239,,,1,70,,26716,14239,,,1,30,,26739,14239,,,1,70,,26741,14239,,,1,30,,26707,14239,,,1,70,,26724,14239,,,1,30,,26715,14239,,,1
2100,'F8',530,,26891,14239,,,1,70,,26882,14239,,,1,30,,26895,14239,,,1,70,,26904,14239,,,1,30,,26905,14239,,,1,70,,26893,14239,,,1,30,,26908,14239,,,1,70,,26896,14239,,,1,30,,26883,14239,,,1,25,,26878,14239,,,1,71,,26892,14239,,,1,74,,26897,14239,,,1,33,,26879,14239,,,1,25,,26884,14239,,,1,74,,26888,14239,,,1,70,,26901,14239,,,1,30,,26906,14239,,,1,70,,26898,14239,,,1,30,,26909,14239,,,1,70,,26902,14239,,,1,30,,26907,14239,,,1,70,,26899,14239,,,1,30,,26911,14239,,,1,70,,26885,14239,,,1,30,,26910,14239,,,1,70,,26900,14239,,,1,30,,26912,14239,,,1,68,,26874,14239,,,1,30,,26889,14239,,,1,70,,26903,14239,,,1,30,,26886,14239,,,1,70,,26894,14239,,,1,30,,26880,14239,,,1,70,,26890,14239,,,1,30,,26876,14239,,,1,70,,26887,14239,,,1,30,,26914,14239,,,1,70,,26881,14239,,,1,30,,26913,14239,,,1,70,,26877,14239,,,1,29,,26875,14239,,,1
2100,'F9',530,,26927,14239,,,1,70,,26920,14239,,,1,30,,26943,14239,,,1,29,,26945,14239,,,1,70,,26947,14239,,,1,30,,26938,14239,,,1,71,,26939,14239,,,1,70,,26944,14239,,,1,30,,26928,14239,,,1,27,,26941,14239,,,1,73,,26954,14239,,,1,70,,26952,14239,,,1,32,,26942,14239,,,1,69,,26929,14239,,,1,31,,26948,14239,,,1,70,,26940,14239,,,1,30,,26946,14239,,,1,70,,26955,14239,,,1,30,,26953,14239,,,1,70,,26930,14239,,,1,30,,26932,14239,,,1,70,,26921,14239,,,1,30,,26935,14239,,,1,70,,26931,14239,,,1,30,,26915,14239,,,1,70,,26922,14239,,,1,30,,26936,14239,,,1,68,,26919,14239,,,1,30,,26916,14239,,,1,70,,26918,14239,,,1,30,,26950,14239,,,1,70,,26933,14239,,,1,30,,26923,14239,,,1,70,,26937,14239,,,1,30,,26924,14239,,,1,70,,26926,14239,,,1,30,,26949,14239,,,1,70,,26951,14239,,,1,30,,26917,14239,,,1,70,,26934,14239,,,1,30,,26925,14239,,,1
2100,'SA',530,,26973,14239,,,1,70,,26964,14239,,,1,30,,26977,14239,,,1,70,,26986,14239,,,1,30,,26987,14239,,,1,70,,26975,14239,,,1,30,,26988,14239,,,1,70,,26978,14239,,,1,30,,26965,14239,,,1,25,,26960,14239,,,1,71,,26974,14239,,,1,74,,26979,14239,,,1,33,,26961,14239,,,1,25,,26966,14239,,,1,74,,26970,14239,,,1,70,,26983,14239,,,1,30,,6221,14239,,,1,70,,26980,14239,,,1,30,,26989,14239,,,1,70,,26984,14239,,,1,30,,6222,14239,,,1,70,,26981,14239,,,1,30,,26991,14239,,,1,70,,26967,14239,,,1,30,,26990,14239,,,1,70,,26982,14239,,,1,30,,26992,14239,,,1,68,,26956,14239,,,1,30,,26971,14239,,,1,70,,26985,14239,,,1,30,,26968,14239,,,1,70,,26976,14239,,,1,30,,26962,14239,,,1,70,,26972,14239,,,1,30,,26958,14239,,,1,70,,26969,14239,,,1,30,,26993,14239,,,1,70,,26963,14239,,,1,30,,6233,14239,,,1,70,,26959,14239,,,1,29,,26957,14239,,,1
2100,'SE',542,,27004,14239,,,1,15,,27005,14239,,,1,55,,26997,14239,,,1,12,,26999,14239,,,1,10,,27031,14239,,,1,20,,27035,14239,,,1,58,,26998,14239,,,1,10,,27008,14239,,,1,14,,27006,14239,,,1,17,,27000,14239,,,1,57,,27032,14239,,,1,23,,27007,14239,,,1,18,,27044,14239,,,1,60,,27033,14239,,,1,21,,27026,14239,,,1,27,,27028,14239,,,1,72,,27036,14239,,,1,70,,27034,14239,,,1,30,,26994,14239,,,1,70,,27020,14239,,,1,33,,27022,14239,,,1,70,,27001,14239,,,1,30,,27037,14239,,,1,70,,27045,14239,,,1,28,,27029,14239,,,1,82,,27027,14239,,,1,6,,27021,14239,,,1,17,,27017,14239,,,1,15,,27009,14239,,,1,55,,27002,14239,,,1,15,,27038,14239,,,1,15,,27030,14239,,,1,16,,27014,14239,,,1,59,,27041,14239,,,1,17,,27040,14239,,,1,10,,27018,14239,,,1,12,,27010,14239,,,1,55,,27003,14239,,,1,12,,27039,14239,,,1,15,,27019,14239,,,1,15,,27015,14239,,,1,60,,27042,14239,,,1,20,,27024,14239,,,1,16,,27011,14239,,,1,70,,27025,14239,,,1,30,,26995,14239,,,1,70,,27023,14239,,,1,30,,27016,14239,,,1,100,,27012,14239,,,1,100,,27043,14239,,,1,96,,26996,14239,,,1,100,,27013,14239,,,1
3201,'DI',549,,28612,10378,,,2,99,,28613,10378,,,2,101,,28614,10378,,,2,99,,28615,10378,,,2,102,,28616,10378,,,2,101,,28619,10378,,,2,102,,28621,10378,,,2,103,,28617,10378,,,2,103,,28623,10378,,,2,98,,28622,10378,,,2,143,,28625,10378,,,2,56,,28624,10378,,,2,97,,28627,10378,,,2,99,,28626,10378,,,2,99,,28620,10378,,,2,100,,28610,10378,,,2,100,,28628,10378,,,2,100,,28630,10378,,,2,100,,28618,10378,,,2,100,,28629,10378,,,2,99,,28611,10378,,,2
3201,'F8',549,,28702,10378,,,2,99,,28703,10378,,,2,101,,28704,10378,,,2,96,,28705,10378,,,2,103,,28706,10378,,,2,102,,28712,10378,,,2,103,,28707,10378,,,2,101,,28721,10378,,,2,146,,28713,10378,,,2,102,,28708,10378,,,2,56,,28709,10378,,,2,98,,28714,10378,,,2,97,,28715,10378,,,2,99,,28710,10378,,,2,99,,28717,10378,,,2,100,,28716,10378,,,2,100,,28718,10378,,,2,100,,28720,10378,,,2,100,,28719,10378,,,2,100,,28711,10378,,,2,99,,28701,10378,,,2
3201,'F9',549,,28724,10378,,,2,99,,28725,10378,,,2,101,,28726,10378,,,2,99,,28727,10378,,,2,102,,28728,10378,,,2,101,,28731,10378,,,2,102,,28733,10378,,,2,103,,28729,10378,,,2,103,,28735,10378,,,2,98,,28734,10378,,,2,143,,28737,10378,,,2,56,,28736,10378,,,2,97,,28739,10378,,,2,99,,28738,10378,,,2,99,,28732,10378,,,2,100,,28722,10378,,,2,100,,28740,10378,,,2,100,,28742,10378,,,2,100,,28730,10378,,,2,100,,28741,10378,,,2,99,,28723,10378,,,2
3201,'SA',549,,28744,10378,,,2,99,,28745,10378,,,2,101,,28746,10378,,,2,96,,28747,10378,,,2,103,,28748,10378,,,2,102,,28754,10378,,,2,103,,28749,10378,,,2,101,,28763,10378,,,2,146,,28755,10378,,,2,102,,28750,10378,,,2,56,,28751,10378,,,2,98,,28756,10378,,,2,97,,28757,10378,,,2,99,,28752,10378,,,2,99,,28759,10378,,,2,100,,28758,10378,,,2,100,,28760,10378,,,2,100,,28762,10378,,,2,100,,28761,10378,,,2,100,,28753,10378,,,2,99,,28743,10378,,,2
3201,'SE',526,,28779,14665,,,2,30,,28785,14665,,,2,70,,28783,14665,,,2,31,,28788,14665,,,2,76,,28786,14665,,,2,68,,28780,14665,,,2,24,,28777,14665,,,2,30,,28784,14665,,,2,75,,28775,14665,,,2,93,,28771,10378,,,2,101,,28772,10378,,,2,100,,28774,10378,,,2,100,,28766,10378,,,2,100,,7845,10378,,,2,103,,28767,10378,,,2,105,,28764,10378,,,2,21,,28778,14665,,,2,72,,28782,14665,,,2,30,,28789,14665,,,2,70,,28787,14665,,,2,23,,28781,14665,,,2,70,,28790,14665,,,2,25,,28776,14665,,,2,85,,28773,10378,,,2,100,,28769,10378,,,2,98,,28770,10378,,,2,100,,28765,10378,,,2,98,,28768,10378,,,2
13201,'DI',730,,38200,11800,,,2,100,,38198,11800,,,2,100,,38199,11800,,,2,100,,38204,11800,,,2,100,,38201,11800,,,2,100,,38202,11800,,,2,100,,38205,11800,,,2,100,,38208,11800,,,2,100,,38206,11800,,,2,105,,38210,11800,,,2,95,,38209,11800,,,2,100,,38207,11800,,,2,101,,38211,11800,,,2,97,,38212,11800,,,2,100,,38203,11800,,,2,100,,38197,11800,,,2,100,,38213,11800,,,2,100,,38214,11800,,,2
13201,'F8',730,,38280,11800,,,2,100,,38296,11800,,,2,100,,38284,11800,,,2,100,,38279,11800,,,2,103,,38281,11800,,,2,97,,38285,11800,,,2,104,,38282,11800,,,2,96,,38295,11800,,,2,104,,38286,11800,,,2,96,,38288,11800,,,2,100,,38283,11800,,,2,100,,38287,11800,,,2,101,,38289,11800,,,2,97,,38291,11800,,,2,100,,38290,11800,,,2,100,,38293,11800,,,2,100,,38292,11800,,,2,100,,38294,11800,,,2
13201,'F9',730,,38300,11800,,,2,100,,38298,11800,,,2,100,,38299,11800,,,2,100,,38304,11800,,,2,100,,38301,11800,,,2,100,,38302,11800,,,2,100,,38305,11800,,,2,100,,38308,11800,,,2,100,,38306,11800,,,2,105,,38310,11800,,,2,95,,38309,11800,,,2,100,,38307,11800,,,2,101,,38311,11800,,,2,97,,38312,11800,,,2,100,,38303,11800,,,2,100,,38297,11800,,,2,100,,38313,11800,,,2,100,,38314,11800,,,2
13201,'SA',730,,38316,11800,,,2,100,,38332,11800,,,2,100,,38320,11800,,,2,100,,38315,11800,,,2,103,,38317,11800,,,2,97,,38321,11800,,,2,104,,38318,11800,,,2,96,,38331,11800,,,2,104,,38322,11800,,,2,96,,38324,11800,,,2,100,,38319,11800,,,2,100,,38323,11800,,,2,101,,38325,11800,,,2,97,,38327,11800,,,2,100,,38326,11800,,,2,100,,38329,11800,,,2,100,,38328,11800,,,2,100,,38330,11800,,,2
13201,'SE',601,,38339,11800,,,2,30,,38336,11800,,,2,75,,38345,11800,,,2,20,,38338,11800,,,2,25,,38343,11800,,,2,50,,38349,11800,,,2,10,,38347,11800,,,2,22,,38346,11800,,,2,17,,38340,11800,,,2,55,,38344,11800,,,2,20,,38348,11800,,,2,19,,38358,11800,,,2,59,,16560,11800,,,2,97,,38359,11800,,,2,59,,16564,11800,,,2,96,,38357,11800,,,2,100,,38350,11800,,,2,151,,38351,11800,,,2,11,,38354,11800,,,2,3,,38333,11800,,,2,83,,38341,11800,,,2,25,,38352,11800,,,2,21,,38355,11800,,,2,58,,38337,11800,,,2,23,,38342,11800,,,2,19,,38335,11800,,,2,57,,38353,11800,,,2,19,,38334,11800,,,2,80,,38356,11800,,,2
21400,'DI',905,,39011,1925,,,1,100,,39012,1925,,,1,100,,39013,1925,,,1,100,,39014,1925,,,1,100,,39015,1925,,,1,100,,39016,1925,,,1,100,,39017,1925,,,1,100,,39018,1925,,,1,100,,39019,1925,,,1,100,,39020,1925,,,1
21400,'F8',905,,39034,1925,,,1,100,,39035,1925,,,1,100,,39036,1925,,,1,100,,39037,1925,,,1,100,,39038,1925,,,1,100,,39039,1925,,,1,100,,39040,1925,,,1,100,,39041,1925,,,1,100,,39042,1925,,,1,100,,39043,1925,,,1
21400,'F9',905,,39044,1925,,,1,100,,39045,1925,,,1,100,,39046,1925,,,1,100,,39047,1925,,,1,100,,39048,1925,,,1,100,,39049,1925,,,1,100,,39050,1925,,,1,100,,39051,1925,,,1,100,,39052,1925,,,1,100,,39053,1925,,,1
21400,'SA',905,,39054,1925,,,1,100,,39055,1925,,,1,100,,39056,1925,,,1,100,,39057,1925,,,1,100,,39058,1925,,,1,100,,39059,1925,,,1,100,,39060,1925,,,1,100,,39061,1925,,,1,100,,39062,1925,,,1,100,,39063,1925,,,1
55101,'SE',902,,40716,1196,,,2
