4200,'DI',617,,29423,2641,,,1,100,,29424,2641,,,1,100,,29425,2641,,,1,100,,29426,2641,,,1,100,,29427,2641,,,1,100,,29428,2641,,,1,100,,29429,2641,,,1,100,,29430,2641,,,1,100,,29431,2641,,,1,100,,29432,2641,,,1,100,,29433,2641,,,1,100,,29434,2641,,,1,100,,29435,2641,,,1,100,,29436,2641,,,1,100,,29437,2641,,,1,100,,29438,2641,,,1,100,,29439,2641,,,1,100,,29440,2641,,,1,100,,29441,2641,,,1,100,,29442,2641,,,1
4200,'F1',617,,46641,2641,,,1,100,,46642,2641,,,1,100,,46643,2641,,,1,100,,46644,2641,,,1,100,,46645,2641,,,1,100,,46646,2641,,,1,100,,46647,2641,,,1,100,,46648,2641,,,1,100,,46649,2641,,,1,100,,46650,2641,,,1,100,,46651,2641,,,1,100,,46652,2641,,,1,100,,46653,2641,,,1,100,,46654,2641,,,1,100,,46655,2641,,,1,100,,46656,2641,,,1,100,,46657,2641,,,1,100,,46658,2641,,,1,100,,46659,2641,,,1,100,,46660,2641,,,1
4200,'F2',617,,46678,2641,,,1,100,,46679,2641,,,1,100,,46680,2641,,,1,100,,46661,2641,,,1,100,,46662,2641,,,1,100,,46663,2641,,,1,100,,46664,2641,,,1,100,,46665,2641,,,1,100,,46666,2641,,,1,100,,46667,2641,,,1,100,,46668,2641,,,1,100,,46669,2641,,,1,100,,46670,2641,,,1,100,,46671,2641,,,1,100,,46672,2641,,,1,100,,46673,2641,,,1,100,,46674,2641,,,1,100,,46675,2641,,,1,100,,46676,2641,,,1,100,,46677,2641,,,1
4200,'F8',617,,29543,2641,,,1,100,,29544,2641,,,1,100,,29545,2641,,,1,100,,29526,2641,,,1,100,,29527,2641,,,1,100,,29528,2641,,,1,100,,29529,2641,,,1,100,,29530,2641,,,1,100,,29531,2641,,,1,100,,29532,2641,,,1,100,,29533,2641,,,1,100,,29534,2641,,,1,100,,29535,2641,,,1,100,,29536,2641,,,1,100,,29537,2641,,,1,100,,29538,2641,,,1,100,,29539,2641,,,1,100,,29540,2641,,,1,100,,29541,2641,,,1,100,,29542,2641,,,1
4200,'F9',617,,29546,2641,,,1,100,,29547,2641,,,1,100,,29548,2641,,,1,100,,29549,2641,,,1,100,,29550,2641,,,1,100,,29551,2641,,,1,100,,29552,2641,,,1,100,,29553,2641,,,1,100,,29554,2641,,,1,100,,29555,2641,,,1,100,,29556,2641,,,1,100,,29557,2641,,,1,100,,29558,2641,,,1,100,,29559,2641,,,1,100,,29560,2641,,,1,100,,29561,2641,,,1,100,,29562,2641,,,1,100,,29563,2641,,,1,100,,29564,2641,,,1,100,,29565,2641,,,1
4200,'SA',617,,29583,2641,,,1,100,,29584,2641,,,1,100,,29585,2641,,,1,100,,29566,2641,,,1,100,,29567,2641,,,1,100,,29568,2641,,,1,100,,29569,2641,,,1,100,,29570,2641,,,1,100,,29571,2641,,,1,100,,29572,2641,,,1,100,,29573,2641,,,1,100,,29574,2641,,,1,100,,29575,2641,,,1,100,,29576,2641,,,1,100,,29577,2641,,,1,100,,29578,2641,,,1,100,,29579,2641,,,1,100,,29580,2641,,,1,100,,29581,2641,,,1,100,,29582,2641,,,1
4200,'SE',558,,46723,2641,,,1,76,,46683,2641,,,1,69,,46716,2641,,,1,12,,46690,2641,,,1,6,,46722,2641,,,1,6,,46694,2641,,,1,6,,46691,2641,,,1,22,,46697,2641,,,1,62,,46695,2641,,,1,34,,46689,2641,,,1,70,,46696,2641,,,1,30,,46692,2641,,,1,70,,46698,2641,,,1,30,,46713,2641,,,1,70,,46682,2641,,,1,30,,46712,2641,,,1,70,,46684,2641,,,1,30,,46715,2641,,,1,70,,46699,2641,,,1,30,,46693,2641,,,1,70,,46688,2641,,,1,30,,46701,2641,,,1,71,,46705,2641,,,1,30,,46700,2641,,,1,67,,46717,2641,,,1,24,,46711,2641,,,1,15,,46685,2641,,,1,54,,46686,2641,,,1,14,,46718,2641,,,1,14,,46714,2641,,,1,15,,46681,2641,,,1,67,,46706,2641,,,1,30,,46719,2641,,,1,73,,46707,2641,,,1,34,,46720,2641,,,1,70,,46708,2641,,,1,29,,46721,2641,,,1,70,,46709,2641,,,1,30,,46687,2641,,,1,70,,46710,2641,,,1,91,,46702,2641,,,1,100,,46703,2641,,,1,100,,46704,2641,,,1
5000,'DI',720,,31252,2662,,,2,100,,31260,2662,,,2,100,,31258,2662,,,2,103,,31259,2662,,,2,94,,31261,2662,,,2,103,,31262,2662,,,2,103,,31263,2662,,,2,97,,31251,2662,,,2,96,,31264,2662,,,2,103,,31249,2662,,,2,106,,31248,2662,,,2,95,,31257,2662,,,2,100,,31250,2662,,,2,100,,31253,2662,,,2,100,,31255,2662,,,2,100,,31265,2662,,,2,100,,31254,2662,,,2,100,,31256,2662,,,2,100,,31266,2662,,,2
5000,'F1',720,,47364,2662,,,2,100,,47372,2662,,,2,100,,47370,2662,,,2,103,,47371,2662,,,2,94,,47373,2662,,,2,103,,47374,2662,,,2,103,,47375,2662,,,2,97,,47363,2662,,,2,96,,47376,2662,,,2,103,,47361,2662,,,2,106,,47360,2662,,,2,95,,47369,2662,,,2,100,,47362,2662,,,2,100,,47365,2662,,,2,100,,47367,2662,,,2,100,,47377,2662,,,2,100,,47366,2662,,,2,100,,47368,2662,,,2,100,,47378,2662,,,2
5000,'F2',620,,47386,2662,,,2,98,,47385,2662,,,2,102,,47390,2662,,,2,97,,47394,2662,,,2,103,,47395,2662,,,2,96,,47399,2662,,,2,102,,47396,2662,,,2,98,,47380,2662,,,2,99,,47381,2662,,,2,103,,47382,2662,,,2,103,,47383,2662,,,2,103,,47384,2662,,,2,96,,47387,2662,,,2,100,,47398,2662,,,2,100,,47397,2662,,,2,100,,47388,2662,,,2,97,,47391,2662,,,2,103,,47392,2662,,,2,101,,47393,2662,,,2,99,,47389,2662,,,2
5000,'F8',620,,31342,2662,,,2,98,,31341,2662,,,2,102,,31346,2662,,,2,97,,31350,2662,,,2,103,,31351,2662,,,2,96,,31355,2662,,,2,102,,31352,2662,,,2,98,,31336,2662,,,2,99,,31337,2662,,,2,103,,31338,2662,,,2,103,,31339,2662,,,2,103,,31340,2662,,,2,96,,31343,2662,,,2,100,,31354,2662,,,2,100,,31353,2662,,,2,100,,31344,2662,,,2,97,,31347,2662,,,2,103,,31348,2662,,,2,101,,31349,2662,,,2,99,,31345,2662,,,2
5000,'F9',720,,31360,2662,,,2,100,,31368,2662,,,2,100,,31366,2662,,,2,103,,31367,2662,,,2,94,,31369,2662,,,2,103,,31370,2662,,,2,103,,31371,2662,,,2,97,,31359,2662,,,2,96,,31372,2662,,,2,103,,31357,2662,,,2,106,,31356,2662,,,2,95,,31365,2662,,,2,100,,31358,2662,,,2,100,,31361,2662,,,2,100,,31363,2662,,,2,100,,31373,2662,,,2,100,,31362,2662,,,2,100,,31364,2662,,,2,100,,31374,2662,,,2
5000,'SA',620,,31382,2662,,,2,98,,31381,2662,,,2,102,,31386,2662,,,2,97,,31390,2662,,,2,103,,31391,2662,,,2,96,,31395,2662,,,2,102,,31392,2662,,,2,98,,31376,2662,,,2,99,,31377,2662,,,2,103,,31378,2662,,,2,103,,31379,2662,,,2,103,,31380,2662,,,2,96,,31383,2662,,,2,100,,31394,2662,,,2,100,,31393,2662,,,2,100,,31384,2662,,,2,97,,31387,2662,,,2,103,,31388,2662,,,2,101,,31389,2662,,,2,99,,31385,2662,,,2
5000,'SE',710,,47411,2662,,,2,30,,47409,2662,,,2,70,,47423,2662,,,2,33,,47404,2662,,,2,67,,47408,2662,,,2,100,,47424,2662,,,2,100,,47400,2662,,,2,100,,47413,2662,,,2,100,,47406,2662,,,2,99,,47402,2662,,,2,102,,47414,2662,,,2,28,,47425,2662,,,2,70,,47419,2662,,,2,34,,47426,2662,,,2,66,,47405,2662,,,2,30,,47421,2662,,,2,70,,47420,2662,,,2,31,,47407,2662,,,2,70,,47417,2662,,,2,100,,47415,2662,,,2,100,,47418,2662,,,2,100,,47427,2662,,,2,100,,47416,2662,,,2,100,,47401,2662,,,2,100,,47403,2662,,,2
6000,'SE',627,,47742,2641,,,1,84,,47745,2641,,,1,37,,47731,2641,,,1,87,,47748,2641,,,1,101,,47743,2641,,,1,100,,47736,2641,,,1,100,,47749,2641,,,1,100,,47740,2641,,,1,100,,47738,2641,,,1,100,,47753,2641,,,1,96,,47746,2641,,,1,70,,47737,2641,,,1,25,,47750,2641,,,1,24,,47732,2641,,,1,68,,47744,2641,,,1,28,,47747,2641,,,1,65,,47733,2641,,,1,30,,47741,2641,,,1,69,,47751,2641,,,1,99,,47730,2641,,,1,99,,47734,2641,,,1,100,,47739,2641,,,1,50,,47735,2641,,,1,100,,47752,2641,,,1
16000,'DI',658,,38365,2641,0,19 20,1,100,,38368,2641,0,19 20,1,100,,38371,2641,0,19 20,1,100,,38366,2641,0,19 20,1,100,,38372,2641,0,19 20,1,100,,38364,2641,0,19 20,1,100,,38373,2641,0,19 20,1,100,,38362,2641,0,19 20,1,100,,38360,2641,0,19 20,1,100,,38369,2641,0,19 20,1,100,,38367,2641,0,19 20,1,100,,38374,2641,0,19 20,1,100,,38370,2641,0,19 20,1,142,,38363,2641,0,19 20,1,58,,38361,2641,0,19 20,1
16000,'F1',658,,50212,2641,0,19 20,1,100,,50215,2641,0,19 20,1,100,,50218,2641,0,19 20,1,100,,50213,2641,0,19 20,1,100,,50219,2641,0,19 20,1,100,,50211,2641,0,19 20,1,100,,50220,2641,0,19 20,1,100,,50209,2641,0,19 20,1,100,,50207,2641,0,19 20,1,100,,50216,2641,0,19 20,1,100,,50214,2641,0,19 20,1,100,,50221,2641,0,19 20,1,100,,50217,2641,0,19 20,1,142,,50210,2641,0,19 20,1,58,,50208,2641,0,19 20,1
16000,'F2',658,,50226,2641,0,19 20,1,99,,50229,2641,0,19 20,1,101,,50225,2641,0,19 20,1,100,,50222,2641,0,19 20,1,100,,50228,2641,0,19 20,1,99,,50233,2641,0,19 20,1,101,,50223,2641,0,19 20,1,100,,50227,2641,0,19 20,1,100,,50234,2641,0,19 20,1,100,,50230,2641,0,19 20,1,100,,50224,2641,0,19 20,1,100,,50235,2641,0,19 20,1,100,,50231,2641,0,19 20,1,101,,50236,2641,0,19 20,1,99,,50232,2641,0,19 20,1
16000,'F8',658,,38429,2641,0,19 20,1,99,,38432,2641,0,19 20,1,101,,38428,2641,0,19 20,1,100,,38425,2641,0,19 20,1,100,,38431,2641,0,19 20,1,99,,38436,2641,0,19 20,1,101,,38426,2641,0,19 20,1,100,,38430,2641,0,19 20,1,100,,38437,2641,0,19 20,1,100,,38433,2641,0,19 20,1,100,,38427,2641,0,19 20,1,100,,38438,2641,0,19 20,1,100,,38434,2641,0,19 20,1,101,,38439,2641,0,19 20,1,99,,38435,2641,0,19 20,1
16000,'F9',658,,38445,2641,0,19 20,1,100,,38448,2641,0,19 20,1,100,,38451,2641,0,19 20,1,100,,38446,2641,0,19 20,1,100,,38452,2641,0,19 20,1,100,,38444,2641,0,19 20,1,100,,38453,2641,0,19 20,1,100,,38442,2641,0,19 20,1,100,,38440,2641,0,19 20,1,100,,38449,2641,0,19 20,1,100,,38447,2641,0,19 20,1,100,,38454,2641,0,19 20,1,100,,38450,2641,0,19 20,1,142,,38443,2641,0,19 20,1,58,,38441,2641,0,19 20,1
16000,'SA',658,,38459,2641,0,19 20,1,99,,16667,2641,0,19 20,1,101,,38458,2641,0,19 20,1,100,,38455,2641,0,19 20,1,100,,38461,2641,0,19 20,1,99,,38464,2641,0,19 20,1,101,,38456,2641,0,19 20,1,100,,38460,2641,0,19 20,1,100,,38465,2641,0,19 20,1,100,,16668,2641,0,19 20,1,100,,38457,2641,0,19 20,1,100,,38466,2641,0,19 20,1,100,,38462,2641,0,19 20,1,101,,38467,2641,0,19 20,1,99,,38463,2641,0,19 20,1
16000,'SE',612,,50239,2641,0,19 20,1,95,,50249,2641,0,19 20,1,38,,50247,2641,0,19 20,1,95,,50250,2641,0,19 20,1,89,,50248,2641,0,19 20,1,86,,50240,2641,0,19 20,1,100,,50241,2641,0,19 20,1,100,,50242,2641,0,19 20,1,100,,50251,2641,0,19 20,1,100,,50246,2641,0,19 20,1,98,,50253,2641,0,19 20,1,30,,50259,2641,0,19 20,1,68,,50237,2641,0,19 20,1,24,,50252,2641,0,19 20,1,70,,50254,2641,0,19 20,1,28,,50255,2641,0,19 20,1,70,,50245,2641,0,19 20,1,30,,50260,2641,0,19 20,1,70,,50243,2641,0,19 20,1,47,,50238,2641,0,19 20,1,100,,50244,2641,0,19 20,1,100,,50257,2641,0,19 20,1,92,,50256,2641,0,19 20,1,100,,50258,2641,0,19 20,1
