2001,'DI',550,,26482,7361,,,2,100,,26476,7361,,,2,100,,26479,7361,,,2,100,,26483,7361,,,2,100,,26474,7361,,,2,100,,26480,7361,,,2,97,,26484,7361,,,2,103,,26485,7361,,,2,100,,26481,7361,,,2,100,,26486,7361,,,2,100,,26477,7361,,,2,97,,26489,7361,,,2,103,,26490,7361,,,2,100,,26478,7361,,,2,100,,26487,7361,,,2,100,,26475,7361,,,2,100,,26491,7361,,,2,100,,26488,7361,,,2,100,,26492,7361,,,2
2001,'F8',551,,26606,7361,,,2,100,,26608,7361,,,2,100,,26601,7361,,,2,100,,26598,7361,,,2,100,,26592,7361,,,2,100,,26594,7361,,,2,100,,26593,7361,,,2,100,,26602,7361,,,2,100,,26595,7361,,,2,100,,26596,7361,,,2,100,,26607,7361,,,2,96,,26603,7361,,,2,104,,26604,7361,,,2,104,,26605,7361,,,2,96,,26590,7361,,,2,100,,26599,7361,,,2,100,,26597,7361,,,2,100,,26589,7361,,,2,100,,26609,7361,,,2,100,,26600,7361,,,2
2001,'F9',550,,26618,7361,,,2,100,,26612,7361,,,2,100,,26615,7361,,,2,100,,26619,7361,,,2,100,,26610,7361,,,2,100,,26616,7361,,,2,97,,26620,7361,,,2,103,,26621,7361,,,2,100,,26617,7361,,,2,100,,26622,7361,,,2,100,,26613,7361,,,2,97,,26625,7361,,,2,103,,26626,7361,,,2,100,,26614,7361,,,2,100,,26623,7361,,,2,100,,26611,7361,,,2,100,,26627,7361,,,2,100,,26624,7361,,,2,100,,26628,7361,,,2
2001,'SA',551,,26646,7361,,,2,100,,26648,7361,,,2,100,,5908,7361,,,2,100,,26639,7361,,,2,100,,26633,7361,,,2,100,,26635,7361,,,2,100,,26634,7361,,,2,100,,26642,7361,,,2,100,,26636,7361,,,2,100,,26637,7361,,,2,100,,26647,7361,,,2,96,,26643,7361,,,2,104,,26644,7361,,,2,104,,26645,7361,,,2,96,,26631,7361,,,2,100,,26640,7361,,,2,100,,26638,7361,,,2,100,,26630,7361,,,2,100,,26649,7361,,,2,100,,26641,7361,,,2
2001,'SE',537,,26682,7361,,,2,76,,26670,7361,,,2,20,,26704,7361,,,2,16,,26660,7361,,,2,9,,26683,7361,,,2,49,,26696,7361,,,2,9,,26686,7361,,,2,9,,26673,7361,,,2,4,,26671,7361,,,2,14,,26672,7361,,,2,10,,26668,7361,,,2,48,,26690,7361,,,2,10,,26652,7361,,,2,10,,26659,7361,,,2,6,,26653,7361,,,2,14,,26674,7361,,,2,71,,26669,7361,,,2,31,,26699,7361,,,2,70,,26651,7361,,,2,31,,26693,7361,,,2,70,,26661,7361,,,2,30,,26697,7361,,,2,70,,26656,7361,,,2,30,,26689,7361,,,2,70,,26662,7361,,,2,30,,26700,7361,,,2,70,,26657,7361,,,2,30,,26688,7361,,,2,70,,26663,7361,,,2,31,,26675,7361,,,2,61,,26677,7361,,,2,17,,26665,7361,,,2,15,,26655,7361,,,2,15,,26666,7361,,,2,55,,26691,7361,,,2,16,,26678,7361,,,2,11,,26698,7361,,,2,13,,26679,7361,,,2,9,,26681,7361,,,2,52,,26676,7361,,,2,13,,26692,7361,,,2,11,,26664,7361,,,2,14,,26702,7361,,,2,53,,26680,7361,,,2,15,,26695,7361,,,2,28,,26650,7361,,,2,70,,26694,7361,,,2,30,,26703,7361,,,2,70,,26667,7361,,,2,30,,26701,7361,,,2,70,,26684,7361,,,2,100,,26658,7361,,,2,100,,26685,7361,,,2,100,,26654,7361,,,2
12300,'DI',650,,37610,19240,0,42 43,1,100,,37620,19240,0,42 43,1,100,,37611,19240,0,42 43,1,100,,37621,19240,0,42 43,1,100,,37612,19240,0,42 43,1,100,,37622,19240,0,42 43,1,105,,37613,19240,0,42 43,1,95,,37623,19240,0,42 43,1,100,,37614,19240,0,42 43,1,100,,37624,19240,0,42 43,1,100,,37615,19240,0,42 43,1,100,,37625,19240,0,42 43,1,100,,37616,19240,0,42 43,1,100,,37626,19240,0,42 43,1,100,,37617,19240,0,42 43,1,100,,37627,19240,0,42 43,1,100,,37618,19240,0,42 43,1,100,,37628,19240,0,42 43,1,100,,37619,19240,0,42 43,1
12300,'F8',650,,37705,19240,0,42 43,1,100,,37704,19240,0,42 43,1,100,,37706,19240,0,42 43,1,105,,37715,19240,0,42 43,1,99,,37707,19240,0,42 43,1,100,,37716,19240,0,42 43,1,100,,37708,19240,0,42 43,1,96,,37717,19240,0,42 43,1,100,,37709,19240,0,42 43,1,100,,37718,19240,0,42 43,1,104,,37710,19240,0,42 43,1,101,,37719,19240,0,42 43,1,99,,37711,19240,0,42 43,1,96,,37720,19240,0,42 43,1,100,,37712,19240,0,42 43,1,100,,37721,19240,0,42 43,1,100,,37713,19240,0,42 43,1,100,,37722,19240,0,42 43,1,100,,37714,19240,0,42 43,1
12300,'F9',650,,37723,19240,0,42 43,1,100,,37733,19240,0,42 43,1,100,,37724,19240,0,42 43,1,100,,37734,19240,0,42 43,1,100,,37725,19240,0,42 43,1,100,,37735,19240,0,42 43,1,105,,37726,19240,0,42 43,1,95,,37736,19240,0,42 43,1,100,,37727,19240,0,42 43,1,100,,37737,19240,0,42 43,1,100,,37728,19240,0,42 43,1,100,,37738,19240,0,42 43,1,100,,37729,19240,0,42 43,1,100,,37739,19240,0,42 43,1,100,,37730,19240,0,42 43,1,100,,37740,19240,0,42 43,1,100,,37731,19240,0,42 43,1,100,,37741,19240,0,42 43,1,100,,37732,19240,0,42 43,1
12300,'SA',650,,37743,19240,0,42 43,1,100,,37742,19240,0,42 43,1,100,,37744,19240,0,42 43,1,105,,37753,19240,0,42 43,1,99,,37745,19240,0,42 43,1,100,,37754,19240,0,42 43,1,100,,37746,19240,0,42 43,1,96,,37755,19240,0,42 43,1,100,,37747,19240,0,42 43,1,100,,37756,19240,0,42 43,1,104,,37748,19240,0,42 43,1,101,,37757,19240,0,42 43,1,99,,37749,19240,0,42 43,1,96,,37758,19240,0,42 43,1,100,,37750,19240,0,42 43,1,100,,37759,19240,0,42 43,1,100,,37751,19240,0,42 43,1,100,,37760,19240,0,42 43,1,100,,37752,19240,0,42 43,1
12300,'SE',546,,37780,19240,0,42 43,1,73,,37761,19240,0,42 43,1,15,,37768,19240,0,42 43,1,10,,37762,19240,0,42 43,1,10,,37782,19240,0,42 43,1,50,,37773,19240,0,42 43,1,15,,37783,19240,0,42 43,1,8,,37763,19240,0,42 43,1,12,,37787,19240,0,42 43,1,10,,37764,19240,0,42 43,1,61,,37788,19240,0,42 43,1,17,,37784,19240,0,42 43,1,30,,37790,19240,0,42 43,1,65,,37789,19240,0,42 43,1,29,,37770,19240,0,42 43,1,102,,37765,19240,0,42 43,1,100,,37775,19240,0,42 43,1,99,,37785,19240,0,42 43,1,105,,37777,19240,0,42 43,1,45,,37774,19240,0,42 43,1,53,,37781,19240,0,42 43,1,70,,37791,19240,0,42 43,1,32,,37778,19240,0,42 43,1,66,,37776,19240,0,42 43,1,28,,37793,19240,0,42 43,1,71,,37795,19240,0,42 43,1,31,,37767,19240,0,42 43,1,67,,37779,19240,0,42 43,1,35,,37766,19240,0,42 43,1,68,,37792,19240,0,42 43,1,30,,37786,19240,0,42 43,1,68,,37769,19240,0,42 43,1,30,,37794,19240,0,42 43,1,100,,37771,19240,0,42 43,1,100,,37796,19240,0,42 43,1,96,,37772,19240,0,42 43,1,100,,37797,19240,0,42 43,1
57000,'SE',1626,,40726,14798,,,2
