1701,'DI',605,,25564,9330,,,1,100,,25567,9330,,,1,30,,25560,9330,,,1,70,,25550,9330,,,1,30,,25556,9330,,,1,70,,25565,9330,,,1,30,,25578,9330,,,1,70,,25568,9330,,,1,30,,25573,9330,,,1,70,,25551,9330,,,1,30,,25575,9330,,,1,70,,25562,9330,,,1,30,,25571,9330,,,1,70,,25579,9330,,,1,30,,25557,9330,,,1,70,,25574,9330,,,1,30,,25563,9330,,,1,70,,25561,9330,,,1,30,,25577,9330,,,1,69,,25569,9330,,,1,30,,25552,9330,,,1,71,,25559,9330,,,1,30,,25553,9330,,,1,70,,25548,9330,,,1,31,,25554,9330,,,1,70,,25547,9330,,,1,99,,25576,9330,,,1,100,,25570,9330,,,1,100,,25555,9330,,,1,100,,25572,9330,,,1,100,,25558,9330,,,1,100,,25549,9330,,,1
1701,'F1',605,,45121,9330,,,1,100,,45124,9330,,,1,30,,45117,9330,,,1,70,,45107,9330,,,1,30,,45113,9330,,,1,70,,45122,9330,,,1,30,,45135,9330,,,1,70,,45125,9330,,,1,30,,45130,9330,,,1,70,,45108,9330,,,1,30,,45132,9330,,,1,70,,45119,9330,,,1,30,,45128,9330,,,1,70,,45136,9330,,,1,30,,45114,9330,,,1,70,,45131,9330,,,1,30,,45120,9330,,,1,70,,45118,9330,,,1,30,,45134,9330,,,1,69,,45126,9330,,,1,30,,45109,9330,,,1,71,,45116,9330,,,1,30,,45110,9330,,,1,70,,45105,9330,,,1,31,,45111,9330,,,1,70,,45104,9330,,,1,99,,45133,9330,,,1,100,,45127,9330,,,1,100,,45112,9330,,,1,100,,45129,9330,,,1,100,,45115,9330,,,1,100,,45106,9330,,,1
1701,'F2',605,,45164,9330,,,1,100,,45158,9330,,,1,30,,45153,9330,,,1,70,,45168,9330,,,1,30,,45140,9330,,,1,70,,45152,9330,,,1,30,,45165,9330,,,1,70,,45150,9330,,,1,30,,45139,9330,,,1,70,,45159,9330,,,1,30,,45141,9330,,,1,70,,45145,9330,,,1,30,,45137,9330,,,1,70,,45147,9330,,,1,30,,45154,9330,,,1,70,,45160,9330,,,1,30,,45166,9330,,,1,70,,45146,9330,,,1,30,,45167,9330,,,1,70,,45155,9330,,,1,30,,45162,9330,,,1,69,,45161,9330,,,1,30,,45142,9330,,,1,71,,45144,9330,,,1,30,,45143,9330,,,1,71,,45148,9330,,,1,99,,45163,9330,,,1,100,,45156,9330,,,1,100,,45151,9330,,,1,100,,45149,9330,,,1,100,,45138,9330,,,1,100,,45169,9330,,,1
1701,'F8',605,,25673,9330,,,1,100,,25667,9330,,,1,30,,25662,9330,,,1,70,,25677,9330,,,1,30,,25649,9330,,,1,70,,25661,9330,,,1,30,,25674,9330,,,1,70,,25659,9330,,,1,30,,25648,9330,,,1,70,,25668,9330,,,1,30,,25650,9330,,,1,70,,25654,9330,,,1,30,,25646,9330,,,1,70,,25656,9330,,,1,30,,25663,9330,,,1,70,,25669,9330,,,1,30,,25675,9330,,,1,70,,25655,9330,,,1,30,,25676,9330,,,1,70,,25664,9330,,,1,30,,25671,9330,,,1,69,,25670,9330,,,1,30,,25651,9330,,,1,71,,25653,9330,,,1,30,,25652,9330,,,1,71,,25657,9330,,,1,99,,25672,9330,,,1,100,,25665,9330,,,1,100,,25660,9330,,,1,100,,25658,9330,,,1,100,,25647,9330,,,1,100,,25678,9330,,,1
1701,'F9',605,,25696,9330,,,1,100,,25699,9330,,,1,30,,25692,9330,,,1,70,,25682,9330,,,1,30,,25688,9330,,,1,70,,25697,9330,,,1,30,,25710,9330,,,1,70,,25700,9330,,,1,30,,25705,9330,,,1,70,,25683,9330,,,1,30,,25707,9330,,,1,70,,25694,9330,,,1,30,,25703,9330,,,1,70,,25711,9330,,,1,30,,25689,9330,,,1,70,,25706,9330,,,1,30,,25695,9330,,,1,70,,25693,9330,,,1,30,,25709,9330,,,1,69,,25701,9330,,,1,30,,25684,9330,,,1,71,,25691,9330,,,1,30,,25685,9330,,,1,70,,25680,9330,,,1,31,,25686,9330,,,1,70,,25679,9330,,,1,99,,25708,9330,,,1,100,,25702,9330,,,1,100,,25687,9330,,,1,100,,25704,9330,,,1,100,,25690,9330,,,1,100,,25681,9330,,,1
1701,'SA',605,,25737,9330,,,1,100,,25731,9330,,,1,30,,25727,9330,,,1,70,,25741,9330,,,1,30,,25715,9330,,,1,70,,5087,9330,,,1,30,,25738,9330,,,1,70,,25725,9330,,,1,30,,25714,9330,,,1,70,,25732,9330,,,1,30,,25716,9330,,,1,70,,25720,9330,,,1,30,,25712,9330,,,1,70,,25722,9330,,,1,30,,25728,9330,,,1,70,,25733,9330,,,1,30,,25739,9330,,,1,70,,25721,9330,,,1,30,,25740,9330,,,1,70,,25729,9330,,,1,30,,25735,9330,,,1,69,,25734,9330,,,1,30,,25717,9330,,,1,71,,25719,9330,,,1,30,,25718,9330,,,1,71,,25723,9330,,,1,99,,25736,9330,,,1,100,,5098,9330,,,1,100,,25726,9330,,,1,100,,25724,9330,,,1,100,,25713,9330,,,1,100,,25742,9330,,,1
2501,'DI',1612,,27599,14412,,,2
2501,'F1',1612,,45883,14412,,,2
2501,'F2',1612,,45884,14412,,,2
2501,'F8',1612,,27634,14412,,,2
2501,'F9',1612,,27635,14412,,,2
2501,'SA',1612,,27636,14412,,,2
2501,'SE',523,,45907,12776,,,2,30,,45897,12776,,,2,63,,45894,12776,,,2,34,,45908,12776,,,2,76,,45912,14412,,,2,30,,45911,14412,,,2,65,,45898,12776,,,2,30,,45885,12776,,,2,68,,45900,12776,,,2,505,,45890,12776,,,2,31,,45901,12776,,,2,72,,45887,12776,,,2,31,,45914,14412,,,2,60,,45910,14412,,,2,12,,45913,14412,,,2,9,,45906,12776,,,2,19,,45889,12776,,,2,54,,45888,12776,,,2,15,,45892,12776,,,2,28,,45902,12776,,,2,67,,45886,12776,,,2,29,,45893,12776,,,2,99,,45896,12776,,,2,385,,45909,12776,,,2,86,,45915,14412,,,2,12,,45904,12776,,,2,75,,45905,12776,,,2
7601,'SE',517,,48822,6448,,,1,30,,48825,6448,,,1,70,,48826,6448,,,1,26,,48830,6448,,,1,61,,48831,6448,,,1,20,,48827,6448,,,1,21,,48844,6448,,,1,13,,48811,6448,,,1,51,,48814,6448,,,1,21,,48817,6448,,,1,22,,48845,6448,,,1,66,,48815,6448,,,1,29,,48818,6448,,,1,70,,48809,6448,,,1,30,,48828,6448,,,1,70,,48820,6448,,,1,30,,48816,6448,,,1,70,,48812,6448,,,1,30,,48810,6448,,,1,70,,48847,6448,,,1,30,,48807,6448,,,1,70,,48829,6448,,,1,32,,48813,6448,,,1,76,,48819,6448,,,1,26,,48832,6448,,,1,72,,48834,6448,,,1,34,,48824,6448,,,1,64,,48842,6448,,,1,15,,48846,6448,,,1,19,,48848,6448,,,1,61,,48821,6448,,,1,17,,48843,6448,,,1,18,,48851,6448,,,1,66,,48833,6448,,,1,30,,48823,6448,,,1,70,,48808,6448,,,1,30,,48835,6448,,,1,70,,48849,6448,,,1,30,,48836,6448,,,1,70,,48850,6448,,,1,29,,48837,6448,,,1,70,,48840,6448,,,1,30,,48838,6448,,,1,70,,48841,6448,,,1,30,,48839,6448,,,1
