800,'DI',552,,22786,2457,,,1,71,,22781,2457,,,1,30,,2441,2457,,,1,70,,2447,2457,,,1,30,,22787,2457,,,1,70,,22782,2457,,,1,31,,2442,2457,,,1,70,,2448,2457,,,1,30,,22788,2457,,,1,70,,22783,2457,,,1,30,,2443,2457,,,1,70,,2449,2457,,,1,30,,22789,2457,,,1,70,,2436,2457,,,1,30,,2444,2457,,,1,70,,2450,2457,,,1,30,,22790,2457,,,1,70,,22784,2457,,,1,30,,2445,2457,,,1,70,,22793,2457,,,1,30,,22791,2457,,,1,70,,22785,2457,,,1,30,,2446,2457,,,1,70,,22794,2457,,,1,32,,22792,2457,,,1,83,,2437,2457,,,1,100,,22795,2457,,,1,100,,2438,2457,,,1,99,,22796,2457,,,1,100,,2439,2457,,,1,100,,22797,2457,,,1,100,,2440,2457,,,1,100,,22780,2457,,,1
800,'F8',551,,22955,2457,,,1,70,,22938,2457,,,1,32,,22951,2457,,,1,70,,22953,2457,,,1,31,,22956,2457,,,1,70,,22939,2457,,,1,30,,22952,2457,,,1,70,,22954,2457,,,1,30,,22957,2457,,,1,70,,22940,2457,,,1,30,,22946,2457,,,1,70,,22962,2457,,,1,28,,22958,2457,,,1,72,,22941,2457,,,1,30,,22947,2457,,,1,70,,22963,2457,,,1,30,,22959,2457,,,1,70,,22966,2457,,,1,30,,22948,2457,,,1,70,,22964,2457,,,1,30,,22960,2457,,,1,70,,22967,2457,,,1,30,,22949,2457,,,1,70,,22965,2457,,,1,32,,22961,2457,,,1,68,,22934,2457,,,1,30,,22950,2457,,,1,86,,22942,2457,,,1,99,,22935,2457,,,1,100,,22943,2457,,,1,100,,22936,2457,,,1,100,,22944,2457,,,1,100,,22937,2457,,,1,100,,22945,2457,,,1
800,'F9',552,,22989,2457,,,1,71,,22969,2457,,,1,30,,22977,2457,,,1,70,,22983,2457,,,1,30,,22990,2457,,,1,70,,22970,2457,,,1,31,,22978,2457,,,1,70,,22984,2457,,,1,30,,22991,2457,,,1,70,,22971,2457,,,1,30,,22979,2457,,,1,70,,22985,2457,,,1,30,,22992,2457,,,1,70,,22972,2457,,,1,30,,22980,2457,,,1,70,,22986,2457,,,1,30,,22993,2457,,,1,70,,22987,2457,,,1,30,,22981,2457,,,1,70,,22996,2457,,,1,30,,22994,2457,,,1,70,,22988,2457,,,1,30,,22982,2457,,,1,70,,22997,2457,,,1,32,,22995,2457,,,1,83,,22973,2457,,,1,100,,22998,2457,,,1,100,,22974,2457,,,1,99,,22999,2457,,,1,100,,22975,2457,,,1,100,,23000,2457,,,1,100,,22976,2457,,,1,100,,22968,2457,,,1
800,'SA',551,,23022,2457,,,1,70,,23005,2457,,,1,32,,23018,2457,,,1,70,,23020,2457,,,1,31,,23023,2457,,,1,70,,23006,2457,,,1,30,,23019,2457,,,1,70,,23021,2457,,,1,30,,23024,2457,,,1,70,,23007,2457,,,1,30,,23013,2457,,,1,70,,23029,2457,,,1,28,,23025,2457,,,1,72,,23008,2457,,,1,30,,23014,2457,,,1,70,,23030,2457,,,1,30,,23026,2457,,,1,70,,2660,2457,,,1,30,,23015,2457,,,1,70,,23031,2457,,,1,30,,23027,2457,,,1,70,,2661,2457,,,1,30,,23016,2457,,,1,70,,23032,2457,,,1,32,,23028,2457,,,1,68,,23001,2457,,,1,30,,23017,2457,,,1,86,,23009,2457,,,1,99,,23002,2457,,,1,100,,23010,2457,,,1,100,,23003,2457,,,1,100,,23011,2457,,,1,100,,23004,2457,,,1,100,,23012,2457,,,1
800,'SE',452,,23067,2457,,,1,68,,23069,2457,,,1,22,,23076,2457,,,1,81,,23033,2457,,,1,30,,23068,2457,,,1,61,,23070,2457,,,1,19,,23061,2457,,,1,13,,23036,2457,,,1,55,,23037,2457,,,1,15,,23040,2457,,,1,15,,23034,2457,,,1,17,,23050,2457,,,1,55,,23046,2457,,,1,15,,23071,2457,,,1,15,,23042,2457,,,1,15,,23095,2457,,,1,55,,23038,2457,,,1,15,,23041,2457,,,1,15,,23035,2457,,,1,15,,23047,2457,,,1,55,,23051,2457,,,1,15,,23079,2457,,,1,15,,23072,2457,,,1,15,,23080,2457,,,1,55,,23054,2457,,,1,15,,23098,2457,,,1,15,,23099,2457,,,1,15,,23096,2457,,,1,55,,23085,2457,,,1,15,,23083,2457,,,1,15,,23062,2457,,,1,15,,23043,2457,,,1,55,,23081,2457,,,1,16,,23039,2457,,,1,15,,23097,2457,,,1,14,,23084,2457,,,1,54,,23093,2457,,,1,4,,23055,2457,,,1,13,,23052,2457,,,1,15,,23088,2457,,,1,15,,23087,2457,,,1,55,,23073,2457,,,1,15,,23044,2457,,,1,12,,23082,2457,,,1,12,,23100,2457,,,1,13,,23086,2457,,,1,51,,23066,2457,,,1,12,,23065,2457,,,1,12,,23094,2457,,,1,11,,23053,2457,,,1,12,,23089,2457,,,1,52,,23059,2457,,,1,12,,23060,2457,,,1,10,,23077,2457,,,1,10,,23045,2457,,,1,20,,23063,2457,,,1,67,,23090,2457,,,1,30,,23074,2457,,,1,70,,23078,2457,,,1,29,,23064,2457,,,1,70,,23091,2457,,,1,30,,23075,2457,,,1,85,,23056,2457,,,1,100,,23092,2457,,,1,99,,23057,2457,,,1,100,,23058,2457,,,1
2800,'DI',847,,27669,2457,0,32 33,1,100,,27674,2457,0,32 33,1,100,,27672,2457,0,32 33,1,100,,27670,2457,0,32 33,1,100,,27671,2457,0,32 33,1,100,,27675,2457,0,32 33,1,100,,27678,2457,0,32 33,1,101,,27677,2457,0,32 33,1,99,,27676,2457,0,32 33,1,100,,27673,2457,0,32 33,1
2800,'F8',849,,27747,2457,0,32 33,1,98,,27742,2457,0,32 33,1,103,,27740,2457,0,32 33,1,97,,27744,2457,0,32 33,1,101,,27743,2457,0,32 33,1,100,,27745,2457,0,32 33,1,99,,27741,2457,0,32 33,1,103,,27749,2457,0,32 33,1,99,,27748,2457,0,32 33,1,98,,27746,2457,0,32 33,1
2800,'F9',847,,27750,2457,0,32 33,1,100,,27755,2457,0,32 33,1,100,,27753,2457,0,32 33,1,100,,27751,2457,0,32 33,1,100,,27752,2457,0,32 33,1,100,,27756,2457,0,32 33,1,100,,27759,2457,0,32 33,1,101,,27758,2457,0,32 33,1,99,,27757,2457,0,32 33,1,100,,27754,2457,0,32 33,1
2800,'SA',849,,27766,2457,0,32 33,1,98,,27762,2457,0,32 33,1,103,,27760,2457,0,32 33,1,97,,27763,2457,0,32 33,1,101,,6923,2457,0,32 33,1,100,,27764,2457,0,32 33,1,99,,27761,2457,0,32 33,1,103,,27768,2457,0,32 33,1,99,,27767,2457,0,32 33,1,98,,27765,2457,0,32 33,1
2800,'SE',611,,27804,2457,0,32 33,1,46,,27802,2457,0,32 33,1,62,,27805,2457,0,32 33,1,3,,27806,2457,0,32 33,1,16,,27770,2457,0,32 33,1,13,,27785,2457,0,32 33,1,55,,27803,2457,0,32 33,1,15,,27769,2457,0,32 33,1,14,,27775,2457,0,32 33,1,18,,27787,2457,0,32 33,1,70,,27771,2457,0,32 33,1,30,,27786,2457,0,32 33,1,70,,27788,2457,0,32 33,1,30,,27772,2457,0,32 33,1,70,,27793,2457,0,32 33,1,30,,27789,2457,0,32 33,1,70,,27773,2457,0,32 33,1,30,,27794,2457,0,32 33,1,70,,27790,2457,0,32 33,1,30,,27774,2457,0,32 33,1,70,,27795,2457,0,32 33,1,31,,27807,2457,0,32 33,1,56,,27799,2457,0,32 33,1,14,,27797,2457,0,32 33,1,15,,27781,2457,0,32 33,1,15,,27809,2457,0,32 33,1,55,,27776,2457,0,32 33,1,14,,27778,2457,0,32 33,1,12,,27808,2457,0,32 33,1,12,,27800,2457,0,32 33,1,12,,27798,2457,0,32 33,1,52,,27791,2457,0,32 33,1,12,,27782,2457,0,32 33,1,12,,27796,2457,0,32 33,1,11,,27777,2457,0,32 33,1,12,,27801,2457,0,32 33,1,52,,27780,2457,0,32 33,1,13,,27784,2457,0,32 33,1,95,,27779,2457,0,32 33,1,100,,27792,2457,0,32 33,1,99,,27783,2457,0,32 33,1
8100,'DI',653,,35724,2390,,,1,100,,35713,2390,,,1,103,,35720,2390,,,1,100,,35714,2390,,,1,100,,35722,2390,,,1,100,,35726,2390,,,1,100,,35727,2390,,,1,100,,35717,2390,,,1,100,,35721,2390,,,1,100,,35712,2390,,,1,96,,35725,2390,,,1,148,,35715,2390,,,1,56,,35723,2390,,,1,100,,35716,2390,,,1,100,,35728,2390,,,1,100,,35718,2390,,,1,100,,35730,2390,,,1,100,,35729,2390,,,1,100,,35719,2390,,,1
8100,'F8',653,,35809,2390,,,1,100,,35815,2390,,,1,103,,35810,2390,,,1,100,,35811,2390,,,1,100,,35816,2390,,,1,100,,35798,2390,,,1,100,,35800,2390,,,1,100,,35805,2390,,,1,100,,35812,2390,,,1,100,,35817,2390,,,1,100,,35803,2390,,,1,144,,35806,2390,,,1,56,,35813,2390,,,1,100,,35799,2390,,,1,100,,35807,2390,,,1,100,,35802,2390,,,1,100,,35814,2390,,,1,100,,35808,2390,,,1,100,,35804,2390,,,1,100,,35801,2390,,,1
8100,'F9',653,,35830,2390,,,1,100,,35819,2390,,,1,103,,35826,2390,,,1,100,,35820,2390,,,1,100,,35828,2390,,,1,100,,35832,2390,,,1,100,,35833,2390,,,1,100,,35823,2390,,,1,100,,35827,2390,,,1,100,,35818,2390,,,1,96,,35831,2390,,,1,148,,35821,2390,,,1,56,,35829,2390,,,1,100,,35822,2390,,,1,100,,35834,2390,,,1,100,,35824,2390,,,1,100,,35836,2390,,,1,100,,35835,2390,,,1,100,,35825,2390,,,1
8100,'SA',653,,35848,2390,,,1,100,,35854,2390,,,1,103,,35849,2390,,,1,100,,35850,2390,,,1,100,,14262,2390,,,1,100,,35837,2390,,,1,100,,35839,2390,,,1,100,,35844,2390,,,1,100,,35851,2390,,,1,100,,35855,2390,,,1,100,,35842,2390,,,1,144,,35845,2390,,,1,56,,35852,2390,,,1,100,,35838,2390,,,1,100,,35846,2390,,,1,100,,35841,2390,,,1,100,,35853,2390,,,1,100,,35847,2390,,,1,100,,35843,2390,,,1,100,,35840,2390,,,1
8100,'SE',614,,35859,2390,,,1,38,,35870,2390,,,1,69,,35866,2390,,,1,31,,35874,2390,,,1,69,,35871,2390,,,1,36,,35864,2390,,,1,99,,35856,2390,,,1,100,,35872,2390,,,1,100,,35865,2390,,,1,100,,35881,2390,,,1,100,,35879,2390,,,1,100,,35862,2390,,,1,69,,35877,2390,,,1,32,,35882,2390,,,1,70,,35873,2390,,,1,30,,35867,2390,,,1,70,,35858,2390,,,1,30,,35878,2390,,,1,70,,35868,2390,,,1,29,,35857,2390,,,1,100,,35863,2390,,,1,100,,35860,2390,,,1,100,,35875,2390,,,1,100,,35880,2390,,,1,100,,35861,2390,,,1,100,,35876,2390,,,1,100,,35869,2390,,,1
8800,'DI',708,,36639,2457,,,1,30,,36644,2457,,,1,70,,36650,2457,,,1,30,,36659,2457,,,1,70,,36640,2457,,,1,30,,36645,2457,,,1,71,,36651,2457,,,1,30,,36660,2457,,,1,70,,36641,2457,,,1,30,,36646,2457,,,1,70,,36652,2457,,,1,30,,36661,2457,,,1,70,,36642,2457,,,1,30,,36647,2457,,,1,70,,36653,2457,,,1,30,,15002,2457,,,1,70,,36654,2457,,,1,30,,36648,2457,,,1,70,,36662,2457,,,1,30,,15003,2457,,,1,70,,36655,2457,,,1,30,,36649,2457,,,1,70,,36663,2457,,,1,100,,36656,2457,,,1,100,,36664,2457,,,1,100,,36657,2457,,,1,100,,36665,2457,,,1,98,,36658,2457,,,1,100,,36638,2457,,,1,100,,36643,2457,,,1
8800,'F8',708,,36775,2457,,,1,30,,36800,2457,,,1,71,,36796,2457,,,1,30,,36787,2457,,,1,70,,36780,2457,,,1,30,,36801,2457,,,1,70,,36797,2457,,,1,30,,36788,2457,,,1,70,,36781,2457,,,1,30,,36792,2457,,,1,70,,36777,2457,,,1,30,,36789,2457,,,1,70,,36782,2457,,,1,30,,36793,2457,,,1,70,,36778,2457,,,1,30,,36772,2457,,,1,70,,36783,2457,,,1,30,,36794,2457,,,1,70,,36779,2457,,,1,30,,36773,2457,,,1,71,,36802,2457,,,1,29,,36795,2457,,,1,71,,36790,2457,,,1,29,,36774,2457,,,1,70,,36784,2457,,,1,100,,36791,2457,,,1,100,,36785,2457,,,1,99,,36799,2457,,,1,100,,36786,2457,,,1,100,,36798,2457,,,1,100,,36776,2457,,,1
8800,'F9',708,,36806,2457,,,1,30,,36811,2457,,,1,70,,36817,2457,,,1,30,,36826,2457,,,1,70,,36807,2457,,,1,30,,36812,2457,,,1,71,,36818,2457,,,1,30,,36827,2457,,,1,70,,36808,2457,,,1,30,,36813,2457,,,1,70,,36819,2457,,,1,30,,36828,2457,,,1,70,,36809,2457,,,1,30,,36814,2457,,,1,70,,36820,2457,,,1,30,,36803,2457,,,1,70,,36821,2457,,,1,30,,36815,2457,,,1,70,,36829,2457,,,1,30,,36804,2457,,,1,70,,36822,2457,,,1,30,,36816,2457,,,1,70,,36830,2457,,,1,100,,36823,2457,,,1,100,,36831,2457,,,1,100,,36824,2457,,,1,100,,36832,2457,,,1,98,,36825,2457,,,1,100,,36805,2457,,,1,100,,36810,2457,,,1
8800,'SA',708,,36836,2457,,,1,30,,36860,2457,,,1,71,,36857,2457,,,1,30,,36848,2457,,,1,70,,36841,2457,,,1,30,,36861,2457,,,1,70,,36858,2457,,,1,30,,36849,2457,,,1,70,,36842,2457,,,1,30,,36853,2457,,,1,70,,36838,2457,,,1,30,,36850,2457,,,1,70,,36843,2457,,,1,30,,36854,2457,,,1,70,,36839,2457,,,1,30,,36833,2457,,,1,70,,36844,2457,,,1,30,,36855,2457,,,1,70,,36840,2457,,,1,30,,36834,2457,,,1,71,,36862,2457,,,1,29,,36856,2457,,,1,71,,36851,2457,,,1,29,,36835,2457,,,1,70,,36845,2457,,,1,100,,36852,2457,,,1,100,,36846,2457,,,1,99,,15203,2457,,,1,100,,36847,2457,,,1,100,,36859,2457,,,1,100,,36837,2457,,,1
8800,'SE',706,,36873,2457,,,1,21,,36905,2457,,,1,15,,36906,2457,,,1,14,,15219,2457,,,1,55,,36907,2457,,,1,15,,36875,2457,,,1,15,,36876,2457,,,1,69,,36895,2457,,,1,30,,36874,2457,,,1,70,,36872,2457,,,1,30,,36893,2457,,,1,70,,36896,2457,,,1,30,,36865,2457,,,1,70,,36863,2457,,,1,30,,36897,2457,,,1,70,,36866,2457,,,1,30,,36894,2457,,,1,71,,36909,2457,,,1,30,,36898,2457,,,1,17,,36900,2457,,,1,56,,36902,2457,,,1,15,,36867,2457,,,1,15,,36878,2457,,,1,15,,36908,2457,,,1,55,,36883,2457,,,1,13,,36887,2457,,,1,12,,36864,2457,,,1,12,,36888,2457,,,1,52,,36880,2457,,,1,13,,36885,2457,,,1,11,,36871,2457,,,1,11,,36903,2457,,,1,12,,36868,2457,,,1,52,,36879,2457,,,1,12,,36901,2457,,,1,19,,36884,2457,,,1,15,,15235,2457,,,1,62,,36881,2457,,,1,30,,36904,2457,,,1,70,,36899,2457,,,1,29,,15236,2457,,,1,70,,36882,2457,,,1,30,,36870,2457,,,1,70,,36891,2457,,,1,100,,36889,2457,,,1,99,,36892,2457,,,1,100,,36890,2457,,,1
