601,'DI',605,,22527,2079,,,1,30,,22533,2079,,,1,70,,22545,2079,,,1,30,,22540,2079,,,1,70,,22536,2079,,,1,30,,22534,2079,,,1,70,,22519,2079,,,1,30,,22523,2079,,,1,73,,22537,2079,,,1,30,,22531,2079,,,1,70,,22520,2079,,,1,30,,2206,2079,,,1,70,,2212,2079,,,1,33,,22521,2079,,,1,70,,22524,2079,,,1,30,,22530,2079,,,1,70,,22522,2079,,,1,30,,22532,2079,,,1,70,,22528,2079,,,1,30,,22525,2079,,,1,70,,22538,2079,,,1,30,,22546,2079,,,1,70,,22541,2079,,,1,29,,22539,2079,,,1,70,,22547,2079,,,1,30,,22542,2079,,,1,100,,22529,2079,,,1,100,,22544,2079,,,1,100,,22535,2079,,,1,100,,22526,2079,,,1,100,,22518,2079,,,1,100,,22543,2079,,,1
601,'F8',605,,22662,2079,,,1,30,,22658,2079,,,1,70,,22678,2079,,,1,30,,22667,2079,,,1,70,,22663,2079,,,1,30,,22659,2079,,,1,74,,22664,2079,,,1,26,,22668,2079,,,1,75,,22677,2079,,,1,23,,22665,2079,,,1,75,,22674,2079,,,1,26,,22660,2079,,,1,70,,22653,2079,,,1,38,,22661,2079,,,1,70,,22654,2079,,,1,29,,22647,2079,,,1,70,,22669,2079,,,1,30,,22655,2079,,,1,70,,22648,2079,,,1,30,,22670,2079,,,1,70,,22656,2079,,,1,30,,22649,2079,,,1,70,,22671,2079,,,1,29,,22657,2079,,,1,70,,22650,2079,,,1,30,,22672,2079,,,1,100,,22675,2079,,,1,100,,22666,2079,,,1,100,,22651,2079,,,1,100,,22652,2079,,,1,100,,22676,2079,,,1,100,,22673,2079,,,1
601,'F9',605,,22689,2079,,,1,30,,22696,2079,,,1,70,,22708,2079,,,1,30,,22703,2079,,,1,70,,22699,2079,,,1,30,,22697,2079,,,1,70,,22680,2079,,,1,30,,22684,2079,,,1,73,,22700,2079,,,1,30,,22694,2079,,,1,70,,22681,2079,,,1,30,,22685,2079,,,1,70,,22690,2079,,,1,33,,22682,2079,,,1,70,,22686,2079,,,1,30,,22693,2079,,,1,70,,22683,2079,,,1,30,,22695,2079,,,1,70,,22691,2079,,,1,30,,22687,2079,,,1,70,,22701,2079,,,1,30,,22709,2079,,,1,70,,22704,2079,,,1,29,,22702,2079,,,1,70,,22710,2079,,,1,30,,22705,2079,,,1,100,,22692,2079,,,1,100,,22707,2079,,,1,100,,22698,2079,,,1,100,,22688,2079,,,1,100,,22679,2079,,,1,100,,22706,2079,,,1
601,'SA',605,,22726,2079,,,1,30,,22722,2079,,,1,70,,22742,2079,,,1,30,,22731,2079,,,1,70,,22727,2079,,,1,30,,22723,2079,,,1,74,,22728,2079,,,1,26,,22732,2079,,,1,75,,22741,2079,,,1,23,,22729,2079,,,1,75,,22738,2079,,,1,26,,22724,2079,,,1,70,,22717,2079,,,1,38,,22725,2079,,,1,70,,22718,2079,,,1,29,,22711,2079,,,1,70,,22733,2079,,,1,30,,22719,2079,,,1,70,,22712,2079,,,1,30,,22734,2079,,,1,70,,22720,2079,,,1,30,,22713,2079,,,1,70,,22735,2079,,,1,29,,22721,2079,,,1,70,,22714,2079,,,1,30,,22736,2079,,,1,100,,22739,2079,,,1,100,,22730,2079,,,1,100,,22715,2079,,,1,100,,22716,2079,,,1,100,,22740,2079,,,1,100,,22737,2079,,,1
601,'SE',519,,22760,2079,,,1,30,,22752,2079,,,1,71,,22761,2079,,,1,30,,22744,2079,,,1,64,,22764,2079,,,1,37,,22771,2079,,,1,70,,22767,2079,,,1,32,,22765,2079,,,1,68,,22766,2079,,,1,30,,22759,2079,,,1,70,,22745,2079,,,1,30,,22754,2079,,,1,70,,22778,2079,,,1,30,,22769,2079,,,1,70,,22770,2079,,,1,30,,22775,2079,,,1,70,,22773,2079,,,1,30,,22755,2079,,,1,70,,22753,2079,,,1,30,,22750,2079,,,1,70,,22748,2079,,,1,26,,22776,2079,,,1,78,,22774,2079,,,1,27,,22751,2079,,,1,72,,22768,2079,,,1,25,,22762,2079,,,1,72,,22746,2079,,,1,30,,22743,2079,,,1,69,,22749,2079,,,1,30,,22772,2079,,,1,70,,22763,2079,,,1,30,,22756,2079,,,1,70,,22777,2079,,,1,30,,22747,2079,,,1,99,,22757,2079,,,1,100,,22779,2079,,,1,100,,22758,2079,,,1
1501,'DI',649,,24559,1943,,,1,100,,24556,1943,,,1,100,,24553,1943,,,1,100,,24566,1943,,,1,101,,24571,1943,,,1,100,,24564,1943,,,1,100,,24560,1943,,,1,100,,24554,1943,,,1,100,,24568,1943,,,1,100,,24555,1943,,,1,100,,24563,1943,,,1,100,,24561,1943,,,1,100,,24565,1943,,,1,99,,24569,1943,,,1,100,,24567,1943,,,1,100,,24562,1943,,,1,100,,24557,1943,,,1,100,,24570,1943,,,1,100,,24558,1943,,,1
1501,'F8',649,,24664,1943,,,1,100,,24658,1943,,,1,100,,24652,1943,,,1,100,,24665,1943,,,1,100,,24650,1943,,,1,100,,24649,1943,,,1,100,,24661,1943,,,1,101,,24656,1943,,,1,100,,24660,1943,,,1,102,,24657,1943,,,1,98,,24653,1943,,,1,100,,24659,1943,,,1,100,,24662,1943,,,1,99,,24663,1943,,,1,100,,24651,1943,,,1,100,,24666,1943,,,1,100,,24654,1943,,,1,100,,24667,1943,,,1,100,,24655,1943,,,1
1501,'F9',649,,24674,1943,,,1,100,,24671,1943,,,1,100,,24668,1943,,,1,100,,24681,1943,,,1,101,,24686,1943,,,1,100,,24679,1943,,,1,100,,24675,1943,,,1,100,,24669,1943,,,1,100,,24683,1943,,,1,100,,24670,1943,,,1,100,,24678,1943,,,1,100,,24676,1943,,,1,100,,24680,1943,,,1,99,,24684,1943,,,1,100,,24682,1943,,,1,100,,24677,1943,,,1,100,,24672,1943,,,1,100,,24685,1943,,,1,100,,24673,1943,,,1
1501,'SA',649,,24702,1943,,,1,100,,24696,1943,,,1,100,,24690,1943,,,1,100,,24703,1943,,,1,100,,24688,1943,,,1,100,,24687,1943,,,1,100,,24699,1943,,,1,101,,24694,1943,,,1,100,,24698,1943,,,1,102,,24695,1943,,,1,98,,24691,1943,,,1,100,,24697,1943,,,1,100,,24700,1943,,,1,99,,24701,1943,,,1,100,,24689,1943,,,1,100,,24704,1943,,,1,100,,24692,1943,,,1,100,,24705,1943,,,1,100,,24693,1943,,,1
1501,'SE',513,,24718,1943,,,1,46,,24710,1943,,,1,70,,24716,1943,,,1,71,,24738,1943,,,1,20,,24726,1943,,,1,20,,24720,1943,,,1,60,,24711,1943,,,1,30,,24707,1943,,,1,70,,24744,1943,,,1,31,,24728,1943,,,1,69,,24717,1943,,,1,30,,24736,1943,,,1,70,,24730,1943,,,1,30,,24712,1943,,,1,71,,24714,1943,,,1,30,,24731,1943,,,1,70,,24733,1943,,,1,30,,24715,1943,,,1,70,,24713,1943,,,1,30,,24739,1943,,,1,70,,24721,1943,,,1,31,,24742,1943,,,1,23,,24737,1943,,,1,79,,24734,1943,,,1,67,,24723,1943,,,1,30,,24709,1943,,,1,71,,24743,1943,,,1,28,,24732,1943,,,1,70,,24722,1943,,,1,30,,24740,1943,,,1,29,,24735,1943,,,1,70,,24708,1943,,,1,30,,24729,1943,,,1,70,,24741,1943,,,1,30,,24725,1943,,,1,70,,24706,1943,,,1,100,,24719,1943,,,1,100,,24724,1943,,,1,100,,24727,1943,,,1
3700,'SE',1608,,28889,1673,,,2,36,,28890,1673,,,2,65,,28892,1673,,,2,30,,28888,1673,,,2,68,,28891,1673,,,2
3701,'SE',630,,28903,230,0,31,2,70,,28901,230,0,31,2,30,,28900,230,0,31,2,70,,28904,230,0,31,2,30,,28902,230,0,31,2
65000,'SE',1617,,40811,3581,,,2
