1000,'DI',645,,23472,7799,,,1,70,,23499,7799,,,1,30,,23497,7799,,,1,70,,23490,7799,,,1,38,,23473,7799,,,1,70,,23491,7799,,,1,30,,23474,7799,,,1,70,,23492,7799,,,1,30,,23475,7799,,,1,70,,23493,7799,,,1,30,,23476,7799,,,1,70,,23494,7799,,,1,30,,23477,7799,,,1,70,,23495,7799,,,1,30,,23478,7799,,,1,70,,23496,7799,,,1,30,,23479,7799,,,1,70,,23500,7799,,,1,30,,23480,7799,,,1,70,,23501,7799,,,1,30,,23481,7799,,,1,70,,23502,7799,,,1,30,,23482,7799,,,1,70,,23503,7799,,,1,81,,23483,7799,,,1,100,,23484,7799,,,1,100,,23485,7799,,,1,100,,23486,7799,,,1,100,,23487,7799,,,1,100,,23488,7799,,,1,100,,23489,7799,,,1
1000,'F1',645,,44325,7799,,,1,70,,44352,7799,,,1,30,,44350,7799,,,1,70,,44343,7799,,,1,38,,44326,7799,,,1,70,,44344,7799,,,1,30,,44327,7799,,,1,70,,44345,7799,,,1,30,,44328,7799,,,1,70,,44346,7799,,,1,30,,44329,7799,,,1,70,,44347,7799,,,1,30,,44330,7799,,,1,70,,44348,7799,,,1,30,,44331,7799,,,1,70,,44349,7799,,,1,30,,44332,7799,,,1,70,,44353,7799,,,1,30,,44333,7799,,,1,70,,44354,7799,,,1,30,,44334,7799,,,1,70,,44355,7799,,,1,30,,44335,7799,,,1,70,,44356,7799,,,1,81,,44336,7799,,,1,100,,44337,7799,,,1,100,,44338,7799,,,1,100,,44339,7799,,,1,100,,44340,7799,,,1,100,,44341,7799,,,1,100,,44342,7799,,,1
1000,'F2',614,,44368,7799,,,1,30,,44363,7799,,,1,70,,44357,7799,,,1,30,,44370,7799,,,1,70,,44369,7799,,,1,38,,44379,7799,,,1,70,,44378,7799,,,1,30,,44380,7799,,,1,70,,44386,7799,,,1,30,,44381,7799,,,1,70,,44387,7799,,,1,30,,44371,7799,,,1,72,,44388,7799,,,1,30,,44372,7799,,,1,70,,44389,7799,,,1,30,,44373,7799,,,1,70,,44358,7799,,,1,30,,44374,7799,,,1,70,,44359,7799,,,1,30,,44375,7799,,,1,70,,44360,7799,,,1,29,,44376,7799,,,1,71,,44361,7799,,,1,30,,44377,7799,,,1,70,,44362,7799,,,1,81,,44382,7799,,,1,100,,44383,7799,,,1,100,,44384,7799,,,1,100,,44385,7799,,,1,100,,44364,7799,,,1,100,,44365,7799,,,1,100,,44366,7799,,,1
1000,'F8',614,,23581,7799,,,1,30,,23576,7799,,,1,70,,23570,7799,,,1,30,,23583,7799,,,1,70,,23582,7799,,,1,38,,23592,7799,,,1,70,,23591,7799,,,1,30,,23593,7799,,,1,70,,23599,7799,,,1,30,,23594,7799,,,1,70,,23600,7799,,,1,30,,23584,7799,,,1,72,,23601,7799,,,1,30,,23585,7799,,,1,70,,23602,7799,,,1,30,,23586,7799,,,1,70,,23571,7799,,,1,30,,23587,7799,,,1,70,,23572,7799,,,1,30,,23588,7799,,,1,70,,23573,7799,,,1,29,,23589,7799,,,1,71,,23574,7799,,,1,30,,23590,7799,,,1,70,,23575,7799,,,1,81,,23595,7799,,,1,100,,23596,7799,,,1,100,,23597,7799,,,1,100,,23598,7799,,,1,100,,23577,7799,,,1,100,,23578,7799,,,1,100,,23579,7799,,,1
1000,'F9',645,,23603,7799,,,1,70,,23630,7799,,,1,30,,23628,7799,,,1,70,,23621,7799,,,1,38,,23604,7799,,,1,70,,23622,7799,,,1,30,,23605,7799,,,1,70,,23623,7799,,,1,30,,23606,7799,,,1,70,,23624,7799,,,1,30,,23607,7799,,,1,70,,23625,7799,,,1,30,,23608,7799,,,1,70,,23626,7799,,,1,30,,23609,7799,,,1,70,,23627,7799,,,1,30,,23610,7799,,,1,70,,23631,7799,,,1,30,,23611,7799,,,1,70,,23632,7799,,,1,30,,23612,7799,,,1,70,,23633,7799,,,1,30,,23613,7799,,,1,70,,23634,7799,,,1,81,,23614,7799,,,1,100,,23615,7799,,,1,100,,23616,7799,,,1,100,,23617,7799,,,1,100,,23618,7799,,,1,100,,23619,7799,,,1,100,,23620,7799,,,1
1000,'SA',614,,23646,7799,,,1,30,,23641,7799,,,1,70,,23635,7799,,,1,30,,23648,7799,,,1,70,,23647,7799,,,1,38,,23657,7799,,,1,70,,23656,7799,,,1,30,,23658,7799,,,1,70,,23664,7799,,,1,30,,23659,7799,,,1,70,,23665,7799,,,1,30,,23649,7799,,,1,72,,23666,7799,,,1,30,,23650,7799,,,1,70,,23667,7799,,,1,30,,23651,7799,,,1,70,,23636,7799,,,1,30,,23652,7799,,,1,70,,23637,7799,,,1,30,,23653,7799,,,1,70,,23638,7799,,,1,29,,23654,7799,,,1,71,,23639,7799,,,1,30,,23655,7799,,,1,70,,23640,7799,,,1,81,,23660,7799,,,1,100,,23661,7799,,,1,100,,23662,7799,,,1,100,,23663,7799,,,1,100,,23642,7799,,,1,100,,23643,7799,,,1,100,,23644,7799,,,1
1700,'DI',637,,25381,7688,,,1,100,,25366,7688,,,1,70,,25372,7688,,,1,30,,25379,7688,,,1,70,,25392,7688,,,1,30,,25382,7688,,,1,70,,25387,7688,,,1,30,,25367,7688,,,1,70,,25389,7688,,,1,30,,25377,7688,,,1,70,,25385,7688,,,1,30,,25393,7688,,,1,70,,25373,7688,,,1,30,,25388,7688,,,1,70,,25378,7688,,,1,30,,25376,7688,,,1,70,,25391,7688,,,1,29,,25383,7688,,,1,70,,25368,7688,,,1,31,,25375,7688,,,1,70,,25369,7688,,,1,30,,25364,7688,,,1,71,,25370,7688,,,1,30,,25363,7688,,,1,99,,25390,7688,,,1,100,,25384,7688,,,1,100,,25371,7688,,,1,100,,25386,7688,,,1,100,,25374,7688,,,1,100,,25365,7688,,,1,100,,25380,7688,,,1
1700,'F1',637,,45060,7688,,,1,100,,45045,7688,,,1,70,,45051,7688,,,1,30,,45058,7688,,,1,70,,45071,7688,,,1,30,,45061,7688,,,1,70,,45066,7688,,,1,30,,45046,7688,,,1,70,,45068,7688,,,1,30,,45056,7688,,,1,70,,45064,7688,,,1,30,,45072,7688,,,1,70,,45052,7688,,,1,30,,45067,7688,,,1,70,,45057,7688,,,1,30,,45055,7688,,,1,70,,45070,7688,,,1,29,,45062,7688,,,1,70,,45047,7688,,,1,31,,45054,7688,,,1,70,,45048,7688,,,1,30,,45043,7688,,,1,71,,45049,7688,,,1,30,,45042,7688,,,1,99,,45069,7688,,,1,100,,45063,7688,,,1,100,,45050,7688,,,1,100,,45065,7688,,,1,100,,45053,7688,,,1,100,,45044,7688,,,1,100,,45059,7688,,,1
1700,'F2',637,,45093,7688,,,1,100,,45102,7688,,,1,70,,45076,7688,,,1,30,,45088,7688,,,1,70,,45099,7688,,,1,30,,45086,7688,,,1,70,,45075,7688,,,1,30,,45094,7688,,,1,70,,45077,7688,,,1,30,,45081,7688,,,1,70,,45073,7688,,,1,30,,45083,7688,,,1,70,,45089,7688,,,1,30,,45095,7688,,,1,70,,45100,7688,,,1,30,,45082,7688,,,1,70,,45101,7688,,,1,30,,45090,7688,,,1,70,,45097,7688,,,1,29,,45096,7688,,,1,70,,45078,7688,,,1,31,,45080,7688,,,1,70,,45079,7688,,,1,31,,45084,7688,,,1,99,,45098,7688,,,1,100,,45091,7688,,,1,100,,45087,7688,,,1,100,,45085,7688,,,1,100,,45074,7688,,,1,100,,45103,7688,,,1,100,,45092,7688,,,1
1700,'F8',637,,25476,7688,,,1,100,,25485,7688,,,1,70,,25459,7688,,,1,30,,25471,7688,,,1,70,,25482,7688,,,1,30,,25469,7688,,,1,70,,25458,7688,,,1,30,,25477,7688,,,1,70,,25460,7688,,,1,30,,25464,7688,,,1,70,,25456,7688,,,1,30,,25466,7688,,,1,70,,25472,7688,,,1,30,,25478,7688,,,1,70,,25483,7688,,,1,30,,25465,7688,,,1,70,,25484,7688,,,1,30,,25473,7688,,,1,70,,25480,7688,,,1,29,,25479,7688,,,1,70,,25461,7688,,,1,31,,25463,7688,,,1,70,,25462,7688,,,1,31,,25467,7688,,,1,99,,25481,7688,,,1,100,,25474,7688,,,1,100,,25470,7688,,,1,100,,25468,7688,,,1,100,,25457,7688,,,1,100,,25486,7688,,,1,100,,25475,7688,,,1
1700,'F9',637,,25505,7688,,,1,100,,25490,7688,,,1,70,,25496,7688,,,1,30,,25503,7688,,,1,70,,25516,7688,,,1,30,,25506,7688,,,1,70,,25511,7688,,,1,30,,25491,7688,,,1,70,,25513,7688,,,1,30,,25501,7688,,,1,70,,25509,7688,,,1,30,,25517,7688,,,1,70,,25497,7688,,,1,30,,25512,7688,,,1,70,,25502,7688,,,1,30,,25500,7688,,,1,70,,25515,7688,,,1,29,,25507,7688,,,1,70,,25492,7688,,,1,31,,25499,7688,,,1,70,,25493,7688,,,1,30,,25488,7688,,,1,71,,25494,7688,,,1,30,,25487,7688,,,1,99,,25514,7688,,,1,100,,25508,7688,,,1,100,,25495,7688,,,1,100,,25510,7688,,,1,100,,25498,7688,,,1,100,,25489,7688,,,1,100,,25504,7688,,,1
1700,'SA',637,,25536,7688,,,1,100,,25545,7688,,,1,70,,25521,7688,,,1,30,,4923,7688,,,1,70,,25542,7688,,,1,30,,25531,7688,,,1,70,,25520,7688,,,1,30,,25537,7688,,,1,70,,25522,7688,,,1,30,,25526,7688,,,1,70,,25518,7688,,,1,30,,25528,7688,,,1,70,,25533,7688,,,1,30,,25538,7688,,,1,70,,25543,7688,,,1,30,,25527,7688,,,1,70,,25544,7688,,,1,30,,25534,7688,,,1,70,,25540,7688,,,1,29,,25539,7688,,,1,70,,25523,7688,,,1,31,,25525,7688,,,1,70,,25524,7688,,,1,31,,25529,7688,,,1,99,,25541,7688,,,1,100,,4934,7688,,,1,100,,25532,7688,,,1,100,,25530,7688,,,1,100,,25519,7688,,,1,100,,25546,7688,,,1,100,,25535,7688,,,1
7600,'SE',614,,48783,8153,,,1,21,,48784,8153,,,1,20,,48780,8153,,,1,69,,48764,8153,,,1,13,,48767,8153,,,1,21,,48770,8153,,,1,63,,48800,8153,,,1,27,,48768,8153,,,1,70,,48771,8153,,,1,30,,48762,8153,,,1,70,,48781,8153,,,1,30,,48773,8153,,,1,70,,48769,8153,,,1,30,,48765,8153,,,1,70,,48763,8153,,,1,30,,48802,8153,,,1,70,,48760,8153,,,1,30,,48782,8153,,,1,71,,48766,8153,,,1,34,,48772,8153,,,1,66,,48785,8153,,,1,32,,48787,8153,,,1,71,,48777,8153,,,1,24,,48797,8153,,,1,58,,48801,8153,,,1,20,,48803,8153,,,1,21,,48774,8153,,,1,58,,48798,8153,,,1,20,,48806,8153,,,1,27,,48786,8153,,,1,70,,48776,8153,,,1,30,,48761,8153,,,1,70,,48788,8153,,,1,30,,48804,8153,,,1,70,,48789,8153,,,1,30,,48805,8153,,,1,69,,48790,8153,,,1,30,,48794,8153,,,1,70,,48791,8153,,,1,30,,48795,8153,,,1,70,,48792,8153,,,1,30,,48796,8153,,,1,70,,48793,8153,,,1
