801,'DI',531,,53514,5249,,,1,70,,53522,5249,,,1,30,,53529,5249,,,1,70,,53541,5249,,,1,30,,53515,5249,,,1,71,,53523,5249,,,1,30,,53530,5249,,,1,70,,53542,5249,,,1,27,,53516,5249,,,1,30,,53524,5249,,,1,70,,53531,5249,,,1,27,,53543,5249,,,1,70,,53517,5249,,,1,30,,53525,5249,,,1,70,,53532,5249,,,1,30,,53544,5249,,,1,71,,53518,5249,,,1,30,,53526,5249,,,1,71,,53538,5249,,,1,30,,53545,5249,,,1,70,,53539,5249,,,1,30,,53527,5249,,,1,70,,53533,5249,,,1,30,,53546,5249,,,1,59,,53548,5249,,,1,16,,53540,5249,,,1,70,,53528,5249,,,1,28,,53534,5249,,,1,70,,53547,5249,,,1,45,,53519,5249,,,1,102,,53535,5249,,,1,100,,53520,5249,,,1,99,,53536,5249,,,1,100,,53521,5249,,,1,99,,53537,5249,,,1
801,'F1',531,,53549,5249,,,1,70,,53557,5249,,,1,30,,53564,5249,,,1,70,,53576,5249,,,1,30,,53550,5249,,,1,71,,53558,5249,,,1,30,,53565,5249,,,1,70,,53577,5249,,,1,27,,53551,5249,,,1,30,,53559,5249,,,1,70,,53566,5249,,,1,27,,53578,5249,,,1,70,,53552,5249,,,1,30,,53560,5249,,,1,70,,53567,5249,,,1,30,,53579,5249,,,1,71,,53553,5249,,,1,30,,53561,5249,,,1,71,,53573,5249,,,1,30,,53580,5249,,,1,70,,53574,5249,,,1,30,,53562,5249,,,1,70,,53568,5249,,,1,30,,53581,5249,,,1,59,,53583,5249,,,1,16,,53575,5249,,,1,70,,53563,5249,,,1,28,,53569,5249,,,1,70,,53582,5249,,,1,45,,53554,5249,,,1,102,,53570,5249,,,1,100,,53555,5249,,,1,99,,53571,5249,,,1,100,,53556,5249,,,1,99,,53572,5249,,,1
801,'F2',531,,53588,5249,,,1,70,,53593,5249,,,1,30,,53600,5249,,,1,70,,53605,5249,,,1,30,,53589,5249,,,1,70,,53594,5249,,,1,30,,53601,5249,,,1,70,,53606,5249,,,1,27,,53590,5249,,,1,27,,53595,5249,,,1,70,,53602,5249,,,1,30,,53607,5249,,,1,71,,53591,5249,,,1,30,,53596,5249,,,1,71,,53603,5249,,,1,30,,53608,5249,,,1,71,,53592,5249,,,1,30,,53597,5249,,,1,70,,53604,5249,,,1,30,,53609,5249,,,1,70,,44242,5249,,,1,30,,53598,5249,,,1,70,,53615,5249,,,1,30,,53610,5249,,,1,65,,53584,5249,,,1,10,,44243,5249,,,1,23,,53599,5249,,,1,70,,53616,5249,,,1,30,,53611,5249,,,1,90,,53585,5249,,,1,100,,53612,5249,,,1,100,,53586,5249,,,1,100,,53613,5249,,,1,100,,53587,5249,,,1,101,,53614,5249,,,1
801,'SA',531,,53621,5249,,,1,70,,53626,5249,,,1,30,,53633,5249,,,1,70,,53638,5249,,,1,30,,53622,5249,,,1,70,,53627,5249,,,1,30,,53634,5249,,,1,70,,53639,5249,,,1,27,,53623,5249,,,1,27,,53628,5249,,,1,70,,53635,5249,,,1,30,,53640,5249,,,1,71,,53624,5249,,,1,30,,53629,5249,,,1,71,,53636,5249,,,1,30,,53641,5249,,,1,71,,53625,5249,,,1,30,,53630,5249,,,1,70,,53637,5249,,,1,30,,53642,5249,,,1,70,,2977,5249,,,1,30,,53631,5249,,,1,70,,53648,5249,,,1,30,,53643,5249,,,1,65,,53617,5249,,,1,10,,2978,5249,,,1,23,,53632,5249,,,1,70,,53649,5249,,,1,30,,53644,5249,,,1,90,,53618,5249,,,1,100,,53645,5249,,,1,100,,53619,5249,,,1,100,,53646,5249,,,1,100,,53620,5249,,,1,101,,53647,5249,,,1
801,'SE',457,,53650,5249,,,1,73,,53651,5249,,,1,27,,44285,5249,,,1,61,,53672,5249,,,1,22,,53665,5249,,,1,11,,53710,5249,,,1,49,,53655,5249,,,1,8,,53685,5249,,,1,10,,53659,5249,,,1,9,,53652,5249,,,1,11,,53663,5249,,,1,21,,53660,5249,,,1,60,,53673,5249,,,1,18,,53654,5249,,,1,13,,53690,5249,,,1,55,,53656,5249,,,1,15,,53686,5249,,,1,15,,53678,5249,,,1,17,,53693,5249,,,1,55,,44259,5249,,,1,14,,53674,5249,,,1,15,,53666,5249,,,1,16,,53691,5249,,,1,55,,53657,5249,,,1,15,,53687,5249,,,1,15,,53679,5249,,,1,15,,53694,5249,,,1,55,,53653,5249,,,1,16,,53661,5249,,,1,15,,53675,5249,,,1,15,,53669,5249,,,1,55,,53692,5249,,,1,15,,53709,5249,,,1,15,,53688,5249,,,1,15,,53684,5249,,,1,55,,53695,5249,,,1,16,,53697,5249,,,1,15,,53715,5249,,,1,13,,53681,5249,,,1,59,,53700,5249,,,1,11,,53670,5249,,,1,10,,53658,5249,,,1,14,,53711,5249,,,1,56,,53680,5249,,,1,16,,53664,5249,,,1,15,,53702,5249,,,1,13,,53698,5249,,,1,56,,53662,5249,,,1,15,,53682,5249,,,1,15,,53701,5249,,,1,17,,53671,5249,,,1,61,,53689,5249,,,1,24,,53707,5249,,,1,67,,53699,5249,,,1,28,,53676,5249,,,1,71,,53703,5249,,,1,30,,53718,5249,,,1,73,,53720,5249,,,1,27,,53677,5249,,,1,13,,53716,5249,,,1,60,,53704,5249,,,1,29,,53719,5249,,,1,20,,53721,5249,,,1,93,,53667,5249,,,1,100,,53705,5249,,,1
4201,'DI',542,,57375,1543,,,1,100,,57376,1543,,,1,100,,57377,1543,,,1,100,,57378,1543,,,1,100,,57379,1543,,,1,100,,57380,1543,,,1,100,,57381,1543,,,1,100,,57382,1543,,,1,100,,57383,1543,,,1,100,,57384,1543,,,1,100,,57385,1543,,,1,100,,57386,1543,,,1,100,,57387,1543,,,1,100,,57388,1543,,,1,100,,57389,1543,,,1,100,,57390,1543,,,1,100,,57391,1543,,,1,100,,57392,1543,,,1,100,,57393,1543,,,1,100,,57394,1543,,,1
4201,'F1',542,,57395,1543,,,1,100,,57396,1543,,,1,100,,57397,1543,,,1,100,,57398,1543,,,1,100,,57399,1543,,,1,100,,57400,1543,,,1,100,,57401,1543,,,1,100,,57402,1543,,,1,100,,57403,1543,,,1,100,,57404,1543,,,1,100,,57405,1543,,,1,100,,57406,1543,,,1,100,,57407,1543,,,1,100,,57408,1543,,,1,100,,57409,1543,,,1,100,,57410,1543,,,1,100,,57411,1543,,,1,100,,57412,1543,,,1,100,,57413,1543,,,1,100,,57414,1543,,,1
4201,'F2',542,,57415,1543,,,1,100,,57416,1543,,,1,100,,57417,1543,,,1,100,,57418,1543,,,1,100,,57419,1543,,,1,100,,57420,1543,,,1,100,,57421,1543,,,1,100,,57422,1543,,,1,100,,57423,1543,,,1,100,,57424,1543,,,1,100,,57425,1543,,,1,100,,57426,1543,,,1,100,,57427,1543,,,1,100,,57428,1543,,,1,100,,57429,1543,,,1,100,,57430,1543,,,1,100,,57431,1543,,,1,100,,57432,1543,,,1,100,,57433,1543,,,1,100,,57434,1543,,,1
4201,'SA',542,,57435,1543,,,1,100,,57436,1543,,,1,100,,57437,1543,,,1,100,,57438,1543,,,1,100,,57439,1543,,,1,100,,57440,1543,,,1,100,,57441,1543,,,1,100,,57442,1543,,,1,100,,57443,1543,,,1,100,,57444,1543,,,1,100,,57445,1543,,,1,100,,57446,1543,,,1,100,,57447,1543,,,1,100,,57448,1543,,,1,100,,57449,1543,,,1,100,,57450,1543,,,1,100,,57451,1543,,,1,100,,57452,1543,,,1,100,,57453,1543,,,1,100,,57454,1543,,,1
4201,'SE',510,,57463,1543,,,1,20,,57488,1543,,,1,70,,57470,1543,,,1,21,,57487,1543,,,1,14,,57465,1543,,,1,14,,57474,1543,,,1,54,,57471,1543,,,1,14,,57475,1543,,,1,14,,57483,1543,,,1,14,,57469,1543,,,1,63,,57472,1543,,,1,34,,57499,1543,,,1,78,,57495,1543,,,1,30,,57500,1543,,,1,70,,57473,1543,,,1,30,,57466,1543,,,1,70,,57467,1543,,,1,30,,57462,1543,,,1,70,,57486,1543,,,1,30,,57458,1543,,,1,70,,57455,1543,,,1,30,,57496,1543,,,1,70,,57464,1543,,,1,30,,57461,1543,,,1,4,,57468,1543,,,1,2,,57489,1543,,,1,2,,57484,1543,,,1,62,,57459,1543,,,1,30,,57476,1543,,,1,70,,57498,1543,,,1,28,,57456,1543,,,1,64,,57485,1543,,,1,17,,57460,1543,,,1,27,,57497,1543,,,1,69,,57457,1543,,,1,27,,57492,1543,,,1,75,,57477,1543,,,1,30,,57493,1543,,,1,70,,57478,1543,,,1,30,,57494,1543,,,1,69,,57479,1543,,,1,30,,57490,1543,,,1,70,,57480,1543,,,1,30,,57491,1543,,,1,90,,57481,1543,,,1,100,,57482,1543,,,1
44201,'SE',713,,63040,6637,,,2,100,,63039,6637,,,2
60801,'SE',1450,,63490,116,,,2,2,,63491,116,,,2
