401,'DI',610,,21384,18301,,,1,30,,21391,18301,,,1,70,,21403,18301,,,1,30,,21399,18301,,,1,70,,21385,18301,,,1,30,,21392,18301,,,1,72,,21405,18301,,,1,30,,21407,18301,,,1,70,,21386,18301,,,1,30,,21393,18301,,,1,70,,21406,18301,,,1,30,,21408,18301,,,1,70,,21387,18301,,,1,30,,21413,18301,,,1,70,,21414,18301,,,1,30,,21409,18301,,,1,71,,21388,18301,,,1,29,,21394,18301,,,1,70,,21416,18301,,,1,30,,21397,18301,,,1,72,,21389,18301,,,1,29,,21395,18301,,,1,70,,21417,18301,,,1,34,,21398,18301,,,1,65,,21410,18301,,,1,30,,21415,18301,,,1,70,,21412,18301,,,1,30,,21390,18301,,,1,71,,21411,18301,,,1,29,,21400,18301,,,1,70,,21383,18301,,,1,30,,21396,18301,,,1,100,,21402,18301,,,1,100,,21404,18301,,,1,100,,21401,18301,,,1
401,'F8',610,,21527,18301,,,1,30,,21534,18301,,,1,70,,21536,18301,,,1,30,,21531,18301,,,1,70,,21528,18301,,,1,30,,21535,18301,,,1,72,,21537,18301,,,1,30,,21532,18301,,,1,70,,21529,18301,,,1,30,,21555,18301,,,1,70,,21538,18301,,,1,30,,21549,18301,,,1,70,,21559,18301,,,1,32,,21547,18301,,,1,70,,21558,18301,,,1,30,,21542,18301,,,1,70,,21526,18301,,,1,30,,21539,18301,,,1,70,,21550,18301,,,1,30,,21560,18301,,,1,70,,21557,18301,,,1,30,,21546,18301,,,1,70,,21552,18301,,,1,30,,21545,18301,,,1,70,,21533,18301,,,1,28,,21551,18301,,,1,70,,21541,18301,,,1,30,,21530,18301,,,1,70,,21554,18301,,,1,30,,21540,18301,,,1,70,,21553,18301,,,1,30,,21556,18301,,,1,100,,21548,18301,,,1,100,,21544,18301,,,1,100,,21543,18301,,,1
401,'F9',610,,21562,18301,,,1,30,,21569,18301,,,1,70,,21581,18301,,,1,30,,21577,18301,,,1,70,,21563,18301,,,1,30,,21570,18301,,,1,72,,21583,18301,,,1,30,,21585,18301,,,1,70,,21564,18301,,,1,30,,21571,18301,,,1,70,,21584,18301,,,1,30,,21586,18301,,,1,70,,21565,18301,,,1,30,,21591,18301,,,1,70,,21592,18301,,,1,30,,21587,18301,,,1,71,,21566,18301,,,1,29,,21572,18301,,,1,70,,21594,18301,,,1,30,,21575,18301,,,1,72,,21567,18301,,,1,29,,21573,18301,,,1,70,,21595,18301,,,1,34,,21576,18301,,,1,65,,21588,18301,,,1,30,,21593,18301,,,1,70,,21590,18301,,,1,30,,21568,18301,,,1,71,,21589,18301,,,1,29,,21578,18301,,,1,70,,21561,18301,,,1,30,,21574,18301,,,1,100,,21580,18301,,,1,100,,21582,18301,,,1,100,,21579,18301,,,1
401,'SA',610,,21596,18301,,,1,30,,1360,18301,,,1,70,,1362,18301,,,1,30,,1358,18301,,,1,70,,21597,18301,,,1,30,,1361,18301,,,1,72,,1363,18301,,,1,30,,1359,18301,,,1,70,,21598,18301,,,1,30,,21616,18301,,,1,70,,1364,18301,,,1,30,,21610,18301,,,1,70,,21620,18301,,,1,32,,21608,18301,,,1,70,,21619,18301,,,1,30,,21603,18301,,,1,70,,1356,18301,,,1,30,,1365,18301,,,1,70,,21611,18301,,,1,30,,21621,18301,,,1,70,,21618,18301,,,1,30,,21607,18301,,,1,70,,21613,18301,,,1,30,,21606,18301,,,1,70,,21600,18301,,,1,28,,21612,18301,,,1,70,,21602,18301,,,1,30,,21599,18301,,,1,70,,21615,18301,,,1,30,,21601,18301,,,1,70,,21614,18301,,,1,30,,21617,18301,,,1,100,,21609,18301,,,1,100,,21605,18301,,,1,100,,21604,18301,,,1
401,'SE',615,,21637,18301,,,1,22,,21635,18301,,,1,18,,21647,18301,,,1,61,,21624,18301,,,1,35,,21622,18301,,,1,74,,21625,18301,,,1,33,,21653,18301,,,1,70,,21633,18301,,,1,31,,21640,18301,,,1,70,,1417,18301,,,1,30,,21655,18301,,,1,70,,21649,18301,,,1,30,,21626,18301,,,1,70,,21644,18301,,,1,73,,1416,18301,,,1,32,,21645,18301,,,1,70,,21634,18301,,,1,30,,21643,18301,,,1,66,,21623,18301,,,1,34,,21651,18301,,,1,15,,1420,18301,,,1,63,,21627,18301,,,1,22,,21646,18301,,,1,19,,21629,18301,,,1,60,,21630,18301,,,1,25,,21648,18301,,,1,13,,21654,18301,,,1,60,,21650,18301,,,1,24,,21639,18301,,,1,15,,1421,18301,,,1,67,,21628,18301,,,1,30,,21652,18301,,,1,67,,21636,18301,,,1,28,,21631,18301,,,1,70,,21642,18301,,,1,30,,21656,18301,,,1,70,,21657,18301,,,1,100,,21632,18301,,,1,96,,21638,18301,,,1,100,,21641,18301,,,1
3201,'DI',543,,28612,8092,,,2,99,,28613,8092,,,2,101,,28614,8092,,,2,99,,28615,8092,,,2,102,,28616,8092,,,2,100,,28619,8092,,,2,102,,28621,8092,,,2,102,,28617,8092,,,2,103,,28623,8092,,,2,98,,28622,8092,,,2,104,,28625,8092,,,2,96,,28624,8092,,,2,98,,28627,8092,,,2,99,,28626,8092,,,2,99,,28620,8092,,,2,100,,28610,8092,,,2,100,,28628,8092,,,2,100,,28630,8092,,,2,100,,28618,8092,,,2,100,,28629,8092,,,2,99,,28611,8092,,,2
3201,'F8',543,,28702,8092,,,2,99,,28703,8092,,,2,101,,28704,8092,,,2,96,,28705,8092,,,2,103,,28706,8092,,,2,101,,28712,8092,,,2,103,,28707,8092,,,2,100,,28721,8092,,,2,106,,28713,8092,,,2,102,,28708,8092,,,2,97,,28709,8092,,,2,98,,28714,8092,,,2,98,,28715,8092,,,2,99,,28710,8092,,,2,99,,28717,8092,,,2,100,,28716,8092,,,2,100,,28718,8092,,,2,100,,28720,8092,,,2,100,,28719,8092,,,2,100,,28711,8092,,,2,99,,28701,8092,,,2
3201,'F9',543,,28724,8092,,,2,99,,28725,8092,,,2,101,,28726,8092,,,2,99,,28727,8092,,,2,102,,28728,8092,,,2,100,,28731,8092,,,2,102,,28733,8092,,,2,102,,28729,8092,,,2,103,,28735,8092,,,2,98,,28734,8092,,,2,104,,28737,8092,,,2,96,,28736,8092,,,2,98,,28739,8092,,,2,99,,28738,8092,,,2,99,,28732,8092,,,2,100,,28722,8092,,,2,100,,28740,8092,,,2,100,,28742,8092,,,2,100,,28730,8092,,,2,100,,28741,8092,,,2,99,,28723,8092,,,2
3201,'SA',543,,28744,8092,,,2,99,,28745,8092,,,2,101,,28746,8092,,,2,96,,28747,8092,,,2,103,,28748,8092,,,2,101,,28754,8092,,,2,103,,28749,8092,,,2,100,,28763,8092,,,2,106,,28755,8092,,,2,102,,28750,8092,,,2,97,,28751,8092,,,2,98,,28756,8092,,,2,98,,28757,8092,,,2,99,,28752,8092,,,2,99,,28759,8092,,,2,100,,28758,8092,,,2,100,,28760,8092,,,2,100,,28762,8092,,,2,100,,28761,8092,,,2,100,,28753,8092,,,2,99,,28743,8092,,,2
3201,'SE',520,,28779,12379,,,2,30,,28785,12379,,,2,70,,28783,12379,,,2,30,,28788,12379,,,2,76,,28786,12379,,,2,27,,28780,12379,,,2,64,,28777,12379,,,2,30,,28784,12379,,,2,75,,28775,12379,,,2,94,,28771,8092,,,2,101,,28772,8092,,,2,100,,28774,8092,,,2,100,,28766,8092,,,2,100,,7845,8092,,,2,103,,28767,8092,,,2,105,,28764,8092,,,2,21,,28778,12379,,,2,71,,28782,12379,,,2,30,,28789,12379,,,2,70,,28787,12379,,,2,23,,28781,12379,,,2,71,,28790,12379,,,2,25,,28776,12379,,,2,86,,28773,8092,,,2,100,,28769,8092,,,2,98,,28770,8092,,,2,100,,28765,8092,,,2,98,,28768,8092,,,2
3801,'DI',622,,29083,5627,,,1,100,,29090,5627,,,1,100,,29088,5627,,,1,100,,29084,5627,,,1,100,,29091,5627,,,1,100,,29079,5627,,,1,100,,29096,5627,,,1,100,,29082,5627,,,1,98,,29089,5627,,,1,99,,29092,5627,,,1,103,,29080,5627,,,1,101,,29085,5627,,,1,100,,29086,5627,,,1,99,,29081,5627,,,1,100,,29093,5627,,,1,100,,29087,5627,,,1,100,,29094,5627,,,1,100,,29097,5627,,,1,100,,29095,5627,,,1
3801,'F8',621,,29170,5627,,,1,100,,29179,5627,,,1,99,,29173,5627,,,1,101,,29180,5627,,,1,100,,29174,5627,,,1,100,,29181,5627,,,1,100,,29175,5627,,,1,100,,29182,5627,,,1,100,,29176,5627,,,1,100,,29171,5627,,,1,101,,29177,5627,,,1,100,,29172,5627,,,1,100,,29178,5627,,,1,99,,29168,5627,,,1,100,,29183,5627,,,1,100,,29169,5627,,,1,100,,29184,5627,,,1,100,,29186,5627,,,1,100,,29185,5627,,,1
3801,'F9',622,,29191,5627,,,1,100,,29198,5627,,,1,100,,29196,5627,,,1,100,,29192,5627,,,1,100,,29199,5627,,,1,100,,29187,5627,,,1,100,,29204,5627,,,1,100,,29190,5627,,,1,98,,29197,5627,,,1,99,,29200,5627,,,1,103,,29188,5627,,,1,101,,29193,5627,,,1,100,,29194,5627,,,1,99,,29189,5627,,,1,100,,29201,5627,,,1,100,,29195,5627,,,1,100,,29202,5627,,,1,100,,29205,5627,,,1,100,,29203,5627,,,1
3801,'SA',621,,29208,5627,,,1,100,,29217,5627,,,1,99,,29211,5627,,,1,101,,29218,5627,,,1,100,,29212,5627,,,1,100,,29219,5627,,,1,100,,29213,5627,,,1,100,,29220,5627,,,1,100,,29214,5627,,,1,100,,29209,5627,,,1,101,,29215,5627,,,1,100,,29210,5627,,,1,100,,29216,5627,,,1,99,,29206,5627,,,1,100,,29221,5627,,,1,100,,29207,5627,,,1,100,,29222,5627,,,1,100,,29224,5627,,,1,100,,29223,5627,,,1
3801,'SE',530,,29225,5627,,,1,70,,29237,5627,,,1,31,,29228,5627,,,1,74,,29238,5627,,,1,34,,29231,5627,,,1,64,,29230,5627,,,1,27,,29240,5627,,,1,75,,29239,5627,,,1,29,,29249,5627,,,1,75,,29253,5627,,,1,100,,29255,5627,,,1,100,,29242,5627,,,1,101,,29256,5627,,,1,98,,29243,5627,,,1,98,,29247,5627,,,1,15,,29250,5627,,,1,17,,29234,5627,,,1,62,,29244,5627,,,1,21,,29226,5627,,,1,20,,29229,5627,,,1,61,,29241,5627,,,1,20,,29254,5627,,,1,19,,29252,5627,,,1,62,,29233,5627,,,1,18,,29235,5627,,,1,20,,29248,5627,,,1,80,,29245,5627,,,1,95,,29251,5627,,,1,99,,29246,5627,,,1,99,,29232,5627,,,1,99,,29236,5627,,,1,100,,29227,5627,,,1
53200,'SE',1637,,40656,8312,,,2,1,,40657,8312,,,2
