1600,'DI',614,,24754,1830,0,8,2,30,,24745,1830,0,8,2,70,,24755,1830,0,8,2,30,,24746,1830,0,8,2,70,,24756,1830,0,8,2,30,,24747,1830,0,8,2,70,,24757,1830,0,8,2,30,,24748,1830,0,8,2,70,,24758,1830,0,8,2,30,,24749,1830,0,8,2,70,,24759,1830,0,8,2,28,,24750,1830,0,8,2,72,,24760,1830,0,8,2,33,,24751,1830,0,8,2,67,,24761,1830,0,8,2,30,,24752,1830,0,8,2,70,,24762,1830,0,8,2,30,,24764,1830,0,8,2,70,,24763,1830,0,8,2,30,,24765,1830,0,8,2,70,,24768,1830,0,8,2,30,,24766,1830,0,8,2,70,,24769,1830,0,8,2,31,,24767,1830,0,8,2,69,,24770,1830,0,8,2,100,,24771,1830,0,8,2,100,,24772,1830,0,8,2,100,,24773,1830,0,8,2,100,,24774,1830,0,8,2,100,,24775,1830,0,8,2,100,,24776,1830,0,8,2,100,,24777,1830,0,8,2
1600,'F1',614,,44831,1830,0,8,2,30,,44822,1830,0,8,2,70,,44832,1830,0,8,2,30,,44823,1830,0,8,2,70,,44833,1830,0,8,2,30,,44824,1830,0,8,2,70,,44834,1830,0,8,2,30,,44825,1830,0,8,2,70,,44835,1830,0,8,2,30,,44826,1830,0,8,2,70,,44836,1830,0,8,2,28,,44827,1830,0,8,2,72,,44837,1830,0,8,2,33,,44828,1830,0,8,2,67,,44838,1830,0,8,2,30,,44829,1830,0,8,2,70,,44839,1830,0,8,2,30,,44841,1830,0,8,2,70,,44840,1830,0,8,2,30,,44842,1830,0,8,2,70,,44845,1830,0,8,2,30,,44843,1830,0,8,2,70,,44846,1830,0,8,2,31,,44844,1830,0,8,2,69,,44847,1830,0,8,2,100,,44848,1830,0,8,2,100,,44849,1830,0,8,2,100,,44850,1830,0,8,2,100,,44851,1830,0,8,2,100,,44852,1830,0,8,2,100,,44853,1830,0,8,2,100,,44854,1830,0,8,2
1600,'F2',614,,44861,1830,0,8,2,28,,44864,1830,0,8,2,72,,44862,1830,0,8,2,30,,44865,1830,0,8,2,70,,44863,1830,0,8,2,30,,44866,1830,0,8,2,70,,44884,1830,0,8,2,30,,44867,1830,0,8,2,70,,44885,1830,0,8,2,30,,44868,1830,0,8,2,70,,44886,1830,0,8,2,30,,44869,1830,0,8,2,70,,44887,1830,0,8,2,30,,44875,1830,0,8,2,70,,44855,1830,0,8,2,30,,44876,1830,0,8,2,70,,44856,1830,0,8,2,30,,44877,1830,0,8,2,70,,44857,1830,0,8,2,30,,44878,1830,0,8,2,70,,44858,1830,0,8,2,27,,44879,1830,0,8,2,73,,44859,1830,0,8,2,35,,44883,1830,0,8,2,65,,44870,1830,0,8,2,100,,44871,1830,0,8,2,100,,44872,1830,0,8,2,100,,44873,1830,0,8,2,100,,44874,1830,0,8,2,100,,44880,1830,0,8,2,100,,44881,1830,0,8,2,100,,44882,1830,0,8,2
1600,'F8',614,,24912,1830,0,8,2,28,,24915,1830,0,8,2,72,,24913,1830,0,8,2,30,,24916,1830,0,8,2,70,,24914,1830,0,8,2,30,,24917,1830,0,8,2,70,,24935,1830,0,8,2,30,,24918,1830,0,8,2,70,,24936,1830,0,8,2,30,,24919,1830,0,8,2,70,,24937,1830,0,8,2,30,,24920,1830,0,8,2,70,,24938,1830,0,8,2,30,,24926,1830,0,8,2,70,,24906,1830,0,8,2,30,,24927,1830,0,8,2,70,,24907,1830,0,8,2,30,,24928,1830,0,8,2,70,,24908,1830,0,8,2,30,,24929,1830,0,8,2,70,,24909,1830,0,8,2,27,,24930,1830,0,8,2,73,,24910,1830,0,8,2,35,,24934,1830,0,8,2,65,,24921,1830,0,8,2,100,,24922,1830,0,8,2,100,,24923,1830,0,8,2,100,,24924,1830,0,8,2,100,,24925,1830,0,8,2,100,,24931,1830,0,8,2,100,,24932,1830,0,8,2,100,,24933,1830,0,8,2
1600,'F9',614,,24948,1830,0,8,2,30,,24939,1830,0,8,2,70,,24949,1830,0,8,2,30,,24940,1830,0,8,2,70,,24950,1830,0,8,2,30,,24941,1830,0,8,2,70,,24951,1830,0,8,2,30,,24942,1830,0,8,2,70,,24952,1830,0,8,2,30,,24943,1830,0,8,2,70,,24953,1830,0,8,2,28,,24944,1830,0,8,2,72,,24954,1830,0,8,2,33,,24945,1830,0,8,2,67,,24955,1830,0,8,2,30,,24946,1830,0,8,2,70,,24956,1830,0,8,2,30,,24958,1830,0,8,2,70,,24957,1830,0,8,2,30,,24959,1830,0,8,2,70,,24962,1830,0,8,2,30,,24960,1830,0,8,2,70,,24963,1830,0,8,2,31,,24961,1830,0,8,2,69,,24964,1830,0,8,2,100,,24965,1830,0,8,2,100,,24966,1830,0,8,2,100,,24967,1830,0,8,2,100,,24968,1830,0,8,2,100,,24969,1830,0,8,2,100,,24970,1830,0,8,2,100,,24971,1830,0,8,2
1600,'SA',614,,24978,1830,0,8,2,28,,24981,1830,0,8,2,72,,24979,1830,0,8,2,30,,24982,1830,0,8,2,70,,24980,1830,0,8,2,30,,24983,1830,0,8,2,70,,25001,1830,0,8,2,30,,24984,1830,0,8,2,70,,25002,1830,0,8,2,30,,24985,1830,0,8,2,70,,25003,1830,0,8,2,30,,24986,1830,0,8,2,70,,25004,1830,0,8,2,30,,24992,1830,0,8,2,70,,24972,1830,0,8,2,30,,24993,1830,0,8,2,70,,24973,1830,0,8,2,30,,24994,1830,0,8,2,70,,24974,1830,0,8,2,30,,24995,1830,0,8,2,70,,24975,1830,0,8,2,27,,24996,1830,0,8,2,73,,24976,1830,0,8,2,35,,25000,1830,0,8,2,65,,24987,1830,0,8,2,100,,24988,1830,0,8,2,100,,24989,1830,0,8,2,100,,24990,1830,0,8,2,100,,24991,1830,0,8,2,100,,24997,1830,0,8,2,100,,24998,1830,0,8,2,100,,24999,1830,0,8,2
1600,'SE',554,,44902,1830,0,8,2,60,,44901,1830,0,8,2,32,,44898,1830,0,8,2,67,,44899,1830,0,8,2,15,,44903,1830,0,8,2,16,,44930,1830,0,8,2,67,,44905,1830,0,8,2,34,,44925,1830,0,8,2,70,,44888,1830,0,8,2,30,,44932,1830,0,8,2,70,,44920,1830,0,8,2,30,,44929,1830,0,8,2,70,,44889,1830,0,8,2,30,,44906,1830,0,8,2,70,,44921,1830,0,8,2,30,,44919,1830,0,8,2,70,,44895,1830,0,8,2,30,,44893,1830,0,8,2,70,,44894,1830,0,8,2,30,,44931,1830,0,8,2,60,,44907,1830,0,8,2,20,,44933,1830,0,8,2,20,,44923,1830,0,8,2,60,,44934,1830,0,8,2,15,,44924,1830,0,8,2,15,,44915,1830,0,8,2,15,,44926,1830,0,8,2,55,,44917,1830,0,8,2,20,,44928,1830,0,8,2,20,,44916,1830,0,8,2,70,,44918,1830,0,8,2,30,,44896,1830,0,8,2,70,,44908,1830,0,8,2,30,,44890,1830,0,8,2,69,,44909,1830,0,8,2,30,,44891,1830,0,8,2,70,,44910,1830,0,8,2,30,,44892,1830,0,8,2,70,,44911,1830,0,8,2,100,,44912,1830,0,8,2,100,,44913,1830,0,8,2,100,,44914,1830,0,8,2
7100,'DI',604,,32973,1772,,,2,30,,32953,1772,,,2,70,,32976,1772,,,2,30,,32968,1772,,,2,70,,32978,1772,,,2,30,,32967,1772,,,2,71,,32950,1772,,,2,29,,32948,1772,,,2,70,,32949,1772,,,2,30,,32956,1772,,,2,70,,32969,1772,,,2,30,,32979,1772,,,2,70,,32974,1772,,,2,35,,32954,1772,,,2,65,,32975,1772,,,2,30,,32955,1772,,,2,70,,32977,1772,,,2,30,,32972,1772,,,2,70,,32963,1772,,,2,30,,32959,1772,,,2,70,,32966,1772,,,2,30,,32960,1772,,,2,68,,32957,1772,,,2,32,,32961,1772,,,2,70,,32958,1772,,,2,30,,32962,1772,,,2,100,,32964,1772,,,2,100,,32965,1772,,,2,100,,32971,1772,,,2,100,,32951,1772,,,2,100,,32952,1772,,,2,100,,32970,1772,,,2
7100,'F1',604,,48061,1772,,,2,30,,48041,1772,,,2,70,,48064,1772,,,2,30,,48056,1772,,,2,70,,48066,1772,,,2,30,,48055,1772,,,2,71,,48038,1772,,,2,29,,48036,1772,,,2,70,,48037,1772,,,2,30,,48044,1772,,,2,70,,48057,1772,,,2,30,,48067,1772,,,2,70,,48062,1772,,,2,35,,48042,1772,,,2,65,,48063,1772,,,2,30,,48043,1772,,,2,70,,48065,1772,,,2,30,,48060,1772,,,2,70,,48051,1772,,,2,30,,48047,1772,,,2,70,,48054,1772,,,2,30,,48048,1772,,,2,68,,48045,1772,,,2,32,,48049,1772,,,2,70,,48046,1772,,,2,30,,48050,1772,,,2,100,,48052,1772,,,2,100,,48053,1772,,,2,100,,48059,1772,,,2,100,,48039,1772,,,2,100,,48040,1772,,,2,100,,48058,1772,,,2
7100,'F2',604,,48099,1772,,,2,30,,48076,1772,,,2,70,,48071,1772,,,2,30,,48079,1772,,,2,71,,48100,1772,,,2,29,,48077,1772,,,2,70,,48068,1772,,,2,30,,48082,1772,,,2,70,,48095,1772,,,2,30,,48083,1772,,,2,70,,48096,1772,,,2,30,,48084,1772,,,2,70,,48097,1772,,,2,30,,48085,1772,,,2,70,,48098,1772,,,2,30,,48086,1772,,,2,70,,48089,1772,,,2,30,,48087,1772,,,2,70,,48090,1772,,,2,30,,48088,1772,,,2,70,,48091,1772,,,2,28,,48074,1772,,,2,70,,48092,1772,,,2,36,,48078,1772,,,2,66,,48093,1772,,,2,32,,48075,1772,,,2,98,,48080,1772,,,2,100,,48073,1772,,,2,100,,48072,1772,,,2,100,,48070,1772,,,2,100,,48069,1772,,,2,100,,48094,1772,,,2,100,,48081,1772,,,2
7100,'F8',604,,33115,1772,,,2,30,,33092,1772,,,2,70,,33087,1772,,,2,30,,33095,1772,,,2,71,,33116,1772,,,2,29,,33093,1772,,,2,70,,33084,1772,,,2,30,,33098,1772,,,2,70,,33111,1772,,,2,30,,33099,1772,,,2,70,,33112,1772,,,2,30,,33100,1772,,,2,70,,33113,1772,,,2,30,,33101,1772,,,2,70,,33114,1772,,,2,30,,33102,1772,,,2,70,,33105,1772,,,2,30,,33103,1772,,,2,70,,33106,1772,,,2,30,,33104,1772,,,2,70,,33107,1772,,,2,28,,33090,1772,,,2,70,,33108,1772,,,2,36,,33094,1772,,,2,66,,33109,1772,,,2,32,,33091,1772,,,2,98,,33096,1772,,,2,100,,33089,1772,,,2,100,,33088,1772,,,2,100,,33086,1772,,,2,100,,33085,1772,,,2,100,,33110,1772,,,2,100,,33097,1772,,,2
7100,'F9',604,,33142,1772,,,2,30,,33122,1772,,,2,70,,33145,1772,,,2,30,,33137,1772,,,2,70,,33147,1772,,,2,30,,33136,1772,,,2,71,,33119,1772,,,2,29,,33117,1772,,,2,70,,33118,1772,,,2,30,,33125,1772,,,2,70,,33138,1772,,,2,30,,33148,1772,,,2,70,,33143,1772,,,2,35,,33123,1772,,,2,65,,33144,1772,,,2,30,,33124,1772,,,2,70,,33146,1772,,,2,30,,33141,1772,,,2,70,,33132,1772,,,2,30,,33128,1772,,,2,70,,33135,1772,,,2,30,,33129,1772,,,2,68,,33126,1772,,,2,32,,33130,1772,,,2,70,,33127,1772,,,2,30,,33131,1772,,,2,100,,33133,1772,,,2,100,,33134,1772,,,2,100,,33140,1772,,,2,100,,33120,1772,,,2,100,,33121,1772,,,2,100,,33139,1772,,,2
7100,'SA',604,,33178,1772,,,2,30,,33157,1772,,,2,70,,33152,1772,,,2,30,,33160,1772,,,2,71,,33179,1772,,,2,29,,33158,1772,,,2,70,,33149,1772,,,2,30,,33161,1772,,,2,70,,33174,1772,,,2,30,,33162,1772,,,2,70,,33175,1772,,,2,30,,33163,1772,,,2,70,,33176,1772,,,2,30,,33164,1772,,,2,70,,33177,1772,,,2,30,,33165,1772,,,2,70,,33168,1772,,,2,30,,33166,1772,,,2,70,,33169,1772,,,2,30,,33167,1772,,,2,70,,33170,1772,,,2,28,,33155,1772,,,2,70,,33171,1772,,,2,36,,33159,1772,,,2,66,,33172,1772,,,2,32,,33156,1772,,,2,98,,11820,1772,,,2,100,,33154,1772,,,2,100,,33153,1772,,,2,100,,33151,1772,,,2,100,,33150,1772,,,2,100,,33173,1772,,,2,100,,11821,1772,,,2
7100,'SE',527,,48133,1772,,,2,100,,48135,1772,,,2,78,,48134,1772,,,2,42,,48106,1772,,,2,86,,48117,1772,,,2,71,,48102,1772,,,2,29,,48118,1772,,,2,70,,48107,1772,,,2,30,,48119,1772,,,2,70,,48122,1772,,,2,30,,48120,1772,,,2,70,,48108,1772,,,2,30,,48121,1772,,,2,70,,48131,1772,,,2,30,,48123,1772,,,2,70,,48111,1772,,,2,31,,48124,1772,,,2,70,,48132,1772,,,2,31,,48104,1772,,,2,20,,48112,1772,,,2,60,,48129,1772,,,2,26,,48113,1772,,,2,17,,48105,1772,,,2,58,,48130,1772,,,2,19,,48138,1772,,,2,72,,48137,1772,,,2,28,,48103,1772,,,2,70,,48125,1772,,,2,30,,48109,1772,,,2,69,,48126,1772,,,2,30,,48136,1772,,,2,70,,48127,1772,,,2,30,,48101,1772,,,2,70,,48128,1772,,,2,30,,48114,1772,,,2,70,,48110,1772,,,2,30,,48115,1772,,,2,69,,48139,1772,,,2,30,,48116,1772,,,2,70,,48140,1772,,,2
