800,'DI',615,,22786,13124,,,1,34,,22781,13124,,,1,70,,2441,13124,,,1,30,,2447,13124,,,1,70,,22787,13124,,,1,30,,22782,13124,,,1,74,,2442,13124,,,1,30,,2448,13124,,,1,70,,22788,13124,,,1,30,,22783,13124,,,1,70,,2443,13124,,,1,30,,2449,13124,,,1,72,,22789,13124,,,1,30,,2436,13124,,,1,70,,2444,13124,,,1,30,,2450,13124,,,1,70,,22790,13124,,,1,30,,22784,13124,,,1,70,,2445,13124,,,1,29,,22793,13124,,,1,70,,22791,13124,,,1,30,,22785,13124,,,1,68,,2446,13124,,,1,30,,22794,13124,,,1,72,,22792,13124,,,1,83,,2437,13124,,,1,99,,22795,13124,,,1,100,,2438,13124,,,1,99,,22796,13124,,,1,100,,2439,13124,,,1,100,,22797,13124,,,1,100,,2440,13124,,,1,100,,22780,13124,,,1
800,'F1',615,,44063,13124,,,1,34,,44043,13124,,,1,70,,44051,13124,,,1,30,,44057,13124,,,1,70,,44064,13124,,,1,30,,44044,13124,,,1,74,,44052,13124,,,1,30,,44058,13124,,,1,70,,44065,13124,,,1,30,,44045,13124,,,1,70,,44053,13124,,,1,30,,44059,13124,,,1,72,,44066,13124,,,1,30,,44046,13124,,,1,70,,44054,13124,,,1,30,,44060,13124,,,1,70,,44067,13124,,,1,30,,44061,13124,,,1,70,,44055,13124,,,1,29,,44070,13124,,,1,70,,44068,13124,,,1,30,,44062,13124,,,1,68,,44056,13124,,,1,30,,44071,13124,,,1,72,,44069,13124,,,1,83,,44047,13124,,,1,99,,44072,13124,,,1,100,,44048,13124,,,1,99,,44073,13124,,,1,100,,44049,13124,,,1,100,,44074,13124,,,1,100,,44050,13124,,,1,100,,44042,13124,,,1
800,'F2',617,,44096,13124,,,1,30,,44079,13124,,,1,72,,44092,13124,,,1,30,,44094,13124,,,1,71,,44097,13124,,,1,30,,44080,13124,,,1,70,,44093,13124,,,1,32,,44095,13124,,,1,70,,44098,13124,,,1,32,,44081,13124,,,1,70,,44087,13124,,,1,30,,44103,13124,,,1,68,,44099,13124,,,1,32,,44082,13124,,,1,70,,44088,13124,,,1,30,,44104,13124,,,1,70,,44100,13124,,,1,30,,44107,13124,,,1,70,,44089,13124,,,1,30,,44105,13124,,,1,70,,44101,13124,,,1,30,,44108,13124,,,1,70,,44090,13124,,,1,30,,44106,13124,,,1,71,,44102,13124,,,1,28,,44075,13124,,,1,70,,44091,13124,,,1,86,,44083,13124,,,1,97,,44076,13124,,,1,100,,44084,13124,,,1,100,,44077,13124,,,1,100,,44085,13124,,,1,100,,44078,13124,,,1,100,,44086,13124,,,1
800,'F8',617,,22955,13124,,,1,30,,22938,13124,,,1,72,,22951,13124,,,1,30,,22953,13124,,,1,71,,22956,13124,,,1,30,,22939,13124,,,1,70,,22952,13124,,,1,32,,22954,13124,,,1,70,,22957,13124,,,1,32,,22940,13124,,,1,70,,22946,13124,,,1,30,,22962,13124,,,1,68,,22958,13124,,,1,32,,22941,13124,,,1,70,,22947,13124,,,1,30,,22963,13124,,,1,70,,22959,13124,,,1,30,,22966,13124,,,1,70,,22948,13124,,,1,30,,22964,13124,,,1,70,,22960,13124,,,1,30,,22967,13124,,,1,70,,22949,13124,,,1,30,,22965,13124,,,1,71,,22961,13124,,,1,28,,22934,13124,,,1,70,,22950,13124,,,1,86,,22942,13124,,,1,97,,22935,13124,,,1,100,,22943,13124,,,1,100,,22936,13124,,,1,100,,22944,13124,,,1,100,,22937,13124,,,1,100,,22945,13124,,,1
800,'F9',615,,22989,13124,,,1,34,,22969,13124,,,1,70,,22977,13124,,,1,30,,22983,13124,,,1,70,,22990,13124,,,1,30,,22970,13124,,,1,74,,22978,13124,,,1,30,,22984,13124,,,1,70,,22991,13124,,,1,30,,22971,13124,,,1,70,,22979,13124,,,1,30,,22985,13124,,,1,72,,22992,13124,,,1,30,,22972,13124,,,1,70,,22980,13124,,,1,30,,22986,13124,,,1,70,,22993,13124,,,1,30,,22987,13124,,,1,70,,22981,13124,,,1,29,,22996,13124,,,1,70,,22994,13124,,,1,30,,22988,13124,,,1,68,,22982,13124,,,1,30,,22997,13124,,,1,72,,22995,13124,,,1,83,,22973,13124,,,1,99,,22998,13124,,,1,100,,22974,13124,,,1,99,,22999,13124,,,1,100,,22975,13124,,,1,100,,23000,13124,,,1,100,,22976,13124,,,1,100,,22968,13124,,,1
800,'SA',617,,23022,13124,,,1,30,,23005,13124,,,1,72,,23018,13124,,,1,30,,23020,13124,,,1,71,,23023,13124,,,1,30,,23006,13124,,,1,70,,23019,13124,,,1,32,,23021,13124,,,1,70,,23024,13124,,,1,32,,23007,13124,,,1,70,,23013,13124,,,1,30,,23029,13124,,,1,68,,23025,13124,,,1,32,,23008,13124,,,1,70,,23014,13124,,,1,30,,23030,13124,,,1,70,,23026,13124,,,1,30,,2660,13124,,,1,70,,23015,13124,,,1,30,,23031,13124,,,1,70,,23027,13124,,,1,30,,2661,13124,,,1,70,,23016,13124,,,1,30,,23032,13124,,,1,71,,23028,13124,,,1,28,,23001,13124,,,1,70,,23017,13124,,,1,86,,23009,13124,,,1,97,,23002,13124,,,1,100,,23010,13124,,,1,100,,23003,13124,,,1,100,,23011,13124,,,1,100,,23004,13124,,,1,100,,23012,13124,,,1
800,'SE',523,,44153,13124,,,1,28,,44155,13124,,,1,62,,44156,13124,,,1,42,,44112,13124,,,1,73,,44154,13124,,,1,21,,44126,13124,,,1,59,,44157,13124,,,1,13,,44150,13124,,,1,15,,44115,13124,,,1,15,,44134,13124,,,1,55,,44113,13124,,,1,17,,44137,13124,,,1,15,,44124,13124,,,1,13,,44127,13124,,,1,55,,44130,13124,,,1,15,,44171,13124,,,1,15,,44116,13124,,,1,15,,44135,13124,,,1,55,,44114,13124,,,1,15,,44138,13124,,,1,15,,44140,13124,,,1,17,,44118,13124,,,1,55,,44128,13124,,,1,15,,44158,13124,,,1,15,,44172,13124,,,1,15,,44169,13124,,,1,55,,44136,13124,,,1,15,,44109,13124,,,1,15,,44139,13124,,,1,15,,44125,13124,,,1,55,,44119,13124,,,1,16,,44131,13124,,,1,15,,44159,13124,,,1,18,,44117,13124,,,1,55,,44162,13124,,,1,18,,44161,13124,,,1,15,,44110,13124,,,1,55,,44141,13124,,,1,15,,44146,13124,,,1,15,,44129,13124,,,1,15,,44165,13124,,,1,55,,44132,13124,,,1,12,,44160,13124,,,1,12,,44145,13124,,,1,12,,44163,13124,,,1,12,,44151,13124,,,1,9,,44164,13124,,,1,52,,44111,13124,,,1,10,,44142,13124,,,1,12,,44147,13124,,,1,12,,44166,13124,,,1,7,,44148,13124,,,1,50,,44167,13124,,,1,10,,44133,13124,,,1,20,,44152,13124,,,1,27,,44120,13124,,,1,68,,44173,13124,,,1,28,,44168,13124,,,1,68,,44149,13124,,,1,30,,44121,13124,,,1,70,,44170,13124,,,1,85,,44143,13124,,,1,100,,44122,13124,,,1,96,,44144,13124,,,1,100,,44123,13124,,,1
4200,'DI',627,,29423,8016,,,1,100,,29424,8016,,,1,100,,29425,8016,,,1,100,,29426,8016,,,1,100,,29427,8016,,,1,101,,29428,8016,,,1,100,,29429,8016,,,1,100,,29430,8016,,,1,100,,29431,8016,,,1,100,,29432,8016,,,1,100,,29433,8016,,,1,100,,29434,8016,,,1,100,,29435,8016,,,1,100,,29436,8016,,,1,99,,29437,8016,,,1,100,,29438,8016,,,1,100,,29439,8016,,,1,100,,29440,8016,,,1,100,,29441,8016,,,1,100,,29442,8016,,,1
4200,'F1',627,,46641,8016,,,1,100,,46642,8016,,,1,100,,46643,8016,,,1,100,,46644,8016,,,1,100,,46645,8016,,,1,101,,46646,8016,,,1,100,,46647,8016,,,1,100,,46648,8016,,,1,100,,46649,8016,,,1,100,,46650,8016,,,1,100,,46651,8016,,,1,100,,46652,8016,,,1,100,,46653,8016,,,1,100,,46654,8016,,,1,99,,46655,8016,,,1,100,,46656,8016,,,1,100,,46657,8016,,,1,100,,46658,8016,,,1,100,,46659,8016,,,1,100,,46660,8016,,,1
4200,'F2',627,,46678,8016,,,1,100,,46679,8016,,,1,100,,46680,8016,,,1,100,,46661,8016,,,1,100,,46662,8016,,,1,101,,46663,8016,,,1,100,,46664,8016,,,1,100,,46665,8016,,,1,100,,46666,8016,,,1,100,,46667,8016,,,1,100,,46668,8016,,,1,100,,46669,8016,,,1,100,,46670,8016,,,1,100,,46671,8016,,,1,99,,46672,8016,,,1,100,,46673,8016,,,1,100,,46674,8016,,,1,100,,46675,8016,,,1,100,,46676,8016,,,1,100,,46677,8016,,,1
4200,'F8',627,,29543,8016,,,1,100,,29544,8016,,,1,100,,29545,8016,,,1,100,,29526,8016,,,1,100,,29527,8016,,,1,101,,29528,8016,,,1,100,,29529,8016,,,1,100,,29530,8016,,,1,100,,29531,8016,,,1,100,,29532,8016,,,1,100,,29533,8016,,,1,100,,29534,8016,,,1,100,,29535,8016,,,1,100,,29536,8016,,,1,99,,29537,8016,,,1,100,,29538,8016,,,1,100,,29539,8016,,,1,100,,29540,8016,,,1,100,,29541,8016,,,1,100,,29542,8016,,,1
4200,'F9',627,,29546,8016,,,1,100,,29547,8016,,,1,100,,29548,8016,,,1,100,,29549,8016,,,1,100,,29550,8016,,,1,101,,29551,8016,,,1,100,,29552,8016,,,1,100,,29553,8016,,,1,100,,29554,8016,,,1,100,,29555,8016,,,1,100,,29556,8016,,,1,100,,29557,8016,,,1,100,,29558,8016,,,1,100,,29559,8016,,,1,99,,29560,8016,,,1,100,,29561,8016,,,1,100,,29562,8016,,,1,100,,29563,8016,,,1,100,,29564,8016,,,1,100,,29565,8016,,,1
4200,'SA',627,,29583,8016,,,1,100,,29584,8016,,,1,100,,29585,8016,,,1,100,,29566,8016,,,1,100,,29567,8016,,,1,101,,29568,8016,,,1,100,,29569,8016,,,1,100,,29570,8016,,,1,100,,29571,8016,,,1,100,,29572,8016,,,1,100,,29573,8016,,,1,100,,29574,8016,,,1,100,,29575,8016,,,1,100,,29576,8016,,,1,99,,29577,8016,,,1,100,,29578,8016,,,1,100,,29579,8016,,,1,100,,29580,8016,,,1,100,,29581,8016,,,1,100,,29582,8016,,,1
4200,'SE',609,,46723,8016,,,1,36,,46683,8016,,,1,71,,46716,8016,,,1,12,,46690,8016,,,1,6,,46722,8016,,,1,6,,46694,8016,,,1,6,,46691,8016,,,1,62,,46697,8016,,,1,20,,46695,8016,,,1,74,,46689,8016,,,1,30,,46696,8016,,,1,70,,46692,8016,,,1,30,,46698,8016,,,1,70,,46713,8016,,,1,30,,46682,8016,,,1,70,,46712,8016,,,1,30,,46684,8016,,,1,70,,46715,8016,,,1,30,,46699,8016,,,1,70,,46693,8016,,,1,30,,46688,8016,,,1,70,,46701,8016,,,1,33,,46705,8016,,,1,70,,46700,8016,,,1,29,,46717,8016,,,1,24,,46711,8016,,,1,55,,46685,8016,,,1,13,,46686,8016,,,1,14,,46718,8016,,,1,13,,46714,8016,,,1,55,,46681,8016,,,1,27,,46706,8016,,,1,69,,46719,8016,,,1,31,,46707,8016,,,1,74,,46720,8016,,,1,30,,46708,8016,,,1,69,,46721,8016,,,1,30,,46709,8016,,,1,70,,46687,8016,,,1,30,,46710,8016,,,1,91,,46702,8016,,,1,100,,46703,8016,,,1,100,,46704,8016,,,1
44200,'SE',1627,,50896,12033,0,15,2,99,,50895,12033,0,15,2
