600,'DI',628,,22284,1168,,,1,30,,22276,1168,,,1,70,,22272,1168,,,1,31,,22283,1168,,,1,70,,22269,1168,,,1,30,,22261,1168,,,1,71,,22273,1168,,,1,70,,22280,1168,,,1,30,,22257,1168,,,1,29,,1973,1168,,,1,71,,22265,1168,,,1,28,,22258,1168,,,1,70,,22262,1168,,,1,74,,22268,1168,,,1,29,,22259,1168,,,1,70,,22270,1168,,,1,27,,22266,1168,,,1,73,,22263,1168,,,1,30,,22274,1168,,,1,69,,22285,1168,,,1,31,,22277,1168,,,1,27,,22275,1168,,,1,70,,22286,1168,,,1,30,,22278,1168,,,1,70,,22260,1168,,,1,31,,22267,1168,,,1,144,,22281,1168,,,1,100,,22271,1168,,,1,100,,22264,1168,,,1,100,,22256,1168,,,1,100,,22279,1168,,,1,100,,22282,1168,,,1
600,'F1',628,,43870,1168,,,1,30,,43862,1168,,,1,70,,43858,1168,,,1,31,,43869,1168,,,1,70,,43855,1168,,,1,30,,43846,1168,,,1,71,,43859,1168,,,1,70,,43866,1168,,,1,30,,43842,1168,,,1,29,,43847,1168,,,1,71,,43851,1168,,,1,28,,43843,1168,,,1,70,,43848,1168,,,1,74,,43854,1168,,,1,29,,43844,1168,,,1,70,,43856,1168,,,1,27,,43852,1168,,,1,73,,43849,1168,,,1,30,,43860,1168,,,1,69,,43871,1168,,,1,31,,43863,1168,,,1,27,,43861,1168,,,1,70,,43872,1168,,,1,30,,43864,1168,,,1,70,,43845,1168,,,1,31,,43853,1168,,,1,144,,43867,1168,,,1,100,,43857,1168,,,1,100,,43850,1168,,,1,100,,43841,1168,,,1,100,,43865,1168,,,1,100,,43868,1168,,,1
600,'F2',628,,43904,1168,,,1,31,,43893,1168,,,1,69,,43889,1168,,,1,30,,43886,1168,,,1,74,,43890,1168,,,1,26,,43894,1168,,,1,75,,43903,1168,,,1,23,,43891,1168,,,1,72,,43900,1168,,,1,29,,43887,1168,,,1,70,,43880,1168,,,1,76,,43888,1168,,,1,30,,43881,1168,,,1,67,,43873,1168,,,1,31,,43895,1168,,,1,27,,43882,1168,,,1,70,,43874,1168,,,1,30,,43896,1168,,,1,70,,43883,1168,,,1,30,,43875,1168,,,1,70,,43897,1168,,,1,30,,43884,1168,,,1,70,,43876,1168,,,1,30,,43898,1168,,,1,70,,43885,1168,,,1,30,,43901,1168,,,1,145,,43892,1168,,,1,100,,43877,1168,,,1,100,,43879,1168,,,1,100,,43902,1168,,,1,100,,43899,1168,,,1,100,,43878,1168,,,1
600,'F8',628,,22417,1168,,,1,31,,22406,1168,,,1,69,,22402,1168,,,1,30,,22399,1168,,,1,74,,22403,1168,,,1,26,,22407,1168,,,1,75,,22416,1168,,,1,23,,22404,1168,,,1,72,,22413,1168,,,1,29,,22400,1168,,,1,70,,22393,1168,,,1,76,,22401,1168,,,1,30,,22394,1168,,,1,67,,22386,1168,,,1,31,,22408,1168,,,1,27,,22395,1168,,,1,70,,22387,1168,,,1,30,,22409,1168,,,1,70,,22396,1168,,,1,30,,22388,1168,,,1,70,,22410,1168,,,1,30,,22397,1168,,,1,70,,22389,1168,,,1,30,,22411,1168,,,1,70,,22398,1168,,,1,30,,22414,1168,,,1,145,,22405,1168,,,1,100,,22390,1168,,,1,100,,22392,1168,,,1,100,,22415,1168,,,1,100,,22412,1168,,,1,100,,22391,1168,,,1
600,'F9',628,,22447,1168,,,1,30,,22439,1168,,,1,70,,22435,1168,,,1,31,,22446,1168,,,1,70,,22432,1168,,,1,30,,22423,1168,,,1,71,,22436,1168,,,1,70,,22443,1168,,,1,30,,22419,1168,,,1,29,,22424,1168,,,1,71,,22428,1168,,,1,28,,22420,1168,,,1,70,,22425,1168,,,1,74,,22431,1168,,,1,29,,22421,1168,,,1,70,,22433,1168,,,1,27,,22429,1168,,,1,73,,22426,1168,,,1,30,,22437,1168,,,1,69,,22448,1168,,,1,31,,22440,1168,,,1,27,,22438,1168,,,1,70,,22449,1168,,,1,30,,22441,1168,,,1,70,,22422,1168,,,1,31,,22430,1168,,,1,144,,22444,1168,,,1,100,,22434,1168,,,1,100,,22427,1168,,,1,100,,22418,1168,,,1,100,,22442,1168,,,1,100,,22445,1168,,,1
600,'SA',628,,22481,1168,,,1,31,,22470,1168,,,1,69,,22466,1168,,,1,30,,22463,1168,,,1,74,,22467,1168,,,1,26,,22471,1168,,,1,75,,22480,1168,,,1,23,,22468,1168,,,1,72,,22477,1168,,,1,29,,22464,1168,,,1,70,,22457,1168,,,1,76,,22465,1168,,,1,30,,22458,1168,,,1,67,,22450,1168,,,1,31,,22472,1168,,,1,27,,22459,1168,,,1,70,,22451,1168,,,1,30,,22473,1168,,,1,70,,22460,1168,,,1,30,,22452,1168,,,1,70,,22474,1168,,,1,30,,22461,1168,,,1,70,,22453,1168,,,1,30,,22475,1168,,,1,70,,22462,1168,,,1,30,,22478,1168,,,1,145,,22469,1168,,,1,100,,22454,1168,,,1,100,,22456,1168,,,1,100,,22479,1168,,,1,100,,22476,1168,,,1,100,,22455,1168,,,1
600,'SE',540,,43911,1168,,,1,70,,43936,1168,,,1,30,,43917,1168,,,1,70,,43937,1168,,,1,30,,43916,1168,,,1,67,,43931,1168,,,1,33,,43932,1168,,,1,70,,43922,1168,,,1,30,,43924,1168,,,1,70,,43906,1168,,,1,30,,43940,1168,,,1,70,,43918,1168,,,1,30,,43929,1168,,,1,70,,43934,1168,,,1,30,,43919,1168,,,1,70,,43912,1168,,,1,30,,43925,1168,,,1,70,,43930,1168,,,1,28,,43905,1168,,,1,72,,43920,1168,,,1,30,,43913,1168,,,1,69,,43939,1168,,,1,37,,43935,1168,,,1,65,,43910,1168,,,1,30,,43909,1168,,,1,69,,43938,1168,,,1,30,,43915,1168,,,1,70,,43928,1168,,,1,30,,43914,1168,,,1,70,,43927,1168,,,1,30,,43921,1168,,,1,70,,43933,1168,,,1,100,,43923,1168,,,1,100,,43907,1168,,,1,100,,43908,1168,,,1,100,,43926,1168,,,1
1300,'DI',651,,3422,1168,,,1,100,,23867,1168,,,1,100,,3423,1168,,,1,100,,23868,1168,,,1,100,,3424,1168,,,1,100,,23869,1168,,,1,100,,3425,1168,,,1,95,,23870,1168,,,1,105,,23878,1168,,,1,100,,23864,1168,,,1,100,,23871,1168,,,1,100,,23866,1168,,,1,100,,23872,1168,,,1,100,,23876,1168,,,1,100,,23874,1168,,,1,100,,23873,1168,,,1,100,,23865,1168,,,1,100,,23877,1168,,,1,100,,23875,1168,,,1
1300,'F1',651,,44457,1168,,,1,100,,44462,1168,,,1,100,,44458,1168,,,1,100,,44463,1168,,,1,100,,44459,1168,,,1,100,,44464,1168,,,1,100,,44460,1168,,,1,95,,44465,1168,,,1,105,,44473,1168,,,1,100,,44455,1168,,,1,100,,44466,1168,,,1,100,,44461,1168,,,1,100,,44467,1168,,,1,100,,44471,1168,,,1,100,,44469,1168,,,1,100,,44468,1168,,,1,100,,44456,1168,,,1,100,,44472,1168,,,1,100,,44470,1168,,,1
1300,'F2',651,,44475,1168,,,1,100,,44482,1168,,,1,100,,44476,1168,,,1,101,,44477,1168,,,1,99,,44483,1168,,,1,100,,44485,1168,,,1,100,,44478,1168,,,1,100,,44486,1168,,,1,100,,44479,1168,,,1,100,,44474,1168,,,1,100,,44489,1168,,,1,100,,44492,1168,,,1,100,,44480,1168,,,1,100,,44487,1168,,,1,100,,44484,1168,,,1,100,,44493,1168,,,1,100,,44490,1168,,,1,100,,44481,1168,,,1,100,,44491,1168,,,1,100,,44488,1168,,,1
1300,'F8',651,,23961,1168,,,1,100,,23968,1168,,,1,100,,23962,1168,,,1,101,,23963,1168,,,1,99,,23969,1168,,,1,100,,23971,1168,,,1,100,,23964,1168,,,1,100,,23972,1168,,,1,100,,23965,1168,,,1,100,,23960,1168,,,1,100,,23975,1168,,,1,100,,23978,1168,,,1,100,,23966,1168,,,1,100,,23973,1168,,,1,100,,23970,1168,,,1,100,,23979,1168,,,1,100,,23976,1168,,,1,100,,23967,1168,,,1,100,,23977,1168,,,1,100,,23974,1168,,,1
1300,'F9',651,,23982,1168,,,1,100,,23987,1168,,,1,100,,23983,1168,,,1,100,,23988,1168,,,1,100,,23984,1168,,,1,100,,23989,1168,,,1,100,,23985,1168,,,1,95,,23990,1168,,,1,105,,23998,1168,,,1,100,,23980,1168,,,1,100,,23991,1168,,,1,100,,23986,1168,,,1,100,,23992,1168,,,1,100,,23996,1168,,,1,100,,23994,1168,,,1,100,,23993,1168,,,1,100,,23981,1168,,,1,100,,23997,1168,,,1,100,,23995,1168,,,1
1300,'SA',651,,24000,1168,,,1,100,,24007,1168,,,1,100,,24001,1168,,,1,101,,24002,1168,,,1,99,,24008,1168,,,1,100,,24010,1168,,,1,100,,24003,1168,,,1,100,,24011,1168,,,1,100,,24004,1168,,,1,100,,23999,1168,,,1,100,,24014,1168,,,1,100,,24017,1168,,,1,100,,24005,1168,,,1,100,,24012,1168,,,1,100,,24009,1168,,,1,100,,24018,1168,,,1,100,,24015,1168,,,1,100,,24006,1168,,,1,100,,24016,1168,,,1,100,,24013,1168,,,1
1300,'SE',556,,44527,1168,,,1,73,,44516,1168,,,1,26,,44518,1168,,,1,71,,44500,1168,,,1,15,,44517,1168,,,1,15,,44515,1168,,,1,55,,44504,1168,,,1,25,,44508,1168,,,1,65,,44506,1168,,,1,30,,44531,1168,,,1,70,,44496,1168,,,1,30,,44494,1168,,,1,70,,44514,1168,,,1,30,,44521,1168,,,1,70,,44532,1168,,,1,30,,44502,1168,,,1,70,,44507,1168,,,1,30,,44513,1168,,,1,70,,44501,1168,,,1,30,,44497,1168,,,1,70,,44499,1168,,,1,30,,44519,1168,,,1,20,,44509,1168,,,1,60,,44528,1168,,,1,15,,44533,1168,,,1,12,,44511,1168,,,1,10,,44520,1168,,,1,58,,44529,1168,,,1,20,,44495,1168,,,1,20,,44530,1168,,,1,60,,44526,1168,,,1,27,,44510,1168,,,1,70,,44512,1168,,,1,32,,44505,1168,,,1,70,,44534,1168,,,1,30,,44525,1168,,,1,70,,44503,1168,,,1,100,,44522,1168,,,1,100,,44498,1168,,,1,100,,44524,1168,,,1,103,,44523,1168,,,1
1400,'SE',937,,44631,954,,,1,100,,44636,954,,,1,100,,44635,954,,,1,100,,44630,954,,,1,100,,44627,954,,,1,100,,44632,954,,,1,108,,44634,954,,,1,13,,44638,954,,,1,58,,44633,954,,,1,15,,44641,954,,,1,18,,44629,954,,,1,60,,44637,954,,,1,21,,44639,954,,,1,20,,44640,954,,,1,69,,44628,954,,,1
1500,'DI',723,,24371,954,,,1,100,,24368,954,,,1,100,,24365,954,,,1,100,,24378,954,,,1,100,,24383,954,,,1,100,,24376,954,,,1,100,,24372,954,,,1,100,,24366,954,,,1,100,,24380,954,,,1,100,,24367,954,,,1,100,,24375,954,,,1,100,,24373,954,,,1,100,,24377,954,,,1,100,,24381,954,,,1,100,,24379,954,,,1,100,,24374,954,,,1,100,,24369,954,,,1,100,,24382,954,,,1,100,,24370,954,,,1
1500,'F1',723,,44676,954,,,1,100,,44673,954,,,1,100,,44670,954,,,1,100,,44683,954,,,1,100,,44688,954,,,1,100,,44681,954,,,1,100,,44677,954,,,1,100,,44671,954,,,1,100,,44685,954,,,1,100,,44672,954,,,1,100,,44680,954,,,1,100,,44678,954,,,1,100,,44682,954,,,1,100,,44686,954,,,1,100,,44684,954,,,1,100,,44679,954,,,1,100,,44674,954,,,1,100,,44687,954,,,1,100,,44675,954,,,1
1500,'F2',724,,44704,954,,,1,100,,44697,954,,,1,100,,44691,954,,,1,100,,44705,954,,,1,105,,44699,954,,,1,95,,44689,954,,,1,100,,44701,954,,,1,100,,44695,954,,,1,100,,44700,954,,,1,100,,44696,954,,,1,100,,44692,954,,,1,100,,44698,954,,,1,100,,44702,954,,,1,100,,44703,954,,,1,100,,44690,954,,,1,100,,44706,954,,,1,100,,44693,954,,,1,100,,44707,954,,,1,100,,44694,954,,,1
1500,'F8',724,,24474,954,,,1,100,,24467,954,,,1,100,,24461,954,,,1,100,,24475,954,,,1,105,,24469,954,,,1,95,,24459,954,,,1,100,,24471,954,,,1,100,,24465,954,,,1,100,,24470,954,,,1,100,,24466,954,,,1,100,,24462,954,,,1,100,,24468,954,,,1,100,,24472,954,,,1,100,,24473,954,,,1,100,,24460,954,,,1,100,,24476,954,,,1,100,,24463,954,,,1,100,,24477,954,,,1,100,,24464,954,,,1
1500,'F9',723,,24484,954,,,1,100,,24481,954,,,1,100,,24478,954,,,1,100,,24491,954,,,1,100,,24496,954,,,1,100,,24489,954,,,1,100,,24485,954,,,1,100,,24479,954,,,1,100,,24493,954,,,1,100,,24480,954,,,1,100,,24488,954,,,1,100,,24486,954,,,1,100,,24490,954,,,1,100,,24494,954,,,1,100,,24492,954,,,1,100,,24487,954,,,1,100,,24482,954,,,1,100,,24495,954,,,1,100,,24483,954,,,1
1500,'SA',724,,24512,954,,,1,100,,24505,954,,,1,100,,24499,954,,,1,100,,24513,954,,,1,105,,24507,954,,,1,95,,24497,954,,,1,100,,24509,954,,,1,100,,24503,954,,,1,100,,24508,954,,,1,100,,24504,954,,,1,100,,24500,954,,,1,100,,24506,954,,,1,100,,24510,954,,,1,100,,24511,954,,,1,100,,24498,954,,,1,100,,24514,954,,,1,100,,24501,954,,,1,100,,24515,954,,,1,100,,24502,954,,,1
1500,'SE',546,,44722,954,,,1,70,,44712,954,,,1,30,,44727,954,,,1,68,,44719,954,,,1,33,,44738,954,,,1,66,,44723,954,,,1,34,,44731,954,,,1,70,,44716,954,,,1,29,,44742,954,,,1,70,,44708,954,,,1,30,,44717,954,,,1,70,,44726,954,,,1,30,,44710,954,,,1,70,,44718,954,,,1,30,,44732,954,,,1,70,,44711,954,,,1,30,,44715,954,,,1,70,,44733,954,,,1,31,,44741,954,,,1,70,,44709,954,,,1,24,,44728,954,,,1,74,,44729,954,,,1,37,,44739,954,,,1,65,,44735,954,,,1,30,,44744,954,,,1,70,,44730,954,,,1,30,,44725,954,,,1,69,,44740,954,,,1,30,,44743,954,,,1,70,,44720,954,,,1,30,,44734,954,,,1,70,,44737,954,,,1,30,,44736,954,,,1,70,,44714,954,,,1,100,,44721,954,,,1,100,,44724,954,,,1,100,,44713,954,,,1
