401,'DI',709,,52491,5822,,,1,30,,52485,5822,,,1,70,,52501,5822,,,1,32,,52494,5822,,,1,70,,52504,5822,,,1,30,,52486,5822,,,1,70,,52502,5822,,,1,30,,52495,5822,,,1,70,,52505,5822,,,1,30,,52487,5822,,,1,70,,52511,5822,,,1,30,,52509,5822,,,1,70,,52506,5822,,,1,31,,52488,5822,,,1,69,,52507,5822,,,1,30,,52512,5822,,,1,70,,52496,5822,,,1,32,,52489,5822,,,1,69,,52508,5822,,,1,30,,52513,5822,,,1,74,,52497,5822,,,1,25,,52498,5822,,,1,70,,52514,5822,,,1,30,,52510,5822,,,1,70,,52515,5822,,,1,31,,52499,5822,,,1,69,,52492,5822,,,1,30,,52516,5822,,,1,70,,52518,5822,,,1,100,,52517,5822,,,1,100,,52490,5822,,,1,100,,52503,5822,,,1
401,'F1',709,,52526,5822,,,1,30,,52520,5822,,,1,70,,52536,5822,,,1,32,,52529,5822,,,1,70,,52539,5822,,,1,30,,52521,5822,,,1,70,,52537,5822,,,1,30,,52530,5822,,,1,70,,52540,5822,,,1,30,,52522,5822,,,1,70,,52546,5822,,,1,30,,52544,5822,,,1,70,,52541,5822,,,1,31,,52523,5822,,,1,69,,52542,5822,,,1,30,,52547,5822,,,1,70,,52531,5822,,,1,32,,52524,5822,,,1,69,,52543,5822,,,1,30,,52548,5822,,,1,74,,52532,5822,,,1,25,,52533,5822,,,1,70,,52549,5822,,,1,30,,52545,5822,,,1,70,,52550,5822,,,1,31,,52534,5822,,,1,69,,52527,5822,,,1,30,,52551,5822,,,1,70,,52553,5822,,,1,100,,52552,5822,,,1,100,,52525,5822,,,1,100,,52538,5822,,,1
401,'F2',709,,52555,5822,,,1,30,,52574,5822,,,1,70,,52558,5822,,,1,32,,52562,5822,,,1,70,,52556,5822,,,1,30,,52575,5822,,,1,70,,52559,5822,,,1,30,,52563,5822,,,1,70,,52580,5822,,,1,30,,52578,5822,,,1,71,,52554,5822,,,1,30,,52565,5822,,,1,70,,52571,5822,,,1,30,,52566,5822,,,1,70,,52582,5822,,,1,30,,52560,5822,,,1,70,,52579,5822,,,1,30,,52576,5822,,,1,70,,52572,5822,,,1,30,,52568,5822,,,1,70,,52570,5822,,,1,30,,52583,5822,,,1,69,,52567,5822,,,1,30,,52586,5822,,,1,70,,52584,5822,,,1,30,,52585,5822,,,1,70,,52577,5822,,,1,30,,52587,5822,,,1,70,,52588,5822,,,1,100,,52581,5822,,,1,100,,52569,5822,,,1,100,,52564,5822,,,1
401,'SA',709,,52590,5822,,,1,30,,52609,5822,,,1,70,,52593,5822,,,1,32,,52597,5822,,,1,70,,52591,5822,,,1,30,,52610,5822,,,1,70,,52594,5822,,,1,30,,52598,5822,,,1,70,,52615,5822,,,1,30,,52613,5822,,,1,71,,52589,5822,,,1,30,,52600,5822,,,1,70,,52606,5822,,,1,30,,52601,5822,,,1,70,,52617,5822,,,1,30,,52595,5822,,,1,70,,52614,5822,,,1,30,,52611,5822,,,1,70,,52607,5822,,,1,30,,52603,5822,,,1,70,,52605,5822,,,1,30,,52618,5822,,,1,69,,52602,5822,,,1,30,,52621,5822,,,1,70,,52619,5822,,,1,30,,52620,5822,,,1,70,,52612,5822,,,1,30,,52622,5822,,,1,70,,52623,5822,,,1,100,,52616,5822,,,1,100,,52604,5822,,,1,100,,52599,5822,,,1
401,'SE',624,,52647,5822,,,1,21,,52625,5822,,,1,71,,52656,5822,,,1,34,,52643,5822,,,1,73,,52653,5822,,,1,30,,52652,5822,,,1,72,,52630,5822,,,1,30,,52637,5822,,,1,70,,52657,5822,,,1,30,,52636,5822,,,1,70,,52635,5822,,,1,30,,52626,5822,,,1,71,,52645,5822,,,1,32,,52662,5822,,,1,70,,52648,5822,,,1,30,,52629,5822,,,1,66,,52624,5822,,,1,34,,52632,5822,,,1,55,,52649,5822,,,1,23,,52633,5822,,,1,21,,52639,5822,,,1,59,,52627,5822,,,1,20,,52655,5822,,,1,23,,52644,5822,,,1,57,,52659,5822,,,1,20,,52661,5822,,,1,64,,52640,5822,,,1,16,,52651,5822,,,1,27,,52628,5822,,,1,70,,52660,5822,,,1,27,,52646,5822,,,1,69,,52658,5822,,,1,30,,52641,5822,,,1,70,,52654,5822,,,1,30,,52663,5822,,,1,100,,52650,5822,,,1,99,,52631,5822,,,1,100,,52642,5822,,,1
7700,'DI',718,,59947,7480,,,1,100,,59949,7480,,,1,100,,59948,7480,,,1,100,,59950,7480,,,1,100,,59951,7480,,,1,100,,59953,7480,,,1,100,,59952,7480,,,1,100,,59954,7480,,,1,100,,59945,7480,,,1,100,,59955,7480,,,1,100,,59946,7480,,,1,100,,59956,7480,,,1,99,,59957,7480,,,1,100,,59959,7480,,,1,100,,59958,7480,,,1
7700,'F1',718,,59962,7480,,,1,100,,59964,7480,,,1,100,,59963,7480,,,1,100,,59965,7480,,,1,100,,59966,7480,,,1,100,,59968,7480,,,1,100,,59967,7480,,,1,100,,59969,7480,,,1,100,,59960,7480,,,1,100,,59970,7480,,,1,100,,59961,7480,,,1,100,,59971,7480,,,1,99,,59972,7480,,,1,100,,59974,7480,,,1,100,,59973,7480,,,1
7700,'F2',718,,59975,7480,,,1,100,,59977,7480,,,1,100,,59976,7480,,,1,100,,59978,7480,,,1,100,,59980,7480,,,1,100,,59979,7480,,,1,100,,59981,7480,,,1,97,,59982,7480,,,1,103,,59983,7480,,,1,99,,59985,7480,,,1,101,,59984,7480,,,1,100,,59986,7480,,,1,99,,59987,7480,,,1,100,,59989,7480,,,1,100,,59988,7480,,,1
7700,'SA',718,,59990,7480,,,1,100,,59992,7480,,,1,100,,59991,7480,,,1,100,,59993,7480,,,1,100,,59995,7480,,,1,100,,59994,7480,,,1,100,,59996,7480,,,1,97,,59997,7480,,,1,103,,59998,7480,,,1,99,,60000,7480,,,1,101,,59999,7480,,,1,100,,60001,7480,,,1,99,,60002,7480,,,1,100,,60004,7480,,,1,100,,60003,7480,,,1
7700,'SE',605,,60026,7480,,,1,37,,60025,7480,,,1,77,,60027,7480,,,1,26,,60005,7480,,,1,71,,60007,7480,,,1,31,,60009,7480,,,1,71,,60028,7480,,,1,30,,60006,7480,,,1,70,,60008,7480,,,1,30,,60010,7480,,,1,72,,60029,7480,,,1,29,,60030,7480,,,1,71,,60031,7480,,,1,33,,60011,7480,,,1,70,,60032,7480,,,1,30,,60014,7480,,,1,68,,60020,7480,,,1,31,,60012,7480,,,1,60,,60036,7480,,,1,20,,60033,7480,,,1,5,,60042,7480,,,1,15,,60015,7480,,,1,58,,60023,7480,,,1,18,,60021,7480,,,1,18,,60039,7480,,,1,58,,60013,7480,,,1,16,,60017,7480,,,1,20,,60037,7480,,,1,60,,60016,7480,,,1,18,,60024,7480,,,1,2,,60034,7480,,,1,19,,60022,7480,,,1,16,,60040,7480,,,1,70,,60018,7480,,,1,32,,60038,7480,,,1,71,,60035,7480,,,1,27,,60041,7480,,,1,70,,60019,7480,,,1
42100,'SE',645,,62805,5822,0,12 13,1,71,,62796,5822,0,12 13,1,17,,62803,5822,0,12 13,1,722,,62799,5822,0,12 13,1,62,,62806,5822,0,12 13,1,30,,62804,5822,0,12 13,1,70,,62802,5822,0,12 13,1,32,,62800,5822,0,12 13,1,69,,62801,5822,0,12 13,1
60701,'SE',853,,63489,5751,,,2
90100,'DI',647,,63623,5880,,,1,72,,63616,5880,,,1,32,,63607,5880,,,1,68,,63612,5880,,,1,30,,63610,5880,,,1,67,,63626,5880,,,1,31,,63624,5880,,,1,68,,63622,5880,,,1,31,,63613,5880,,,1,71,,63629,5880,,,1,28,,63619,5880,,,1,70,,63627,5880,,,1,29,,63601,5880,,,1,65,,63614,5880,,,1,35,,63608,5880,,,1,70,,63599,5880,,,1,31,,63628,5880,,,1,70,,63604,5880,,,1,30,,63618,5880,,,1,68,,63611,5880,,,1,32,,63600,5880,,,1,72,,63625,5880,,,1,35,,63609,5880,,,1,70,,63617,5880,,,1,35,,63606,5880,,,1,99,,63620,5880,,,1,100,,63602,5880,,,1,100,,63605,5880,,,1,100,,63615,5880,,,1,100,,63621,5880,,,1,100,,63603,5880,,,1
90100,'F1',647,,63654,5880,,,1,72,,63647,5880,,,1,32,,63638,5880,,,1,68,,63643,5880,,,1,30,,63641,5880,,,1,67,,63657,5880,,,1,31,,63655,5880,,,1,68,,63653,5880,,,1,31,,63644,5880,,,1,71,,63660,5880,,,1,28,,63650,5880,,,1,70,,63658,5880,,,1,29,,63632,5880,,,1,65,,63645,5880,,,1,35,,63639,5880,,,1,70,,63630,5880,,,1,31,,63659,5880,,,1,70,,63635,5880,,,1,30,,63649,5880,,,1,68,,63642,5880,,,1,32,,63631,5880,,,1,72,,63656,5880,,,1,35,,63640,5880,,,1,70,,63648,5880,,,1,35,,63637,5880,,,1,99,,63651,5880,,,1,100,,63633,5880,,,1,100,,63636,5880,,,1,100,,63646,5880,,,1,100,,63652,5880,,,1,100,,63634,5880,,,1
90100,'F2',647,,63686,5880,,,1,72,,63680,5880,,,1,32,,63678,5880,,,1,68,,63683,5880,,,1,30,,63688,5880,,,1,67,,63666,5880,,,1,31,,63679,5880,,,1,68,,63687,5880,,,1,31,,63681,5880,,,1,71,,63689,5880,,,1,28,,63671,5880,,,1,70,,63668,5880,,,1,29,,63661,5880,,,1,65,,63675,5880,,,1,35,,63690,5880,,,1,70,,63672,5880,,,1,31,,63669,5880,,,1,70,,63662,5880,,,1,30,,63664,5880,,,1,68,,63684,5880,,,1,32,,63673,5880,,,1,72,,63667,5880,,,1,35,,63676,5880,,,1,70,,63663,5880,,,1,35,,63691,5880,,,1,99,,63670,5880,,,1,100,,63682,5880,,,1,100,,63674,5880,,,1,100,,63665,5880,,,1,100,,63685,5880,,,1,100,,63677,5880,,,1
90100,'SA',647,,63717,5880,,,1,72,,63711,5880,,,1,32,,63709,5880,,,1,68,,63714,5880,,,1,30,,63719,5880,,,1,67,,63697,5880,,,1,31,,63710,5880,,,1,68,,63718,5880,,,1,31,,63712,5880,,,1,71,,63720,5880,,,1,28,,63702,5880,,,1,70,,63699,5880,,,1,29,,63692,5880,,,1,65,,63706,5880,,,1,35,,63721,5880,,,1,70,,63703,5880,,,1,31,,63700,5880,,,1,70,,63693,5880,,,1,30,,63695,5880,,,1,68,,63715,5880,,,1,32,,63704,5880,,,1,72,,63698,5880,,,1,35,,63707,5880,,,1,70,,63694,5880,,,1,35,,63722,5880,,,1,99,,63701,5880,,,1,100,,63713,5880,,,1,100,,63705,5880,,,1,100,,63696,5880,,,1,100,,63716,5880,,,1,100,,63708,5880,,,1
90100,'SE',533,,63749,5880,,,1,80,,63758,5880,,,1,30,,63755,5880,,,1,77,,63756,5880,,,1,38,,63752,5880,,,1,75,,63731,5880,,,1,20,,63759,5880,,,1,60,,63733,5880,,,1,20,,63728,5880,,,1,20,,63757,5880,,,1,60,,63764,5880,,,1,20,,63723,5880,,,1,20,,63727,5880,,,1,60,,63732,5880,,,1,20,,63730,5880,,,1,20,,63734,5880,,,1,60,,63729,5880,,,1,20,,63767,5880,,,1,20,,63765,5880,,,1,60,,63735,5880,,,1,20,,63750,5880,,,1,20,,63762,5880,,,1,60,,63766,5880,,,1,20,,63736,5880,,,1,20,,63760,5880,,,1,63,,63768,5880,,,1,15,,63748,5880,,,1,15,,63771,5880,,,1,55,,63751,5880,,,1,17,,63774,5880,,,1,10,,63738,5880,,,1,10,,63776,5880,,,1,10,,63742,5880,,,1,10,,63724,5880,,,1,49,,63737,5880,,,1,9,,63754,5880,,,1,9,,63761,5880,,,1,10,,63763,5880,,,1,10,,63753,5880,,,1,10,,63769,5880,,,1,55,,63744,5880,,,1,15,,63772,5880,,,1,15,,63726,5880,,,1,15,,63739,5880,,,1,55,,63773,5880,,,1,20,,63770,5880,,,1,25,,63777,5880,,,1,70,,63741,5880,,,1,30,,63745,5880,,,1,70,,63746,5880,,,1,30,,63725,5880,,,1,70,,63778,5880,,,1,30,,63740,5880,,,1,70,,63743,5880,,,1,99,,63747,5880,,,1,100,,63775,5880,,,1
