801,'DI',548,,53514,12446,,,1,70,,53522,12446,,,1,30,,53529,12446,,,1,70,,53541,12446,,,1,30,,53515,12446,,,1,72,,53523,12446,,,1,30,,53530,12446,,,1,70,,53542,12446,,,1,28,,53516,12446,,,1,70,,53524,12446,,,1,30,,53531,12446,,,1,69,,53543,12446,,,1,30,,53517,12446,,,1,70,,53525,12446,,,1,30,,53532,12446,,,1,70,,53544,12446,,,1,31,,53518,12446,,,1,70,,53526,12446,,,1,31,,53538,12446,,,1,70,,53545,12446,,,1,29,,53539,12446,,,1,70,,53527,12446,,,1,30,,53533,12446,,,1,70,,53546,12446,,,1,19,,53548,12446,,,1,14,,53540,12446,,,1,70,,53528,12446,,,1,28,,53534,12446,,,1,70,,53547,12446,,,1,85,,53519,12446,,,1,100,,53535,12446,,,1,100,,53520,12446,,,1,99,,53536,12446,,,1,100,,53521,12446,,,1,99,,53537,12446,,,1
801,'F1',548,,53549,12446,,,1,70,,53557,12446,,,1,30,,53564,12446,,,1,70,,53576,12446,,,1,30,,53550,12446,,,1,72,,53558,12446,,,1,30,,53565,12446,,,1,70,,53577,12446,,,1,28,,53551,12446,,,1,70,,53559,12446,,,1,30,,53566,12446,,,1,69,,53578,12446,,,1,30,,53552,12446,,,1,70,,53560,12446,,,1,30,,53567,12446,,,1,70,,53579,12446,,,1,31,,53553,12446,,,1,70,,53561,12446,,,1,31,,53573,12446,,,1,70,,53580,12446,,,1,29,,53574,12446,,,1,70,,53562,12446,,,1,30,,53568,12446,,,1,70,,53581,12446,,,1,19,,53583,12446,,,1,14,,53575,12446,,,1,70,,53563,12446,,,1,28,,53569,12446,,,1,70,,53582,12446,,,1,85,,53554,12446,,,1,100,,53570,12446,,,1,100,,53555,12446,,,1,99,,53571,12446,,,1,100,,53556,12446,,,1,99,,53572,12446,,,1
801,'F2',548,,53588,12446,,,1,70,,53593,12446,,,1,30,,53600,12446,,,1,70,,53605,12446,,,1,30,,53589,12446,,,1,72,,53594,12446,,,1,30,,53601,12446,,,1,70,,53606,12446,,,1,27,,53590,12446,,,1,69,,53595,12446,,,1,30,,53602,12446,,,1,70,,53607,12446,,,1,31,,53591,12446,,,1,70,,53596,12446,,,1,31,,53603,12446,,,1,70,,53608,12446,,,1,31,,53592,12446,,,1,70,,53597,12446,,,1,30,,53604,12446,,,1,70,,53609,12446,,,1,30,,44242,12446,,,1,70,,53598,12446,,,1,30,,53615,12446,,,1,70,,53610,12446,,,1,25,,53584,12446,,,1,10,,44243,12446,,,1,60,,53599,12446,,,1,30,,53616,12446,,,1,70,,53611,12446,,,1,90,,53585,12446,,,1,100,,53612,12446,,,1,100,,53586,12446,,,1,98,,53613,12446,,,1,100,,53587,12446,,,1,100,,53614,12446,,,1
801,'SA',548,,53621,12446,,,1,70,,53626,12446,,,1,30,,53633,12446,,,1,70,,53638,12446,,,1,30,,53622,12446,,,1,72,,53627,12446,,,1,30,,53634,12446,,,1,70,,53639,12446,,,1,27,,53623,12446,,,1,69,,53628,12446,,,1,30,,53635,12446,,,1,70,,53640,12446,,,1,31,,53624,12446,,,1,70,,53629,12446,,,1,31,,53636,12446,,,1,70,,53641,12446,,,1,31,,53625,12446,,,1,70,,53630,12446,,,1,30,,53637,12446,,,1,70,,53642,12446,,,1,30,,2977,12446,,,1,70,,53631,12446,,,1,30,,53648,12446,,,1,70,,53643,12446,,,1,25,,53617,12446,,,1,10,,2978,12446,,,1,60,,53632,12446,,,1,30,,53649,12446,,,1,70,,53644,12446,,,1,90,,53618,12446,,,1,100,,53645,12446,,,1,100,,53619,12446,,,1,98,,53646,12446,,,1,100,,53620,12446,,,1,100,,53647,12446,,,1
801,'SE',514,,53650,12446,,,1,33,,53651,12446,,,1,67,,44285,12446,,,1,21,,53672,12446,,,1,5,,53717,12446,,,1,15,,53706,12446,,,1,45,,53665,12446,,,1,11,,53710,12446,,,1,3,,53713,12446,,,1,6,,53655,12446,,,1,2,,53714,12446,,,1,6,,53685,12446,,,1,3,,53708,12446,,,1,4,,53712,12446,,,1,3,,53696,12446,,,1,3,,53659,12446,,,1,9,,53652,12446,,,1,7,,53683,12446,,,1,44,,53663,12446,,,1,8,,53668,12446,,,1,12,,53660,12446,,,1,18,,53673,12446,,,1,18,,53654,12446,,,1,53,,53690,12446,,,1,15,,53656,12446,,,1,15,,53686,12446,,,1,15,,53678,12446,,,1,57,,53693,12446,,,1,15,,44259,12446,,,1,14,,53674,12446,,,1,15,,53666,12446,,,1,56,,53691,12446,,,1,15,,53657,12446,,,1,15,,53687,12446,,,1,15,,53679,12446,,,1,55,,53694,12446,,,1,15,,53653,12446,,,1,16,,53661,12446,,,1,15,,53675,12446,,,1,55,,53669,12446,,,1,15,,53692,12446,,,1,15,,53709,12446,,,1,15,,53688,12446,,,1,55,,53684,12446,,,1,15,,53695,12446,,,1,18,,53697,12446,,,1,55,,53715,12446,,,1,13,,53681,12446,,,1,21,,53700,12446,,,1,11,,53670,12446,,,1,10,,53658,12446,,,1,54,,53711,12446,,,1,16,,53680,12446,,,1,17,,53664,12446,,,1,15,,53702,12446,,,1,52,,53698,12446,,,1,16,,53662,12446,,,1,15,,53682,12446,,,1,15,,53701,12446,,,1,54,,53671,12446,,,1,21,,53689,12446,,,1,22,,53707,12446,,,1,67,,53699,12446,,,1,28,,53676,12446,,,1,71,,53703,12446,,,1,29,,53718,12446,,,1,73,,53720,12446,,,1,27,,53677,12446,,,1,52,,53716,12446,,,1,20,,53704,12446,,,1,29,,53719,12446,,,1,60,,53721,12446,,,1,92,,53667,12446,,,1,100,,53705,12446,,,1
2801,'DI',936,,56267,6123,,,1,100,,56262,6123,,,1,100,,56266,6123,,,1,101,,56263,6123,,,1,100,,56265,6123,,,1,100,,56261,6123,,,1,98,,56264,6123,,,1,99,,56260,6123,,,1,96,,56268,6123,,,1,105,,56269,6123,,,1
2801,'F1',936,,56277,6123,,,1,100,,56272,6123,,,1,100,,56276,6123,,,1,101,,56273,6123,,,1,100,,56275,6123,,,1,100,,56271,6123,,,1,98,,56274,6123,,,1,99,,56270,6123,,,1,96,,56278,6123,,,1,105,,56279,6123,,,1
2801,'F2',936,,56285,6123,,,1,100,,56283,6123,,,1,100,,56280,6123,,,1,101,,56286,6123,,,1,100,,45991,6123,,,1,100,,56288,6123,,,1,98,,56282,6123,,,1,96,,56281,6123,,,1,99,,56284,6123,,,1,105,,56287,6123,,,1
2801,'SA',936,,56294,6123,,,1,100,,56292,6123,,,1,100,,56289,6123,,,1,101,,56295,6123,,,1,100,,7052,6123,,,1,100,,56297,6123,,,1,98,,56291,6123,,,1,96,,56290,6123,,,1,99,,56293,6123,,,1,105,,56296,6123,,,1
2801,'SE',645,,56298,6123,,,1,63,,56333,7832,,,1,18,,56320,6123,,,1,21,,56330,7832,,,1,67,,56329,7832,,,1,21,,56319,6123,,,1,20,,56335,7832,,,1,64,,56300,6123,,,1,29,,56299,6123,,,1,70,,56315,6123,,,1,30,,56321,6123,,,1,70,,56312,6123,,,1,30,,56301,6123,,,1,70,,56322,6123,,,1,30,,56304,6123,,,1,70,,56302,6123,,,1,30,,56323,6123,,,1,71,,56305,6123,,,1,30,,56303,6123,,,1,61,,56317,6123,,,1,12,,56306,6123,,,1,17,,56310,6123,,,1,10,,56331,7832,,,1,57,,56324,6123,,,1,13,,56308,6123,,,1,15,,56325,6123,,,1,18,,56334,7832,,,1,53,,56307,6123,,,1,16,,56311,6123,,,1,13,,56332,7832,,,1,18,,56309,6123,,,1,54,,56314,6123,,,1,22,,56318,6123,,,1,21,,56327,6123,,,1,63,,56326,6123,,,1,100,,56313,6123,,,1,100,,56328,6123,,,1,100,,56316,6123,,,1
8801,'DI',635,,61085,11718,,,1,70,,61081,11718,,,1,30,,61091,11718,,,1,70,,61099,11718,,,1,30,,61086,11718,,,1,70,,61082,11718,,,1,30,,61092,11718,,,1,68,,61100,11718,,,1,29,,61087,11718,,,1,70,,61083,11718,,,1,30,,61093,11718,,,1,70,,61101,11718,,,1,30,,61089,11718,,,1,70,,61084,11718,,,1,30,,61094,11718,,,1,71,,61098,11718,,,1,30,,61102,11718,,,1,71,,61080,11718,,,1,30,,61095,11718,,,1,69,,61078,11718,,,1,30,,61103,11718,,,1,70,,61090,11718,,,1,30,,61096,11718,,,1,73,,61079,11718,,,1,22,,61104,11718,,,1,106,,61097,11718,,,1,100,,61106,11718,,,1,100,,61105,11718,,,1,100,,61107,11718,,,1,100,,61088,11718,,,1,99,,61108,11718,,,1
8801,'F1',635,,61116,11718,,,1,70,,61112,11718,,,1,30,,61122,11718,,,1,70,,61130,11718,,,1,30,,61117,11718,,,1,70,,61113,11718,,,1,30,,61123,11718,,,1,68,,61131,11718,,,1,29,,61118,11718,,,1,70,,61114,11718,,,1,30,,61124,11718,,,1,70,,61132,11718,,,1,30,,61120,11718,,,1,70,,61115,11718,,,1,30,,61125,11718,,,1,71,,61129,11718,,,1,30,,61133,11718,,,1,71,,61111,11718,,,1,30,,61126,11718,,,1,69,,61109,11718,,,1,30,,61134,11718,,,1,70,,61121,11718,,,1,30,,61127,11718,,,1,73,,61110,11718,,,1,22,,61135,11718,,,1,106,,61128,11718,,,1,100,,61137,11718,,,1,100,,61136,11718,,,1,100,,61138,11718,,,1,100,,61119,11718,,,1,99,,61139,11718,,,1
8801,'F2',633,,61143,11718,,,1,70,,61149,11718,,,1,30,,61157,11718,,,1,69,,61160,11718,,,1,30,,61144,11718,,,1,70,,61150,11718,,,1,32,,61158,11718,,,1,67,,61161,11718,,,1,30,,61145,11718,,,1,69,,61151,11718,,,1,30,,61159,11718,,,1,71,,61162,11718,,,1,30,,61146,11718,,,1,71,,61152,11718,,,1,28,,61166,11718,,,1,71,,61163,11718,,,1,30,,61147,11718,,,1,70,,61153,11718,,,1,30,,61169,11718,,,1,70,,61140,11718,,,1,30,,61148,11718,,,1,71,,61142,11718,,,1,28,,61170,11718,,,1,72,,61141,11718,,,1,21,,61165,11718,,,1,109,,61167,11718,,,1,100,,61154,11718,,,1,100,,61168,11718,,,1,100,,61155,11718,,,1,97,,61164,11718,,,1,100,,61156,11718,,,1
8801,'SA',633,,61174,11718,,,1,70,,61180,11718,,,1,30,,61188,11718,,,1,69,,61191,11718,,,1,30,,61175,11718,,,1,70,,61181,11718,,,1,32,,61189,11718,,,1,67,,61192,11718,,,1,30,,61176,11718,,,1,69,,61182,11718,,,1,30,,61190,11718,,,1,71,,61193,11718,,,1,30,,61177,11718,,,1,71,,61183,11718,,,1,28,,61197,11718,,,1,71,,61194,11718,,,1,30,,61178,11718,,,1,70,,61184,11718,,,1,30,,61200,11718,,,1,70,,61171,11718,,,1,30,,61179,11718,,,1,71,,61173,11718,,,1,28,,61201,11718,,,1,72,,61172,11718,,,1,21,,61196,11718,,,1,109,,61198,11718,,,1,100,,61185,11718,,,1,100,,61199,11718,,,1,100,,61186,11718,,,1,97,,61195,11718,,,1,100,,61187,11718,,,1
8801,'SE',630,,61216,11718,,,1,20,,61203,11718,,,1,55,,61231,11718,,,1,12,,61217,11718,,,1,7,,61218,11718,,,1,20,,61220,11718,,,1,9,,61208,11718,,,1,52,,61221,11718,,,1,12,,61202,11718,,,1,10,,61244,11718,,,1,19,,61243,11718,,,1,58,,61214,11718,,,1,30,,61219,11718,,,1,70,,61209,11718,,,1,30,,61205,11718,,,1,70,,61232,11718,,,1,30,,61242,11718,,,1,70,,61207,11718,,,1,30,,61239,11718,,,1,70,,61240,11718,,,1,30,,61204,11718,,,1,70,,61235,11718,,,1,33,,61241,11718,,,1,69,,61206,11718,,,1,9,,61222,11718,,,1,2,,61212,11718,,,1,2,,61233,11718,,,1,7,,61213,11718,,,1,19,,61237,11718,,,1,58,,61246,11718,,,1,12,,61236,11718,,,1,15,,61215,11718,,,1,19,,61248,11718,,,1,52,,61210,11718,,,1,15,,61245,11718,,,1,14,,61223,11718,,,1,16,,61234,11718,,,1,54,,61238,11718,,,1,17,,61247,11718,,,1,18,,61227,11718,,,1,67,,61249,11718,,,1,32,,61224,11718,,,1,70,,61250,11718,,,1,29,,61228,11718,,,1,70,,61211,11718,,,1,30,,61225,11718,,,1,101,,61229,11718,,,1,98,,61226,11718,,,1,100,,61230,11718,,,1
60801,'SE',1512,,63490,7314,,,2,2,,63491,7314,,,2
