900,'SE',1630,,23454,11126,0,28 30,2,74,,23453,11126,0,28 30,2,26,,23455,11126,0,28 30,2,27,,3071,11126,0,28 30,2,69,,23452,11126,0,28 30,2
5001,'DI',640,,31443,495,,,2,102,,31428,495,,,2,100,,31436,495,,,2,100,,31434,495,,,2,103,,31435,495,,,2,94,,31437,495,,,2,103,,31438,495,,,2,103,,31439,495,,,2,97,,31427,495,,,2,96,,31440,495,,,2,103,,31425,495,,,2,106,,31424,495,,,2,95,,31433,495,,,2,100,,31426,495,,,2,100,,31429,495,,,2,100,,31431,495,,,2,100,,31441,495,,,2,100,,31430,495,,,2,100,,31432,495,,,2,100,,31442,495,,,2
5001,'F8',642,,31519,495,,,2,98,,31518,495,,,2,102,,31523,495,,,2,97,,31527,495,,,2,103,,31528,495,,,2,96,,31532,495,,,2,102,,31529,495,,,2,98,,31513,495,,,2,99,,31514,495,,,2,103,,31515,495,,,2,103,,31516,495,,,2,103,,31517,495,,,2,96,,31520,495,,,2,100,,31531,495,,,2,100,,31530,495,,,2,100,,31521,495,,,2,97,,31524,495,,,2,103,,31525,495,,,2,101,,31526,495,,,2,99,,31522,495,,,2
5001,'F9',640,,31552,495,,,2,102,,31537,495,,,2,100,,31545,495,,,2,100,,31543,495,,,2,103,,31544,495,,,2,94,,31546,495,,,2,103,,31547,495,,,2,103,,31548,495,,,2,97,,31536,495,,,2,96,,31549,495,,,2,103,,31534,495,,,2,106,,31533,495,,,2,95,,31542,495,,,2,100,,31535,495,,,2,100,,31538,495,,,2,100,,31540,495,,,2,100,,31550,495,,,2,100,,31539,495,,,2,100,,31541,495,,,2,100,,31551,495,,,2
5001,'SA',642,,31559,495,,,2,98,,31558,495,,,2,102,,31563,495,,,2,97,,31567,495,,,2,103,,31568,495,,,2,96,,31572,495,,,2,102,,31569,495,,,2,98,,31553,495,,,2,99,,31554,495,,,2,103,,31555,495,,,2,103,,31556,495,,,2,103,,31557,495,,,2,96,,31560,495,,,2,100,,31571,495,,,2,100,,31570,495,,,2,100,,31561,495,,,2,97,,31564,495,,,2,103,,31565,495,,,2,101,,31566,495,,,2,99,,31562,495,,,2
5001,'SE',532,,31578,495,,,2,70,,31582,495,,,2,30,,31584,495,,,2,70,,31587,495,,,2,30,,31583,495,,,2,70,,31579,495,,,2,30,,31585,495,,,2,73,,31588,495,,,2,27,,31596,495,,,2,100,,31599,495,,,2,100,,31586,495,,,2,100,,31581,495,,,2,100,,31589,495,,,2,99,,31573,495,,,2,102,,31590,495,,,2,68,,31600,495,,,2,33,,31577,495,,,2,74,,31601,495,,,2,26,,31591,495,,,2,70,,31574,495,,,2,30,,31597,495,,,2,68,,31580,495,,,2,30,,31598,495,,,2,100,,31575,495,,,2,100,,31592,495,,,2,100,,31576,495,,,2,100,,31593,495,,,2,100,,31594,495,,,2,100,,31595,495,,,2
8800,'DI',732,,36639,11796,,,1,70,,36644,11796,,,1,30,,36650,11796,,,1,70,,36659,11796,,,1,30,,36640,11796,,,1,70,,36645,11796,,,1,32,,36651,11796,,,1,70,,36660,11796,,,1,30,,36641,11796,,,1,70,,36646,11796,,,1,31,,36652,11796,,,1,70,,36661,11796,,,1,30,,36642,11796,,,1,70,,36647,11796,,,1,30,,36653,11796,,,1,70,,15002,11796,,,1,30,,36654,11796,,,1,70,,36648,11796,,,1,30,,36662,11796,,,1,70,,15003,11796,,,1,30,,36655,11796,,,1,68,,36649,11796,,,1,30,,36663,11796,,,1,100,,36656,11796,,,1,100,,36664,11796,,,1,100,,36657,11796,,,1,100,,36665,11796,,,1,97,,36658,11796,,,1,100,,36638,11796,,,1,100,,36643,11796,,,1
8800,'F8',732,,36775,11796,,,1,70,,36800,11796,,,1,31,,36796,11796,,,1,70,,36787,11796,,,1,31,,36780,11796,,,1,70,,36801,11796,,,1,32,,36797,11796,,,1,70,,36788,11796,,,1,30,,36781,11796,,,1,70,,36792,11796,,,1,30,,36777,11796,,,1,70,,36789,11796,,,1,30,,36782,11796,,,1,70,,36793,11796,,,1,30,,36778,11796,,,1,70,,36772,11796,,,1,30,,36783,11796,,,1,70,,36794,11796,,,1,30,,36779,11796,,,1,70,,36773,11796,,,1,31,,36802,11796,,,1,69,,36795,11796,,,1,31,,36790,11796,,,1,69,,36774,11796,,,1,30,,36784,11796,,,1,100,,36791,11796,,,1,98,,36785,11796,,,1,97,,36799,11796,,,1,100,,36786,11796,,,1,100,,36798,11796,,,1,100,,36776,11796,,,1
8800,'F9',732,,36806,11796,,,1,70,,36811,11796,,,1,30,,36817,11796,,,1,70,,36826,11796,,,1,30,,36807,11796,,,1,70,,36812,11796,,,1,32,,36818,11796,,,1,70,,36827,11796,,,1,30,,36808,11796,,,1,70,,36813,11796,,,1,31,,36819,11796,,,1,70,,36828,11796,,,1,30,,36809,11796,,,1,70,,36814,11796,,,1,30,,36820,11796,,,1,70,,36803,11796,,,1,30,,36821,11796,,,1,70,,36815,11796,,,1,30,,36829,11796,,,1,70,,36804,11796,,,1,30,,36822,11796,,,1,68,,36816,11796,,,1,30,,36830,11796,,,1,100,,36823,11796,,,1,100,,36831,11796,,,1,100,,36824,11796,,,1,100,,36832,11796,,,1,97,,36825,11796,,,1,100,,36805,11796,,,1,100,,36810,11796,,,1
8800,'SA',732,,36836,11796,,,1,70,,36860,11796,,,1,31,,36857,11796,,,1,70,,36848,11796,,,1,31,,36841,11796,,,1,70,,36861,11796,,,1,32,,36858,11796,,,1,70,,36849,11796,,,1,30,,36842,11796,,,1,70,,36853,11796,,,1,30,,36838,11796,,,1,70,,36850,11796,,,1,30,,36843,11796,,,1,70,,36854,11796,,,1,30,,36839,11796,,,1,70,,36833,11796,,,1,30,,36844,11796,,,1,70,,36855,11796,,,1,30,,36840,11796,,,1,70,,36834,11796,,,1,31,,36862,11796,,,1,69,,36856,11796,,,1,31,,36851,11796,,,1,69,,36835,11796,,,1,30,,36845,11796,,,1,100,,36852,11796,,,1,98,,36846,11796,,,1,97,,15203,11796,,,1,100,,36847,11796,,,1,100,,36859,11796,,,1,100,,36837,11796,,,1
8800,'SE',739,,36873,11796,,,1,2,,36877,11796,,,1,59,,36905,11796,,,1,15,,36906,11796,,,1,14,,15219,11796,,,1,15,,36907,11796,,,1,15,,36875,11796,,,1,53,,36876,11796,,,1,29,,36895,11796,,,1,70,,36874,11796,,,1,30,,36872,11796,,,1,70,,36893,11796,,,1,33,,36896,11796,,,1,70,,36865,11796,,,1,30,,36863,11796,,,1,70,,36897,11796,,,1,30,,36866,11796,,,1,70,,36894,11796,,,1,33,,36909,11796,,,1,73,,36898,11796,,,1,17,,36900,11796,,,1,16,,36902,11796,,,1,55,,36867,11796,,,1,15,,36878,11796,,,1,15,,36908,11796,,,1,15,,36883,11796,,,1,53,,36887,11796,,,1,11,,36864,11796,,,1,12,,36888,11796,,,1,12,,36880,11796,,,1,11,,36885,11796,,,1,51,,36871,11796,,,1,11,,36903,11796,,,1,12,,36868,11796,,,1,12,,36879,11796,,,1,7,,36901,11796,,,1,59,,36884,11796,,,1,15,,15235,11796,,,1,22,,36881,11796,,,1,68,,36904,11796,,,1,30,,36899,11796,,,1,68,,15236,11796,,,1,30,,36882,11796,,,1,70,,36870,11796,,,1,30,,36891,11796,,,1,100,,36889,11796,,,1,99,,36892,11796,,,1,95,,36890,11796,,,1
50500,'SE',1626,,40631,4916,,,2
