1300,'DI',656,,3422,3095,,,1,100,,23867,3095,,,1,100,,3423,3095,,,1,100,,23868,3095,,,1,100,,3424,3095,,,1,100,,23869,3095,,,1,100,,3425,3095,,,1,95,,23870,3095,,,1,105,,23878,3095,,,1,100,,23864,3095,,,1,100,,23871,3095,,,1,100,,23866,3095,,,1,100,,23872,3095,,,1,100,,23876,3095,,,1,100,,23874,3095,,,1,100,,23873,3095,,,1,100,,23865,3095,,,1,100,,23877,3095,,,1,100,,23875,3095,,,1
1300,'F8',656,,23961,3095,,,1,100,,23968,3095,,,1,100,,23962,3095,,,1,101,,23963,3095,,,1,99,,23969,3095,,,1,100,,23971,3095,,,1,100,,23964,3095,,,1,100,,23972,3095,,,1,100,,23965,3095,,,1,100,,23960,3095,,,1,100,,23975,3095,,,1,100,,23978,3095,,,1,100,,23966,3095,,,1,100,,23973,3095,,,1,100,,23970,3095,,,1,100,,23979,3095,,,1,100,,23976,3095,,,1,100,,23967,3095,,,1,100,,23977,3095,,,1,100,,23974,3095,,,1
1300,'F9',656,,23982,3095,,,1,100,,23987,3095,,,1,100,,23983,3095,,,1,100,,23988,3095,,,1,100,,23984,3095,,,1,100,,23989,3095,,,1,100,,23985,3095,,,1,95,,23990,3095,,,1,105,,23998,3095,,,1,100,,23980,3095,,,1,100,,23991,3095,,,1,100,,23986,3095,,,1,100,,23992,3095,,,1,100,,23996,3095,,,1,100,,23994,3095,,,1,100,,23993,3095,,,1,100,,23981,3095,,,1,100,,23997,3095,,,1,100,,23995,3095,,,1
1300,'SA',656,,24000,3095,,,1,100,,24007,3095,,,1,100,,24001,3095,,,1,101,,24002,3095,,,1,99,,24008,3095,,,1,100,,24010,3095,,,1,100,,24003,3095,,,1,100,,24011,3095,,,1,100,,24004,3095,,,1,100,,23999,3095,,,1,100,,24014,3095,,,1,100,,24017,3095,,,1,100,,24005,3095,,,1,100,,24012,3095,,,1,100,,24009,3095,,,1,100,,24018,3095,,,1,100,,24015,3095,,,1,100,,24006,3095,,,1,100,,24016,3095,,,1,100,,24013,3095,,,1
1300,'SE',600,,24033,3095,,,1,33,,24055,3095,,,1,26,,24049,3095,,,1,72,,24023,3095,,,1,15,,24041,3095,,,1,55,,24024,3095,,,1,15,,24036,3095,,,1,25,,24027,3095,,,1,65,,24019,3095,,,1,29,,24021,3095,,,1,70,,24031,3095,,,1,30,,24030,3095,,,1,70,,24025,3095,,,1,30,,24043,3095,,,1,70,,24022,3095,,,1,30,,24032,3095,,,1,70,,24051,3095,,,1,30,,24038,3095,,,1,70,,24044,3095,,,1,30,,24056,3095,,,1,71,,24053,3095,,,1,30,,24020,3095,,,1,20,,24046,3095,,,1,60,,24039,3095,,,1,15,,24040,3095,,,1,13,,24042,3095,,,1,10,,24059,3095,,,1,57,,24047,3095,,,1,20,,24037,3095,,,1,20,,24035,3095,,,1,60,,24034,3095,,,1,26,,24058,3095,,,1,70,,24026,3095,,,1,32,,24052,3095,,,1,70,,24054,3095,,,1,30,,24045,3095,,,1,70,,24057,3095,,,1,100,,24048,3095,,,1,100,,24050,3095,,,1,100,,24028,3095,,,1,103,,24029,3095,,,1
1500,'DI',727,,24371,2881,,,1,100,,24368,2881,,,1,100,,24365,2881,,,1,100,,24378,2881,,,1,100,,24383,2881,,,1,100,,24376,2881,,,1,100,,24372,2881,,,1,100,,24366,2881,,,1,100,,24380,2881,,,1,100,,24367,2881,,,1,100,,24375,2881,,,1,100,,24373,2881,,,1,100,,24377,2881,,,1,100,,24381,2881,,,1,100,,24379,2881,,,1,100,,24374,2881,,,1,100,,24369,2881,,,1,100,,24382,2881,,,1,100,,24370,2881,,,1
1500,'F8',728,,24474,2881,,,1,100,,24467,2881,,,1,100,,24461,2881,,,1,100,,24475,2881,,,1,105,,24469,2881,,,1,95,,24459,2881,,,1,100,,24471,2881,,,1,100,,24465,2881,,,1,100,,24470,2881,,,1,100,,24466,2881,,,1,100,,24462,2881,,,1,100,,24468,2881,,,1,100,,24472,2881,,,1,100,,24473,2881,,,1,100,,24460,2881,,,1,100,,24476,2881,,,1,100,,24463,2881,,,1,100,,24477,2881,,,1,100,,24464,2881,,,1
1500,'F9',727,,24484,2881,,,1,100,,24481,2881,,,1,100,,24478,2881,,,1,100,,24491,2881,,,1,100,,24496,2881,,,1,100,,24489,2881,,,1,100,,24485,2881,,,1,100,,24479,2881,,,1,100,,24493,2881,,,1,100,,24480,2881,,,1,100,,24488,2881,,,1,100,,24486,2881,,,1,100,,24490,2881,,,1,100,,24494,2881,,,1,100,,24492,2881,,,1,100,,24487,2881,,,1,100,,24482,2881,,,1,100,,24495,2881,,,1,100,,24483,2881,,,1
1500,'SA',728,,24512,2881,,,1,100,,24505,2881,,,1,100,,24499,2881,,,1,100,,24513,2881,,,1,105,,24507,2881,,,1,95,,24497,2881,,,1,100,,24509,2881,,,1,100,,24503,2881,,,1,100,,24508,2881,,,1,100,,24504,2881,,,1,100,,24500,2881,,,1,100,,24506,2881,,,1,100,,24510,2881,,,1,100,,24511,2881,,,1,100,,24498,2881,,,1,100,,24514,2881,,,1,100,,24501,2881,,,1,100,,24515,2881,,,1,100,,24502,2881,,,1
1500,'SE',550,,24552,2881,,,1,70,,24546,2881,,,1,30,,24517,2881,,,1,68,,24538,2881,,,1,33,,24544,2881,,,1,66,,24524,2881,,,1,34,,24540,2881,,,1,70,,24523,2881,,,1,29,,24545,2881,,,1,70,,24542,2881,,,1,30,,24518,2881,,,1,70,,24521,2881,,,1,30,,24543,2881,,,1,70,,24526,2881,,,1,30,,24522,2881,,,1,70,,24519,2881,,,1,30,,24548,2881,,,1,70,,24532,2881,,,1,31,,24547,2881,,,1,70,,24525,2881,,,1,24,,24527,2881,,,1,74,,24520,2881,,,1,40,,24536,2881,,,1,62,,24551,2881,,,1,30,,24533,2881,,,1,70,,24534,2881,,,1,30,,24549,2881,,,1,69,,24537,2881,,,1,30,,24530,2881,,,1,70,,24541,2881,,,1,30,,24550,2881,,,1,70,,24535,2881,,,1,30,,24516,2881,,,1,70,,24529,2881,,,1,100,,24531,2881,,,1,100,,24539,2881,,,1,100,,24528,2881,,,1
5501,'SE',634,,32140,5895,,,2,20,,32142,5895,,,2,55,,32144,5895,,,2,15,,32146,5895,,,2,15,,32141,5895,,,2,15,,32148,5895,,,2,55,,32143,5895,,,2,15,,32145,5895,,,2,20,,32147,5895,,,2
61300,'SE',1639,,18881,2519,,,2,13,,40771,2519,,,2
