801,'DI',555,,23101,14894,,,1,70,,2745,14894,,,1,30,,2752,14894,,,1,70,,23108,14894,,,1,30,,23102,14894,,,1,72,,2746,14894,,,1,30,,2753,14894,,,1,70,,23109,14894,,,1,29,,23103,14894,,,1,70,,2747,14894,,,1,30,,2754,14894,,,1,69,,23110,14894,,,1,30,,23104,14894,,,1,70,,2748,14894,,,1,30,,2755,14894,,,1,70,,23111,14894,,,1,31,,2741,14894,,,1,70,,2749,14894,,,1,31,,2756,14894,,,1,70,,23112,14894,,,1,29,,23106,14894,,,1,70,,2750,14894,,,1,30,,23115,14894,,,1,70,,23113,14894,,,1,19,,23105,14894,,,1,13,,23107,14894,,,1,70,,2751,14894,,,1,28,,23116,14894,,,1,70,,23114,14894,,,1,85,,2742,14894,,,1,100,,23117,14894,,,1,100,,2743,14894,,,1,99,,23118,14894,,,1,100,,2744,14894,,,1,99,,23119,14894,,,1
801,'F8',555,,23268,14894,,,1,70,,23280,14894,,,1,30,,23283,14894,,,1,70,,23286,14894,,,1,30,,23269,14894,,,1,72,,23281,14894,,,1,30,,23284,14894,,,1,70,,23287,14894,,,1,27,,23270,14894,,,1,69,,23282,14894,,,1,30,,23285,14894,,,1,70,,23288,14894,,,1,31,,23271,14894,,,1,70,,23276,14894,,,1,31,,23293,14894,,,1,70,,23289,14894,,,1,31,,23272,14894,,,1,70,,23277,14894,,,1,30,,23294,14894,,,1,70,,23290,14894,,,1,30,,23297,14894,,,1,70,,23278,14894,,,1,30,,23295,14894,,,1,70,,23291,14894,,,1,25,,23264,14894,,,1,50,,23298,14894,,,1,20,,23279,14894,,,1,30,,23296,14894,,,1,70,,23292,14894,,,1,90,,23265,14894,,,1,100,,23273,14894,,,1,100,,23266,14894,,,1,97,,23274,14894,,,1,100,,23267,14894,,,1,100,,23275,14894,,,1
801,'F9',555,,23299,14894,,,1,70,,23307,14894,,,1,30,,23314,14894,,,1,70,,23322,14894,,,1,30,,23300,14894,,,1,72,,23308,14894,,,1,30,,23315,14894,,,1,70,,23323,14894,,,1,29,,23301,14894,,,1,70,,23309,14894,,,1,30,,23316,14894,,,1,69,,23324,14894,,,1,30,,23302,14894,,,1,70,,23310,14894,,,1,30,,23317,14894,,,1,70,,23325,14894,,,1,31,,23303,14894,,,1,70,,23311,14894,,,1,31,,23318,14894,,,1,70,,23326,14894,,,1,29,,23320,14894,,,1,70,,23312,14894,,,1,30,,23329,14894,,,1,70,,23327,14894,,,1,19,,23319,14894,,,1,13,,23321,14894,,,1,70,,23313,14894,,,1,28,,23330,14894,,,1,70,,23328,14894,,,1,85,,23304,14894,,,1,100,,23331,14894,,,1,100,,23305,14894,,,1,99,,23332,14894,,,1,100,,23306,14894,,,1,99,,23333,14894,,,1
801,'SA',555,,23338,14894,,,1,70,,23350,14894,,,1,30,,23353,14894,,,1,70,,23356,14894,,,1,30,,23339,14894,,,1,72,,23351,14894,,,1,30,,23354,14894,,,1,70,,23357,14894,,,1,27,,23340,14894,,,1,69,,23352,14894,,,1,30,,23355,14894,,,1,70,,23358,14894,,,1,31,,23341,14894,,,1,70,,23346,14894,,,1,31,,23363,14894,,,1,70,,23359,14894,,,1,31,,23342,14894,,,1,70,,23347,14894,,,1,30,,23364,14894,,,1,70,,23360,14894,,,1,30,,2977,14894,,,1,70,,23348,14894,,,1,30,,23365,14894,,,1,70,,23361,14894,,,1,25,,23334,14894,,,1,50,,2978,14894,,,1,20,,23349,14894,,,1,30,,23366,14894,,,1,70,,23362,14894,,,1,90,,23335,14894,,,1,100,,23343,14894,,,1,100,,23336,14894,,,1,97,,23344,14894,,,1,100,,23337,14894,,,1,100,,23345,14894,,,1
801,'SE',521,,23393,14894,,,1,33,,23367,14894,,,1,67,,23401,14894,,,1,21,,23403,14894,,,1,5,,23400,14894,,,1,55,,23435,14894,,,1,5,,23410,14894,,,1,11,,23413,14894,,,1,4,,23415,14894,,,1,5,,23372,14894,,,1,3,,23428,14894,,,1,5,,23376,14894,,,1,4,,23436,14894,,,1,3,,23434,14894,,,1,3,,23437,14894,,,1,4,,23383,14894,,,1,9,,23368,14894,,,1,46,,23440,14894,,,1,5,,23395,14894,,,1,7,,23385,14894,,,1,12,,23402,14894,,,1,18,,23404,14894,,,1,58,,23394,14894,,,1,13,,23371,14894,,,1,15,,23373,14894,,,1,15,,23377,14894,,,1,55,,23369,14894,,,1,17,,23386,14894,,,1,15,,23382,14894,,,1,14,,23405,14894,,,1,55,,23379,14894,,,1,16,,23430,14894,,,1,15,,23374,14894,,,1,15,,23378,14894,,,1,55,,23370,14894,,,1,15,,23384,14894,,,1,15,,23387,14894,,,1,16,,23414,14894,,,1,55,,23406,14894,,,1,15,,23416,14894,,,1,15,,23389,14894,,,1,15,,23433,14894,,,1,55,,23439,14894,,,1,15,,23431,14894,,,1,15,,23421,14894,,,1,18,,23419,14894,,,1,55,,23396,14894,,,1,13,,23438,14894,,,1,22,,23380,14894,,,1,11,,23417,14894,,,1,50,,23375,14894,,,1,14,,23432,14894,,,1,16,,23420,14894,,,1,17,,23429,14894,,,1,55,,23388,14894,,,1,13,,23424,14894,,,1,16,,23423,14894,,,1,15,,23407,14894,,,1,55,,23381,14894,,,1,13,,23418,14894,,,1,21,,23422,14894,,,1,61,,23399,14894,,,1,27,,23425,14894,,,1,28,,23411,14894,,,1,71,,23397,14894,,,1,28,,23426,14894,,,1,73,,23408,14894,,,1,27,,23412,14894,,,1,52,,23390,14894,,,1,20,,23398,14894,,,1,29,,23427,14894,,,1,60,,23409,14894,,,1,92,,23391,14894,,,1,100,,23392,14894,,,1
2801,'DI',943,,27810,8571,,,1,100,,27815,8571,,,1,100,,27813,8571,,,1,101,,27811,8571,,,1,100,,27812,8571,,,1,100,,27816,8571,,,1,98,,27819,8571,,,1,99,,27818,8571,,,1,96,,27817,8571,,,1,105,,27814,8571,,,1
2801,'F8',943,,27885,8571,,,1,100,,27880,8571,,,1,100,,27878,8571,,,1,101,,27882,8571,,,1,100,,27881,8571,,,1,100,,27883,8571,,,1,98,,27879,8571,,,1,96,,27887,8571,,,1,99,,27886,8571,,,1,105,,27884,8571,,,1
2801,'F9',943,,27888,8571,,,1,100,,27893,8571,,,1,100,,27891,8571,,,1,101,,27889,8571,,,1,100,,27890,8571,,,1,100,,27894,8571,,,1,98,,27897,8571,,,1,99,,27896,8571,,,1,96,,27895,8571,,,1,105,,27892,8571,,,1
2801,'SA',943,,27904,8571,,,1,100,,27900,8571,,,1,100,,27898,8571,,,1,101,,27901,8571,,,1,100,,7052,8571,,,1,100,,27902,8571,,,1,98,,27899,8571,,,1,96,,27906,8571,,,1,99,,27905,8571,,,1,105,,27903,8571,,,1
2801,'SE',653,,27922,8571,,,1,63,,27940,10280,,,1,18,,27929,8571,,,1,21,,27938,10280,,,1,67,,27941,10280,,,1,21,,27920,8571,,,1,60,,27939,10280,,,1,24,,27911,8571,,,1,29,,27923,8571,,,1,70,,27907,8571,,,1,30,,27921,8571,,,1,70,,27924,8571,,,1,30,,27908,8571,,,1,70,,27930,8571,,,1,30,,27925,8571,,,1,70,,27909,8571,,,1,30,,27931,8571,,,1,71,,27926,8571,,,1,30,,27910,8571,,,1,61,,27932,8571,,,1,12,,27912,8571,,,1,17,,27914,8571,,,1,10,,27942,10280,,,1,57,,27936,8571,,,1,13,,27934,8571,,,1,15,,27917,8571,,,1,58,,27944,10280,,,1,13,,27913,8571,,,1,16,,27915,8571,,,1,13,,27943,10280,,,1,58,,27935,8571,,,1,14,,27927,8571,,,1,21,,27933,8571,,,1,21,,27937,8571,,,1,63,,27919,8571,,,1,100,,27916,8571,,,1,100,,27928,8571,,,1,100,,27918,8571,,,1
7701,'DI',824,,35180,15330,0,25 26,1,100,,35183,15330,0,25 26,1,100,,35181,15330,0,25 26,1,100,,35184,15330,0,25 26,1,100,,35182,15330,0,25 26,1,100,,35179,15330,0,25 26,1,100,,35185,15330,0,25 26,1,100,,35188,15330,0,25 26,1,100,,35178,15330,0,25 26,1,100,,35189,15330,0,25 26,1,100,,35190,15330,0,25 26,1,98,,35191,15330,0,25 26,1,99,,35186,15330,0,25 26,1,100,,35192,15330,0,25 26,1,100,,35187,15330,0,25 26,1
7701,'F8',824,,35276,15330,0,25 26,1,100,,35267,15330,0,25 26,1,100,,35263,15330,0,25 26,1,100,,35268,15330,0,25 26,1,100,,35264,15330,0,25 26,1,100,,35266,15330,0,25 26,1,100,,35269,15330,0,25 26,1,97,,35262,15330,0,25 26,1,103,,35270,15330,0,25 26,1,99,,35272,15330,0,25 26,1,101,,35271,15330,0,25 26,1,98,,35273,15330,0,25 26,1,99,,35274,15330,0,25 26,1,100,,35265,15330,0,25 26,1,100,,35275,15330,0,25 26,1
7701,'F9',824,,35279,15330,0,25 26,1,100,,35282,15330,0,25 26,1,100,,35280,15330,0,25 26,1,100,,35283,15330,0,25 26,1,100,,35281,15330,0,25 26,1,100,,35278,15330,0,25 26,1,100,,35284,15330,0,25 26,1,100,,35287,15330,0,25 26,1,100,,35277,15330,0,25 26,1,100,,35288,15330,0,25 26,1,100,,35289,15330,0,25 26,1,98,,35290,15330,0,25 26,1,99,,35285,15330,0,25 26,1,100,,35291,15330,0,25 26,1,100,,35286,15330,0,25 26,1
7701,'SA',824,,35305,15330,0,25 26,1,100,,35296,15330,0,25 26,1,100,,35293,15330,0,25 26,1,100,,35297,15330,0,25 26,1,100,,13757,15330,0,25 26,1,100,,35295,15330,0,25 26,1,100,,35298,15330,0,25 26,1,97,,35292,15330,0,25 26,1,103,,35299,15330,0,25 26,1,99,,35301,15330,0,25 26,1,101,,35300,15330,0,25 26,1,98,,35302,15330,0,25 26,1,99,,35303,15330,0,25 26,1,100,,35294,15330,0,25 26,1,100,,35304,15330,0,25 26,1
7701,'SE',705,,35312,15330,0,25 26,1,11,,35308,15330,0,25 26,1,7,,35315,15330,0,25 26,1,7,,35318,15330,0,25 26,1,14,,35309,15330,0,25 26,1,2,,35321,15330,0,25 26,1,8,,35314,15330,0,25 26,1,58,,35319,15330,0,25 26,1,35,,35323,15330,0,25 26,1,68,,35316,15330,0,25 26,1,27,,35322,15330,0,25 26,1,5,,35310,15330,0,25 26,1,70,,35320,15330,0,25 26,1,30,,35324,15330,0,25 26,1,70,,35317,15330,0,25 26,1,30,,35311,15330,0,25 26,1,70,,35326,15330,0,25 26,1,31,,35325,15330,0,25 26,1,70,,35328,15330,0,25 26,1,31,,35329,15330,0,25 26,1,73,,35327,15330,0,25 26,1,30,,35330,15330,0,25 26,1,70,,35334,15330,0,25 26,1,32,,35336,15330,0,25 26,1,60,,35338,15330,0,25 26,1,20,,35341,15330,0,25 26,1,20,,35331,15330,0,25 26,1,60,,35335,15330,0,25 26,1,16,,35313,15330,0,25 26,1,18,,35337,15330,0,25 26,1,62,,35339,15330,0,25 26,1,29,,13794,15330,0,25 26,1,64,,35332,15330,0,25 26,1,33,,35340,15330,0,25 26,1,71,,35333,15330,0,25 26,1,30,,35342,15330,0,25 26,1,71,,35343,15330,0,25 26,1,31,,35307,15330,0,25 26,1,61,,35306,15330,0,25 26,1
8801,'DI',642,,36910,14166,,,1,70,,36915,14166,,,1,30,,36921,14166,,,1,70,,36931,14166,,,1,30,,36911,14166,,,1,70,,36916,14166,,,1,30,,36922,14166,,,1,69,,36932,14166,,,1,29,,36912,14166,,,1,70,,36917,14166,,,1,30,,36923,14166,,,1,70,,36933,14166,,,1,30,,36913,14166,,,1,70,,36918,14166,,,1,30,,36924,14166,,,1,71,,36934,14166,,,1,30,,36914,14166,,,1,71,,36919,14166,,,1,30,,36925,14166,,,1,69,,15257,14166,,,1,30,,36926,14166,,,1,70,,36920,14166,,,1,30,,36935,14166,,,1,72,,15258,14166,,,1,22,,36927,14166,,,1,106,,36936,14166,,,1,100,,36928,14166,,,1,100,,36937,14166,,,1,99,,36929,14166,,,1,100,,36938,14166,,,1,99,,36930,14166,,,1
8801,'F8',640,,37048,14166,,,1,70,,37047,14166,,,1,30,,37069,14166,,,1,69,,37060,14166,,,1,30,,37049,14166,,,1,70,,37073,14166,,,1,32,,37070,14166,,,1,67,,37061,14166,,,1,30,,37053,14166,,,1,69,,37074,14166,,,1,30,,37071,14166,,,1,71,,37062,14166,,,1,30,,37054,14166,,,1,71,,37066,14166,,,1,28,,37050,14166,,,1,71,,37063,14166,,,1,30,,37055,14166,,,1,70,,37067,14166,,,1,30,,37051,14166,,,1,70,,37045,14166,,,1,30,,37056,14166,,,1,71,,37068,14166,,,1,28,,37052,14166,,,1,72,,37046,14166,,,1,21,,37075,14166,,,1,109,,37064,14166,,,1,100,,37057,14166,,,1,100,,37065,14166,,,1,100,,37058,14166,,,1,96,,37072,14166,,,1,100,,37059,14166,,,1
8801,'F9',642,,37078,14166,,,1,70,,37083,14166,,,1,30,,37089,14166,,,1,70,,37099,14166,,,1,30,,37079,14166,,,1,70,,37084,14166,,,1,30,,37090,14166,,,1,69,,37100,14166,,,1,29,,37080,14166,,,1,70,,37085,14166,,,1,30,,37091,14166,,,1,70,,37101,14166,,,1,30,,37081,14166,,,1,70,,37086,14166,,,1,30,,37092,14166,,,1,71,,37102,14166,,,1,30,,37082,14166,,,1,71,,37087,14166,,,1,30,,37093,14166,,,1,69,,37076,14166,,,1,30,,37094,14166,,,1,70,,37088,14166,,,1,30,,37103,14166,,,1,72,,37077,14166,,,1,22,,37095,14166,,,1,106,,37104,14166,,,1,100,,37096,14166,,,1,100,,37105,14166,,,1,99,,37097,14166,,,1,100,,37106,14166,,,1,99,,37098,14166,,,1
8801,'SA',640,,37110,14166,,,1,70,,37109,14166,,,1,30,,37131,14166,,,1,69,,37122,14166,,,1,30,,37111,14166,,,1,70,,37134,14166,,,1,32,,37132,14166,,,1,67,,37123,14166,,,1,30,,37115,14166,,,1,69,,37135,14166,,,1,30,,37133,14166,,,1,71,,37124,14166,,,1,30,,37116,14166,,,1,71,,37128,14166,,,1,28,,37112,14166,,,1,71,,37125,14166,,,1,30,,37117,14166,,,1,70,,37129,14166,,,1,30,,37113,14166,,,1,70,,37107,14166,,,1,30,,37118,14166,,,1,71,,37130,14166,,,1,28,,37114,14166,,,1,72,,37108,14166,,,1,21,,37136,14166,,,1,109,,37126,14166,,,1,100,,37119,14166,,,1,100,,37127,14166,,,1,100,,37120,14166,,,1,96,,15458,14166,,,1,100,,37121,14166,,,1
8801,'SE',637,,37137,14166,,,1,20,,37149,14166,,,1,55,,37139,14166,,,1,12,,15479,14166,,,1,7,,37141,14166,,,1,21,,37151,14166,,,1,49,,37146,14166,,,1,12,,37153,14166,,,1,11,,37143,14166,,,1,10,,37148,14166,,,1,19,,37178,14166,,,1,58,,37179,14166,,,1,30,,37180,14166,,,1,70,,37152,14166,,,1,30,,37167,14166,,,1,70,,37150,14166,,,1,30,,37147,14166,,,1,70,,37165,14166,,,1,30,,37168,14166,,,1,70,,37142,14166,,,1,30,,37140,14166,,,1,70,,37169,14166,,,1,33,,37144,14166,,,1,69,,37166,14166,,,1,9,,15486,14166,,,1,2,,15491,14166,,,1,2,,37159,14166,,,1,7,,37138,14166,,,1,20,,37160,14166,,,1,58,,37172,14166,,,1,12,,37170,14166,,,1,15,,37173,14166,,,1,19,,37175,14166,,,1,53,,37145,14166,,,1,15,,37154,14166,,,1,14,,37181,14166,,,1,16,,37158,14166,,,1,53,,37161,14166,,,1,17,,37162,14166,,,1,17,,37155,14166,,,1,67,,37176,14166,,,1,32,,37174,14166,,,1,70,,15492,14166,,,1,28,,37156,14166,,,1,70,,37177,14166,,,1,30,,37171,14166,,,1,101,,37157,14166,,,1,98,,37164,14166,,,1,100,,37163,14166,,,1
60801,'SE',1520,,40763,9762,,,2,2,,40764,9762,,,2
