500,'DI',547,,21658,6261,,,1,70,,21664,6261,,,1,30,,21659,6261,,,1,70,,21665,6261,,,1,30,,21660,6261,,,1,70,,21666,6261,,,1,30,,21686,6261,,,1,70,,21667,6261,,,1,30,,21671,6261,,,1,70,,21668,6261,,,1,30,,21683,6261,,,1,70,,21672,6261,,,1,30,,21661,6261,,,1,72,,21673,6261,,,1,30,,21662,6261,,,1,68,,21687,6261,,,1,32,,21684,6261,,,1,70,,21688,6261,,,1,30,,21674,6261,,,1,69,,21663,6261,,,1,31,,21678,6261,,,1,70,,21685,6261,,,1,30,,21669,6261,,,1,70,,21675,6261,,,1,30,,21689,6261,,,1,99,,21670,6261,,,1,100,,21677,6261,,,1,100,,21676,6261,,,1,100,,21679,6261,,,1,100,,21680,6261,,,1,100,,21681,6261,,,1,100,,21682,6261,,,1
500,'F1',547,,43607,6261,,,1,70,,43613,6261,,,1,30,,43608,6261,,,1,70,,43614,6261,,,1,30,,43609,6261,,,1,70,,43615,6261,,,1,30,,43635,6261,,,1,70,,43616,6261,,,1,30,,43620,6261,,,1,70,,43617,6261,,,1,30,,43632,6261,,,1,70,,43621,6261,,,1,30,,43610,6261,,,1,72,,43622,6261,,,1,30,,43611,6261,,,1,68,,43636,6261,,,1,32,,43633,6261,,,1,70,,43637,6261,,,1,30,,43623,6261,,,1,69,,43612,6261,,,1,31,,43627,6261,,,1,70,,43634,6261,,,1,30,,43618,6261,,,1,70,,43624,6261,,,1,30,,43638,6261,,,1,99,,43619,6261,,,1,100,,43626,6261,,,1,100,,43625,6261,,,1,100,,43628,6261,,,1,100,,43629,6261,,,1,100,,43630,6261,,,1,100,,43631,6261,,,1
500,'F2',517,,43639,6261,,,1,30,,43647,6261,,,1,70,,43640,6261,,,1,30,,43648,6261,,,1,70,,43641,6261,,,1,30,,43649,6261,,,1,70,,43642,6261,,,1,30,,43650,6261,,,1,70,,43643,6261,,,1,30,,43652,6261,,,1,70,,43644,6261,,,1,30,,43653,6261,,,1,70,,43645,6261,,,1,30,,43654,6261,,,1,72,,43646,6261,,,1,30,,43655,6261,,,1,70,,43651,6261,,,1,30,,43671,6261,,,1,70,,43666,6261,,,1,30,,43656,6261,,,1,70,,43669,6261,,,1,30,,43665,6261,,,1,70,,43668,6261,,,1,30,,43672,6261,,,1,70,,43667,6261,,,1,30,,43670,6261,,,1,99,,43657,6261,,,1,100,,43658,6261,,,1,100,,43659,6261,,,1,100,,43660,6261,,,1,100,,43661,6261,,,1,100,,43662,6261,,,1,100,,43663,6261,,,1,100,,43664,6261,,,1
500,'F8',517,,21801,6261,,,1,30,,21809,6261,,,1,70,,21802,6261,,,1,30,,21810,6261,,,1,70,,21803,6261,,,1,30,,21811,6261,,,1,70,,21804,6261,,,1,30,,21812,6261,,,1,70,,21805,6261,,,1,30,,21814,6261,,,1,70,,21806,6261,,,1,30,,21815,6261,,,1,70,,21807,6261,,,1,30,,21816,6261,,,1,72,,21808,6261,,,1,30,,21817,6261,,,1,70,,21813,6261,,,1,30,,21833,6261,,,1,70,,21828,6261,,,1,30,,21818,6261,,,1,70,,21831,6261,,,1,30,,21827,6261,,,1,70,,21830,6261,,,1,30,,21834,6261,,,1,70,,21829,6261,,,1,30,,21832,6261,,,1,99,,21819,6261,,,1,100,,21820,6261,,,1,100,,21821,6261,,,1,100,,21822,6261,,,1,100,,21823,6261,,,1,100,,21824,6261,,,1,100,,21825,6261,,,1,100,,21826,6261,,,1
500,'F9',547,,21835,6261,,,1,70,,21841,6261,,,1,30,,21836,6261,,,1,70,,21842,6261,,,1,30,,21837,6261,,,1,70,,21843,6261,,,1,30,,21863,6261,,,1,70,,21844,6261,,,1,30,,21848,6261,,,1,70,,21845,6261,,,1,30,,21860,6261,,,1,70,,21849,6261,,,1,30,,21838,6261,,,1,72,,21850,6261,,,1,30,,21839,6261,,,1,68,,21864,6261,,,1,32,,21861,6261,,,1,70,,21865,6261,,,1,30,,21851,6261,,,1,69,,21840,6261,,,1,31,,21855,6261,,,1,70,,21862,6261,,,1,30,,21846,6261,,,1,70,,21852,6261,,,1,30,,21866,6261,,,1,99,,21847,6261,,,1,100,,21854,6261,,,1,100,,21853,6261,,,1,100,,21856,6261,,,1,100,,21857,6261,,,1,100,,21858,6261,,,1,100,,21859,6261,,,1
500,'SA',517,,21867,6261,,,1,30,,21875,6261,,,1,70,,21868,6261,,,1,30,,21876,6261,,,1,70,,21869,6261,,,1,30,,21877,6261,,,1,70,,21870,6261,,,1,30,,21878,6261,,,1,70,,21871,6261,,,1,30,,21880,6261,,,1,70,,21872,6261,,,1,30,,21881,6261,,,1,70,,21873,6261,,,1,30,,21882,6261,,,1,72,,21874,6261,,,1,30,,21883,6261,,,1,70,,21879,6261,,,1,30,,21899,6261,,,1,70,,21894,6261,,,1,30,,21884,6261,,,1,70,,21897,6261,,,1,30,,21893,6261,,,1,70,,21896,6261,,,1,30,,21900,6261,,,1,70,,21895,6261,,,1,30,,21898,6261,,,1,99,,21885,6261,,,1,100,,21886,6261,,,1,100,,21887,6261,,,1,100,,21888,6261,,,1,100,,21889,6261,,,1,100,,21890,6261,,,1,100,,21891,6261,,,1,100,,21892,6261,,,1
500,'SE',453,,43696,6261,,,1,80,,43697,6261,,,1,70,,43675,6261,,,1,15,,43705,6261,,,1,30,,43709,6261,,,1,70,,43702,6261,,,1,30,,43673,6261,,,1,70,,43681,6261,,,1,40,,43674,6261,,,1,60,,43676,6261,,,1,30,,43713,6261,,,1,70,,43682,6261,,,1,30,,43679,6261,,,1,70,,43699,6261,,,1,30,,43712,6261,,,1,70,,43700,6261,,,1,30,,43717,6261,,,1,70,,43708,6261,,,1,30,,43680,6261,,,1,70,,43684,6261,,,1,30,,43692,6261,,,1,73,,43714,6261,,,1,13,,43685,6261,,,1,15,,43683,6261,,,1,56,,43693,6261,,,1,15,,43677,6261,,,1,17,,43707,6261,,,1,16,,43698,6261,,,1,52,,43701,6261,,,1,15,,43716,6261,,,1,15,,43678,6261,,,1,15,,43694,6261,,,1,62,,43710,6261,,,1,16,,43703,6261,,,1,21,,43690,6261,,,1,69,,43711,6261,,,1,30,,43704,6261,,,1,70,,43695,6261,,,1,30,,43691,6261,,,1,70,,43706,6261,,,1,30,,43715,6261,,,1,100,,43686,6261,,,1,100,,43687,6261,,,1,100,,43688,6261,,,1,100,,43689,6261,,,1
900,'SE',1626,,44316,10122,0,28 30,2,74,,44315,10122,0,28 30,2,26,,44314,10122,0,28 30,2,28,,44313,10122,0,28 30,2,69,,44312,10122,0,28 30,2
8800,'DI',730,,36639,11210,,,1,70,,36644,11210,,,1,30,,36650,11210,,,1,70,,36659,11210,,,1,30,,36640,11210,,,1,70,,36645,11210,,,1,32,,36651,11210,,,1,70,,36660,11210,,,1,30,,36641,11210,,,1,70,,36646,11210,,,1,31,,36652,11210,,,1,70,,36661,11210,,,1,30,,36642,11210,,,1,70,,36647,11210,,,1,30,,36653,11210,,,1,70,,15002,11210,,,1,30,,36654,11210,,,1,70,,36648,11210,,,1,30,,36662,11210,,,1,70,,15003,11210,,,1,30,,36655,11210,,,1,68,,36649,11210,,,1,30,,36663,11210,,,1,100,,36656,11210,,,1,100,,36664,11210,,,1,100,,36657,11210,,,1,100,,36665,11210,,,1,97,,36658,11210,,,1,100,,36638,11210,,,1,100,,36643,11210,,,1
8800,'F1',730,,49524,11210,,,1,70,,49529,11210,,,1,30,,49535,11210,,,1,70,,49544,11210,,,1,30,,49525,11210,,,1,70,,49530,11210,,,1,32,,49536,11210,,,1,70,,49545,11210,,,1,30,,49526,11210,,,1,70,,49531,11210,,,1,31,,49537,11210,,,1,70,,49546,11210,,,1,30,,49527,11210,,,1,70,,49532,11210,,,1,30,,49538,11210,,,1,70,,49521,11210,,,1,30,,49539,11210,,,1,70,,49533,11210,,,1,30,,49547,11210,,,1,70,,49522,11210,,,1,30,,49540,11210,,,1,68,,49534,11210,,,1,30,,49548,11210,,,1,100,,49541,11210,,,1,100,,49549,11210,,,1,100,,49542,11210,,,1,100,,49550,11210,,,1,97,,49543,11210,,,1,100,,49523,11210,,,1,100,,49528,11210,,,1
8800,'F2',730,,49554,11210,,,1,70,,49579,11210,,,1,30,,49575,11210,,,1,70,,49566,11210,,,1,31,,49559,11210,,,1,70,,49580,11210,,,1,32,,49576,11210,,,1,70,,49567,11210,,,1,30,,49560,11210,,,1,70,,49571,11210,,,1,30,,49556,11210,,,1,70,,49568,11210,,,1,30,,49561,11210,,,1,70,,49572,11210,,,1,30,,49557,11210,,,1,70,,49551,11210,,,1,30,,49562,11210,,,1,70,,49573,11210,,,1,30,,49558,11210,,,1,70,,49552,11210,,,1,31,,49581,11210,,,1,69,,49574,11210,,,1,31,,49569,11210,,,1,69,,49553,11210,,,1,30,,49563,11210,,,1,100,,49570,11210,,,1,99,,49564,11210,,,1,97,,49578,11210,,,1,100,,49565,11210,,,1,100,,49577,11210,,,1,100,,49555,11210,,,1
8800,'F8',730,,36775,11210,,,1,70,,36800,11210,,,1,30,,36796,11210,,,1,70,,36787,11210,,,1,31,,36780,11210,,,1,70,,36801,11210,,,1,32,,36797,11210,,,1,70,,36788,11210,,,1,30,,36781,11210,,,1,70,,36792,11210,,,1,30,,36777,11210,,,1,70,,36789,11210,,,1,30,,36782,11210,,,1,70,,36793,11210,,,1,30,,36778,11210,,,1,70,,36772,11210,,,1,30,,36783,11210,,,1,70,,36794,11210,,,1,30,,36779,11210,,,1,70,,36773,11210,,,1,31,,36802,11210,,,1,69,,36795,11210,,,1,31,,36790,11210,,,1,69,,36774,11210,,,1,30,,36784,11210,,,1,100,,36791,11210,,,1,99,,36785,11210,,,1,97,,36799,11210,,,1,100,,36786,11210,,,1,100,,36798,11210,,,1,100,,36776,11210,,,1
8800,'F9',730,,36806,11210,,,1,70,,36811,11210,,,1,30,,36817,11210,,,1,70,,36826,11210,,,1,30,,36807,11210,,,1,70,,36812,11210,,,1,32,,36818,11210,,,1,70,,36827,11210,,,1,30,,36808,11210,,,1,70,,36813,11210,,,1,31,,36819,11210,,,1,70,,36828,11210,,,1,30,,36809,11210,,,1,70,,36814,11210,,,1,30,,36820,11210,,,1,70,,36803,11210,,,1,30,,36821,11210,,,1,70,,36815,11210,,,1,30,,36829,11210,,,1,70,,36804,11210,,,1,30,,36822,11210,,,1,68,,36816,11210,,,1,30,,36830,11210,,,1,100,,36823,11210,,,1,100,,36831,11210,,,1,100,,36824,11210,,,1,100,,36832,11210,,,1,97,,36825,11210,,,1,100,,36805,11210,,,1,100,,36810,11210,,,1
8800,'SA',730,,36836,11210,,,1,70,,36860,11210,,,1,30,,36857,11210,,,1,70,,36848,11210,,,1,31,,36841,11210,,,1,70,,36861,11210,,,1,32,,36858,11210,,,1,70,,36849,11210,,,1,30,,36842,11210,,,1,70,,36853,11210,,,1,30,,36838,11210,,,1,70,,36850,11210,,,1,30,,36843,11210,,,1,70,,36854,11210,,,1,30,,36839,11210,,,1,70,,36833,11210,,,1,30,,36844,11210,,,1,70,,36855,11210,,,1,30,,36840,11210,,,1,70,,36834,11210,,,1,31,,36862,11210,,,1,69,,36856,11210,,,1,31,,36851,11210,,,1,69,,36835,11210,,,1,30,,36845,11210,,,1,100,,36852,11210,,,1,99,,36846,11210,,,1,97,,15203,11210,,,1,100,,36847,11210,,,1,100,,36859,11210,,,1,100,,36837,11210,,,1
8800,'SE',735,,49597,11210,,,1,21,,49625,11210,,,1,55,,49606,11210,,,1,14,,49611,11210,,,1,15,,49627,11210,,,1,15,,49600,11210,,,1,53,,49626,11210,,,1,29,,49586,11210,,,1,70,,49620,11210,,,1,30,,49621,11210,,,1,70,,49582,11210,,,1,32,,49588,11210,,,1,70,,49590,11210,,,1,30,,49584,11210,,,1,70,,49583,11210,,,1,30,,49593,11210,,,1,70,,49589,11210,,,1,33,,49623,11210,,,1,73,,49591,11210,,,1,18,,49601,11210,,,1,15,,49607,11210,,,1,55,,49598,11210,,,1,15,,49587,11210,,,1,15,,49629,11210,,,1,15,,49628,11210,,,1,53,,49624,11210,,,1,12,,49585,11210,,,1,12,,49614,11210,,,1,12,,49592,11210,,,1,10,,49602,11210,,,1,12,,49613,11210,,,1,51,,49608,11210,,,1,12,,49599,11210,,,1,12,,49604,11210,,,1,7,,49603,11210,,,1,59,,49605,11210,,,1,15,,49594,11210,,,1,22,,49622,11210,,,1,68,,49609,11210,,,1,30,,49596,11210,,,1,68,,49595,11210,,,1,30,,49615,11210,,,1,70,,49610,11210,,,1,30,,49618,11210,,,1,100,,49616,11210,,,1,99,,49619,11210,,,1,96,,49617,11210,,,1
