801,'DI',559,,53514,16213,,,1,70,,53522,16213,,,1,30,,53529,16213,,,1,70,,53541,16213,,,1,30,,53515,16213,,,1,72,,53523,16213,,,1,70,,53530,16213,,,1,30,,53542,16213,,,1,69,,53516,16213,,,1,30,,53524,16213,,,1,70,,53531,16213,,,1,29,,53543,16213,,,1,30,,53517,16213,,,1,70,,53525,16213,,,1,30,,53532,16213,,,1,70,,53544,16213,,,1,71,,53518,16213,,,1,30,,53526,16213,,,1,71,,53538,16213,,,1,30,,53545,16213,,,1,69,,53539,16213,,,1,30,,53527,16213,,,1,70,,53533,16213,,,1,30,,53546,16213,,,1,19,,53548,16213,,,1,53,,53540,16213,,,1,30,,53528,16213,,,1,68,,53534,16213,,,1,30,,53547,16213,,,1,85,,53519,16213,,,1,100,,53535,16213,,,1,100,,53520,16213,,,1,99,,53536,16213,,,1,100,,53521,16213,,,1,99,,53537,16213,,,1
801,'F1',559,,53549,16213,,,1,70,,53557,16213,,,1,30,,53564,16213,,,1,70,,53576,16213,,,1,30,,53550,16213,,,1,72,,53558,16213,,,1,70,,53565,16213,,,1,30,,53577,16213,,,1,69,,53551,16213,,,1,30,,53559,16213,,,1,70,,53566,16213,,,1,29,,53578,16213,,,1,30,,53552,16213,,,1,70,,53560,16213,,,1,30,,53567,16213,,,1,70,,53579,16213,,,1,71,,53553,16213,,,1,30,,53561,16213,,,1,71,,53573,16213,,,1,30,,53580,16213,,,1,69,,53574,16213,,,1,30,,53562,16213,,,1,70,,53568,16213,,,1,30,,53581,16213,,,1,19,,53583,16213,,,1,53,,53575,16213,,,1,30,,53563,16213,,,1,68,,53569,16213,,,1,30,,53582,16213,,,1,85,,53554,16213,,,1,100,,53570,16213,,,1,100,,53555,16213,,,1,99,,53571,16213,,,1,100,,53556,16213,,,1,99,,53572,16213,,,1
801,'F2',559,,53588,16213,,,1,70,,53593,16213,,,1,30,,53600,16213,,,1,70,,53605,16213,,,1,30,,53589,16213,,,1,72,,53594,16213,,,1,70,,53601,16213,,,1,30,,53606,16213,,,1,27,,53590,16213,,,1,69,,53595,16213,,,1,30,,53602,16213,,,1,70,,53607,16213,,,1,31,,53591,16213,,,1,70,,53596,16213,,,1,31,,53603,16213,,,1,70,,53608,16213,,,1,71,,53592,16213,,,1,30,,53597,16213,,,1,70,,53604,16213,,,1,30,,53609,16213,,,1,70,,44242,16213,,,1,30,,53598,16213,,,1,70,,53615,16213,,,1,30,,53610,16213,,,1,25,,53584,16213,,,1,50,,44243,16213,,,1,20,,53599,16213,,,1,30,,53616,16213,,,1,70,,53611,16213,,,1,90,,53585,16213,,,1,100,,53612,16213,,,1,100,,53586,16213,,,1,96,,53613,16213,,,1,100,,53587,16213,,,1,100,,53614,16213,,,1
801,'SA',559,,53621,16213,,,1,70,,53626,16213,,,1,30,,53633,16213,,,1,70,,53638,16213,,,1,30,,53622,16213,,,1,72,,53627,16213,,,1,70,,53634,16213,,,1,30,,53639,16213,,,1,27,,53623,16213,,,1,69,,53628,16213,,,1,30,,53635,16213,,,1,70,,53640,16213,,,1,31,,53624,16213,,,1,70,,53629,16213,,,1,31,,53636,16213,,,1,70,,53641,16213,,,1,71,,53625,16213,,,1,30,,53630,16213,,,1,70,,53637,16213,,,1,30,,53642,16213,,,1,70,,2977,16213,,,1,30,,53631,16213,,,1,70,,53648,16213,,,1,30,,53643,16213,,,1,25,,53617,16213,,,1,50,,2978,16213,,,1,20,,53632,16213,,,1,30,,53649,16213,,,1,70,,53644,16213,,,1,90,,53618,16213,,,1,100,,53645,16213,,,1,100,,53619,16213,,,1,96,,53646,16213,,,1,100,,53620,16213,,,1,100,,53647,16213,,,1
801,'SE',525,,53650,16213,,,1,33,,53651,16213,,,1,67,,44285,16213,,,1,21,,53672,16213,,,1,6,,53717,16213,,,1,55,,53706,16213,,,1,5,,53665,16213,,,1,11,,53710,16213,,,1,4,,53713,16213,,,1,5,,53655,16213,,,1,3,,53714,16213,,,1,5,,53685,16213,,,1,4,,53708,16213,,,1,2,,53712,16213,,,1,3,,53696,16213,,,1,5,,53659,16213,,,1,49,,53652,16213,,,1,5,,53683,16213,,,1,6,,53663,16213,,,1,6,,53668,16213,,,1,12,,53660,16213,,,1,18,,53673,16213,,,1,58,,53654,16213,,,1,13,,53690,16213,,,1,15,,53656,16213,,,1,15,,53686,16213,,,1,55,,53678,16213,,,1,17,,53693,16213,,,1,15,,44259,16213,,,1,14,,53674,16213,,,1,55,,53666,16213,,,1,17,,53691,16213,,,1,15,,53657,16213,,,1,15,,53687,16213,,,1,55,,53679,16213,,,1,15,,53694,16213,,,1,15,,53653,16213,,,1,16,,53661,16213,,,1,55,,53675,16213,,,1,15,,53669,16213,,,1,15,,53692,16213,,,1,15,,53709,16213,,,1,55,,53688,16213,,,1,15,,53684,16213,,,1,15,,53695,16213,,,1,18,,53697,16213,,,1,55,,53715,16213,,,1,13,,53681,16213,,,1,22,,53700,16213,,,1,11,,53670,16213,,,1,50,,53658,16213,,,1,14,,53711,16213,,,1,16,,53680,16213,,,1,18,,53664,16213,,,1,55,,53702,16213,,,1,12,,53698,16213,,,1,16,,53662,16213,,,1,15,,53682,16213,,,1,55,,53701,16213,,,1,12,,53671,16213,,,1,21,,53689,16213,,,1,61,,53707,16213,,,1,27,,53699,16213,,,1,28,,53676,16213,,,1,71,,53703,16213,,,1,27,,53718,16213,,,1,73,,53720,16213,,,1,27,,53677,16213,,,1,52,,53716,16213,,,1,20,,53704,16213,,,1,29,,53719,16213,,,1,60,,53721,16213,,,1,92,,53667,16213,,,1,100,,53705,16213,,,1
2801,'DI',947,,56267,9889,,,1,100,,56262,9889,,,1,100,,56266,9889,,,1,101,,56263,9889,,,1,100,,56265,9889,,,1,100,,56261,9889,,,1,98,,56264,9889,,,1,99,,56260,9889,,,1,96,,56268,9889,,,1,105,,56269,9889,,,1
2801,'F1',947,,56277,9889,,,1,100,,56272,9889,,,1,100,,56276,9889,,,1,101,,56273,9889,,,1,100,,56275,9889,,,1,100,,56271,9889,,,1,98,,56274,9889,,,1,99,,56270,9889,,,1,96,,56278,9889,,,1,105,,56279,9889,,,1
2801,'F2',947,,56285,9889,,,1,100,,56283,9889,,,1,100,,56280,9889,,,1,101,,56286,9889,,,1,100,,45991,9889,,,1,100,,56288,9889,,,1,98,,56282,9889,,,1,96,,56281,9889,,,1,99,,56284,9889,,,1,105,,56287,9889,,,1
2801,'SA',947,,56294,9889,,,1,100,,56292,9889,,,1,100,,56289,9889,,,1,101,,56295,9889,,,1,100,,7052,9889,,,1,100,,56297,9889,,,1,98,,56291,9889,,,1,96,,56290,9889,,,1,99,,56293,9889,,,1,105,,56296,9889,,,1
2801,'SE',657,,56298,9889,,,1,63,,56333,11599,,,1,18,,56320,9889,,,1,21,,56330,11599,,,1,67,,56329,11599,,,1,21,,56319,9889,,,1,60,,56335,11599,,,1,24,,56300,9889,,,1,69,,56299,9889,,,1,30,,56315,9889,,,1,70,,56321,9889,,,1,30,,56312,9889,,,1,70,,56301,9889,,,1,30,,56322,9889,,,1,70,,56304,9889,,,1,30,,56302,9889,,,1,70,,56323,9889,,,1,31,,56305,9889,,,1,70,,56303,9889,,,1,21,,56317,9889,,,1,12,,56306,9889,,,1,17,,56310,9889,,,1,50,,56331,11599,,,1,17,,56324,9889,,,1,13,,56308,9889,,,1,15,,56325,9889,,,1,58,,56334,11599,,,1,13,,56307,9889,,,1,16,,56311,9889,,,1,13,,56332,11599,,,1,58,,56309,9889,,,1,14,,56314,9889,,,1,21,,56318,9889,,,1,61,,56327,9889,,,1,23,,56326,9889,,,1,100,,56313,9889,,,1,100,,56328,9889,,,1,100,,56316,9889,,,1
8101,'DI',646,,60482,19881,,,1,100,,60474,19881,,,1,100,,60484,19881,,,1,103,,60469,19881,,,1,100,,60487,19881,,,1,100,,60485,19881,,,1,100,,60471,19881,,,1,100,,60470,19881,,,1,100,,60478,19881,,,1,100,,60480,19881,,,1,100,,60488,19881,,,1,96,,60472,19881,,,1,108,,60483,19881,,,1,96,,60476,19881,,,1,100,,60475,19881,,,1,100,,60481,19881,,,1,100,,60477,19881,,,1,100,,60479,19881,,,1,100,,60473,19881,,,1
8101,'F1',646,,60502,19881,,,1,100,,60494,19881,,,1,100,,60504,19881,,,1,103,,60489,19881,,,1,100,,60507,19881,,,1,100,,60505,19881,,,1,100,,60491,19881,,,1,100,,60490,19881,,,1,100,,60498,19881,,,1,100,,60500,19881,,,1,100,,60508,19881,,,1,96,,60492,19881,,,1,108,,60503,19881,,,1,96,,60496,19881,,,1,100,,60495,19881,,,1,100,,60501,19881,,,1,100,,60497,19881,,,1,100,,60499,19881,,,1,100,,60493,19881,,,1
8101,'F2',646,,60529,19881,,,1,100,,60512,19881,,,1,100,,60510,19881,,,1,103,,60527,19881,,,1,100,,60513,19881,,,1,100,,60516,19881,,,1,100,,60517,19881,,,1,100,,60520,19881,,,1,100,,60518,19881,,,1,100,,60511,19881,,,1,100,,60509,19881,,,1,100,,60519,19881,,,1,104,,60521,19881,,,1,96,,60514,19881,,,1,100,,60515,19881,,,1,100,,60522,19881,,,1,100,,60524,19881,,,1,100,,60528,19881,,,1,100,,60523,19881,,,1,100,,60525,19881,,,1
8101,'SA',646,,60550,19881,,,1,100,,60533,19881,,,1,100,,60531,19881,,,1,103,,60548,19881,,,1,100,,60534,19881,,,1,100,,60537,19881,,,1,100,,60538,19881,,,1,100,,60541,19881,,,1,100,,60539,19881,,,1,100,,60532,19881,,,1,100,,60530,19881,,,1,100,,60540,19881,,,1,104,,60542,19881,,,1,96,,60535,19881,,,1,100,,60536,19881,,,1,100,,60543,19881,,,1,100,,60545,19881,,,1,100,,60549,19881,,,1,100,,60544,19881,,,1,100,,60546,19881,,,1
8101,'SE',617,,60564,19881,,,1,30,,60574,19881,,,1,62,,60553,19881,,,1,38,,60562,19881,,,1,70,,60552,19881,,,1,31,,60569,19881,,,1,69,,60559,19881,,,1,36,,60575,19881,,,1,98,,60554,19881,,,1,100,,60558,19881,,,1,100,,60560,19881,,,1,100,,60576,19881,,,1,100,,60577,19881,,,1,100,,60555,19881,,,1,71,,60557,19881,,,1,30,,60570,19881,,,1,70,,60578,19881,,,1,30,,60573,19881,,,1,70,,60551,19881,,,1,30,,60565,19881,,,1,70,,60567,19881,,,1,26,,60563,19881,,,1,100,,60556,19881,,,1,100,,60561,19881,,,1,100,,60571,19881,,,1,100,,60566,19881,,,1,100,,60579,19881,,,1,100,,60572,19881,,,1
8801,'DI',646,,61085,15485,,,1,70,,61081,15485,,,1,30,,61091,15485,,,1,70,,61099,15485,,,1,30,,61086,15485,,,1,70,,61082,15485,,,1,30,,61092,15485,,,1,69,,61100,15485,,,1,29,,61087,15485,,,1,70,,61083,15485,,,1,30,,61093,15485,,,1,70,,61101,15485,,,1,30,,61089,15485,,,1,70,,61084,15485,,,1,30,,61094,15485,,,1,71,,61098,15485,,,1,30,,61102,15485,,,1,71,,61080,15485,,,1,30,,61095,15485,,,1,69,,61078,15485,,,1,30,,61103,15485,,,1,70,,61090,15485,,,1,30,,61096,15485,,,1,72,,61079,15485,,,1,22,,61104,15485,,,1,106,,61097,15485,,,1,100,,61106,15485,,,1,100,,61105,15485,,,1,98,,61107,15485,,,1,100,,61088,15485,,,1,99,,61108,15485,,,1
8801,'F1',646,,61116,15485,,,1,70,,61112,15485,,,1,30,,61122,15485,,,1,70,,61130,15485,,,1,30,,61117,15485,,,1,70,,61113,15485,,,1,30,,61123,15485,,,1,69,,61131,15485,,,1,29,,61118,15485,,,1,70,,61114,15485,,,1,30,,61124,15485,,,1,70,,61132,15485,,,1,30,,61120,15485,,,1,70,,61115,15485,,,1,30,,61125,15485,,,1,71,,61129,15485,,,1,30,,61133,15485,,,1,71,,61111,15485,,,1,30,,61126,15485,,,1,69,,61109,15485,,,1,30,,61134,15485,,,1,70,,61121,15485,,,1,30,,61127,15485,,,1,72,,61110,15485,,,1,22,,61135,15485,,,1,106,,61128,15485,,,1,100,,61137,15485,,,1,100,,61136,15485,,,1,98,,61138,15485,,,1,100,,61119,15485,,,1,99,,61139,15485,,,1
8801,'F2',644,,61143,15485,,,1,70,,61149,15485,,,1,30,,61157,15485,,,1,69,,61160,15485,,,1,30,,61144,15485,,,1,70,,61150,15485,,,1,32,,61158,15485,,,1,67,,61161,15485,,,1,30,,61145,15485,,,1,69,,61151,15485,,,1,30,,61159,15485,,,1,71,,61162,15485,,,1,30,,61146,15485,,,1,71,,61152,15485,,,1,28,,61166,15485,,,1,71,,61163,15485,,,1,30,,61147,15485,,,1,70,,61153,15485,,,1,30,,61169,15485,,,1,70,,61140,15485,,,1,30,,61148,15485,,,1,71,,61142,15485,,,1,28,,61170,15485,,,1,72,,61141,15485,,,1,21,,61165,15485,,,1,109,,61167,15485,,,1,100,,61154,15485,,,1,100,,61168,15485,,,1,100,,61155,15485,,,1,95,,61164,15485,,,1,100,,61156,15485,,,1
8801,'SA',644,,61174,15485,,,1,70,,61180,15485,,,1,30,,61188,15485,,,1,69,,61191,15485,,,1,30,,61175,15485,,,1,70,,61181,15485,,,1,32,,61189,15485,,,1,67,,61192,15485,,,1,30,,61176,15485,,,1,69,,61182,15485,,,1,30,,61190,15485,,,1,71,,61193,15485,,,1,30,,61177,15485,,,1,71,,61183,15485,,,1,28,,61197,15485,,,1,71,,61194,15485,,,1,30,,61178,15485,,,1,70,,61184,15485,,,1,30,,61200,15485,,,1,70,,61171,15485,,,1,30,,61179,15485,,,1,71,,61173,15485,,,1,28,,61201,15485,,,1,72,,61172,15485,,,1,21,,61196,15485,,,1,109,,61198,15485,,,1,100,,61185,15485,,,1,100,,61199,15485,,,1,100,,61186,15485,,,1,95,,61195,15485,,,1,100,,61187,15485,,,1
8801,'SE',642,,61216,15485,,,1,60,,61203,15485,,,1,15,,61231,15485,,,1,12,,61217,15485,,,1,7,,61218,15485,,,1,21,,61220,15485,,,1,49,,61208,15485,,,1,12,,61221,15485,,,1,11,,61202,15485,,,1,10,,61244,15485,,,1,19,,61243,15485,,,1,58,,61214,15485,,,1,30,,61219,15485,,,1,70,,61209,15485,,,1,30,,61205,15485,,,1,70,,61232,15485,,,1,30,,61242,15485,,,1,70,,61207,15485,,,1,30,,61239,15485,,,1,70,,61240,15485,,,1,30,,61204,15485,,,1,70,,61235,15485,,,1,33,,61241,15485,,,1,69,,61206,15485,,,1,9,,61222,15485,,,1,2,,61212,15485,,,1,2,,61233,15485,,,1,7,,61213,15485,,,1,20,,61237,15485,,,1,58,,61246,15485,,,1,12,,61236,15485,,,1,15,,61215,15485,,,1,60,,61248,15485,,,1,12,,61210,15485,,,1,15,,61245,15485,,,1,14,,61223,15485,,,1,56,,61234,15485,,,1,12,,61238,15485,,,1,17,,61247,15485,,,1,17,,61227,15485,,,1,67,,61249,15485,,,1,32,,61224,15485,,,1,70,,61250,15485,,,1,27,,61228,15485,,,1,70,,61211,15485,,,1,30,,61225,15485,,,1,101,,61229,15485,,,1,98,,61226,15485,,,1,100,,61230,15485,,,1
60801,'SE',1524,,63490,11080,,,2,2,,63491,11080,,,2
